andar
1.1707,-6.218,11.095,-0.198,-1.7776,0.2844
-0.0981,-8.6457,13.5203,-0.0447,-1.6298,0.1585
-0.1771,-11.0662,11.6026,0.381,-1.3042,0.0724
-0.1771,-11.0662,11.6026,0.6937,-1.3928,0.0413
0.2801,-11.2961,11.3272,0.7774,-2.1662,-0.0063
1.0989,-10.5108,10.1732,0.921,-2.8705,-0.0136
2.3415,-9.2634,8.7487,1.0022,-2.796,0.0248
1.9656,-8.5739,7.949,0.9998,-2.6231,0.0871
1.7812,-7.3361,6.8429,0.9259,-2.3231,0.1579
2.4181,-5.6937,5.9738,0.8006,-1.8644,0.2355
3.5865,-3.6846,6.048,0.6412,-1.267,0.2978
4.2784,-3.4045,6.5604,0.4366,-0.4765,0.3534
5.3896,-4.7572,8.0112,0.3627,-0.2926,0.3998
8.8899,-9.182,6.3784,0.3443,-0.4643,0.4676
7.5923,-17.6099,-3.6343,0.3553,-0.7447,0.4206
7.0033,-18.5796,-1.9632,0.2521,-0.7966,0.2147
4.8745,-23.3727,7.5516,-0.2738,-0.1582,-0.0484
2.1068,-18.3784,5.0951,-0.3947,1.3212,-0.3807
1.5346,-1.3144,-8.6649,0.2142,1.6517,-0.4974
1.7717,-0.8188,-8.8061,0.2942,1.466,-0.4095
6.0193,0.7038,-4.6854,-0.2671,1.4299,-0.0106
6.9219,-1.1635,0.9337,-1.2127,1.8606,0.3058
-1.1085,-8.6242,-4.3502,-2.0172,2.1556,0.2832
-1.1085,-8.6242,-4.3502,-2.0135,1.9162,0.2654
-3.6176,-12.4884,-5.9594,-2.2963,2.0683,0.4823
-2.8227,-14.3487,-2.2098,-2.9775,2.692,0.7969
-2.229,-15.8478,2.8131,-3.5016,3.1244,0.938
-3.0358,-15.9459,2.6072,-3.6555,3.1837,0.8116
-4.0222,-14.6528,0.0167,-3.3385,2.9247,0.3925
-3.4548,-12.3807,-0.316,-3.1784,2.7115,0.2166
-1.2378,-9.3759,1.039,-3.1992,2.4531,0.1561
-0.1723,-8.5859,1.0965,-3.2444,2.0145,0.1201
-0.1723,-8.5859,1.0965,-3.2517,1.4788,-0.3038
2.0159,-6.8429,0.972,-3.2517,1.4788,-0.3038
2.4636,-7.8221,0.7086,-3.333,1.615,-0.6599
2.4636,-7.8221,0.7086,-3.3195,1.4391,-1.4467
1.5227,-9.7327,-0.1077,-3.3195,1.4391,-1.4467
0.5075,-10.3863,0.1675,-3.2133,1.3517,-1.8633
-0.2274,-12.9361,0.6775,-3.0911,1.1459,-2.1132
-0.2274,-12.9361,0.6775,-2.1229,0.0347,-1.33
1.5298,-14.1859,0.3351,-2.1229,0.0347,-1.33
0.6895,-13.1636,0.3184,-1.6928,-0.7746,-0.6953
-1.1779,-9.4238,1.154,-1.4479,-1.4056,-0.5567
-1.1923,-9.2299,1.2066,-1.3238,-1.4087,-0.517
-0.7278,-7.8556,1.81,-1.4668,-0.6756,-0.2934
0.3351,-7.02,1.7741,-1.6592,-0.0746,-0.0717
1.2952,-6.6202,1.6472,-1.8235,0.5344,0.1091
1.5729,-6.4335,1.3311,-1.9561,1.0835,0.1952
1.9991,-6.886,0.7158,-2.0184,1.4721,0.2105
1.7812,-7.4366,-0.2274,-2.0196,1.6712,0.1757
1.7812,-7.4366,-0.2274,-1.7661,1.5478,-0.0765
0.5961,-7.8197,-2.4037,-1.7661,1.5478,-0.0765
0.4836,-7.8365,-3.1387,-1.7215,1.3621,-0.1749
0.2489,-7.6785,-3.4787,-1.7618,1.0328,-0.2506
-0.2753,-8.0017,-3.098,-1.8339,0.783,-0.3355
-0.292,-8.1956,-3.0095,-1.8968,0.7457,-0.3936
-0.0574,-9.1054,-2.3942,-1.9512,0.9278,-0.3966
0.5363,-10.2019,-1.1133,-1.9549,0.9797,-0.3545
0.7852,-12.2298,4.2999,-1.9439,0.954,-0.2891
0.7852,-12.2298,4.2999,-1.9158,0.9021,-0.2268
0.1795,-12.7422,5.4518,-1.7948,0.7054,-0.1224
-0.3567,-13.0822,5.0185,-1.3623,0.5527,0.0388
-1.3886,-13.7047,1.5011,-1.0722,0.6309,0.1188
-1.3886,-13.7047,1.5011,-0.8694,0.8111,0.15
-1.3934,-14.1835,0.565,-0.746,1.086,0.1201
-1.1899,-14.2074,0.6057,-0.6446,1.4146,0.0498
-0.4118,-14.5187,1.5873,-0.548,1.4788,-0.0509
-0.2801,-14.2912,1.4197,-0.4185,1.0047,-0.2146
-0.7134,-13.9632,1.2042,-0.2988,0.5576,-0.3245
-0.9696,-14.4828,1.2737,-0.1241,0.2668,-0.374
-0.6943,-15.5748,1.5729,0.1525,0.1007,-0.3123
-1.0965,-15.2516,1.6065,0.4897,-0.0831,-0.1376
-1.8602,-14.4086,1.9512,0.8116,-0.2108,0.0358
-1.944,-13.3647,2.1547,1.2496,0.0371,0.343
0.1771,-13.4365,0.7517,1.6351,0.2687,0.5177
0.3663,-13.5897,0.6416,2.0981,0.3866,0.6582
1.8148,-13.8986,-0.395,2.5416,0.3676,0.7786
2.6024,-14.6863,-1.6974,2.9057,0.2839,0.8763
3.8474,-17.5453,-3.4428,3.2435,0.108,1.0345
4.0509,-17.6769,-3.5266,3.3278,0.0237,1.0406
6.862,-19.0799,-3.2992,3.3596,-0.0935,1.0357
8.514,-19.2619,-2.9424,3.3333,-0.3672,0.9881
8.5116,-17.0161,-3.5027,3.3296,-0.5584,0.8146
8.4757,-16.8892,-3.4644,3.3748,-0.6323,0.5739
7.6713,-15.4072,-3.098,3.3498,-0.3953,0.5434
5.7368,-14.1572,-2.3989,3.2649,0.0494,0.6197
2.4109,-13.7717,-3.5362,3.1054,0.5099,0.5495
1.5514,-14.2649,-0.9313,2.8849,0.6633,0.5147
0.6847,-14.1045,3.8019,2.3803,-0.1949,0.6106
1.7046,-12.9984,3.7205,2.0328,-2.2517,0.7303
-0.8212,-10.3528,0.0574,2.4353,-2.1943,0.6259
-0.972,-9.5028,-1.1827,2.9069,-1.0849,0.3888
-0.3064,-7.9753,-2.5306,3.1665,-0.0953,0.3027
0.1412,-6.9219,-2.0973,3.2838,0.353,0.2972
-0.1125,-4.5992,-2.454,3.307,0.5087,0.2844
-0.1244,-4.2808,-2.3056,3.3376,-0.2725,0.3577
-0.3663,-3.7086,-2.2912,3.3241,-0.9163,0.4408
-0.6368,-3.6583,-2.6839,3.3956,-1.3787,0.5336
-0.5339,-2.8586,-1.719,3.3956,-1.8864,0.6088
-0.5339,-2.8586,-1.719,3.1415,-2.2028,0.5886
0.2011,-2.4732,-1.4628,2.6064,-2.0275,0.4664
0.3711,-2.363,-1.5801,2.3296,-1.8479,0.3589
0.6703,-3.0166,-2.3127,2.1116,-1.6823,0.2135
0.6392,-3.0166,-2.4827,1.9185,-1.5822,0.1274
1.7693,-2.1954,-2.308,1.7402,-1.5687,0.1158
1.2569,-0.5913,-2.059,1.5154,-1.6078,0.2722
-0.0335,0.0311,-1.5059,1.1922,-1.518,0.2997
-0.4501,-0.4237,-0.9648,0.9589,-1.2218,0.23
-0.1723,-1.4317,0.2896,0.618,-0.8461,0.2477
-0.1412,-1.9584,1.9057,0.2222,-0.65,0.4066
0.3184,-3.3542,6.9626,-0.1864,-0.6628,0.5715
0.9265,-4.4436,10.4414,-0.5627,-0.7917,0.7193
1.367,-8.052,17.7105,-0.8571,-0.9182,0.85
-0.1221,-12.3998,17.0066,-0.4943,-0.8253,0.7431
-0.7589,-18.1558,16.9347,0.0988,-0.9603,0.53
-0.5937,-18.2515,16.7983,0.4366,-1.5693,0.3247
-0.2298,-15.9124,13.7334,0.8782,-2.0012,0.1634
0.1292,-12.5818,11.8946,1.7383,-2.099,-0.002
3.3327,-8.0376,6.8692,2.0254,-2.1442,0.04
3.3327,-8.0376,6.8692,2.0596,-2.0214,0.1775
5.0831,-6.9003,5.2579,1.8385,-1.7367,0.2905
6.9554,-7.1278,5.7248,1.4433,-1.3219,0.3534
0.7852,-11.0806,12.4094,1.0566,-1.022,0.3271
0.0119,-11.0279,12.5746,0.6284,-1.278,-0.1242
-2.8754,-7.8676,4.1994,0.8623,-1.5871,-0.3753
0.6655,-2.0925,-10.3264,1.4213,-1.6726,-0.1993
4.9658,1.4149,-11.2937,1.1446,-1.3647,0.0333
5.8134,-1.1971,-3.3399,-0.1779,-0.4075,0.1921
7.056,-6.9482,2.8993,-1.2347,0.7531,0.2832
9.0958,-7.8077,3.6655,-1.1546,2.3364,0.2673
3.9624,-13.7693,2.3439,-1.0209,2.3596,0.1964
-1.4748,-14.1548,-5.2795,-1.0697,1.0909,0.0626
-6.3042,-13.5873,-9.4837,-1.2866,0.4763,0.0791
-2.3439,-13.5083,-1.7022,-2.3672,2.0341,0.4774
0.5698,-14.162,1.1587,-3.6164,3.4348,1.1384
0.486,-14.1189,0.7565,-3.5627,3.213,1.1506
-0.213,-12.838,-2.2553,-3.369,2.9381,0.946
0.1197,-11.7941,-1.731,-3.4497,2.5466,0.6845
0.9433,-11.66,0.0407,-3.6696,2.097,0.4133
0.9816,-11.6265,0.1005,-3.7056,1.8086,0.073
1.2186,-10.506,0.3088,-3.5608,1.648,-0.5157
1.6903,-9.3688,-0.1316,-3.3959,1.571,-0.8175
0.79,-8.7846,0.4644,-3.3,1.4305,-1.0307
0.6799,-8.7846,0.5363,-3.355,1.359,-1.2072
-0.4237,-8.8923,0.9433,-3.5358,1.3175,-1.3178
-1.118,-9.4023,1.0845,-3.7184,1.3945,-1.148
-0.7757,-10.1086,1.1803,-3.7178,1.3823,-0.8768
-0.0287,-10.4821,1.7022,-3.6567,1.0102,-0.407
0.4572,-10.7119,2.4516,-3.4869,0.4965,-0.0649
-0.2154,-10.8915,2.1763,-3.1173,-0.0752,-0.1608
-1.3359,-11.5882,1.4532,-2.534,-0.3922,-0.4314
-1.3431,-11.3847,1.5203,-1.6989,-0.8119,-0.6825
-0.541,-9.5004,1.561,-1.3654,-1.0464,-0.7015
0.2681,-7.6665,2.0063,-1.2267,-1.1295,-0.5958
1.5682,-5.6889,2.3319,-1.2829,-1.0403,-0.4565
1.5753,-5.5931,2.1715,-1.4155,-0.7398,-0.3478
1.4987,-5.8421,1.0797,-1.515,-0.2853,-0.2372
1.221,-6.4814,0.1723,-1.6042,0.4892,-0.1248
1.2473,-7.8844,-1.8363,-1.6238,0.907,-0.0845
1.2473,-7.8844,-1.8363,-1.5957,1.1685,-0.068
1.6352,-7.8101,-2.3965,-1.5291,1.2082,-0.0796
1.8818,-7.6378,-2.4779,-1.5322,0.9901,-0.1248
2.1116,-7.7287,-2.873,-1.5798,0.6376,-0.2427
2.1116,-7.7287,-2.873,-1.6415,0.7549,-0.4088
2.2625,-8.0352,-2.8682,-1.6415,0.7549,-0.4088
1.8363,-8.842,-2.9233,-1.6531,0.7415,-0.4797
1.5945,-10.5299,-2.0422,-1.6574,0.6083,-0.5402
1.4532,-11.6145,-0.9792,-1.6494,0.5118,-0.5377
1.2401,-12.498,0.304,-1.5902,0.4537,-0.4406
0.5985,-12.3495,1.731,-1.5285,0.5527,-0.305
-0.1125,-11.4924,2.6192,-1.501,0.8184,-0.1224
-0.3567,-11.4517,2.4037,-1.4289,1.1043,0.0749
-0.3567,-11.4517,2.4037,-1.0221,1.5796,0.2581
-1.1659,-12.6943,-0.1029,-1.0221,1.5796,0.2581
-1.0797,-13.7382,-0.2489,-0.8743,1.6064,0.1928
-0.9265,-13.8723,-0.0694,-0.7735,1.6132,0.0663
-0.0263,-14.0901,0.6751,-0.705,1.6034,-0.0539
-0.1484,-14.4636,1.0271,-0.6385,1.4647,-0.1505
-2.4827,-15.515,0.0287,-0.5737,1.155,-0.2726
-2.7389,-15.6682,-0.1412,-0.4387,0.6828,-0.3649
-2.5929,-15.7496,-0.5865,-0.2762,0.5674,-0.3056
-0.7038,-15.7041,0.5817,-0.0471,0.5631,-0.1572
-0.3016,-15.5868,3.347,0.1415,0.5014,0.0327
-0.3016,-15.5868,3.347,0.3022,0.3108,0.1476
-0.407,-14.229,2.8802,0.6858,0.2454,0.2245
-1.0797,-13.245,2.3942,1.0658,0.3554,0.3687
-1.0247,-12.5004,2.0661,1.4995,0.5588,0.434
-0.4022,-12.2035,1.4652,1.9527,0.6333,0.5348
0.6871,-12.1197,-0.0143,2.3974,0.4556,0.6301
1.2401,-12.4357,-0.3399,2.8006,0.1618,0.6766
1.64,-14.6456,-1.3263,3.26,-0.2377,0.6802
2.0614,-15.424,-1.8339,3.4976,-0.4563,0.6509
3.8402,-16.487,-3.0502,3.643,-0.4203,0.6191
5.4016,-16.657,-3.1986,3.618,-0.2047,0.6039
6.1414,-15.2612,-3.5649,3.439,-0.0312,0.5422
6.048,-15.163,-3.4979,3.2447,0.0646,0.4212
5.3657,-14.1859,-2.3127,2.9491,0.0805,0.216
5.0975,-13.1995,-1.7477,2.8104,0.2583,0.2001
3.1675,-13.0989,-2.9233,2.7334,0.4544,0.343
3.1675,-13.0989,-2.9233,2.6626,0.5289,0.5519
1.8363,-13.2138,-0.1891,2.4909,0.257,0.6857
0.9911,-13.4892,1.9608,1.9827,-0.8827,0.7205
-0.5171,-11.3057,2.2098,1.8721,-1.6683,0.6906
-0.5171,-11.3057,2.2098,2.0951,-1.7092,0.679
-1.4341,-10.3001,0.0119,2.5508,-1.0128,0.6161
-0.984,-8.7343,-1.1731,2.9692,-0.8137,0.5959
0.0119,-6.7375,-0.6464,3.227,-0.6036,0.5941
0.8379,-5.8038,-0.8068,3.3846,-0.1558,0.5953
1.4748,-4.3023,-1.0773,3.4622,-0.3268,0.6185
1.7525,-3.5577,-1.3599,3.3675,-0.7923,0.599
1.0486,-3.5506,-1.379,3.1812,-1.4643,0.5959
0.9816,-3.5577,-1.0726,2.921,-2.0324,0.566
1.1444,-3.6272,-0.4453,2.6119,-2.1319,0.577
1.1133,-3.5984,-0.5219,2.3376,-1.9151,0.6564
0.3327,-3.7205,-0.4501,2.0633,-1.9572,0.6821
0.3663,-3.881,-0.3447,1.9008,-2.0232,0.6033
-0.237,-5.8852,-0.9193,1.7273,-1.901,0.5367
1.3335,-4.6926,0.158,1.6027,-1.8027,0.5061
-0.1268,-1.3646,-0.723,1.403,-1.7459,0.6228
-0.1268,-1.3646,-0.723,1.3229,-1.9102,0.4176
-0.5099,-1.6424,-0.1699,1.1953,-1.8027,0.1628
-0.2896,-2.3965,0.7062,0.9509,-1.5333,0.1066
0.5554,-3.9073,4.7237,0.6522,-1.3513,0.2111
0.5554,-3.9073,4.7237,0.3419,-1.2737,0.3589
1.47,-5.3465,9.3855,0.0658,-1.2022,0.4799
2.0925,-7.1445,13.2186,-0.0826,-0.942,0.5709
1.6017,-9.7423,13.4485,0.1281,-0.8033,0.522
1.0366,-10.9322,12.838,0.5044,-0.9041,0.3956
0.3375,-12.8236,12.6009,0.7787,-1.2486,0.2514
0.8499,-12.8332,11.4565,0.9735,-1.5846,0.1414
1.798,-10.5874,9.8691,1.2026,-1.7324,0.0736
2.0781,-9.7159,9.4406,1.4249,-1.7129,0.0455
2.5187,-7.7024,7.9442,1.4372,-1.5932,0.1353
3.1244,-5.902,6.1821,1.3474,-1.474,0.2129
3.201,-0.6009,2.7629,1.1549,-1.3042,0.2697
3.0933,-0.1675,2.4827,0.8538,-1.1857,0.3308
2.4253,-0.4788,3.9671,0.2441,-1.2847,0.4322
0.4429,-2.8251,5.5213,-0.1791,-1.5852,0.4762
1.6759,-11.4828,-1.0055,-0.3349,-1.9249,0.5043
1.6759,-11.4828,-1.0055,-0.3996,-1.9475,0.6888
3.8977,-16.7193,-0.7948,-0.5988,-1.1827,0.8464
8.6385,-23.945,15.412,-1.1931,0.6193,0.9557
5.6506,-12.3471,-0.541,-1.377,3.2735,0.7016
5.0041,-10.5443,-1.4748,-0.0875,3.3236,0.2141
2.4468,-0.6607,-6.5197,0.4201,1.5936,-0.1559
1.6735,3.1531,-11.0686,-0.1259,0.6956,0.0907
8.933,0.7757,-2.703,-0.9549,1.1306,0.4096
12.17,-2.1739,7.7742,-2.1088,2.0615,0.7321
12.17,-2.1739,7.7742,-1.9243,0.265,0.3021
-3.3375,-11.1788,-6.8836,-1.9243,0.265,0.3021
-2.8898,-15.6514,-3.0166,-2.4032,1.1324,0.241
-2.5258,-16.5565,0.225,-3.19,2.6003,0.3552
-1.9943,-16.3122,2.4947,-3.5505,3.4183,0.1628
-2.442,-15.1606,1.956,-3.1387,3.3682,-0.2219
-2.3199,-10.9609,0.2059,-2.9139,2.7463,-0.4162
-2.1188,-10.7622,0.2322,-2.8962,2.0988,-0.4186
-0.0837,-9.3161,0.7158,-2.9958,1.5948,-0.2683
0.7829,-8.1669,0.8068,-3.1461,1.0487,-0.203
0.0814,-7.7192,0.6033,-3.2914,0.5851,-0.3026
0.0814,-7.7192,0.6033,-3.5144,0.3346,-0.622
0.395,-8.0639,0.4261,-3.5144,0.3346,-0.622
0.3998,-8.6385,0.5051,-3.4924,0.6285,-0.5909
2.1739,-8.9857,1.3048,-3.4405,0.8331,-0.5316
2.1739,-8.9857,1.3048,-3.3287,0.7274,-0.3991
1.0247,-8.9091,1.142,-2.9842,0.2381,-0.3826
-0.043,-9.6082,0.5363,-2.5456,0.0768,-0.6758
-0.8882,-10.4988,-0.2106,-2.1058,-0.0257,-0.8395
-0.9361,-10.518,-0.5458,-1.8058,-0.0819,-0.8731
-0.7805,-10.0703,-0.7948,-1.6971,-0.1057,-0.7851
-0.3567,-9.2347,-0.237,-1.7441,-0.0208,-0.6245
0.2944,-8.3033,0.3303,-2.0233,0.2815,-0.4052
0.7302,-8.2459,0.6248,-2.0972,0.5203,-0.3105
1.1492,-8.4422,0.7781,-2.0685,0.5991,-0.2372
1.0917,-8.5859,0.8212,-1.9457,0.6187,-0.1993
0.4118,-8.8349,0.4596,-1.8266,0.557,-0.1822
0.3495,-8.8372,0.4118,-1.7515,0.3743,-0.1505
-0.7374,-9.1293,-0.383,-1.7343,0.3212,-0.1535
-1.5275,-9.3592,-0.9744,-1.7166,0.4024,-0.1633
-1.8267,-10.269,-0.1987,-1.6733,0.6095,-0.1382
-1.8267,-10.269,-0.1987,-1.6409,0.8135,-0.0863
-0.9504,-10.2738,0.5099,-1.5621,0.8801,0.037
-0.7972,-10.506,0.972,-1.4436,0.7958,0.0914
-0.9145,-10.3911,0.8786,-1.3642,0.6663,0.0962
-0.9145,-10.3911,0.8786,-1.3031,0.546,0.1152
-0.328,-11.0758,-0.2394,-1.1589,0.5387,0.172
0.6799,-11.4326,-1.2425,-0.9757,0.5295,0.183
0.6799,-11.4326,-1.2425,-0.6696,0.017,0.161
3.3854,-11.9521,-1.1779,-0.6696,0.017,0.161
3.5649,-12.2346,-0.4189,-0.5926,0.0591,0.0663
2.9328,-12.4932,-0.5889,-0.5554,0.1202,-0.057
0.9385,-13.3288,-1.6615,-0.4918,0.2125,-0.181
0.632,-13.6616,-1.4676,-0.4308,0.3157,-0.2946
0.711,-14.1141,-0.6344,-0.457,0.4079,-0.3184
0.4189,-14.3104,-0.1268,-0.4528,0.4085,-0.2793
-0.9097,-15.345,-0.4333,-0.3642,0.3994,-0.2647
-0.9552,-15.4647,-0.4141,-0.1828,0.3756,-0.228
-0.9265,-15.8454,0.4979,0.0474,0.3004,-0.1315
-0.9097,-15.5341,2.0446,0.2429,0.2638,0.0113
-2.6934,-13.4461,3.1651,0.4995,0.2021,0.2111
-2.8299,-13.1947,3.1579,0.7896,0.064,0.2294
-2.1284,-12.1508,2.6623,1.1782,-0.0232,0.2062
-0.5746,-11.3583,2.5809,1.6021,-0.0458,0.1805
1.8339,-12.3088,0.5075,1.9741,-0.0281,0.1763
1.8914,-12.474,0.3447,2.4866,0.0109,0.1763
1.9752,-14.3032,-0.8667,2.8354,0.0891,0.2044
2.0183,-15.74,-2.2337,3.0724,0.0524,0.1512
2.9305,-15.8693,-4.094,3.2197,-0.143,0.1384
3.4428,-15.5964,-4.3646,3.2606,-0.3036,0.2227
4.5992,-14.8446,-3.268,3.1806,-0.3128,0.3436
5.3561,-14.2912,-2.2697,2.9503,-0.212,0.5379
5.6506,-14.5426,-0.893,2.8648,-0.1167,0.6033
5.8277,-14.5235,-0.3806,2.8269,0.097,0.6442
5.9474,-14.6288,0.0478,2.8031,0.287,0.6619
5.1526,-14.8159,-0.9624,2.8067,0.4128,0.6326
1.6136,-13.9848,1.0845,2.7743,0.4476,0.5666
1.3551,-13.8435,1.4748,2.3901,-0.2175,0.4279
0.0311,-12.8332,2.8562,2.1458,-0.7221,0.3772
0.1173,-12.0239,2.2313,2.1525,-0.9896,0.4188
-1.118,-9.1772,-0.2418,2.3266,-0.975,0.4829
-1.118,-9.1772,-0.2418,2.552,-0.628,0.467
-1.0965,-8.1956,-0.6727,2.8281,-0.1479,0.4603
-0.7996,-6.9267,-0.316,2.9747,-0.3091,0.497
0.4046,-3.8857,-1.0007,3.1372,-0.4001,0.4988
0.4644,-3.7493,-1.0199,3.3021,-0.5119,0.4731
0.972,-3.2202,-1.0989,3.3345,-0.6634,0.4004
0.7829,-2.9161,-1.3168,3.2514,-1.0055,0.2471
0.3878,-3.4189,-1.4772,2.9723,-1.7978,-0.0643
0.4141,-3.7205,-1.3694,2.7298,-1.9988,-0.1645
0.5195,-3.9193,-1.1156,2.4298,-1.9065,-0.159
0.8714,-3.9025,-0.96,2.139,-1.7862,-0.0979
1.2497,-3.8379,-0.7757,1.9265,-1.7703,-0.0283
1.3527,-3.8666,-0.7493,1.72,-1.6433,0.0089
1.1516,-4.0892,-0.7254,1.5893,-1.5296,-0.0026
0.814,-4.6399,-0.4309,1.4494,-1.46,-0.0161
0.3399,-3.8522,0.0287,1.2771,-1.5449,0.0101
0.2681,-3.4811,0.1508,1.0884,-1.6823,0.1133
0.0598,-2.4756,0.7805,0.7389,-1.6274,0.3119
0.5075,-3.517,1.8579,0.3254,-1.4594,0.3064
1.7788,-5.7104,8.6649,0.0536,-1.3262,0.3601
1.8411,-5.9067,9.2395,-0.1656,-1.2321,0.4738
1.6304,-8.0663,13.2785,-0.2084,-1.1851,0.5452
0.4525,-10.6592,13.3743,0.0285,-1.0965,0.5599
0.158,-12.9098,13.3407,0.4445,-1.1008,0.511
0.2154,-12.9313,13.2689,0.8013,-1.6158,0.3699
1.4556,-11.7175,11.3679,1.023,-1.8876,0.2331
2.1739,-9.7039,10.2546,1.2875,-1.9511,0.106
2.8586,-6.8357,8.617,1.4262,-1.8913,0.0406
3.0286,-5.5021,7.2738,1.4335,-1.6946,0.0736
3.5266,-3.6128,4.5705,1.2154,-1.2431,0.2068
4.343,-1.7621,2.9568,0.9265,-0.9811,0.3149
6.4047,-2.521,2.7102,0.5477,-0.7911,0.3858
7.0631,-4.7189,4.1443,0.1647,-0.7092,0.4279
7.8006,-10.348,6.7567,-0.1522,-0.9456,0.4206
7.9442,-16.4032,6.6585,-0.3049,-1.3561,0.3235
3.1028,-20.2627,1.5921,-0.2475,-1.1564,-0.0026
4.0821,-18.7711,1.6089,-0.2561,-0.2034,-0.2702
6.4574,-9.9817,1.0965,-0.2774,1.3309,-0.2818
8.1046,-3.8402,-2.047,-0.173,2.0286,-0.3221
7.4869,1.3024,-5.04,-0.1882,1.6602,-0.2861
7.6569,1.2186,-4.3957,-0.9182,1.2277,-0.2262
9.8141,-1.9608,3.3686,-1.5658,1.7115,-0.1669
5.9618,-7.1493,2.0757,-1.8241,1.6871,-0.1908
-6.3784,-12.6177,-6.6873,-1.6415,1.3377,-0.3178
-6.3784,-12.6177,-6.6873,-1.8529,1.4971,-0.2415
-2.533,-14.859,-0.2513,-2.5608,2.5008,0.1549
-1.4269,-15.8023,4.3311,-3.3538,3.7017,0.5275
-2.9544,-15.0505,3.4524,-3.2359,3.6449,0.2648
-2.9544,-15.0505,3.4524,-2.6989,2.513,-0.1193
-3.541,-10.5012,1.2282,-2.6989,2.513,-0.1193
-2.5641,-8.9187,1.5586,-2.7142,2.0188,-0.035
-1.2282,-7.4127,1.4891,-2.7991,1.7243,0.1225
-0.8283,-7.3672,1.312,-2.928,1.4446,0.2337
-0.4908,-7.4989,0.8092,-3.0691,1.2021,0.2068
0.0909,-8.095,0.6464,-3.2194,1.089,0.1066
0.3782,-9.1772,0.2992,-3.3495,1.1972,-0.0374
0.3782,-9.1772,0.2992,-3.4576,1.4397,-0.7381
-1.2162,-10.02,0.7182,-3.4576,1.4397,-0.7381
-1.4125,-10.4318,1.1947,-3.4185,1.4605,-0.9006
0.1795,-11.3368,0.5554,-3.242,1.298,-0.768
0.4692,-11.3847,0.462,-2.8889,1.1159,-0.5078
1.221,-10.8987,0.1867,-2.4961,0.7189,-0.2659
1.6927,-10.415,0.1436,-2.1607,0.0384,-0.1847
2.0446,-9.1365,-0.3663,-1.8205,-0.8589,-0.2372
2.0446,-9.1365,-0.3663,-1.7826,-1.0012,-0.2543
2.7676,-8.5116,0.1029,-1.9158,-0.8601,-0.1981
3.1244,-8.5284,0.8786,-2.0618,-0.5229,-0.1199
2.8323,-8.7199,1.4365,-2.1161,-0.0416,-0.0833
2.3032,-8.7391,1.1372,-2.0056,0.5216,-0.1211
1.1827,-8.7319,0.5554,-1.8492,0.8276,-0.1828
0.4381,-8.4231,-0.2178,-1.7301,1.089,-0.2183
-0.3399,-7.5109,-1.3287,-1.6696,1.2876,-0.225
-0.5099,-7.3816,-1.7381,-1.6794,1.3242,-0.2158
-0.5099,-7.3816,-1.7381,-1.7282,1.246,-0.2861
-0.9504,-7.4031,-2.6551,-1.7282,1.246,-0.2861
-1.2234,-8.6266,-2.6743,-1.7014,1.0487,-0.3459
-1.1587,-8.9187,-2.4851,-1.6733,0.7891,-0.3985
-0.8738,-9.85,-1.2234,-1.6781,0.499,-0.4272
-0.6536,-10.8053,-0.1628,-1.6904,0.3236,-0.4235
0.043,-11.5427,1.98,-1.6598,0.2888,-0.4058
0.1221,-11.5618,2.0973,-1.5945,0.3896,-0.2873
0.632,-11.9928,2.6168,-1.5126,0.3597,-0.1908
1.0917,-12.5291,2.4109,-1.3813,0.2705,-0.1248
0.3016,-14.241,1.3383,-1.2212,0.2387,-0.1022
0.3016,-14.241,1.3383,-0.9066,0.9101,-0.236
-1.1899,-14.8518,0.7589,-0.9066,0.9101,-0.236
-1.9273,-14.744,-0.0167,-0.8162,1.1501,-0.3007
-2.2936,-13.9824,-0.8236,-0.7148,1.1605,-0.3313
-2.1715,-13.7549,-0.7637,-0.6415,0.9559,-0.3343
-1.6663,-14.2074,-1.0654,-0.5884,0.6914,-0.3355
-0.8834,-14.7776,-1.8842,-0.498,0.4452,-0.3019
1.2258,-15.1008,-1.0199,-0.264,0.2424,-0.1388
2.0398,-15.1965,0.96,-0.1363,0.1153,-0.0191
2.1404,-14.7608,3.7804,-0.0728,-0.1424,0.0706
0.8499,-14.4828,4.4053,0.1232,-0.4111,0.1036
-0.1987,-12.8451,2.9185,0.5233,-0.5486,0.1017
-0.1987,-12.8451,2.9185,1.8067,0.0011,0.2196
0.1771,-12.0838,1.9153,1.8067,0.0011,0.2196
0.656,-12.5339,1.0989,2.2533,0.2674,0.288
0.4716,-14.9643,-0.9457,2.6882,0.3426,0.4231
0.4525,-15.0912,-1.1396,3.0743,0.2057,0.5513
0.9528,-15.5461,-3.4093,3.3883,0.0048,0.5886
1.9584,-15.2851,-5.0472,3.6448,-0.0996,0.6711
5.4495,-15.005,-4.0007,3.5306,-0.019,0.7535
5.6027,-15.0697,-3.8163,3.2618,0.1147,0.8146
6.5197,-15.6107,-3.2561,3.0437,0.2002,0.8061
8.0376,-16.3314,-3.2321,2.9601,0.1068,0.7431
8.0376,-16.3314,-3.2321,2.8733,-0.0336,0.9869
9.1293,-15.9507,-0.8738,2.8733,-0.0336,0.9869
6.3664,-14.6791,-1.865,2.8489,-0.0843,0.7731
3.6152,-13.1636,-2.1428,2.8116,-0.4496,0.387
-1.6304,-12.5435,2.6264,2.6222,-1.1265,0.1176
-1.7932,-12.7206,3.2393,2.3693,-1.81,0.073
-0.4165,-12.2466,2.557,2.4402,-2.438,0.4194
-1.5682,-11.4182,0.8714,2.7676,-1.6683,0.5825
-2.3151,-9.4502,-1.5346,3.0529,-0.4857,0.566
-2.3008,-9.0815,-1.2856,3.1622,-0.1485,0.6307
-1.3742,-7.5252,-0.8236,3.1005,-0.0574,0.7596
-0.8978,-6.1055,-1.13,3.0804,-0.0385,0.9062
-0.4213,-3.0071,-1.4915,3.1684,-0.694,0.9905
-0.3016,-2.9137,-1.4844,3.2148,-1.1662,0.9417
-0.0766,-1.9249,-2.387,3.2282,-1.5541,0.8323
-0.1747,-1.8459,-2.7605,3.2563,-2.0177,0.6619
0.213,-2.7198,-1.6591,3.1012,-2.3048,0.4542
0.213,-2.7581,-1.6591,2.6192,-2.2706,0.3388
0.8307,-3.1962,-1.5011,2.2985,-2.1869,0.4261
1.0558,-3.5817,-1.5538,2.045,-2.2162,0.5012
0.9193,-3.7828,-1.5586,1.8281,-2.2217,0.5385
0.4764,-4.7357,-1.3599,1.6235,-2.157,0.5361
1.3215,-4.5202,-1.2785,1.4433,-2.0367,0.5501
0.9888,-2.7748,-0.7972,1.1678,-1.9053,0.7829
0.4644,-2.3678,-0.6991,0.9827,-1.6506,0.7596
0.4213,-2.3726,-0.213,0.8122,-1.3329,0.668
0.3902,-2.4612,1.5227,0.5386,-0.967,0.7004
0.577,-3.0789,4.8362,0.2417,-0.7825,0.7383
1.6448,-6.6298,13.889,-0.0233,-0.7062,0.7786
1.7669,-7.2307,14.3774,-0.1107,-0.5932,0.7896
1.9847,-9.4238,12.5794,0.2069,-0.5413,0.715
1.1611,-11.5451,12.8595,0.497,-0.7887,0.5813
0.632,-13.0175,12.1915,0.4805,-1.4142,0.3931
0.6607,-12.8092,11.9306,0.5429,-2.1472,0.2575
1.3311,-11.083,10.2474,0.9521,-2.5889,0.1653
1.8267,-9.3496,9.0575,1.1232,-2.6041,0.2471
2.4468,-5.9259,6.2156,1.1861,-2.4331,0.373
2.4468,-5.9259,6.2156,1.0346,-1.4521,0.4762
3.869,-4.8482,5.7511,1.0346,-1.4521,0.4762
5.3824,-5.2005,6.2276,0.8385,-0.8021,0.4475
7.633,-8.9091,8.0065,0.4775,-0.2157,0.4683
6.8596,-12.5411,7.9658,0.2038,-0.3708,0.4823
2.2601,-16.3721,7.0009,-0.0807,-1.0458,0.4255
-1.4197,-18.2061,8.4733,-0.3648,-1.7092,0.3161
0.1244,-11.5379,0.5482,-0.4259,-1.6518,0.2239
2.7676,-8.8061,-2.4396,0.205,-0.2462,0.3076
8.4374,-3.134,-6.4574,0.301,1.0365,0.3565
8.6625,-0.0407,-7.3002,-0.0392,1.4739,0.3326
9.4861,-2.2146,-0.6631,-0.5138,1.4898,0.2111
9.6585,-3.0765,1.2593,-1.0209,1.9119,0.1146
9.6585,-3.0765,1.2593,-1.3556,1.0542,-0.2384
-0.6655,-10.6114,0.5578,-1.3556,1.0542,-0.2384
-7.8221,-13.0846,-3.6487,-1.5486,0.7433,-0.2036
-7.8221,-13.0846,-3.6487,-2.2762,1.4091,0.1518
-4.1036,-14.0686,1.5705,-3.0166,2.5258,0.6521
-3.3782,-13.5395,2.0973,-3.3666,3.0347,0.8617
-1.9177,-9.6273,0.2849,-3.2627,2.9406,0.745
-1.9177,-9.6273,0.2849,-2.9048,2.3535,0.4866
-0.0383,-8.2028,1.0845,-2.804,1.9968,0.3155
0.8331,-7.4917,1.391,-2.7734,1.5619,0.1225
1.367,-7.5707,0.9361,-2.7398,1.2063,-0.1437
1.3335,-7.5755,0.5267,-2.7319,0.954,-0.4131
1.5682,-8.0543,0.3782,-2.8388,0.7299,-0.7515
1.3551,-8.368,0.4285,-2.994,0.717,-0.925
0.3711,-9.5627,0.7398,-3.1534,0.7842,-1.0924
-0.0526,-9.9841,0.869,-3.3037,0.8557,-1.2005
-0.814,-10.6042,1.2186,-3.391,0.8661,-1.1956
0.1053,-11.3488,1.0893,-3.2866,0.6346,-0.7289
-0.3782,-11.5714,1.4221,-3.0459,0.3511,-0.3404
-0.3782,-11.5714,1.4221,-2.4662,0.1514,-0.3722
-0.9935,-11.3631,1.3263,-2.4662,0.1514,-0.3722
-0.9002,-10.4797,1.1851,-2.2469,0.1446,-0.4082
0.6009,-8.2267,0.2705,-2.1852,0.0329,-0.3612
0.6009,-8.2267,0.2705,-2.3104,0.4012,-0.0741
2.2673,-7.7551,0.383,-2.3104,0.4012,-0.0741
3.134,-8.2602,0.5817,-2.3642,0.7109,0.004
2.5929,-9.5483,-0.0742,-2.3299,1.0237,0.0107
2.5929,-9.5483,-0.0742,-2.2108,1.2253,-0.0374
0.6512,-9.5076,-0.9074,-2.0923,1.2711,-0.1688
-0.5171,-9.2419,-1.2401,-1.9506,1.1959,-0.352
-1.2808,-8.265,-1.3742,-1.9292,1.1617,-0.415
-1.4365,-7.8772,-1.5418,-1.9543,1.2473,-0.4266
-1.0366,-7.8437,-1.9393,-2.0056,1.2314,-0.4046
-0.7445,-8.3704,-1.8387,-2.0477,1.1575,-0.3679
-0.4022,-9.4238,-1.0462,-2.0312,1.133,-0.363
-0.5267,-9.9194,0.0742,-1.8907,0.8129,-0.3881
-1.0151,-10.9825,2.2194,-1.7631,0.4684,-0.3814
-1.5514,-11.502,2.6072,-1.5676,0.1844,-0.3178
-0.5937,-12.3711,1.7118,-1.3672,0.1135,-0.2189
-0.2633,-12.4405,1.312,-1.2279,0.3786,-0.0888
1.221,-12.8834,-0.316,-1.0771,0.819,0.0669
2.2864,-13.0056,-1.2497,-1.0306,1.0286,0.0859
1.6184,-14.162,-0.8738,-0.9793,1.1752,0.0193
1.6184,-14.162,-0.8738,-0.9188,1.1593,-0.1052
-0.6081,-14.4828,-1.0127,-0.8455,0.9907,-0.2482
-1.8986,-14.4828,-0.7757,-0.7557,0.8038,-0.3643
-2.4037,-13.8962,-2.1045,-0.6873,0.7787,-0.3979
-2.4037,-13.8962,-2.1045,-0.4778,0.5509,-0.2738
-1.1851,-14.5139,-2.2553,-0.4778,0.5509,-0.2738
0.8858,-15.5533,-0.656,-0.2921,0.4201,-0.1101
1.8435,-14.9356,1.8028,-0.1174,0.1373,0.0657
2.0374,-14.7608,2.3295,0.2136,-0.1564,0.241
2.0087,-13.6113,2.3391,0.5997,-0.0153,0.3363
2.4013,-13.1731,2.229,1.0529,0.2198,0.4078
3.0454,-13.3264,2.4803,1.5184,0.4318,0.4573
3.1747,-13.7406,1.8866,2.0138,0.5356,0.4854
2.6671,-15.1151,-0.1268,2.5691,0.5026,0.511
2.4971,-16.1494,-2.0039,3.3504,0.3475,0.445
2.9544,-15.4264,-4.8075,3.6656,0.2876,0.4029
3.0789,-15.4168,-4.7141,3.753,0.4079,0.4249
5.2962,-15.3665,-3.2178,3.6106,0.5863,0.5183
6.7758,-15.4048,-2.7724,3.464,0.6908,0.6509
9.4238,-15.8693,-2.4013,3.4292,0.5796,0.7205
9.4597,-15.8621,-2.193,3.4121,0.1984,0.9612
9.0288,-15.3977,0.0335,3.3192,0.2479,0.9783
8.1788,-14.375,0.7493,3.1952,0.3071,0.7285
2.5737,-11.9617,-1.7214,3.1647,0.2699,0.3662
2.1116,-11.8539,-1.9249,3.1531,0.342,0.0089
-1.5083,-11.4374,-1.312,2.8684,0.1257,-0.2183
-2.4779,-11.2506,1.3096,2.4665,-0.1937,-0.0289
-2.0757,-10.5563,2.1475,2.1849,-0.4014,0.3168
-2.6743,-9.692,0.9911,2.2026,-0.2016,0.5672
-3.4859,-8.4925,-0.5722,2.4164,0.1575,0.6717
-3.2202,-7.3481,-0.6512,2.69,0.0658,0.7719
-2.3032,-5.8373,-0.8212,3.0847,0.1605,0.9808
-2.1428,-5.1598,-0.7134,3.3418,-0.1271,1.084
-1.695,-4.2904,-1.2354,3.5153,-0.8748,1.106
-1.5514,-3.0597,-1.4748,3.6534,-1.6964,1.0559
-0.7781,-2.2505,-1.0726,3.6027,-2.2999,0.9124
-0.7445,-2.2529,-1.0869,3.023,-2.7123,0.6338
0.3064,-2.6934,-1.1971,2.6216,-2.7318,0.4878
0.7661,-3.6056,-1.1276,2.3559,-2.6463,0.4518
2.873,-2.5977,-0.9409,2.1464,-2.5211,0.4322
2.8514,-2.4779,-0.9361,1.9417,-2.4032,0.4933
1.6711,-1.7525,-1.142,1.6369,-2.1912,0.4457
0.8667,-1.7693,-1.1324,1.5447,-2.0764,0.2306
-0.067,-2.1092,-0.055,1.3865,-1.9236,0.1683
-0.067,-2.1092,-0.055,0.8538,-1.5809,0.2923
-0.4381,-2.4851,1.3694,0.8538,-1.5809,0.2923
-0.2585,-3.7373,4.0845,0.5459,-1.2645,0.4316
0.4453,-5.4806,9.4813,0.2393,-1.0025,0.6381
1.5227,-6.862,12.4932,-0.0368,-0.873,0.9295
3.596,-9.2514,13.3934,0.0371,-0.7777,1.0284
4.0222,-10.7646,11.8085,0.2735,-0.7184,0.9618
2.3151,-12.9481,12.3543,0.4457,-0.8791,0.7212
2.1954,-13.1229,11.4733,0.5771,-1.2266,0.4902
2.7437,-11.9497,8.8325,1.07,-1.9035,0.3326
3.3638,-10.1469,7.3983,1.3315,-2.2786,0.3094
5.143,-6.0432,5.9905,1.3981,-2.3836,0.2905
5.4111,-5.5955,5.6721,1.3455,-2.1142,0.299
6.546,-2.3798,3.9456,1.2069,-1.5901,0.2722
5.5835,1.1875,2.7198,0.9552,-1.0587,0.2483
0.0215,0.553,3.4596,0.3193,-0.8106,0.2172
0.0215,0.553,3.4596,-0.1913,-0.9664,0.1476
1.0606,-4.865,2.205,-0.5786,-1.3268,0.0901
1.3455,-9.1605,-3.9025,-0.6788,-1.3849,0.2734
7.8221,-22.8724,5.2364,-0.7386,-0.8583,0.4921
7.8221,-22.8724,5.2364,-2.512,2.8807,0.4652
8.2219,-40.7912,28.2836,-2.512,2.8807,0.4652
3.2728,-32.4279,22.3624,-1.4521,3.99,-0.1028
-3.7253,-2.9616,-11.593,0.4708,2.8581,-0.4828
-4.3167,5.9881,-20.131,1.3553,0.2167,-0.5652
4.6854,8.4805,-14.8039,0.3627,0.0671,0.0871
14.0901,3.5865,-0.4908,-1.9249,1.91,1.0138
11.7462,-5.2531,7.9682,-2.5389,2.356,0.9521
4.1515,-8.3225,-2.4253,-2.1974,1.3749,0.5232
-7.961,-14.2721,-10.9561,-1.5737,0.2357,-0.024
-7.8006,-17.5668,-5.2699,-2.4271,1.6492,0.0174
-6.3162,-17.4519,3.0406,-3.5865,3.7689,0.3094
-6.1893,-17.076,3.1818,-3.6977,4.8282,0.0498
-5.4542,-15.0242,2.9424,-3.1216,4.3584,-0.2323
-4.5298,-12.4166,2.636,-2.6922,3.3004,-0.4119
0.8116,-7.9538,0.79,-2.5718,2.1715,-0.3985
0.8116,-7.9538,0.79,-2.5755,1.2784,-0.2787
1.7429,-6.9674,0.6248,-2.8797,0.4562,-0.2855
1.6687,-7.0177,0.5363,-3.1173,0.1679,-0.4467
2.1643,-7.5133,0.0766,-3.2841,0.1098,-0.5695
2.1499,-7.6114,0,-3.3623,0.3401,-0.5976
2.7341,-8.095,0.9074,-3.3421,0.5692,-0.633
2.6839,-8.2243,1.0941,-3.3232,0.4415,-0.7033
1.8028,-9.6202,1.1899,-3.0575,0.3957,-0.8554
1.051,-10.9082,1.1133,-2.7062,0.571,-0.9085
0.1005,-12.5722,0.9313,-2.3116,0.6376,-0.9482
-0.2944,-13.166,0.802,-2.0245,0.6089,-0.9562
-0.237,-12,1.1827,-1.9011,0.5362,-0.8474
-0.0287,-10.9082,1.5059,-1.9708,0.4721,-0.5536
0.3878,-8.945,1.9895,-2.0398,0.5979,-0.3795
0.7326,-7.6354,2.3894,-1.9989,0.8142,-0.2958
0.304,-6.7543,1.0845,-1.8553,0.9192,-0.2647
0.2681,-6.7878,0.9002,-1.6592,0.9052,-0.2702
-0.5889,-7.7215,-0.8499,-1.5224,0.8368,-0.2781
-1.47,-8.1932,-1.9009,-1.5328,0.8838,-0.269
-2.3822,-7.9801,-2.0446,-1.6659,0.9815,-0.236
-2.3822,-7.9801,-2.0446,-1.7991,1.1007,-0.2134
-2.2337,-7.9514,-1.4724,-1.8993,1.1935,-0.2134
-1.3431,-7.9418,-2.2098,-1.8413,1.2448,-0.2164
0.5626,-9.1892,-1.0965,-1.6397,1.1587,-0.206
0.5626,-9.1892,-1.0965,-1.3672,0.4385,-0.1859
1.7932,-10.5683,0.2513,-1.3672,0.4385,-0.1859
2.1452,-11.2722,0.4453,-1.3758,0.1593,-0.134
1.8483,-11.672,0.9145,-1.3996,0.1294,-0.1193
2.8275,-11.6528,-0.1747,-1.4692,0.3169,-0.1083
4.0581,-12.0072,-0.146,-1.2725,0.7317,0.029
3.6559,-12.7254,0.735,-1.1217,0.6101,-0.0063
0.4405,-14.4876,3.1124,-1.1247,0.3285,-0.1291
-0.7517,-15.2301,3.1699,-1.1424,0.3823,-0.2238
-2.6886,-16.3817,2.3295,-1.0551,0.681,-0.2989
-3.4787,-16.5038,0.9959,-0.9066,1.0591,-0.3655
-2.3654,-14.8135,1.6663,-0.5792,1.1764,-0.363
-2.1883,-14.6863,1.8579,-0.4338,0.8111,-0.3245
-2.3391,-14.8973,2.2074,-0.275,0.4256,-0.2677
-2.4085,-15.6443,1.968,-0.049,0.1398,-0.2366
-2.9712,-13.8268,2.2816,0.2313,-0.0348,-0.148
-2.9712,-13.8268,2.2816,0.717,-0.0776,0.0229
-3.9959,-13.4078,2.2361,1.0016,-0.1986,0.1659
-4.2592,-13.4413,1.6663,1.3468,-0.4869,0.2942
0.2681,-13.7382,-0.2681,1.7652,-0.7874,0.3681
0.2681,-13.7382,-0.2681,2.1604,-0.9163,0.4652
2.9328,-14.1691,-1.2569,2.4335,-1.0525,0.5837
4.0438,-15.2756,-2.9281,2.7786,-1.0684,0.6485
4.5561,-17.143,-5.6577,3.0046,-0.7612,0.6448
4.8889,-17.8781,-5.8565,3.128,-0.3501,0.6204
5.2364,-17.8086,-5.5859,3.1555,0.0408,0.6155
5.2364,-17.8086,-5.5859,3.252,0.4507,0.9716
8.9426,-15.3282,-2.6072,3.252,0.4507,0.9716
8.7223,-14.8973,-1.9919,3.1885,0.2491,1.1384
6.23,-14.4038,-0.565,3.1317,0.2858,0.8763
4.1347,-13.7956,-0.3591,3.1103,0.5472,0.5623
3.8139,-13.9776,-0.8379,3.125,0.7702,0.4621
3.8139,-13.9776,-0.8379,2.709,-0.3201,0.4982
1.0582,-12.8044,0.7302,2.709,-0.3201,0.4982
1.3814,-11.8683,0.5722,2.5337,-1.3109,0.489
-2.1954,-9.0503,0.3687,2.5098,-1.9853,0.5507
-2.1954,-9.0503,0.3687,2.6351,-1.8638,0.4719
-2.8969,-8.4685,-0.4596,2.9613,-1.4759,0.4011
-2.1643,-8.2938,-0.7637,3.2288,-0.7929,0.4664
-0.9289,-5.5476,-1.1324,3.4872,-0.2541,0.6778
-0.972,-5.313,-1.0917,3.5929,-0.708,0.7034
-0.5219,-3.7397,-1.6065,3.6833,-1.0861,0.6332
-0.3136,-3.1579,-2.0087,3.7768,-1.6127,0.508
-0.6751,-2.9688,-2.0661,3.7328,-2.1466,0.3339
-0.735,-3.0885,-1.731,3.2612,-2.4924,0.0309
-0.158,-3.2656,-1.5131,2.9063,-2.4679,-0.0723
-0.0837,-3.4428,-1.5107,2.6448,-2.5076,-0.126
0.1699,-3.45,-1.8124,2.464,-2.4142,-0.1663
0.2992,-3.2345,-1.9225,2.2875,-2.3201,-0.1602
-0.3782,-3.5458,-1.9153,2.1042,-2.2388,-0.1529
-0.0095,-2.7246,-2.1499,1.8648,-2.2498,-0.0857
-1.0797,-0.0239,-1.0295,1.6052,-2.1936,0.1433
-1.13,-0.0383,-0.9193,1.2948,-2.036,0.2001
-0.9337,-0.8044,0.6464,0.987,-1.7947,0.205
-0.5746,-2.5091,3.4979,0.5966,-1.5028,0.365
1.6208,-6.3162,11.6792,0.2325,-1.339,0.5373
1.9273,-6.4933,11.9545,0.0077,-1.0709,0.7468
3.1771,-7.8365,12.0622,0.1971,-0.8949,0.8494
3.5027,-8.7008,11.1572,0.5068,-0.8931,0.8256
2.8993,-10.992,11.3392,0.6895,-1.0764,0.7309
2.8634,-10.9801,11.2626,0.7249,-1.3122,0.6332
3.7972,-10.9729,10.3169,0.8306,-1.5583,0.5642
3.2537,-10.0918,9.1676,0.9387,-1.7612,0.5147
2.4253,-7.9993,7.1493,1.0297,-1.9939,0.4762
2.5857,-6.5795,6.5628,1.0548,-2.0073,0.5086
3.6128,-3.936,5.5763,0.9234,-1.7434,0.5495
4.3454,-1.7836,5.4111,0.654,-1.2963,0.5587
3.9743,-3.7373,7.9107,0.1128,-0.909,0.5965
4.7692,-6.4335,8.1166,-0.1919,-1.0299,0.5965
7.3983,-12.1628,4.4484,-0.2823,-1.2932,0.5715
7.281,-17.2651,-1.0941,-0.2689,-1.2016,0.5599
9.2227,-21.2922,7.8006,-0.4741,-0.413,0.4035
9.5603,-21.1581,7.7024,-0.8877,1.4073,0.0119
9.0384,-13.8339,4.3335,-0.4656,2.0811,-0.3417
5.3752,-4.9658,-3.1052,0.0047,1.9901,-0.7723
5.3537,0.4716,-6.3545,0.0774,1.1886,-0.8951
5.3537,0.1412,-5.3944,-0.5542,0.9577,-0.696
6.3712,-3.7062,6.3401,-1.8119,1.5063,-0.2622
1.5777,-8.1166,5.5548,-2.0887,1.2919,-0.0967
-11.9186,-12.498,-9.5483,-1.8871,0.6956,0.0498
-11.9186,-12.498,-9.5483,-2.1229,1.3303,0.4359
-5.3297,-15.0792,-1.3311,-3.0361,2.9668,1.219
-2.4756,-16.001,4.9323,-3.804,4.0633,1.7138
-3.2776,-15.2492,4.3694,-3.862,4.4024,1.5721
-4.2808,-13.3431,2.9472,-3.1699,3.7353,0.9313
-3.7205,-10.36,1.0773,-2.9628,2.8899,0.6863
-1.4844,-8.6888,1.3742,-2.9891,2.1715,0.6558
2.8419,-7.0751,2.1428,-3.1039,1.6999,0.6228
3.3231,-6.6011,1.6807,-3.1601,1.3242,0.4059
3.7014,-6.4143,1.5945,-3.1027,1.2839,-0.2366
3.019,-7.2044,1.5849,-3.1021,1.5539,-0.6935
2.3942,-8.8181,0.328,-3.1155,1.5246,-1.0606
2.3942,-8.8181,0.328,-3.0477,0.8508,-1.3398
1.1492,-8.8612,0.079,-3.0477,0.8508,-1.3398
0.1053,-9.1509,0.0047,-3.0208,0.5887,-1.2952
-0.2633,-10.3935,-0.9193,-2.9035,0.0634,-0.9989
-0.2633,-10.3935,-0.9193,-2.5456,-0.5431,-0.3777
0.3615,-11.0255,0.043,-2.5456,-0.5431,-0.3777
0.486,-10.8843,0.7445,-2.3635,-0.6824,-0.3068
0.6584,-10.5563,-0.1604,-2.0459,-0.4661,-0.3704
0.6584,-10.5563,-0.1604,-1.6042,0.2693,-0.5304
0.486,-10.0679,-0.1053,-1.6024,0.5857,-0.5707
0.6153,-9.5004,0.2705,-1.7863,0.7311,-0.4968
0.7685,-8.8708,0.9528,-1.9579,0.9302,-0.3655
0.8882,-8.526,1.1683,-2.019,1.1373,-0.2457
1.1827,-7.7431,1.209,-1.953,1.2485,-0.1651
0.9289,-7.0655,0.5937,-1.7209,1.1892,-0.1535
-0.1173,-6.7016,-1.7645,-1.5248,1.2057,-0.2274
-0.6895,-6.6705,-2.4612,-1.4124,1.2326,-0.3166
-1.5298,-7.6354,-3.2082,-1.4815,1.1171,-0.3832
-1.5298,-7.6354,-3.2082,-1.647,1.0139,-0.4296
-0.6751,-8.9306,-1.0079,-1.647,1.0139,-0.4296
-0.5482,-8.9857,-0.8188,-1.6494,0.8734,-0.4308
-0.6105,-9.2203,-0.0191,-1.6018,0.6633,-0.4547
-0.8834,-10.0296,0.1675,-1.5694,0.4965,-0.4828
-0.6536,-12.7398,0.984,-1.5114,0.4311,-0.4742
-0.6536,-12.7398,0.984,-1.4259,0.4739,-0.4003
-0.4022,-13.5059,1.5825,-1.3055,0.4574,-0.2464
-0.3902,-13.719,1.5059,-1.2108,0.3725,-0.1547
-0.2274,-14.4038,1.0462,-1.107,0.367,-0.0704
-0.2106,-14.4493,1.0175,-1.0251,0.5649,-0.0173
-0.1364,-14.6145,0.1508,-0.9463,0.8991,-0.0148
-0.0167,-14.6312,-0.79,-0.8364,1.1147,-0.0387
0.4285,-14.4086,-1.2545,-0.6873,1.086,-0.0863
0.6751,-14.0829,-1.0558,-0.6433,0.9314,-0.1046
0.6344,-13.6017,-0.4979,-0.6214,0.7207,-0.1022
0.6703,-14.8566,-0.0167,-0.5584,0.5191,-0.0918
0.9983,-16.8797,0.4979,-0.3746,0.3994,-0.0588
1.1372,-16.3817,0.6416,0.0792,0.1886,0.0315
1.0821,-14.703,1.6472,0.3822,0.1715,0.15
-0.6416,-13.8746,2.4803,0.607,0.2228,0.2948
-0.711,-12.4788,2.2792,0.8746,0.2228,0.3455
-0.407,-12.3974,2.2361,1.2777,0.2088,0.351
0.8523,-12.3902,2.1499,1.7218,0.2204,0.4573
1.3646,-13.3,1.367,2.3131,0.2497,0.5556
0.6775,-15.6586,-1.9225,2.7291,0.1233,0.5965
0.6392,-15.7137,-2.0733,3.1067,-0.0648,0.6069
1.2138,-15.8358,-2.8778,3.3492,-0.1931,0.5886
2.7293,-15.515,-2.6886,3.4322,-0.121,0.61
5.7607,-14.4971,-2.363,3.3962,0.1685,0.6778
5.8589,-14.4971,-2.363,3.2038,0.4935,0.6943
5.4973,-14.3319,-2.3415,3.0578,0.436,0.5862
5.5213,-14.6336,-2.6599,2.9863,0.2833,0.4793
5.8325,-14.2266,-2.7796,2.9191,0.1165,0.5519
4.3191,-13.8627,-2.782,2.7554,-0.1625,0.6619
2.3008,-13.1779,-1.5442,2.4127,-0.8436,0.4829
0.8954,-13.0079,1.142,2.1788,-1.5351,0.4078
0.8954,-13.0079,1.142,2.3119,-2.4417,0.4322
-1.1635,-12.34,2.9089,2.3119,-2.4417,0.4322
-0.4908,-11.1716,1.9464,2.6601,-2.0721,0.5202
-0.8403,-9.9098,0.0023,3.045,-1.2798,0.5807
0.4357,-7.6138,-0.9121,3.3907,-0.4411,0.5587
0.5458,-7.2164,-0.9792,3.3418,-0.3855,0.591
0.8571,-5.2388,-0.5793,3.2502,-0.4722,0.5953
0.7278,-3.9887,-0.7876,3.2032,-0.6537,0.5703
0.2322,-2.5067,-1.2473,3.2545,-0.9383,0.5238
0.2274,-2.4229,-1.2545,3.3345,-1.4209,0.4554
-0.1628,-2.0566,-1.4293,3.2508,-1.7404,0.4133
-0.8355,-2.7413,-1.0414,3.0822,-2.0348,0.3192
-0.8547,-3.438,-0.7254,2.88,-1.9695,0.2202
-0.7302,-3.45,-0.6991,2.6119,-1.8937,0.1848
0.3399,-3.6008,-0.6512,2.318,-1.7776,0.1983
1.039,-3.4548,-0.5506,1.9491,-1.7074,0.238
1.1276,-3.4572,-0.7422,1.7707,-1.6323,0.2282
1.0295,-3.45,-0.8667,1.6381,-1.5901,0.2147
0.0837,-4.1994,-0.7709,1.538,-1.6109,0.23
-1.0151,-5.2747,-0.2346,1.4207,-1.683,0.3003
-0.3687,-5.2124,0.735,1.2454,-1.7196,0.4719
-0.4644,-4.458,1.731,0.9179,-1.6695,0.9624
-0.0909,-4.3406,4.0892,0.6815,-1.5351,1.0516
1.6448,-4.7548,6.6801,0.5862,-1.3213,0.9215
1.6448,-4.7548,6.6801,0.665,-1.1454,0.6613
3.7493,-5.9498,10.5898,0.665,-1.1454,0.6613
2.9712,-6.8405,10.3911,0.9448,-1.124,0.4402
1.9584,-8.1166,10.6329,1.0535,-1.2676,0.3125
1.4197,-10.7646,11.2745,1.0523,-1.4362,0.2654
1.4891,-10.7646,11.2745,1.0389,-1.5192,0.2789
1.2808,-10.6377,10.3647,1.0645,-1.5437,0.3357
1.1133,-9.5699,9.6896,1.0902,-1.5797,0.3748
2.6408,-6.1342,8.0448,1.0334,-1.4918,0.4566
2.7246,-5.9738,7.8006,0.9472,-1.281,0.5
3.8714,-4.2353,5.9163,0.8355,-1.0758,0.4902
4.5848,-3.4021,6.8596,0.6479,-0.9744,0.4676
4.9802,-7.2236,8.9905,0.4091,-0.9695,0.4371
4.9275,-9.1557,8.787,0.3382,-1.1527,0.3552
2.2649,-13.2737,3.596,0.3596,-1.4789,0.3662
1.8267,-15.1415,1.0869,0.2967,-1.3256,0.3998
3.9288,-13.7717,0.632,-0.1088,-0.5968,0.497
5.7799,-12.1915,0.5698,-0.5609,0.3646,0.5019
8.1022,-7.2259,-1.1276,-0.7612,1.4769,0.4231
6.5819,-3.8402,-3.6296,-0.7924,2.1758,0.2367
9.0527,-2.126,3.11,-1.0612,2.3658,0.1005
9.0001,-2.8155,4.4795,-1.515,2.4323,0.0932
4.5896,-8.3871,2.4492,-1.7417,1.9931,0.0223
-4.1994,-10.5898,-4.1228,-1.6219,1.392,-0.0869
-4.1299,-13.9632,-0.7589,-1.9182,1.5484,-0.0179
-3.9408,-14.1739,-0.5003,-2.9097,2.7604,0.5727
-2.6264,-14.9954,1.7884,-3.2615,3.1941,0.7786
-1.6855,-14.5043,3.1483,-3.3531,3.3975,0.7419
-1.1994,-10.4677,1.1396,-3.2554,3.3114,0.5617
-1.1994,-10.4677,1.1396,-3.0721,2.4739,0.1799
0.8379,-8.6864,1.13,-3.0721,2.4739,0.1799
1.6448,-8.447,0.9409,-3.1638,2.1959,0.0822
1.3838,-8.4638,0.6607,-3.2768,2.006,-0.1419
1.1037,-8.7008,0.9409,-3.4222,1.8642,-0.4253
0.9193,-9.0671,1.5298,-3.5437,1.794,-0.6978
0.5147,-9.3951,1.2832,-3.5847,1.6889,-0.936
-1.3575,-9.8261,0.9672,-3.4979,1.2332,-1.2152
-1.9991,-9.771,0.7374,-3.46,0.9119,-1.319
-2.0685,-10.0655,0.3902,-3.388,0.681,-1.2372
-0.8547,-10.2211,1.3862,-3.2603,0.4311,-0.9482
-0.146,-9.9098,0.4668,-3.1027,-0.0599,-0.6404
-0.1819,-9.9529,0.474,-2.6335,-0.3275,-0.5658
-0.0933,-10.2163,0.644,-2.3971,-0.0287,-0.6697
-0.0095,-10.1828,0.5363,-2.2408,0.389,-0.7124
1.2593,-9.4765,0.7278,-2.1601,0.7787,-0.6874
1.3144,-9.4071,0.7398,-2.1473,1.0548,-0.5817
1.7405,-8.9737,1.0079,-2.1754,1.1978,-0.4602
1.8052,-8.8229,0.8068,-2.0972,1.3389,-0.4113
0.7805,-8.5092,0.0814,-1.9463,1.3578,-0.4156
0.656,-8.4781,0.0909,-1.8125,1.2393,-0.4345
-0.395,-8.1884,-0.304,-1.7172,1.1251,-0.4583
-1.8531,-7.8508,-1.2018,-1.6623,1.166,-0.5029
-2.9807,-8.1286,-1.458,-1.6751,1.3193,-0.5335
-2.7605,-7.9514,-1.3168,-1.8968,1.7366,-0.4773
-1.6591,-7.6401,-1.6759,-1.9463,1.7934,-0.3777
-0.9241,-7.6785,-1.0797,-1.8162,1.4708,-0.3233
-0.6799,-8.0735,0.4237,-1.7038,0.9333,-0.3264
-0.5722,-8.5787,0.7852,-1.5474,0.4647,-0.3594
-0.1891,-9.4526,1.0965,-1.2896,0.1801,-0.3661
0.2777,-10.2163,0.6536,-1.1717,0.2601,-0.3508
2.0135,-11.6576,-0.8954,-1.0612,0.3945,-0.3331
2.3104,-11.8132,-0.7637,-0.9787,0.5216,-0.3032
2.9185,-12.5626,0.0814,-0.9787,0.6358,-0.2781
2.2385,-13.2976,0.4165,-0.9897,0.7335,-0.2757
-1.4915,-14.8853,-0.2035,-0.906,0.9437,-0.3465
-1.4915,-14.8853,-0.2035,-0.8382,1.0982,-0.404
-2.6671,-14.9404,-0.6296,-0.7961,1.1288,-0.4101
-2.8658,-14.7078,-0.6488,-0.782,1.0359,-0.3807
-1.7908,-13.5179,0.0861,-0.7661,0.8777,-0.3392
-1.7908,-13.5179,0.0861,-0.6977,0.549,-0.2787
-1.3742,-14.6312,0.8786,-0.5945,0.2894,-0.2433
-0.9504,-15.7735,1.1899,-0.4143,0.0078,-0.1779
-0.7661,-15.8526,1.9488,-0.1895,-0.2181,-0.0448
-1.4317,-15.1175,2.2625,0.0291,-0.3226,0.0926
-2.794,-14.0351,2.1212,0.2509,-0.3904,0.1726
-3.4572,-13.6257,1.8794,0.775,-0.5052,0.3039
-2.2553,-13.4174,1.0079,1.2423,-0.5217,0.3742
-1.2066,-13.2761,0.893,1.7536,-0.5223,0.497
0.7709,-13.1181,0.8834,2.2001,-0.6023,0.6698
1.5179,-13.3695,0.0191,2.5679,-0.6824,0.8103
1.403,-15.7305,-2.4181,2.9448,-0.686,0.9075
1.5011,-16.0848,-2.5498,3.3528,-0.5626,0.996
2.8012,-16.985,-2.5953,3.4805,-0.3061,1.0419
4.604,-17.0329,-2.2122,3.5233,-0.0122,1.1219
6.862,-15.0242,-1.6519,3.5013,0.1501,1.161
6.862,-15.0242,-1.6519,3.3974,0.1233,1.1054
7.9514,-15.2564,-2.3391,3.2178,0.0426,1.0761
7.4726,-15.1582,-2.5234,3.0816,0.0817,1.2056
3.213,-13.6999,-4.1323,2.9173,0.4354,1.1231
3.0861,-13.6496,-4.1084,2.7353,0.9321,0.9783
2.1691,-13.3671,-2.5258,2.4408,1.1636,0.9221
0.6344,-13.7669,1.6112,1.9961,0.7183,0.9899
-1.3359,-13.4724,5.72,1.4292,-1.4557,1.0376
-2.3199,-12.7039,5.2005,1.6589,-2.7227,1.1109
-3.4069,-11.4757,2.2768,2.3822,-2.909,1.153
-2.0638,-11.2554,0.5027,3.1384,-2.2676,1.1634
0.3567,-9.103,-0.0023,3.5636,-1.3708,1.2416
0.7398,-8.1908,0.1795,3.6656,-1.0697,1.0852
1.0151,-6.534,-0.9074,3.6057,-1.1778,0.7987
1.0151,-6.534,-0.9074,3.4701,-2.2217,0.219
0.1939,-3.3111,-2.2529,3.4701,-2.2217,0.219
0.2801,-3.3518,-2.2194,3.351,-2.3708,0.0639
-0.1149,-3.5027,-2.636,3.2875,-2.2651,0.0205
-0.1292,-3.8905,-2.4564,3.1036,-2.3317,-0.0283
0.225,-3.8977,-1.5298,2.8464,-2.339,-0.0002
0.225,-3.8977,-1.5298,2.5575,-2.1985,0.0639
0.9935,-3.6607,-1.3287,2.3046,-2.1967,0.1213
1.6855,-3.5338,-1.2258,2.1,-2.1888,0.1421
2.4636,-2.3942,-1.6304,1.9399,-2.0965,0.1066
2.4636,-2.3942,-1.6304,1.7664,-2.1136,-0.0038
1.8842,-2.0326,-1.4939,1.6216,-2.1038,-0.0943
0.644,-3.0047,-1.64,1.417,-2.0415,-0.2134
1.3599,-1.9393,-0.2346,1.2001,-1.9805,-0.228
0.5913,-1.039,0.5841,0.8892,-1.829,-0.0179
-0.3974,-2.3822,4.1898,0.5569,-1.5577,-0.0087
-0.5363,-4.7524,8.2986,0.4286,-1.3733,-0.0136
0.5363,-7.3528,11.0327,0.4616,-1.0868,0.0871
1.1731,-7.5396,11.1261,0.6528,-0.8381,0.1543
2.9281,-7.4893,10.5012,0.8116,-0.785,0.1708
2.5737,-7.6761,10.8699,0.8214,-0.9658,0.1023
1.391,-9.2227,11.9138,0.6296,-1.2236,-0.068
1.3072,-9.2323,11.751,0.5435,-1.27,-0.0857
0.8379,-8.6984,10.664,0.5771,-1.4734,-0.0478
1.0055,-7.882,9.7351,0.6534,-1.7886,0.0431
3.3303,-5.7439,8.9163,0.7212,-1.9878,0.1744
3.5482,-5.6242,8.9043,0.7622,-1.7025,0.3705
5.8924,-5.1741,9.9051,0.687,-1.1882,0.4573
7.7144,-7.0967,10.4701,0.494,-0.6494,0.5208
6.2204,-15.0385,10.111,0.2796,-0.4478,0.5452
6.2204,-15.0385,10.111,0.0041,-0.8137,0.5214
1.3982,-16.1806,9.3688,-0.2109,-1.1937,0.4524
1.2545,-12.0455,1.9919,0.0285,-1.0012,0.3333
8.0663,-2.1715,-11.0471,0.497,-0.2994,0.3846
10.6928,-0.0407,-8.8085,0.3895,0.5692,0.3614
9.5004,-1.8076,0.0478,-0.3153,1.1587,0.2154
6.3521,-4.7477,3.8714,-0.9579,1.2515,-0.0155
3.4117,-7.6713,3.7612,-1.2298,1.312,-0.2659
1.7286,-10.0535,1.9847,-1.319,1.3493,-0.352
-5.38,-12.5578,-5.21,-1.4527,1.2222,-0.203
-5.5644,-12.7182,-6.0145,-1.9231,1.7463,0.1011
1.0031,-13.8818,3.778,-2.6769,3.0011,0.6033
1.1085,-13.9489,3.8929,-3.2792,3.6828,0.8928
1.1085,-13.9489,3.8929,-3.0709,2.7549,0.544
-0.4979,-12.1269,1.0103,-3.0709,2.7549,0.544
-0.8882,-9.4669,0.1795,-3.1002,2.2399,0.4004
-0.8882,-9.4669,0.1795,-3.2133,1.9217,0.3479
-0.2442,-8.3608,0.3639,-3.3269,1.8264,0.3113
0.5195,-7.8987,0.5386,-3.3928,1.7732,0.2257
1.0151,-8.0663,-0.0574,-3.4374,1.852,0.0107
1.0151,-8.0663,-0.0574,-3.5621,1.9247,-0.5646
0.5602,-9.3328,-0.0502,-3.5621,1.9247,-0.5646
-0.225,-9.8715,0.5099,-3.6806,1.9577,-0.823
-1.4724,-10.4485,1.3048,-3.8278,2.0267,-1.057
-1.8483,-10.5156,1.4963,-3.8779,1.907,-1.2775
-2.1523,-10.7478,1.2737,-3.7795,1.4647,-1.3251
-2.0925,-10.9537,1.2378,-3.5938,0.8685,-1.2806
-1.5658,-11.5786,1.1444,-3.336,0.2864,-1.1547
-1.0773,-11.5451,0.7326,-2.9371,-0.1155,-0.9696
-0.0694,-11.2865,0.134,-2.4155,-0.4264,-0.765
0.7613,-10.6137,-0.4453,-1.8144,-0.8577,-0.5811
2.126,-8.9402,0.3782,-1.6891,-0.873,-0.4986
2.3271,-8.7151,0.7254,-1.7863,-0.6005,-0.3673
3.122,-7.7431,1.6735,-1.9671,-0.2077,-0.2134
3.122,-7.7431,1.6735,-2.0489,0.4415,-0.0979
1.5131,-7.2619,0.7829,-2.0489,0.4415,-0.0979
1.5131,-7.2619,0.7829,-2.0172,0.7409,-0.1572
0.7541,-7.8676,-0.1915,-1.9872,1.0304,-0.1712
0.3399,-8.2507,-1.0797,-1.9488,1.3786,-0.1737
-0.5841,-7.8341,-3.6607,-1.9262,1.6523,-0.1932
-0.565,-7.8197,-3.766,-1.9482,1.7079,-0.2427
-0.3088,-7.8532,-4.1036,-1.9976,1.5747,-0.3526
0.6009,-8.2698,-2.7605,-1.917,1.4947,-0.429
1.5346,-9.5914,0.4501,-1.7496,1.232,-0.4938
1.3383,-10.3552,1.6974,-1.5242,0.8893,-0.5267
-0.2657,-11.2506,1.9057,-1.2945,0.5069,-0.5286
-1.9009,-11.7079,1.403,-1.1479,0.2833,-0.5048
-2.6048,-11.8348,0.7733,-1.2224,0.5325,-0.3331
-2.1691,-12.0072,0.6943,-1.3269,0.9143,-0.1767
-0.4692,-12.4501,0.9528,-1.3605,1.1758,-0.0454
0.6368,-12.9768,1.7764,-1.311,1.1514,0.0541
-0.8283,-14.5115,2.7653,-1.1876,0.8936,0.0541
-1.0342,-14.5857,2.794,-0.9323,0.4342,-0.0643
-2.5234,-15.5676,2.7748,-0.804,0.4452,-0.1706
-2.5594,-15.3881,1.9752,-0.6794,0.6688,-0.1914
-1.8602,-15.0242,1.0917,-0.556,0.7934,-0.1584
-1.9033,-15.0433,1.0366,-0.4882,0.7616,-0.09
-2.126,-15.503,0.3591,-0.3391,0.5112,-0.093
-2.126,-15.503,0.3591,0.34,-0.4887,0.1115
-1.1061,-13.8076,3.0047,0.34,-0.4887,0.1115
-1.1061,-13.8076,3.0047,0.5557,-0.7007,0.1897
-0.5746,-13.7837,2.9975,0.8373,-0.6634,0.3021
0.2394,-13.5466,2.035,1.2154,-0.5529,0.4316
1.1707,-13.6783,0.3926,1.6424,-0.4637,0.5587
1.5586,-13.9465,-0.5626,2.2374,-0.1888,0.7291
1.5346,-15.3378,-1.9273,2.5856,-0.0355,0.8171
1.5275,-16.9563,-3.2992,2.869,-0.0379,0.8262
3.0119,-17.9762,-4.4005,3.0798,-0.1534,0.7841
4.015,-17.5884,-4.3382,3.216,-0.2389,0.7731
5.7056,-16.3218,-4.1156,3.2606,-0.2474,0.7914
6.6274,-15.5102,-3.6463,3.2472,-0.2511,0.7609
7.8101,-15.6514,-3.9264,3.2392,-0.3061,0.6973
7.9825,-15.7209,-3.7349,3.2356,-0.3794,0.6277
8.6744,-15.5653,-2.7126,3.1641,-0.4075,0.7346
8.5883,-15.0912,-2.2242,3.0334,-0.3006,0.8983
3.0502,-12.9696,-2.6479,2.8544,-0.2902,0.6668
2.6886,-12.893,-2.4037,2.665,-0.7905,0.3736
