andar
1.1707,-9.4885,0.7134,0.7712,1.2753,1.174
1.7764,-11.1046,2.5498,0.8103,1.6045,1.0805
2.0925,-11.763,3.0621,0.9154,1.5624,0.9852
2.1284,-12.0886,2.6647,1.004,1.3156,0.9015
1.628,-12,0.6129,1.0871,1.1507,0.8154
0.802,-11.2769,-4.2592,1.0974,1.1385,0.7696
0.9672,-10.9609,-5.7248,1.0064,1.348,0.8252
2.4349,-10.3624,-4.9802,0.8219,1.7646,0.9968
4.4196,-10.336,-1.81,0.4389,2.2343,1.2167
6.9865,-12.7542,1.3766,0.3009,2.0792,1.1446
7.1637,-13.0846,1.8315,0.1793,1.5483,0.8832
7.8724,-14.1907,3.3039,-0.1016,0.808,0.458
7.1781,-15.3546,2.2361,-0.3856,0.202,-0.0477
2.363,-16.3194,-7.1398,-0.3307,0.136,-0.763
2.0685,-16.068,-7.4534,-0.104,0.5581,-0.9676
3.371,-13.6592,-3.3925,-0.1492,0.9308,-0.7477
5.6865,-11.7558,0.5698,-0.4156,0.9827,-0.2939
5.5237,-12.1005,-1.1252,-0.6233,0.5453,-0.0684
5.3369,-12.1125,-1.1803,-0.787,0.0468,-0.1949
3.3303,-11.6887,-2.9161,-1.1608,0.5203,-0.8161
2.2697,-10.9705,-4.707,-1.4308,0.9301,-1.19
2.8036,-10.9394,-3.5673,-1.8926,0.8013,-1.3806
2.0183,-11.5642,-2.1835,-2.4626,0.3113,-1.5302
-0.1101,-13.0917,-0.7972,-2.8334,-0.0355,-1.7642
-2.5713,-14.6647,-0.8643,-2.87,0.1782,-1.9896
-6.8548,-17.8828,-0.9552,-2.5896,0.4751,-2.0385
-8.4183,-19.3289,0.4884,-2.4082,0.2936,-1.8247
-10.3025,-21.4765,3.608,-2.2005,0.0267,-1.4038
-11.739,-23.5906,4.1299,-1.7711,-0.132,-0.7874
-11.739,-23.5906,4.1299,-0.8621,-0.0087,-0.0684
-13.5658,-25.3794,-3.3063,-0.8621,-0.0087,-0.0684
-12.8882,-20.1909,-6.2419,-1.1449,0.695,-0.8656
-10.8388,-15.0673,-4.9084,-1.3502,1.6204,-1.8894
-2.3463,-11.2243,0.7852,-1.1187,2.2405,-2.6469
-1.9608,-11.1644,0.9481,-0.655,2.1543,-2.6225
0.9145,-11.0806,1.2569,-0.1101,1.7646,-2.4581
2.7653,-11.0112,-0.1532,0.475,0.6143,-2.4997
3.8163,-10.597,-2.8682,0.6271,-0.049,-2.7214
3.8163,-10.597,-2.8682,0.5666,-0.3776,-2.9829
1.5514,-9.7016,-1.2665,0.241,-0.5236,-3.2443
-1.7142,-7.9634,1.4796,-0.2604,-0.7673,-3.408
-3.5051,-5.6984,2.1811,-0.9067,-1.3568,-3.1161
-4.1611,-4.7955,2.1715,-1.1113,-1.6403,-2.5944
-4.5465,-3.6367,2.6719,-1.2751,-1.7209,-2.0428
-4.5082,-2.6048,2.9065,-1.4443,-1.7637,-1.5357
-4.9491,-1.6017,2.9616,-1.5835,-1.873,-1.1491
-4.8865,-1.1923,2.9424,-1.713,-2.1039,-0.9548
-4.973,-0.8714,2.6264,-1.922,-2.763,-0.9102
-4.7812,-0.541,2.7461,-2.0502,-3.19,-1.0031
-5.3345,0.2681,3.8019,-2.1034,-3.3849,-1.1026
-5.2627,0.4237,3.8929,-1.9806,-3.2591,-1.1326
-4.8817,1.2114,3.9671,-1.6147,-2.9927,-1.0067
-4.3454,1.731,3.5075,-0.7063,-2.4772,-0.6879
-3.8043,1.221,2.1092,-0.1114,-2.0764,-0.5009
-3.8043,1.221,2.1092,0.3467,-1.7875,-0.3519
-3.1771,0.0837,1.8052,0.6711,-1.7075,-0.1876
-2.5761,-1.0007,0.8212,0.9356,-1.8113,0.0408
-2.4492,-3.4189,-4.2305,1.2514,-1.9249,0.2485
-2.5234,-3.517,-4.7692,1.817,-1.9732,0.4562
-3.2393,-4.3861,-9.5244,2.153,-1.9194,0.612
-1.2617,-8.0687,-17.8781,2.277,-1.9274,0.8563
10.0056,-21.0863,-26.0976,2.1854,-2.1632,1.2185
19.2332,-29.744,-33.4909,1.6515,-2.4961,1.4262
12.7135,-38.8112,-17.3657,0.1665,-2.1418,0.9485
1.8602,-41.4903,2.4971,-2.8401,2.4371,-1.5247
4.0892,-21.5962,-6.0456,-1.7277,2.844,-2.0342
4.2305,-15.1391,-5.8134,0.1072,-0.0245,-1.5559
3.7277,-6.2108,-6.0624,0.1427,-1.9989,-1.4453
2.466,0.5339,-5.1981,-0.5139,-2.2389,-1.6243
-2.0183,-1.6735,1.0247,-1.1908,-0.5145,-1.898
-2.4301,-3.1794,3.2728,-1.0832,0.844,-1.8784
-0.5793,-11.9306,14.4157,-0.341,2.067,-1.4197
-3.6224,-20.945,4.6064,0.8965,2.8318,-0.6677
-9.6848,-21.941,-5.1717,2.0687,2.4268,-0.1918
-9.6848,-21.941,-5.1717,-2.757,2.1482,-0.0691
-7.4678,-7.1038,9.8883,-2.757,2.1482,-0.0691
-8.0783,1.0678,-3.5458,-2.7973,-1.6562,0.3493
-5.8828,-0.486,11.2171,-0.4541,-6.7068,0.3639
-5.5979,-0.8212,11.8085,0.6912,-6.38,0.3988
-7.7862,-2.9975,12.7877,1.4933,-2.2359,0.4776
-11.2003,-4.8745,8.672,2.9294,2.3834,0.7305
-15.3306,-9.1006,1.3862,3.4762,3.2117,1.2906
-10.6736,-12.4046,1.0797,3.3234,3.4353,2.1617
-4.5106,-15.1798,4.7788,2.5654,3.2795,3.246
-1.8315,-17.0999,5.2292,1.8641,2.8996,3.7213
-0.9409,-19.2332,-3.8618,1.6533,2.2734,3.4293
0.3088,-18.7352,-4.4101,1.5874,0.8312,2.403
1.7788,-16.7073,-0.9911,1.2581,-0.2652,1.8716
1.4556,-13.9561,1.3,1.139,-1.0135,1.4372
-0.814,-9.0647,1.707,1.3876,-1.2762,1.0542
-0.9169,-8.672,1.707,1.6949,-1.3012,0.805
-1.1013,-7.4103,1.3551,1.9392,-1.162,0.75
-1.0773,-6.8932,0.8331,2.1634,-0.8755,0.9198
-0.2681,-7.4749,0.474,2.2037,-0.6171,1.0603
-0.2681,-7.4749,0.474,2.1066,-0.3287,1.177
-0.814,-7.9418,0.5674,1.9117,-0.0484,1.1776
-1.7884,-8.4925,0.5386,1.6778,0.2246,1.1068
-2.8251,-7.9682,0.134,1.3937,0.5716,1.0652
-2.8251,-7.9682,0.134,1.3345,1.0462,1.246
-2.9185,-7.6521,0.0742,1.3345,1.0462,1.246
-2.1212,-7.5133,-0.079,1.4133,1.1989,1.3664
-1.0845,-7.4941,-0.5075,1.5324,1.2692,1.4666
-0.6488,-7.3289,-0.9313,1.6265,1.3223,1.4867
-0.3471,-7.2188,-1.5729,1.5947,1.3162,1.3731
-0.3136,-7.1613,-1.64,1.4615,1.2508,1.2864
-0.4979,-7.53,-0.7374,1.266,1.1794,1.2161
-0.3375,-7.8772,0.0071,1.0278,1.0621,1.1837
0.3375,-8.8684,1.4484,0.8134,0.9137,1.1941
0.9792,-9.8715,2.3151,0.734,0.7029,1.2069
1.8387,-11.4493,2.1643,0.8904,0.6223,1.152
1.8938,-11.6433,1.9393,1.0944,0.5624,1.0554
1.9177,-12.3088,-0.2489,1.2404,0.5319,0.9278
1.798,-12.5076,-3.8977,1.2966,0.5844,0.8038
2.4492,-12.4549,-6.6418,1.2208,0.7469,0.7323
2.6623,-12.4764,-5.7607,0.8122,1.2655,0.7561
3.3351,-12.4214,-0.1292,0.3742,1.4677,0.7616
3.3375,-12.5387,2.7653,-0.0417,1.2087,0.6584
2.4372,-14.5905,0.6009,-0.181,0.7878,0.4904
2.3247,-14.78,0.1197,-0.1474,0.4415,0.3279
1.4413,-15.8645,-4.3023,-0.049,0.2857,0.1941
1.8938,-15.321,-5.7679,0.1738,0.6052,0.232
5.7966,-14.6743,-1.1875,0.1249,0.9271,0.4079
6.6585,-14.5546,0.1244,-0.1786,0.8239,0.4403
5.1693,-13.7741,-0.9169,-0.4565,0.5215,0.1349
3.517,-12.4597,-2.5665,-0.6092,0.4115,-0.3488
2.5833,-10.1325,-3.924,-0.9,0.8287,-0.8968
2.8778,-9.4717,-4.0629,-1.2824,0.9906,-1.1204
4.2161,-9.3616,-2.7054,-1.7821,0.9246,-1.3036
4.4556,-11.3248,-0.8044,-2.3508,0.6327,-1.548
0.0359,-14.8661,0.0909,-2.7814,0.3229,-1.9297
-0.7829,-15.1199,-0.0981,-2.9415,0.2698,-2.3616
-5.3944,-16.8892,-2.5306,-2.7747,0.4524,-2.7587
-9.3807,-18.8669,-2.6168,-2.5567,0.3999,-2.6866
-13.5897,-22.8652,1.8531,-2.4388,-0.0025,-2.2535
-13.5897,-22.8652,1.8531,-2.2164,-0.6861,-1.5657
-15.0218,-23.7893,1.0486,-1.8847,-1.501,-0.8265
-17.4782,-23.2267,-0.7254,-1.5493,-1.3733,-0.7099
-12.9194,-13.0056,-3.2632,-1.7809,-0.1895,-0.9695
-12.3543,-12.4501,-3.2513,-1.9513,1.5648,-1.2499
-7.0177,-9.5555,-2.0254,-1.7185,3.0285,-1.5956
-2.5282,-8.7582,-1.0702,-1.1712,3.3828,-1.7331
1.3742,-8.5954,-0.8667,-0.5206,3.1763,-1.7422
2.1236,-8.6936,-0.6991,0.1384,2.5068,-2.0269
2.3774,-8.8277,0.1556,0.3155,2.1519,-2.3537
2.3247,-8.7582,0.7805,0.3833,1.8874,-2.6408
1.9057,-8.3273,1.7717,0.3998,1.4671,-2.8418
1.7166,-7.9634,1.9584,0.329,0.789,-2.9719
0.8523,-7.2379,1.6089,0.1836,-0.0197,-3.0287
-0.9217,-6.3545,1.9656,-0.1352,-0.8254,-2.9713
-2.4564,-5.2124,3.2872,-0.4125,-1.0178,-2.7782
-2.5354,-5.0017,3.2944,-0.674,-1.0789,-2.4276
-2.8395,-4.446,3.1196,-0.9586,-1.3458,-2.0281
-3.0262,-3.9049,2.8754,-1.3087,-1.8364,-1.6769
-3.3087,-2.1691,3.7588,-1.933,-2.8034,-1.3177
-3.3087,-2.1691,3.7588,-2.2769,-3.2597,-1.2016
-4.1276,-0.7852,4.2688,-2.3832,-3.2823,-1.1442
-5.0784,0.6153,4.8554,-2.1993,-2.9414,-1.0806
-5.8684,2.1452,3.6367,-1.7656,-2.5694,-0.9884
-5.8684,2.1452,3.6367,-0.2103,-2.2933,-0.5522
-5.5141,2.284,2.2194,-0.2103,-2.2933,-0.5522
-4.7524,1.2928,1.221,0.2526,-2.1369,-0.3757
-3.3925,-0.5458,0.5267,0.5959,-2.0031,-0.1876
-2.4277,-1.8722,-0.4165,0.9056,-1.9176,0.0225
-1.446,-3.7445,-2.3774,1.2386,-1.8938,0.2448
-1.3024,-5.3465,-5.7559,1.7725,-1.9561,0.5509
-2.2361,-7.5109,-14.1715,2.0718,-2.0471,0.7396
-1.3239,-9.5364,-17.495,2.1988,-2.1534,0.962
4.6519,-17.416,-23.8085,1.9924,-2.2927,1.2576
12.7829,-25.7242,-28.7025,1.3858,-2.4735,1.4739
3.8091,-36.7282,-2.6312,0.0901,-2.3819,1.1733
3.0286,-36.0387,-0.1101,-2.4491,0.9442,-0.6989
3.9264,-24.7641,-3.0406,-1.7497,2.1354,-1.2944
3.9264,-24.7641,-3.0406,0.511,-0.7771,-1.3861
1.7238,-0.7302,-6.3904,0.511,-0.7771,-1.3861
1.3215,0.4836,-6.9267,-0.0668,-0.9695,-1.6805
-0.1699,3.5745,-6.8357,-0.7821,-0.0826,-1.7862
1.2425,0.8307,1.446,-0.8908,0.6901,-1.4667
4.6375,-11.399,22.0176,-0.5603,1.483,-0.9212
4.6375,-11.399,22.0176,0.6259,2.1641,-0.4527
0.3567,-26.6124,-9.8332,2.2404,2.3241,-0.3085
-12.9481,-36.9054,-30.1558,2.9759,1.2771,-0.46
-10.178,-20.4207,12.012,-1.6031,1.9295,-0.3946
-7.7718,-8.1884,14.1979,-4.6941,1.6998,0.8642
-9.6968,1.5658,-6.194,-3.2854,-2.1045,1.4855
-8.2124,3.8642,-3.2465,-0.2012,-8.4844,1.2827
-6.1438,1.6903,11.9641,0.6307,-8.3696,1.0512
-8.2962,0.9481,13.9345,1.1524,-1.6,0.5655
-12.5459,-2.5139,10.3911,2.5886,4.6027,0.2943
-13.5275,-8.538,4.8362,3.3644,4.61,0.8783
-6.5532,-15.8023,3.7469,3.47,4.0877,1.6156
-5.1621,-16.4152,3.9528,3.0608,3.8348,2.2399
-0.6536,-18.1438,4.3143,2.5825,3.4701,2.6706
1.3215,-19.3289,0.5219,2.2104,2.417,2.5374
3.0933,-17.8374,-0.7637,2.1457,1.5703,2.1361
3.0933,-17.8374,-0.7637,1.9319,0.9778,1.7152
3.0334,-15.764,1.0247,1.6515,0.5398,1.3309
1.9728,-13.0032,2.363,1.5586,0.0273,0.9938
-0.3184,-8.04,1.4676,1.6112,-0.4992,0.7525
-0.3734,-7.8365,1.3551,1.913,-1.0722,0.7176
-0.328,-6.4933,0.7829,2.0803,-1.1858,0.8679
-0.0287,-6.1964,0.3447,2.1695,-0.9463,1.0646
-0.1197,-6.2443,0.6751,2.175,-0.4692,1.2021
-0.9624,-6.3832,0.8762,2.04,0.045,1.221
-2.5617,-6.7615,0.7374,1.6967,0.5618,1.1074
-4.5178,-6.8979,0.3974,1.5079,0.8385,1.0933
-4.5944,-7.1876,0.4788,1.4652,1.2301,1.224
-3.8642,-7.372,0.4429,1.5446,1.5673,1.4861
-3.2273,-7.6042,0.328,1.6607,1.7389,1.7207
-2.5474,-7.6761,-0.0742,1.7529,1.7414,1.8416
-0.6775,-7.791,-1.7597,1.7297,1.5166,1.8135
-0.4022,-7.7862,-2.126,1.5898,1.3468,1.7158
0.3687,-7.7407,-3.7229,1.3418,1.2454,1.5875
1.2617,-8.1262,-3.2345,1.0522,1.3461,1.4556
2.4181,-9.9003,2.0422,0.7725,1.5911,1.3438
2.5258,-10.1612,2.636,0.5855,1.7371,1.2167
2.8706,-11.3296,4.2257,0.6979,1.4714,0.9571
2.9305,-12.2274,4.0701,0.9386,1.1195,0.7647
2.4468,-12.3902,-1.7477,1.0944,0.7701,0.5735
2.4468,-12.3902,-1.7477,1.1066,0.5502,0.4226
2.0231,-11.9186,-7.2188,1.0309,0.6724,0.3413
2.8323,-11.6816,-6.309,0.5782,1.5074,0.4556
4.5513,-12.237,0.0837,0.0901,2.081,0.6138
5.4878,-13.0558,3.5529,-0.2928,1.9772,0.6559
6.127,-14.1236,4.9036,-0.4205,1.2899,0.5167
5.7104,-15.1774,3.5338,-0.2946,0.5013,0.2516
2.7844,-16.3266,-4.5705,-0.0717,-0.1131,-0.0477
2.3151,-15.752,-7.2906,0.2459,-0.2078,-0.2285
4.5178,-14.4756,-4.8051,0.128,0.3174,0.0237
6.5125,-13.7406,-0.9337,-0.2574,0.8184,0.3139
4.8027,-12.2274,-2.6623,-0.6037,0.8074,0.2473
4.3622,-11.9737,-3.3758,-0.7051,0.5795,-0.1674
2.3846,-10.7239,-5.8996,-0.9055,0.4647,-0.8363
2.0661,-9.7351,-5.2627,-1.3655,0.6168,-1.1045
3.0142,-9.7542,-1.2497,-1.9659,0.8141,-1.2645
2.9185,-10.0655,-0.9744,-2.4607,0.8153,-1.4545
1.2186,-11.9282,-1.2401,-2.7222,0.6901,-1.7312
-1.7381,-13.822,-2.6384,-2.735,0.6711,-2.066
-7.1565,-18.6969,-3.0933,-2.6135,0.8177,-2.3225
-7.1565,-19.0177,-3.0933,-2.4937,0.8196,-2.1894
-9.7135,-21.0863,-0.0407,-2.2378,0.6754,-1.8986
-12.1556,-22.7694,2.8275,-1.9342,0.0865,-1.4319
-12.5818,-24.0671,4.1323,-1.63,-0.8028,-0.8119
-11.8731,-23.2554,1.2641,-1.371,-1.1076,-0.1308
-10.1277,-20.0113,-2.126,-0.9849,0.852,-0.2169
-7.9682,-14.0638,-3.2369,-1.0979,2.3455,-0.8149
-4.3191,-10.8963,-1.5346,-1.0637,2.982,-1.7227
-3.0406,-10.2067,-0.9002,-0.6935,2.4029,-2.3409
-1.221,-9.5866,-1.3024,-0.2598,1.4054,-2.5479
0.9002,-9.1892,-2.7269,0.2545,0.5453,-2.6322
2.4133,-8.0376,-1.458,0.3937,0.5771,-2.6952
2.5905,-7.8556,-1.1109,0.3614,0.7835,-2.8106
2.4037,-7.1757,0.1436,0.2612,0.8165,-2.9187
1.1611,-6.2922,0.6368,0.1488,0.5172,-3.0238
-2.3151,-4.4268,1.6998,0.018,0.0316,-3.0825
-2.3151,-4.4268,1.6998,-0.3111,-0.9078,-2.8619
-2.8802,-3.7086,1.7741,-0.5848,-1.5242,-2.4826
-3.2321,-3.4117,2.2625,-0.8725,-1.9133,-2.0318
-3.6487,-2.4085,2.3726,-1.1669,-2.0551,-1.6353
-3.6727,-2.3343,2.284,-1.4516,-2.2371,-1.3409
-4.2736,-1.8339,2.1547,-1.8358,-2.5969,-1.0929
-4.5346,-1.3335,2.9113,-2.0295,-2.7203,-1.0226
-4.9012,-0.2944,3.7756,-2.079,-2.7618,-0.9725
-5.1933,0.4046,3.9576,-1.8584,-2.6592,-0.9139
-5.3633,1.142,3.5458,-1.4015,-2.4937,-0.7929
-5.3273,1.6711,2.9089,-0.8297,-2.2829,-0.5975
-4.9562,1.1971,1.7932,-0.0973,-1.8486,-0.2639
-4.4747,0.316,1.4772,0.2331,-1.6482,-0.0599
-3.7852,-0.9145,1.0462,0.5073,-1.4979,0.1471
-2.8036,-2.3918,-0.2346,0.7981,-1.4369,0.3334
-1.8195,-4.9203,-4.9969,1.1396,-1.4674,0.5081
-1.889,-5.234,-6.3353,1.4597,-1.7172,0.659
-1.3838,-7.4151,-14.0758,1.817,-1.9604,0.8459
5.1191,-14.4062,-20.6865,1.7358,-2.2401,1.1092
22.4582,-31.3864,-30.9675,1.2679,-2.7392,1.4275
20.538,-32.9594,-28.1902,0.4383,-3.3312,1.3083
7.2978,-35.2103,-6.9865,-0.9629,-2.0392,0.0506
4.2066,-27.6491,-1.9153,-1.5536,3.373,-1.9371
3.0526,-9.3017,-7.1517,0.1439,2.3987,-1.6927
3.0526,-9.3017,-7.1517,0.7126,-0.3795,-1.3128
1.9823,-2.6719,-6.6825,0.1066,-2.0398,-1.19
1.0821,2.3774,-4.0485,-0.6361,-1.8577,-1.2047
-0.5291,2.3223,3.9432,-1.0246,-1.0001,-1.2095
-1.5227,0.4022,12.9098,-0.8022,0.6198,-1.1167
-5.653,-3.4117,15.5796,0.0944,1.6381,-0.8876
-15.3234,-13.3886,0.5841,1.5037,1.8654,-0.5174
-3.7373,-41.7369,-30.9627,2.5018,1.4072,0.1373
-2.6503,-43.5852,2.1691,1.2123,0.5502,1.3768
-1.1827,-24.3496,18.546,-2.7094,4.4219,1.4739
-3.4715,-9.2993,2.4899,-1.0912,2.0615,0.5442
-4.7548,1.1516,3.9576,0.4793,-2.4607,-0.4594
-4.3885,1.3144,5.3202,0.6265,-4.2633,-0.7819
-4.7716,1.3024,8.3752,0.7725,-3.5627,-0.5816
-8.7582,-1.0055,7.8939,1.511,-1.7722,-0.311
-12.5052,-6.467,3.9312,2.5018,0.4592,0.425
-12.5052,-6.467,3.9312,2.4578,2.4689,2.1715
-8.8971,-11.3751,3.3638,2.4578,2.4689,2.1715
-5.8158,-14.0758,4.4747,2.1121,2.9979,3.1348
-1.6711,-19.6474,1.1516,1.8219,3.1415,3.7378
-1.4006,-19.973,0.7852,1.7523,2.5911,3.8056
1.118,-20.9833,-0.9145,1.737,1.7493,3.323
2.3678,-18.5341,-0.3567,1.7431,0.3455,2.5741
-0.2609,-13.1085,0.1795,1.8451,-1.0093,1.7011
-1.3144,-10.6329,0.1005,1.9539,-1.6055,0.8881
-1.4628,-8.0208,0.2729,2.0162,-1.7661,0.4611
-0.711,-6.4598,0.7374,2.0418,-1.3831,0.4476
-0.7038,-5.2124,1.6041,2.04,-0.7704,0.5576
-0.9026,-4.7979,2.0207,2.0009,-0.1278,0.6584
-1.367,-4.3718,2.0159,1.9343,0.4072,0.7635
-1.7884,-4.8386,1.6136,1.8604,0.7738,0.8856
-1.6065,-6.5628,1.4197,1.8256,1.1702,1.0408
-1.6783,-6.6418,1.3742,1.88,1.9088,1.2699
-2.454,-7.1422,0.5075,1.894,2.2624,1.3102
-3.0717,-7.2762,-1.1252,1.8732,2.3834,1.3138
-1.2904,-7.0608,-2.3558,1.7547,2.1678,1.3902
-1.118,-6.9315,-2.3008,1.511,1.6962,1.516
-0.6655,-6.6202,-1.81,1.1414,1.1702,1.568
-0.565,-6.8237,-0.802,0.9912,1.1116,1.5356
1.0223,-9.2826,2.4349,0.9197,1.2411,1.4879
1.1947,-9.4669,2.5713,0.894,1.3242,1.4403
2.2625,-10.8891,3.6942,0.924,1.2344,1.359
2.5019,-11.8659,3.857,0.9686,1.0487,1.1911
2.533,-12.5722,1.956,1.062,0.8691,0.83
2.1739,-12.4669,-2.2122,1.1714,0.9277,0.6578
2.0183,-11.7247,-7.7862,1.2838,1.2906,0.5894
2.636,-10.8316,-5.3369,1.0565,1.8086,0.6315
3.3494,-10.7957,0.8667,0.4438,2.18,0.7158
3.6631,-11.5738,1.7932,-0.0283,1.88,0.6981
4.4795,-12.9481,2.1595,-0.0539,1.1659,0.593
5.0209,-14.3942,0.1508,-0.0038,0.5856,0.4397
3.9169,-16.3721,-3.7804,0.2209,0.5367,0.2497
3.7158,-16.3553,-3.5098,0.3461,0.7499,0.0768
3.9121,-15.6419,-0.1316,0.1537,0.8746,-0.0037
5.9618,-15.5317,2.0901,-0.1987,0.6998,0.0921
7.0464,-15.0912,-1.6256,-0.2897,0.2912,0.1013
6.7351,-14.8422,-2.2218,-0.3911,-0.0013,-0.1338
4.4819,-13.1827,-5.4351,-0.5823,0.0597,-0.5449
1.5705,-11.4637,-8.3895,-0.9,0.1776,-0.9108
-0.328,-9.4119,-2.1116,-1.4363,0.2472,-1.135
-0.328,-9.4119,-2.1116,-2.5658,0.5477,-1.2266
-0.1268,-10.5874,1.1204,-3.002,0.8031,-1.2462
-0.7015,-12.249,2.3535,-3.0392,0.998,-1.3219
-2.9807,-14.7704,1.0749,-2.8236,0.9069,-1.4643
-6.2587,-16.8031,-0.2896,-2.4412,0.6589,-1.6164
-8.8372,-19.1973,-0.0885,-1.9067,0.1843,-1.6701
-9.4909,-22.1397,0.2202,-1.7479,-0.5682,-1.3787
-11.5595,-23.7031,-0.7781,-1.6953,-1.278,-1.1075
-14.0303,-23.4134,-1.6807,-1.6709,-1.1992,-1.5315
-15.3115,-20.4925,-2.4085,-1.8523,-0.6134,-2.2419
-13.8076,-16.2572,-2.8179,-2.0447,0.483,-2.5919
-5.2866,-11.3176,-1.6232,-1.6397,2.5996,-2.339
-4.5992,-10.9896,-1.0702,-1.1046,3.2178,-1.9688
-2.6408,-10.415,0.3711,-0.6196,2.9845,-1.8607
-0.9888,-10.336,0.7374,-0.1767,2.1965,-1.9249
0.802,-10.1732,-1.288,0.1799,1.4011,-2.0507
0.8786,-10.1349,-1.3383,0.4011,0.8691,-2.3409
1.4867,-9.4693,-1.6831,0.2789,0.6766,-2.5577
0.4596,-8.3656,-1.2569,-0.0045,0.3205,-2.7385
-2.2002,-5.9307,1.2186,-0.3807,-0.1553,-2.8705
-2.2002,-5.9307,1.2186,-0.7369,-0.4827,-2.8534
-3.0382,-4.9084,2.0374,-0.991,-0.6989,-2.6848
-3.2225,-4.3167,2.2816,-1.1541,-0.7991,-2.2401
-3.1292,-3.6152,2.8586,-1.1901,-0.8223,-1.9371
-3.1603,-3.4261,3.1627,-1.258,-1.132,-1.6915
-3.4237,-3.0095,2.8945,-1.4198,-1.8339,-1.5376
-3.1244,-2.3247,2.5857,-1.5732,-2.5248,-1.4172
-3.4404,-0.9768,2.3558,-1.6972,-2.9591,-1.2871
-3.6439,-0.292,2.5737,-1.7155,-3.1051,-1.0709
-4.5992,0.7589,3.1124,-1.542,-2.8907,-0.8797
-5.1119,1.7022,3.0717,-1.1773,-2.592,-0.6439
-4.9155,2.9616,1.9105,-0.6935,-2.3025,-0.3555
-4.9586,3.0047,1.7645,-0.2409,-2.005,-0.0672
-5.1909,2.7389,1.3431,0.2215,-1.6482,0.2845
-4.9347,1.8411,1.0534,0.42,-1.523,0.5246
-3.1507,-0.9481,-2.6192,0.6466,-1.4466,0.7989
-3.1507,-0.9481,-2.6192,0.9637,-1.3691,1.0402
-2.9592,-2.703,-7.5396,1.3051,-1.2964,1.2021
-1.8124,-4.75,-13.1348,1.5586,-1.3819,1.3126
14.9859,-21.4502,-24.2323,1.6118,-1.7734,1.5435
14.9859,-21.4502,-24.2323,0.5947,-2.7331,1.3817
18.6825,-36.3715,-28.8318,0.5947,-2.7331,1.3817
2.624,-42.6586,-6.8668,-0.889,-1.8052,0.0041
1.3575,-30.9938,-2.9305,-2.3264,2.1384,-1.7092
2.3032,-18.2539,-5.9953,-0.0552,2.3748,-1.449
2.7174,-9.7973,-6.0193,0.5764,-0.0294,-1.3378
1.6328,-2.6431,-11.9353,0.1592,-1.6042,-1.4973
-1.537,-3.62,-9.4789,-0.3789,-1.4778,-1.6659
-1.3048,-9.4454,-3.4763,-0.8939,0.1238,-1.6823
1.2713,-19.1901,8.2411,-1.0057,1.9142,-1.3739
2.4253,-26.2676,8.5021,-0.1016,3.665,-0.5742
-6.4239,-12.4549,2.9735,-0.0613,2.902,-0.821
-7.0967,-10.0391,0.7015,-0.4522,2.1073,-1.033
-7.8173,1.2162,-0.8954,-1.0667,1.103,-0.7551
-7.9634,4.1611,2.8514,-1.9482,-0.5847,-0.438
-7.7551,-3.1244,10.5491,0.2783,-5.3012,-0.3702
-7.7551,-3.1244,10.5491,1.8054,-3.8522,-0.1417
-11.8563,-6.5268,9.0048,2.4633,-0.7295,0.1947
-14.0327,-10.281,4.8171,2.7278,1.5025,0.7696
-5.5811,-16.3697,3.6822,2.7798,2.6949,1.7482
-5.0257,-16.5684,3.711,2.4475,3.0101,2.9271
-0.2106,-18.3497,1.5753,1.9459,2.7841,3.8636
1.7118,-19.4151,-1.6519,1.8158,1.99,3.7152
0.9648,-18.4239,-1.8818,1.712,0.9039,3.0004
-1.1276,-15.9004,-0.7326,1.5867,-0.0532,2.0499
-1.8962,-13.0295,0.3758,1.489,-0.625,1.2845
-2.0733,-11.083,1.0606,1.4236,-0.9604,0.9938
-2.5067,-8.8492,1.0223,1.4157,-1.2823,0.9675
-2.5594,-7.8891,0.5315,1.475,-1.4259,1.0591
-2.4564,-6.886,-0.1532,1.6087,-1.3837,1.1727
-2.4444,-6.3688,-0.6344,1.8323,-1.0031,1.2332
-2.0135,-6.5484,0.8092,2.1035,-0.2512,1.2332
-1.9129,-6.5795,0.9911,2.2538,0.9833,1.1715
-1.7094,-6.7423,1.3934,2.1628,1.4396,1.1269
-1.6903,-6.8285,1.4915,2.0296,1.4958,1.075
-1.5394,-7.02,0.869,1.9111,1.3077,1.0512
-1.4532,-7.0512,0.7589,1.7853,1.0059,1.0726
-1.1994,-7.1422,0.553,1.6875,0.8654,1.1178
-0.8236,-7.4319,0.5099,1.6827,1.1592,1.2308
-0.158,-7.9945,0.0598,1.7242,1.505,1.312
-0.158,-7.9945,0.0598,1.6051,1.6675,1.3523
-0.0239,-8.2938,-0.8451,1.6051,1.6675,1.3523
-0.1077,-8.4901,-1.3383,1.4499,1.5251,1.3132
-0.1149,-8.6984,-0.8595,1.1506,1.2515,1.2595
0.1005,-8.9019,-0.2513,0.9954,1.059,1.2552
0.5051,-9.4214,0.632,0.9637,0.91,1.2693
1.0534,-9.8883,1.47,1.0718,0.819,1.2747
1.8387,-10.3839,1.8148,1.2147,0.7322,1.254
2.1188,-10.5706,1.4508,1.3119,0.6278,1.1868
2.1499,-10.7646,-0.0766,1.3503,0.5728,1.0219
1.9991,-10.8292,-2.703,1.277,0.706,0.8997
2.7126,-11.3871,-5.3657,1.128,1.0474,0.8282
3.0478,-11.5762,-4.8722,0.8714,1.527,0.8099
4.0438,-11.9904,-1.1228,0.5324,1.9289,0.783
4.3023,-12.6249,2.2194,0.1304,1.8758,0.6706
4.2209,-15.2444,2.7796,-0.2256,1.1116,0.3255
3.9767,-15.5988,2.2074,-0.2048,0.4885,0.064
2.5426,-16.6594,-1.5322,-0.0277,0.0688,-0.1821
1.8579,-16.894,-4.9371,0.2563,0.1098,-0.2926
6.2946,-15.4743,0.3136,0.3577,0.4518,-0.1705
6.2946,-15.4743,0.3136,-0.159,0.6785,0.0811
6.4191,-14.2649,0.0885,-0.3777,0.7774,-0.0972
5.483,-13.6496,-2.6336,-0.4687,0.7548,-0.504
3.1723,-12.5674,-5.1645,-0.6892,0.6455,-0.9664
2.2242,-11.9018,-4.8171,-1.1712,0.6528,-1.3635
1.3814,-11.5403,-3.8833,-1.7589,0.8171,-1.639
0.4908,-12.5028,-2.1643,-2.5603,0.5984,-1.8699
-2.8251,-14.3319,-1.3886,-2.9415,0.3785,-1.9859
-5.0233,-14.7464,-2.1068,-3.0172,0.5044,-2.0776
-7.7168,-15.3953,-2.9161,-2.8053,0.8074,-2.0373
-9.7111,-16.6259,-1.458,-2.5255,0.9027,-1.7392
-9.7447,-19.7647,4.9371,-2.2873,0.2729,-0.9951
-9.6034,-19.9754,5.0616,-2.126,-0.4918,-0.4576
-11.6361,-20.4111,2.8538,-1.7375,-0.6525,-0.3018
-15.254,-19.8245,-1.9009,-1.3526,0.0707,-1.0098
-10.1804,-13.6233,-5.7535,-1.2775,1.0572,-1.661
-8.9498,-12.8834,-5.5093,-1.2567,2.1366,-1.9621
-3.2225,-11.0399,-2.8514,-0.8303,3.2502,-1.9133
0.316,-10.4462,0.2418,-0.4296,3.3266,-1.8021
2.0159,-10.1301,0.4094,-0.0619,2.9393,-1.9591
2.0159,-10.1301,0.4094,0.249,2.2508,-2.2957
1.8363,-9.8668,0.4955,0.3833,1.5483,-2.6267
1.7357,-9.2538,1.0702,0.3833,1.0297,-2.8528
1.5011,-8.0711,0.6919,0.2685,0.5099,-2.9609
0.3399,-7.1541,0.6224,0.1286,0.1525,-2.9688
-1.1348,-5.9235,1.0486,-0.1315,-0.2438,-2.9114
-2.0733,-5.2244,1.2497,-0.4553,-0.6598,-2.7001
-2.4684,-4.5753,2.3391,-0.7772,-1.0648,-2.3586
-2.3056,-4.1946,2.5905,-1.2873,-1.7325,-1.763
-2.3702,-3.5266,2.77,-1.5933,-2.2768,-1.4105
-2.4756,-2.7772,2.6767,-1.8664,-2.8223,-1.1637
-3.7397,-1.403,3.1435,-2.0875,-3.2505,-1.0037
-4.0701,-1.1563,3.2896,-2.1987,-3.3428,-0.9029
-5.2866,0.1077,4.2281,-2.1309,-3.0929,-0.8223
-6.2707,1.1324,4.185,-1.5927,-2.4766,-0.6396
-6.1174,2.4372,2.3127,-0.9464,-2.2334,-0.4734
-6.1174,2.4372,2.3127,-0.3435,-2.0764,-0.3158
-5.6027,1.9488,1.6639,0.0712,-1.8498,-0.1924
-4.3239,0.6655,0.9002,0.3369,-1.6635,-0.0684
-2.3535,-1.9345,-0.6009,0.6808,-1.4509,0.2809
-2.2601,-2.1068,-0.814,0.9331,-1.3318,0.4996
-1.9776,-3.8259,-3.7469,1.1976,-1.2731,0.6602
-2.7269,-5.8086,-9.261,1.4133,-1.3538,0.7732
-0.4046,-9.996,-17.72,1.4774,-1.7062,0.9217
5.7104,-16.6331,-23.4063,1.3479,-2.2536,1.1941
20.6553,-29.6004,-32.4303,1.029,-3.1833,1.5105
15.6802,-38.2916,-22.3169,-0.1853,-3.0728,0.8508
2.9305,-32.9666,-0.2418,-2.5432,-0.0856,-1.0629
3.0693,-24.2011,-3.9624,-2.7564,2.5043,-2.0623
2.5905,-13.3623,-5.4064,-0.7577,1.3944,-1.7117
1.9584,-6.6537,-5.8301,0.0101,-0.8486,-1.3464
-1.3311,3.0286,-8.2171,-0.2897,-1.7276,-1.245
-2.0159,3.4715,-8.1549,-0.498,-1.1192,-1.2529
-3.1076,1.0055,-4.2018,-0.6795,-0.1455,-1.2047
-3.1603,-4.9203,5.1095,-0.8731,0.9845,-1.0147
-3.62,-22.9466,3.1483,-0.451,2.0945,-0.7068
-4.7548,-25.9755,0.2992,1.0962,3.0004,-0.1558
-7.5659,-32.2986,-6.6633,1.2612,2.2521,-0.0141
-6.3018,-21.0983,5.9858,0.1023,2.5062,0.0206
-6.1318,-0.5027,1.8124,-1.3221,3.0627,0.144
-6.0432,-0.2202,2.0135,-1.3997,1.147,0.2027
-4.9132,-0.5099,6.7974,-0.3258,-2.5218,0.2442
-5.55,-1.8579,8.1956,1.3949,-4.052,0.4104
-10.3145,-4.8099,5.8229,2.1371,-2.0563,0.5167
-12.4525,-6.4909,4.3694,2.6087,0.0639,0.819
-10.111,-9.9027,4.4292,2.613,1.549,1.4867
-5.9474,-12.9098,5.313,2.3057,2.5245,2.4501
-1.5945,-16.1686,5.1669,1.971,3.4707,3.3883
-0.5458,-17.9116,2.466,1.9447,3.3357,3.4219
0.0933,-20.064,-2.9879,2.0308,2.5972,3.0182
0.7422,-19.5133,-2.0901,1.9551,1.4592,2.337
0.3734,-15.661,1.7477,1.668,0.2405,1.6877
0.2561,-14.8973,1.7262,1.5104,-0.6501,1.1507
-0.6919,-11.4134,1.0199,1.679,-1.3355,0.5808
-1.367,-8.8109,-0.1604,1.8238,-1.4381,0.4379
-1.367,-8.8109,-0.1604,1.985,-0.7875,0.6779
-1.5921,-5.9522,-1.2138,1.9808,-0.0759,0.8905
-1.5993,-5.653,-0.2202,1.9808,-0.0759,0.8905
-1.154,-5.8852,0.3878,1.8067,0.91,1.1428
-1.312,-6.3976,0.7398,1.6765,1.3064,1.2008
-1.3527,-6.4359,0.7206,1.6136,1.5025,1.1605
-1.6424,-6.8836,0.3902,1.6106,1.5691,1.1031
-1.6112,-7.4582,0.0814,1.6039,1.5349,1.097
-0.9935,-8.3321,0.3663,1.5727,1.4463,1.1349
-0.5147,-8.7535,0.5626,1.497,1.3687,1.188
0.0742,-8.8277,0.6919,1.4634,1.3297,1.1599
0.383,-8.6002,0.5722,1.4487,1.3028,1.0872
0.0071,-7.6761,-0.3519,1.453,1.2918,0.987
-0.462,-7.1254,-0.8954,1.4456,1.2814,0.8911
-1.0199,-6.8094,-1.1587,1.3589,1.2466,0.8655
-1.1994,-7.4342,-0.407,1.1194,1.2154,1.0536
-0.0981,-9.7662,1.4006,0.9563,1.0908,1.2864
0.0478,-10.0463,1.5059,0.8946,0.7689,1.502
0.7829,-11.1668,1.4006,1.0034,0.4341,1.6107
1.8459,-12.079,0.2633,1.1854,0.2539,1.5967
3.122,-12.146,-3.3734,1.3284,0.2441,1.4146
3.213,-12.0622,-3.8546,1.2612,0.4634,1.1966
3.6607,-11.9497,-4.5513,1.07,0.8611,0.9492
3.96,-12.0335,-1.2234,0.7871,1.2551,0.7286
2.9616,-12.5483,2.3582,0.4512,1.4427,0.5191
2.8898,-12.656,2.2816,0.186,1.2612,0.3053
2.0685,-14.0111,0.3112,0.0297,0.6699,0.0823
1.2976,-15.5246,-3.11,0.084,0.5648,0.05
1.8794,-15.3785,-2.9209,0.2545,0.7457,0.1453
3.2704,-14.6121,-0.4596,0.3339,0.8526,0.3444
4.8937,-14.0015,2.035,0.2795,0.621,0.4996
5.1334,-13.9106,2.0063,0.081,0.0334,0.3389
3.4859,-13.5131,-0.9121,-0.1059,-0.0032,0.042
2.4181,-12.735,-2.9592,-0.3478,0.3242,-0.27
2.1595,-11.3847,-4.5154,-0.6575,0.786,-0.5553
2.454,-10.7646,-4.6806,-1.0356,1.202,-0.81
2.2936,-12.012,-3.7373,-1.4608,1.271,-1.0751
1.8459,-12.4669,-3.2752,-2.1235,0.7573,-1.5241
0.0095,-13.5586,-1.6184,-2.5066,0.3718,-1.8375
-2.4396,-14.2481,0.1675,-2.7045,0.2325,-2.0715
-6.8453,-15.5317,-0.6943,-2.6636,0.3052,-2.1491
-7.3768,-15.8262,-0.7924,-2.4479,0.3535,-2.0354
-9.2778,-17.3633,-0.2777,-2.2286,0.3107,-1.755
-10.6185,-20.7631,0.3016,-2.1144,-0.0404,-1.0489
-16.0465,-20.9091,-0.9217,-1.9268,-0.1314,-0.6958
-16.0465,-20.9091,-0.9217,-1.7082,0.1226,-1.0507
-15.5581,-17.325,-1.1779,-1.6758,0.5667,-1.5779
-11.8324,-13.4916,-0.6991,-1.6843,1.3975,-1.8137
-6.4167,-11.1764,-0.8714,-1.4785,2.7438,-1.7856
-3.5098,-10.1277,-0.4381,-1.1608,3.0162,-1.6292
-0.5937,-9.7638,0.2681,-0.8187,2.8605,-1.5987
1.0438,-10.0822,-0.0119,-0.4632,2.5239,-1.7086
1.6065,-10.1277,-0.553,-0.1627,2.0883,-1.9304
1.5777,-10.0367,-0.5195,-0.013,1.5819,-2.193
1.7597,-9.6537,-0.3543,-0.0454,0.9973,-2.4985
1.0366,-8.921,0.1244,-0.1651,0.7371,-2.6005
-0.4022,-7.3361,0.893,-0.3472,0.4897,-2.6481
-0.6296,-7.0919,0.9433,-0.5536,0.2118,-2.5974
-1.6687,-6.1342,1.0845,-0.7607,-0.1266,-2.4496
-2.624,-5.4064,1.5107,-1.0661,-0.5737,-2.1106
-3.3494,-4.0054,2.1883,-1.2903,-0.9268,-1.8155
-3.3494,-4.0054,2.1883,-1.4809,-1.3519,-1.5223
-4.1156,-3.2728,2.126,-1.6178,-1.7887,-1.3012
-4.1108,-2.7341,2.1571,-1.7106,-2.1387,-1.1448
-4.8889,-1.3335,2.4612,-1.7473,-2.3892,-1.0098
-4.8889,-1.3335,2.4612,-1.3838,-2.2689,-0.8467
-5.1382,-0.4596,2.5953,-1.3838,-2.2689,-0.8467
-4.9634,0.3351,2.4085,-1.024,-2.0471,-0.7172
-4.4388,1.2258,1.5921,-0.644,-1.7851,-0.5162
-3.9217,1.4197,1.1133,-0.3184,-1.5267,-0.2853
-3.2178,0.9911,0.7637,-0.0949,-1.3306,-0.0477
-2.5665,0.3016,0.4405,0.1402,-1.1632,0.2668
-1.4197,-1.2808,-0.723,0.3094,-1.1687,0.4482
-0.7493,-2.3056,-1.7645,0.5269,-1.2438,0.6028
-0.2537,-3.7205,-5.2531,0.7761,-1.4008,0.703
0.1053,-5.6338,-10.573,1.0009,-1.6201,0.7329
7.3696,-15.5102,-16.8318,1.0516,-2.0074,0.8074
8.6792,-17.4519,-17.5285,0.883,-2.2921,0.9058
14.5905,-25.5398,-23.7774,0.6081,-2.6873,0.8245
10.4821,-31.001,-12.7733,-0.1077,-2.1528,0.2467
2.8682,-23.9234,-3.8115,-1.2054,0.6565,-0.873
2.7365,-22.7311,-4.1228,-1.0332,2.6009,-1.5834
1.9488,-14.7321,-6.0432,0.288,0.8721,-1.3775
1.6711,-9.1557,-6.953,0.1494,-0.851,-1.1375
0.9217,-2.0159,-6.783,-0.3838,-1.402,-1.1032
0.6967,-1.7932,-6.7112,-0.8022,-1.3813,-1.1051
-2.308,-2.4564,-5.3321,-0.856,-1.1473,-1.0532
-3.4165,-8.9019,-2.387,-0.484,-0.2793,-0.6262
-2.5378,-17.2603,2.0422,0.103,0.5306,0.0353
-2.9305,-22.0895,-2.7557,0.704,1.4469,0.5704
-8.6146,-24.9053,-4.2784,0.7352,2.2527,0.7635
-10.166,-16.6426,5.471,-0.4626,3.2496,0.5417
-8.6194,-2.4636,5.5141,-1.7717,3.8464,0.425
-8.6768,1.6711,-0.1556,-1.2812,-0.2542,0.4379
-8.7558,3.3351,-1.3407,0.0828,-4.2187,0.3291
-6.8932,1.2641,6.6968,0.8342,-4.7984,0.3682
-6.1557,-4.2808,12.8547,1.5354,-1.6775,0.579
-7.0081,-5.2268,11.332,2.5702,2.2105,0.9143
-8.2315,-9.1054,4.8003,3.7242,4.5501,1.4696
-7.0991,-12.7087,-0.3423,3.6698,4.9417,1.8752
0.383,-17.2244,2.6551,2.9673,4.8091,2.3285
0.6584,-17.3992,2.4684,1.9386,3.8122,2.6077
0.6584,-17.3992,2.4684,1.2941,1.2918,2.1764
3.1938,-18.6753,-2.0278,1.2941,1.2918,2.1764
2.1883,-14.3918,0.0215,1.3076,0.2002,1.582
2.1236,-14.0494,0.1484,1.3064,-0.1094,1.2674
1.0295,-10.9082,1.1324,1.3149,-0.3831,1.0884
-0.4309,-8.5643,1.5466,1.3064,-0.735,0.9815
-1.2785,-7.1589,1.4867,1.3528,-1.0251,0.9846
-1.3599,-6.8716,1.1683,1.4579,-1.1278,1.1055
-1.3311,-6.7232,0.9672,1.671,-0.8199,1.3242
-1.6328,-6.807,0.4189,1.7816,-0.3782,1.3645
-2.4013,-7.5779,-0.1388,1.8146,0.0572,1.3297
-2.4947,-8.0496,-0.2178,1.7676,0.3932,1.2857
-2.3295,-8.6074,0.0119,1.6827,0.5691,1.265
-1.8052,-8.6816,0.2322,1.4536,0.4054,1.2735
-0.735,-8.4973,0.802,1.318,0.235,1.2741
-0.7326,-8.4709,0.9121,1.2648,0.2771,1.2576
-0.6296,-8.3153,1.3263,1.2868,0.4793,1.2155
-0.5961,-8.3009,1.0654,1.3772,0.7225,1.1697
-0.395,-8.6313,-0.3543,1.5018,0.9466,1.1416
-0.3399,-8.6649,-0.6224,1.5489,1.1494,1.1251
0.1604,-8.7918,-1.6328,1.4078,1.1519,1.108
0.2274,-8.9474,-1.8722,1.1579,1.0951,1.0933
-0.134,-10.3528,-0.055,0.9136,1.0969,1.0658
-0.0957,-10.4916,0.1412,0.7926,1.0535,1.0732
0.4955,-11.3655,1.4867,0.7993,0.3694,1.1642
1.2617,-11.8779,1.8674,0.9246,-0.3092,1.1721
2.1332,-11.9449,0.9864,1.1127,-0.7356,1.0933
2.1954,-11.4374,-0.6368,1.2178,-0.837,0.9382
1.6615,-10.9513,-4.1228,1.1909,-0.6287,0.7445
1.1635,-11.3703,-6.5101,1.0535,-0.1418,0.6046
-0.3663,-11.8779,-3.5841,0.599,0.9381,0.59
-0.407,-11.9856,-0.8882,0.2667,1.5013,0.6034
-0.1244,-12.1867,2.2912,0.0162,1.4103,0.6633
0.9481,-12.9529,3.213,-0.0949,0.9479,0.7531
1.6328,-15.4503,2.1667,-0.145,0.4347,0.8166
1.47,-15.7352,1.4149,-0.1779,-0.0038,0.783
0.2729,-15.8406,-2.4899,0.1359,-0.0404,0.6083
0.8331,-14.0758,-3.0573,0.4096,0.2869,0.5026
3.5625,-12.9529,-0.9313,0.4285,0.6522,0.4568
3.6894,-13.0319,-0.7182,0.2453,0.7878,0.3762
2.5665,-12.8715,-0.9888,-0.1071,0.6803,0.1795
1.2569,-11.7342,-2.521,-0.4852,0.9259,-0.2535
2.8036,-9.9314,-4.039,-0.6031,1.2851,-0.4423
2.952,-9.8668,-4.0294,-0.8432,1.381,-0.5596
3.8283,-9.6178,-3.6104,-1.2634,1.1946,-0.7355
4.0892,-10.1301,-2.9496,-1.7057,0.9424,-1.0189
2.873,-12.0383,-0.8164,-2.0906,0.7365,-1.3812
0.972,-13.4293,0.0095,-2.4479,0.5636,-1.9805
-2.1116,-14.7895,-0.2466,-2.4394,0.5783,-2.3018
-5.6242,-16.1662,-1.5921,-2.2897,0.6827,-2.4527
-9.6704,-18.6083,-2.2002,-2.1523,0.6992,-2.3726
-10.6185,-19.7599,-1.6184,-2.1034,0.4231,-1.9994
-11.344,-20.1956,0.8331,-1.911,-0.3074,-1.245
-12.7278,-18.2635,1.81,-1.6886,-0.727,-1.135
-12.2993,-14.0111,1.1994,-1.5805,-0.859,-1.3977
-11.5762,-13.2138,0.4884,-1.6025,-0.374,-1.5107
-9.0048,-11.3655,-1.8219,-1.6275,0.7872,-1.4478
-5.732,-9.8572,-2.5115,-1.6098,2.0835,-1.3384
-1.3694,-9.2634,0.4405,-1.3655,3.0694,-1.2511
-1.1731,-9.2874,0.5937,-1.0087,3.0114,-1.2951
-0.1221,-9.7087,1.1109,-0.5781,2.5764,-1.4496
0.0119,-9.8644,0.8427,-0.1847,2.0547,-1.6762
0.7876,-9.2036,0.2992,0.0681,1.5728,-1.8974
0.7876,-9.2036,0.2992,0.1757,1.2545,-2.0605
0.4908,-8.7056,0.1197,0.1146,0.822,-2.2578
0.2298,-8.1549,-0.1364,-0.0429,0.4946,-2.336
-1.2114,-7.5947,0.1747,-0.2537,0.2307,-2.3561
-2.1667,-7.1374,0.7565,-0.4962,0.02,-2.3244
-2.6431,-6.2587,1.3048,-0.743,-0.2335,-2.1814
-2.7772,-5.2914,1.4101,-1.0674,-0.8755,-1.8222
-3.0741,-3.9911,1.403,-1.2867,-1.4772,-1.6292
-3.1579,-3.4691,1.5634,-1.4913,-2.0447,-1.507
-3.6655,-2.5761,2.308,-1.6361,-2.4271,-1.4319
-3.8666,-1.5083,2.7964,-1.6593,-2.6189,-1.391
-4.8722,0.1723,2.9616,-1.4779,-2.5853,-1.314
-4.9586,0.3591,2.8467,-0.8248,-2.2511,-1.1081
-4.7261,1.0797,2.1954,-0.2971,-1.9396,-0.8626
-4.5633,1.3479,1.5897,0.1323,-1.6299,-0.5712
-3.4691,-0.3974,0.656,0.4078,-1.3855,-0.3103
-3.3566,-0.5195,0.5985,0.577,-1.1803,-0.0733
-2.4516,-1.4245,0.0909,0.7065,-1.1064,0.2454
-1.3215,-2.3726,-0.814,0.8232,-1.0917,0.3768
-0.9313,-4.592,-6.206,0.971,-1.1785,0.4336
-0.972,-4.7788,-6.8118,1.1152,-1.366,0.4318
-0.7086,-7.3912,-12.6033,1.1897,-1.6983,0.455
3.2273,-14.3655,-20.3393,1.1567,-2.1394,0.5955
19.0871,-26.531,-23.6241,0.6515,-3.2133,0.9876
19.2811,-32.7511,-22.5372,-0.3484,-3.3446,0.7854
6.4263,-35.4018,-7.5252,-1.6013,-1.1247,-0.6445
0.1125,-27.5868,-2.6767,-2.1235,2.3608,-2.0739
0.2513,-13.7861,-5.4303,-0.9421,2.3559,-2.0367
1.0007,-9.6058,-5.2819,0.0303,0.2087,-1.325
1.5107,-2.7892,-6.0576,-0.0026,-1.0703,-1.0336
0.6224,2.2481,-5.9283,-0.1828,-0.8376,-1.1234
-1.8435,5.4758,-4.1012,-0.3038,-0.1296,-1.1704
-2.0566,5.2938,-2.77,-0.3588,0.6931,-1.0733
-3.4524,2.3151,6.1749,-0.3771,1.2643,-0.8076
-7.2331,-3.608,10.2043,0.2441,1.9375,-0.0849
-10.1636,-27.3594,-7.9107,1.1408,2.0547,0.6755
-6.1174,-31.8749,-11.1333,1.5947,1.2069,1.458
-3.1723,-39.709,-11.4254,0.8928,0.0963,2.0408
0.3902,-27.8741,8.3752,-0.6636,1.2325,2.0872
-5.1286,-3.4189,0.3184,-1.5414,3.5984,1.5142
-5.3992,-2.6408,-0.0359,-0.4113,0.0523,0.0096
-5.1143,0.5123,3.1411,0.3858,-2.6287,-0.4521
-4.5896,1.3335,6.4454,0.7932,-3.187,-0.3531
-7.9107,0.3088,4.774,1.3644,-2.1522,-0.132
-10.032,-2.3606,3.5386,2.1762,-0.6391,0.166
-11.0591,-6.0408,3.4332,2.6362,1.4653,1.0426
-8.3847,-9.4358,3.462,2.3974,2.69,1.8074
-4.3454,-13.6113,3.8139,2.1243,3.6192,2.5008
-2.9712,-15.5293,3.8187,1.8665,3.957,2.8673
-1.3431,-18.0361,2.4708,1.6265,3.5385,2.8911
0.1436,-19.1182,0.9409,1.4511,2.5972,2.6455
2.7365,-17.6267,0.0119,1.2844,0.8232,2.0231
2.6336,-16.5588,0.2609,1.3552,-0.3507,1.5423
0.8331,-13.2713,0.5961,1.5477,-1.027,1.0194
-0.0335,-10.5659,1.2617,1.7242,-1.2194,0.6004
-0.1604,-7.0057,1.0534,1.8458,-1.2084,0.5044
-0.1532,-6.8405,0.9552,1.9447,-1.1094,0.5961
-0.462,-5.6649,0.2011,1.9588,-0.9103,0.6749
-1.3383,-4.9419,-0.1532,1.8885,-0.509,0.7549
-2.533,-6.7304,0.158,1.7334,0.1012,0.8594
-2.533,-6.7304,0.158,1.3302,1.2325,1.1257
-3.2537,-7.7527,0.4501,1.3302,1.2325,1.1257
-3.0861,-8.5188,0.5985,1.3357,2.0291,1.2357
-2.4564,-8.8013,0.9959,1.4811,2.3571,1.301
-1.4844,-8.7343,1.221,1.58,2.3302,1.3481
-0.1005,-8.447,1.1563,1.6002,1.9515,1.3627
0.9217,-8.107,0.8116,1.555,1.4182,1.3255
1.2569,-7.2236,-0.1771,1.4511,0.9088,1.2222
1.221,-6.9195,-0.8547,1.2899,0.5209,0.995
0.5506,-6.807,-2.5115,1.1781,0.5441,0.8991
-0.2825,-7.5037,-2.3127,1.0412,0.8031,0.8881
0.1125,-10.1852,1.6663,0.8427,1.1287,0.9876
0.4237,-10.5994,2.2888,0.7157,1.1189,1.1813
1.2378,-11.4541,2.9855,0.9044,0.3871,1.3865
1.6448,-11.8156,2.1332,1.1036,-0.2127,1.3456
1.786,-11.7294,-2.521,1.2086,-0.5059,1.1953
1.8722,-11.6624,-3.2992,1.2178,-0.3239,1.0041
2.3774,-11.8228,-5.5476,1.1317,0.3181,0.8551
2.7341,-12.4333,-4.2137,0.8696,1.0444,0.7891
1.3575,-12.9146,2.1619,0.3284,1.5734,0.6663
1.2689,-12.9122,2.2697,0.0413,1.2484,0.5252
0.5554,-12.9337,2.3678,-0.0845,0.7041,0.4318
-0.1221,-13.3455,0.1173,-0.0613,0.4109,0.4208
-0.5434,-13.8555,-3.5984,0.092,0.4195,0.4476
-0.3351,-13.494,-3.6583,0.2935,0.6827,0.4818
1.221,-13.2306,-1.6424,0.2642,0.8599,0.48
3.1794,-14.5666,-0.3399,0.0828,0.8526,0.4238
3.4189,-15.1678,-1.2569,-0.2164,0.7872,0.2155
2.8467,-14.3822,-2.4971,-0.4974,1.0297,-0.1179
2.5641,-12.3471,-4.3239,-0.6953,1.5343,-0.4667
3.2178,-10.7023,-4.6686,-1.1779,1.8923,-0.8155
5.1071,-9.9386,-2.8538,-1.6452,1.8153,-1.0348
5.2699,-10.0655,-2.4444,-2.1541,1.5135,-1.3152
4.5777,-11.3081,-1.0462,-2.5933,1.1763,-1.7086
1.9512,-13.0917,-0.407,-2.8297,1.0279,-2.1851
-5.1717,-15.989,-2.9017,-2.8175,1.078,-2.6084
-6.151,-16.4631,-3.043,-2.4638,1.1885,-2.8827
-8.7415,-18.4814,-1.1994,-2.275,0.9943,-2.7227
-9.7734,-19.8126,1.7118,-2.1413,0.4176,-2.212
-12.3112,-22.2211,1.5729,-1.8419,-0.435,-1.5889
-12.5483,-22.1637,1.2042,-1.4974,-1.2035,-1.0666
-13.8794,-20.3824,-1.6041,-1.2512,-0.5847,-1.1472
-12.0622,-16.1614,-3.3207,-1.4681,0.8336,-1.3116
-6.9482,-11.6983,-2.5498,-1.6404,2.4848,-1.4447
-3.7995,-10.6688,-1.4844,-1.4198,3.4549,-1.5498
-1.118,-10.3193,-0.5554,-0.8743,3.3223,-1.5938
0.2968,-10.111,-0.5961,-0.3172,2.6858,-1.7104
1.3694,-9.5866,-0.3974,0.1732,1.7371,-1.9988
1.5466,-9.1916,-0.146,0.2453,1.4017,-2.1814
1.1276,-8.605,0.6895,0.2135,1.2179,-2.3403
0.9552,-7.9107,0.8571,0.0944,0.8947,-2.4386
-0.462,-6.4694,0.3663,-0.0509,0.4305,-2.4368
-0.8595,-6.3185,0.3998,-0.3307,-0.184,-2.3158
-2.5905,-5.8086,1.0917,-0.5781,-0.479,-2.1472
-3.2992,-5.4423,1.7022,-0.8389,-0.6873,-1.8564
-3.6439,-3.936,1.8602,-1.06,-0.9427,-1.4802
-3.6439,-3.936,1.8602,-1.2738,-1.3721,-1.1222
-3.1387,-2.8802,1.7908,-1.4968,-1.9427,-0.8461
-3.1938,-1.8698,1.7597,-1.8334,-2.7013,-0.661
-4.4556,-0.1292,2.6815,-1.9995,-2.8987,-0.7215
-4.5154,-0.0215,2.7509,-2.0564,-2.8651,-0.8241
-5.0544,0.8379,3.1028,-1.9006,-2.5456,-0.8668
-5.1957,1.5466,2.7748,-1.5286,-2.1412,-0.7709
-4.6016,1.798,2.1404,-0.9843,-1.8229,-0.5596
-3.8355,1.3383,1.8052,-0.1559,-1.2267,-0.1876
-3.0597,0.0766,1.2761,0.2685,-0.9647,0.0139
-2.4205,-1.2617,0.6057,0.6033,-0.8614,0.1752
-0.3758,-3.7038,-0.5913,0.8757,-0.859,0.3297
0.395,-4.6974,-1.5083,1.0932,-0.9836,0.4739
0.3974,-6.4191,-4.4867,1.3888,-1.3745,0.5435
-1.1563,-7.9203,-9.115,1.5532,-1.8529,0.5338
10.925,-20.8301,-24.5845,1.6894,-2.7093,0.6682
14.138,-23.1525,-26.8087,1.7444,-3.4576,1.0243
15.7113,-31.748,-22.1325,1.0095,-3.0825,1.0616
9.17,-36.2589,-5.6218,-0.586,-0.7527,-0.0758
4.8578,-19.6976,-5.732,-1.4919,3.7694,-2.135
4.8578,-17.4519,-6.6992,-0.3136,2.1751,-2.3372
4.841,-10.1565,-9.1222,0.0468,-0.6,-2.0648
3.5218,-3.8905,-8.6816,-0.3856,-1.6452,-1.8326
-1.3646,-5.3273,-1.7381,-0.9317,-1.5083,-1.6671
-1.3168,-6.2156,-0.7374,-1.283,-0.8626,-1.2981
-1.3192,-12.8236,8.7654,-1.0955,0.0872,-0.7764
-4.4316,-19.1733,-0.6584,-0.2555,1.3956,-0.2902
-12.3735,-20.1047,-0.814,0.478,2.0511,-0.0373
-12.5267,-13.2641,1.3287,-0.3123,2.7505,0.1049
-10.2498,-3.0214,2.7198,-1.498,2.9521,0.3383
-7.8963,1.8315,0.7972,-1.6086,-0.9781,0.6083
-5.6027,1.4484,5.2459,-0.3245,-4.0544,0.5594
-4.8195,-0.2801,8.6242,0.8421,-3.7331,0.4996
-6.2491,-3.4835,11.1931,1.7596,-0.7924,0.4996
-9.2203,-7.9705,9.1222,2.4352,1.5911,0.7183
-10.0822,-15.898,2.2577,2.974,2.6351,1.2185
-9.2538,-16.8605,1.3168,3.2324,3.2985,2.2191
-4.1156,-20.3345,0.5841,2.8659,3.362,2.9797
0.0694,-22.7239,1.6519,2.153,2.8519,3.403
3.0933,-19.8628,-1.3934,1.5953,1.778,3.2259
2.8874,-18.8405,-1.2378,1.3766,0.425,2.5319
1.0438,-14.2529,-0.3184,1.1475,-1.1192,1.2772
-0.0909,-10.834,0.6679,1.0394,-1.7441,0.7506
-0.8259,-6.862,1.8171,1.062,-2.1161,0.5936
-0.8427,-6.6753,1.7932,1.2282,-2.2237,0.6559
-0.8858,-5.404,1.3599,1.5104,-2.0832,0.7952
-1.1587,-5.1621,0.7254,1.803,-1.7301,0.9485
-1.379,-5.5955,0.4141,2.0602,-0.906,1.1135
-1.6591,-6.2204,0.5386,2.0394,-0.2481,1.1397
-1.9752,-7.439,0.4165,1.858,0.3498,1.1043
-2.442,-8.9234,0.3351,1.6216,0.7933,1.0664
-2.691,-9.1796,0.5674,1.4401,1.1293,1.064
-2.3942,-8.8085,0.7948,1.3644,1.4109,1.1397
-1.7812,-8.1645,0.9744,1.3351,1.2826,1.2222
-1.0821,-7.7431,1.1707,1.3339,1.0768,1.2711
-0.1436,-7.111,1.3263,1.3864,0.976,1.2631
-0.079,-7.0129,1.2354,1.4634,1.0022,1.1978
-0.0766,-6.692,0.6847,1.5,0.9888,1.0952
-0.7517,-6.4766,-0.4165,1.4377,0.9503,0.9608
-2.0733,-7.3504,-0.9911,1.3558,0.9845,0.9443
-2.0733,-7.3504,-0.9911,1.2105,0.9912,1.0445
-0.4932,-8.3991,0.881,1.0125,0.8666,1.2491
0.9337,-9.3951,1.8267,0.9618,0.6217,1.4385
1.6519,-10.6736,1.616,1.0919,0.0853,1.3908
1.6184,-10.7311,1.5418,1.1231,-0.2035,1.1972
0.9385,-11.4182,0.4285,1.1469,-0.1785,0.9773
-0.1532,-12.3591,-2.0566,1.1891,0.2081,0.8068
-0.6368,-13.3264,-4.9084,1.1677,0.7286,0.7451
0.1436,-13.6544,-4.616,0.9734,1.1837,0.8148
1.5083,-13.5083,-2.3439,0.4389,1.6064,0.9797
2.6192,-13.3144,-0.3663,0.1787,1.6607,0.9553
3.9983,-13.6328,1.5921,-0.0008,1.4824,0.8307
4.2161,-13.8818,1.7501,-0.148,1.147,0.6272
3.7158,-14.3702,0.802,-0.2183,0.7878,0.356
2.4923,-14.5929,-1.4676,-0.1498,0.5581,0.0591
1.8459,-13.81,-2.3104,0.0694,0.4977,-0.1943
2.2266,-13.7669,-1.8243,0.0883,0.4977,-0.1436
3.7469,-14.4636,-0.5434,-0.0405,0.3181,-0.0135
3.9624,-14.7249,-0.7637,-0.2598,0.0102,0.0365
2.806,-12.3591,-3.8211,-0.4076,-0.0209,-0.0843
2.806,-12.3591,-3.8211,-0.936,0.7151,-0.6689
3.6128,-11.1788,-4.3502,-0.936,0.7151,-0.6689
4.0438,-10.7143,-3.9863,-1.4418,0.7719,-0.9084
3.4524,-10.8005,-1.4987,-1.9788,0.6443,-1.212
3.4524,-10.8005,-1.4987,-2.4559,0.4922,-1.5412
1.2018,-11.83,-0.6416,-2.8334,0.326,-1.8687
-2.0638,-13.0558,-0.2801,-3.049,0.0926,-2.2511
-6.5508,-14.3942,-1.3096,-2.9665,0.1403,-2.3164
-8.5452,-15.412,-1.3551,-2.7564,0.2411,-2.1368
-9.8476,-16.9611,0.7709,-2.567,0.2435,-1.6817
-10.324,-19.6378,2.7365,-2.3905,0.0004,-1.0318
-12.5698,-20.1262,1.9009,-1.9403,-0.5346,-0.3586
-13.7861,-19.3625,1.3407,-1.6373,-0.3013,-0.7728
-13.3886,-16.0944,-0.8906,-1.5371,0.4616,-1.328
-9.8284,-12.3088,-1.8507,-1.4314,1.7536,-1.6952
-0.7613,-10.4892,-0.2442,-1.2182,3.0334,-1.8748
0.1292,-10.5276,-0.0478,-0.8927,3.5269,-1.7868
2.4229,-10.8149,-0.5003,-0.3325,2.8434,-1.8424
3.4644,-10.8843,-1.1444,-0.0558,1.902,-2.1081
3.4572,-10.5252,-0.5865,0.0437,1.1488,-2.3989
3.3183,-10.5252,-0.5865,0.0321,0.833,-2.6762
1.7717,-10.0128,0.6751,-0.0454,0.7591,-2.8931
1.2306,-9.3903,1.2593,-0.1529,0.5978,-3.0116
-0.4213,-7.7335,1.3575,-0.3557,-0.2005,-2.868
-0.5554,-7.6497,1.3742,-0.5316,-0.8547,-2.661
-1.6903,-7.0416,1.7525,-0.7442,-1.4246,-2.3818
-2.3056,-6.4622,2.4995,-0.9427,-1.7661,-2.0177
-3.0095,-5.4925,3.2369,-1.1126,-1.9451,-1.6225
-3.4691,-4.5801,3.3255,-1.3032,-2.358,-1.0788
-3.924,-3.4859,2.8299,-1.4265,-2.7747,-0.7923
-4.094,-2.5665,2.3774,-1.5872,-3.1125,-0.5858
-4.5705,-1.5993,2.4349,-1.779,-3.2951,-0.4545
-4.8817,-1.233,2.5833,-1.8957,-3.2126,-0.4148
-5.313,-0.4572,3.3279,-1.801,-2.8663,-0.4508
-5.3489,0.4046,2.7198,-1.1688,-2.3684,-0.5455
-4.5178,0.9433,1.0486,-0.4626,-2.1919,-0.5632
-4.4125,0.8834,0.869,0.1579,-1.8565,-0.4563
-3.5673,-0.0502,0.3543,0.6106,-1.5218,-0.2389
-3.0238,-1.1133,0.0526,0.946,-1.3306,0.0139
-1.7525,-3.5673,-2.3463,1.3241,-1.3238,0.3255
-1.7357,-3.7325,-2.6264,1.5489,-1.3953,0.4977
-2.1092,-5.2843,-6.2898,1.7413,-1.5566,0.6413
-3.0813,-7.2451,-11.7318,1.8903,-1.8425,0.7812
9.4741,-20.7056,-23.9689,1.8989,-2.2945,0.9901
11.1644,-20.7056,-23.9689,1.6674,-2.7362,1.2998
18.06,-28.7265,-26.0426,0.2856,-2.6488,1.1868
12.8451,-33.8501,-10.5922,-1.3697,-1.0917,-0.0965
4.7333,-28.9348,-0.1484,-2.3954,1.3968,-1.6103
4.0294,-19.0488,-4.1395,-1.3991,1.9998,-2.212
3.0214,-10.4725,-5.3824,-0.1205,0.3627,-1.9633
2.2577,-4.7381,-5.0185,-0.0002,-1.2041,-1.7257
-0.5626,1.7381,-4.3287,-0.3979,-1.3422,-1.5974
-2.2002,1.9369,-3.5242,-0.4864,-0.8205,-1.5235
-3.2321,-3.6774,0.6392,-0.4369,0.02,-1.3122
-1.6591,-10.5922,9.0408,-0.0924,0.7683,-0.807
-2.7892,-28.9683,-16.1279,0.792,1.4799,-0.1656
-5.6937,-31.0513,-13.7956,1.5202,1.9252,0.2748
-8.6266,-22.597,3.8546,-0.4394,2.8202,0.0542
-5.9091,-9.3616,8.3488,-2.1755,3.6406,0.2033
-6.2419,1.9488,-2.6527,-2.1193,1.315,0.4654
-6.0456,2.2457,-2.5713,-0.63,-3.6067,0.3456
-6.5292,1.1587,5.4973,0.602,-5.7031,0.3169
-5.7846,-2.2744,11.7821,1.3754,-2.3996,0.3975
-9.8141,-8.2818,5.4088,2.0736,0.5911,0.7195
-9.8141,-8.2818,5.4088,2.7486,2.1647,1.1837
-9.1772,-11.6433,1.5849,2.993,2.9943,1.7164
-5.0017,-14.3559,2.3223,2.6723,3.4164,2.3816
-1.0486,-16.6498,2.3726,1.7456,2.8605,3.0737
0.3184,-17.8182,-0.1029,1.4456,1.9197,2.94
1.7956,-18.3186,-2.2146,1.4059,0.9204,2.4812
2.0326,-16.4008,-1.5682,1.4255,-0.0062,1.9559
1.1444,-13.2019,0.2106,1.4365,-0.6733,1.4562
0.2753,-11.6361,0.7374,1.4163,-0.997,1.0359
-1.0989,-9.182,1.1492,1.3632,-1.4179,0.6596
-1.0989,-9.182,1.1492,1.5324,-1.4546,0.8539
-1.6567,-6.4766,-0.0718,1.5324,-1.4546,0.8539
-1.6136,-6.5053,-0.0502,1.6637,-1.1785,1.1068
-1.4796,-6.7567,0.0215,1.7596,-0.7319,1.345
-1.4939,-7.3433,0.0718,1.7498,-0.0746,1.4886
-1.3958,-8.5811,0.2753,1.6503,0.1977,1.4849
-1.4269,-8.5811,0.328,1.4921,0.2863,1.4317
-1.3742,-8.6194,0.735,1.31,0.2362,1.3499
-1.288,-8.4973,0.8188,1.1781,0.1342,1.2705
-1.209,-8.1549,0.9576,1.1365,0.0762,1.2118
-1.1635,-8.1262,0.9193,1.1903,0.125,1.1459
-0.9026,-8.0136,0.6703,1.2886,0.2075,1.1129
-0.6847,-7.8389,-0.0359,1.3992,0.3248,1.0726
-0.7445,-7.5492,-1.4796,1.4218,0.3969,1.0194
-0.9433,-7.5779,-2.3511,1.3363,0.4708,0.9687
-1.1875,-7.8844,-2.2266,1.1842,0.5923,0.9467
-0.6488,-8.4566,-0.7469,0.9099,0.6925,1.0005
0.3327,-9.4717,0.8714,0.8513,0.5471,1.0481
0.6057,-9.8476,1.2234,0.9093,0.2148,1.028
0.8523,-10.3767,1.4125,0.9973,-0.14,0.9339
0.7517,-10.7574,1.0917,1.0724,-0.3428,0.7989
-0.0981,-10.8627,-0.9624,1.0926,-0.2591,0.6028
-0.2226,-10.7789,-1.4484,1.04,0.0242,0.5423
-0.8499,-10.4054,-4.0605,0.9478,0.4408,0.5729
-1.2114,-10.3695,-5.6961,0.8061,0.8947,0.6914
0.2753,-10.9801,-1.7597,0.6002,1.2466,0.7952
0.5554,-11.0064,-0.9911,0.3675,1.3535,0.8447
0.5554,-11.0064,-0.9911,-0.0649,0.5239,0.6944
2.6623,-12.1915,2.0661,-0.0649,0.5239,0.6944
2.7557,-15.3043,0.6296,-0.1627,0.213,0.5106
2.6934,-15.503,0.3998,-0.1975,0.0676,0.2613
2.308,-17.064,-2.2337,-0.1248,0.2289,-0.008
3.1555,-18.2563,-3.8067,0.015,0.8941,-0.248
5.1238,-18.728,-3.0286,-0.145,1.2234,-0.3354
6.2659,-17.4878,-1.7453,-0.462,1.2374,-0.5229
6.1031,-15.1367,-2.035,-0.7485,0.9656,-0.8455
5.0496,-13.4269,-3.0765,-0.9873,0.5838,-1.2926
2.5091,-10.9825,-4.422,-1.2977,0.4134,-1.7385
1.5729,-10.245,-4.4316,-2.0246,0.326,-2.1991
0.0335,-9.4717,-3.0238,-2.6483,0.1531,-2.3176
-2.1954,-10.6353,-1.8626,-3.14,0.0823,-2.2834
-6.6609,-13.8316,-1.051,-3.2427,0.3016,-2.121
-7.1015,-14.2577,-0.8882,-3.0221,0.7365,-1.8711
-8.5404,-15.9364,-0.0335,-2.6697,0.9564,-1.4759
-9.5268,-17.4112,0.6823,-2.1578,0.8049,-0.6689
-9.9889,-18.874,1.5107,-1.9281,0.4146,-0.1741
-10.4509,-18.6466,1.5155,-1.7613,0.1843,-0.091
-11.9401,-16.7863,0.6823,-1.6538,0.3095,-0.8186
-10.9801,-14.399,-0.96,-1.663,0.7261,-1.5028
-2.9113,-12.5028,-1.3527,-1.5347,1.9069,-1.9908
-2.9113,-12.4932,-1.2761,-1.2848,2.632,-1.8937
1.1013,-12.7853,-0.3782,-0.9226,2.8403,-1.7544
