correr
-1.5571,-1.2479,-2.0841,-0.7042,-0.2054,0.5802
-1.7582,-0.3426,-2.3331,-0.6414,-0.3982,0.8721
-1.7582,-0.3426,-2.3331,-0.571,-1.1386,1.4495
-1.6361,0.2418,-2.2254,-0.4986,-1.636,1.6156
-1.2886,-0.1939,-0.4528,-0.4986,-1.636,1.6156
-0.9463,-0.872,-0.0718,-0.3516,-2.06,1.7158
-0.1508,-1.3317,-0.7688,-0.179,-2.3648,1.7818
-0.1508,-1.3317,-0.7688,-0.2728,-2.597,1.8926
1.1857,-1.3892,-1.2264,-0.5849,-2.6002,1.9949
7.2631,0.1843,0.5796,-0.5849,-2.6002,1.9949
12.6889,1.9668,4.9922,-0.8832,-2.581,2.0609
12.6889,1.9668,4.9922,-0.8107,-1.7415,1.6412
18.6104,4.7213,8.7508,-0.5029,-0.836,1.2311
24.5728,20.3136,13.7331,-0.5029,-0.836,1.2311
24.0602,30.0777,12.0634,-0.2664,0.5434,0.9659
24.0602,30.0777,12.0634,-0.5764,2.8966,0.9051
13.7765,23.617,12.1308,-0.5764,2.8966,0.9051
13.7765,23.617,12.1308,-0.2185,2.4949,1.0394
9.8335,18.268,14.9311,0.2844,1.9037,1.2236
9.5627,17.518,15.6784,0.5656,1.7258,1.4324
11.4287,19.0991,13.9944,0.6103,2.1007,1.4718
13.4027,18.9195,11.7019,0.605,2.5728,1.3589
12.5881,16.6821,9.4214,0.6178,3.0723,1.2876
5.5264,12.2696,6.0701,0.6178,3.0723,1.2876
5.5264,12.2696,6.0701,0.6849,3.8446,1.3557
-0.1053,9.3712,2.7021,0.6849,3.8446,1.3557
-2.3068,7.7254,1.6313,0.7169,3.8468,1.4111
-2.3068,7.7254,1.6313,0.7989,3.2609,1.4878
-4.7333,3.6748,-0.1316,0.7989,3.2609,1.4878
-4.8557,1.684,-0.9319,0.8457,2.8039,1.4974
-4.8557,1.684,-0.9319,0.8947,1.9772,1.3674
-4.8557,-1.5475,-2.1176,0.8947,1.9772,1.3674
-4.8892,-2.6853,-2.7715,0.9001,1.6682,1.2769
-4.8509,-3.3417,-3.5691,0.9097,1.452,1.2087
-4.8078,-3.4398,-4.0674,0.9214,1.3156,1.1533
-5.0831,-3.1669,-3.4733,0.9416,1.1974,1.05
-5.4282,-2.7667,-2.0195,1.0077,1.0376,0.87
-5.3202,-2.3499,-0.5605,1.1664,0.8288,0.625
-4.7572,-1.9883,0.2466,1.3933,0.57,0.3501
-4.0842,-1.5044,0.1388,1.6085,0.2387,0.054
-3.6628,-0.9151,-0.7233,1.7299,-0.1692,-0.2772
-3.6748,-0.3881,-1.6241,1.7011,-0.5846,-0.6596
-4.2329,-0.1292,-2.0649,1.5168,-0.9138,-1.0816
-4.8365,0.158,-1.7486,1.2399,-1.1417,-1.4895
-4.9993,0.8601,-1.0348,0.964,-1.3377,-1.84
-4.9993,0.8601,-1.0348,0.5102,-1.8597,-2.5388
-4.5106,2.5561,-0.9367,0.1438,-2.1602,-2.966
-1.7702,10.2501,3.1621,0.1438,-2.1602,-2.966
0.661,17.6282,7.9337,-0.1343,-2.5395,-3.4411
0.661,17.6282,7.9337,0.2258,-3.4705,-4.6181
6.8294,32.8661,12.1068,0.3536,-2.8622,-5.2456
-3.0421,39.7817,11.4742,0.3536,-2.8622,-5.2456
-2.1631,28.5517,14.6986,-0.2099,-0.9692,-4.3337
-2.1631,28.5517,14.6986,0.3515,-0.4664,-2.2022
1.6528,31.2251,9.2535,0.3515,-0.4664,-2.2022
-2.5321,29.4884,6.7983,0.5603,-1.2291,-2.3439
-2.4648,27.5,4.9395,0.4207,-1.3005,-2.1596
0.5413,25.04,5.1454,0.0671,-1.1812,-1.5268
0.5413,25.04,5.1454,-0.1194,-2.3648,-0.5094
2.2278,17.7553,5.5335,-0.1194,-2.3648,-0.5094
1.6098,14.6291,4.8629,-0.2078,-2.4319,-0.3081
1.6098,14.6291,4.8629,-0.4901,-1.7255,0.0945
1.7366,11.6852,3.5332,-0.5796,-1.4102,0.3033
2.6063,5.9361,1.9138,-0.5796,-1.4102,0.3033
2.6686,3.2603,0.9989,-0.684,-1.0374,0.43
2.8529,0.7879,-0.3115,-0.8352,-0.5623,0.4577
3.0804,-1.3628,-1.3868,-1.0344,-0.134,0.3917
3.0804,-1.3628,-1.3868,-1.3444,0.1865,0.0135
3.1573,-3.1669,-1.8444,-1.3455,0.1066,-0.2282
2.9487,-4.5657,-1.9641,-1.24,-0.0616,-0.4146
1.3605,-5.3875,-2.4839,-1.24,-0.0616,-0.4146
1.3605,-5.3875,-2.4839,-0.8161,-0.509,-0.2964
-0.1173,-3.8136,-1.9521,-0.8161,-0.509,-0.2964
-0.1029,-3.011,-2.053,-0.5497,-0.7806,0.0529
0.4719,-2.659,-2.4887,-0.341,-1.1588,0.495
1.4134,-2.738,-2.817,-0.244,-1.6179,0.9019
2.6853,-3.0951,-2.4672,-0.228,-2.0632,1.1906
4.1273,-3.4542,-1.6313,-0.2195,-2.4052,1.3397
4.1273,-3.4542,-1.6313,-0.0225,-2.5288,1.3397
5.4809,-3.5308,-0.4719,0.1011,-2.3456,1.2939
7.7566,-1.3868,-0.0574,0.1011,-2.3456,1.2939
7.7566,-1.3868,-0.0574,0.1587,-1.9108,1.1629
8.6284,0.6443,1.3126,0.2663,-1.6584,1.1235
9.0955,2.8601,3.3584,0.442,-1.3761,1.2023
9.7039,5.4569,5.289,0.556,-1.0107,1.4441
13.6876,15.4725,9.1721,0.556,-1.0107,1.4441
18.3279,21.9473,13.4218,0.5326,-0.4227,1.8894
23.8468,26.0866,16.0043,0.5315,0.4209,2.3869
23.8468,26.0866,16.0043,1.0407,1.8451,2.5754
24.4364,26.882,14.967,0.9714,2.5696,2.4305
16.4903,23.9309,15.506,0.9714,2.5696,2.4305
12.8733,24.3475,15.0101,0.8244,3.3237,2.3997
9.7901,24.7524,11.8815,0.7371,3.932,2.3624
6.511,23.514,9.7854,0.6561,4.1014,2.1887
3.3177,21.1569,9.7279,0.5507,3.8542,1.9736
1.0755,18.7445,9.1578,0.5549,3.5038,1.8628
1.0755,18.7445,9.1578,0.866,2.9626,1.8905
-0.6275,13.4913,4.6998,0.866,2.9626,1.8905
-0.9367,10.6694,2.8625,0.9246,2.7837,1.8553
-1.4805,8.0319,1.8085,0.8947,2.6132,1.7381
-2.2565,5.6987,0.685,0.8532,2.5417,1.5954
-2.2565,5.6987,0.685,0.8085,2.4224,1.3845
-4.2209,1.7989,-0.7305,0.8085,2.4224,1.3845
-4.2209,1.7989,-0.7305,0.8117,2.2168,1.3312
-5.1598,-1.4853,-1.2814,0.8117,2.2168,1.3312
-5.0472,-2.6566,-2.2613,0.8489,2.0752,1.3121
-5.0472,-2.6566,-2.2613,0.8447,1.68,1.05
-5.3683,-3.0445,-3.895,0.8447,1.68,1.05
-5.8544,-2.762,-3.3081,0.7754,1.4722,0.7954
-6.2545,-2.5393,-1.8516,0.7531,1.2485,0.5057
-6.2018,-2.4384,-0.1101,0.8319,0.9034,0.1946
-6.2018,-2.4384,-0.1101,1.2591,-0.1489,-0.3773
-5.4737,-1.9545,0.5868,1.2591,-0.1489,-0.3773
-5.1478,-1.5092,-0.3306,1.438,-0.7167,-0.6404
-5.1478,-1.5092,-0.3306,1.3443,-1.5636,-1.1678
-4.5202,-1.1474,-2.1703,1.3443,-1.5636,-1.1678
-3.9764,-1.0109,-2.0697,1.1195,-1.8831,-1.4427
-3.0612,-0.2729,-2.1559,0.9033,-2.1933,-1.7409
-3.0612,-0.2729,-2.1559,0.4282,-2.8995,-2.5143
-0.1364,5.4809,-0.9726,0.4282,-2.8995,-2.5143
1.9569,11.2515,1.8372,0.0628,-3.2617,-3.0203
6.1156,20.922,4.3885,-0.243,-3.6047,-3.5646
6.1156,20.922,4.3885,-0.4762,-3.8156,-4.9675
15.4267,49.9385,13.913,-0.4762,-3.8156,-4.9675
15.4267,49.9385,13.913,-0.6563,0.9268,-4.1015
1.3102,30.1615,17.4534,-0.1066,1.844,-2.6783
1.1067,22.1798,13.8531,0.3376,1.1282,-2.3119
2.6039,24.8937,9.9221,0.5773,0.292,-2.3843
-0.2513,27.9385,7.5791,0.3025,0.0544,-2.2352
-4.4268,27.7395,3.7035,-0.1503,-0.3418,-1.8698
-1.236,22.5007,6.197,-0.1503,-0.3418,-1.8698
0.3067,19.1973,7.2631,-0.2334,-1.3708,-1.5002
0.0957,16.7444,7.5456,-0.194,-2.0834,-1.2531
-0.1101,14.6267,5.6389,-0.2099,-2.1262,-1.187
-0.1101,14.6267,5.6389,-0.2738,-1.685,-1.023
0.7401,9.7973,2.2397,-0.2738,-1.685,-1.023
1.0324,7.2726,1.0708,-0.326,-1.4326,-0.8962
1.2216,4.6519,-0.1867,-0.3814,-1.0959,-0.7961
1.3796,1.8564,-0.8936,-0.4656,-0.8062,-0.7098
1.3796,1.8564,-0.8936,-0.5902,-0.4185,-0.5073
1.7247,-3.5284,-1.5451,-0.5902,-0.4185,-0.5073
1.7247,-3.5284,-1.5451,-0.4667,-0.4824,-0.3134
2.9583,-6.7887,-1.9497,-0.4667,-0.4824,-0.3134
2.9583,-6.7887,-1.9497,-0.1375,-0.9756,-0.2537
3.066,-5.222,-2.448,-0.1375,-0.9756,-0.2537
3.066,-5.222,-2.448,0.2471,-1.4784,0.0743
3.6676,-1.9306,-2.041,0.2471,-1.4784,0.0743
3.6676,-1.9306,-2.041,0.4346,-2.1325,0.6921
4.5154,-0.7999,-1.9835,0.4314,-2.4404,0.9499
6.7049,1.0516,-1.1833,0.4314,-2.4404,0.9499
7.0955,1.1569,0.0622,0.3983,-2.5416,1.082
7.0955,1.1569,0.0622,0.3717,-1.897,1.2492
6.827,0.7712,0.7425,0.3067,-1.3995,1.4686
7.469,1.382,0.8505,0.3067,-1.3995,1.4686
9.244,2.7955,2.2014,0.1693,-0.9798,1.6987
11.2946,4.9395,4.8748,0.0266,-0.6006,1.8074
12.9978,8.7316,8.0127,0.0106,-0.0968,1.7733
14.5597,16.2916,10.3746,0.18,0.5828,1.7222
14.5597,16.2916,10.3746,0.6785,2.3319,2.063
12.1954,33.5439,9.1961,0.6785,2.3319,2.063
12.3941,26.5394,11.9389,0.4228,2.8497,2.5403
12.3941,26.5394,11.9389,0.1171,2.057,2.6596
13.4338,21.3604,15.7167,0.1171,2.057,2.6596
12.2768,25.4638,12.9331,0.3174,2.1188,2.3198
12.2768,25.4638,12.9331,0.1896,3.0255,2.1376
10.3291,27.694,9.613,-0.0406,3.3056,2.1088
6.8821,22.2828,8.0941,-0.0406,3.3056,2.1088
6.8821,22.2828,8.0941,-0.1609,3.7616,1.818
4.5154,19.8631,7.0066,-0.1545,3.7935,1.6604
-0.7903,15.2256,3.3345,-0.1545,3.7935,1.6604
-2.8362,12.2744,1.6912,-0.1322,3.6518,1.5933
-4.0147,9.2296,0.5126,-0.1002,3.4154,1.6412
-4.0147,9.2296,0.5126,0.0575,2.8039,1.8425
-4.5513,6.3622,-0.2011,0.196,2.4949,1.899
-4.4867,3.8208,-0.3833,0.3344,2.2893,1.8873
-3.7418,-0.0167,-0.3761,0.3344,2.2893,1.8873
-3.2267,-1.5475,-0.6563,0.4548,2.2222,1.8202
-3.2267,-1.5475,-0.6563,0.6604,2.2807,1.5816
-2.7715,-2.8817,-1.4374,0.7264,2.3287,1.4175
-2.5656,-3.658,-2.6758,0.7627,2.318,1.1981
-3.7059,-2.8649,-4.8006,0.7627,2.318,1.1981
-4.8796,-1.9282,-3.919,0.7627,2.2222,0.9051
-6.0199,-1.4086,-1.7558,0.7605,2.0336,0.592
-6.6403,-1.6241,0.4264,0.8276,1.7364,0.3235
-6.657,-2.1464,1.6385,0.9821,1.3082,0.1499
-6.657,-2.1464,1.6385,1.373,-0.0456,-0.1174
-6.4508,-2.2852,0.3426,1.373,-0.0456,-0.1174
-6.1803,-1.9042,-1.6457,1.4018,-0.6741,-0.3198
-5.8616,-1.4086,-3.1549,1.2495,-1.1929,-0.6021
-5.5144,-0.7712,-3.265,1.0013,-1.7436,-0.9505
-4.8222,0.357,-2.4576,0.7669,-2.3445,-1.333
-4.8222,0.357,-2.4576,0.3515,-3.1999,-2.1692
-2.199,4.9586,-0.067,0.3515,-3.1999,-2.1692
-0.1651,9.3161,2.7308,0.131,-3.3693,-2.6038
2.4313,16.5238,6.3694,0.0308,-3.5205,-3.0618
2.4313,16.5238,6.3694,0.49,-3.9094,-4.1729
13.1223,55.2491,9.5795,0.49,-3.9094,-4.1729
1.8851,41.3029,10.1232,0.4644,-2.8431,-4.8631
1.8851,41.3029,10.1232,-0.2749,1.158,-2.8925
0.0814,26.2664,17.3289,0.2588,0.6509,-2.5761
-0.5988,31.4047,10.2717,0.2588,0.6509,-2.5761
-5.7227,30.7364,7.1625,0.5219,-0.378,-2.8296
-5.7227,30.7364,7.1625,0.0362,-1.5093,-2.134
-6.6115,27.2702,5.948,-0.1396,-2.3424,-1.5556
0.1244,21.6648,5.5886,-0.1396,-2.3424,-1.5556
1.2479,18.1504,4.8581,-0.1471,-3.2606,-1.1913
1.5547,14.9287,3.8663,-0.179,-3.5333,-0.9782
2.5103,12.0901,2.1751,-0.2536,-3.1637,-0.7982
2.5103,12.0901,2.1751,-0.3718,-2.1134,-0.2846
4.9993,6.6331,0.8215,-0.3718,-2.1134,-0.2846
5.3492,3.9094,0.9056,-0.4762,-1.5913,-0.062
5.3492,3.9094,0.9056,-0.7479,-0.4589,0.0551
5.0281,-0.9534,-0.7448,-0.7479,-0.4589,0.0551
4.5801,-3.0469,-1.4948,-0.9066,-0.0573,-0.0226
4.1799,-4.803,-1.8348,-1.0536,0.1801,-0.1504
4.1799,-4.803,-1.8348,-1.0941,0.1727,-0.4146
3.6963,-6.0175,-2.0386,-0.9705,0.0416,-0.4465
3.0684,-6.3311,-2.6686,-0.8033,-0.1234,-0.324
2.2134,-5.7873,-2.9487,-0.5977,-0.3002,-0.0215
1.4469,-4.8916,-2.2301,-0.3708,-0.5133,0.4066
0.9726,-3.3321,-1.4948,-0.3708,-0.5133,0.4066
1.3269,-2.7308,-1.7247,-0.1822,-0.8488,0.8742
1.9835,-2.1631,-1.672,-0.0768,-1.2557,1.2854
1.9835,-2.1631,-1.672,0.0085,-1.8022,1.7019
2.7979,-1.5547,-1.6528,0.0511,-1.9226,1.7286
4.4963,-0.2418,-0.618,0.0511,-1.9226,1.7286
5.3827,0.8239,0.0574,0.1139,-1.9897,1.6891
6.5206,2.4672,0.9319,0.1672,-2.0376,1.6114
6.5206,2.4672,0.9319,0.181,-1.995,1.474
7.7063,4.6016,2.5752,0.1651,-1.6903,1.5059
12.3726,11.4718,8.3434,0.1651,-1.6903,1.5059
15.8388,19.6237,11.9677,0.1906,-1.0672,1.6061
18.6559,30.128,13.6014,0.262,-0.0999,1.769
19.1015,33.7546,12.0563,0.2268,1.1995,1.8926
19.1015,33.7546,12.0563,-0.2845,2.1614,2.0652
17.3217,27.0999,14.586,-0.1737,2.285,2.0098
14.4328,21.6193,17.6018,0.0095,2.4352,2.0236
12.5617,21.5807,15.2088,0.0404,2.5578,2.0353
11.903,24.4459,10.5449,0.0404,2.5578,2.0353
11.903,24.4459,10.5449,-0.0949,3.1107,1.7584
8.3554,19.2523,8.9543,-0.0949,3.1107,1.7584
5.5838,16.8282,7.1362,-0.0374,3.4228,1.6465
5.5838,16.8282,7.1362,0.0617,4.1695,1.6178
0.5844,12.4133,3.1884,0.0617,4.1695,1.6178
-1.7438,10.1208,1.8228,0.0276,4.3655,1.6178
-1.7438,10.1208,1.8228,-0.0576,4.2697,1.6263
-3.7992,7.8404,0.4935,-0.0672,3.997,1.6263
-5.3827,5.6317,-0.4144,-0.0363,3.6114,1.6156
-7.0979,1.2791,-2.0242,-0.0363,3.6114,1.6156
-7.0979,1.2791,-2.0242,0.0596,2.7858,1.5954
-7.3181,-0.6251,-2.7955,0.132,2.4075,1.5879
-7.3229,-2.3858,-2.999,0.2503,2.0709,1.5624
-6.6307,-4.3167,-3.8878,0.2503,2.0709,1.5624
-6.5613,-4.0698,-4.2497,0.3792,1.7929,1.4548
-6.5613,-4.0698,-4.2497,0.6668,1.1516,0.936
-6.8557,-3.2746,-3.7849,0.8756,0.7223,0.6111
-7.0787,-2.5968,-2.5321,1.1195,0.244,0.3278
-6.3982,-2.8218,0.3211,1.1195,0.244,0.3278
-5.7586,-3.0493,0.0718,1.3645,-0.2374,0.0892
-5.7586,-3.0493,0.0718,1.6159,-1.2856,-0.4636
-5.3348,-2.8841,-1.5331,1.4977,-1.897,-0.8717
-5.1861,-2.132,-4.0004,1.4977,-1.897,-0.8717
-5.2244,-1.6576,-3.4709,1.2367,-2.4851,-1.367
-5.2244,-1.6576,-3.4709,0.7637,-3.4396,-2.3609
-3.0828,1.7486,-1.6337,0.7637,-3.4396,-2.3609
-0.7281,5.8472,-0.2226,0.5272,-3.8604,-2.8509
-0.7281,5.8472,-0.2226,-0.0842,-4.5038,-3.9055
5.6054,19.6429,8.0894,-0.0842,-4.5038,-3.9055
12.5881,34.744,12.732,0.0234,-4.6295,-4.42
16.3491,52.9639,12.4995,0.2822,-4.1821,-5.0314
-0.2513,39.9756,7.6129,0.3174,-2.1933,-5.7165
-0.2513,39.9756,7.6129,-0.2035,1.1292,-3.554
-0.5629,24.6973,10.3746,-0.2035,1.1292,-3.554
-0.5629,24.6973,10.3746,0.8063,-0.2512,-2.9297
-2.5848,29.9074,7.4402,0.8063,-0.2512,-2.9297
-2.5848,29.9074,7.4402,0.9107,-1.0331,-1.84
-3.3273,25.6317,2.9966,0.9107,-1.0331,-1.84
-3.3273,25.6317,2.9966,0.5539,-1.9875,-0.0748
0.0766,21.013,4.1201,0.5017,-2.0589,0.3427
2.7811,17.2595,6.0989,0.4601,-1.7798,0.5259
3.4973,11.824,4.9826,0.4601,-1.7798,0.5259
3.6433,9.759,3.5715,0.3376,-1.2856,0.6601
3.6433,9.759,3.5715,-0.1205,-0.4547,0.7539
3.2483,7.5336,2.5896,-0.4017,-0.0936,0.6995
1.411,2.5824,0.5557,-0.4017,-0.0936,0.6995
1.411,2.5824,0.5557,-1.0451,0.2568,0.5888
0.7784,0.1436,-1.0588,-1.3274,0.1482,0.5334
0.3833,-2.1679,-1.4302,-1.4371,-0.0605,0.4524
0.4695,-5.1095,-1.0444,-1.4371,-0.0605,0.4524
0.6012,-5.1238,-1.4278,-1.3689,-0.3748,0.3427
0.6012,-5.1238,-1.4278,-0.9939,-1.1822,0.2053
0.5677,-4.3119,-1.9497,-0.8235,-1.5828,0.2969
0.7472,-3.2722,-2.5585,-0.6978,-1.9854,0.4705
1.514,-2.5246,-2.6925,-0.5817,-2.3051,0.6452
3.5978,-1.9473,-1.4278,-0.5817,-2.3051,0.6452
4.2015,-1.7151,-0.685,-0.4507,-2.4756,0.7709
4.2015,-1.7151,-0.685,-0.1684,-2.2753,0.8338
4.288,-1.0564,-0.4599,-0.1684,-2.2753,0.8338
4.2832,-0.333,-1.1689,-0.0746,-1.9907,0.8412
4.2832,-0.333,-1.1689,-0.2003,-1.5061,0.9019
6.197,1.514,-0.0191,-0.2003,-1.5061,0.9019
8.0941,3.0229,1.6528,-0.2344,-1.4432,0.8785
8.0941,3.0229,1.6528,-0.1354,-1.5348,0.7869
13.7068,9.3592,8.7484,-0.1354,-1.5348,0.7869
16.8306,17.7841,14.0925,0.0415,-1.211,0.9019
18.8285,30.195,15.3429,0.344,-0.3386,1.1885
18.1552,35.7574,12.7033,0.4601,0.9726,1.6348
14.9766,27.9481,14.2673,0.098,2.0304,2.2313
14.9766,27.9481,14.2673,-0.2376,3.263,2.9781
13.9082,23.1211,15.3836,-0.2376,3.263,2.9781
13.9082,23.1211,15.3836,0.0426,3.6849,2.7981
11.8982,25.7849,11.2371,-0.1034,3.6593,2.5807
5.1909,22.6659,10.9088,-0.1034,3.6593,2.5807
3.1262,18.7684,10.9546,-0.1641,3.5602,2.438
3.1262,18.7684,10.9546,0.0894,3.2087,2.3262
1.6457,13.1031,6.1013,0.0894,3.2087,2.3262
1.6457,13.1031,6.1013,0.1299,3.0159,2.0236
0.1173,8.377,2.6135,0.1299,3.0159,2.0236
0.1173,8.377,2.6135,0.0756,3.148,1.6796
-2.2517,4.343,0.0885,0.0756,3.148,1.6796
-2.2517,4.343,0.0885,0.1917,3.1011,1.4548
-3.5069,2.3499,-0.8792,0.3057,3.0095,1.3919
-4.5489,0.1077,-1.9692,0.4154,2.9349,1.3515
-5.5288,-4.2449,-4.1009,0.4154,2.9349,1.3515
-5.5288,-4.2449,-4.1009,0.6114,2.7783,1.2279
-6.1037,-5.8376,-6.1659,0.6114,2.7783,1.2279
-6.1037,-5.8376,-6.1659,0.9065,2.0634,0.7773
-6.1132,-4.6974,-3.3345,0.9065,2.0634,0.7773
-6.6905,-3.5691,-1.3652,1.1962,1.5585,0.3768
-6.6905,-3.5691,-1.3652,1.9174,0.3473,-0.4135
-8.1543,-2.0075,-1.2551,1.9174,0.3473,-0.4135
-8.1543,-2.0075,-1.2551,2.1336,-1.1535,-0.9133
-7.6177,-0.3666,-3.4183,2.1336,-1.1535,-0.9133
-7.1529,-0.0167,-3.4901,1.9397,-1.8895,-1.2019
-7.1529,-0.0167,-3.4901,1.3336,-2.9368,-1.8464
-5.5527,1.0085,-2.1679,1.3336,-2.9368,-1.8464
-5.5527,1.0085,-2.1679,0.7115,-3.5674,-2.4781
-3.8854,2.6063,-1.236,0.3685,-3.8177,-2.853
-1.5236,5.5719,0.0047,0.1129,-4.0649,-3.3015
1.2575,10.0083,2.7476,0.1619,-4.2513,-3.8235
4.6878,16.651,6.7743,0.3462,-4.0212,-4.535
11.1342,29.8547,10.8035,0.393,-2.4681,-5.414
15.4315,50.5158,11.3521,-0.3175,-0.1511,-4.812
-3.6915,27.0472,13.3093,-0.3175,-0.1511,-4.812
0.0598,26.0722,11.4454,-0.4507,1.322,-3.1417
0.0598,26.0722,11.4454,0.4932,0.2983,-2.5569
-2.5175,32.1568,6.7552,0.4932,0.2983,-2.5569
-4.8078,29.7422,4.7261,0.6274,-0.4675,-2.5015
-2.8362,25.3369,4.6878,0.4367,-0.901,-1.7985
-2.8362,25.3369,4.6878,0.2428,-2.3552,-0.1941
1.1234,21.2599,4.434,0.1757,-2.7206,0.1488
4.4316,13.9489,4.683,0.1757,-2.7206,0.1488
4.4316,13.9489,4.683,-0.0917,-1.8533,0.4631
4.6902,10.7556,3.7609,-0.2174,-1.2131,0.6537
5.2172,7.917,2.9822,-0.3154,-0.5729,0.7986
5.6964,5.3779,2.9391,-0.423,0.0842,0.7986
4.791,1.3868,1.739,-0.423,0.0842,0.7986
4.791,1.3868,1.739,-0.7319,0.9844,0.4492
2.2254,-1.6744,-0.4791,-0.7319,0.9844,0.4492
1.0492,-2.9655,-0.4815,-0.8746,0.9705,0.2383
0.0885,-3.8208,-0.527,-0.9119,0.7074,0.038
0.0885,-3.8208,-0.527,-0.6552,-0.0541,-0.2218
-0.8481,-4.0411,-0.5964,-0.4091,-0.4355,-0.1568
-1.5451,-3.6361,-0.8768,-0.1758,-0.8169,0.0604
-1.5212,-2.8769,-1.7103,-0.032,-1.2547,0.3587
-0.8744,-2.2685,-2.472,0.0266,-1.7021,0.642
0.2729,-1.9907,-2.7356,0.0553,-2.1102,0.8465
1.5236,-2.0458,-2.3882,0.099,-2.3957,0.9541
3.8495,-2.5055,-0.8071,0.099,-2.3957,0.9541
4.6878,-2.4337,-0.2202,0.1832,-2.4905,0.9669
5.3034,-1.8994,0.1053,0.2705,-2.3712,0.9094
5.7466,-0.7161,0.3881,0.3387,-2.0642,0.8199
6.2018,0.8191,1.1522,0.328,-1.6115,0.7347
6.2018,0.8191,1.1522,0.132,-0.6272,0.6942
7.4043,3.9692,1.6528,0.132,-0.6272,0.6942
7.4043,3.9692,1.6528,-0.2163,-0.3087,0.8742
9.601,6.2832,3.5404,-0.0736,-0.1777,0.9893
12.0901,10.286,8.075,0.4069,0.3058,1.2705
13.2447,19.6189,13.7932,0.7776,1.0589,1.8734
12.6793,32.8828,14.4543,0.4953,1.2038,2.6819
16.6845,29.6153,15.9944,0.4953,1.2038,2.6819
19.1111,25.3441,20.1124,0.1789,1.1505,3.0803
17.9253,26.4388,17.1131,0.2471,1.7226,2.9259
17.9253,26.4388,17.1131,0.1555,3.556,2.4497
11.8647,27.8188,5.7059,0.1555,3.556,2.4497
11.8647,27.8188,5.7059,-0.6318,3.9128,1.8191
3.3105,20.4883,8.8298,-0.6318,3.9128,1.8191
0.0191,17.7242,6.7672,-0.6424,4.1056,1.5965
-1.9764,15.1059,4.5513,-0.5764,4.1205,1.5251
-2.9511,12.2792,3.0062,-0.5487,3.8233,1.5326
-3.4853,9.2368,1.9668,-0.5284,3.3621,1.5251
-3.7897,6.1946,1.1282,-0.5071,2.9275,1.4676
-3.7897,6.1946,1.1282,-0.4304,2.3457,1.3674
-3.6724,1.1737,-0.6347,-0.4304,2.3457,1.3674
-3.3871,-0.8505,-1.3437,-0.3729,2.2349,1.3419
-3.0157,-2.4768,-1.818,-0.3165,2.3106,1.3099
-3.0157,-2.4768,-1.818,-0.1428,2.7656,1.1629
-2.5608,-3.5045,-2.2996,-0.0118,2.9371,1.0053
-2.0314,-3.6026,-3.1238,0.1193,2.985,0.7517
-2.5944,-2.0195,-3.8567,0.1193,2.985,0.7517
-4.8724,-1.8109,-3.5476,0.2247,2.9371,0.4375
-7.9936,-2.3738,-3.1645,0.327,2.7187,0.1861
-7.9936,-2.3738,-3.1645,0.5975,1.5021,0.1776
-9.9006,-4.1823,-2.1871,0.5975,1.5021,0.1776
-8.1974,-4.5178,-2.369,0.7563,0.6552,0.2628
-6.3096,-4.525,-2.7835,0.8905,-0.2981,0.1744
-4.9371,-4.2616,-3.1717,0.9725,-1.1897,-0.1366
-4.9371,-4.2616,-3.1717,1.0204,-2.4724,-1.073
-3.2196,-2.6638,-2.9176,1.0204,-2.4724,-1.073
-2.1727,-1.0636,-2.4289,1.0524,-2.8207,-1.5279
-0.8577,1.3509,-2.2158,1.0939,-3.0199,-1.9646
-0.8577,1.3509,-2.2158,0.9565,-3.3022,-3.0352
0.7664,9.062,-0.1149,0.9565,-3.3022,-3.0352
0.7664,9.062,-0.1149,0.3121,-3.0582,-4.1675
1.2886,14.7057,7.1314,0.6508,-2.6268,-4.5777
10.3124,43.0013,18.7804,0.6508,-2.6268,-4.5777
4.3023,47.8951,10.0562,1.2793,-1.7511,-4.9846
4.3023,47.8951,10.0562,0.6444,1.0845,-3.4166
-4.5705,29.8356,13.6876,0.6444,1.0845,-3.4166
-2.7691,31.7545,10.9232,0.8862,0.8587,-2.4046
-2.7691,31.7545,10.9232,1.2452,-1.685,-2.2927
-5.0736,27.5527,6.7672,1.2452,-1.685,-2.2927
-5.0736,27.5527,6.7672,0.703,-2.5736,-1.2669
1.8611,21.897,4.1751,0.703,-2.5736,-1.2669
1.8611,21.897,4.1751,0.3067,-3.3565,-0.5126
2.6638,14.7536,4.8222,0.3067,-3.3565,-0.5126
1.6433,12.0251,4.0315,0.197,-3.0742,-0.29
1.974,9.6225,2.7524,0.098,-2.4713,-0.0162
3.1429,7.2415,1.5475,0.0095,-1.8853,0.3001
4.1273,4.7429,0.7448,-0.0736,-1.4358,0.5621
4.5202,2.0889,0.0335,-0.1897,-1.0022,0.6932
4.2784,-0.6012,-0.448,-0.3591,-0.4983,0.6612
4.2784,-0.6012,-0.448,-0.7916,0.3697,0.3672
3.5811,-3.1597,-0.2947,-0.8853,0.4826,0.2372
2.647,-5.0879,-0.3474,-0.8523,0.3335,0.1456
1.8971,-5.972,-0.5844,-0.7117,-0.0009,0.0721
1.066,-4.2209,-1.5595,-0.7117,-0.0009,0.0721
1.066,-4.2209,-1.5595,-0.2845,-0.9702,0.0146
1.0708,-1.3389,-1.5954,-0.2845,-0.9702,0.0146
1.5212,-0.6275,-1.8923,-0.08,-1.4997,0.1158
2.3738,-0.3905,-1.8994,0.0479,-1.9971,0.3352
3.5332,-0.6467,-1.4302,0.0969,-2.3648,0.6133
4.7524,-1.054,-0.9175,0.1278,-2.5331,0.8689
5.7514,-1.2192,-0.213,0.1672,-2.4915,1.0457
5.7514,-1.2192,-0.213,0.197,-1.979,1.1427
6.3742,-0.9678,0.6132,0.1608,-1.538,1.131
6.7935,-0.1771,1.4206,0.0937,-1.0267,1.1235
7.5121,2.9224,3.4709,0.0937,-1.0267,1.1235
8.4272,5.3226,4.7815,0.05,-0.5484,1.1363
10.3052,9.2176,7.5599,0.0692,-0.2278,1.1565
11.745,16.2988,10.4851,0.196,-0.1298,1.1693
11.4071,26.5346,12.8493,0.4505,-0.0563,1.2737
13.6661,32.5066,11.9557,0.4548,0.391,1.6401
18.4164,29.5603,12.4947,0.0905,1.0014,2.1802
18.4164,29.5603,12.4947,-0.2824,1.0568,2.3997
20.1292,24.817,14.5812,-0.2824,1.0568,2.3997
16.9958,24.9104,11.0169,-0.2227,1.7268,2.2271
13.4817,24.4026,7.996,-0.1876,2.6484,2.1248
13.4817,24.4026,7.996,-0.2802,4.0343,2.112
10.7436,22.7137,7.3876,-0.1609,4.3645,2.0087
7.7302,20.6155,7.1697,-0.0139,4.5562,1.9139
3.883,18.6535,5.7371,0.0511,4.6265,1.9043
0.1556,16.5382,3.6481,0.0468,4.5136,1.9586
-2.7548,14.0638,1.8707,0.0223,4.2324,2.0353
-4.8389,11.3712,0.752,0.0213,3.8159,2.0833
-6.839,6.1276,-0.4025,0.0213,3.8159,2.0833
-6.839,6.1276,-0.4025,0.0724,2.674,2.0279
-6.6403,1.7702,-1.6648,0.0724,2.674,2.0279
-6.1803,0.1843,-2.0458,0.0745,2.154,1.9352
-6.1803,0.1843,-2.0458,0.0415,1.4871,1.6849
-4.7261,-2.6494,-2.0793,0.0415,1.4871,1.6849
-3.6361,-3.8423,-2.2445,0.0607,1.3465,1.5379
-3.6361,-3.8423,-2.2445,0.1874,1.3135,1.0553
-2.5345,-4.5705,-3.2722,0.1874,1.3135,1.0553
-2.5345,-4.5705,-3.2722,0.4356,1.3199,0.2138
-2.6015,-4.1129,-3.1166,0.6764,1.1175,-0.3038
-3.804,-3.2531,-0.1699,0.6764,1.1175,-0.3038
-4.7692,-3.1789,0.752,1.0407,0.7394,-0.7865
-4.7692,-3.1789,0.752,1.7448,-0.182,-1.4555
-6.5014,-2.3762,-0.8023,1.7448,-0.182,-1.4555
-6.7073,-1.7342,-2.5776,1.8801,-0.6262,-1.6664
-6.7073,-1.7342,-2.5776,1.5509,-1.5497,-2.1106
-6.8629,-0.2801,-3.6266,1.5509,-1.5497,-2.1106
-6.5589,0.7568,-2.2828,1.2378,-1.9524,-2.3737
-5.4737,2.7644,-0.2852,0.9725,-2.2646,-2.6656
-5.4737,2.7644,-0.2852,0.5912,-2.8697,-3.4581
-0.6132,12.0634,5.8424,0.5912,-2.8697,-3.4581
3.6409,21.3269,9.7351,0.6455,-3.4492,-3.9886
12.9307,44.5893,11.9868,1.1291,-4.197,-4.6032
7.8332,61.7721,4.5082,1.5488,-4.4793,-5.6292
-10.3483,38.3419,8.6619,1.2441,-2.8249,-6.3695
-3.4973,26.5873,15.6401,0.197,-0.4557,-4.4434
2.4528,28.4583,11.575,0.49,0.6147,-2.509
0.4911,29.7279,7.9888,1.079,-0.4344,-2.1543
-3.9405,27.802,3.6724,1.2399,-1.5039,-2.4802
-3.9405,27.802,3.6724,0.4676,-1.6062,-1.9082
-3.3033,26.2808,3.1621,0.2663,-2.4734,-1.2339
0.8768,19.4202,3.8304,0.2663,-2.4734,-1.2339
0.8768,19.4202,3.8304,0.0223,-2.9549,-0.5328
1.291,16.3802,3.5787,-0.08,-2.5746,-0.3177
2.3211,10.7748,2.3211,-0.08,-2.5746,-0.3177
2.3211,10.7748,2.3211,-0.228,-1.8299,0.3928
2.2565,4.9419,2.2996,-0.228,-1.8299,0.3928
2.2565,4.9419,2.2996,-0.4741,-0.917,1.0255
1.9764,-0.5557,0.8984,-0.4741,-0.917,1.0255
1.9764,-0.5557,0.8984,-0.7809,-0.1276,1.3121
2.9272,-4.6662,-1.6026,-0.7809,-0.1276,1.3121
3.8495,-5.761,-1.9042,-0.9481,-0.0019,1.2556
4.5681,-6.0247,-1.6145,-1.0653,-0.0904,1.0287
4.3526,-5.0855,-1.6361,-1.0483,-0.3258,0.6697
3.2172,-3.4111,-1.3509,-0.9172,-0.5782,0.3374
2.0219,-1.7103,-0.7281,-0.7149,-0.7657,0.2298
2.0219,-1.7103,-0.7281,-0.1471,-1.0714,0.9147
1.6217,0.3761,-1.5403,-0.1471,-1.0714,0.9147
1.6217,0.3761,-1.5403,-0.0171,-1.8981,1.6955
2.3403,0.4073,-1.6193,-0.0619,-2.1475,1.7243
2.9296,0.0622,-1.1306,-0.081,-2.1112,1.6103
2.9439,0.0502,-0.0119,-0.081,-2.1112,1.6103
2.5489,0.6299,-0.0574,-0.0225,-1.9247,1.4825
2.5489,0.6299,-0.0574,0.0276,-1.5593,1.4857
2.4361,1.8157,-0.0383,-0.2089,-1.3079,1.6263
5.301,4.8461,4.264,-0.2089,-1.3079,1.6263
5.301,4.8461,4.264,-0.6967,-0.7945,1.7925
8.9854,7.7661,8.8034,-0.538,-0.5388,1.5507
16.6582,23.7534,11.3281,-0.538,-0.5388,1.5507
16.6582,23.7534,11.3281,-0.7138,0.5231,0.756
16.4017,25.7155,11.0983,-0.7138,0.5231,0.756
16.9335,22.0215,16.8473,-1.0994,0.4741,0.7922
16.9335,22.0215,16.8473,-0.4251,1.0216,1.082
16.2581,20.0717,17.0461,-0.0491,1.5734,1.3057
15.9848,22.3833,11.824,-0.0491,1.5734,1.3057
15.1921,21.9928,9.7806,0.1352,2.0879,1.4186
12.3319,19.6908,8.7795,0.1288,2.7475,1.4047
8.2644,17.3217,7.7518,0.1022,3.4217,1.4069
8.2644,17.3217,7.7518,0.2226,4.4593,1.7179
4.5801,15.3525,5.9887,0.2268,4.6894,1.9118
1.5619,13.5535,3.7011,0.1715,4.7011,2.0481
-1.0851,11.7187,1.8923,0.1054,4.4955,2.1323
-3.3704,9.7183,0.5461,0.0852,4.0769,2.1749
-6.9108,5.143,-0.7664,0.0852,4.0769,2.1749
-6.9108,5.143,-0.7664,0.1725,2.9839,2.177
-7.4546,2.6111,-1.212,0.2077,2.4917,2.1088
-7.2918,-1.5379,-1.5236,0.2077,2.4917,2.1088
-7.0476,-2.92,-1.4829,0.2396,2.1092,2.013
-6.3503,-3.6939,-1.7654,0.3153,1.7503,1.9043
-6.3503,-3.6939,-1.7654,0.6284,1.0302,1.5123
-4.5154,-4.0985,-2.7667,0.6284,1.0302,1.5123
-4.2209,-3.8112,-3.0756,0.8106,0.734,1.1682
-4.1991,-3.3824,-2.8218,0.9917,0.4794,0.7688
-4.1656,-2.9607,-2.12,1.16,0.2334,0.3704
-4.1967,-2.5776,-1.145,1.2942,-0.0509,0.0029
-4.1967,-2.5776,-1.145,1.4252,-0.6453,-0.6575
-4.3502,-1.7151,-0.685,1.4252,-0.6453,-0.6575
-4.3502,-1.7151,-0.685,1.2026,-1.0885,-1.3553
-4.4005,-1.2791,-1.3293,0.9491,-1.326,-1.7132
-4.4699,-0.8286,-1.7941,0.686,-1.5934,-2.0573
-4.3071,-0.1747,-1.7031,0.4388,-1.9258,-2.4259
-2.1679,3.9788,-0.2585,0.4388,-1.9258,-2.4259
-2.1679,3.9788,-0.2585,-0.0448,-2.8324,-3.4485
2.5465,15.3405,4.6519,-0.0448,-2.8324,-3.4485
2.5465,15.3405,4.6519,-0.1396,-3.4556,-4.9718
6.8701,26.3766,7.3014,-0.1833,-2.6492,-5.7623
9.7782,43.1785,11.9389,-0.2834,-0.3961,-5.041
-3.2267,40.7951,13.7956,-0.0704,1.2805,-2.8477
-0.8984,26.7959,10.5641,-0.0704,1.2805,-2.8477
-0.8984,26.7959,10.5641,0.6529,-0.0243,-1.9284
0.079,29.4594,8.2764,0.6061,-0.7444,-2.0776
-6.7911,27.342,5.21,0.6061,-0.7444,-2.0776
-5.0448,24.4244,6.3024,0.2673,-0.9042,-1.5812
-2.0195,21.2814,6.5708,0.0074,-1.4496,-0.8131
-2.0195,21.2814,6.5708,-0.0842,-3.0689,0.0647
-0.0263,18.7804,5.9169,-0.2248,-3.1392,0.1914
1.0755,14.3152,4.3742,-0.2248,-3.1392,0.1914
1.0755,14.3152,4.3742,-0.4667,-2.6236,0.4258
3.1405,8.7026,1.974,-0.4667,-2.6236,0.4258
4.0339,5.7873,0.7975,-0.4922,-2.353,0.5291
4.8629,2.6303,0.1364,-0.5572,-2.0963,0.6047
4.8629,2.6303,0.1364,-0.8054,-1.5583,0.5398
7.129,-4.1967,-1.2455,-0.8054,-1.5583,0.5398
8.5565,-7.0787,-0.4456,-0.929,-1.3314,0.3938
8.5565,-7.0787,-0.4456,-0.7969,-0.7103,-0.03
8.626,-7.3876,0.6323,-0.7969,-0.7103,-0.03
6.5732,-4.9036,-0.4839,-0.5242,-0.362,-0.1717
4.5513,-2.6853,-0.752,-0.2749,-0.0701,-0.144
4.5513,-2.6853,-0.752,0.1363,0.3101,0.3629
2.7907,-1.5212,-0.5054,0.3312,0.1087,0.7155
1.0827,-0.7018,-0.3187,0.3312,0.1087,0.7155
1.1043,-0.7209,0.0359,0.4442,-0.3045,0.9967
1.4876,-0.8406,-0.134,0.5155,-0.7327,1.1384
1.9907,-0.7879,-0.9103,0.5698,-1.0512,1.1395
1.9907,-0.7879,-0.9103,0.5059,-1.2302,1.018
3.4374,-0.0167,-0.2418,0.5059,-1.2302,1.018
3.4374,-0.0167,-0.2418,0.4239,-0.9628,1.0383
4.3406,1.0779,0.8215,0.4537,-0.8456,1.1033
5.2675,3.6242,3.0588,0.5997,-0.6656,1.1906
8.4512,16.0282,8.2932,0.5997,-0.6656,1.1906
11.2946,23.9907,7.3493,0.7872,-0.2853,1.2758
17.178,27.0999,7.4833,0.7382,0.1119,1.4026
21.9617,24.2996,15.1274,0.2801,0.0406,1.5379
21.9617,24.2996,15.1274,0.017,0.5284,1.2737
15.0173,23.8663,16.6893,0.017,0.5284,1.2737
15.0173,23.8663,16.6893,-0.194,2.9413,2.1802
11.9725,27.6629,9.6178,-0.194,2.9413,2.1802
11.6875,25.1286,9.0381,-0.5806,3.655,2.6084
8.5302,22.896,9.3951,-0.8384,3.7584,2.5573
3.9644,20.7257,10.0155,-0.9428,3.5549,2.3027
1.0157,17.8655,8.7077,-0.8693,3.4154,2.1973
1.0157,17.8655,8.7077,-0.5029,2.8636,2.438
1.3605,11.3736,6.051,-0.5029,2.8636,2.438
1.3605,11.3736,6.051,-0.2728,2.5289,2.2079
1.4709,6.3096,2.5632,-0.2728,2.5289,2.2079
0.4887,4.2568,0.9678,-0.2813,2.6431,1.9448
-1.2288,2.3307,-0.8768,-0.3069,2.8572,1.6902
-1.2288,2.3307,-0.8768,-0.3516,3.1917,1.4548
-5.0879,-0.9606,-3.3345,-0.3516,3.1917,1.4548
-5.0879,-0.9606,-3.3345,-0.1961,3.0372,1.507
-6.3144,-2.2589,-3.2267,0.0181,2.7869,1.4665
-6.2832,-2.6758,-3.6218,0.0181,2.7869,1.4665
-6.2832,-2.6758,-3.6218,0.4825,2.1476,0.9957
-6.9515,-2.2685,-3.9716,0.4825,2.1476,0.9957
-6.9515,-2.2685,-3.9716,0.9416,1.0738,0.4556
-7.2583,-2.4432,-2.8505,1.226,0.472,0.2213
-5.8927,-2.75,-0.8912,1.226,0.472,0.2213
-5.2316,-2.6806,-0.9894,1.5136,-0.1159,-0.062
-5.2316,-2.6806,-0.9894,1.8577,-1.1417,-0.7886
-4.961,-2.1607,-2.3044,1.8577,-1.1417,-0.7886
-4.961,-2.1607,-2.3044,1.6873,-1.7127,-1.6057
-4.5106,-1.3054,-2.7739,1.6873,-1.7127,-1.6057
-3.6026,-0.4049,-1.6481,1.4444,-1.9023,-2.02
-3.6026,-0.4049,-1.6481,1.0141,-2.385,-2.8648
-1.8252,1.3413,-0.3019,0.8862,-2.8313,-3.3697
3.7538,9.1937,1.8923,0.8862,-2.8313,-3.3697
3.7538,9.1937,1.8923,0.8553,-3.8348,-4.844
7.3828,16.6367,4.2449,0.5965,-3.6292,-6.0201
9.8551,46.0075,15.7311,0.5965,-3.6292,-6.0201
9.8551,46.0075,15.7311,0.5113,0.5189,-5.5472
-9.352,41.8296,13.8579,0.4814,1.6725,-2.966
-8.2644,30.0586,11.9318,0.931,1.0206,-2.0765
0.1197,29.8907,12.9259,1.3017,-0.394,-2.493
-0.7784,32.0538,7.0643,1.3017,-0.394,-2.493
-4.6567,28.8797,7.589,1.144,-1.2941,-2.8658
-3.84,24.5896,7.5288,0.8298,-1.3537,-2.3002
-3.84,24.5896,7.5288,0.5177,-2.1102,-0.52
-0.9989,20.6466,6.3239,0.2886,-2.3882,-0.0961
1.1641,17.2834,4.9084,-0.0033,-2.3861,0.0966
2.3187,14.0877,4.3598,-0.2707,-2.1389,0.1925
2.6327,10.8753,3.8759,-0.4986,-1.6616,0.2692
2.841,5.3803,1.7869,-0.4986,-1.6616,0.2692
3.277,3.2315,0.6682,-0.6808,-1.0736,0.3374
3.6604,1.2479,0,-0.8587,-0.5133,0.3608
3.6604,1.2479,0,-1.2198,0.3186,0.1627
3.4422,-0.5437,-0.369,-1.3082,0.522,0.0071
1.9641,-2.9583,-0.6587,-1.3082,0.522,0.0071
1.9641,-2.9583,-0.6587,-1.1676,0.2643,-0.2314
-0.2852,-3.0493,-0.7832,-1.1676,0.2643,-0.2314
-1.3724,-2.393,-1.1019,-0.9481,-0.0648,-0.2356
-2.0362,-1.8827,-1.7199,-0.668,-0.4589,-0.1153
-1.7103,-1.9668,-2.369,-0.4219,-0.9276,0.1509
-0.6802,-2.6758,-2.6853,-0.2749,-1.4581,0.5153
-0.6802,-2.6758,-2.6853,-0.2259,-2.4617,1.1288
0.6227,-3.6146,-2.7428,-0.2419,-2.8026,1.2897
3.7801,-4.8246,-2.4528,-0.2419,-2.8026,1.2897
5.2986,-4.9179,-0.9223,-0.2536,-2.9592,1.3302
5.2986,-4.9179,-0.9223,-0.0725,-2.4851,1.197
6.7576,-3.078,1.0109,-0.0725,-2.4851,1.197
6.7576,-3.078,1.0109,0.1075,-1.5838,1.1555
7.5216,1.9931,2.6255,0.1075,-1.5838,1.1555
8.5685,6.4727,4.815,0.1864,-1.3644,1.1853
8.5685,6.4727,4.815,0.5667,-1.2472,1.3067
10.4659,13.1295,6.2689,0.5933,-0.8115,1.5507
13.4171,20.4165,7.6728,0.4005,-0.1639,2.0098
17.887,26.3071,11.8934,0.441,0.3985,2.4465
22.9128,31.3712,19.8224,0.441,0.3985,2.4465
22.9128,31.3712,19.8224,0.556,2.3606,3.0292
20.1891,29.0907,15.295,0.556,2.3606,3.0292
20.1891,29.0907,15.295,-0.1098,4.2228,3.0739
13.0385,26.0794,9.8093,-0.1098,4.2228,3.0739
7.8212,24.3403,10.3818,-0.3676,4.455,2.8055
7.8212,24.3403,10.3818,-0.4006,4.1248,2.3368
3.0998,22.29,10.4875,-0.2707,3.7616,2.2889
-0.6347,15.8005,5.6844,-0.2707,3.7616,2.2889
-0.6347,15.8005,5.6844,-0.3047,2.9967,2.0705
-1.6121,11.8934,3.6481,-0.3271,2.805,1.9171
-2.5656,8.2309,2.5872,-0.2792,2.659,1.7754
-3.9333,2.8625,-0.0383,-0.2792,2.659,1.7754
-3.9333,2.8625,-0.0383,-0.1876,2.3212,1.5784
-4.803,1.0971,-1.4302,-0.1982,2.22,1.5517
-6.8079,-1.5116,-2.6614,-0.1982,2.22,1.5517
-6.8079,-1.5116,-2.6614,-0.1609,1.9569,1.6039
-7.1003,-3.5835,-2.8146,-0.1609,1.9569,1.6039
-5.6892,-3.8519,-2.9607,-0.0629,1.6746,1.6018
-5.6892,-3.8519,-2.9607,0.2822,1.0057,1.1501
-2.762,-2.7907,-3.3273,0.2822,1.0057,1.1501
-2.4217,-2.2996,-2.999,0.4601,0.7766,0.707
-3.0493,-2.108,-1.8875,0.6018,0.5721,0.2308
-3.0493,-2.108,-1.8875,0.9001,0.1545,-0.503
-4.0052,-2.2804,-0.5413,1.0897,-0.0243,-0.7364
-4.7572,-2.4959,-0.1101,1.242,-0.2651,-0.9452
-5.0879,-2.4432,-1.0109,1.2868,-0.6123,-1.1838
-5.0951,-2.2254,-2.472,1.2282,-1.0523,-1.4874
-4.9778,-1.7055,-4.0147,1.2282,-1.0523,-1.4874
-5.1119,-1.4493,-3.6122,1.1206,-1.5348,-1.873
-5.2124,-0.752,-2.4576,1.0194,-2.012,-2.3098
-5.2124,-0.752,-2.4576,0.8457,-2.8111,-3.1865
-3.8926,5.4952,0.7305,0.8457,-2.8111,-3.1865
-3.8926,5.4952,0.7305,0.4452,-3.5514,-4.0152
-2.3858,11.6421,6.3383,0.7126,-4.2225,-4.2996
10.7005,46.4579,14.4424,0.7126,-4.2225,-4.2996
10.7005,46.4579,14.4424,0.8404,-2.8441,-4.9654
1.5571,37.2831,12.7344,0.8404,-2.8441,-4.9654
6.2497,26.2736,17.4127,-0.1205,-0.7465,-3.5667
8.7292,28.6858,11.1845,0.3685,-0.3194,-2.5718
5.1095,30.9064,7.8308,0.8852,-1.2632,-2.7593
0.7736,30.3123,4.4053,0.8521,-1.7766,-3.1225
1.6145,28.063,4.1704,0.3909,-1.374,-2.9191
1.6145,28.063,4.1704,-0.1684,-1.9204,-1.7356
5.2388,20.4692,5.9049,-0.1684,-1.9204,-1.7356
5.2388,20.4692,5.9049,-0.2483,-1.8991,-1.1199
3.6242,16.6295,5.9768,-0.309,-1.1417,-0.8461
2.2852,13.2327,4.4532,-0.3165,-0.6784,-0.4977
2.4001,10.2453,2.7691,-0.3047,-0.5015,-0.1344
2.7667,4.264,1.3365,-0.3047,-0.5015,-0.1344
2.7667,4.264,1.3365,-0.4347,-0.0861,0.4268
2.7739,-1.7103,0.2298,-0.4347,-0.0861,0.4268
2.9535,-4.1344,-0.0383,-0.5529,0.1833,0.5813
3.2962,-5.7634,-0.2418,-0.6435,0.325,0.6378
3.2962,-5.7634,-0.2418,-0.6254,0.0246,0.4737
3.4757,-6.1061,-1.1402,-0.5721,-0.2928,0.3267
3.4039,-5.2028,-1.9282,-0.4762,-0.5591,0.2181
3.0445,-2.8721,-1.8779,-0.4762,-0.5591,0.2181
2.6901,-2.5055,-1.5212,-0.3484,-0.7774,0.2159
2.3762,-2.5537,-1.394,-0.2217,-0.9884,0.3651
2.6063,-2.6494,-1.0851,-0.1258,-1.1918,0.6378
3.1166,-2.5752,-0.5485,-0.0757,-1.3686,0.9073
3.1166,-2.5752,-0.5485,0.049,-1.5369,1.0479
3.7849,-1.4613,0.0861,0.049,-1.5369,1.0479
3.7825,-0.7018,0.3019,0.1203,-1.4539,0.9584
3.5619,0.0502,0.4528,0.1693,-1.2973,0.8487
3.5619,0.0502,0.4528,0.1075,-0.8722,0.7837
3.2076,1.8061,0.2082,0.1075,-0.8722,0.7837
3.4709,2.8266,1.5475,-0.0501,-0.7231,0.837
3.4709,2.8266,1.5475,-0.3868,-0.5218,1.0457
7.5552,6.5684,5.445,-0.3868,-0.5218,1.0457
11.3161,11.2252,9.6321,-0.5135,-0.5271,1.1533
11.3161,11.2252,9.6321,-0.0885,-0.2629,1.4388
14.61,21.552,13.7621,0.2972,0.3378,1.8479
13.8842,34.6291,13.5655,-0.0065,0.7639,2.7501
12.4181,35.4434,10.418,-0.3292,0.9045,3.466
22.5701,23.9979,18.9195,-0.3292,0.9045,3.466
22.5701,23.9979,18.9195,-0.0129,2.1561,2.8545
24.7763,24.3762,16.9,-0.0736,2.9083,2.4284
20.4548,25.9357,13.3428,-0.2888,3.8244,2.2772
14.3538,26.2305,11.6995,-0.4411,4.5839,2.2335
8.9399,23.9309,10.0753,-0.4848,4.8385,2.2047
3.8519,20.7041,7.7422,-0.5071,4.7458,2.2026
-1.3485,17.7506,5.1837,-0.5913,4.4721,2.2612
-5.5,14.6315,3.0541,-0.6605,3.998,2.308
-8.5541,8.0989,0.7113,-0.6605,3.998,2.308
-8.5541,8.0989,0.7113,-0.6541,2.5183,2.1919
-7.6105,5.1933,-0.3426,-0.6893,1.9505,2.0066
-6.1324,2.4768,-1.1402,-0.7468,1.6959,1.7914
-3.8543,-2.6087,-1.3557,-0.7468,1.6959,1.7914
-3.0708,-4.7477,-1.2671,-0.7489,1.7194,1.5869
-2.2038,-5.9864,-1.7606,-0.6371,1.8813,1.4143
-1.4374,-6.0462,-2.4361,-0.3921,2.04,1.2385
-1.9114,-4.9275,-2.8912,-0.0715,2.089,0.9925
-1.9114,-4.9275,-2.8912,0.5102,2.0091,0.3544
-6.1875,-2.3259,-3.7609,0.5102,2.0091,0.3544
-6.1875,-2.3259,-3.7609,0.6977,1.2507,0.0444
-7.5818,-2.9272,-4.0052,0.7541,0.439,-0.0066
-7.2535,-4.6615,-3.2219,0.8884,-0.3897,-0.176
-5.0424,-6.4149,-2.2038,0.8884,-0.3897,-0.176
-5.0424,-6.4149,-2.2038,1.1994,-1.636,-0.9793
-4.4843,-5.8328,-2.6973,1.2953,-2.0674,-1.4959
-4.1727,-4.5872,-3.4757,1.3336,-2.4031,-1.9881
-4.1201,-3.0636,-3.7442,1.3336,-2.6204,-2.3865
-3.0636,0.1795,-2.0937,1.3336,-2.6204,-2.3865
-1.5427,2.7093,-0.6539,1.324,-2.7621,-2.7263
-1.5427,2.7093,-0.6539,1.2399,-3.2425,-3.5891
0.5198,6.3575,0.4144,1.3059,-3.7869,-4.1526
6.7672,19.8224,6.6858,1.3059,-3.7869,-4.1526
13.005,34.035,10.3965,1.5115,-4.0862,-4.8781
10.7748,45.3656,14.2098,1.3901,-3.4332,-5.9147
-4.791,36.1787,12.3391,1.2069,-0.9234,-6.5293
-4.791,36.1787,12.3391,0.8372,2.6409,-3.3452
-4.4364,28.9638,10.6934,1.0034,2.2701,-2.9319
-2.9559,29.8452,10.442,1.193,1.4019,-3.2706
-4.2544,32.2959,9.8958,1.2037,-0.003,-3.4719
-7.2152,31.34,8.8609,1.1951,-1.6009,-3.113
-6.827,24.9415,10.2765,1.1951,-1.6009,-3.113
-6.827,24.9415,10.2765,1.1685,-3.9562,-2.1244
-2.6375,19.1278,3.6963,1.1685,-3.9562,-2.1244
-0.0335,16.2557,2.7213,0.8681,-4.1757,-1.823
2.4025,13.623,1.9114,0.6647,-3.9051,-1.5918
4.8701,11.4263,1.6505,0.6284,-3.4098,-1.2872
4.8701,11.4263,1.6505,0.4037,-1.9854,-0.6266
5.6892,6.1492,1.9402,0.4037,-1.9854,-0.6266
4.2185,3.5236,1.1258,0.2695,-1.0395,-0.3784
2.8003,1.0947,0.8577,0.1171,-0.28,-0.1643
1.7151,-1.0372,0.5581,-0.0406,0.1918,0.0039
1.1617,-2.647,0.7568,-0.1737,0.3356,0.1286
1.1593,-3.4805,-0.0454,-0.227,0.2078,0.2031
1.4613,-3.3632,-1.5978,-0.1705,-0.1074,0.2149
1.8324,-2.568,-2.2828,-0.1045,-0.5324,0.2021
2.1583,-1.6433,-2.1679,-0.081,-0.95,0.2181
2.1583,-1.6433,-2.1679,-0.0395,-1.6115,0.5888
2.9798,-1.0899,-1.3437,-0.0395,-1.6115,0.5888
3.3608,-1.7486,-0.8696,-0.0246,-1.9236,0.9467
3.3608,-1.7486,-0.8696,-0.0619,-2.2071,1.5997
3.8064,-2.5632,-0.1699,-0.1023,-2.0152,1.768
4.1991,-3.2986,0.2442,-0.1599,-1.7021,1.882
4.616,-2.92,1.0253,-0.1599,-1.7021,1.882
5.0424,-1.0875,1.4805,-0.2195,-1.3495,1.9863
6.039,1.8994,2.5585,-0.2557,-1.0757,2.0684
7.2966,6.1587,4.2808,-0.2046,-0.9915,2.046
8.6212,12.0443,6.5325,-0.0331,-1.0789,1.8926
8.6212,12.0443,6.5325,0.3217,-1.1141,1.5485
8.6307,19.4154,6.6714,-0.0853,-0.9234,1.9384
10.77,28.9973,13.3045,-0.0853,-0.9234,1.9384
10.77,28.9973,13.3045,-0.3207,-0.3407,3.2156
20.1005,26.2856,16.6965,-0.3207,-0.3407,3.2156
20.1005,26.2856,16.6965,-0.0075,0.9354,3.1283
21.37,26.3622,14.0614,-0.1737,1.7332,3.1325
19.2092,25.6149,12.1403,-0.1737,1.7332,3.1325
15.4821,24.2757,11.3137,-0.3356,2.821,3.01
10.4946,22.2828,9.5148,-0.3356,3.8521,2.7214
10.4946,22.2828,9.5148,-0.2547,4.6084,2.4156
2.2014,16.9958,5.8304,-0.2547,4.6084,2.4156
2.2014,16.9958,5.8304,-0.2131,4.5264,2.4007
-0.582,13.5056,3.9477,-0.1982,4.3868,2.4188
-4.1033,7.3421,0.5533,-0.1982,4.3868,2.4188
-5.1813,4.8461,-0.7712,-0.162,4.1504,2.4114
-5.9193,2.647,-1.8947,-0.0896,3.8542,2.3507
-5.9193,2.647,-1.8947,0.066,3.2236,2.1067
-7.0596,-0.4192,-3.8471,0.066,3.2236,2.1067
-7.0596,-0.4192,-3.8471,0.181,2.5172,1.8756
-7.8547,-1.514,-3.9549,0.2993,2.072,1.818
-8.4967,-2.2732,-3.5763,0.5123,1.5191,1.7232
-8.4991,-2.7021,-2.9679,0.8149,0.8523,1.5049
-7.8739,-2.8673,-2.5561,1.1408,0.2003,1.1672
-7.0162,-2.9679,-1.8396,1.1408,0.2003,1.1672
-6.5469,-2.7763,-1.7247,1.4114,-0.3162,0.8007
-5.7466,-2.5441,-1.5858,1.5563,-0.7103,0.4545
-5.7466,-2.5441,-1.5858,1.4817,-1.3207,-0.2314
-4.0363,-2.2876,-1.1234,1.4817,-1.3207,-0.2314
-4.0363,-2.2876,-1.1234,1.1951,-1.6765,-0.9623
-3.3871,-2.0554,-1.303,0.9981,-1.7926,-1.366
-2.1847,-0.7472,-2.5561,0.9981,-1.7926,-1.366
-2.1847,-0.7472,-2.5561,0.2865,-1.8704,-2.3289
-0.6347,3.5188,-3.1501,0.2865,-1.8704,-2.3289
0.0071,6.3622,-0.831,-0.3154,-1.8001,-2.951
0.9439,9.4047,1.2,-0.9279,-1.6083,-3.652
0.9439,9.4047,1.2,-1.8941,-1.44,-5.0517
1.8492,17.8176,9.9173,-1.8941,-1.44,-5.0517
1.8492,17.8176,9.9173,-1.6832,-0.9639,-5.4907
2.4025,24.7835,19.1829,-0.7905,0.0043,-5.0219
1.3652,34.1212,12.2337,-0.7905,0.0043,-5.0219
-0.1484,30.468,10.5449,-0.4411,0.6403,-4.3199
-0.1484,30.468,10.5449,-0.178,-0.6741,-3.6541
3.3752,28.1109,12.7177,-0.178,-0.6741,-3.6541
3.3752,28.1109,12.7177,0.343,-2.7174,-3.6658
4.144,28.2306,12.0347,0.3067,-2.9261,-3.2397
6.511,24.0434,8.1711,0.3067,-2.9261,-3.2397
6.511,24.0434,8.1711,0.1107,-2.5853,-2.0275
7.8811,16.7731,7.2104,0.1107,-2.5853,-2.0275
7.8811,16.7731,7.2104,0.36,-0.8264,-1.0773
3.4063,9.7949,8.2261,0.36,-0.8264,-1.0773
3.4063,9.7949,8.2261,0.931,1.6224,0.1563
0.0646,7.2439,3.0445,0.931,1.6224,0.1563
0.0646,7.2439,3.0445,0.8095,2.61,1.1981
-0.9582,3.2339,2.4887,0.8095,2.61,1.1981
-0.9582,3.2339,2.4887,0.703,2.2807,1.4101
-2.7284,-1.7438,1.9402,0.703,2.2807,1.4101
-3.7202,-3.4207,1.2264,0.6327,1.6352,1.2492
-3.7202,-3.4207,1.2264,0.4069,-0.3151,0.8103
-4.0339,-4.0913,-0.3666,0.2119,-1.1055,0.6495
-1.4853,-3.6915,-2.3092,0.2119,-1.1055,0.6495
0.225,-3.1286,-1.5643,0.0958,-1.7223,0.5781
0.225,-3.1286,-1.5643,0.1395,-2.4734,0.7081
2.7237,-2.0482,-0.7329,0.1395,-2.4734,0.7081
3.3129,-1.7366,-0.3378,0.1331,-2.5767,0.8295
3.6194,-1.4948,-0.2947,0.1107,-2.4756,0.92
3.8471,-1.3605,-0.2899,0.0948,-2.1986,0.936
3.8471,-1.3605,-0.2899,0.0798,-1.5167,0.7784
3.919,-1.2,-0.8071,0.0181,-1.2121,0.6772
3.6481,0.1532,-0.1843,0.0181,-1.2121,0.6772
3.7705,1.0564,1.0732,-0.0597,-0.8914,0.6069
3.7705,1.0564,1.0732,-0.0256,-0.5442,0.576
3.919,3.8735,3.2339,-0.0256,-0.5442,0.576
3.919,3.8735,3.2339,-0.0246,-0.5612,0.8487
3.9357,6.4389,4.7887,-0.13,-0.477,1.1885
5.9217,16.5744,10.2334,-0.13,-0.477,1.1885
10.1424,27.7634,13.2159,-0.2344,-0.3087,1.7094
10.1424,27.7634,13.2159,-0.2483,-0.2161,2.8353
16.2054,35.2806,13.3213,-0.3228,0.0097,3.2284
19.2356,30.4057,17.1083,-0.1588,0.8682,3.4702
19.6644,25.1813,19.4585,-0.0363,2.057,3.5522
17.6979,29.0332,15.506,-0.0363,2.057,3.5522
14.0279,28.1133,13.1103,-0.0704,3.2897,3.5789
10.152,24.3571,12.061,-0.2217,4.1717,3.4894
6.1061,20.4309,10.0323,-0.3687,4.6265,3.2614
1.8109,16.9383,7.1601,-0.4294,4.7384,2.9078
1.8109,16.9383,7.1601,-0.4635,4.1205,2.4529
-1.5667,13.4841,4.8844,-0.4059,3.671,2.3592
-3.9237,10.0179,3.368,-0.2962,3.3387,2.2772
-5.1574,6.8701,1.9018,-0.1599,3.0617,2.1909
-6.2258,1.7893,-1.842,-0.1599,3.0617,2.1909
-6.5565,-0.3426,-3.5404,-0.047,2.7751,2.0971
-6.5565,-0.3426,-3.5404,0.0937,2.1945,1.8947
-6.1396,-3.7705,-4.9132,0.0937,2.1945,1.8947
-5.1191,-4.8916,-4.7644,0.1736,1.9015,1.7563
-5.1191,-4.8916,-4.7644,0.5443,1.5585,1.213
-4.8533,-4.9371,-4.8198,0.5443,1.5585,1.213
-4.8533,-4.9371,-4.8198,1.2676,0.979,0.5131
-5.342,-2.8697,-2.5273,1.2676,0.979,0.5131
-5.342,-2.8697,-2.5273,2.0846,0.0821,-0.0727
-5.1741,-2.3211,-0.8601,2.0846,0.0821,-0.0727
-5.7658,-2.5968,-1.7414,2.3552,-0.2384,-0.2846
-5.7658,-2.5968,-1.7414,2.3893,-1.146,-0.634
-6.6498,-2.7787,-3.0157,2.2167,-1.8001,-0.86
-7.2631,-2.683,-3.526,2.0058,-2.4148,-1.1796
-7.2415,-2.2685,-3.356,1.8077,-2.9677,-1.595
-5.7562,0.7041,-1.8061,1.8077,-2.9677,-1.595
-4.0913,4.3789,-1.2024,1.6532,-3.5887,-2.068
-2.223,10.2286,-0.8382,1.4923,-4.3269,-2.6645
-0.7448,18.7301,2.5297,1.144,-5.1259,-3.4187
-0.7448,18.7301,2.5297,0.2556,-5.9184,-4.8567
9.8718,47.3201,10.7293,0.2556,-5.9184,-4.8567
9.8718,47.3201,10.7293,-0.5828,-2.6417,-4.5425
9.3137,27.9361,14.7033,-0.5828,-2.6417,-4.5425
9.3137,27.9361,14.7033,-0.3452,-0.6123,-3.6637
9.1314,27.5312,9.6609,-0.4507,-0.1553,-3.9364
6.2234,30.4105,6.5014,-0.5774,0.4699,-3.8767
1.3461,31.2347,6.0199,-0.5785,0.9343,-3.2088
-2.5513,29.9553,6.9395,-0.4326,0.6318,-2.2288
-3.3991,27.5791,7.1697,-0.2163,-0.281,-1.3649
-2.5222,24.5441,6.9228,-0.097,-1.0107,-0.7886
-2.2685,20.9244,6.0079,-0.1194,-1.3026,-0.4263
-2.1894,17.269,4.5202,-0.2067,-1.4006,-0.1824
0.6467,10.2669,2.4432,-0.2067,-1.4006,-0.1824
0.6467,10.2669,2.4432,-0.3772,-1.3058,0.0284
3.2866,4.6208,1.0875,-0.3772,-1.3058,0.0284
4.0052,2.5824,-0.1891,-0.5295,-1.0991,0.0402
4.0052,2.5824,-0.1891,-1.0121,-0.4824,-0.1387
4.1488,0.3235,-1.8803,-1.2709,-0.2278,-0.2314
3.895,-2.4768,-3.4207,-1.4999,-0.0893,-0.2346
3.368,-7.9409,-2.671,-1.4999,-0.0893,-0.2346
2.8266,-8.9399,-1.6816,-1.533,0.0448,-0.1366
2.8266,-8.9399,-1.6816,-0.8959,0.0928,0.5099
2.5537,-7.0859,-1.6241,-0.5295,-0.2949,0.9051
2.6997,-3.4877,-1.2719,-0.2089,-0.8595,1.2023
3.0014,-0.4312,-1.1043,0.0617,-1.4858,1.3983
4.1895,1.1713,-1.2647,0.0617,-1.4858,1.3983
4.1895,1.1713,-1.2647,0.4697,-2.2178,1.4761
4.7261,-0.0454,-1.0301,0.6103,-2.1027,1.4335
4.827,-1.3078,-0.1244,0.7296,-1.7393,1.4101
4.7596,-1.8252,0.7401,0.7872,-1.3303,1.3898
5.9504,0.9798,2.0027,0.7872,-1.3303,1.3898
7.0596,3.5164,2.4672,0.8127,-1.0864,1.2641
7.0596,3.5164,2.4672,0.7488,-1.0991,0.6133
8.0175,6.9491,3.8735,0.654,-0.7892,0.4183
6.2186,19.0991,12.0877,0.654,-0.7892,0.4183
6.7552,29.8954,14.3394,0.7424,-0.2715,0.7304
6.7552,29.8954,14.3394,0.4985,-0.5708,2.4028
12.2409,33.4912,13.0241,0.0649,-1.1194,2.569
17.7386,26.8246,15.9968,-0.2493,-0.4185,2.3443
19.1997,22.2469,18.5625,-0.3942,0.7138,2.4007
20.5892,23.0181,17.0628,-0.3537,1.8152,2.5115
22.5677,24.7428,12.8781,-0.3548,2.6356,2.3858
21.7797,24.5154,9.2778,-0.4464,3.4175,2.1547
10.6838,19.5543,8.5254,-0.4464,3.4175,2.1547
10.6838,19.5543,8.5254,-0.5135,4.896,1.9299
2.7021,13.4985,4.2832,-0.5135,4.896,1.9299
-0.0407,10.2765,2.2134,-0.4358,4.9855,1.8969
-0.0407,10.2765,2.2134,-0.2195,4.3645,1.9725
-2.8649,4.671,-0.5389,-0.2195,4.3645,1.9725
-3.4853,2.5103,-1.6672,-0.1418,4.0705,1.9959
-4.0435,0.776,-2.6446,-0.0661,3.7956,1.9629
-4.683,-0.6203,-3.5739,0.001,3.5166,1.8766
-5.4378,-1.6193,-4.156,0.0404,3.2439,1.7648
-6.3622,-2.2254,-4.2736,0.0575,2.9765,1.6551
-6.3622,-2.2254,-4.2736,0.1693,2.4107,1.474
-7.2631,-2.4504,-4.3358,0.1693,2.4107,1.474
-7.2631,-2.4504,-4.3358,0.5038,1.5202,1.1693
-6.8964,-2.3618,-3.9549,0.7318,1.1101,0.9254
-6.3958,-2.46,-3.0181,1.0034,0.7916,0.6804
-5.9145,-2.7476,-1.6959,1.2921,0.5434,0.4545
-4.7046,-3.7035,-1.1354,1.2921,0.5434,0.4545
-4.3813,-3.8447,-1.9617,1.536,0.2738,0.2276
-4.3813,-3.8447,-1.9617,1.7128,-0.3151,-0.3901
-4.3694,-3.7011,-3.2962,1.617,-0.6539,-0.7886
-4.7237,-3.3943,-4.3933,1.454,-1.0139,-1.2051
-5.1957,-3.0301,-4.4603,1.3006,-1.3644,-1.6227
-5.2124,-1.4661,-3.0828,1.3006,-1.3644,-1.6227
-5.2124,-1.4661,-3.0828,1.0215,-1.9907,-2.4653
-4.5705,0.3522,-2.1176,0.8425,-2.2497,-2.9478
-3.5212,3.2243,-1.1857,0.6902,-2.4756,-3.5039
-0.8912,13.5583,8.2501,0.6902,-2.4756,-3.5039
2.58,24.1536,10.9471,0.7872,-2.6652,-4.1207
2.58,24.1536,10.9471,1.4614,-3.2755,-5.4396
