andar
3.3351,-11.0327,10.5204,1.0945,-1.529,0.4524
3.1459,-9.1198,9.0671,1.282,-1.6555,0.4854
3.8355,-3.9576,5.5907,1.3266,-1.5926,0.5428
3.8355,-3.9576,5.5907,0.9295,-1.1246,0.6185
2.9472,0.3806,4.3311,0.9295,-1.1246,0.6185
2.4827,1.2856,4.3454,0.5441,-1.0361,0.6973
3.3806,-3.9504,4.264,0.1464,-1.201,0.803
3.7421,-7.6042,3.5601,-0.3355,-1.7685,0.9185
4.1802,-13.8986,1.7262,-0.6177,-1.7135,0.9264
5.811,-18.8788,-0.5602,-0.8639,-0.84,0.9258
9.7806,-27.7784,8.593,-1.1791,0.5136,0.8403
9.8404,-26.6914,10.1995,-1.3501,2.1574,0.5006
4.6878,-13.5658,9.8548,-0.3379,2.9626,-0.1792
0.9481,-3.2321,-1.6687,0.4641,1.5869,-0.4241
6.2419,5.5859,-13.8794,0.7658,0.5997,-0.2671
8.3991,4.9347,-10.0535,0.0597,0.9602,0.0541
8.3991,4.9347,-10.0535,-2.3434,0.9321,0.3717
6.3185,-5.2555,5.8421,-2.3434,0.9321,0.3717
-8.2818,-13.9177,-9.3855,-1.7191,0.2742,0.0199
-7.9155,-14.3295,-8.9067,-2.2395,1.2033,0.3235
-4.4843,-16.6857,-2.2242,-3.4118,2.7072,0.9221
-3.5817,-17.5117,3.1747,-3.9524,3.7775,1.0101
-3.5817,-17.5117,3.1747,-3.1057,3.8587,0.3021
-3.1028,-14.6839,3.4811,-3.1057,3.8587,0.3021
-1.6591,-11.5595,2.794,-2.6122,2.4965,0.0297
0.3256,-9.273,1.9919,-2.5236,1.4861,-0.0197
2.0159,-7.3864,1.5801,-2.5865,0.6199,-0.0723
2.2146,-7.0392,1.2617,-2.7496,0.1312,-0.2519
2.3032,-6.8668,0.7422,-2.931,0.1269,-0.4993
2.1643,-7.0775,1.0223,-3.2151,0.5558,-0.7131
1.6807,-7.5923,0.9289,-3.4075,0.7812,-0.7454
2.0997,-7.882,0.7398,-3.4735,0.9137,-0.655
2.9137,-8.3967,1.1396,-3.4197,0.8551,-0.3575
1.8219,-8.7678,1.3024,-3.2823,0.6621,-0.0979
-1.3814,-10.7526,0.7876,-3.0361,0.5142,-0.239
-1.5394,-11.0567,0.7182,-2.5083,0.5472,-0.5738
-1.9201,-12.0622,0.2705,-2.1204,0.571,-0.6495
-1.7501,-11.8085,-0.4429,-1.8272,0.5613,-0.6343
-0.2657,-9.3664,-0.0502,-1.7038,0.6138,-0.5261
-0.1484,-9.2203,-0.0071,-1.7741,0.6816,-0.3514
1.0079,-8.2052,0.1484,-1.9121,0.8765,-0.1107
1.81,-7.7575,0.0502,-1.9115,1.0225,-0.0405
2.442,-8.2028,0.1125,-1.8932,1.0286,-0.024
2.442,-8.2028,0.1125,-1.807,1.0774,-0.0814
1.8315,-8.435,-0.2777,-1.807,1.0774,-0.0814
1.1324,-8.5021,-1.1013,-1.7386,1.0738,-0.1572
-0.4094,-8.6218,-1.9991,-1.7667,0.9705,-0.3068
-1.1492,-8.5811,-2.2146,-1.8535,1.0353,-0.3838
-1.1156,-8.7989,-2.2577,-1.906,1.2002,-0.4211
-0.5027,-8.4638,-1.5035,-1.8663,1.2937,-0.396
0.4979,-8.9689,0.0023,-1.7582,1.2466,-0.3759
0.6081,-9.6441,0.3303,-1.5908,1.0811,-0.3704
-0.0598,-11.1979,0.6248,-1.3819,0.7085,-0.3746
-0.6512,-12.1963,0.8355,-1.3428,0.5887,-0.3759
-1.0247,-12.5914,2.1092,-1.3367,0.6034,-0.327
-0.96,-12.6464,2.2984,-1.3348,0.6413,-0.247
-0.723,-12.9601,2.5594,-1.2811,0.6541,-0.1883
-0.6536,-13.6209,2.2912,-1.0685,0.5924,-0.1144
-2.3247,-14.9308,0.632,-0.8926,0.6382,-0.1126
-2.3247,-14.9356,0.632,-0.7142,0.7384,-0.1645
-2.5737,-15.005,-0.3184,-0.5511,0.841,-0.2421
-1.9823,-14.7225,-0.5674,-0.4491,0.8478,-0.2537
0.1436,-14.4732,0.6344,-0.413,0.6486,-0.2274
0.1436,-14.4732,0.6344,-0.3061,0.2803,-0.1559
0.0598,-15.6347,-0.3256,-0.1302,0.155,-0.1529
-0.1364,-16.0752,-0.9696,0.1324,0.0958,-0.1156
0.1125,-14.9475,0.9959,0.3846,0.1947,0.0217
0.2322,-14.2266,2.3487,0.5636,0.2845,0.1708
0.0359,-13.415,2.9305,0.8886,0.1666,0.3632
-0.2298,-13.0989,2.4229,1.3107,0.1392,0.4493
0.1412,-11.5762,1.3144,1.8098,0.1343,0.5061
0.328,-11.5858,1.1923,2.2924,0.05,0.5489
1.5586,-12.7015,0.8379,2.7017,-0.0715,0.5971
2.5809,-14.0327,0.0287,3.0419,-0.1839,0.6906
3.5362,-15.2061,-3.1052,3.4469,-0.3782,0.7218
3.5482,-15.2205,-3.292,3.6002,-0.3885,0.6588
4.264,-15.5964,-3.8522,3.6186,-0.2377,0.6399
4.5274,-15.4767,-3.3135,3.4933,0.0268,0.6723
4.2473,-14.6288,-2.0709,3.3015,0.2784,0.6906
4.2281,-14.5785,-2.0566,3.1079,0.3957,0.6711
3.6822,-14.7991,-1.6831,2.8721,0.5197,0.6063
3.1938,-15.4791,-1.8339,2.6992,0.5332,0.5703
-0.7326,-15.6945,3.8738,2.5031,0.3023,0.6161
-0.8355,-15.6036,4.0031,2.2136,-0.697,0.6625
-2.272,-14.4086,3.1268,2.1311,-1.9866,0.6503
-2.4779,-12.9146,1.2545,2.588,-2.2468,0.7303
-2.4779,-12.9146,1.2545,3.2282,-1.0672,0.8788
-1.2114,-9.4765,-0.4764,3.2282,-1.0672,0.8788
0.7948,-8.3009,-1.2761,3.3113,-0.3812,0.8531
1.0031,-6.8381,-1.8315,3.3614,-0.3482,0.8317
1.0462,-4.9419,-1.1156,3.3571,-0.446,0.7181
1.3168,-4.2544,-0.9983,3.2307,-0.6982,0.6637
1.3168,-4.2544,-0.9983,2.8531,-1.3604,0.6998
0.2753,-2.9137,-0.9768,2.8531,-1.3604,0.6998
0.1556,-2.5689,-1.0893,2.6742,-1.7007,0.6747
-0.0095,-2.6024,-1.0989,2.5416,-2.0031,0.6631
0.1819,-2.7988,-1.2425,2.3901,-1.9285,0.5916
0.2322,-3.2297,-1.2545,2.2423,-1.8552,0.511
0.8307,-4.2018,-1.1635,2.0578,-1.8161,0.4285
0.8307,-4.2018,-1.1635,1.866,-1.7379,0.3852
1.1444,-4.2784,-1.3718,1.7047,-1.6988,0.3705
1.3814,-4.1299,-1.3575,1.5734,-1.6249,0.3339
1.1875,-3.4859,-0.7613,1.359,-1.4594,0.2874
1.1875,-3.4859,-0.7613,1.1769,-1.3757,0.2673
0.8236,-3.3303,-0.2011,0.965,-1.2847,0.2758
0.4668,-3.1771,0.5195,0.7304,-1.1992,0.3522
0.8451,-3.4787,2.3702,0.461,-1.1753,0.4585
0.9193,-4.1515,4.4532,0.1733,-1.2144,0.5868
0.8044,-6.1126,9.1533,-0.0844,-1.2633,0.5935
0.2394,-8.0136,11.8492,-0.0496,-1.2059,0.5568
1.5346,-9.2155,10.8436,0.2142,-1.1582,0.5208
1.3766,-8.7774,11.4517,0.5539,-1.2798,0.6136
1.0055,-10.5371,12.9361,0.6565,-1.5327,0.643
1.4341,-11.265,12.8092,0.8819,-1.7508,0.3363
0.4572,-10.1756,10.8316,1.0285,-1.6823,0.2612
0.2537,-9.9266,10.5874,1.0859,-1.8119,0.2117
0.1029,-7.9945,9.3328,1.0358,-1.8442,0.2318
1.1396,-6.5532,8.0615,0.8959,-1.6182,0.3015
3.7924,-3.9384,6.6873,0.6901,-1.2224,0.3565
3.7924,-3.9384,6.6873,0.3303,-0.6775,0.362
5.3369,-6.2395,6.5292,0.1482,-0.6732,0.3595
5.5213,-10.1876,4.9084,-0.0484,-1.157,0.3785
1.4963,-16.9491,4.4292,-0.242,-1.7935,0.2893
1.3599,-17.2963,4.3454,-0.5114,-1.9841,0.1023
2.7413,-18.3497,1.4484,-0.6922,-1.0532,0.026
8.5212,-17.1622,3.9432,-0.512,0.7952,0.0797
8.8492,-10.0511,4.1012,-0.3452,2.5515,0.0443
5.3752,-4.2353,-0.4453,-0.0545,2.8343,-0.2158
2.3199,0.6416,-8.7702,0.0285,2.0414,-0.2971
5.2699,0.6631,-5.9498,-0.3801,1.6455,-0.101
3.6798,-2.0039,4.2281,-1.7557,1.6339,0.2386
1.4508,-3.9145,4.3885,-2.2695,1.381,0.2856
-5.1765,-9.4741,-2.6192,-2.355,0.9052,0.456
-6.2707,-13.1875,-5.2986,-2.4527,1.0964,0.7767
-2.5258,-16.1423,0.7565,-2.8907,2.1153,1.0999
-2.3439,-16.1854,0.9241,-3.3342,3.0059,1.1518
-1.2234,-15.1918,2.1045,-3.0978,3.4757,0.643
-0.6057,-13.5083,2.4684,-2.6989,3.3364,0.2111
1.7046,-8.5404,2.0135,-2.3837,2.8398,-0.1511
1.7046,-8.3201,1.8746,-2.2469,2.1293,-0.3856
3.11,-6.9363,1.4389,-2.2139,1.4201,-0.5133
3.2321,-6.0672,1.7525,-2.4472,0.9504,-0.7399
2.9041,-7.3816,1.446,-2.6916,1.1135,-0.9073
2.9041,-7.3816,1.446,-2.9054,1.1373,-0.98
1.3,-8.0615,0.8427,-3.0679,1.0952,-1.0277
0.3519,-8.5715,0.4381,-3.1699,1.1062,-1.0307
-0.9983,-9.1054,-0.3591,-3.1961,1.0658,-0.8029
-2.0254,-9.5938,-0.4644,-3.055,0.8184,-0.4107
-2.9328,-9.9098,0.5195,-2.964,0.5142,-0.3374
-2.952,-10.2474,0.6272,-2.7991,0.1837,-0.3655
-2.5426,-10.9657,0.9409,-2.4307,0.2864,-0.4602
-2.1691,-10.9729,1.2018,-2.0166,0.6144,-0.5561
-1.0223,-10.5323,1.1707,-1.6678,0.7751,-0.5988
-0.4261,-9.455,0.7829,-1.6354,0.6639,-0.5414
1.0175,-7.7599,0.0287,-1.7289,0.5228,-0.4699
1.2258,-7.6162,0.0311,-1.8571,0.5295,-0.374
2.1116,-7.3576,-0.0383,-1.9634,0.673,-0.2702
2.8514,-7.6641,0.0646,-2.0404,0.8453,-0.2128
1.7381,-8.7343,-0.644,-2.066,1.0041,-0.2341
1.6208,-8.7511,-0.7445,-1.9781,1.0463,-0.3209
0.565,-8.6936,-1.7884,-1.8394,1.0518,-0.4388
-0.1891,-8.5332,-1.695,-1.7765,0.9834,-0.5237
-0.7469,-9.0982,-1.8219,-1.837,0.9278,-0.5707
-0.7469,-9.0982,-1.8219,-1.881,0.9595,-0.6013
-0.0239,-9.7231,-1.1851,-1.8351,1.0237,-0.5616
0.7278,-10.3911,-0.1436,-1.7783,0.9944,-0.509
0.3974,-11.0495,1.3575,-1.7026,0.7745,-0.465
-0.2418,-11.2482,1.9871,-1.6128,0.5442,-0.4382
-1.1994,-11.435,2.0398,-1.5102,0.488,-0.4015
-1.6136,-11.7701,1.7477,-1.3428,0.6645,-0.3081
-0.9313,-12.4693,1.118,-1.2457,0.8197,-0.225
-0.3734,-12.7613,0.8475,-1.1461,0.9253,-0.159
0.0383,-13.0678,0.8092,-1.0453,0.9473,-0.0826
0.2011,-13.4628,0.8236,-0.95,1.0164,-0.1352
-0.4979,-14.0518,-1.3599,-0.8266,1.1037,-0.2201
-0.5817,-14.0758,-1.707,-0.6537,1.0231,-0.3221
-0.6033,-13.9249,-2.5929,-0.6415,0.8588,-0.3282
-0.1268,-13.3695,-2.2433,-0.6611,0.7109,-0.2946
-0.0167,-15.0768,-0.6129,-0.6427,0.571,-0.2751
-0.0167,-15.0768,-0.6129,-0.5865,0.4201,-0.3056
-0.0933,-16.7001,-1.6472,-0.3733,0.221,-0.3313
-0.2226,-16.6905,-1.4532,-0.1864,0.2601,-0.2879
-1.0869,-15.8837,0.4572,-0.0771,0.3004,-0.25
-1.0869,-15.8837,0.4572,0.2533,-0.008,-0.1016
-1.2665,-15.1032,0.5075,0.2533,-0.008,-0.1016
-0.0933,-14.3487,0.6775,0.6259,-0.201,-0.0307
1.9416,-11.6959,2.8993,1.1323,-0.3672,0.161
2.5522,-11.3607,3.4787,1.3901,-0.2517,0.2929
2.4229,-11.7701,3.0621,1.7872,-0.0135,0.4133
1.8579,-12.4357,1.9057,2.3015,0.0762,0.4976
1.1156,-12.6704,-0.4692,2.8153,-0.0202,0.5397
1.1324,-12.6201,-0.8547,3.2691,-0.1833,0.5532
1.4724,-12.7087,-1.7142,3.6375,-0.245,0.5978
2.9975,-13.1109,-2.059,3.6552,-0.0513,0.679
3.8163,-13.5802,-3.1244,3.5104,0.2106,0.7578
3.8163,-13.5802,-3.1244,3.0877,0.4928,0.6692
4.3742,-14.3583,-2.8323,3.0877,0.4928,0.6692
3.8905,-14.4014,-3.7014,2.8837,0.2118,0.6179
2.2649,-13.5107,-3.1244,2.7322,-0.0446,0.5513
2.1763,-13.494,-2.8562,2.4598,-0.2193,0.4909
0.9361,-13.415,0.8547,2.1073,-0.5773,0.4512
-0.6488,-13.652,4.0677,1.8538,-1.2731,0.4359
-0.0023,-12.2514,2.5234,1.8703,-2.3024,0.475
-0.0023,-12.2514,2.5234,2.461,-2.7666,0.6949
0.1316,-10.7502,0.0933,2.9368,-1.923,0.8323
0.3663,-9.1413,-1.1156,3.2893,-0.8632,0.7401
1.8028,-6.9889,-1.2928,3.3956,-0.3323,0.657
1.8507,-6.0312,-1.1372,3.3296,-0.0403,0.6161
1.3886,-4.9682,-0.7757,3.1238,-0.1491,0.569
1.0271,-4.3358,-0.8236,2.9674,-0.4276,0.6259
0.2633,-4.015,-0.9241,2.811,-0.9053,0.7413
0.0335,-4.0892,-0.9241,2.6711,-1.3757,0.825
-0.3136,-4.3861,-0.9888,2.5813,-1.5974,0.8568
-0.5913,-4.8075,-0.9433,2.4756,-1.7483,0.8354
-0.2202,-4.7524,-0.632,2.2508,-1.7605,0.7358
-0.1795,-4.7357,-0.6392,2.0938,-1.8253,0.6576
0.1795,-4.4915,-0.8092,1.968,-1.8748,0.5721
0.7422,-4.3502,-0.8092,1.8428,-1.9218,0.4829
1.3575,-4.0605,-0.8834,1.7035,-1.9243,0.4108
1.3694,-4.0007,-0.8403,1.5746,-1.8998,0.3296
1.0845,-3.6774,-0.8283,1.3938,-1.8479,0.2221
0.656,-3.3973,-0.6631,1.2759,-1.799,0.1628
0.1675,-3.2297,0.7158,1.1018,-1.7086,0.1702
0.1675,-3.2297,0.7158,0.6003,-1.4411,0.4084
0.3758,-3.8426,1.9321,0.6003,-1.4411,0.4084
0.9121,-4.8482,4.4867,0.1959,-1.3659,0.6894
1.3958,-6.8956,9.8069,-0.0148,-1.2926,0.7902
1.4484,-8.2483,11.7223,-0.0551,-1.1894,0.7975
0.7493,-10.4821,12.2322,0.144,-1.1069,0.7523
1.4915,-10.8364,11.7462,0.4689,-1.1045,0.6943
0.9097,-11.3392,13.0415,0.6889,-1.3904,0.7395
1.3551,-11.7342,12.747,0.9973,-1.8693,0.4866
1.7573,-11.3272,11.593,1.2484,-1.7673,0.3748
1.719,-10.7191,10.7502,1.3443,-1.7447,0.3577
1.5921,-7.7239,9.3017,1.351,-1.7648,0.3803
1.6615,-7.202,9.0455,1.3022,-1.6084,0.4084
2.3056,-4.8027,8.1669,1.1256,-1.1081,0.4102
2.2457,-3.0693,8.1046,0.9057,-0.9365,0.3925
3.6631,-6.3952,4.8913,0.709,-0.9664,0.395
3.6631,-6.3952,4.8913,0.5593,-1.2346,0.4395
2.6671,-11.0447,6.6082,0.2496,-1.799,0.4579
0.3567,-14.4421,9.5483,-0.0972,-2.1955,0.3522
3.3854,-12.723,-4.7117,0.0743,-1.8045,0.3785
3.3854,-12.723,-4.7117,0.4848,0.7366,0.5202
7.5516,-8.0783,-1.6591,0.4848,0.7366,0.5202
7.3433,-4.6567,-0.1771,-0.1528,1.6914,0.5061
4.7046,-2.0326,-7.372,-0.4845,1.6352,0.4976
6.625,-0.8236,-4.1946,-0.6372,1.8618,0.489
8.5452,-5.3178,4.2616,-1.6446,1.5893,0.6802
1.3742,-9.8572,-2.1619,-1.9701,0.8019,0.6845
-6.0241,-13.6376,-9.3688,-2.1644,0.4018,0.6601
-4.5896,-15.1989,-7.0177,-2.8376,1.2149,0.9081
-2.1715,-16.7169,-1.403,-3.6592,2.2723,1.3186
-1.2497,-16.7456,1.2593,-3.8357,3.1574,1.2502
-1.0582,-13.7909,1.877,-3.3415,3.3505,0.8488
-1.0582,-13.7909,1.877,-2.7441,2.5142,0.1555
0.2944,-10.4988,1.1947,-2.7441,2.5142,0.1555
1.6232,-9.1892,1.2593,-2.6977,1.8936,-0.0313
3.3087,-7.5396,1.6424,-2.7282,1.4006,-0.2067
3.3087,-7.5396,1.6424,-2.9078,1.838,-0.674
3.1507,-7.2236,1.3551,-2.9078,1.838,-0.674
2.4181,-7.882,1.4628,-3.0294,2.0866,-0.8652
0.7757,-8.8229,0.2992,-3.2224,2.1874,-0.9965
0.6847,-8.8468,0.2322,-3.333,2.1391,-1.0032
-0.7757,-8.933,-0.6512,-3.3428,1.6969,-0.7693
-1.8435,-9.8284,-0.8116,-3.2304,1.1178,-0.6685
-3.4596,-10.7167,-0.632,-3.0648,0.4544,-0.633
-3.4596,-10.7167,-0.632,-2.3324,-0.3965,-0.6007
-2.8467,-10.415,1.4197,-2.3324,-0.3965,-0.6007
-1.2569,-9.5651,1.4149,-1.9066,-0.7673,-0.4846
0.6057,-8.6601,0.158,-1.2591,-0.5296,-0.4864
1.209,-8.5883,0.0885,-1.0887,-0.1497,-0.5292
2.4516,-8.8564,-0.0167,-1.2328,-0.0373,-0.4687
2.8467,-8.8612,-0.0095,-1.5096,0.0561,-0.3801
2.5641,-8.6529,0.055,-1.7411,0.265,-0.2964
2.5426,-8.6649,0.0981,-1.895,0.6089,-0.2176
2.1092,-8.6912,0.1843,-2.0496,1.2051,-0.1217
1.288,-8.6577,-0.4668,-2.0746,1.4372,-0.1395
0.474,-8.186,-2.9305,-1.9475,1.4488,-0.225
0.3854,-8.1525,-3.0502,-1.7716,1.2503,-0.3313
-0.2059,-8.1405,-3.7708,-1.669,1.0536,-0.4791
0.1532,-8.2555,-3.6032,-1.7679,1.0383,-0.5164
1.6903,-9.9865,-2.284,-1.8932,1.1318,-0.5188
1.6903,-9.9865,-2.284,-1.8718,1.188,-0.5359
2.545,-12.2969,-0.5027,-1.8718,1.188,-0.5359
1.8914,-13.4988,1.8962,-1.7985,0.9577,-0.5145
-1.1204,-13.0199,4.2904,-1.6781,0.6504,-0.465
-2.4588,-12.067,4.4603,-1.4002,0.3499,-0.2464
-3.4763,-11.3296,3.4691,-1.2505,0.6401,-0.0277
-2.8323,-11.8803,1.4604,-1.1241,1.2381,0.1708
0.0359,-12.3687,-1.5059,-0.9702,1.9125,0.3223
1.1276,-12.0742,-1.8722,-0.8083,2.2998,0.4114
1.8148,-12.6464,-0.9385,-0.6152,1.9834,0.2514
1.5849,-13.1133,-0.1436,-0.5279,1.3737,-0.0203
-0.96,-13.5155,0.2537,-0.4686,0.8154,-0.2048
-1.2425,-13.4413,0.2226,-0.476,0.626,-0.341
-1.7884,-12.9888,-0.3663,-0.5181,0.7329,-0.3734
-1.9536,-12.3855,-0.7374,-0.509,0.874,-0.327
-0.3184,-14.6983,0.4668,-0.3727,0.8588,-0.214
-0.3184,-14.6983,0.4668,-0.2218,0.7824,-0.1297
0.5147,-15.752,0.8451,-0.0526,0.6523,-0.0356
0.1675,-15.9316,1.3168,0.1715,0.6584,0.0926
-1.6639,-14.9906,1.9776,0.3901,0.7573,0.1879
-1.6639,-14.9906,1.9776,0.6491,0.8068,0.2728
-2.8658,-13.798,1.8267,1.172,0.612,0.42
-1.7453,-12.4453,1.6424,1.5856,0.3682,0.4395
-0.0023,-10.9777,1.2952,1.9796,0.1056,0.5275
0.5985,-10.767,0.5698,2.351,-0.0599,0.5886
1.3886,-11.1261,-0.4429,2.7401,-0.124,0.6332
2.0829,-12.1796,-1.1994,3.2563,-0.2004,0.7664
3.1818,-14.0686,-1.6496,3.4927,-0.2016,0.8018
3.6679,-14.557,-1.9321,3.6601,-0.0642,0.8079
4.9874,-15.254,-3.0214,3.723,0.1092,0.8171
5.0544,-15.491,-3.1387,3.6277,0.1636,0.7969
4.7907,-15.4647,-3.4739,3.4048,0.1245,0.7071
4.9323,-15.3378,-3.4021,3.1134,0.1819,0.6698
4.0509,-14.6264,-2.9448,2.8922,0.3438,0.6943
2.4684,-14.2481,-3.6535,2.6277,0.5295,0.6191
0.2944,-14.8374,2.6815,2.3235,0.4061,0.5947
-0.0071,-14.8374,3.201,1.8923,-0.38,0.7089
-1.3886,-15.4001,5.3226,1.6528,-1.8302,0.8317
0.1173,-14.8781,4.8099,2.0438,-2.2248,0.9667
-0.2896,-11.4972,-0.2298,2.6558,-1.5718,1.0553
-0.158,-11.2338,-0.4381,3.2472,-0.8161,0.9551
0.7254,-8.8564,-0.6799,3.5398,-0.6298,0.894
1.2521,-6.8908,-0.3088,3.5147,-0.4625,0.8305
1.4628,-4.7931,-0.541,3.3034,-0.5694,0.7157
1.2449,-3.857,-1.1228,3.2178,-0.8962,0.6625
0.79,-2.6982,-1.0797,3.1219,-1.2761,0.5947
0.5147,-1.7812,-0.9097,2.9729,-1.5608,0.5342
-0.0263,-2.2768,-0.9552,2.8275,-1.6756,0.4573
0.0263,-2.6288,-1.0773,2.7126,-1.7697,0.3473
0.3112,-2.9999,-0.9888,2.486,-1.8277,0.2092
0.8427,-3.0047,-0.7565,2.2698,-1.6255,0.1989
2.0063,-2.6192,-0.8595,2.048,-1.402,0.241
2.0063,-2.6192,-0.8595,1.684,-1.3274,0.2386
2.5258,-2.5761,-0.8571,1.684,-1.3274,0.2386
2.3104,-2.5067,-0.8164,1.4604,-1.3684,0.1249
1.0486,-3.2513,-0.5075,1.3064,-1.4044,0.0125
1.0486,-3.2513,-0.5075,1.1311,-1.4606,-0.0814
0.292,-3.6272,-0.1316,0.9259,-1.496,-0.1199
-0.2729,-3.7038,0.4477,0.6968,-1.5278,-0.0991
-0.5554,-4.5657,6.1055,0.4543,-1.5675,-0.0106
-0.5554,-4.5657,6.1055,-0.0013,-1.5736,0.2538
-0.6081,-6.2276,10.8627,-0.0013,-1.5736,0.2538
-0.4764,-9.1844,12.0024,0.0774,-1.4343,0.2746
1.4389,-7.1278,11.1429,0.2942,-1.2743,0.3522
1.3407,-7.8724,11.581,0.4176,-1.2609,0.4799
1.3263,-9.7806,13.2115,0.4036,-1.559,0.1195
1.1109,-10.2905,13.3264,0.4427,-1.3855,0.0345
1.1971,-10.5156,11.7654,0.6137,-1.1924,-0.0301
1.3718,-10.5563,11.0686,0.8031,-1.0776,-0.0093
1.9632,-10.3169,10.5778,0.8929,-1.0067,0.1133
3.4452,-9.6058,10.9394,0.8764,-0.8675,0.2593
6.7256,-9.3041,9.5914,0.7866,-0.5125,0.4438
6.9746,-9.4358,9.3161,0.7921,-0.4515,0.5165
7.3409,-11.8085,7.6425,0.8361,-0.7068,0.6014
4.8817,-14.9284,10.3288,0.7408,-1.2761,0.6564
-3.1483,-11.5714,2.9759,0.5881,-1.876,0.434
-2.8491,-10.688,1.1851,0.7347,-2.168,0.161
2.1859,-0.6057,-11.2386,1.4109,-1.6756,0.1671
6.9985,5.3345,-13.9656,0.9002,-0.4001,0.3064
10.0655,-3.098,4.1778,-0.2738,0.8007,0.3858
10.0655,-3.098,4.1778,-1.6879,2.3389,0.1017
9.6034,-7.6689,4.5322,-1.6879,2.3389,0.1017
6.2228,-11.2985,4.8147,-1.297,2.3871,-0.3166
-6.1486,-14.7824,-5.787,-1.275,1.3676,-0.4938
-7.6593,-15.3067,-6.8189,-1.5981,1.0487,-0.3032
-2.9927,-14.9475,0.5674,-2.4295,2.1684,0.2954
-0.0909,-14.0446,5.7392,-3.0825,3.0866,0.7951
0.079,-12.1891,2.2433,-3.1131,2.9143,0.8653
0.213,-10.9729,1.2761,-2.6305,2.2876,0.643
1.0175,-9.0288,0.9241,-2.6549,1.8557,0.5293
1.7238,-7.8437,1.0007,-2.7655,1.5759,0.4334
3.0095,-7.2379,1.154,-2.8577,1.4592,0.2777
3.1004,-7.2786,1.0199,-2.9078,1.4226,0.0547
2.533,-7.9753,0.1173,-2.9072,1.5521,-0.4296
1.6591,-9.3017,-0.2035,-2.9439,1.6572,-0.7919
0.0023,-11.1333,0.3734,-3.0721,1.7445,-1.0747
0.0023,-11.1333,0.3734,-3.4185,1.7592,-1.2836
-0.9504,-11.3607,0.4955,-3.4185,1.7592,-1.2836
-1.4006,-11.4852,0.5219,-3.5236,1.5796,-1.2158
-2.521,-11.2051,1.2042,-3.57,1.1098,-0.9501
-2.533,-11.2147,1.2689,-3.4845,0.7952,-0.7491
-2.4396,-11.0782,1.3886,-3.2407,0.5545,-0.5616
-2.1667,-10.5252,0.9768,-2.8528,0.3169,-0.4705
-1.5945,-9.3281,0.3639,-2.4026,0.0665,-0.4614
-0.6847,-8.8708,0.0837,-2.0294,-0.099,-0.4406
0.6368,-8.2363,0.3303,-1.881,-0.2083,-0.2848
1.4221,-7.7431,0.5075,-2.0349,-0.168,-0.1755
2.0111,-7.4127,0.0095,-2.1815,0.0494,-0.1052
2.0015,-7.5348,-0.1125,-2.2725,0.3316,-0.0949
1.9033,-8.21,-0.4022,-2.3342,0.571,-0.1333
1.9081,-9.2251,-0.237,-2.347,0.8019,-0.1914
1.8219,-9.6513,-1.2042,-2.2701,0.8581,-0.2311
1.8219,-9.6513,-1.2042,-2.0551,0.6401,-0.2897
1.6543,-8.8875,-1.6184,-2.0551,0.6401,-0.2897
1.3383,-8.4901,-1.3311,-2.0551,0.5405,-0.3325
-0.3112,-9.1892,-0.6584,-2.0868,0.6566,-0.3807
-0.3112,-9.1892,-0.6584,-2.0728,0.9327,-0.476
-0.644,-9.85,-0.2322,-1.9689,1.0634,-0.5145
-0.4213,-10.4054,0.7278,-1.8125,1.1037,-0.5017
-0.1268,-10.676,3.0166,-1.6378,0.9962,-0.4327
-0.1484,-10.6808,3.098,-1.4375,0.7824,-0.3484
-0.5003,-10.7095,2.8323,-1.2402,0.502,-0.2464
-0.7781,-10.7933,1.3646,-0.9958,0.4605,-0.1621
-0.905,-11.4517,-0.8307,-0.9054,0.7372,-0.1346
-0.7038,-11.83,-1.3479,-0.8822,1.0512,-0.1474
-0.158,-12.735,-0.9337,-0.862,1.1813,-0.1944
-0.462,-13.47,-0.1053,-0.8327,1.0542,-0.2567
-1.889,-14.1859,0.5578,-0.7533,0.684,-0.396
-2.3558,-14.3942,0.4788,-0.7166,0.5594,-0.4626
-2.7748,-14.6719,-0.2777,-0.6934,0.5295,-0.4455
-2.7102,-14.4684,-0.6847,-0.6696,0.4977,-0.3807
-2.7078,-15.2181,-0.8331,-0.6409,0.4641,-0.3068
-2.7078,-15.2181,-0.8331,-0.3049,0.1819,-0.148
-1.7381,-15.9459,-0.7589,-0.3049,0.1819,-0.148
-0.4046,-16.3194,0.0502,-0.1327,-0.0074,-0.0313
1.2138,-15.2301,2.1236,0.0322,-0.1656,0.0907
1.2138,-15.2301,2.1236,0.6253,-0.3653,0.2068
1.6903,-13.5012,2.533,0.6253,-0.3653,0.2068
2.9233,-12.1556,2.624,1.3632,-0.3537,0.3479
3.0597,-12.5004,1.5107,1.8813,-0.2108,0.4976
3.0597,-12.5004,1.5107,2.3724,-0.0526,0.5965
2.1332,-13.8124,0.9337,2.8318,0.0707,0.6833
1.877,-14.4181,0,3.2551,0.0426,0.6943
2.0973,-14.0159,-1.7836,3.6461,-0.1057,0.6857
2.2122,-13.9608,-2.2553,3.9582,-0.2994,0.6943
2.4708,-13.901,-2.9352,3.8928,-0.2493,0.7028
2.9759,-13.9608,-2.8323,3.6821,-0.0581,0.715
5.0089,-15.1127,-2.2649,3.4176,0.21,0.737
5.0424,-15.2923,-2.2242,3.1806,0.3407,0.7486
4.7572,-15.4312,-3.1579,2.9234,0.0487,0.5843
4.0102,-14.9452,-2.4803,2.8,-0.1149,0.4811
2.8107,-14.2386,-0.0119,2.5764,-0.4166,0.4878
2.1308,-14.0327,0.9648,2.3565,-0.953,0.6436
0.0766,-13.4868,2.952,2.2038,-1.5632,0.6961
-0.2466,-13.221,2.5641,2.2667,-2.0483,0.7059
0.7924,-10.4078,1.2162,2.7139,-1.785,0.8519
0.7254,-10.2403,1.1683,3.015,-1.0483,0.8623
0.3208,-9.3185,0.2513,3.2331,-0.2462,0.748
0.8547,-8.3153,-0.5075,3.3504,0.1251,0.6979
0.4764,-6.376,-0.4644,3.3724,-0.0202,0.7413
0.4764,-6.376,-0.4644,3.3351,-0.0825,0.7932
0.3351,-5.8158,-0.6607,3.315,-0.6579,0.9368
-0.0167,-5.0712,-1.5203,3.3382,-1.2065,0.9569
-0.0766,-3.8546,-1.2378,3.3235,-1.7331,0.8952
-0.0119,-3.6176,-1.3215,3.2838,-2.0476,0.7743
0.395,-3.2202,-1.5394,3.1989,-2.3097,0.6039
0.9145,-3.0933,-1.549,2.8984,-2.2798,0.321
1.4556,-2.5498,-1.1851,2.6406,-2.0275,0.1805
1.7812,-2.3965,-1.1851,2.3883,-1.8381,0.1066
1.9776,-2.114,-1.233,2.1671,-1.7911,0.0602
2.0614,-2.0278,-1.1707,1.9643,-1.7453,-0.0014
1.0151,-2.94,-0.9576,1.7829,-1.6738,-0.0704
0.7924,-3.0933,-0.905,1.4982,-1.6903,-0.2213
0.1268,-3.5841,-0.644,1.2606,-1.6707,-0.2488
-0.1747,-3.5817,-0.4094,0.9937,-1.5944,-0.1963
0.2968,-3.1387,2.1906,0.7072,-1.4704,-0.093
0.2968,-3.1387,2.1906,0.4042,-1.3415,0.0211
0.5315,-3.4691,5.2364,-0.0172,-1.1937,0.1622
0.3639,-5.0568,8.8875,-0.2273,-1.0617,0.2691
2.047,-5.8349,11.3871,-0.2915,-0.9194,0.3992
2.0901,-5.9498,11.253,-0.2096,-0.7636,0.6533
2.3582,-8.4422,11.7342,-0.0905,-0.7441,0.613
2.5474,-10.937,13.063,-0.14,-1.0251,0.5012
2.5474,-10.937,13.063,0.0981,-1.4435,0.2771
2.1859,-11.4589,11.6217,0.0981,-1.4435,0.2771
1.6591,-10.3456,10.7071,0.3162,-1.3256,0.2862
1.9177,-9.0216,9.4669,0.4561,-1.1039,0.3681
3.2178,-6.3233,7.4702,0.4775,-0.8638,0.4884
4.1683,-5.2268,7.4175,0.3468,-0.6268,0.5953
6.0791,-4.6303,6.9219,0.0572,-0.3421,0.7126
7.4989,-7.0153,5.55,-0.0233,-0.3788,0.7419
4.774,-14.4828,5.392,-0.1437,-0.7624,0.726
4.2353,-15.5174,6.218,-0.3984,-1.1301,0.6167
2.624,-19.9466,7.2978,-0.7386,-1.1136,0.4597
3.5218,-19.5444,3.9384,-0.6146,-0.1931,0.2661
7.4821,-6.6035,0.4525,-0.2292,1.1874,0.1689
7.2331,-5.799,-0.0191,0.0389,2.1006,0.0358
4.197,-0.4357,-5.7655,0.1666,1.9168,-0.1786
4.1802,1.1755,-9.2802,-0.0203,1.5863,-0.1847
6.2563,-2.4827,4.5753,-0.5975,1.8673,-0.0698
5.708,-2.8993,4.6591,-1.7496,1.8636,0.0364
-0.6631,-7.451,-0.5363,-1.8999,1.3108,0.0162
-6.0288,-10.9034,-5.143,-1.9433,1.0536,0.1634
-5.0831,-15.2995,-3.3183,-2.4112,1.6871,0.4487
-3.5266,-16.7815,0.6775,-2.9915,2.6333,0.7279
-3.0789,-16.7671,2.4349,-3.1473,3.5014,0.5672
-2.8778,-15.0457,2.296,-2.7331,3.502,0.2636
-1.2521,-10.7167,2.703,-2.4222,2.9852,0.0162
-0.5123,-9.3017,2.1164,-2.275,2.232,-0.1217
1.0103,-7.4438,1.5346,-2.2438,1.3755,-0.2152
1.9273,-6.886,1.6807,-2.3385,0.8117,-0.3441
2.2266,-7.1015,1.3287,-2.5492,0.6034,-0.6086
2.1954,-7.1924,1.3575,-2.6708,0.6627,-0.8004
1.3215,-8.0112,1.5634,-2.826,0.7439,-0.9562
0.6655,-8.5499,1.4915,-2.9536,0.747,-1.0197
0.4572,-8.8229,0.5267,-2.9775,0.7311,-0.8621
0.304,-8.8037,0.486,-2.9139,0.659,-0.4834
-1.0821,-8.9785,0.5698,-2.7948,0.4287,-0.3239
-1.731,-9.0288,1.2808,-2.7472,0.2509,-0.3643
-1.6807,-10.1038,1.3,-2.6421,0.1367,-0.4027
-1.6807,-10.1038,1.3,-2.4301,0.3358,-0.4174
-1.3024,-10.5443,1.2186,-2.2108,0.5961,-0.4143
-0.9457,-10.4342,0.9241,-2.0398,0.615,-0.385
-0.1268,-9.2826,0.5913,-1.9952,0.5136,-0.3343
0.3663,-8.7104,0.3902,-1.975,0.4757,-0.2812
1.1516,-7.8389,0.0861,-1.9524,0.5509,-0.2427
1.8698,-7.6425,0.1125,-1.9482,0.6425,-0.2158
2.5641,-7.9514,-0.4716,-1.9677,0.739,-0.1999
2.4133,-8.1741,-0.6512,-1.964,0.8704,-0.2317
1.6974,-8.6936,-1.0558,-1.95,0.9388,-0.3007
1.3623,-8.7271,-1.3646,-1.9555,0.9137,-0.3698
-0.0646,-8.7774,-1.3599,-1.9775,0.83,-0.429
-0.2585,-8.7511,-1.3934,-2.0172,0.8325,-0.5121
-0.5578,-8.8612,-1.5873,-2.0532,0.9864,-0.5842
-0.292,-9.3664,-1.3982,-2.0453,1.0732,-0.5683
-0.292,-9.3664,-1.3982,-2.0141,0.8581,-0.465
-0.1292,-11.4876,1.2689,-2.0141,0.8581,-0.465
-0.7709,-12.3424,3.0693,-1.9176,0.6126,-0.4437
-1.1372,-12.7997,4.2018,-1.713,0.4482,-0.4003
-0.8762,-12.7182,2.4205,-1.3391,0.3811,-0.25
-0.8762,-12.7182,2.4205,-1.1033,0.5002,-0.1547
-0.6488,-12.8595,0.292,-0.9469,0.7781,-0.1138
0.0311,-13.2258,-0.5554,-0.8626,1.1251,-0.137
-0.2154,-13.8627,-0.6416,-0.8052,1.2747,-0.1492
-0.6679,-14.1763,-0.5674,-0.7331,1.3053,-0.3154
-1.8531,-14.4517,-0.9289,-0.5914,0.954,-0.5011
-3.5386,-14.9811,-1.889,-0.5285,0.5924,-0.5206
-4.1467,-14.926,-3.7062,-0.4821,0.3029,-0.4614
-3.1627,-14.6121,-3.7445,-0.4259,0.1129,-0.2989
0.8595,-14.768,-0.8188,-0.3025,0.0603,-0.0649
2.4229,-15.3594,2.6886,-0.1895,-0.0862,0.2129
1.4006,-15.9986,2.9185,-0.0404,-0.3934,0.1976
1.1372,-15.9364,2.8227,0.3022,-0.5413,0.1372
0.9744,-15.0026,2.4229,0.7115,-0.3922,0.0956
1.0223,-13.743,2.6192,1.0651,-0.1424,0.1353
-0.5291,-13.2474,1.4532,1.4359,0.0958,0.2031
-0.6631,-13.3575,1.2138,2.1549,0.2106,0.2838
-0.7445,-13.5012,0.2992,2.6888,0.0567,0.4059
-0.1125,-12.9481,-0.486,3.1641,-0.2651,0.5635
1.3479,-12.9361,-1.6496,3.5398,-0.5975,0.6839
1.5753,-13.0439,-1.7166,3.7633,-0.7007,0.7584
3.6966,-13.8363,-2.6647,3.7835,-0.3855,0.8653
5.131,-14.1931,-3.3207,3.6265,-0.0666,0.982
6.2683,-15.6323,-2.6599,3.4035,0.2021,0.9056
6.5244,-15.9986,-2.4181,3.2056,0.3676,0.7639
6.613,-16.0896,-2.2912,3.0847,0.3145,0.6411
7.0943,-15.6275,-2.806,2.9973,0.1929,0.6619
4.841,-14.2481,-2.5354,2.8299,-0.0416,0.6882
3.8331,-13.6065,-1.6927,2.618,-0.3018,0.4982
1.0797,-12.7853,2.4779,2.3742,-0.873,0.3333
-0.7972,-13.7047,5.3345,2.2307,-1.6714,0.2483
-0.62,-12.1221,2.3535,2.3602,-2.4789,0.2593
-0.62,-12.1221,2.3535,3.5404,-0.7752,0.3253
-1.6136,-10.6808,-0.3711,3.5404,-0.7752,0.3253
-0.3016,-9.273,-0.6129,3.6485,0.0549,0.307
-0.225,-5.6338,-0.0622,3.3266,-0.2334,0.4194
-0.225,-5.6338,-0.0622,2.891,-0.5144,0.4817
-0.0071,-4.0462,-0.6224,2.5758,-0.763,0.5495
-0.0718,-2.3056,-1.5083,2.4573,-1.2444,0.6478
-0.9313,-1.9608,-2.2002,2.519,-1.5522,0.6026
-0.9313,-1.9608,-2.2002,2.5624,-1.8742,0.4835
-1.482,-2.5857,-2.0757,2.4982,-2.1527,0.3131
-1.4556,-2.7916,-2.0542,2.3638,-2.2309,0.1683
-0.2274,-2.6216,-1.9512,2.2044,-2.201,0.1158
0.3447,-2.4684,-2.0087,1.9882,-2.0855,0.15
1.3359,-2.4468,-1.81,1.8257,-1.989,0.1524
1.8698,-2.533,-1.9584,1.6455,-1.8687,0.1469
1.8842,-2.7629,-2.193,1.5312,-1.8509,0.1176
1.6879,-3.0262,-2.0685,1.4396,-1.8192,0.081
1.4772,-3.6343,-1.6591,1.2826,-1.7019,0.0846
1.0103,-3.9959,-1.1611,0.8941,-1.4911,0.1579
0.5386,-4.6136,0.6081,0.5813,-1.3519,0.2557
0.5578,-4.774,1.1061,0.2283,-1.259,0.4011
0.5195,-5.9259,4.3646,-0.1113,-1.1839,0.5446
0.6512,-7.3385,9.2514,-0.4198,-1.1204,0.7059
3.3399,-9.0001,13.719,-0.5413,-0.8772,0.8965
3.3399,-8.9594,13.719,-0.2341,-0.5553,0.9899
4.1132,-9.4741,13.2689,0.0896,-0.2798,1.0003
3.8163,-11.2314,14.7369,0.2441,-0.2242,0.7358
1.9033,-11.9569,12.7278,0.3077,-0.2658,0.6057
1.9033,-11.9569,12.7278,0.5086,-0.4838,0.5385
1.0295,-11.0662,10.6209,0.9051,-1.1735,0.5135
0.7541,-9.8763,8.7439,1.1385,-1.5938,0.5544
1.3048,-7.135,6.3545,1.2515,-1.7783,0.6063
1.3048,-7.135,6.3545,0.9656,-1.5028,0.6668
1.877,-4.015,6.1126,0.9656,-1.5028,0.6668
3.031,-5.2843,6.3042,0.5276,-1.248,0.7609
3.6487,-9.7949,5.301,0.216,-1.2535,0.9282
3.383,-12.091,5.8972,-0.2188,-1.4576,0.996
3.0262,-16.3601,7.3217,-0.7081,-1.5235,0.8836
2.9161,-19.1063,7.1445,-0.8969,-0.9524,0.6112
2.9161,-19.1063,7.1445,0.4103,2.2637,0.3271
9.3376,-8.6912,-5.3082,0.4103,2.2637,0.3271
11.8731,-3.1387,-3.9073,0.2814,2.5453,0.2453
8.435,-0.6177,-6.4694,-0.1748,1.8062,0.1714
5.72,-3.9264,2.1547,-0.6238,1.6767,-0.0191
5.72,-3.9264,2.1547,-1.2078,1.8477,-0.1052
3.1292,-7.4606,3.675,-1.7484,1.5038,-0.0924
-2.5761,-10.6784,-2.0973,-1.9268,1.1184,-0.0258
-4.8817,-15.4671,-3.8666,-2.3703,1.2558,0.1268
-4.6806,-15.5844,-3.0957,-3.0685,2.3994,0.4188
-3.7421,-15.4072,2.5689,-3.5132,3.5319,0.5721
-3.7038,-14.4924,2.7988,-3.3556,3.863,0.4035
-2.4253,-11.0758,3.0478,-2.4973,3.381,0.0132
-1.0199,-9.2802,3.5482,-2.2383,2.7744,-0.1407
0.972,-7.2307,2.5546,-2.1192,1.9595,-0.2537
1.458,-6.5628,1.8052,-2.0587,1.268,-0.4021
1.1803,-7.0272,1.5945,-2.1436,1.0047,-0.6123
1.0989,-7.4558,1.3335,-2.3318,1.0524,-0.7809
0.5243,-8.119,0.9217,-2.6818,1.1452,-0.8407
-0.2418,-8.6026,0.7924,-2.8816,1.2796,-0.8022
-1.4915,-8.6673,0.735,-3.0049,1.2992,-0.6801
-1.7525,-8.7056,0.6655,-3.0324,1.221,-0.5267
-2.2816,-9.0575,0.486,-2.9457,1.0023,-0.4168
-2.4229,-9.8715,0.6392,-2.7319,0.5625,-0.3581
-1.4149,-10.348,1.8986,-2.5572,0.2583,-0.3685
-1.3144,-10.3049,1.9033,-2.3208,0.0341,-0.426
-1.0175,-10.1062,1.4867,-2.0117,0.1483,-0.553
-0.6248,-9.996,1.1085,-1.7209,0.4311,-0.7008
-0.1292,-9.0408,-0.1675,-1.5682,0.5332,-0.7821
-0.1292,-9.0408,-0.1675,-1.5981,0.5044,-0.7387
0.3543,-8.5045,0.0933,-1.7802,0.4599,-0.5768
0.9145,-8.1238,0.1101,-1.9402,0.5258,-0.3771
1.8698,-8.0448,0.0933,-2.0013,0.6364,-0.2146
2.1763,-8.1453,0.0407,-2.019,0.736,-0.1419
1.9871,-8.4278,-0.4309,-2.0092,0.8349,-0.1627
1.5705,-8.5811,-1.2186,-1.8687,1.0005,-0.3142
1.0103,-8.8779,-2.0877,-1.7851,1.031,-0.4376
0.7876,-8.9498,-1.9823,-1.8144,0.9913,-0.5322
-0.0454,-9.194,-2.2457,-1.9378,0.882,-0.6263
-0.304,-9.534,-2.0805,-2.0178,0.8117,-0.6947
0.3399,-10.8963,-0.7781,-2.0312,0.8484,-0.7124
0.3782,-10.9777,-0.6536,-1.9848,0.83,-0.6758
0.6943,-11.9377,1.0702,-1.9072,0.6993,-0.6263
0.4309,-12.4405,2.7413,-1.8046,0.5081,-0.5671
0.3926,-13.1995,3.517,-1.6067,0.3346,-0.4913
0.3687,-13.1779,3.3806,-1.3183,0.2607,-0.3753
0.2537,-12.9265,1.5227,-0.9207,0.466,-0.2317
0.1867,-12.9505,-0.2801,-0.7765,0.863,-0.1749
-0.4046,-13.9393,-0.9672,-0.7044,1.3737,-0.1786
-0.4046,-13.9393,-0.9672,-0.6672,1.7543,-0.2396
-1.312,-14.4397,-0.1963,-0.6159,1.7127,-0.3129
-2.4612,-14.4157,-0.4572,-0.5322,1.0561,-0.4999
-4.8769,-13.9082,-0.8188,-0.5407,0.4647,-0.5933
-5.3513,-13.5419,-1.3742,-0.5267,0.3585,-0.5603
-4.1108,-13.3886,-1.3694,-0.399,0.1294,-0.4278
-1.3599,-14.6863,0.6464,-0.2163,-0.2096,-0.2415
1.0342,-15.5557,3.3207,-0.1088,-0.358,-0.0191
0.9313,-15.5341,3.3542,0.1482,-0.2486,0.1353
0.5434,-15.4216,2.4564,0.4885,-0.0849,0.1708
0.2442,-14.7847,1.9752,0.9069,0.0787,0.2654
0.7541,-12.7542,2.636,1.3205,0.1642,0.3882
0.7302,-12.5914,2.7341,1.7383,0.1245,0.5135
0.7996,-12.3926,2.5354,2.1769,-0.0092,0.6124
0.9385,-12.565,1.2545,2.9081,-0.3714,0.7493
1.5035,-14.1189,-2.0805,3.3999,-0.6353,0.8146
1.5035,-14.1189,-2.0805,3.7456,-0.7612,0.8421
3.4356,-14.7967,-3.8379,3.8996,-0.6451,0.9044
5.2555,-15.0409,-3.9169,3.8373,-0.3629,0.9918
6.1581,-16.997,-3.1004,3.5703,-0.0978,0.9441
6.1581,-16.997,-3.1004,3.4536,-0.2315,0.8042
5.8373,-16.3362,-3.1507,3.3082,-0.5449,0.6595
5.4878,-15.8502,-1.7932,3.0816,-0.6213,0.6741
3.1028,-15.57,0.4548,2.8299,-0.424,0.7725
3.1028,-15.57,0.4548,2.5233,-0.9237,0.7022
-1.2785,-15.4001,1.6304,2.5233,-0.9237,0.7022
-1.4652,-15.6898,1.2737,2.5526,-1.5877,0.778
1.81,-11.7462,0.0263,2.6229,-1.9988,0.9172
1.1659,-10.6353,-0.5003,2.8079,-1.7642,0.9496
0.2825,-8.4207,-2.1859,3.0443,-0.9713,0.7236
0.5482,-6.9219,-1.9033,3.2918,-0.3158,0.533
0.9074,-4.7596,-0.7876,3.2545,-0.0874,0.5519
0.7493,-4.5537,-0.9337,3.2142,-0.2144,0.5935
0.0071,-3.9049,-0.9409,3.1519,-0.6372,0.5996
-0.8834,-3.4572,-0.7374,2.971,-1.0831,0.5892
-1.4149,-2.0422,-1.403,2.7902,-1.3678,0.5501
-1.4149,-2.0422,-1.403,2.6497,-1.7404,0.4683
-1.3862,-1.9704,-1.7046,2.5489,-1.9016,0.3442
-0.9624,-2.1212,-1.6974,2.3822,-1.8876,0.2612
0.9193,-1.8555,-1.9919,2.1696,-1.8448,0.2575
0.9193,-1.8555,-1.9919,1.9375,-1.8485,0.3088
1.4197,-1.7693,-2.284,1.6174,-1.9853,0.3638
1.7812,-1.5945,-2.3247,1.4231,-1.9487,0.3461
1.5993,-1.6256,-2.3056,1.2429,-1.8552,0.2997
1.3479,-1.7453,-2.2194,1.07,-1.7966,0.2264
0.5817,-2.2313,-1.7142,0.8568,-1.7312,0.1647
0.3734,-2.8898,-0.6129,0.582,-1.6659,0.153
-0.2298,-3.9504,3.3901,0.0639,-1.6769,0.2795
-0.0311,-4.9251,5.969,-0.2725,-1.7233,0.3589
0.8068,-8.1836,14.1021,-0.5163,-1.6811,0.4719
1.944,-10.5611,15.6275,-0.4674,-1.4881,0.6277
2.3247,-14.703,12.0191,-0.0459,-1.11,0.7077
2.4013,-14.8542,12.3855,0.2564,-1.0605,0.6503
3.0573,-15.9172,14.744,0.1537,-1.5089,0.4548
2.4492,-14.6025,12.9026,0.3834,-1.6958,0.3406
2.8036,-10.0391,8.7511,0.8849,-1.8051,0.1763
2.8036,-10.0391,8.7511,1.2844,-1.8345,0.2355
2.5594,-7.5755,6.5412,1.5086,-1.8717,0.3876
2.6168,-5.7152,5.289,1.5135,-1.6585,0.5428
1.5897,-1.3335,3.4644,1.3339,-1.2755,0.5898
1.5897,-1.3335,3.4644,0.6608,-0.7838,0.6118
0.7422,-0.9792,4.4675,0.6608,-0.7838,0.6118
2.3319,-3.5506,4.0366,0.249,-0.9829,0.6735
4.5585,-8.8085,2.612,-0.1052,-1.3403,0.7938
3.6463,-11.2985,0.9816,-0.6824,-1.741,0.8195
2.5139,-14.7201,-1.2785,-1.0563,-1.2584,0.7089
4.985,-19.2882,-0.2513,-1.3843,-0.1112,0.6118
13.9201,-28.3578,11.7558,-1.5193,1.5802,0.5715
13.9201,-28.3578,11.7558,-0.6427,3.6718,0.0193
5.4279,-10.9944,8.1477,-0.6427,3.6718,0.0193
-1.3599,-1.0749,-11.2937,0.8122,1.1092,-0.5909
2.8419,3.2297,-9.6345,0.5887,0.4751,-0.3856
3.4189,2.9735,-8.3919,-0.892,1.0726,0.081
7.202,0.2992,5.9834,-2.1998,1.7622,0.4273
2.8634,-3.1052,8.9187,-2.7172,1.7659,0.6106
-7.1158,-15.6179,-7.4031,-2.176,0.9253,0.6527
-7.1158,-15.6179,-7.4031,-2.154,1.2118,0.8549
-5.4566,-16.7576,-1.7908,-2.8632,2.5625,1.0767
-4.4149,-16.5708,2.5546,-3.388,3.7707,0.9044
-3.3854,-12.589,4.1467,-3.1326,4.2668,0.5141
-3.3854,-12.589,4.1467,-1.9995,2.7805,-0.1352
-0.1532,-8.8205,4.1347,-1.9995,2.7805,-0.1352
1.5921,-7.1445,2.7533,-1.8981,1.6785,-0.1889
2.1835,-6.1988,1.4484,-1.9665,0.8258,-0.3178
2.1164,-6.3425,1.233,-2.2334,0.4837,-0.4846
2.6839,-6.9195,0.8762,-2.559,0.5582,-0.5915
3.11,-7.305,0.7278,-2.9329,1.0457,-0.5402
1.6472,-8.0927,0.3926,-3.044,1.2515,-0.5548
0.893,-8.4015,0.1699,-3.0349,1.1715,-0.6172
-0.2466,-8.9402,0.1699,-2.9268,0.9033,-0.5774
-0.6512,-9.4214,0.1316,-2.7472,0.5478,-0.4919
-1.4484,-10.4366,0.2801,-2.5486,0.2906,-0.4644
-1.4245,-10.5539,0.328,-2.3092,0.433,-0.5903
-1.1587,-10.8173,0.656,-2.1161,0.695,-0.7045
-1.0773,-10.5323,0.2585,-1.9378,0.9834,-0.7619
-0.9074,-9.3783,-0.3974,-1.8461,1.1831,-0.7729
-0.8475,-9.3089,-0.4908,-1.8987,1.1654,-0.707
-0.4213,-8.6864,-0.9002,-2.03,1.0469,-0.5976
-0.1532,-8.3153,-0.881,-2.1638,1.0322,-0.4217
0.9959,-8.3177,-1.0414,-2.1888,1.0988,-0.3368
1.0103,-8.3536,-1.0151,-2.132,1.1116,-0.2683
1.4365,-8.5523,-0.4692,-2.0575,1.0646,-0.2506
1.1635,-8.7056,-0.6488,-1.9622,0.9944,-0.2867
0.3208,-8.9617,-1.312,-1.7594,0.9156,-0.4021
0.1173,-9.4406,-0.9576,-1.7215,1.0066,-0.4559
0.3998,-10.0487,0.3926,-1.7478,1.0371,-0.4534
0.6512,-10.3408,1.7142,-1.6959,0.9247,-0.4272
-0.2513,-10.9681,1.8483,-1.5529,0.7097,-0.4296
-0.7445,-10.8747,1.4844,-1.3556,0.5435,-0.4278
-1.6065,-11.0998,0.0526,-1.2005,0.7366,-0.36
-1.9416,-10.8651,-1.2114,-1.2133,1.0781,-0.3062
0.4213,-11.1285,-0.7589,-1.2444,1.4892,-0.2592
0.5722,-11.186,-0.711,-1.2108,1.6297,-0.2067
0.9241,-11.7749,-0.7852,-1.1143,1.2723,-0.1877
-0.0263,-12.2466,-0.067,-1.0386,0.5545,-0.2494
-1.628,-13.3719,-0.8619,-1.0673,0.5374,-0.2512
-1.628,-13.3719,-0.8619,-0.9708,0.9211,-0.2274
-0.7254,-13.5826,-1.2138,-0.8333,1.3584,-0.1987
0.2082,-13.5347,-1.1468,-0.749,1.4763,-0.1523
1.0031,-13.154,-0.5123,-0.7075,1.2479,-0.1627
1.0247,-13.1324,-0.4405,-0.6464,0.8154,-0.2714
0.6847,-13.0056,0.3208,-0.5731,0.6254,-0.3313
0.6847,-13.0056,0.3208,-0.2719,0.5478,-0.3044
-0.4501,-16.0848,-0.5961,-0.2719,0.5478,-0.3044
-0.3998,-15.8286,0.2944,-0.0239,0.5362,-0.1908
-0.5865,-14.624,2.5019,0.1586,0.6431,-0.0368
-0.5865,-14.624,2.5019,0.7078,0.5942,0.2483
-2.1475,-12.8068,2.3678,0.7078,0.5942,0.2483
-1.9967,-12.7757,2.1332,1.1892,0.3762,0.3052
-0.7541,-12.1029,1.8579,1.6461,0.1318,0.3717
-0.0023,-11.5116,2.1021,2.0187,-0.1253,0.464
1.4508,-12.0096,0.9193,2.4995,-0.2786,0.5849
1.4724,-12.3424,0.577,2.8611,-0.3042,0.7273
1.8602,-14.0111,-1.8148,3.1824,-0.3604,0.8024
2.2098,-14.8494,-3.0789,3.398,-0.3195,0.8158
4.7596,-15.5485,-2.2697,3.428,-0.2138,0.8348
4.8745,-15.6083,-2.2074,3.3877,-0.008,0.8995
5.5524,-15.6874,-2.1212,3.3767,0.1691,0.9472
4.7237,-14.8518,-2.7174,3.3376,0.1062,0.847
2.5833,-14.5977,-2.5905,3.1659,0.0836,0.6808
2.5833,-14.5977,-2.5905,2.8641,0.2265,0.5831
2.1906,-15.7233,1.5179,2.5062,0.2827,0.6576
0.6967,-16.1111,4.3789,2.0755,-0.5907,0.8818
-0.4165,-15.1894,4.1252,2.147,-1.6878,0.9007
-0.5506,-14.1667,1.9871,2.5801,-2.2382,0.9423
-1.3527,-11.842,-0.4261,3.1714,-2.1051,0.9221
-1.6927,-10.2498,-0.6727,3.5489,-1.4966,0.8311
-0.2729,-8.5763,-0.8571,3.6968,-0.5828,0.8262
-0.6392,-7.6378,-1.0749,3.7071,-0.1729,0.913
-0.0383,-6.1557,-1.4939,3.6491,-0.4252,0.8989
-0.0383,-6.1557,-1.4939,3.3669,-1.3189,0.8873
-0.146,-2.8275,-1.2856,3.3669,-1.3189,0.8873
-0.1436,-2.7533,-1.367,3.2191,-1.65,0.8488
-0.1197,-2.1499,-1.4556,3.0529,-1.9499,0.7914
-0.1939,-2.0685,-1.391,2.8525,-2.0941,0.5794
0.0909,-2.9616,-1.2569,2.6754,-2.0525,0.4774
0.146,-3.0071,-1.221,2.4365,-2.0825,0.4469
0.5123,-3.1938,-1.0941,2.1574,-2.0819,0.4591
0.6727,-3.3039,-1.1085,1.8935,-2.0538,0.478
0.881,-3.5889,-1.695,1.5496,-2.0024,0.4762
0.881,-3.5889,-1.695,1.3571,-1.945,0.4548
0.8403,-3.5338,-1.5945,1.1659,-1.9175,0.4218
0.8571,-3.5003,-1.4221,0.9442,-1.8864,0.3931
0.3375,-3.2297,-0.8379,0.7072,-1.8522,0.3956
0.4644,-3.2393,-0.4022,0.4323,-1.8564,0.42
0.9217,-4.1898,1.719,-0.0251,-1.8803,0.5904
1.3718,-4.6399,6.5652,-0.3013,-1.8845,0.7499
1.1156,-7.8724,13.0056,-0.4918,-1.6872,0.7511
1.1013,-8.8468,13.1492,-0.3245,-1.471,0.6338
1.5035,-9.7351,11.4996,0.1067,-1.1222,0.5892
1.6974,-10.9801,12.7206,0.4903,-1.507,0.4646
2.9185,-12.4669,13.8938,0.5374,-1.7697,0.332
2.9975,-12.34,13.628,0.7377,-1.6866,0.1873
2.782,-11.4421,12.0311,0.9882,-1.537,0.04
2.2792,-10.3312,10.5754,1.1348,-1.4826,-0.0271
3.0837,-6.0743,7.3097,1.1195,-1.3647,0.0211
3.0837,-6.0743,7.3097,0.8599,-0.9261,0.2019
3.7014,-3.7014,6.7088,0.6015,-0.6011,0.307
3.8977,-3.0334,5.5332,0.3999,-0.4417,0.34
6.0432,-9.6465,2.7868,0.2851,-0.6054,0.3632
6.0719,-10.1229,2.9017,0.1495,-1.0251,0.3882
4.9251,-14.0279,4.4005,-0.107,-1.438,0.3058
2.5689,-17.9666,7.056,-0.4656,-1.3171,-0.0594
2.1859,-18.5987,4.9012,-0.3758,-0.5492,-0.2427
3.8474,-15.9771,4.039,0.1128,0.9504,-0.2757
5.708,-6.9434,-0.0478,0.4231,2.3102,-0.2079
4.6543,-0.9361,-4.9874,0.4512,2.4006,-0.123
4.6351,0.8236,-6.0001,-0.1614,1.5496,0.1225
5.9283,0.3663,-1.9608,-0.9579,1.6822,0.2581
4.7189,-3.2752,4.6136,-1.6959,1.8154,0.3412
0.2035,-8.5835,0.644,-1.9396,1.4922,0.376
-5.6458,-14.32,-5.7655,-1.8932,1.1984,0.4518
-4.853,-14.914,-4.7668,-2.2273,1.593,0.6216
-1.9632,-16.2859,1.154,-3.1693,2.8868,0.9741
-2.0374,-15.9028,2.691,-3.2591,3.1941,0.7535
-1.1516,-11.2961,1.9201,-2.9359,3.0609,0.3785
-0.9959,-10.9848,1.8602,-2.6109,2.7347,0.1188
0.3471,-8.7104,1.5107,-2.421,2.2686,-0.0155
1.8243,-7.2714,1.3958,-2.4601,1.3963,-0.1242
2.6671,-6.5723,0.9002,-2.5877,0.9938,-0.2335
2.6671,-6.5723,0.9002,-2.884,1.1947,-0.6691
2.2912,-7.7215,0.869,-2.884,1.1947,-0.6691
1.7405,-8.6505,0.6847,-3.0379,1.4617,-0.8572
0.1556,-9.9625,0.4405,-3.1528,1.4995,-1.0386
-1.2569,-10.1038,0.3974,-3.1705,1.4018,-1.2683
-2.2673,-10.2355,0.4189,-3.1009,1.1416,-1.2628
-2.2792,-10.4701,0.4788,-3.0263,0.761,-1.0203
-2.7485,-10.8723,1.0821,-2.9316,0.4134,-0.6996
-2.6168,-10.585,1.051,-2.7838,0.144,-0.5127
-1.731,-10.1732,1.0223,-2.5321,-0.0587,-0.4608
-1.063,-9.7638,1.0103,-2.1143,0.0359,-0.4327
0.8451,-8.9139,0.5315,-1.9298,0.2265,-0.4406
0.9002,-8.854,0.4525,-1.84,0.3163,-0.4314
1.4484,-8.3081,-0.0526,-1.8138,0.3939,-0.4376
1.8124,-7.9155,-0.4118,-1.8602,0.4886,-0.4125
2.1691,-7.6186,-0.4189,-2.0123,0.7573,-0.3026
2.1715,-7.6521,-0.4165,-2.1265,0.9852,-0.2372
2.1499,-8.2004,-0.4572,-2.1968,1.1617,-0.2115
1.6903,-8.672,-0.7493,-2.1876,1.2534,-0.2653
0.1268,-8.8301,-2.0709,-2.0844,1.2326,-0.371
0.1268,-8.8301,-2.0709,-1.9536,1.0683,-0.5048
-0.3734,-8.8181,-2.0278,-1.9152,0.8905,-0.6562
-0.7302,-9.0839,-2.0661,-1.9714,0.8508,-0.7143
-0.9265,-10.0511,-1.367,-1.9854,0.8288,-0.7442
-0.3399,-10.7263,-0.2346,-1.9591,0.9131,-0.7357
0.213,-11.8444,2.0709,-1.8932,0.9076,-0.6648
-0.1173,-12.067,3.1124,-1.6549,0.6004,-0.542
-1.2617,-11.7103,3.7684,-1.4534,0.378,-0.4388
-1.4053,-11.7007,3.3566,-1.2848,0.3585,-0.2934
-1.142,-11.9784,2.0733,-1.1455,0.626,-0.1388
-0.5578,-12.4286,0.7685,-1.0288,1.0164,-0.0436
0.881,-12.9409,-0.0861,-0.9103,1.3627,-0.0332
0.8667,-13.1277,-0.1436,-0.7307,1.4183,-0.1431
0.2274,-13.9321,-0.7374,-0.5853,1.1434,-0.3221
-0.7086,-14.4445,-1.2545,-0.4589,0.8673,-0.4993
-1.7214,-14.3224,-1.2617,-0.4283,0.7048,-0.586
-1.7214,-14.3224,-1.2617,-0.4375,0.5161,-0.495
-2.4205,-14.1404,-1.4796,-0.4375,0.5161,-0.495
-1.8722,-14.5905,-1.7166,-0.2903,0.2687,-0.2989
0.9983,-15.9076,3.0789,-0.0911,0.1868,-0.0802
0.9983,-15.9076,3.0789,0.0316,0.1123,0.1054
0.1364,-15.5676,4.6615,0.1146,-0.0428,0.208
-0.3902,-14.8254,3.1794,0.3541,-0.0526,0.2325
-1.4221,-13.3336,1.3958,1.0322,0.0811,0.3259
-1.4532,-12.6967,1.0031,1.4689,0.1477,0.3186
-1.2689,-11.3607,1.2689,1.855,0.1007,0.3565
-0.0909,-11.7318,1.4652,2.2282,-0.0324,0.4273
1.2856,-13.9417,0.4548,2.6485,-0.2566,0.5581
1.5131,-14.569,-0.2849,3.1323,-0.5797,0.6857
2.3894,-15.187,-2.8514,3.7462,-0.9603,0.6863
3.7301,-14.7057,-4.9299,3.9454,-0.9689,0.701
5.2986,-14.7919,-4.6806,3.8544,-0.7685,0.7596
5.3944,-14.9021,-4.3382,3.5709,-0.4295,0.7969
4.9946,-14.8733,-4.1491,3.2728,-0.1723,0.7835
4.4819,-14.4924,-4.4963,2.8861,-0.0617,0.6454
4.3789,-15.898,-1.118,2.5276,0.1416,0.6002
4.3789,-15.898,-1.118,1.8813,0.1373,1.1414
2.952,-16.5493,3.0334,1.8813,0.1373,1.1414
0.0454,-16.3841,5.2172,1.7365,-0.7606,1.2392
-0.3327,-12.8715,1.0917,1.8409,-2.4203,1.164
-0.3327,-12.8715,1.0917,2.6003,-3.5149,1.1927
-0.7134,-9.2682,-0.9672,3.1622,-2.6121,1.0834
-0.292,-7.6401,-1.4101,3.4268,-1.2444,0.8916
-0.292,-7.6401,-1.4101,3.2777,-0.3348,0.6967
0.5985,-4.6016,-1.4987,3.2777,-0.3348,0.6967
0.4237,-3.4213,-1.3934,3.1525,-0.1711,0.5562
0.3016,-2.8371,-0.9409,2.8861,-0.2939,0.5422
-0.5865,-2.5139,-1.4245,2.6674,-0.6543,0.5684
-0.6464,-2.2385,-1.3958,2.494,-1.0605,0.5587
-0.6488,-1.4484,-1.2761,2.3443,-1.4533,0.5458
-0.6488,-1.4484,-1.2761,2.2301,-1.5467,0.4004
-0.292,-2.4875,-1.379,2.2301,-1.5467,0.4004
-0.225,-2.5953,-1.3431,2.0767,-1.686,0.3229
0.7038,-3.1579,-1.0749,1.8849,-1.7563,0.3198
1.3168,-3.3806,-1.1228,1.6956,-1.6988,0.3595
1.4293,-4.1156,-1.4484,1.53,-1.6506,0.3632
1.4293,-4.1156,-1.4484,1.4005,-1.5962,0.3369
0.9337,-4.4005,-1.5394,1.2429,-1.6695,0.2807
0.0574,-4.4029,-1.47,1.0914,-1.7673,0.2972
0.225,-5.3082,0.7948,0.8556,-1.8357,0.3455
0.225,-5.3082,0.7948,0.5465,-1.8931,0.4255
-0.1795,-6.728,3.0023,0.2295,-1.9866,0.4664
1.695,-6.376,8.0687,-0.1705,-1.9988,0.5605
0.9409,-8.9977,12.3974,-0.2292,-1.6231,0.5458
0.5889,-10.1517,12.486,0.0273,-1.1399,0.329
1.0319,-10.937,12.7661,0.3077,-0.8149,0.3107
1.2066,-11.7175,14.5331,0.4512,-0.9957,0.3082
0.5363,-11.2147,11.751,0.5893,-1.361,0.2618
0.565,-10.8005,10.4605,1.0413,-1.5388,0.2502
0.5291,-10.6951,9.2203,1.1446,-1.6634,0.3522
0.6679,-10.1134,8.4326,1.0578,-1.683,0.4933
1.6759,-7.4127,8.2339,0.91,-1.4569,0.6051
1.8148,-7.1206,8.1477,0.767,-1.0354,0.6558
2.4827,-6.218,7.3864,0.662,-0.6103,0.6448
2.8778,-5.9666,6.4454,0.5471,-0.3372,0.5593
4.9299,-10.7981,4.5705,0.4738,-0.5309,0.5635
4.7285,-11.1477,4.2544,0.3346,-1.0189,0.6717
2.1859,-13.5826,0.7972,0.0383,-1.7263,0.6558
2.6767,-16.0441,4.1299,-0.3886,-1.9957,0.4994
6.2276,-16.9683,9.261,-1.0233,-1.1075,0.263
6.2276,-16.9683,9.261,0.3003,1.5301,-0.1083
7.2427,-10.9034,2.9161,0.3003,1.5301,-0.1083
5.8613,-2.9783,-4.6591,0.9741,2.0811,-0.36
3.7421,2.7653,-11.6073,0.9308,1.7897,-0.3979
4.1323,2.0518,-9.1557,0.2289,1.4354,-0.2036
5.5907,-1.5514,-0.1125,-1.3513,1.8624,0.0944
2.5091,-6.4478,5.234,-1.8999,1.7158,0.172
-5.0831,-12.7422,-0.0814,-1.9201,1.1972,0.2355
-8.1549,-14.5235,-5.2364,-1.8981,0.904,0.4176
-7.281,-16.3051,-6.036,-2.2676,1.3151,0.6772
-4.3143,-15.855,-0.9457,-3.2988,3.056,1.0345
-1.0223,-12.3495,2.3199,-3.3623,3.2595,0.9032
-0.5722,-11.8563,2.4229,-2.8974,3.0444,0.6155
1.64,-9.5435,3.4213,-2.4601,2.703,0.3302
3.3135,-7.5707,3.0142,-2.2389,2.1538,0.084
4.1395,-5.8804,1.2449,-2.1815,1.4293,-0.1535
4.094,-5.8613,1.1875,-2.2866,0.8826,-0.5212
3.5386,-6.5268,1.7621,-2.4698,0.9944,-0.7528
3.055,-7.3672,1.3383,-2.6647,1.1214,-0.9079
0.7445,-8.9761,0.5865,-2.7582,1.2332,-0.9831
0.5386,-9.0192,0.5841,-2.7899,1.3926,-1.0289
-1.2593,-9.1724,0.4309,-2.7728,1.4537,-1.0594
-2.6743,-9.0886,0.2394,-2.7221,1.2033,-0.936
-3.7948,-9.6345,-0.0766,-2.6476,0.8856,-0.7754
-3.6679,-10.2738,0.0933,-2.5993,0.5374,-0.5958
-3.6607,-11.15,0.6392,-2.5572,0.342,-0.4382
-3.2321,-10.9489,0.4118,-2.4002,0.2809,-0.4076
-1.2354,-10.1517,1.0175,-1.9848,0.4208,-0.4278
-0.632,-9.7758,0.9313,-1.796,0.4666,-0.4143
0.4644,-8.8061,0.4046,-1.6391,0.4776,-0.4205
1.0031,-8.119,0.0239,-1.5816,0.4373,-0.44
1.4676,-7.6042,-0.316,-1.6354,0.4153,-0.4321
1.5346,-7.621,-0.2609,-1.749,0.4843,-0.3893
1.6184,-7.779,-0.0311,-1.9286,0.6413,-0.2971
1.5035,-8.198,-0.1268,-2.0251,0.6993,-0.2665
0.7062,-8.9043,-0.7852,-2.0447,0.7457,-0.2897
0.7062,-8.9043,-0.7852,-1.9842,0.808,-0.3545
0.2298,-8.696,-1.6687,-1.8736,0.8019,-0.4388
0.0981,-8.4015,-2.3271,-1.7973,0.7531,-0.531
0.292,-9.2179,-1.8722,-1.837,0.7024,-0.5316
0.292,-9.2179,-1.8722,-1.8535,0.6902,-0.5384
0.6153,-10.3121,-0.3926,-1.8162,0.6969,-0.5432
0.7589,-11.6768,0.9289,-1.7386,0.593,-0.5365
-0.5123,-12.5866,1.5131,-1.6305,0.3963,-0.5035
-1.5801,-12.5363,1.8171,-1.4973,0.2155,-0.4186
-1.5227,-12.1604,1.4484,-1.4356,0.4428,-0.2855
-0.6488,-12.2825,0.8978,-1.2982,0.8129,-0.1254
1.4748,-12.328,-0.225,-1.1308,1.1434,-0.0234
1.8195,-12.3735,-0.2178,-0.983,1.3529,0.0205
2.6599,-12.7518,-0.7589,-0.8761,1.4421,-0.0289
1.5227,-13.1348,-0.5841,-0.7148,1.3511,-0.1706
-1.0247,-13.4006,-0.6703,-0.6299,1.3035,-0.3667
-1.1899,-13.403,-0.7517,-0.5682,1.2131,-0.4583
-2.9472,-12.8284,-1.5634,-0.5835,1.0212,-0.4754
-3.62,-12.0144,-1.5298,-0.6305,0.8447,-0.4614
-2.3032,-12.4573,-0.2178,-0.6879,0.7158,-0.3966
-2.3032,-12.4573,-0.2178,-0.4247,0.3853,-0.3099
