bicicleta
-2.5234,-11.0854,0.1221,-0.2332,-0.7896,-0.2535
-1.2713,-10.2953,0.9504,-0.3132,-0.767,-0.2382
-0.5123,-10.0296,1.5993,-0.4397,-0.6339,-0.2632
-0.5123,-10.0296,1.5993,-0.4366,-0.563,-0.4288
0.6177,-9.5675,1.695,-0.4366,-0.563,-0.4288
0.6177,-9.8955,1.1061,-0.3585,-0.607,-0.5381
0.5243,-10.3288,1.2234,-0.3609,-0.7359,-0.6798
0.5339,-10.8029,1.0366,-0.4495,-0.8458,-0.8075
-0.1149,-10.9777,1.1827,-0.5228,-0.6711,-1.028
-1.7836,-10.5491,0.6224,-0.5936,-0.6223,-1.2522
-1.7836,-10.5491,0.6224,-0.7732,-0.7829,-1.5821
-2.4899,-10.087,1.039,-0.7732,-0.7829,-1.5821
-2.4971,-9.3903,1.2473,-0.8661,-0.957,-1.6169
-1.8818,-8.2315,1.6328,-0.8569,-0.9338,-1.5497
-1.7741,-8.1621,1.6903,-0.758,-0.7701,-1.4886
-1.2832,-8.277,1.9009,-0.5955,-0.4977,-1.4306
-0.2705,-8.9306,2.2098,-0.3994,-0.1788,-1.3597
1.8411,-11.7821,3.9097,-0.2558,0.118,-1.2461
1.8411,-11.7821,3.9097,-0.2051,0.3599,-1.1704
2.2744,-13.6807,5.38,-0.1905,0.6574,-1.3035
1.1156,-14.8254,5.1574,-0.1013,0.6323,-1.5247
-0.1508,-16.0249,4.5561,0.0648,0.2744,-1.7641
-0.6033,-16.171,3.6942,0.2383,-0.3065,-1.8851
-0.6368,-15.5868,2.5594,0.4936,-0.8446,-1.9199
-0.5985,-14.9715,1.8387,0.8754,-1.0902,-1.995
-0.2609,-14.0614,1.8004,1.0373,-0.9992,-2.0958
-0.5482,-13.3216,1.3239,1.0971,-0.8116,-2.1911
-0.9648,-12.7278,1.0702,1.0764,-0.6827,-2.2937
-0.9169,-12.5076,1.3742,0.9084,-0.7487,-2.3396
0.1029,-11.4948,2.0063,0.6408,-0.998,-2.3127
0.1029,-11.4948,2.0063,0.2309,-1.3516,-2.0708
0.5171,-10.7454,2.3702,0.2309,-1.3516,-2.0708
0.2992,-9.9721,2.7341,0.2774,-1.2191,-2.0409
-1.956,-7.2068,1.6208,0.383,-1.1171,-2.1074
-2.272,-6.8022,1.4987,0.5083,-1.0877,-2.2131
-3.3016,-5.2196,0.6631,0.6396,-1.213,-2.262
-3.517,-4.0438,-0.5027,0.7428,-1.2001,-2.127
-3.1268,-2.6982,-2.0733,0.8717,-0.8782,-1.9004
-3.1268,-2.6982,-2.0733,0.9108,0.1797,-1.4239
-3.4476,-2.1045,-2.5402,0.9108,0.1797,-1.4239
-3.6679,-1.8052,-2.8395,0.716,0.2994,-1.2064
-3.3614,-2.4827,-2.5617,0.3006,0.1956,-0.6579
-3.2154,-4.2712,-2.1212,-0.0133,0.1027,-0.1545
-2.5881,-6.6537,-0.3902,-0.2815,0.093,0.2748
-2.4995,-7.2834,1.0223,-0.4904,0.1284,0.6273
-2.2912,-6.4837,0.8858,-0.538,0.2451,0.7977
-1.8291,-6.048,0.4477,-0.4513,0.3917,0.9303
-1.0151,-5.6458,0.0335,-0.378,0.3116,1.3634
-0.1915,-5.7679,0.2035,-0.422,0.1718,1.7348
0.2849,-5.9786,1.0582,-0.4806,0.1864,2.0305
0.1005,-5.9666,1.5394,-0.5008,0.3966,2.1752
-0.5817,-5.878,3.9863,-0.5203,0.6543,2.1978
-0.8116,-5.9067,4.5394,-0.3145,1.1858,2.207
-0.632,-7.0775,3.8211,0.0025,1.5328,2.2828
-0.632,-7.0775,3.8211,0.4527,1.5896,2.535
-1.2832,-8.4446,2.7054,0.4527,1.5896,2.535
-2.0207,-9.7518,2.6815,0.4453,1.319,2.6603
-2.114,-13.7765,2.2337,0.3158,0.9708,2.8276
-2.0949,-13.9776,2.138,0.2059,0.4912,3.0708
-1.7932,-15.5605,1.2761,0.3452,0.6104,3.0854
-1.695,-16.5804,0.9792,0.4515,0.9848,2.9779
-1.4724,-16.9036,0.1891,0.4252,1.22,2.8148
-1.0342,-16.3099,-0.7302,0.3293,1.242,2.6664
-0.6081,-15.1199,-1.1372,0.0275,0.8614,2.4104
-0.5578,-13.415,-0.8188,-0.2546,0.6702,2.1423
-0.7278,-11.3152,0.735,-0.5393,0.705,1.8533
-0.7805,-10.8268,1.4987,-0.7622,0.8761,1.6279
-0.7517,-10.2762,2.5115,-0.9204,0.983,1.4685
-0.4692,-10.281,3.2393,-1.0072,0.9738,1.3976
-0.0239,-11.071,6.0815,-0.9931,0.7521,1.3982
-0.0502,-11.083,6.2228,-0.9137,0.6525,1.3677
-0.4381,-11.3009,6.1103,-0.7005,0.6953,1.2498
-1.051,-11.7199,5.0544,-0.4195,0.6653,1.0677
-1.6112,-12.4429,2.126,-0.1611,0.5835,0.9095
-1.6735,-12.4309,1.9033,0.0452,0.4949,0.7843
-1.6735,-12.4309,1.9033,0.1479,0.1956,0.4245
-1.8459,-10.9441,0.541,0.1479,0.1956,0.4245
-1.379,-10.3647,1.0749,0.0721,0.093,0.3029
-1.379,-10.3647,1.0749,0.0208,0.1107,0.2388
-1.4341,-10.3264,1.1109,0.0208,0.2402,0.1948
-1.6065,-10.8053,1.5394,-0.0555,0.1724,0.0659
-1.5275,-11.6456,2.0231,-0.1208,0.0398,-0.0158
-1.0869,-11.9425,1.5897,-0.1398,-0.0768,-0.1117
-0.4596,-11.842,1.3718,-0.108,-0.1818,-0.237
0.0933,-11.2291,0.7565,-0.0982,-0.3559,-0.3799
0.0933,-11.2291,0.7565,-0.1294,-0.6479,-0.758
0.4141,-9.443,1.9967,-0.1294,-0.6479,-0.758
0.62,-8.6026,1.3407,-0.1104,-0.5581,-0.904
0.3423,-8.2794,1.0103,-0.0359,-0.403,-1.0622
-0.2466,-8.7104,1.0869,-0.0713,-0.4353,-1.2296
-0.2466,-8.7104,1.0869,-0.2448,-0.5123,-1.3164
-0.1556,-9.5172,2.521,-0.2448,-0.5123,-1.3164
0.407,-10.3528,2.8586,-0.3187,-0.4518,-1.3316
0.2657,-11.8803,3.7158,-0.2894,-0.2612,-1.4288
0.158,-12.0072,3.6583,-0.3114,-0.3449,-1.623
-0.7924,-12.2777,2.7485,-0.3016,-0.5923,-1.8197
-1.5322,-12.3064,1.8579,-0.2522,-0.8654,-1.948
-1.5753,-12.7661,1.7693,-0.2161,-1.1421,-1.9633
-1.5753,-12.7661,1.7693,-0.1642,-1.0627,-1.8875
-1.2545,-12.8858,1.8243,-0.0365,-0.7664,-1.8112
-0.6967,-13.0367,2.3535,0.1112,-0.3645,-1.7708
-0.3088,-13.3551,2.8993,0.2065,-0.0218,-1.7525
-0.0526,-13.6735,3.2704,0.234,0.0978,-1.7562
0.0191,-13.9824,3.4524,0.2126,-0.0963,-1.758
-0.3208,-13.9656,2.8395,0.1918,-0.3944,-1.7904
-1.0127,-13.5682,1.9943,0.1515,-0.7341,-1.8411
-1.1037,-13.3192,1.9967,0.0831,-1.0474,-1.8918
-0.9193,-12.4549,2.1523,0.0764,-1.1995,-1.9132
-0.6512,-11.739,2.296,0.3549,-1.1531,-1.9572
0.5195,-11.1285,2.3247,0.6194,-0.9973,-1.9657
0.7398,-11.1093,2.2098,0.8186,-0.7921,-1.9407
1.118,-11.0471,2.0446,0.8974,-0.6571,-1.9126
1.6065,-10.9753,2.7581,0.8131,-0.7005,-1.9297
1.0007,-9.8428,3.462,0.6121,-0.8245,-1.9498
1.0007,-9.8428,3.462,0.4264,-1.5984,-2.108
-0.3687,-8.6481,1.8076,0.4264,-1.5984,-2.108
-1.7573,-7.7431,0.5889,0.5284,-1.7004,-2.1227
-3.7972,-5.4183,0.2298,0.6384,-1.3474,-2.0928
-3.8857,-5.2675,0.1939,0.6665,-0.8049,-1.9969
-3.9719,-3.7277,-0.541,0.5981,-0.7139,-1.7067
-3.62,-2.0661,-1.4652,0.5229,-0.9338,-1.4086
-3.2058,-0.7733,-2.3487,0.4832,-0.9027,-1.1044
-3.1004,-0.6919,-2.6479,0.4997,-0.5911,-0.7794
-3.62,-1.5251,-2.4037,0.4924,-0.089,-0.4416
-4.1539,-3.9025,-1.6448,0.3928,0.3507,-0.1075
-3.9217,-5.1765,0.0454,0.0214,0.3385,0.5057
-3.4189,-5.5261,0.4932,-0.1813,0.3178,0.8026
-2.3295,-5.7631,0.553,-0.2088,0.4937,1.0299
-1.1899,-5.8565,0.7852,-0.1954,0.5419,1.3231
0.1364,-6.1893,1.13,-0.2198,0.4369,1.6297
0.2202,-6.2707,1.5849,-0.2369,0.3929,1.962
0.0622,-6.4981,2.8754,-0.218,0.5328,2.0677
0.0359,-6.6513,2.4827,-0.042,0.9812,2.0763
0.1244,-8.4302,2.636,0.1454,1.4332,2.0781
0.1005,-8.8013,2.7461,0.2065,1.5725,2.1667
-0.2346,-10.4869,3.189,0.1613,1.4876,2.328
-1.1755,-11.4757,2.4995,0.1265,1.1479,2.6193
-2.308,-12.3807,0.5937,0.2822,1.0777,2.7617
-2.308,-12.3807,0.5937,0.504,1.1986,2.8368
-2.6767,-12.9481,-0.1436,0.592,1.2829,2.827
-2.8251,-12.8882,-0.541,0.5205,1.2597,2.7476
-2.6671,-12.0814,0.3016,0.3397,1.1424,2.5894
-2.2409,-11.7821,1.1133,0.0232,1.278,2.4471
-1.695,-11.8611,2.2361,-0.1318,1.5279,2.4923
-1.4269,-12.225,2.8347,-0.2693,1.5871,2.5509
-1.3694,-13.6496,3.5913,-0.3927,1.4424,2.579
-0.9265,-14.5953,4.1299,-0.4947,1.1284,2.6145
0.2825,-15.8478,3.9336,-0.4904,0.6965,2.7299
1.0654,-16.1925,3.2489,-0.3377,0.534,2.7091
1.6831,-13.9417,0.1532,-0.1972,0.3666,2.4959
1.5466,-13.5012,-0.1268,-0.1111,0.2518,2.1221
0.9983,-12.1317,-0.3663,-0.1428,0.165,1.6701
0.6847,-11.0854,0.5961,-0.2735,0.1424,1.2822
0.2825,-9.929,3.019,-0.5228,0.3422,0.8991
0.2968,-9.8021,3.5338,-0.6095,0.4039,0.7073
0.3112,-9.8069,4.6854,-0.6144,0.4069,0.5797
0.3423,-9.692,4.9634,-0.5277,0.4033,0.5088
0.0311,-8.5116,3.5601,-0.3804,0.3355,0.4477
0.0311,-8.5116,3.5601,-0.0958,-0.0059,0.3396
-0.62,-8.1501,2.3223,0.0929,-0.2997,0.2535
-1.3575,-8.2411,0.9864,0.2267,-0.497,0.1844
-2.1787,-9.8452,0.1436,0.3171,-0.6259,0.135
-2.3056,-10.7119,-0.1963,0.3641,-0.6809,0.0959
-1.9057,-11.3272,-0.2418,0.3665,-0.6528,0.0788
-1.233,-11.2698,0.2442,0.237,-0.5923,0.0305
-0.6272,-10.8484,0.4525,0.1081,-0.6516,-0.0592
-0.4932,-10.7885,0.462,-0.0164,-0.7591,-0.196
-0.3351,-10.7789,0.6919,-0.13,-0.7597,-0.3506
-0.6153,-10.9609,2.1811,-0.2503,-0.6864,-0.4948
-0.8547,-11.0255,1.4006,-0.3603,-0.607,-0.6469
-1.0295,-11.0782,1.5897,-0.3175,-0.3779,-0.9028
-1.8722,-11.5858,2.1906,-0.3866,-0.5422,-1.1221
-2.4468,-12.1532,2.1763,-0.4507,-0.6473,-1.3035
-2.4468,-12.1532,2.1763,-0.4116,-0.5404,-1.5363
-3.5194,-13.0774,1.9656,-0.3145,-0.7469,-1.5864
-3.4859,-13.0582,0.9002,-0.3145,-0.7469,-1.5864
-3.3494,-12.826,0.5315,-0.3756,-1.1928,-1.5827
-2.1547,-11.0639,0.0239,-0.4971,-1.6082,-1.5247
-2.0661,-10.9106,0.0071,-0.5539,-1.7316,-1.4202
-1.4484,-9.4837,0.1029,-0.5161,-1.3956,-1.3206
-0.9337,-8.3967,0.4453,-0.444,-0.8098,-1.2712
-0.0359,-7.6856,1.2713,-0.3664,-0.0419,-1.2651
0.4764,-7.5994,1.7429,-0.3255,0.2402,-1.2913
1.0103,-7.8149,2.2601,-0.2827,0.3355,-1.3616
1.3407,-8.459,2.9376,-0.2412,0.3709,-1.4648
2.1116,-10.4845,4.8698,-0.1905,0.4497,-1.587
2.2242,-11.4493,5.6673,-0.02,0.5743,-1.7788
1.8243,-12.7853,6.127,0.2291,0.5157,-1.9431
0.9193,-13.8794,5.5356,0.5895,0.3006,-2.1019
-0.2202,-15.9124,3.3207,0.9731,-0.0529,-2.2009
-0.3974,-16.0992,2.873,1.3641,-0.3572,-2.2211
-0.6177,-16.8102,1.2856,1.7276,-0.3394,-2.2088
-0.9121,-16.5397,0.9911,1.9438,0.0496,-2.2321
-1.4125,-15.4934,-0.2394,1.7941,0.0575,-2.284
-1.3455,-15.4934,-0.2394,1.5364,-0.2936,-2.2094
-0.6919,-15.1726,-1.0965,1.2248,-0.822,-1.9608
-0.7996,-13.822,-1.6567,0.9041,-1.1195,-1.6994
-2.6527,-9.7638,-2.126,0.5889,-1.0694,-1.5968
-2.7269,-9.7638,-2.126,0.0929,-0.855,-1.6401
-3.3159,-7.7,-3.0909,-0.1709,-0.9576,-1.5418
-3.0645,-5.6889,-3.6176,-0.3847,-1.0236,-1.3329
-1.7166,-3.5146,-2.9496,-0.6059,-0.8629,-1.0274
-1.1947,-1.9584,-1.4939,-0.8795,-0.6382,-0.6829
-0.8164,-1.13,-0.0981,-1.1202,-0.2674,-0.3426
-1.4197,-0.9121,1.7094,-1.1031,-0.0267,-0.2156
-2.5043,-1.233,4.9539,-1.0671,0.1101,-0.0739
-2.4325,-1.3599,5.8206,-0.9241,0.2341,0.1478
-2.4325,-1.3599,5.8206,-0.2131,0.4662,0.6579
-2.4372,-1.8794,6.0001,-0.2131,0.4662,0.6579
-1.8674,-3.4356,2.0446,0.4105,0.4204,0.8833
-1.8674,-3.4356,2.0446,0.7825,-0.0364,1.08
-1.5442,-4.2305,0.0407,0.7825,-0.0364,1.08
-1.4173,-4.8769,-1.3048,0.9133,0.129,1.2315
-1.4341,-5.4423,-1.3718,1.0611,0.6641,1.3909
-1.4077,-5.459,-1.3311,0.9511,1.2835,1.6505
-1.1803,-5.6793,-0.8547,0.6989,1.3147,1.8246
-1.2162,-6.0504,-0.6177,0.4649,1.289,1.9529
-1.731,-8.0759,0.4596,0.3006,1.3037,2.0256
-1.731,-8.0759,0.4596,-0.0274,1.3703,2.1813
-2.0159,-9.9194,2.0853,-0.0274,1.3703,2.1813
-2.0446,-12.1939,3.292,-0.0939,1.5621,2.3793
-1.5083,-14.1691,2.7413,0.0067,1.6739,2.4636
-1.3096,-14.6863,2.2505,0.1472,1.7392,2.441
-1.3096,-14.6863,2.2505,0.1924,1.526,2.119
-1.6711,-14.5977,-0.079,0.1924,1.526,2.119
-1.707,-14.7776,-0.2896,-0.0017,1.3574,1.984
-1.5969,-14.8326,0.134,-0.2021,1.3196,1.9559
-1.1228,-14.5881,0.9217,-0.3866,1.3049,1.9382
-0.7876,-14.0566,1.7597,-0.513,1.3648,1.8887
-1.3646,-13.2067,3.9145,-0.604,1.3807,1.7678
-1.3551,-13.1348,4.2736,-0.6969,1.2805,1.6065
-1.2018,-12.8571,5.0353,-0.6895,1.2188,1.5118
-0.9121,-12.8834,5.5285,-0.5154,1.1552,1.5375
-0.814,-12.5602,3.2896,-0.2925,0.9885,1.5589
-0.869,-12.4788,2.8203,-0.0658,0.8058,1.5112
-1.1468,-12.3519,1.0127,0.0984,0.6159,1.3677
-0.9959,-12.1772,0.4596,0.1723,0.5254,1.2137
-0.0598,-10.415,1.9943,0.091,0.7374,1.0329
-0.0191,-10.2905,2.1188,-0.0103,0.9928,0.9279
0.3232,-9.2802,3.3087,-0.0952,1.0202,0.8155
0.5841,-8.3464,4.1276,-0.1098,0.8468,0.7226
1.2066,-7.4989,3.5553,-0.0341,0.6152,0.6676
1.3024,-7.4678,2.6096,0.2138,0.2774,0.6053
1.0893,-7.7431,1.6232,0.3201,0.0264,0.4966
0.3734,-8.9905,1.1372,0.3103,-0.1629,0.328
-0.4908,-11.1357,1.9752,0.1961,-0.268,0.1087
-0.632,-11.3871,1.8387,0.0495,-0.3046,-0.1075
-0.6943,-11.4182,1.4125,-0.0243,-0.3327,-0.2742
-0.656,-11.1692,0.5554,-0.1239,-0.5997,-0.5082
-0.6392,-10.7502,1.9393,-0.2442,-0.8355,-0.6462
-0.5482,-10.6066,1.8435,-0.3798,-1.0004,-0.7556
-0.4668,-10.1421,1.7166,-0.3792,-1.0053,-0.8533
-0.8044,-9.9338,1.5035,-0.3285,-1.0224,-1.0085
-1.6376,-10.1517,1.2785,-0.2253,-0.797,-1.2681
-1.7022,-10.2235,1.0917,-0.1752,-0.4854,-1.411
-2.0685,-10.7311,0.7757,-0.1703,-0.1824,-1.5357
-2.7533,-11.4565,1.7693,-0.2974,-0.1091,-1.6426
-3.3016,-12.1748,2.3822,-0.4776,-0.2374,-1.7055
-3.3159,-12.1891,2.4875,-0.5613,-0.3755,-1.7073
-2.9209,-11.9353,1.9632,-0.5863,-0.549,-1.6719
-2.5905,-11.6385,2.2194,-0.4709,-0.4616,-1.6224
-2.1092,-11.7342,2.2744,-0.444,-0.5288,-1.6029
-1.6232,-12.1915,1.4484,-0.3939,-0.5838,-1.5668
-1.1324,-13.0415,1.1516,-0.3261,-0.5795,-1.5082
-0.4764,-13.7262,1.6352,-0.3462,-0.5911,-1.4508
0.2968,-13.7909,1.81,-0.4085,-0.5099,-1.3768
0.2968,-13.7909,1.81,-0.3224,-0.1415,-1.5998
0.1628,-13.4245,2.2625,-0.3224,-0.1415,-1.5998
-0.0215,-12.8954,2.3199,-0.2228,-0.0151,-1.7873
0.3902,-11.6217,2.466,-0.1086,0.0001,-1.9126
0.4596,-11.4972,2.5785,0.0507,-0.3132,-2.0152
0.6392,-11.5235,2.7533,0.1454,-0.5477,-2.0873
0.632,-11.9425,2.9161,0.2432,-0.6528,-2.1801
-0.2753,-12.5219,3.4715,0.3305,-0.5893,-2.2766
-0.292,-12.4932,3.529,0.3916,-0.447,-2.353
0.055,-12.0886,4.276,0.4264,-0.3333,-2.3451
0.3327,-11.7031,4.8434,0.4435,-0.5148,-2.182
-0.8116,-9.4262,2.5977,0.6023,-0.9112,-2.1166
-0.9145,-9.2347,2.4109,0.8125,-1.3034,-2.1135
-1.6567,-7.5851,1.039,0.986,-1.4103,-2.1245
-2.1332,-6.0743,0.079,1.0996,-1.1885,-2.1148
-2.1547,-4.5825,-0.4908,1.1546,-0.6742,-2.0421
-2.2194,-3.9456,-0.7493,1.0971,-0.4207,-1.915
-2.3989,-2.9879,-1.2761,0.9805,-0.3908,-1.7299
-2.2697,-2.0877,-1.5945,0.8534,-0.4201,-1.4978
-2.6072,-1.5251,-1.8291,0.7557,-0.3419,-1.2626
-3.0166,-1.5514,-1.798,0.7031,-0.2228,-1.08
-4.1443,-2.0661,-1.4293,0.6133,0.0374,-0.8307
-3.9504,-3.4141,-0.9528,0.5089,0.2231,-0.5265
-2.6958,-5.3034,1.2713,0.3641,0.2872,-0.0036
-2.6408,-5.5404,1.561,0.2322,0.3233,0.4147
-2.7413,-6.2395,2.8682,0.2028,0.4295,0.6579
-2.3654,-6.4023,3.0382,0.2517,0.6055,0.8491
-0.2609,-7.3337,2.0997,0.4551,0.7539,1.1991
-0.2609,-7.3337,2.0997,0.5272,0.5303,1.8258
0.4046,-8.5715,2.3678,0.5272,0.5303,1.8258
0.5051,-9.1988,1.4987,0.5119,0.5859,2.036
-0.4525,-9.6728,0.2346,0.5138,0.8254,2.163
-0.5075,-9.6944,0.2059,0.3452,1.1381,2.2143
-1.4149,-9.6369,0.2992,0.1485,1.0881,2.2198
-2.0566,-9.5076,0.7422,-0.031,0.9024,2.2198
-2.3558,-9.3185,1.9273,-0.1178,0.8272,2.2846
-2.2337,-9.4861,2.8993,-0.1031,0.9824,2.4086
-2.035,-10.0272,3.6032,-0.0182,1.308,2.5638
-1.482,-11.1357,4.343,0.1534,1.837,2.7495
-1.1875,-12.8595,4.0701,0.2224,2.0215,2.7953
-1.2425,-13.4078,3.7086,0.2719,2.0117,2.7152
-1.3192,-13.5371,3.1316,0.2322,1.7044,2.5314
-1.5873,-12.6656,2.3965,0.0953,1.1656,2.3151
-0.7015,-10.8508,0.577,-0.0512,0.2066,2.1539
-0.4548,-10.743,0.565,0.0495,0.0917,2.2547
0.4572,-10.6353,1.0965,0.1827,0.4674,2.3359
1.0127,-10.6592,1.9776,0.2841,1.1204,2.295
1.2138,-11.6624,3.8905,0.3366,1.8113,2.1459
1.2018,-12.0072,4.2329,0.3183,2.2921,1.948
1.2282,-14.0231,5.7727,0.1839,2.6451,1.6988
0.6655,-17.3585,6.9793,0.0764,2.4845,1.5772
-2.1523,-18.2683,1.7836,-0.0512,1.8694,1.4086
-2.1523,-18.2683,1.7836,-0.1483,0.8688,1.0629
-5.1885,-15.4982,-1.9704,-0.2027,-0.2619,0.4288
-5.8732,-13.5107,-2.1068,-0.2625,-0.5978,-0.2125
-4.6615,-11.0375,0.6631,-0.4232,0.0447,-0.1948
-4.6615,-11.0375,0.6631,-0.6853,0.9066,0.0555
-2.6599,-10.0128,3.7493,-0.6853,0.9066,0.0555
-1.4245,-9.4909,4.0366,-0.7073,0.8975,0.1417
-0.3974,-8.6433,4.0653,-0.7176,0.7044,0.2168
-0.067,-8.2626,3.5075,-0.6969,0.0801,0.2168
0.565,-7.9251,3.1459,-0.6193,-0.3272,0.1985
1.063,-7.9011,2.1715,-0.5307,-0.6382,0.1643
1.2401,-8.2363,1.5251,-0.3878,-0.7567,0.0678
1.1994,-8.3033,1.4389,-0.2772,-0.7609,-0.0891
1.0079,-8.4877,1.4197,-0.1929,-0.6418,-0.2577
1.0007,-8.6601,0.5554,-0.1282,-0.3981,-0.4954
0.462,-9.2658,0.6272,-0.1483,-0.2893,-0.6462
0.3663,-9.3472,0.632,-0.3114,-0.4488,-0.7929
0.0239,-9.6537,1.8842,-0.4892,-0.5929,-0.8869
-0.0407,-9.8931,3.1483,-0.6175,-0.5929,-0.9437
-0.7613,-10.4031,2.1619,-0.4763,-0.0554,-1.0867
-0.893,-10.5156,2.2649,-0.2809,0.2341,-1.3017
-1.7956,-11.4924,2.3415,-0.2265,0.2029,-1.5491
-1.7956,-11.4924,2.3415,-0.0958,0.1302,-1.7537
-2.703,-14.1117,2.7772,-0.0958,0.1302,-1.7537
-2.5809,-14.5905,2.521,-0.0634,0.0441,-1.7415
-2.4037,-15.1175,2.4516,-0.0506,-0.155,-1.7116
-2.4444,-14.7728,1.7094,-0.0994,-0.4158,-1.7128
-2.0949,-13.5586,1.0319,-0.1404,-0.6669,-1.6872
-1.9105,-12.893,0.9145,-0.1929,-0.7976,-1.6145
-1.616,-11.8372,0.8738,-0.2351,-0.7512,-1.5534
-1.312,-11.5188,1.2186,-0.2583,-0.516,-1.5045
-0.6536,-11.2698,2.126,-0.2864,-0.3724,-1.4789
-0.4979,-11.2434,2.2912,-0.3071,-0.293,-1.4294
0.5027,-10.8747,2.8586,-0.2955,-0.2912,-1.3432
1.3215,-10.4342,3.3518,-0.232,-0.3657,-1.2919
1.9943,-10.4701,3.6966,-0.1117,-0.5007,-1.3634
2.0302,-10.4845,3.7229,0.146,-0.6498,-1.6615
2.1236,-10.5539,4.0366,0.2871,-0.7017,-1.8881
1.8986,-10.6377,4.0318,0.38,-0.7463,-2.1032
1.2665,-11.4062,5.3369,0.4313,-0.7536,-2.309
1.2593,-11.4254,5.4447,0.4258,-0.7554,-2.4507
0.9385,-11.1261,5.4758,0.4258,-0.8232,-2.4843
0.2729,-10.3624,4.6519,0.5926,-1.0914,-2.3469
-1.3886,-9.4909,3.1004,0.7636,-1.3547,-2.2363
-2.4803,-8.9378,2.126,0.9261,-1.5777,-2.1991
-3.7852,-7.9275,0.7565,1.0422,-1.8025,-2.1911
-3.9336,-6.9267,-0.0909,1.0837,-1.8776,-2.1203
-3.2441,-5.5644,-0.7062,1.1332,-1.37,-1.8387
-3.2441,-5.5644,-0.7062,1.0562,-0.5233,-1.3768
-2.5953,-3.7469,-1.1372,1.0562,-0.5233,-1.3768
-2.4516,-3.1866,-1.5897,0.9334,-0.4537,-1.1893
-2.8083,-3.2441,-0.9313,0.785,-0.5612,-0.9621
-2.9592,-3.2297,-0.6991,0.5834,-0.5471,-0.7073
-2.8299,-3.8163,0.1197,0.2774,-0.2069,-0.328
-1.5322,-4.8988,0.8259,0.1625,0.0569,0.0561
-1.7621,-5.8972,1.6783,0.0929,0.1357,0.4202
-1.7621,-5.8972,1.6783,0.0391,0.1223,0.6224
-2.3295,-5.5332,1.9321,0.0287,0.1766,0.7483
-2.4827,-5.0496,1.7166,0.157,0.3514,0.9804
-1.5298,-5.1813,1.2066,0.2835,0.5792,1.152
-1.3886,-5.2627,1.1276,0.3849,0.8376,1.3585
-0.5937,-6.3138,0.8954,0.4374,1.0117,1.5961
-0.1795,-7.451,1.2665,0.3769,1.0856,1.8191
0.3902,-9.4933,3.1148,0.2334,1.1546,2.0201
0.1915,-10.3624,3.881,0.0782,1.297,2.2339
-0.3447,-11.1357,4.2257,0.1607,1.4448,2.2773
-1.4101,-11.1931,3.9624,0.3317,1.5102,2.3078
-2.0135,-11.763,3.1531,0.5083,1.4595,2.3463
-2.3391,-12.1532,2.9544,0.6488,1.286,2.4385
-2.3247,-12.4525,1.7549,0.7312,1.0636,2.5381
-2.1021,-12.3256,1.0247,0.8229,1.0251,2.6236
-1.4413,-12.4405,1.4437,0.7447,1.1736,2.5937
-1.4413,-12.4405,1.4437,0.3299,1.4637,2.4813
-1.3287,-13.0439,2.1284,0.3299,1.4637,2.4813
-1.2306,-13.5442,2.4253,0.1466,1.4637,2.4281
-0.2059,-13.7525,2.2409,-0.0377,1.4112,2.397
-0.2059,-13.7525,2.2409,-0.1294,1.3263,2.386
0.5458,-13.7382,2.3247,-0.188,1.1809,2.3524
1.3144,-13.561,2.2074,-0.1844,1.0581,2.3084
2.2337,-13.1037,1.7238,-0.1178,1.0832,2.2101
2.272,-13.0702,1.6496,-0.0665,1.2224,2.0109
1.9105,-12.984,1.7477,-0.2015,1.4656,1.5228
0.9816,-13.3336,3.3016,-0.4379,1.4717,1.1209
-0.1221,-13.6113,4.9802,-0.6914,1.4766,0.7812
-0.8379,-13.4868,4.9946,-0.8135,1.4931,0.4825
-2.0183,-13.0558,4.0462,-0.7806,1.3532,0.2009
-3.0837,-11.9018,2.9664,-0.5961,0.8376,-0.1246
-3.1531,-9.6297,1.6735,-0.4898,0.5157,-0.2107
-3.0957,-8.7702,1.6256,-0.4085,0.3104,-0.2119
-2.8036,-7.8724,1.9081,-0.3279,0.2225,-0.1692
-2.1475,-7.6449,2.6815,-0.2039,0.3355,-0.0824
-1.1899,-7.5731,3.0286,-0.0396,0.6171,0.0219
-1.2042,-7.6282,3.0526,0.2254,0.9744,0.0678
-1.221,-8.2291,2.612,0.2951,0.9952,0.0183
-1.221,-8.2291,2.612,0.1937,0.7576,-0.0897
-1.2641,-11.6911,2.7006,0.1937,0.7576,-0.0897
-1.2258,-11.6935,2.4061,0.0483,0.3349,-0.1942
-0.9768,-11.2219,1.2449,-0.0219,-0.4543,-0.3811
-0.9409,-10.3217,0.9935,0.0269,-0.6736,-0.5051
-0.7781,-8.9953,1.9919,-0.0011,-0.7389,-0.6249
-0.7637,-8.9641,2.114,-0.0469,-0.5465,-0.7012
-0.3687,-8.9546,2.0949,-0.0903,-0.2209,-0.7403
-0.1963,-9.4262,1.8076,-0.133,0.049,-0.7538
-0.1771,-10.9058,2.3606,-0.312,-0.0212,-0.8136
0.0071,-11.8803,2.9328,-0.4873,-0.1953,-0.8637
0.3639,-12.9577,2.6144,-0.5637,-0.2588,-0.9175
0.3423,-13.47,2.229,-0.5264,-0.3028,-1.0488
-0.2154,-12.8236,1.1563,-0.477,-0.4488,-1.2565
-0.5626,-12.2562,0.8643,-0.4342,-0.5954,-1.4697
-0.7733,-11.4613,1.0366,-0.4825,-0.852,-1.7061
-0.2418,-10.7598,1.7334,-0.5497,-0.9222,-1.7751
0.5482,-9.7327,2.8898,-0.5613,-0.8068,-1.8295
0.5961,-9.7063,3.0502,-0.5216,-0.4757,-1.9217
0.5865,-9.7614,3.5338,-0.4385,-0.0163,-2.0396
0.0598,-10.4031,3.7205,-0.2436,0.6006,-2.2253
-1.0773,-12.158,3.8857,-0.1013,0.7649,-2.3017
-1.13,-12.3639,3.9049,0.0458,0.6892,-2.3041
-1.1947,-12.8954,3.9839,0.1521,0.4192,-2.2168
-1.1947,-12.8954,3.9839,0.3226,-0.5642,-1.9254
-0.1699,-12.1652,3.3183,0.3226,-0.5642,-1.9254
-0.1484,-12.091,3.2465,0.4887,-1.2967,-1.8289
-0.1699,-11.3176,2.2553,0.7007,-1.4573,-1.8906
-0.0047,-11.2506,1.9201,1.0611,-1.0706,-1.9908
0.079,-11.4038,2.2912,1.339,-0.4085,-2.0396
0.3399,-11.7079,2.545,1.4386,0.1192,-2.0195
0.8188,-12.2346,2.8802,1.3427,0.2524,-1.8496
1.1204,-12.4405,3.3782,1.1613,-0.2283,-1.7165
-0.0191,-11.2626,1.7525,1.0122,-0.9802,-1.6401
-0.4572,-10.3911,0.9696,1.011,-1.5813,-1.6749
-1.0678,-9.4047,-0.1484,1.121,-1.5056,-1.7348
-1.4891,-8.5068,-1.3287,1.2529,-0.9619,-1.7592
-2.0446,-6.115,-2.4492,1.0904,-0.4812,-1.6047
-2.0877,-5.7751,-2.5091,0.774,-0.5319,-1.4874
-2.7796,-4.264,-3.0047,0.4521,-0.673,-1.3909
-3.0669,-3.5458,-2.7126,0.2157,-0.7053,-1.2412
-3.0861,-4.3047,-0.6536,0.0129,-0.4256,-0.9749
-3.0861,-4.3047,-0.6536,-0.5393,-0.0053,-0.2119
-3.5673,-5.0353,1.5251,-0.5393,-0.0053,-0.2119
-3.0502,-5.2962,3.3303,-0.6474,0.0032,0.0702
-1.956,-3.8833,3.4021,-0.5362,0.1455,0.3439
-1.9249,-3.8019,3.2872,-0.2674,0.3483,0.5351
-1.9393,-3.5434,2.1428,0.0214,0.4338,0.6798
-1.5921,-3.7325,1.47,0.2987,0.5829,0.9468
-1.0678,-4.6112,1.5322,0.3378,0.6867,1.1991
-0.3782,-5.2412,1.695,0.3097,0.7777,1.4624
-0.0023,-6.1629,2.2026,0.2529,0.8718,1.7189
-0.0598,-7.214,3.8402,0.2083,0.9799,1.8411
0.0574,-8.9546,3.5242,0.2157,1.1162,1.8887
-0.0478,-9.6968,3.0119,0.4863,1.3416,1.9761
-0.7374,-10.5563,3.1723,0.5785,1.2854,2.0659
-1.5227,-11.0662,3.2225,0.5749,1.1033,2.1661
-1.9656,-12.3711,2.138,0.6268,1.0441,2.2815
-1.9057,-12.6632,1.9129,0.7282,1.049,2.3933
-1.5394,-13.1109,0.8307,0.8381,1.0807,2.4801
-1.0103,-13.3,0.0526,0.8644,1.308,2.4678
-1.0103,-13.3,0.0526,0.7153,2.1815,2.3927
-0.2202,-13.7861,-0.4285,0.7153,2.1815,2.3927
-0.1532,-14.0805,0.0861,0.5095,2.5975,2.3176
-0.2968,-14.8039,1.5251,0.1973,2.8388,2.1923
-0.5626,-16.2452,4.8243,-0.3023,2.8883,1.9303
-0.5698,-16.2715,5.0041,-0.5527,2.7777,1.78
-0.5027,-16.2213,5.8014,-0.7036,2.6482,1.6371
-0.5075,-15.5988,5.6649,-0.7525,2.4295,1.4727
-1.039,-13.8818,4.7836,-0.7512,1.9738,1.2577
-1.2545,-12.7805,3.5745,-0.6688,1.2548,0.9065
-1.3096,-11.2338,1.403,-0.5588,1.0502,0.7538
-1.5897,-10.6018,1.7645,-0.5148,1.019,0.6395
-1.4077,-10.0272,3.3758,-0.5802,1.1827,0.543
-1.3646,-9.6992,3.5051,-0.5955,1.5609,0.4587
-1.7908,-9.5531,4.0629,-0.5552,1.7692,0.3286
-1.6879,-9.1078,3.7181,-0.4941,1.6855,0.2131
-1.1324,-8.4063,2.8251,-0.4263,1.4588,0.2553
-1.0271,-8.3416,2.5977,-0.3975,1.0862,0.3262
-0.2059,-8.3057,2.1428,-0.3725,0.8339,0.4202
0.5841,-8.2938,2.3439,-0.3804,0.7014,0.4996
1.8028,-8.5906,3.5218,-0.4476,0.5951,0.5314
1.968,-8.6768,3.517,-0.5631,0.3862,0.477
2.1452,-9.2203,3.7684,-0.5307,0.2182,0.3579
2.1619,-9.7782,3.1459,-0.4275,0.0881,0.1557
0.4979,-11.3607,2.6264,-0.2632,0.1082,-0.1087
0.3663,-11.4517,2.5857,-0.133,0.1498,-0.4141
-0.7924,-12.1843,2.1284,0.0226,0.2298,-0.8258
-1.7334,-12.6201,1.0917,0.1002,0.2078,-1.0482
-2.7102,-12.8906,0.2178,0.1106,0.1461,-1.2174
-3.2106,-13.0774,1.8818,-0.0261,-0.0163,-1.3365
-2.6551,-12.6704,1.3694,-0.2137,-0.1269,-1.3884
-2.6408,-12,1.2138,-0.2497,-0.1006,-1.3976
-2.7269,-11.0662,1.3359,-0.4354,-0.6467,-1.507
-2.4564,-10.6209,1.0462,-0.538,-0.866,-1.518
-2.193,-10.0463,1.0031,-0.6162,-0.9894,-1.4807
-1.8746,-9.5914,0.8236,-0.7531,-1.1397,-1.4563
-1.051,-9.0815,1.0438,-0.8655,-1.1824,-1.4233
-0.9983,-9.0623,1.0773,-0.962,-1.1213,-1.3652
-0.4405,-8.7989,1.2545,-0.9693,-1.0034,-1.3475
0.0023,-8.605,1.6112,-0.9443,-0.7939,-1.3548
0.4261,-8.6361,2.2912,-0.9003,-0.5361,-1.4007
0.5075,-8.7798,2.4492,-0.8343,-0.2735,-1.474
0.7781,-9.4358,3.3901,-0.7555,-0.0224,-1.5515
1.0678,-10.4366,4.3718,-0.6065,0.2359,-1.6725
0.8786,-12.8332,5.2388,-0.4482,0.3123,-1.755
0.8259,-12.9649,5.2148,-0.2277,0.3196,-1.8289
0.3184,-14.0566,5.0448,0.0312,0.2616,-1.8564
0.1556,-14.9691,4.8171,0.2719,0.0936,-1.8106
0.0526,-15.2349,3.7397,0.4881,-0.2215,-1.714
-0.0766,-14.835,2.7198,0.8235,-0.8397,-1.6444
-0.0766,-14.835,2.7198,1.4349,-0.6895,-1.8973
-1.1492,-12.9792,0.5243,1.4349,-0.6895,-1.8973
-1.8411,-12.5028,-0.1388,1.6084,-0.3193,-2.0329
-1.9273,-12.2921,-0.1723,1.6115,-0.0914,-2.0647
-1.2234,-11.8827,0.0478,1.3525,-0.1867,-1.8747
-0.3758,-11.1524,-0.1891,1.0819,-0.4799,-1.6615
0.0885,-8.9163,-0.869,0.8174,-0.9027,-1.5418
0.0143,-8.344,-0.9552,0.592,-1.2166,-1.5271
0.0718,-7.1565,-1.0151,0.4447,-1.2649,-1.5741
0.2346,-6.3712,-0.7254,0.3458,-1.0242,-1.6432
-0.2035,-5.3561,0.4525,0.1436,-0.6528,-1.7495
-0.3519,-5.1933,0.6919,-0.064,-0.6656,-1.777
-1.6208,-4.4149,1.1707,-0.2796,-0.7744,-1.7385
-2.7198,-3.7253,1.1851,-0.4024,-0.8037,-1.5992
-3.4811,-2.6695,1.7717,-0.4324,-0.6681,-1.3359
-3.4811,-2.6695,1.7717,-0.4305,-0.3987,-0.8943
-3.347,-2.2361,1.6807,-0.392,-0.2704,-0.6139
-2.8993,-2.6264,0.9169,-0.2888,-0.1996,-0.3457
-2.1739,-3.7014,0.7661,-0.1996,-0.1867,0.0097
-1.8339,-4.1156,0.972,-0.1911,-0.136,0.3817
-1.1875,-4.853,1.6232,-0.199,-0.0004,0.6853
-0.9145,-5.6314,2.2218,-0.141,0.2102,1.0873
-0.3543,-6.8165,2.6072,-0.0481,0.3471,1.3035
-0.2154,-7.2619,2.6767,0.0715,0.501,1.5112
-0.0742,-7.8724,2.5115,0.1845,0.6079,1.6817
-0.1771,-8.4183,2.636,0.2725,0.6427,1.8099
-0.3303,-8.9785,2.8467,0.3183,0.6214,1.9168
-0.3136,-9.0001,2.8036,0.3727,0.5364,2.0751
-0.4237,-9.1078,2.8874,0.4374,0.4784,2.1875
-0.5458,-9.2491,2.8203,0.551,0.4992,2.2846
-0.7254,-9.8835,1.7956,0.7202,0.6739,2.3707
-0.7278,-9.9529,1.707,0.8821,0.9317,2.4257
-0.9744,-11.0543,1.6017,0.9285,1.1223,2.4599
-1.0678,-12.474,1.6208,0.8021,1.0679,2.4666
-1.2306,-15.4479,1.2617,0.6628,1.0074,2.4593
-1.2186,-15.5461,1.2042,0.5565,0.9695,2.4171
-0.984,-15.934,0.5267,0.5144,0.9867,2.3475
-0.6033,-15.6299,-0.2346,0.4808,1.0117,2.2962
-0.1197,-14.7105,-0.6943,0.2743,0.9909,2.218
0.158,-14.0422,-0.6033,0.0116,0.9091,2.1484
0.8451,-13.0846,0.0933,-0.2668,0.8297,2.0622
1.4173,-12.3471,1.051,-0.5002,0.8376,1.9511
1.7142,-10.9298,1.8938,-0.6559,0.9506,1.7794
1.6472,-10.4294,1.6256,-0.7561,1.1913,1.4208
1.3718,-10.4126,3.1076,-0.8062,1.2359,1.182
1.051,-10.8364,4.209,-0.9217,1.2585,0.9957
-0.1939,-11.1381,4.8099,-0.9131,1.3691,0.8277
-0.4237,-11.1596,4.683,-0.8184,1.3513,0.6334
-1.5682,-11.4589,3.462,-0.623,1.1705,0.4599
-2.5689,-11.7151,1.6735,-0.2992,0.7057,0.2883
-2.8826,-12.0359,0.5339,-0.1892,0.5236,0.2357
-2.8826,-12.0359,0.5339,-0.1905,0.578,0.2461
-2.296,-11.5714,1.695,-0.2955,0.7392,0.2901
-1.9608,-10.9465,2.5306,-0.4318,0.8205,0.2822
-1.8243,-9.1365,2.7174,-0.4525,0.7283,0.1502
-1.8363,-9.0384,2.5689,-0.3377,0.7087,0.0372
-2.1021,-8.4159,2.8179,-0.1813,0.8009,-0.0635
-2.2505,-8.3943,2.6551,-0.1031,0.8626,-0.1435
-2.8371,-9.0743,3.6535,-0.0506,0.9579,-0.1887
-2.8634,-9.9913,3.7852,-0.072,0.9256,-0.2376
-2.5282,-10.8412,2.7485,-0.0445,0.7325,-0.2773
-2.1691,-11.0926,2.2768,-0.0035,0.4075,-0.3121
-1.2425,-10.8508,1.6927,0.0147,0.096,-0.3402
-0.7493,-10.6904,1.8339,0.0012,-0.1623,-0.3964
-0.0885,-10.3528,1.6615,-0.0512,-0.3675,-0.4917
0.055,-10.0774,1.695,-0.0524,-0.4402,-0.6114
-0.2178,-9.8284,1.6112,-0.0768,-0.5435,-0.8368
-0.3112,-9.8045,1.4101,-0.0481,-0.4531,-0.9608
-0.6392,-9.6561,0.723,-0.0353,-0.3798,-1.0488
-1.1731,-9.3831,0.9481,-0.133,-0.4066,-1.1001
-1.0031,-8.9187,1.7932,-0.3743,-0.4873,-1.091
-1.0031,-8.9187,1.7932,-0.7121,-0.5453,-0.937
-0.7589,-8.866,2.6072,-0.8795,-0.7341,-0.8179
-0.2154,-8.7535,2.6168,-0.9308,-0.9173,-0.7098
0.5482,-8.6481,2.2194,-0.8771,-1.0303,-0.6316
0.5578,-8.6361,2.1667,-0.8013,-1.0651,-0.6175
0.541,-8.7558,1.7286,-0.7115,-0.9399,-0.6682
0.4022,-9.1293,1.5634,-0.7207,-0.6986,-0.8533
0.5363,-9.9434,2.3798,-0.7977,-0.4702,-0.9834
0.8068,-10.6281,3.0071,-0.8392,-0.1672,-1.102
1.2114,-12,3.9288,-0.7903,0.0777,-1.2278
1.5514,-13.7525,4.9826,-0.6834,0.1229,-1.3567
1.5514,-13.7525,4.9826,-0.1227,-0.0878,-1.5106
1.7286,-16.5852,5.9666,-0.1227,-0.0878,-1.5106
1.7836,-16.2284,4.9562,0.2395,-0.1721,-1.4227
1.6017,-15.5413,3.5601,0.5993,-0.3553,-1.3182
0.2873,-12.7159,0.9696,0.8717,-0.6968,-1.3445
0.1077,-12.3998,0.7062,1.0342,-1.001,-1.4941
-0.4812,-11.4565,-0.0191,1.1582,-1.0633,-1.7727
-1.1683,-10.9394,-0.5722,1.2132,-0.8825,-1.9358
-1.6591,-9.6441,-1.5155,1.2376,-0.7408,-2.047
-1.6591,-9.6441,-1.5155,0.9456,-0.6797,-2.0518
-1.0821,-8.7199,-1.0534,0.9456,-0.6797,-2.0518
-0.6344,-8.2962,-0.3782,0.6701,-0.6003,-2.0152
-0.7852,-7.5372,0.4668,0.2389,-0.4225,-1.9908
-0.8355,-7.5611,0.5698,-0.0353,-0.3993,-1.992
-1.3982,-7.9227,1.719,-0.287,-0.4836,-1.9932
-2.7653,-8.4422,3.28,-0.4592,-0.607,-1.9578
-3.6727,-8.5667,3.9767,-0.5014,-0.7499,-1.8533
-3.383,-8.605,3.5506,-0.3517,-0.8642,-1.4587
-3.0669,-8.3728,2.2361,-0.199,-0.9002,-1.1184
-3.0095,-8.3129,1.5059,-0.1037,-0.9656,-0.8002
-3.2944,-6.9554,0.5363,-0.0726,-0.998,-0.529
-3.4524,-6.1486,0.5243,-0.0616,-0.9925,-0.3139
-3.5386,-4.5441,0.8379,-0.1172,-0.9185,-0.1337
-2.703,-3.1364,1.3599,-0.232,-0.7683,0.1514
-1.0079,-1.9297,2.1906,-0.2601,-0.6046,0.4123
-0.8738,-1.8315,2.3223,-0.2088,-0.414,0.678
-0.5195,-1.4939,2.8945,-0.0915,-0.2105,0.8729
-0.3016,-1.391,2.9041,0.102,0.0569,0.9896
-0.4213,-2.3104,2.9903,0.4967,0.5285,1.16
-0.4213,-2.3104,2.9903,0.9444,1.0514,1.5619
-0.2442,-3.2944,3.7086,0.9444,1.0514,1.5619
-0.3495,-4.2999,3.1268,1.1356,1.2634,1.7666
-0.6727,-7.8197,0.9744,1.339,1.4051,1.9254
-0.6799,-8.0974,0.9744,1.4301,1.3538,2.0781
-1.1707,-10.3576,-0.2442,1.1448,0.8743,2.3353
-0.7852,-13.3336,2.7461,0.785,0.4625,2.4984
-0.6895,-17.0305,3.2944,0.3507,-0.0688,2.6572
-0.6631,-17.7895,0.7685,0.3586,-0.5276,2.6694
-0.5626,-16.6259,-1.1587,0.8461,0.0099,2.4953
-0.5626,-16.6259,-1.1587,0.9316,1.5615,1.8668
-0.7182,-14.2673,-1.1204,0.9316,1.5615,1.8668
-0.6751,-13.6903,-0.7469,0.5706,1.4827,1.7263
-0.5817,-12.8332,-0.1484,0.1662,1.2279,1.6322
-0.6847,-12.1389,0.5817,-0.185,1.0386,1.546
-1.0654,-11.4445,3.0765,-0.458,1.03,1.4367
-1.0749,-11.3919,3.4691,-0.6895,1.3232,1.2907
-0.9121,-11.1812,4.1299,-0.6718,1.5517,1.2693
-0.7182,-11.0423,4.3909,-0.5668,1.669,1.2822
-0.7852,-10.4845,3.6894,-0.4568,1.6055,1.2724
-0.8451,-10.4581,3.5673,-0.3585,1.4216,1.2144
-1.3431,-10.6975,3.7277,-0.3084,1.1779,1.1087
-1.5227,-10.9801,4.0126,-0.2552,1.1265,1.0311
-1.6256,-11.0998,3.6487,-0.177,1.3605,1.025
-1.6256,-11.0998,3.6487,-0.1227,1.5548,0.9981
-1.6424,-11.0854,3.2944,-0.1184,1.5737,0.9541
-2.0685,-11.1237,3.1196,-0.1312,1.4307,0.8936
-2.1499,-10.8029,1.5634,-0.1734,0.994,0.7641
-1.9943,-10.7622,1.7286,-0.1862,0.8235,0.6829
-1.3814,-10.4462,3.0717,-0.2833,0.6824,0.6108
-0.5793,-9.9338,3.8762,-0.3273,0.5645,0.5693
0.2154,-9.7949,3.1771,-0.2314,0.3843,0.5241
0.6751,-9.7806,2.5187,-0.0463,0.2677,0.4703
1.1971,-9.3065,3.1172,0.1185,0.3972,0.397
1.2473,-8.7223,2.6024,0.0239,0.3544,0.2755
-0.292,-9.1365,2.7676,-0.0463,0.1247,0.0561
-0.5865,-9.3592,3.0478,-0.1141,-0.227,-0.2064
-1.7094,-10.1349,3.8187,-0.0988,-0.3822,-0.4361
-2.3726,-10.5539,2.3798,0.1246,-0.3126,-0.6548
-2.4875,-11.4661,0.7517,0.2651,-0.3517,-0.7153
-2.2768,-11.4637,0.8714,0.1301,-0.5459,-0.6829
-1.3263,-11.0423,1.6184,-0.1361,-0.64,-0.5723
-1.209,-10.4078,3.0957,-0.4183,-0.7353,-0.5571
-1.6687,-8.9091,2.2146,-0.6004,-0.7689,-0.6572
-1.7836,-8.9043,2.3343,-0.6077,-0.6772,-0.8772
-2.2074,-9.1126,2.3295,-0.7073,-0.8739,-1.0109
-2.2864,-9.5962,2.0781,-0.6761,-0.8055,-1.003
-2.1715,-10.6305,2.8802,-0.6993,-0.7353,-0.9492
-1.8579,-11.2171,2.4109,-0.7482,-0.6168,-0.8998
-1.6998,-11.8468,2.6839,-0.7335,-0.4995,-0.8839
-1.4053,-12.158,2.7246,-0.8673,-0.7719,-0.9657
-0.6081,-11.9545,2.7676,-0.9223,-1.0236,-1.0018
-0.2059,-11.7678,3.0573,-0.9565,-1.3535,-1.0372
0.4908,-10.9657,2.8275,-0.9467,-1.6161,-1.091
0.8714,-9.8428,2.1595,-0.819,-1.6076,-1.1954
0.7852,-8.9426,2.0087,-0.5558,-1.111,-1.4752
0.79,-8.9091,2.059,-0.4165,-0.662,-1.6658
0.8714,-9.0001,2.7006,-0.3328,-0.301,-1.8014
0.6488,-9.3496,3.0071,-0.2882,-0.0707,-1.882
0.6488,-9.3496,3.0071,-0.1471,0.1614,-1.9254
0.0502,-10.6975,3.6296,-0.1471,0.1614,-1.9254
0.1436,-11.4757,4.2066,0.0122,0.0343,-1.8387
0.2202,-11.7055,4.2712,0.2114,-0.293,-1.8044
-0.5602,-11.4828,2.6671,0.4912,-0.7023,-1.8313
-0.5889,-11.514,2.6096,0.7722,-0.9882,-1.9144
-1.1156,-12.1484,1.9369,0.989,-1.0034,-2.0036
-1.3455,-12.6847,1.798,1.1228,-0.5276,-2.0189
-0.6655,-13.3743,2.3822,1.0874,-0.1794,-1.8832
0.0071,-13.5754,2.6719,0.9872,-0.1812,-1.6725
0.2082,-13.2234,2.3175,0.8827,-0.5685,-1.5234
-0.2466,-12.1676,1.5538,0.7923,-1.0786,-1.5137
-0.9792,-10.4533,0.3878,0.7544,-1.3406,-1.5723
-1.2545,-9.6537,0.0047,0.7349,-1.1,-1.568
-1.6615,-7.7359,-0.5913,0.6231,-0.8923,-1.4972
-1.8363,-6.2371,-1.118,0.4411,-0.855,-1.397
-2.1021,-3.8474,-1.9416,0.2499,-1.0138,-1.2858
-2.1021,-3.8474,-1.9416,-0.0909,-1.1653,-1.0323
-2.4923,-2.5043,-1.7166,-0.0909,-1.1653,-1.0323
-2.8251,-1.561,-0.7924,-0.3108,-0.753,-0.8613
-3.5817,-0.6272,1.0342,-0.4244,-0.4683,-0.7299
-3.632,-0.6105,1.0821,-0.4763,-0.2845,-0.5589
-3.8307,-0.8475,1.7166,-0.4501,-0.1641,-0.3072
-2.9137,-1.7741,3.0717,-0.3554,-0.0316,0.1215
-2.1523,-3.2154,3.7205,-0.1153,0.3556,0.8106
-2.1523,-3.2154,3.7205,0.4313,0.6959,1.3829
-0.8547,-4.2544,1.7357,0.4313,0.6959,1.3829
-0.0909,-5.4686,0.9385,0.6042,0.5407,1.7153
0.0239,-7.0608,-0.3471,0.6066,0.2133,1.9749
0.2106,-8.6026,0.3399,0.6164,0.0618,2.1569
0.2059,-10.336,-0.1651,0.7954,0.6928,2.3371
0.1125,-11.6337,-0.1484,0.9414,1.311,2.4061
-0.2513,-13.3096,0.9744,0.8418,1.5566,2.4526
-0.7757,-13.9082,1.9823,0.6103,1.4094,2.4813
-0.972,-14.6121,3.3063,0.3898,1.0587,2.5063
-0.3543,-14.3726,3.5242,0.3287,0.8956,2.5625
0.4357,-12.225,2.375,0.3769,1.052,2.4941
0.4141,-12.0431,2.2912,0.3574,1.1045,2.3145
0.2298,-11.4517,2.3678,0.2444,0.928,2.1123
0.1268,-11.162,2.2984,0.1381,0.7386,1.9633
-0.043,-11.6887,2.7557,0.0984,0.7759,1.8619
-0.043,-11.6887,2.7557,0.0941,1.2854,1.6358
-0.3902,-13.087,3.1076,0.0941,1.2854,1.6358
-0.7206,-14.2529,3.213,0.0929,1.2903,1.59
-0.6464,-14.7536,1.5634,0.0965,1.1491,1.6004
-0.6727,-14.6887,1.3646,0.1039,0.9653,1.5974
-1.0678,-13.8723,0.0311,0.0715,0.7515,1.474
-1.47,-12.9696,-0.1723,-0.0927,0.7441,1.1435
-1.9464,-11.7821,-0.2322,-0.2735,0.7576,0.9486
-1.8938,-11.2913,0.4668,-0.4678,0.702,0.8191
-1.537,-10.4701,3.0142,-0.6889,0.6024,0.7947
-1.142,-9.929,3.9767,-0.8691,0.5285,0.8228
-0.0574,-9.9529,4.7692,-0.9021,0.3764,0.8814
0.4668,-9.6944,5.313,-0.9143,0.3868,0.9621
0.8212,-9.3448,4.8913,-0.918,0.443,0.9443
0.3974,-9.0312,4.8171,-0.8533,0.4338,0.7947
-1.063,-8.9689,3.8953,-0.7867,0.3397,0.5907
-1.3239,-9.0264,3.7301,-0.6969,0.2133,0.3921
-2.2361,-9.4406,2.3056,-0.5099,-0.1769,0.1441
-2.7293,-9.8787,1.537,-0.3841,-0.3425,0.0342
-2.703,-10.8867,1.9105,-0.3163,-0.3382,-0.0415
-2.6719,-10.9609,1.9967,-0.2644,-0.2405,-0.0818
-2.2697,-11.3607,2.7796,-0.2235,-0.2032,-0.091
-1.8052,-11.0734,2.2912,-0.1275,-0.2863,-0.1343
-1.8219,-10.8651,1.6519,-0.0316,-0.4158,-0.2565
-1.8387,-10.8723,1.5849,0.0312,-0.486,-0.4343
-1.7884,-11.2434,0.3806,0.1027,-0.3584,-0.609
-1.9584,-11.4493,-0.4237,0.1491,-0.2484,-0.7715
-2.0159,-11.2793,-0.328,0.0416,-0.2845,-0.9108
-1.8291,-10.9513,-0.0694,-0.3548,-0.3846,-0.9999
-1.6783,-10.2043,0.2585,-0.6346,-0.4628,-1.0036
-1.4772,-9.419,1.0247,-0.8875,-0.6143,-0.9975
-0.8499,-8.1836,1.956,-1.0762,-0.7805,-0.9724
-0.4932,-7.5587,2.0278,-1.1361,-0.8483,-0.9217
-0.0311,-6.8309,1.6831,-1.006,-0.6803,-0.8765
0.1508,-6.7088,1.537,-0.8728,-0.4476,-0.8961
0.6392,-8.1166,1.7166,-0.7677,-0.2283,-0.9346
0.8331,-8.6385,1.8411,-0.6975,-0.0444,-0.9615
1.6567,-10.3264,2.7533,-0.6749,0.1223,-0.9731
2.2792,-12.2705,4.1156,-0.706,0.2206,-1.0073
2.3056,-14.9763,4.906,-0.7018,0.1675,-1.1991
2.1835,-14.9787,4.7668,-0.5222,0.0508,-1.3713
0.9768,-14.5354,2.8514,-0.1471,-0.0291,-1.5644
0.0478,-14.126,1.3215,0.2548,-0.1317,-1.7348
-0.5506,-13.5586,0.5171,0.504,-0.1574,-1.8393
-0.5506,-13.5586,0.5171,0.5541,-0.0291,-1.8814
-0.8858,-13.1731,0.7038,0.424,0.2463,-1.9199
-0.7469,-13.0079,1.4053,0.3189,0.3061,-1.937
-0.7302,-12.1053,1.5107,0.2413,0.1522,-1.9407
-0.8571,-11.5738,1.2569,0.2352,-0.1965,-1.9767
-0.3423,-11.3655,1.64,0.2572,-0.5032,-2.0158
-0.0119,-11.6887,2.1332,0.1912,-0.7133,-1.9932
0.8355,-12.4214,3.3782,0.0941,-0.9088,-1.9792
1.2665,-12.4836,3.8833,-0.0127,-1.1262,-1.9065
1.6136,-12.2825,4.2066,-0.0524,-1.2747,-1.7947
1.2952,-11.593,3.7373,0.0074,-1.3052,-1.6902
-0.2873,-8.7822,2.5833,0.1698,-1.2118,-1.5968
-0.2873,-8.7822,2.5833,0.5443,-0.9472,-1.4587
-1.6831,-6.2395,1.9321,0.5443,-0.9472,-1.4587
-2.5163,-4.8291,1.1324,0.7544,-0.8849,-1.43
-2.7724,-3.0693,-0.7757,1.0208,-0.8116,-1.3781
-2.7724,-3.0693,-0.7757,1.0874,-0.4036,-1.0702
-2.4444,-2.2601,-0.9888,1.0874,-0.4036,-1.0702
-2.6647,-1.8818,-0.5913,0.8406,-0.2625,-0.9224
-4.3861,-2.9065,-0.3423,0.628,-0.2277,-0.7831
-4.4699,-2.9975,-0.3615,0.5119,-0.2234,-0.6078
-4.5561,-3.5865,-0.4022,0.4521,-0.1824,-0.3524
-3.8953,-3.9073,0.0095,0.372,-0.1165,0.0226
-2.7988,-3.9887,1.0582,0.1986,-0.0835,0.5803
-2.4516,-3.936,1.4341,0.168,-0.1018,0.8655
-2.0207,-4.1635,1.6998,0.2499,0.0056,1.0616
-1.2761,-4.7117,1.2378,0.3946,0.2414,1.2559
-0.7326,-5.5572,0.5889,0.5089,0.4723,1.4929
-0.6248,-5.8852,0.3711,0.5077,0.6091,1.7232
-0.7948,-6.5699,1.3527,0.3018,0.6995,1.9932
-1.2354,-7.5444,2.885,0.0788,0.5737,2.1258
-1.6496,-9.8117,4.3191,0.102,0.5206,2.2754
-1.6136,-10.0559,4.3143,0.3128,0.7234,2.4251
-1.5131,-11.3296,4.1515,0.6213,1.0575,2.5686
-1.5131,-11.3296,4.1515,1.1442,1.4558,2.7366
-0.9864,-14.9643,2.4349,1.1442,1.4558,2.7366
-0.9864,-14.9643,2.4349,1.0403,1.4106,2.678
-1.1396,-15.9651,2.7629,0.8339,1.2786,2.5515
-1.0534,-17.2436,2.8275,0.6457,1.0984,2.4288
-0.6512,-19.7862,1.8267,0.6268,1.096,2.3994
-0.6895,-19.8102,1.7836,0.6286,1.143,2.3133
-1.0031,-18.4598,0.3854,0.4838,0.8743,2.0714
-0.9624,-15.5676,-1.0821,0.3073,0.4735,1.7427
-0.9074,-11.6241,-3.3446,0.1308,0.3361,1.4697
-0.6919,-9.9936,-2.1452,-0.0738,0.5151,1.2577
-0.2274,-9.2275,1.0845,-0.6798,0.9714,1.0958
-0.0407,-9.9889,4.5896,-1.0182,1.4967,1.0464
0.043,-9.7901,7.9897,-1.1294,1.9921,0.9822
-0.213,-9.4813,8.5236,-1.0548,2.3061,0.8558
-0.4908,-9.3185,7.5109,-0.7928,2.2408,0.7147
-1.3742,-9.2347,5.9762,-0.4501,1.6769,0.6383
-1.6998,-9.1341,1.4101,-0.1147,0.3892,0.6707
-1.6304,-9.1413,0.474,0.0006,-0.3541,0.8026
-0.7541,-9.6034,-1.8626,0.0837,-0.7475,0.9065
0.814,-10.0032,-1.5705,0.0611,-0.5343,0.9688
2.3965,-9.5771,3.4596,-0.0927,0.1492,0.9376
2.5785,-9.4382,3.8786,-0.3096,0.7441,0.7562
2.1619,-9.3951,5.2005,-0.3536,1.0746,0.3652
1.391,-9.2299,4.3837,-0.1343,0.8749,0.0598
-0.0933,-10.4174,1.8171,0.1204,0.5878,-0.185
-0.0933,-10.4174,1.8171,0.2468,0.457,-0.375
-0.8714,-12.3615,1.7357,0.2205,0.4295,-0.5302
-1.0103,-13.0271,3.2417,-0.1178,-0.0236,-0.6902
-1.0797,-11.6049,1.1061,-0.1886,-0.1421,-0.744
-1.5849,-11.0327,1.6376,-0.2265,-0.4757,-0.868
-1.6136,-10.5994,2.4133,-0.3957,-0.9925,-0.9871
-1.3215,-10.5491,2.8514,-0.4067,-1.0389,-0.9926
-0.9002,-11.7175,2.7533,-0.3493,-0.8691,-0.9743
-0.711,-12.4956,2.4516,-0.3401,-0.7176,-1.0054
-0.4884,-13.3527,1.8459,-0.3914,-0.8116,-1.0115
-0.5171,-13.5945,1.7669,-0.5387,-1.0248,-1.0604
-1.3359,-11.9713,-0.0191,-0.6883,-1.3003,-1.1685
-1.4173,-11.6073,-0.1532,-0.7518,-1.563,-1.3139
-1.7094,-9.9625,-0.395,-0.8887,-1.8171,-1.4905
-1.7501,-8.6768,0.3687,-1.0115,-1.7566,-1.5314
-1.4077,-7.0871,1.8914,-1.1184,-1.5661,-1.5173
-1.1779,-6.9363,2.0757,-1.1269,-1.238,-1.4569
-0.62,-6.7567,3.0286,-1.0677,-0.9527,-1.3567
0.2442,-6.9147,2.7724,-1.006,-0.7554,-1.2669
0.2442,-6.9147,2.7724,-0.849,0.0154,-1.1636
1.6256,-8.9665,3.8929,-0.8588,0.2139,-1.2021
2.466,-11.1572,5.969,-0.8588,0.2139,-1.2021
2.6647,-13.2258,7.9777,-0.7567,0.3226,-1.3048
1.7597,-14.5043,7.3768,-0.4421,0.1754,-1.4532
1.2042,-14.938,6.4526,0.3806,-0.5783,-1.6236
1.1468,-16.0058,5.0688,0.8907,-1.0639,-1.6059
1.0606,-17.0736,3.5793,1.2645,-1.2789,-1.5149
0.5243,-17.7871,2.0518,1.5186,-0.9503,-1.4526
0.0718,-17.7559,1.8219,1.6402,-0.2814,-1.4587
-1.0366,-17.6458,1.6376,1.6475,0.1217,-1.5668
-2.3702,-16.2308,0.8547,1.6097,-0.6247,-1.8478
-3.6248,-12.2131,-1.3024,1.5235,-1.6094,-2.0103
-3.5697,-11.6528,-1.5849,1.3702,-2.1885,-2.061
-3.0238,-9.0886,-2.1356,1.1588,-2.1134,-2.0042
-2.4037,-6.7758,-2.0566,0.8662,-1.5551,-1.9199
-2.0494,-3.9073,-1.5801,0.5492,-0.9625,-1.8723
-2.1045,-3.5721,-1.4317,0.0886,-0.6375,-1.8179
-2.3846,-1.8986,-0.4932,-0.2247,-0.7261,-1.7519
-2.6503,-0.7182,0.4046,-0.4788,-0.8831,-1.6432
-2.6503,-0.7182,0.4046,-0.5008,-0.8458,-1.2809
-2.9568,0.2849,1.3024,-0.3132,-0.4763,-0.8729
-3.2154,0.2801,1.8411,-0.3132,-0.4763,-0.8729
-3.11,0.2059,1.9512,-0.1844,-0.0419,-0.5283
-3.1507,-1.7669,1.4604,-0.0451,0.4375,-0.1576
-3.1699,-3.2417,1.8171,0.0691,0.7649,0.2021
-3.4883,-4.2233,3.0047,0.0904,0.8388,0.5595
-3.8139,-4.8099,4.0414,0.1027,0.7472,0.8698
-2.6479,-5.6554,4.2401,0.3989,0.5975,1.2144
-1.8339,-6.0576,3.8738,0.6989,0.5456,1.4306
-0.7398,-6.692,2.8634,0.9438,0.578,1.6493
-0.4309,-7.3816,1.9991,1.069,0.6604,1.8472
-1.2617,-8.8803,0.9313,1.0464,0.7276,2.0048
-1.5107,-8.9737,0.5099,0.7844,0.6348,2.1893
-2.6695,-10.6185,1.9177,0.5858,0.4369,2.295
-2.7222,-12.6321,1.4628,0.4899,0.3342,2.4379
-2.1954,-15.6945,1.9177,0.7202,0.7875,2.6254
-2.1236,-15.7951,1.9225,0.9188,1.4149,2.7574
-1.4508,-16.4224,1.5801,0.9774,1.8516,2.8008
-1.0749,-16.4966,0.5626,0.7777,1.8266,2.6743
-1.2258,-15.9627,-0.3615,0.5077,1.4075,2.499
-1.2018,-15.9172,-0.3639,0.1454,0.9567,2.3506
-0.6248,-15.3258,-0.0766,-0.1868,0.8132,2.2962
0.0814,-14.5259,0.5817,-0.4354,1.0325,2.2864
0.4644,-12.9649,1.0821,-0.623,1.3214,2.2003
0.462,-11.6433,1.731,-0.8074,1.38,1.9217
0.6512,-10.1828,2.8323,-0.8704,1.2426,1.7568
0.8403,-9.0671,3.5075,-0.8484,1.2188,1.6627
0.5865,-8.4326,4.106,-0.7415,1.3012,1.5803
0.5722,-8.4661,4.422,-0.6095,1.3855,1.496
0.6823,-8.775,4.9778,-0.4709,1.5071,1.419
0.8595,-9.1246,5.1095,-0.3939,1.647,1.408
0.7637,-9.9003,4.6543,-0.3591,1.6513,1.3665
0.5147,-10.2283,4.6088,-0.3652,1.4411,1.2815
-0.213,-11.8922,3.9815,-0.3542,1.0801,1.1527
-0.7685,-12.8092,2.8371,-0.2949,0.7215,0.9755
-0.8068,-12.407,1.6232,-0.1581,0.4576,0.6713
-0.7613,-12.3615,1.6998,-0.1013,0.3709,0.51
-0.316,-12.17,1.4389,-0.1074,0.289,0.3824
-0.0742,-12.0024,2.2625,-0.1361,0.3312,0.2748
-1.1827,-11.3536,3.4596,-0.2546,0.3355,0.1404
-1.1827,-11.2937,3.4596,-0.3169,0.2701,-0.1111
-2.4085,-10.9801,1.4077,-0.1727,0.154,-0.3194
-3.0358,-10.8029,-0.1508,-0.1123,-0.1385,-0.5002
-3.0023,-10.2474,-0.4094,-0.1618,-0.3914,-0.6065
-2.9017,-9.7758,0.1963,-0.2839,-0.6149,-0.6676
-2.9017,-9.7758,0.1963,-0.4947,-0.5575,-0.7794
-2.6048,-8.672,2.138,-0.4947,-0.5575,-0.7794
-1.7908,-8.052,2.1116,-0.5154,-0.3205,-0.7648
-1.7118,-7.9418,2.4588,-0.5124,-0.1214,-0.7141
-1.482,-7.9275,3.6415,-0.5704,-0.1256,-0.675
-1.0678,-7.9969,3.9312,-0.6223,-0.2185,-0.6249
-0.7613,-9.2706,1.3096,-0.524,-0.2784,-0.5668
-0.7134,-9.51,0.8738,-0.3517,-0.384,-0.5571
-0.4118,-10.573,0.0023,-0.436,-0.5838,-0.5497
0.0718,-11.6121,1.3575,-0.7323,-0.8147,-0.5064
1.2928,-12.1197,2.1499,-1.053,-0.8794,-0.4862
1.2928,-12.1197,2.1499,-1.2021,-0.6846,-0.5766
1.1013,-12.1389,2.3343,-1.2937,-0.4909,-0.981
1.1971,-12.34,3.2441,-1.3847,-0.6491,-1.2528
2.3032,-11.6265,3.9815,-1.4006,-0.7903,-1.4361
2.3415,-11.5714,3.9911,-1.2442,-0.7444,-1.6224
2.2481,-11.2291,4.0222,-0.976,-0.5661,-1.9016
2.2481,-11.2291,4.0222,-0.4684,-0.5978,-2.6584
1.7788,-12.6967,5.3226,-0.4684,-0.5978,-2.6584
1.4437,-13.2426,5.4542,-0.298,-0.8605,-2.8582
0.9337,-13.6855,5.55,-0.0695,-0.946,-2.9669
-0.1628,-14.5618,5.0951,0.2077,-0.9045,-2.9865
-1.5945,-16.1782,4.5992,0.4814,-0.9711,-2.9309
-1.6783,-16.432,4.9132,0.6732,-1.3755,-2.6481
-1.9393,-15.7879,4.4651,0.7184,-1.6626,-2.3707
-2.3127,-14.9571,3.4332,0.8497,-1.8183,-2.1844
-2.5019,-12.4286,0.6967,1.077,-1.7536,-2.0769
-2.5067,-12.1125,0.5722,1.3983,-1.3498,-2.0292
-2.7892,-10.1517,0,1.6329,-0.7768,-2.0592
-2.6767,-8.4278,-0.2585,1.6176,-0.4286,-2.1306
-2.4277,-5.7511,-0.2082,1.383,-0.6895,-2.1007
-2.4277,-5.7511,-0.2082,1.0825,-1.0871,-2.0402
-2.8826,-4.6136,0.0119,0.777,-1.4469,-1.9358
-2.9783,-3.675,0.1268,0.551,-1.632,-1.7635
-3.2896,-2.4253,0.1915,0.4692,-1.2649,-1.4434
-3.3063,-2.3463,0.1819,0.4918,-0.8629,-1.262
-3.5553,-1.7453,-0.2753,0.4838,-0.6278,-1.08
-3.8043,-1.4341,-0.8978,0.4612,-0.5416,-0.8796
-5.0712,-1.9129,-1.0821,0.4111,-0.45,-0.6609
-4.7955,-2.8467,-1.1372,0.3275,-0.2454,-0.43
-3.5769,-4.0126,-0.4668,0.1643,0.038,0.2877
-3.7373,-4.4149,0.6943,0.0147,0.1791,0.7092
-2.703,-4.9299,2.3989,-0.0744,0.4149,0.9077
-2.0087,-5.4183,2.1116,0.0043,0.6898,1.1258
-0.8858,-6.5699,2.1188,0.1833,0.8877,1.4349
-0.0407,-7.9059,2.8179,0.267,0.87,1.7715
-1.0582,-8.2387,1.9584,0.2322,0.7802,2.0977
-1.4508,-8.2387,1.1851,0.2138,0.8791,2.0775
-2.5594,-8.9354,2.047,0.2102,1.0093,2.0268
-2.4923,-9.4909,2.1428,0.143,1.0099,2.116
-1.5346,-10.4246,2.3439,0.179,1.0147,2.3377
-1.3982,-10.6401,2.5713,0.2401,1.3513,2.6358
-1.1827,-11.2195,3.0957,0.2151,1.6097,2.6988
-1.0079,-11.6816,3.0957,0.1851,1.8009,2.6884
-1.0295,-12.6249,3.0406,0.1717,1.8266,2.6346
-1.0295,-12.6249,3.0406,0.1491,1.6659,2.5564
-1.0702,-13.0917,3.5841,0.1253,1.421,2.474
-0.802,-13.5658,3.7588,0.1698,1.245,2.4196
-0.2178,-13.4221,3.3638,0.3079,1.2426,2.4068
0.0095,-13.0654,3.0502,0.4056,1.2353,2.3371
0.0598,-12.4166,2.0733,0.435,1.1919,2.1569
-0.1173,-11.9569,-0.9002,0.4398,1.0954,1.8869
-0.644,-12.6297,-1.1468,0.3794,1.0093,1.4892
-0.6607,-13.6304,1.9608,-0.1068,0.9268,1.3078
-0.2298,-14.703,6.0384,-0.7097,1.2206,1.2938
0.2729,-15.3043,7.4103,-0.8978,1.6201,1.3432
-0.2226,-14.9643,4.1371,-0.7873,1.4698,1.2974
-0.3734,-15.0601,3.7277,-0.5154,1.0887,1.1502
-0.3447,-15.4815,2.612,-0.254,0.5902,0.8973
0.4046,-15.1558,3.1747,-0.29,0.735,0.8417
-0.2777,-12.4549,5.2388,-0.4189,0.7985,0.736
-0.2944,-11.9425,5.404,-0.5985,0.3788,0.4758
-0.0215,-9.996,5.6673,-0.7439,-0.103,0.3341
0.4165,-8.4661,5.7535,-0.6859,-0.4586,0.2816
1.1707,-5.9905,2.3319,-0.3646,-0.8147,0.1942
1.1611,-5.89,1.9847,-0.0976,-1.023,0.0824
1.0678,-5.3968,0.2873,0.102,-1.2063,-0.0604
