andar
-1.4437,-9.6369,-2.1021,3.8605,-0.8284,0.839
-0.8858,-7.6952,-2.4612,3.6302,-1.2657,0.8079
0.1173,-4.3287,-2.7533,3.3589,-1.8479,0.8629
0.1244,-4.1683,-2.7509,2.9668,-2.2621,0.894
-0.2609,-3.1268,-2.8538,2.7053,-2.2993,0.8171
-0.2394,-2.5426,-2.7724,2.4298,-2.2792,0.7022
0.0119,-1.8124,-2.533,2.1519,-2.3427,0.6509
0.3591,-1.2162,-2.6839,1.9399,-2.4368,0.6424
0.4668,-0.3734,-2.715,1.7774,-2.5278,0.6265
0.7062,-0.1101,-2.6503,1.4903,-2.5669,0.5238
0.9935,-0.8738,-2.3511,1.2441,-2.5406,0.4554
1.1228,-1.0438,-2.3008,0.9857,-2.4502,0.3998
1.0558,-1.4987,-2.272,0.7121,-2.2798,0.3681
1.0247,-2.059,-2.126,0.4237,-2.0654,0.3791
0.462,-3.4596,-1.0175,-0.0361,-1.7214,0.4738
0.316,-3.5793,-0.8355,-0.3666,-1.5046,0.5678
0.0239,-4.0246,0.3232,-0.6818,-1.3225,0.6552
0.1508,-4.1635,1.4724,-0.9732,-1.1869,0.7639
2.387,-6.4167,7.372,-1.2169,-1.0684,0.8598
2.387,-6.4167,7.372,-1.4063,-0.9475,0.9307
4.9227,-9.1724,13.1253,-1.5395,-0.8375,0.9624
6.5795,-12.4597,15.1319,-1.3342,-0.7153,0.839
1.7118,-19.9251,14.0877,-0.8498,-0.4625,0.511
1.7118,-19.9251,14.0877,-0.5132,-0.6219,0.1109
1.1755,-23.3656,16.5062,-0.4503,-1.0562,-0.1584
1.1755,-23.3656,16.5062,1.1702,-1.3867,-0.2574
2.1452,-14.9811,9.2131,1.1702,-1.3867,-0.2574
2.0877,-10.6856,6.7399,1.8391,-1.6164,-0.1089
1.9919,-4.7046,4.3239,2.0596,-1.3849,0.0504
1.786,0.2753,3.1842,1.9045,-0.9188,0.2031
3.0669,3.6679,4.6974,1.5013,-0.7599,0.3168
4.6758,0.3591,4.8841,0.6711,-0.9072,0.4939
7.6378,-9.2443,4.5274,0.1531,-1.1882,0.6069
8.4901,-19.3816,2.4301,-0.341,-1.3739,0.5605
-2.5522,-35.9621,8.5284,-0.9042,-0.9799,0.1983
-4.5705,-35.6676,8.8612,-1.4442,0.2882,-0.3435
-8.5906,-18.7041,2.2074,-1.0557,2.2491,-0.9666
-0.7182,-6.0145,-8.459,1.1977,3.078,-0.1413
6.977,6.5939,-14.2242,1.2673,1.7726,0.4127
6.977,6.5939,-14.2242,-1.5755,1.8196,0.9484
14.3918,2.9185,0.9385,-1.5755,1.8196,0.9484
16.1638,-1.0103,12.1867,-2.4497,1.871,0.8061
-5.6721,-11.7797,-15.1032,-1.7398,1.5038,-0.1205
-5.6721,-11.7797,-15.1032,-1.1229,0.5442,-0.721
-10.6904,-15.3091,-12.7374,-2.1369,1.6113,-0.735
-8.4159,-17.404,-3.9815,-3.6109,3.9534,-0.1871
-7.6378,-19.6546,2.636,-4.3605,4.8672,0.183
-7.8197,-19.1111,2.1212,-4.066,4.8343,0.1488
-6.8884,-15.0553,1.0031,-2.8309,3.8007,-0.3142
-4.3981,-11.9425,0.5841,-2.3483,2.5594,-0.4693
0.7996,-7.1015,0.8882,-2.1412,1.5924,-0.4168
2.1859,-6.0384,0.9409,-2.121,1.1575,-0.3991
3.7421,-5.708,-0.134,-2.2004,0.9602,-0.5475
3.8019,-6.4574,-1.1276,-2.2884,0.9296,-0.812
2.059,-8.0615,-2.3558,-2.5718,1.053,-1.2915
1.4676,-8.4757,-2.0853,-2.8577,1.2442,-1.5078
-1.1228,-10.9274,-0.2418,-3.0673,1.5264,-1.6385
0.5793,-12.5411,-0.1005,-2.9481,1.6376,-1.4375
-1.5993,-12.8715,-0.1244,-2.399,1.4537,-0.6856
-1.5993,-12.8715,-0.1244,-1.7179,0.6706,-0.4693
-2.2385,-11.3176,0.1604,-1.4979,0.4525,-0.5524
-1.9871,-9.9506,0.6153,-1.4857,0.499,-0.4864
-0.9481,-8.0639,1.312,-1.6165,0.7317,-0.3148
-0.9481,-8.0639,1.312,-1.7466,1.6266,-0.1107
-0.4884,-7.8891,1.1037,-1.7466,1.6266,-0.1107
-0.5722,-7.9418,0.632,-1.6763,1.852,-0.0833
-0.3591,-8.3536,-0.2609,-1.5981,1.8105,-0.1052
-0.134,-8.7199,-0.9169,-1.5041,1.7134,-0.1376
-0.2992,-9.1054,-1.7046,-1.4454,1.4006,-0.1914
-1.0893,-8.9426,-1.798,-1.4283,0.8923,-0.2665
-1.7118,-8.2866,-0.5913,-1.4521,0.4788,-0.3417
-1.4556,-8.0831,0.0383,-1.4815,0.5594,-0.3429
-0.711,-7.7311,0.6895,-1.4784,0.783,-0.3197
0.4596,-8.4805,0.4237,-1.4301,1.0212,-0.3111
1.8794,-10.7311,-0.6272,-1.3874,1.0573,-0.3178
1.8914,-10.925,-0.6991,-1.3519,0.9369,-0.3624
1.47,-10.9082,-0.0047,-1.3361,0.6382,-0.5017
1.1444,-10.1445,1.8363,-1.3837,0.5393,-0.5774
0.2609,-11.5116,0.9481,-1.3709,0.546,-0.5561
0.2609,-11.5116,0.9481,-1.0154,0.5839,-0.4211
-1.0223,-12.6632,-0.6296,-1.0154,0.5839,-0.4211
-1.0606,-12.9864,-0.5913,-0.9414,0.7109,-0.3319
-0.9145,-13.2713,1.209,-0.8846,0.9174,-0.1602
-0.9145,-13.2713,1.209,-0.7869,1.0787,-0.1938
-1.1971,-13.3264,0.2681,-0.6586,1.0383,-0.2402
-1.4389,-13.2258,0.2322,-0.5597,0.9675,-0.2903
-2.0757,-13.1133,0.383,-0.5181,0.987,-0.3355
-3.608,-13.47,-1.1803,-0.4356,0.7134,-0.3997
-3.1986,-14.1404,-1.2162,-0.2512,0.3523,-0.4119
-0.62,-14.545,1.7908,-0.132,0.2088,-0.2354
-0.1819,-13.0151,5.3226,-0.038,0.3016,-0.0148
-0.9528,-12.7566,4.9586,0.1941,0.3261,0.0498
-2.3127,-13.1947,2.8826,0.6113,0.141,0.051
-2.6886,-13.3623,1.7166,1.37,0.009,0.2312
-2.296,-13.6975,0.5027,1.8721,0.0982,0.4059
-2.2649,-13.7478,0.4261,2.3229,0.0732,0.577
-1.7812,-14.047,-0.7733,2.6662,-0.1784,0.7419
-0.3375,-13.6807,-1.9297,2.877,-0.5358,0.8562
4.0485,-14.7153,-3.7588,3.0089,-0.6989,1.1194
4.3071,-14.8207,-3.7588,3.0266,-0.4869,1.2618
6.3545,-15.7137,-3.4572,2.9772,-0.2523,1.255
7.7287,-15.9962,-2.9281,2.9454,-0.0135,1.1145
8.6098,-15.2109,-2.0997,2.9717,0.2265,0.9258
8.6098,-15.2109,-2.0997,3.0095,0.3249,0.7144
8.6026,-14.5067,-1.2617,2.9698,0.1269,0.839
6.6873,-14.0877,-1.1563,2.9142,0.1025,0.8415
2.2768,-13.6951,-3.0166,2.9051,0.323,0.6167
0.2274,-13.6304,-2.0542,2.764,0.3603,0.4377
-1.0845,-13.8603,2.3654,2.3168,-0.719,0.4621
-2.308,-13.8651,2.7653,1.9222,-2.6292,0.6656
-3.383,-12.565,0.3615,2.3828,-3.5174,0.8702
-3.6966,-11.9066,-0.3256,3.0193,-2.19,0.9185
-2.3271,-11.2745,-0.2825,3.4432,-0.7868,0.9508
-0.6224,-10.8915,-1.6927,3.5727,-0.2486,1.0419
-0.7302,-7.9083,-1.9321,3.5764,-0.4887,1.0278
-0.7086,-7.4582,-1.9847,3.3815,-1.4087,0.7755
-0.2178,-5.9474,-2.2218,3.3205,-1.8638,0.7053
0.4836,-4.6136,-2.5857,3.2783,-2.2755,0.668
0.6895,-2.8969,-2.3535,3.2313,-2.4258,0.654
0.6416,-2.8299,-2.3343,3.0016,-2.5034,0.6161
1.0055,-2.272,-1.8531,2.6846,-2.675,0.555
1.2186,-2.0207,-1.8722,2.2863,-2.5119,0.5587
1.2976,-1.5897,-2.059,2.0523,-2.3476,0.5416
1.2976,-1.5897,-2.059,1.8006,-2.2052,0.4756
1.5466,-1.9369,-1.9823,1.5483,-2.0654,0.3339
1.47,-1.7166,-1.9895,1.2936,-1.8674,0.2465
1.2162,-1.7429,-2.2457,0.9692,-1.7587,0.1286
0.8882,-1.8339,-2.1715,0.767,-1.7715,0.0461
0.5985,-1.7477,-1.7142,0.5178,-1.6579,0.0168
0.0263,-1.7094,-1.1779,0.2167,-1.4979,0.0419
-0.1173,-1.9033,-0.2202,-0.1003,-1.3549,0.1036
-0.0981,-2.0446,0.3854,-0.4473,-1.2321,0.2202
0.1651,-2.5282,2.272,-0.9561,-1.1259,0.3956
0.5434,-3.2417,5.0041,-1.2341,-1.0629,0.5397
3.5841,-7.3313,15.3546,-1.4362,-1.0098,0.6906
3.9073,-7.9514,16.2691,-1.4692,-0.9011,0.8274
4.2449,-11.344,15.3594,-1.1925,-0.7868,0.8653
2.545,-14.9164,12.4238,-0.7209,-0.7887,0.7425
-0.7637,-22.7981,15.2588,-0.5572,-1.5669,0.4377
-0.7637,-22.7981,15.2588,-0.4998,-1.887,0.205
-0.0861,-21.0001,12.1412,0.0529,-2.1222,-0.0167
0.7302,-15.3809,8.5715,0.8092,-2.3665,-0.0264
2.442,-5.5309,6.1653,1.3724,-2.2902,0.1323
2.4827,-5.1406,6.1773,1.5196,-1.7147,0.3107
4.0222,-3.5601,6.3377,1.3364,-1.4093,0.4169
5.5117,-5.8349,6.1342,1.0651,-1.3177,0.5862
5.4782,-12.1772,8.1693,0.7102,-1.3885,0.7328
5.8229,-15.8502,9.2874,0.2985,-1.4252,0.6735
3.3423,-23.8181,5.3273,0.1146,-1.1998,0.5006
1.2952,-23.5068,-2.5306,0.6455,-0.2236,0.0327
3.5625,-5.2723,-11.2554,0.8978,0.8636,-0.0283
3.9456,-0.7613,-13.0223,1.0572,1.6987,0.0089
6.3545,2.9376,-11.7941,0.8116,1.3114,0.0675
9.8787,1.4293,-5.5763,-0.0887,1.1544,0.2502
3.9121,-5.234,6.9434,-1.3898,0.7525,0.161
3.0142,-5.9331,5.4064,-1.4894,0.2711,-0.1236
-6.0552,-10.3193,-11.8994,-0.9983,-0.3018,-0.1944
-6.388,-13.3048,-13.324,-1.2811,0.8936,0.0681
-2.9592,-16.8581,0.8643,-2.5688,3.4769,0.4591
-2.9592,-16.8581,0.8643,-3.4936,4.7811,0.4939
-4.0653,-17.8062,5.222,-3.5046,4.7958,0.1005
-4.2473,-17.0233,4.1371,-2.7814,4.0224,-0.093
-2.2792,-10.9537,1.4221,-2.1974,2.7763,-0.1352
-1.9584,-10.597,1.3072,-2.1003,1.5832,-0.0576
1.0486,-8.0687,1.1013,-2.2566,0.8203,0.1158
2.703,-6.8261,1.0007,-2.4576,0.5588,0.1976
2.9592,-6.5077,-0.2082,-2.545,1.1226,-0.0381
3.1387,-6.8596,-0.8834,-2.4766,1.739,-0.3618
2.7485,-7.7479,-1.5394,-2.4485,2.2289,-0.6941
1.7836,-8.1238,-1.8076,-2.5205,2.4122,-1.0203
-0.6416,-9.8931,-0.8954,-2.6897,2.356,-1.2494
-1.4939,-10.257,-0.4477,-2.9274,2.0695,-1.2958
-2.1452,-11.2985,0.0766,-2.8614,1.7586,-1.0637
-2.4444,-11.7055,0.1268,-2.6012,1.2906,-0.6587
-2.3199,-10.7766,0.553,-2.2768,0.6462,-0.3734
-2.2505,-10.6712,0.6105,-1.986,0.2143,-0.2696
-1.1731,-9.6321,0.9289,-1.796,0.1184,-0.2158
0.1723,-8.7319,0.881,-1.7038,0.3829,-0.1138
1.3527,-7.3409,0.2777,-1.7136,0.601,-0.0295
1.3599,-7.2882,0.2466,-1.738,0.8606,-0.0301
1.5801,-7.4917,0.0407,-1.7588,1.1532,-0.0784
1.0606,-8.0543,-0.3016,-1.7747,1.3059,-0.1321
-0.4668,-9.3568,-1.0438,-1.7808,1.4696,-0.25
-0.4668,-9.3568,-1.0438,-1.7643,1.5936,-0.3148
-0.4764,-9.261,-1.8674,-1.7405,1.5997,-0.3514
-0.3351,-9.0072,-2.0183,-1.7105,1.4244,-0.3881
-0.1197,-8.7223,-1.5993,-1.7423,1.0237,-0.4382
-0.1628,-8.7989,-1.3623,-1.7667,0.5417,-0.4724
-0.4572,-9.273,-0.9481,-1.7973,0.0738,-0.495
-0.6272,-10.1636,-0.3543,-1.8272,-0.0196,-0.4968
0.055,-11.7103,1.3599,-1.8413,0.1508,-0.4767
0.7493,-11.9952,2.217,-1.8064,0.4867,-0.4369
2.2266,-11.7414,3.2513,-1.7221,0.8087,-0.3869
3.2944,-11.3559,2.9209,-1.5554,0.9211,-0.3123
2.9424,-11.5188,0.6057,-1.0771,0.849,-0.2989
2.5977,-11.4038,0.462,-0.7637,0.7757,-0.3575
0.7613,-11.6409,0.1364,-0.6104,0.8484,-0.4449
-0.8978,-12.0287,-0.1101,-0.5542,1.0958,-0.5096
-4.8314,-13.4293,-0.6967,-0.5126,1.3022,-0.5292
-5.1693,-13.482,-0.7302,-0.4558,1.2723,-0.5726
-5.6362,-13.4916,-0.6081,-0.4729,1.1385,-0.5335
-4.8291,-13.2689,0.5051,-0.5517,0.9968,-0.3881
-4.3574,-13.2617,0.4596,-0.6311,0.9565,-0.2018
-4.3574,-13.2617,0.4596,-0.6085,0.8673,-0.0619
-4.1754,-13.2138,-0.0646,-0.3691,0.1605,0.0248
-2.0398,-13.6999,1.798,-0.2078,-0.3036,0.1078
-0.8882,-14.648,4.1323,-0.0545,-0.3788,0.2551
-1.6855,-14.2098,3.6224,0.2466,-0.2548,0.2801
-2.9855,-14.2529,2.5282,0.7188,-0.3372,0.2764
-1.9847,-13.3551,2.5881,1.158,-0.4893,0.3424
-0.3974,-12.6536,3.5098,1.7915,-0.5706,0.5971
0.2944,-12.498,3.2178,2.2105,-0.5694,0.6992
1.2186,-12.3376,1.4939,2.6723,-0.5535,0.8122
1.5514,-12.2753,-1.233,3.1024,-0.5303,0.88
2.9065,-13.8052,-3.6343,3.4164,-0.4044,0.9557
3.1651,-14.0997,-3.6798,3.5318,-0.1088,1.0767
4.6519,-15.6323,-4.1922,3.4396,0.5319,1.1915
6.5244,-16.5876,-4.0629,3.315,0.8392,1.2056
7.8341,-15.8933,-2.7006,3.1244,0.8789,1.1756
7.7335,-15.6227,-2.6671,2.9448,0.7231,1.0651
6.9674,-14.6025,-2.205,2.833,0.5576,0.8934
6.0719,-13.9752,-1.8842,2.7206,0.6028,0.7871
1.1731,-13.9728,-0.1556,2.5294,0.8282,0.8042
1.0103,-14.071,-0.0071,2.3773,0.5228,0.8274
0.4165,-14.3415,3.5769,2.2001,-0.8607,1.0034
-0.4046,-14.205,3.5529,2.0578,-2.6799,1.1543
-2.3199,-12.3232,1.4963,2.3205,-3.6218,1.1335
-2.782,-11.5595,0.7565,3.1494,-2.562,0.9527
-1.8028,-11.2003,-0.4477,3.5556,-1.1698,0.8812
-0.7517,-10.5706,-0.8403,3.7218,-0.482,0.8378
-0.2418,-8.538,-1.4796,3.6662,-0.4912,0.7291
-0.2394,-7.9538,-1.3886,3.5007,-0.9004,0.58
-0.5267,-6.2731,-1.8938,3.2765,-1.4307,0.4664
-0.0909,-5.0951,-2.1284,2.9649,-2.0922,0.4768
0.4429,-3.1459,-2.5067,2.7377,-2.2486,0.6436
0.4788,-2.964,-2.4851,2.5447,-2.4398,0.7102
0.4884,-2.3487,-2.2864,2.315,-2.4508,0.6546
0.8116,-2.0231,-2.0781,2.0645,-2.3738,0.5422
1.6496,-0.7948,-2.4061,1.7206,-2.2065,0.4157
1.6831,-0.7948,-2.4061,1.5178,-2.146,0.3223
1.8028,-0.3303,-2.5498,1.3003,-2.1161,0.2031
1.6807,-0.4213,-2.5713,1.0364,-2.0629,0.0883
1.3383,-1.1156,-2.035,0.7524,-2.0312,-0.0326
1.3383,-1.1156,-2.035,0.4751,-1.9908,-0.1138
0.9457,-1.7836,-1.2138,0.0169,-1.7838,-0.195
0.6919,-2.2074,-0.7422,-0.3202,-1.5993,-0.1987
0.8331,-3.1124,0.5937,-0.6757,-1.4185,-0.1278
1.3886,-3.5218,1.7573,-1.0374,-1.3036,0.0309
1.6687,-4.367,4.0916,-1.3379,-1.2914,0.2294
2.6336,-5.7607,8.0974,-1.515,-1.3531,0.3992
6.5101,-10.3887,16.8988,-1.5315,-1.4178,0.6882
7.7934,-12.9816,16.3146,-1.2676,-1.2346,0.7401
5.4423,-17.1454,11.4804,-0.7796,-0.8968,0.5269
1.6927,-20.55,13.4293,-0.5645,-0.8962,0.0742
-0.8188,-20.2818,13.8555,-0.6378,-0.8699,-0.2885
-0.4764,-18.965,12.6728,0.2454,-0.7905,-0.5292
1.0007,-13.0127,8.186,1.2001,-1.3702,-0.3417
1.5011,-8.2531,6.5675,1.6913,-1.6573,-0.0759
0.8068,1.142,4.7692,1.7176,-1.4246,0.114
0.8236,1.537,4.6615,1.5019,-1.1259,0.252
2.9951,2.5761,5.653,0.9418,-0.8168,0.4243
4.4867,-2.1811,6.0025,0.5404,-0.8668,0.5568
7.858,-17.9642,3.6439,0.2393,-1.3726,0.6204
7.858,-17.9642,3.6439,0.0218,-1.7752,0.5532
9.6489,-30.2779,-1.1707,0.0126,-1.5223,0.3607
8.1357,-35.1624,1.154,-0.0459,0.119,0.0871
-0.0646,-16.5205,0.6727,0.1733,3.1293,-0.7644
-1.6041,-3.7612,-9.1509,0.9729,2.6296,-0.8829
2.4923,5.562,-14.2027,1.2362,1.0493,-0.4632
8.5092,7.1206,-8.1429,0.279,0.8917,0.1304
7.9011,2.3247,13.9201,-1.0447,0.8838,0.4536
5.7703,-2.1978,9.0024,-1.8681,0.7115,0.2917
-3.5936,-9.103,-13.3479,-1.1314,-0.0159,0.04
-5.1478,-12.7302,-14.4205,-1.3251,1.2485,0.2685
-4.695,-16.4583,-0.9816,-2.8345,3.9693,0.4762
-4.774,-16.7169,-0.2729,-3.6867,5.4164,0.1891
-6.2946,-19.0584,4.0222,-3.6653,5.5881,-0.1205
-7.1709,-19.6665,3.6727,-3.1919,4.8624,-0.2421
-4.6662,-12.7901,0.7422,-2.3385,2.5832,-0.2317
-4.6662,-12.7901,0.7422,-2.0868,1.2485,-0.1236
-0.3543,-9.2083,0.6823,-2.1259,0.4299,0.1164
2.3104,-7.2068,1.3383,-2.3525,-0.0049,0.2887
4.2497,-5.799,-1.1372,-2.5315,0.0781,0.2172
4.2137,-5.7799,-1.1803,-2.5101,0.8264,-0.2555
3.7062,-5.9786,-0.9097,-2.5407,1.2857,-0.6581
3.2058,-6.6873,-0.5793,-2.6116,1.4727,-0.9898
1.3215,-9.2012,0.1125,-2.6836,1.4366,-1.151
0.7661,-10.5443,0.565,-2.7521,1.279,-1.1639
0.9193,-11.3536,1.1037,-2.7502,1.0872,-0.8493
-1.1563,-10.9801,1.1348,-2.5138,0.8313,-0.1443
-2.035,-10.585,1.3527,-2.3458,0.7995,-0.2396
-1.7956,-10.2762,1.5705,-2.2047,0.8734,-0.2512
-1.1516,-8.9234,1.4293,-2.085,0.94,-0.195
-0.5386,-8.0328,0.9481,-1.9482,1.0353,-0.184
0.1388,-7.3169,-0.0718,-1.7924,1.1715,-0.217
0.1316,-7.3504,-0.1436,-1.7563,1.2613,-0.2457
-0.1915,-7.9203,-0.8044,-1.7356,1.4476,-0.2806
-0.3734,-8.5236,-1.3551,-1.7185,1.6272,-0.3026
0.1101,-8.921,-1.616,-1.7276,1.6926,-0.3136
0.2106,-8.8995,-1.6376,-1.749,1.637,-0.3105
0.9313,-8.7008,-1.5658,-1.7221,1.2931,-0.3447
1.1587,-8.4973,-1.6256,-1.7117,0.8594,-0.3948
0.0861,-9.0743,-1.3623,-1.7221,0.4299,-0.4712
-0.0071,-9.1724,-1.3048,-1.7802,0.1202,-0.5335
-0.4309,-10.0559,-0.7924,-1.8828,0.0524,-0.5671
-0.8403,-10.9489,0.0215,-2.0086,0.1813,-0.5738
-0.8116,-11.6289,1.5418,-2.1088,0.623,-0.5774
-0.1556,-11.6073,2.7006,-2.03,0.8985,-0.5329
1.2234,-11.6361,3.7325,-1.8211,1.042,-0.4626
2.3511,-12.1987,4.0078,-1.512,0.9931,-0.3881
0.8834,-12.5171,2.6336,-1.1516,0.7922,-0.33
0.0023,-12.4142,1.2162,-0.6824,0.6095,-0.3624
-1.2952,-13.0271,-0.8331,-0.5047,0.86,-0.3869
-2.3582,-13.4916,-1.4628,-0.4558,1.2497,-0.3734
-2.114,-13.2545,-0.5578,-0.4088,1.5142,-0.3887
-1.968,-13.142,-0.3447,-0.3514,1.3908,-0.4058
-0.2609,-12.7542,0.9816,-0.377,1.0652,-0.3911
0.553,-12.3112,1.8052,-0.5273,0.8722,-0.3233
-3.8929,-13.245,0.6296,-0.4925,0.86,-0.3209
-4.2018,-13.3455,0.3663,-0.319,0.5949,-0.4058
-6.2994,-14.1907,-1.4173,-0.0276,-0.0116,-0.4345
-6.7399,-15.0912,-0.5339,0.2631,-0.5107,-0.3087
-3.0358,-14.9859,1.8459,0.5313,-0.4716,-0.0332
-3.0358,-14.8614,1.8459,0.7994,-0.3195,0.2141
-0.7062,-13.5897,2.1571,1.1977,-0.3739,0.4279
0.984,-12.3328,1.4149,1.6687,-0.54,0.5807
2.77,-11.6528,0.577,2.1445,-0.73,0.6906
3.6415,-11.7007,0.0335,2.5722,-0.7844,0.8152
3.8905,-12.3878,-1.1923,3.0859,-0.6909,0.938
3.596,-13.3383,-2.3535,3.3186,-0.5718,0.9166
3.8857,-14.9571,-3.9169,3.4579,-0.2853,0.8647
4.4508,-15.4599,-4.4125,3.4732,0.1599,0.839
5.6554,-16.1016,-3.6008,3.3626,0.5753,0.8445
6.3138,-15.8597,-3.2968,3.1543,0.8044,0.8421
5.1669,-13.561,-3.6846,2.8794,0.5613,0.723
4.9754,-13.3312,-3.4979,2.6687,0.3902,0.6094
3.711,-12.8691,-1.7597,2.3932,0.5087,0.5354
1.616,-13.1612,-1.6352,2.1525,0.6908,0.4927
-0.383,-14.5977,4.4963,2.0059,0.3804,0.5452
-0.4572,-14.545,4.8434,1.7292,-1.7612,0.8109
-1.5131,-14.5642,3.5194,1.9307,-3.0415,0.9227
-2.3774,-14.1643,1.1516,2.5172,-3.0214,0.9362
-2.2601,-12.4429,-0.8523,3.0621,-2.2199,0.9569
-2.1308,-12.3855,-0.9002,3.3706,-1.3592,1.0009
-1.2928,-11.3583,-1.3958,3.4103,-1.1558,1.0681
-0.9121,-9.9362,-1.561,3.2942,-1.3317,1.037
-0.6991,-7.4366,-1.5394,3.1684,-1.5718,0.9716
-0.5291,-6.1749,-1.5011,3.106,-1.8357,0.9154
-0.3351,-5.052,-2.3415,3.0627,-2.0605,0.8769
-0.3088,-4.3718,-2.4827,2.9613,-2.1875,0.8238
-0.4237,-3.7349,-1.7597,2.6021,-2.518,0.7505
-0.3806,-3.8019,-1.6328,2.3632,-2.6823,0.7358
-0.0263,-3.5841,-1.6208,2.2026,-2.8381,0.7267
-0.0263,-3.1483,-1.7549,2.0706,-2.9322,0.7065
0.2537,-2.861,-1.5921,1.8861,-2.9206,0.646
0.2777,-2.8921,-1.64,1.6381,-2.8913,0.5727
0.6847,-2.9352,-1.8267,1.3358,-2.7245,0.5183
0.8307,-2.7533,-2.0973,1.1665,-2.5534,0.5446
1.0271,-2.5498,-2.2002,0.9711,-2.3726,0.5892
1.0414,-2.5594,-2.1763,0.7267,-2.1142,0.6698
1.1252,-2.7246,-1.7956,0.2906,-1.6958,0.8507
1.1899,-2.7988,-1.0989,0.1342,-1.5797,0.9246
1.3599,-2.4444,1.7573,-0.3465,-1.3329,1.1243
1.4125,-2.466,1.968,-0.6629,-1.2358,1.2123
1.8626,-3.6248,4.3622,-0.9494,-1.1576,1.2581
2.5163,-5.9881,8.0663,-1.1754,-1.1179,1.2502
2.9807,-9.7997,11.9593,-1.2768,-1.0593,1.1433
1.877,-12.1987,12.3759,-1.0337,-1.0861,0.825
0.5793,-15.2325,12.4597,-0.7069,-1.2303,0.5354
0.6536,-17.7057,13.4054,-0.4106,-1.5229,0.3693
1.063,-17.3992,11.9042,-0.082,-1.8503,0.2874
1.367,-15.6754,11.1764,0.406,-2.1863,0.1928
1.5825,-11.5882,10.1014,0.8807,-2.46,0.2154
2.2481,-9.4358,10.3576,1.2282,-2.4869,0.3137
2.9065,-7.8437,10.2355,1.3174,-2.0446,0.3522
3.134,-8.1094,9.8787,1.4078,-1.3623,0.3742
3.6679,-11.4852,7.1278,1.4268,-0.7257,0.4505
3.7421,-15.3929,5.1143,1.246,-0.3446,0.5208
1.6304,-18.9435,11.004,0.5502,-0.446,0.329
1.6304,-18.9435,11.004,0.1134,-0.7166,-0.0136
-1.4101,-15.3426,6.0672,0.3791,-0.8259,-0.3056
0.7637,-7.0248,-8.3345,1.4732,-0.7349,-0.294
7.0129,5.3297,-17.1981,1.9265,-0.1808,-0.0979
7.0129,5.3297,-17.1981,1.1788,0.8606,0.0541
13.1157,1.8531,-3.9097,-0.848,1.9669,0.4029
11.6935,-1.9584,5.7415,-1.7741,2.0774,0.3223
3.4715,-9.9098,2.7748,-1.7246,1.3988,-0.1425
-3.8929,-12.7326,-4.8626,-1.2127,0.5472,-0.341
-9.8093,-15.4431,-12.6249,-1.2896,0.4788,-0.2128
-6.3592,-16.4463,-6.3401,-2.2328,2.2509,0.2783
-4.8698,-16.4296,4.209,-3.6873,4.7958,0.7077
-5.1813,-16.0968,4.8123,-3.603,4.6479,0.4878
-4.5298,-13.7669,3.3566,-2.9597,3.9442,0.2697
-2.1164,-10.937,2.1547,-2.3837,3.0102,0.1427
2.7174,-6.5891,1.2928,-2.1418,1.9076,0.0822
3.2202,-6.388,1.3718,-2.1943,0.7189,-0.0875
4.5753,-5.9905,1.1013,-2.3104,0.5802,-0.3343
4.4747,-6.1869,0.5386,-2.3709,0.9101,-0.7112
1.1779,-8.6242,-0.7038,-2.457,1.3126,-1.1547
1.1779,-8.6242,-0.7038,-2.5993,1.5466,-1.553
-1.6567,-9.4166,-0.9361,-2.8871,1.7262,-1.867
-1.2545,-10.6473,-0.7469,-3.0673,1.6791,-1.6055
-3.8905,-10.9872,-0.5458,-3.1638,1.3597,-0.9214
-3.8905,-10.9872,-0.5458,-3.0605,0.8129,-0.5634
-4.3119,-11.6552,-0.6009,-2.7325,0.3792,-0.4418
-4.1036,-12.5195,-0.0407,-2.3348,0.1288,-0.4021
-2.8179,-11.5714,0.4955,-1.9139,-0.2389,-0.4443
-1.8794,-10.7215,0.2489,-1.7172,-0.3006,-0.4504
-0.1029,-9.5435,-0.0454,-1.6439,-0.27,-0.36
1.5346,-8.2986,-0.2944,-1.7252,-0.2285,-0.1944
3.2944,-7.5611,-0.2274,-1.84,-0.0837,-0.0625
3.6607,-7.6042,-0.2154,-1.9219,0.1404,-0.0271
3.3207,-8.2076,-0.1891,-1.9335,0.4489,-0.1468
2.5833,-8.5499,-0.2537,-1.9029,0.5802,-0.2641
1.3024,-9.1413,-0.8523,-1.8541,0.6694,-0.3362
1.1252,-9.1509,-0.9528,-1.8015,0.7738,-0.3636
0.1987,-8.9378,-1.4987,-1.7582,0.8893,-0.4027
-0.2106,-8.8157,-1.8602,-1.724,0.9101,-0.4736
-0.8307,-8.2435,-2.2337,-1.6647,0.8453,-0.52
-0.8307,-8.2435,-2.2337,-1.6739,0.8978,-0.5396
-0.5554,-8.8181,-1.5346,-1.7918,0.7268,-0.5408
-0.2753,-10.1253,-0.6703,-1.8901,0.5374,-0.4944
0.2968,-12.2753,1.7022,-1.9225,0.5344,-0.4595
0.2609,-12.2634,1.8339,-1.8687,0.7066,-0.4247
0.3687,-11.6887,2.5354,-1.7313,0.7402,-0.3905
0.2418,-11.2985,2.6336,-1.4735,0.6608,-0.3019
1.1611,-11.8563,1.4939,-1.1485,0.6559,-0.2073
1.4796,-12.1341,1.0223,-0.8859,0.7806,-0.0833
1.1396,-12.2346,0.8619,-0.7845,1.0518,0.0009
0.7038,-12.7613,0.8403,-0.7002,1.4421,-0.0643
0.7038,-12.7613,0.8403,-0.4546,1.2424,-0.2745
-1.7812,-13.0415,-0.1675,-0.4546,1.2424,-0.2745
-2.5617,-12.8882,0.2442,-0.4161,1.111,-0.3679
-2.8443,-12.8739,1.0845,-0.4601,1.0328,-0.3404
-5.0712,-12.1101,0.3734,-0.4662,0.7964,-0.2757
-5.1502,-12.1676,0.1795,-0.3196,0.3316,-0.2946
-3.8857,-13.4102,1.6903,-0.1211,-0.1827,-0.2195
-2.5306,-13.7334,4.1515,-0.0233,-0.2676,-0.0075
-2.5306,-13.7334,4.1515,0.4628,-0.0446,0.2264
-3.9743,-14.7824,2.5043,0.4628,-0.0446,0.2264
-4.501,-14.3104,0.2035,1.3064,-0.311,0.3986
-3.608,-14.1308,-0.711,1.8428,-0.3336,0.5935
1.0295,-13.8244,-0.984,2.2319,-0.2792,0.8268
1.0295,-13.8244,-0.984,2.4909,-0.2829,1.07
3.3111,-13.7334,-1.8914,2.7096,-0.424,1.2379
5.1909,-14.0303,-2.6312,2.9118,-0.595,1.3137
7.4031,-14.6911,-2.4516,3.136,-0.4716,1.2471
8.2411,-15.4144,-1.8746,3.1928,-0.3146,1.0895
8.9378,-15.9579,-2.0518,3.2508,-0.1827,0.869
9.8811,-15.8238,-2.466,3.3479,0.0255,0.6601
9.2754,-14.9116,-2.4851,3.3614,0.2002,0.6821
7.4199,-14.2218,-2.4636,3.1513,0.4165,0.7829
5.325,-13.2186,-2.636,2.9014,0.5832,0.5293
3.213,-12.8523,-2.5115,2.6503,0.8508,0.3467
-1.1803,-13.6257,0.2944,2.3968,0.9602,0.2832
-1.2521,-13.7382,0.8188,2.1,0.593,0.3662
-1.039,-13.8579,3.6894,1.7188,-0.7526,0.5825
-2.9831,-14.1045,2.1715,1.9814,-2.3952,0.8342
-2.5522,-12.6297,-1.5035,2.6497,-2.2865,0.8116
-2.5522,-12.6297,-1.5035,3.2893,-1.6292,0.8305
-0.6823,-11.2147,-1.7788,3.6943,-1.0409,0.8519
0.3567,-9.8835,-1.7118,3.811,-0.8607,0.781
0.2657,-6.2826,-2.3271,3.7835,-1.3684,0.5257
0.2609,-6.0265,-2.5594,3.7621,-1.7947,0.395
0.9337,-4.6351,-2.4564,3.7468,-1.9957,0.4066
0.8116,-3.3877,-2.4277,3.4671,-2.3659,0.5049
0.5195,-2.6408,-1.8866,3.015,-2.7306,0.4951
0.4668,-2.2936,-1.6232,2.5282,-2.6878,0.4573
0.4668,-2.2936,-1.6232,1.811,-1.9511,0.3925
0.6536,-1.7525,-1.6567,1.811,-1.9511,0.3925
0.3519,-1.3287,-1.8602,1.5599,-1.9126,0.3052
0.3519,-1.2832,-1.877,1.2948,-1.8455,0.1824
0.7086,-1.3646,-2.0877,1.0615,-1.752,0.103
0.7086,-1.3646,-2.0877,0.5899,-1.6854,0.1378
0.3615,-1.2258,-1.8986,0.5899,-1.6854,0.1378
0.2633,-1.2641,-1.8579,0.359,-1.6762,0.1634
0.1316,-1.549,-1.3838,0.0792,-1.6158,0.2386
0.1939,-1.8219,-0.5363,-0.2671,-1.5809,0.365
0.2082,-2.5641,4.762,-0.6495,-1.5583,0.4909
0.2082,-2.5641,4.762,-1.1907,-1.4808,0.654
1.1252,-4.5753,10.111,-1.4332,-1.3665,0.7688
2.3798,-7.1206,14.3846,-1.4674,-1.066,0.8757
5.2148,-13.8387,13.0199,-1.2151,-0.6127,0.8794
5.2148,-13.8387,13.0199,-0.8028,-0.2163,0.7664
3.766,-18.4838,12.6081,-0.5316,-0.3586,0.5733
1.7932,-20.9738,10.992,-0.2377,-1.1833,0.296
1.5562,-19.5396,9.1988,0.2429,-1.6048,0.1757
1.968,-16.4703,8.3847,0.7799,-1.9163,0.1976
2.5546,-10.7981,7.0248,1.2148,-2.0666,0.23
2.0661,-6.8836,6.3401,1.4213,-1.931,0.1921
1.4891,-0.984,5.1286,1.373,-1.3024,0.0822
1.4389,0.2346,5.3633,1.1849,-0.9799,0.0785
3.3638,0.3519,6.0121,0.8648,-0.829,0.1793
6.3616,-4.9323,6.6011,0.4732,-0.8229,0.4041
7.9203,-15.6802,3.45,0.0481,-1.0159,0.5745
8.3297,-17.1909,3.2225,-0.3153,-1.0843,0.5232
7.6928,-27.2971,3.4811,-0.7136,-0.2578,0.2343
3.1364,-33.4814,0.7541,-0.611,1.028,-0.1376
-3.5673,-6.1677,-4.985,-0.0618,2.7439,-0.5164
-3.5673,-6.1677,-4.985,0.5978,3.0432,-0.4895
-3.5673,-6.1677,-4.985,0.5502,0.8691,0.2117
1.8531,4.9036,-12.8164,0.5502,0.8691,0.2117
10.2762,-0.5554,12.8284,-1.2903,1.1123,0.8073
10.2762,-0.5554,12.8284,-2.1332,1.1104,0.8336
4.4125,-6.3497,-1.7764,-1.9188,0.9589,0.5471
-2.6886,-10.1397,-12.158,-1.1333,0.5906,0.2233
-5.0353,-13.9297,-9.2155,-1.6659,1.8325,0.1359
-5.2364,-15.6299,-2.5833,-3.3916,4.3706,0.285
-5.0592,-17.8637,3.0957,-3.6604,4.833,0.1842
-4.592,-19.475,2.5115,-3.1662,4.4268,0.0474
-5.1454,-15.3665,1.2282,-2.5285,3.4164,-0.1352
-4.0414,-13.4197,0.96,-2.2475,2.2503,-0.3722
0.2992,-9.3544,0.7398,-2.2145,1.2521,-0.3594
2.5043,-7.1924,0.8714,-2.3605,0.4898,-0.2378
3.6918,-6.5053,-0.1053,-2.4478,0.6651,-0.3875
3.6798,-6.5316,-0.1987,-2.501,0.8899,-0.6642
3.3303,-6.886,-1.0079,-2.5663,1.0182,-0.9427
1.4556,-7.1589,-1.1755,-2.7221,1.0823,-1.1675
0.6057,-9.7638,0.1699,-3.0001,1.1911,-1.2531
0.6057,-9.7638,0.1699,-3.0563,0.9809,-0.7399
-0.9504,-9.8668,0.8116,-2.8974,0.5002,-0.404
-1.9704,-11.4972,0.5267,-2.4985,0.3132,-0.4608
-2.3822,-12.4046,1.3,-2.1094,0.4116,-0.5713
-2.3822,-12.4046,1.3,-1.9097,0.3297,-0.6129
-1.968,-10.6066,1.2114,-1.8217,0.4256,-0.5164
-1.3623,-9.1581,1.0247,-1.8101,0.6651,-0.3917
0.0167,-7.5971,0.2681,-1.771,0.9711,-0.283
0.5889,-7.3241,-0.0909,-1.6971,1.2454,-0.2024
0.9672,-7.5252,-0.3351,-1.6348,1.4104,-0.1639
1.0893,-7.9011,-0.7805,-1.5682,1.4128,-0.1547
0.9169,-8.3943,-0.7972,-1.479,1.3261,-0.206
0.8475,-8.4015,-0.7996,-1.4607,1.2601,-0.2793
0.723,-8.3704,-0.8092,-1.4497,1.1,-0.3508
0.4764,-8.4422,-1.0055,-1.468,0.8606,-0.4314
-0.5195,-8.7391,-1.3623,-1.512,0.6358,-0.5121
-0.6368,-8.8301,-1.3718,-1.6281,0.5374,-0.5768
-0.6512,-9.34,-0.8834,-1.7246,0.6309,-0.5793
-0.3998,-9.8763,-0.474,-1.8223,0.8026,-0.5616
0.6416,-10.1924,0.2202,-1.8767,0.9828,-0.5451
0.6416,-10.1924,0.2202,-1.8522,1.1171,-0.528
1.2904,-10.2905,1.7764,-1.7515,1.1208,-0.506
1.7549,-10.8747,3.0262,-1.4711,0.7384,-0.4363
0.1412,-12.8906,3.1986,-1.2457,0.4513,-0.3807
0.1412,-12.8906,3.1986,-0.8877,0.7115,-0.3245
-1.5275,-13.7142,0.6584,-0.8877,0.7115,-0.3245
-3.347,-14.162,-0.7829,-0.7386,1.02,-0.2885
-4.3742,-14.1907,-0.9816,-0.4925,1.4488,-0.3514
-4.2281,-14.1452,0.0742,-0.4344,1.367,-0.2934
-4.1036,-14.5857,1.2018,-0.4515,1.0225,-0.1895
-4.3263,-14.703,0.2705,-0.3813,0.6077,-0.1083
-3.2848,-13.6137,-0.8092,-0.2273,0.1679,-0.0393
-2.6695,-13.7478,-0.1699,-0.0862,-0.3226,0.029
-1.9129,-15.2899,1.6543,0.0743,-0.7294,0.2209
-2.1404,-15.6898,1.6663,0.3394,-0.7196,0.3198
0.6392,-14.0015,1.3886,0.7725,-0.8106,0.3833
1.2856,-13.5873,1.3431,1.1892,-0.7929,0.519
3.5027,-12.4118,1.5466,1.5709,-0.5284,0.6869
4.3095,-12.2418,1.1971,1.9607,-0.1472,0.8384
3.2537,-13.2905,-2.0853,2.5929,0.2118,0.9331
3.2537,-13.2905,-2.0853,3.0046,0.2063,0.8977
3.6224,-13.5897,-3.1028,3.3076,0.0927,0.8116
4.4603,-13.8316,-2.3606,3.4567,-0.0813,0.7798
6.4287,-15.1056,-2.4325,3.4787,-0.1827,0.7725
6.4694,-15.175,-2.6048,3.4897,-0.1295,0.7157
6.4239,-15.6371,-3.5075,3.4396,0.0475,0.6332
5.3154,-15.4551,-3.5936,3.2362,0.3804,0.5293
4.8434,-14.3152,-3.9025,2.9772,0.816,0.4621
4.7836,-14.1165,-3.6224,2.7267,1.2888,0.508
2.8227,-14.0614,-3.3901,2.4347,1.6743,0.58
0.5434,-13.889,-1.7357,1.9747,1.3175,0.6552
-1.2832,-13.81,3.0214,1.5642,-0.1081,0.7682
-1.6256,-13.7861,2.4325,1.3932,-1.7636,0.9337
-3.019,-13.6544,1.0223,1.7585,-2.4801,1.0638
-3.0765,-12.6009,0.1963,2.3553,-2.5211,1.1518
-0.9433,-9.759,-1.8459,3.1616,-1.7239,1.1842
-0.8595,-9.5771,-1.7214,3.4561,-1.2676,1.1231
-0.0311,-8.7487,-1.2162,3.5111,-0.9371,0.9765
0.1843,-7.5013,-1.1372,3.4817,-0.9585,0.8305
0.8331,-4.5872,-2.0853,3.442,-1.4233,0.7499
0.8068,-4.288,-2.2002,3.3589,-1.9884,0.7541
0.553,-3.4213,-2.3606,2.8819,-2.617,0.7829
0.2106,-3.2034,-2.1811,2.5043,-2.7306,0.7419
0.2226,-2.5043,-2.0111,2.1946,-2.6261,0.701
0.2226,-2.5043,-2.0111,1.9876,-2.4594,0.6668
0.4094,-1.9033,-2.0063,1.8208,-2.2975,0.6075
0.5578,-1.5275,-2.0231,1.6583,-2.1851,0.5214
0.8116,-0.9313,-2.0087,1.3999,-2.1313,0.4194
0.9528,-0.7733,-1.8698,1.1879,-2.1197,0.3705
0.8116,-0.8547,-1.6448,0.9576,-2.11,0.3113
0.5219,-1.2066,-1.4341,0.731,-2.0544,0.263
-0.067,-1.9177,-0.8427,0.4793,-1.9603,0.2599
-0.3591,-2.217,-0.486,0.0157,-1.7673,0.3357
-0.2849,-2.6072,0.2059,-0.333,-1.6744,0.4377
-0.0526,-2.8514,1.6232,-0.6659,-1.6023,0.5587
1.1516,-4.853,7.3385,-0.9439,-1.4887,0.6356
1.3383,-5.0999,7.8508,-1.1455,-1.3458,0.7114
3.1555,-7.9658,13.1133,-1.2286,-1.2425,0.7975
4.4005,-10.743,14.0303,-0.9787,-1.1381,0.8378
1.2593,-17.416,11.4757,-0.6042,-1.1943,0.7102
1.2593,-17.416,11.4757,-0.3452,-1.4484,0.5153
0.0526,-19.554,11.9162,-0.2078,-1.6597,0.3522
0.6584,-19.0033,10.6066,0.1116,-1.6964,0.2264
2.8467,-11.5307,7.6138,0.8599,-1.7141,0.1805
2.8467,-11.5307,7.6138,1.2319,-1.6891,0.2306
2.885,-7.937,6.3329,1.3956,-1.5064,0.2227
2.2649,-4.9347,5.7966,1.3694,-1.1002,0.2373
2.0207,-1.5753,5.8062,1.2001,-0.6518,0.219
1.8531,-0.2513,6.2874,0.9265,-0.3458,0.3058
3.6631,-3.0286,7.1493,0.3865,-0.515,0.5813
6.9051,-9.6585,7.1278,0.067,-0.8638,0.7236
8.6361,-21.5986,3.1507,-0.143,-1.1943,0.6882
5.9331,-26.2533,3.4811,-0.3336,-1.1888,0.4084
-4.0078,-29.5764,3.7373,-0.5658,-0.3763,-0.0845
-2.1715,-19.5684,2.7796,-0.3324,1.2387,-0.4498
4.4939,-1.0582,-11.7342,0.8587,2.8331,-0.0045
4.2928,0.8044,-13.5012,1.0548,2.166,0.1195
6.9195,4.6136,-12.3064,0.3413,1.6028,0.2795
13.3096,2.1667,-3.3997,-0.8498,1.8966,0.478
11.4014,-5.2627,5.4878,-1.6678,2.0182,0.4756
8.9905,-6.3377,2.7222,-1.3819,1.3212,-0.1767
-4.2736,-9.7614,-10.6066,-0.9732,0.3285,-0.6159
-7.4055,-13.1636,-9.9314,-1.5792,1.1098,-0.6385
-5.5811,-17.641,1.1204,-2.8425,3.3053,-0.1651
-5.5811,-17.641,1.1204,-3.5566,4.516,0.0461
-6.2539,-17.744,2.7772,-3.3446,4.5948,-0.1315
-6.6633,-16.4942,2.1643,-2.7875,3.9577,-0.3252
-6.6633,-16.4942,2.1643,-2.2334,2.1538,-0.3985
-2.4516,-9.9984,1.1707,-2.2334,2.1538,-0.3985
0.7661,-7.1733,0.9457,-2.1974,1.3945,-0.2567
1.9249,-6.3329,0.5051,-2.2682,1.0567,-0.2745
2.1547,-6.9291,0.0957,-2.4161,1.0481,-0.63
1.7453,-7.4606,-0.2322,-2.5156,1.0353,-0.9763
1.0582,-8.0232,-0.6009,-2.5682,1.1526,-1.2922
-0.4333,-8.3871,-0.8283,-2.6335,1.2412,-1.4418
-0.8307,-10.1181,-0.213,-2.6775,1.334,-1.4021
-0.9193,-10.1158,-0.2633,-2.6568,1.3187,-1.0301
-1.8004,-10.2283,-0.2059,-2.3684,0.8734,-0.4266
-2.6024,-10.8173,0.0071,-2.1546,0.6242,-0.4223
-1.4341,-10.8005,0.96,-1.9952,0.4531,-0.4314
-1.4341,-10.8005,0.96,-1.906,0.3224,-0.3673
-0.0981,-9.7662,1.118,-1.8608,0.3041,-0.272
0.6224,-8.9953,0.9768,-1.84,0.4287,-0.1682
1.5945,-7.6856,0.3064,-1.7887,0.695,-0.1193
1.6065,-7.6617,0.316,-1.7606,0.8771,-0.1425
0.9888,-7.6689,0.3375,-1.7637,1.064,-0.1999
0.1173,-7.7503,0.1053,-1.7649,1.2369,-0.269
-0.8523,-8.0783,-1.1731,-1.7551,1.389,-0.3343
-0.96,-8.3488,-1.9153,-1.7368,1.6388,-0.3966
-0.6081,-8.7008,-2.6001,-1.7753,1.7225,-0.4272
-0.0981,-9.0719,-2.9472,-1.8584,1.5619,-0.4754
0.0909,-9.3592,-2.8778,-1.9524,1.1165,-0.5445
0.0215,-9.5316,-2.6695,-2.0276,0.5625,-0.6178
-0.5147,-9.9649,-0.6344,-2.1174,0.1642,-0.6898
-1.0438,-10.2307,1.3215,-2.2414,-0.0593,-0.7088
-1.5993,-11.4014,4.0246,-2.1607,-0.0501,-0.6831
-1.4772,-11.8994,4.4029,-1.9023,0.0665,-0.6165
0.0383,-14.1691,5.1645,-1.5444,0.1544,-0.5005
0.5386,-14.1763,4.695,-1.1632,0.1025,-0.3117
0.1101,-12.4812,0.4309,-0.7979,0.3029,-0.1614
0.1101,-12.5339,0.1149,-0.6574,0.871,-0.1602
-0.067,-13.1923,-1.549,-0.4717,1.5093,-0.2158
0.4812,-13.7741,-1.8459,-0.3019,1.7879,-0.3258
-0.4165,-13.4341,0.3064,-0.2023,1.502,-0.3893
-0.4165,-13.4341,0.3064,-0.2096,0.8618,-0.4895
-2.8083,-13.1396,0.0861,-0.2958,0.0652,-0.5707
-4.5825,-12.5626,-1.0773,-0.2658,-0.0526,-0.531
-4.0821,-11.7438,-0.1939,-0.1339,-0.0239,-0.4076
-2.8083,-12.6464,1.6831,-0.0209,-0.0452,-0.1688
-2.229,-14.5738,2.6288,0.1171,-0.0727,0.106
-2.9041,-14.744,1.7166,0.4262,-0.1662,0.2703
-1.7429,-13.9824,2.0614,1.0908,-0.2548,0.4402
-0.4979,-13.7262,2.6503,1.4689,-0.1576,0.6356
1.5921,-12.814,2.9233,1.822,-0.124,0.8427
2.7317,-12.2322,2.3487,2.2417,-0.1662,0.9606
3.3111,-12.8332,-1.8219,2.6919,-0.2218,0.9942
3.3231,-13.1157,-2.2816,3.3058,-0.2187,1.0321
3.1986,-14.8039,-3.4763,3.4756,-0.1698,1.0755
4.1228,-17.155,-2.7605,3.4671,-0.0721,1.0645
9.1509,-18.8693,-2.8155,3.4115,-0.0159,1.0693
9.1509,-18.8693,-2.8155,3.5227,0.2564,0.8739
8.1956,-17.3657,-4.3167,3.5227,0.2564,0.8739
7.8077,-16.0417,-4.4029,3.3785,0.3578,0.5807
6.1103,-13.9776,-1.7022,3.0816,0.4513,0.6992
6.0073,-13.9177,-1.6519,2.7646,0.6309,0.6992
2.4564,-13.6927,-2.6982,2.5239,0.8209,0.58
0.0478,-13.7094,-0.4309,2.3376,0.7897,0.4701
-0.8068,-13.9968,4.4412,1.676,-1.3885,0.6692
-1.2473,-13.8818,4.4627,1.5832,-3.1362,0.8427
-1.7956,-13.2665,1.1228,2.1562,-3.2834,0.9875
-1.5562,-12.1652,-1.2928,2.924,-1.8332,1.0461
-0.4596,-9.9529,-2.3295,3.3724,-0.4356,1.0516
-0.0742,-9.2155,-1.6519,3.4787,0.0549,0.9728
0.0885,-7.5923,-1.628,3.3919,-0.2053,0.7975
-0.0598,-6.1964,-1.8124,3.4347,-0.8045,0.6857
0.6081,-2.9999,-3.2154,3.4994,-1.4942,0.6393
0.6081,-2.9999,-3.2154,3.3492,-2.1277,0.6729
0.4692,-2.2194,-3.3782,3.3492,-2.1277,0.6729
0.5841,-2.3008,-2.873,2.9118,-2.3207,0.6002
2.1835,-1.8435,-2.5594,2.2759,-2.0794,0.4982
2.1835,-1.8435,-2.5594,2.0315,-1.8174,0.4353
2.3511,-1.482,-2.4827,1.8226,-1.6683,0.3125
2.1643,-0.8283,-2.6479,1.6076,-1.6561,0.117
1.8076,-0.5099,-1.9895,1.3578,-1.821,-0.0796
1.8076,-0.5626,-1.968,0.9546,-1.8974,-0.3129
1.4604,-0.9911,-1.7669,0.7084,-1.8381,-0.4369
1.1372,-1.2832,-1.3982,0.4586,-1.6597,-0.5231
0.3974,-1.6879,-0.6584,0.1824,-1.4319,-0.5347
0.0191,-1.798,-0.2442,-0.0881,-1.2682,-0.4986
-0.2705,-2.2577,1.3982,-0.3556,-1.179,-0.3954
-0.1005,-3.5769,4.3742,-0.7368,-1.1326,-0.0405
0.0981,-6.8141,12.5794,-0.961,-1.1497,0.2661
0.1125,-7.8939,14.6839,-1.0196,-1.1142,0.5177
1.4532,-10.5132,14.7752,-0.7527,-0.8076,0.7071
3.869,-12.6081,11.8085,-0.2909,-0.3562,0.8336
2.8754,-16.5253,13.5442,-0.0795,-0.3042,0.7615
2.2936,-16.8557,13.4341,-0.2017,-0.5865,0.4249
1.482,-16.9156,11.7103,-0.0386,-0.7789,0.0718
1.4748,-15.6586,9.9936,0.3236,-0.6708,-0.1077
3.9911,-10.5156,7.3959,0.6821,-0.6591,-0.0912
3.9911,-10.5156,7.3959,0.9497,-0.8901,0.0749
4.695,-7.5348,7.3361,1.0865,-0.9444,0.139
5.7392,-5.8325,7.8556,1.0529,-0.7593,0.0376
8.3632,-8.9689,9.7854,1.0004,-0.5962,-0.0283
8.4302,-9.4861,9.7518,0.9253,-0.6567,0.0229
7.3672,-14.1284,7.4438,0.8135,-1.0324,0.1414
5.2938,-18.7639,7.1781,0.5899,-1.4588,0.1836
-0.6703,-19.8533,10.6808,-0.0416,-1.0244,-0.2293
-5.2795,-13.1899,4.6112,-0.0233,-0.0196,-0.5304
-0.4908,-2.047,-8.1645,0.8428,0.8514,-0.5054
6.7902,3.3997,-13.4485,1.2692,1.5197,-0.1474
6.7902,3.3997,-13.4485,-1.1155,1.8435,-0.1614
8.3201,2.2984,0.6655,-1.1155,1.8435,-0.1614
6.5388,-4.6686,9.4406,-1.7295,2.0829,-0.4027
2.6048,-10.5156,4.4963,-1.2884,1.287,-0.5768
-12.553,-13.9848,-9.2562,-0.6049,0.3175,-0.5805
-12.5147,-14.2553,-9.2347,-0.9121,0.119,-0.3569
-6.2348,-16.0225,-2.5163,-2.0514,1.6058,0.3546
-2.8993,-16.3506,3.7205,-3.3696,4.0004,1.0852
-2.0733,-14.0398,2.3774,-3.3452,4.0487,0.9777
-1.9776,-13.7573,2.1787,-2.862,3.5472,0.7578
-1.0965,-10.3312,1.6112,-2.4613,2.9381,0.6252
0.0119,-7.8053,1.7214,-2.3782,2.188,0.5379
3.2824,-5.811,1.1109,-2.4839,1.2686,0.486
3.2824,-5.8038,1.039,-2.5731,0.9711,0.3717
3.6487,-6.1007,0.395,-2.6519,1.1031,0.1268
4.3167,-7.6162,-0.0119,-2.7331,1.6541,-0.1999
3.7062,-9.5004,0.1484,-2.8339,2.2405,-0.55
2.1332,-10.6401,-0.2011,-2.9145,2.6388,-0.9806
-0.7685,-11.1261,-0.1963,-2.9249,2.7139,-1.5377
-0.7924,-11.5714,-0.3447,-2.9512,2.2301,-1.5206
-1.798,-11.0902,-0.2082,-2.9292,1.4293,-0.969
-2.9209,-10.7023,-0.1699,-2.8889,0.5949,-0.4919
-4.0605,-9.9721,-0.3016,-2.7838,0.1795,-0.3429
-3.8498,-9.7447,-0.134,-2.5804,0.2021,-0.2677
-1.4245,-9.0958,0.802,-2.2518,0.3352,-0.1358
-1.051,-9.0455,0.8786,-2.1161,0.4629,-0.0826
0.1197,-8.4709,0.2801,-2.0288,0.5765,-0.1138
0.6248,-8.186,-0.2178,-1.8779,0.7005,-0.2341
1.1587,-8.368,-0.6296,-1.7649,0.8471,-0.3514
1.1396,-8.3632,-0.6105,-1.7747,0.9198,-0.3881
0.8092,-8.3416,-0.4668,-1.8632,1.0145,-0.3606
0.3711,-8.3967,-0.2418,-1.9677,1.0658,-0.3258
-0.0622,-8.8133,-1.3192,-2.0245,1.1556,-0.3142
-0.0622,-8.8133,-1.3192,-2.0007,1.3157,-0.3294
-0.2633,-8.7822,-2.1404,-1.9329,1.5301,-0.3691
-0.2442,-8.4398,-2.6743,-1.8852,1.6095,-0.4693
-0.1532,-8.3871,-2.8514,-1.8626,1.4122,-0.5671
-0.1053,-8.6481,-2.6455,-1.8675,1.0267,-0.6587
0.0071,-9.4789,-1.3814,-1.9054,0.6223,-0.7216
0.1604,-10.1852,0.4548,-1.9701,0.3872,-0.7467
0.6512,-11.107,3.3854,-2.0648,0.3377,-0.7106
0.8834,-11.2147,4.0749,-1.9989,0.444,-0.6422
0.5865,-11.9018,3.4979,-1.7637,0.5454,-0.5512
0.1077,-12.8858,2.3127,-1.4051,0.5399,-0.484
-1.4269,-13.1731,0.4429,-1.0477,0.5191,-0.4247
-1.5298,-13.1444,0.2609,-0.7985,0.6382,-0.3649
-1.5825,-13.6065,-0.3351,-0.6464,1.3322,-0.2482
-1.2689,-14.3032,-0.3136,-0.5377,1.8184,-0.1957
-0.3615,-14.2457,1.4891,-0.4051,1.9137,-0.1908
-0.4596,-14.2769,1.5514,-0.3226,1.6297,-0.2189
-1.9369,-14.2218,1.1899,-0.2945,1.2192,-0.2995
-3.9552,-14.4708,-0.2968,-0.2109,0.9021,-0.3667
-4.0342,-13.1684,0.6847,0.0279,0.458,-0.2451
-3.8043,-13.3192,1.0582,0.155,0.0939,-0.0289
-2.375,-14.9883,3.8426,0.293,-0.1821,0.2105
-2.7102,-14.6983,3.8522,0.582,-0.2022,0.3943
-2.7174,-13.5897,2.557,1.056,-0.1289,0.4658
-1.3144,-12.6321,2.0781,1.7756,-0.1491,0.6485
1.1156,-11.4302,1.5322,2.172,-0.1185,0.7914
2.9807,-10.9609,1.2904,2.5398,0.0225,0.8983
4.3263,-12.1819,-0.1723,2.8825,0.0536,0.9576
4.2808,-12.9936,-0.9504,3.2007,-0.0556,0.9997
3.5458,-14.9859,-2.3822,3.4634,-0.0929,0.9612
3.7541,-16.3386,-3.213,3.6454,0.1727,0.8568
6.3401,-17.3298,-3.7493,3.6754,0.3646,0.8757
6.5867,-17.3082,-3.6128,3.6241,0.5099,0.9313
6.8812,-16.5469,-3.7277,3.4628,0.5014,0.9203
6.8812,-16.5469,-3.7277,2.8641,0.5778,0.6204
5.0089,-14.7321,-0.9121,2.8641,0.5778,0.6204
4.4244,-14.6962,-0.7709,2.621,0.9449,0.5086
0.6344,-14.6025,-0.1915,2.4378,1.122,0.4389
-1.3096,-14.7464,1.5897,2.2154,0.5936,0.5171
-0.3471,-13.6999,1.4173,1.924,-0.8656,0.7401
-0.3471,-13.6999,1.4173,1.8385,-2.1692,0.9734
-1.7764,-12.51,0.4285,2.2893,-1.8619,1.0333
-1.7286,-11.4948,-0.5817,2.5722,-1.2987,0.9875
-1.2473,-10.3456,-1.2354,2.8141,-0.9414,0.9569
-0.6991,-9.8237,-1.5442,2.9533,-0.8516,0.9185
-0.3591,-8.763,-2.375,3.0108,-1.1393,0.8806
-0.2777,-7.4295,-2.9496,3.0419,-1.5651,0.8048
0.5578,-4.8267,-3.0765,3.0089,-2.2914,0.7694
0.7134,-3.9935,-3.1699,2.9203,-2.5809,0.8329
0.7733,-2.8586,-3.1052,2.8147,-2.6677,0.8439
0.6919,-2.3439,-2.8107,2.6363,-2.6713,0.7761
1.4245,-1.5322,-2.1954,2.3907,-2.5431,0.6741
1.4748,-1.3838,-2.1883,2.0181,-2.2895,0.5526
1.7429,-0.5913,-2.2864,1.7902,-2.1313,0.467
1.7022,-0.2825,-2.1619,1.5569,-2.0122,0.3846
1.3,-0.5291,-2.1811,1.2936,-1.9139,0.2972
1.2665,-0.5291,-2.1619,1.0193,-1.8937,0.2257
0.9959,-1.2976,-1.9704,0.5881,-1.8057,0.1604
0.6895,-1.8124,-1.719,0.2771,-1.6756,0.1677
0.2561,-2.9879,-0.4525,-0.0545,-1.5388,0.2178
0.2561,-2.9879,-0.4525,-0.3911,-1.4227,0.2905
0.2011,-3.3782,1.2449,-0.7087,-1.3574,0.3846
0.1532,-3.8738,3.1028,-0.986,-1.3415,0.4902
0.2513,-5.5883,7.8053,-1.2793,-1.2755,0.6772
0.8236,-7.3457,12.3112,-1.3996,-1.1057,0.8073
2.3535,-10.767,17.3537,-1.3434,-0.832,0.9191
3.8905,-14.6983,15.3929,-0.9616,-0.5602,0.9172
2.442,-19.4989,12.7733,-0.4931,-0.5828,0.7328
1.2378,-20.7966,13.6424,-0.2561,-0.9817,0.4072
0.1747,-20.21,12.3136,0.2362,-1.1619,-0.0875
0.9624,-16.5038,9.6968,0.9356,-1.3506,-0.2012
1.8938,-8.3345,5.0281,1.5612,-1.6597,-0.0845
2.0135,-7.3935,4.9036,1.8385,-1.7092,0.0083
2.612,-3.699,5.404,1.775,-1.3836,0.0364
3.6798,-2.205,5.9977,1.4665,-1.0904,0.0804
6.3688,-9.0048,6.5915,0.9271,-0.8296,0.2019
6.364,-9.5555,6.5604,0.5679,-0.8882,0.3748
5.368,-13.6592,5.8804,0.1507,-1.1747,0.3888
3.9217,-16.001,7.4702,-0.2383,-1.2218,0.1207
3.4668,-13.6161,-0.4118,-0.4491,-0.7508,-0.1877
3.4668,-13.221,-0.9744,0.1776,0.6468,-0.2421
6.127,-9.0264,-3.6248,0.527,1.91,-0.1004
5.5787,-4.7429,-6.0145,0.4952,2.2827,-0.1694
2.7964,-2.4085,-5.4902,0.155,1.7262,-0.0991
2.7102,-2.8802,-3.4404,-0.523,1.3016,-0.0814
2.6144,-5.0496,0.2968,-1.1595,1.2656,0.0156
1.1276,-8.198,1.1013,-1.57,1.3603,0.2056
-5.0281,-10.7574,-6.1869,-1.6794,1.3346,0.2477
-4.8674,-11.4852,-6.2922,-1.9555,1.808,0.3326
-4.8674,-11.4852,-6.2922,-3.0086,3.6791,0.5837
-2.6479,-13.1229,0.1484,-3.0086,3.6791,0.5837
-1.7908,-12.8044,1.2737,-2.8455,3.72,0.1891
-1.7549,-12.735,1.2856,-2.5511,3.2008,-0.0173
-1.2042,-11.5092,1.3814,-2.4014,2.4604,-0.1828
-0.1029,-10.3264,0.8475,-2.4173,1.7714,-0.2855
1.5514,-8.3177,0.0071,-2.4662,1.3621,-0.3178
1.5514,-8.3177,0.0071,-2.7191,1.5338,-0.5921
1.9656,-8.1932,-0.4884,-2.7191,1.5338,-0.5921
1.5634,-8.8995,-0.5147,-2.8492,1.5655,-0.812
-0.6081,-9.6154,-0.9193,-2.9616,1.5063,-1.0222
-0.6081,-9.6154,-0.9193,-3.0178,1.6132,-1.104
-1.5921,-10.02,-0.711,-3.0471,1.7854,-1.0509
-1.6591,-10.3983,-0.9337,-2.9659,1.8038,-0.8554
-2.0805,-11.0088,-0.6655,-2.6085,1.2552,-0.3905
-2.0374,-11.2291,0.0909,-2.3916,0.56,-0.2787
-1.7238,-10.925,0.3878,-2.1516,0.0035,-0.2897
-1.1156,-10.0607,0.3782,-1.8577,-0.0348,-0.3392
0.0766,-8.6936,-0.067,-1.6788,0.2137,-0.33
0.3998,-8.3273,-0.134,-1.7386,0.5851,-0.2207
0.6512,-7.9873,-0.2849,-1.8687,0.8856,-0.1847
0.2394,-8.2028,-0.1963,-1.9536,1.2179,-0.1957
-0.5315,-8.514,-0.6607,-1.9591,1.4482,-0.2244
-0.5865,-8.5284,-0.656,-1.8858,1.4971,-0.236
-0.5937,-8.5045,-0.8499,-1.7881,1.4152,-0.2433
-0.2561,-8.2507,-1.3814,-1.7087,1.232,-0.2494
0.9935,-8.1477,-1.2018,-1.6836,1.1068,-0.2586
0.9696,-8.131,-1.1013,-1.7179,0.8307,-0.2745
0.6631,-8.3632,-0.7062,-1.7887,0.4421,-0.3447
0.6631,-8.3632,-0.7062,-1.7985,0.2314,-0.484
0.8954,-10.0367,1.1731,-1.7985,0.2314,-0.484
0.8954,-10.0367,1.1731,-1.7246,0.4556,-0.4938
1.8794,-11.0184,1.8914,-1.6336,0.6352,-0.4858
1.8794,-11.0184,1.8914,-1.3312,0.7421,-0.5359
1.6089,-11.4733,1.367,-1.3312,0.7421,-0.5359
0.8667,-11.7103,0.9744,-1.1076,0.717,-0.5371
-0.0071,-11.9018,0.2226,-0.8211,0.9064,-0.5127
-0.383,-12.1724,-0.0622,-0.6922,1.2546,-0.4754
-1.1252,-12.8547,-0.7541,-0.6458,1.5228,-0.382
-1.6783,-13.0846,-0.9672,-0.5847,1.6016,-0.3172
-2.8203,-13.2737,-0.8714,-0.5181,1.4183,-0.2622
-3.055,-13.2641,-0.213,-0.4466,1.2479,-0.3221
-1.8171,-13.2354,1.8052,-0.4436,1.1306,-0.3429
-1.8842,-13.1684,1.7669,-0.4668,1.1959,-0.2592
-2.885,-13.336,0.7398,-0.3776,1.1294,-0.203
-3.6463,-13.2378,-0.1149,-0.2157,0.7421,-0.1712
-3.0957,-15.6179,2.6024,-0.0288,0.1874,-0.0771
-3.0957,-15.6179,2.6024,0.6149,-0.1106,0.2984
-3.3446,-15.9196,2.7054,0.6149,-0.1106,0.2984
-4.1683,-15.0026,2.0111,1.0731,-0.1375,0.3974
-0.7134,-13.0558,1.6591,1.5117,-0.2951,0.5122
-0.3519,-12.9218,1.6304,1.9008,-0.4136,0.7157
2.4971,-11.8348,1.5035,2.2362,-0.3568,0.8665
4.1467,-11.6792,0.8379,2.7725,-0.2615,0.9789
5.1621,-12.826,-1.5682,3.125,-0.303,0.9918
5.4351,-13.5466,-2.3965,3.4066,-0.2743,0.949
5.2052,-15.1654,-2.9903,3.5245,-0.0336,0.8531
5.064,-16.3697,-3.9049,3.5538,0.4519,0.7438
6.0696,-16.0752,-3.7253,3.5147,1.1868,0.6961
6.2731,-15.5365,-3.6032,3.3009,1.2967,0.7602
6.2731,-15.5365,-3.6032,2.7853,1.0451,0.7749
5.3345,-14.1476,-1.7549,2.7853,1.0451,0.7749
1.9536,-14.229,-0.5817,2.6387,1.2051,0.7077
1.4556,-14.3152,-0.6727,2.552,1.3859,0.6729
-0.4764,-14.6962,0.6344,2.4231,0.4702,0.8348
-0.4692,-14.6647,2.138,2.2624,-0.9774,0.996
-3.0909,-13.6735,1.3694,2.2716,-2.2676,1.1194
-3.2752,-13.3767,1.221,2.5746,-2.5718,1.1054
-2.7293,-12.2107,0.4525,3.0242,-2.2779,1.0932
-1.9488,-11.3464,-0.6775,3.4347,-1.6164,1.1121
-0.1149,-8.7678,-2.0685,3.7102,-1.3091,1.0632
-0.1149,-8.7678,-2.0685,3.6595,-1.559,1.0101
0.3758,-7.0081,-2.0614,3.522,-1.8595,0.9276
0.711,-5.8038,-2.4157,3.3168,-2.1576,0.8525
0.9074,-4.2377,-2.8969,3.1421,-2.5962,0.7383
1.0295,-3.5673,-2.6623,2.9521,-2.9639,0.5379
1.0055,-3.2225,-1.8483,2.8098,-2.887,0.4169
0.9959,-2.9376,-1.6208,2.6259,-2.7819,0.3168
0.7541,-1.9991,-1.8387,2.4188,-2.8589,0.208
0.8714,-1.8219,-1.707,2.1818,-2.8778,0.0785
1.0223,-1.5059,-1.2928,1.8684,-2.6982,-0.0295
0.9193,-1.0797,-1.3407,1.4347,-2.3567,-0.0961
0.2753,-1.0438,-1.9776,1.2215,-2.2895,-0.1278
0.2753,-1.0438,-1.9776,0.7389,-2.1338,-0.0625
0.1651,-1.3072,-2.0063,0.7389,-2.1338,-0.0625
0.2274,-1.6519,-1.9057,0.4164,-1.9188,0.0278
0.2011,-2.0685,-1.2042,-0.1272,-1.6182,0.2294
0.2011,-2.0685,-1.2042,-0.9195,-1.358,0.5532
0.292,-2.3367,0.869,-0.9195,-1.358,0.5532
0.5937,-2.6791,3.2896,-1.2823,-1.1973,0.704
2.8107,-5.325,11.842,-1.5651,-1,0.8555
2.8107,-5.325,11.842,-1.713,-0.7282,1.0174
2.8107,-5.325,11.842,-1.1705,-0.1943,1.0956
4.1156,-10.755,13.8603,-1.1705,-0.1943,1.0956
3.0214,-15.7879,12.2274,-0.8584,-0.3617,0.9307
3.0214,-15.7879,12.2274,-0.5664,-0.9175,0.5428
0.3136,-20.3824,11.7869,-0.5664,-0.9175,0.5428
0.6943,-19.3457,10.9106,-0.1986,-0.9444,0.3485
2.6862,-12.5483,8.4925,0.541,-0.9866,0.2899
2.8969,-9.7135,7.8915,0.9149,-1.0648,0.3717
1.9416,-5.5069,7.8221,1.0627,-1.0629,0.3607
2.9161,-3.6774,7.4079,1.0438,-0.8943,0.3009
9.7063,-9.455,7.3169,0.9595,-0.73,0.3638
10.506,-11.1189,7.0751,0.6546,-0.7606,0.5642
11.7294,-18.5891,4.3478,0.3895,-0.9823,0.4695
9.9434,-24.3161,4.1754,-0.0068,-1.1271,0.1066
-3.5577,-15.1032,8.0639,-0.4289,-0.5364,-0.5078
-3.5577,-15.1032,8.0639,-0.3263,0.59,-1.035
-2.7389,-3.0957,-1.8674,1.1849,1.3261,-0.8102
0.3519,3.7253,-13.7047,1.7646,1.086,-0.3007
8.4685,4.5346,-3.7253,1.0511,1.031,0.2758
8.4685,4.5346,-3.7253,-0.6287,1.4745,0.5623
8.4925,-2.4205,11.5978,-2.0111,2.152,0.4976
4.5346,-9.85,5.6506,-2.1491,2.1593,0.2001
-7.4726,-14.3463,-12.0431,-0.8071,1.0689,-0.1089
-9.9266,-15.6467,-12.1149,-1.1937,1.4611,-0.0307
-6.6753,-16.7193,-3.1627,-2.6458,3.1489,0.3235
-5.3537,-17.1622,4.2975,-3.5321,4.202,0.5061
-4.5154,-15.6898,2.8802,-3.3947,4.0163,0.3888
-3.5338,-14.0375,2.0135,-2.7582,3.1525,0.2624
-1.2138,-10.2283,1.3814,-2.2145,1.651,0.1439
1.2425,-7.5779,0.7709,-2.2072,0.9424,0.1433
4.264,-5.7392,0.9409,-2.3415,0.469,0.1023
4.2616,-5.7008,0.7709,-2.4906,0.331,-0.0558
4.0892,-6.0193,-0.3758,-2.5376,0.5344,-0.3514
3.6296,-6.8932,-0.7517,-2.5468,0.9962,-0.6868
1.2449,-9.4837,-0.8547,-2.6995,1.5338,-1.1822
0.9648,-9.5842,-0.7661,-2.8009,1.7097,-1.5017
-0.8882,-10.8819,-0.4668,-2.939,1.7225,-1.6672
-0.4429,-11.751,-0.2801,-2.9659,1.5887,-1.4021
-2.4205,-10.8915,-0.0239,-2.8785,1.0982,-0.696
-2.466,-10.8699,0.0335,-2.5175,0.3163,-0.3343
-2.4899,-10.9489,0.6416,-2.2634,0.1251,-0.3349
-1.9297,-10.2379,0.9026,-2.1058,0.0817,-0.3074
-0.905,-8.5308,0.553,-1.9659,0.1556,-0.2488
-0.3016,-7.6713,0.0909,-1.851,0.3481,-0.1773
0.6081,-6.7327,-0.5817,-1.7942,0.5912,-0.1395
1.0486,-6.6681,-0.7254,-1.8443,0.9522,-0.1419
0.4381,-8.0879,-0.8475,-1.8987,1.1819,-0.1731
0.0694,-8.6864,-1.0103,-1.9182,1.3621,-0.2201
-0.8786,-9.613,-1.537,-1.9023,1.447,-0.2702
-0.9145,-9.6178,-1.8866,-1.8773,1.4653,-0.3062
0.5698,-8.7199,-1.9321,-1.8718,1.3817,-0.2964
0.6488,-8.6792,-1.8914,-1.8956,1.2198,-0.2983
0.8259,-8.4949,-1.9919,-1.9219,0.9345,-0.3423
0.5386,-8.6625,-1.7405,-1.9824,0.5222,-0.4088
-0.7445,-9.8404,0.5339,-2.0593,0.1416,-0.4571
-0.7445,-9.8404,0.5339,-2.0935,0.0023,-0.476
