bicicleta
-5.6051,-14.8039,-3.1531,-0.0921,0.5969,2.7232
-4.2473,-15.661,-2.3942,-0.1618,0.6659,2.7977
-3.1627,-15.3953,-1.64,-0.2625,0.6391,2.7598
-2.6695,-12.8427,-0.7996,-0.4379,0.1644,2.4575
-2.7246,-12.2466,-0.723,-0.4898,-0.3089,2.1667
-3.0286,-10.6353,-0.7733,-0.4446,-0.6736,1.8887
-3.6463,-8.8085,-0.9289,-0.3517,-0.8575,1.6114
-5.2124,-6.6466,-1.4389,-0.2479,-0.8868,1.364
-5.3154,-6.5532,-1.4963,-0.1324,-0.717,1.1215
-6.0743,-5.8253,-2.0853,-0.0842,-0.5441,1.0763
-6.7615,-5.4135,-3.0023,-0.0671,-0.3773,1.1203
-8.1166,-5.4279,-5.7128,-0.0903,-0.2667,1.2223
-8.1166,-5.4279,-5.7128,-0.1495,-0.2338,1.361
-8.5188,-5.5428,-6.6896,-0.2418,-0.2289,1.5271
-8.5188,-5.5428,-6.6896,-0.6657,-0.4818,1.8014
-5.8301,-4.0988,-4.683,-0.6657,-0.4818,1.8014
-3.6391,-3.4117,-4.8458,-0.7775,-0.9668,1.7922
-0.6488,-3.0454,-2.9951,-0.907,-1.5453,1.8332
1.9584,-2.8443,-0.1843,-1.2289,-1.6333,1.8869
3.7158,-2.5067,1.7334,-1.5087,-1.0694,1.8808
3.9863,-2.5785,1.3623,-1.3517,0.0697,1.5638
3.8905,-3.1387,-0.5386,-0.9498,0.4607,1.1966
3.383,-4.3574,-2.387,-0.5778,0.5749,0.7953
-0.5817,-5.6745,-1.8914,-0.4165,0.5713,0.3628
-1.446,-5.7463,-1.7022,-0.4647,0.5395,-0.1221
-2.7078,-6.0935,-1.1851,-0.6095,0.4124,-0.7226
-2.952,-6.1246,-0.486,-0.6217,0.41,-0.9248
-3.1603,-5.8876,0.5003,-0.5753,0.5603,-1.1105
-3.1747,-5.8756,0.5219,-0.458,0.768,-1.342
-3.4189,-5.9714,0.5147,-0.2729,0.9127,-1.5827
-3.6008,-6.2898,0.3711,-0.0701,0.9915,-1.8099
-4.3742,-7.293,-0.8571,0.2254,0.9763,-2.0928
-4.422,-7.3792,-0.9433,0.4014,0.8987,-2.254
-4.6615,-8.0232,-1.6615,0.5321,0.859,-2.3793
-4.9922,-8.6768,-2.4779,0.639,0.8791,-2.4617
-5.4854,-9.6992,-2.4253,0.7135,0.9414,-2.5387
-6.1007,-10.111,-0.6153,0.7496,1.0355,-2.6639
-7.0847,-11.1548,-3.5075,0.818,0.961,-2.7751
-7.7646,-11.7462,-4.1491,0.9102,0.8107,-2.8136
-8.0472,-12.1101,-3.1603,0.8247,1.1003,-2.7629
-7.8317,-12.1484,-3.4165,0.7679,1.3367,-2.6041
-7.3912,-11.7414,-3.0573,0.8632,1.2316,-2.4007
-6.7806,-11.1572,-2.5929,0.9481,1.1809,-2.1398
-6.0839,-10.3432,-2.6695,1.0171,1.0734,-2.0036
-6.0145,-10.245,-2.6623,1.0751,0.9928,-1.9071
-5.8206,-10.0056,-2.9089,1.1087,0.9928,-1.8228
-5.8636,-10.0056,-3.4452,1.1307,1.0239,-1.7531
-5.5931,-10.0631,-4.288,1.1472,1.0496,-1.6835
-5.5548,-10.0846,-4.3454,1.1313,1.049,-1.557
-5.4997,-9.8979,-4.853,1.1008,1.0471,-1.4917
-5.5213,-9.5627,-5.2459,1.0648,1.0764,-1.4343
-5.2675,-8.6792,-4.5777,1.0135,1.2267,-1.3689
-5.2699,-8.5906,-4.5609,0.9206,1.4729,-1.2864
-5.1885,-8.2004,-3.9743,0.7196,1.6659,-1.1447
-5.4135,-8.6385,-3.098,0.4331,1.3177,-1.0396
-5.7942,-9.8404,-2.5067,0.1515,0.7808,-0.9437
-5.957,-10.4294,-2.0111,0.0245,0.3849,-0.8374
-5.8684,-10.7287,-1.3862,0.0391,0.2994,-0.7037
-6.0959,-10.4438,-1.5227,0.1625,0.421,-0.551
-6.7088,-9.1317,-2.0542,0.3653,0.6165,-0.3506
-6.6633,-8.265,-2.1571,0.3769,0.6305,-0.2131
-6.2755,-7.2523,-1.9919,0.3061,0.4637,-0.0287
-5.5668,-6.9051,-2.4756,0.2267,0.2182,0.1869
-4.355,-7.2619,-3.3877,0.179,-0.0071,0.4013
-4.1563,-7.4103,-3.1818,0.1057,-0.0462,0.6945
-3.1771,-8.4159,-3.1866,0.0526,0.0142,0.8772
-2.6862,-9.9673,-3.3949,0.0293,0.0184,1.0244
-2.7222,-12.1556,-3.5817,0.0061,-0.0071,1.1142
-2.7485,-12.3543,-3.4332,-0.0628,-0.1067,1.1355
-3.3063,-12.589,-2.0302,-0.1611,-0.2338,1.1007
-3.6942,-12.0167,-1.3551,-0.2259,-0.5105,0.9871
-4.6255,-9.8644,-1.3886,-0.1752,-0.7096,0.8973
-4.6758,-9.7255,-1.4053,-0.0805,-0.7823,0.8106
-5.0305,-8.6601,-1.6687,0.0263,-0.7829,0.7733
-5.1837,-8.0112,-1.7812,0.1314,-0.8208,0.7806
-5.7224,-7.8556,-2.1404,0.2077,-0.8959,0.8185
-6.127,-8.0735,-2.442,0.3275,-0.9747,0.893
-6.7351,-8.3608,-3.1411,0.405,-1.0132,0.9578
-7.1733,-8.4326,-3.7948,0.457,-1.078,1.0164
-7.4534,-8.4805,-4.2209,0.4563,-1.111,1.0952
-7.3792,-8.4877,-4.288,0.4014,-1.0578,1.1942
-7.3792,-8.4877,-4.288,0.1839,-0.7524,1.4862
-7.0416,-8.6553,-4.0342,0.1839,-0.7524,1.4862
-6.8477,-9.2371,-3.6056,0.0929,-0.6039,1.6022
-6.8261,-9.3113,-3.608,0.0336,-0.4592,1.7232
-6.637,-9.7662,-3.5936,0.0061,-0.2832,1.8484
-6.5987,-10.3456,-3.6487,-0.0017,-0.0835,1.9901
-6.2443,-11.4613,-3.1818,-0.0084,0.2359,2.1697
-6.2276,-11.5355,-3.122,-0.0261,0.4289,2.2565
-6.2611,-11.9234,-3.2058,-0.0445,0.5487,2.3102
-5.9642,-12.1077,-3.2632,-0.0622,0.6189,2.3481
-5.5668,-10.9992,-3.3039,-0.1202,0.6824,2.3793
-5.5668,-10.9992,-3.3039,-0.2748,0.7166,2.3029
-5.4088,-9.9122,-3.1004,-0.4501,0.7063,2.1942
-5.6314,-9.2155,-2.8012,-0.6883,0.5865,2.1245
-6.4622,-8.9689,-2.6743,-0.9119,0.2768,2.0696
-7.0344,-8.8588,-2.6719,-1.053,-0.1892,1.9895
-7.5252,-8.1597,-2.7198,-1.0823,-0.7793,1.8649
-6.9123,-6.6585,-2.4875,-0.9333,-1.6534,1.6798
-4.0007,-4.6998,-1.482,-0.827,-1.8666,1.6511
-2.873,-4.2497,-0.9361,-0.7714,-1.662,1.7654
-0.9337,-3.8115,0.0071,-0.7818,-1.194,1.8863
0.5123,-3.5458,-0.2154,-0.7964,-0.6485,1.9559
1.3,-3.0142,-2.4229,-0.6932,-0.2924,1.9083
1.312,-2.9664,-2.6958,-0.3774,-0.2454,1.6157
1.4532,-2.2409,-2.9017,-0.2497,-0.1653,1.3439
1.5921,-1.8148,-2.0973,-0.2613,0.0429,1.0586
0.6871,-4.3263,0.2346,-0.3933,0.2206,0.8301
0.5003,-4.458,0.3519,-0.5173,0.2866,0.6169
-0.6919,-5.4088,1.1085,-0.5289,0.2713,0.0885
-1.2162,-6.0384,0.8786,-0.3957,0.2206,-0.2492
-1.5921,-6.3329,-0.2777,-0.1868,0.2304,-0.5448
-1.6184,-6.3233,-0.3327,0.0074,0.41,-0.8283
-2.0853,-6.1893,-0.2657,0.168,0.6763,-1.1355
-2.5881,-6.1222,-0.4285,0.3097,0.8657,-1.4575
-3.1124,-6.1917,-0.9959,0.548,0.884,-1.8619
-3.4668,-6.467,-1.64,0.6934,0.8126,-2.0512
-3.8379,-6.8716,-2.3822,0.7899,0.7509,-2.2033
-4.5034,-7.621,-3.0645,0.8412,0.7447,-2.3304
-6.1079,-9.0288,-3.8786,0.8516,0.8126,-2.4642
-7.0871,-9.747,-4.1683,0.8015,0.9867,-2.667
-8.4111,-11.1596,-5.0376,0.7196,1.0569,-2.7916
-9.4861,-12.237,-5.289,0.5999,1.0673,-2.8686
-9.5866,-12.3352,-2.1116,0.4386,1.1223,-2.9034
-9.5387,-12.1963,-1.5921,0.303,1.1998,-2.8331
-8.7127,-11.4924,-2.7222,0.2719,1.1809,-2.6652
-7.688,-10.4797,-1.9991,0.4227,0.9653,-2.3493
-6.4047,-9.0455,-1.4101,0.4545,1.1931,-2.1777
-6.4047,-9.0455,-1.4101,0.5651,1.341,-2.0439
-6.1845,-8.8684,-1.5658,0.7184,1.3636,-1.9443
-5.9618,-8.7391,-1.8746,0.8821,1.3483,-1.8979
-6.5652,-8.7798,-2.2098,1.0416,1.3141,-1.879
-6.6322,-8.7846,-2.205,1.1943,1.2402,-1.9211
-7.3337,-8.7798,-2.9951,1.2309,1.22,-1.9596
-7.5947,-8.7487,-3.9193,1.2328,1.1956,-1.9327
-7.5252,-8.4805,-4.4412,1.1808,1.1998,-1.8124
-7.3504,-8.265,-4.4699,1.069,1.1931,-1.6413
-6.9506,-8.0304,-4.1276,0.8424,1.0276,-1.3524
-6.4957,-8.1764,-3.7325,0.6555,0.8162,-1.1545
-5.9546,-9.1126,-2.6168,0.4576,0.5517,-0.9645
-5.7392,-9.5603,-2.1475,0.2926,0.33,-0.799
-5.4997,-9.9553,-1.8459,0.2151,0.2096,-0.6688
-5.4997,-9.9553,-1.8459,0.4777,0.581,-0.4043
-5.1095,-9.9362,-2.2385,0.4777,0.581,-0.4043
-4.9754,-9.7614,-2.466,0.6591,0.7484,-0.2748
-4.7931,-9.2658,-3.3135,0.7679,0.7619,-0.127
-4.6327,-8.7989,-3.8235,0.7361,0.6226,0.0189
-4.1132,-8.2914,-3.3231,0.5687,0.4393,0.1612
-4.0988,-8.289,-3.2561,0.1943,0.2561,0.3591
-3.948,-8.4278,-3.1148,-0.0243,0.2188,0.4734
-3.5649,-8.7104,-2.9496,-0.1495,0.1748,0.609
-2.9783,-9.3424,-3.28,-0.185,0.1779,0.7605
-2.9783,-9.3424,-3.28,-0.1416,0.2359,0.9126
-2.7509,-9.6345,-3.79,-0.05,0.2402,1.0702
-2.7246,-9.7854,-3.6511,0.0452,0.0099,1.262
-3.1316,-9.7973,-4.0318,0.0446,-0.2014,1.3066
-3.2872,-9.7399,-4.0174,0.011,-0.3901,1.2663
-3.7062,-9.5603,-3.45,-0.0726,-0.4897,1.1875
-4.3119,-9.6489,-3.6056,-0.1825,-0.5545,1.0891
-5.3992,-9.7159,-3.9863,-0.2784,-0.6754,0.9902
-5.787,-9.6704,-3.8235,-0.4751,-0.8397,0.8484
-6.2802,-9.601,-3.2561,-0.5985,-0.9204,0.8051
-6.7327,-9.601,-2.8802,-0.6498,-1.0505,0.8252
-7.372,-9.7375,-2.7964,-0.6199,-1.2863,0.8881
-7.372,-9.7375,-2.7964,-0.4018,-2.1091,1.0806
-7.9466,-9.9673,-3.201,-0.4018,-2.1091,1.0806
-7.9179,-9.9889,-3.0693,-0.3145,-2.3052,1.1649
-6.9458,-9.522,-2.2577,-0.2467,-2.3101,1.2418
-6.8668,-9.4909,-2.2026,-0.1782,-2.1305,1.2974
-6.3784,-9.115,-2.0877,-0.0982,-1.778,1.3439
-6.0025,-8.7654,-2.2218,-0.0164,-1.3492,1.4031
-6.1031,-8.4398,-3.2776,0.077,-0.8489,1.5344
-6.1773,-8.4422,-3.3949,0.113,-0.6736,1.6206
-6.7088,-8.7175,-3.9408,0.1173,-0.5874,1.6884
-6.886,-8.8971,-4.3861,0.0709,-0.5245,1.7666
-7.5013,-9.3807,-4.8937,-0.0066,-0.4934,1.8521
-7.4726,-9.6513,-4.906,-0.1972,-0.4158,1.9908
-7.4726,-9.6513,-4.906,-0.491,-0.3248,2.1722
-6.7471,-10.0176,-4.2951,-0.491,-0.3248,2.1722
-5.0544,-9.4023,-3.4332,-0.6156,-0.3162,2.2577
-4.5178,-9.1437,-3.4165,-0.7176,-0.268,2.2925
-3.6296,-8.6697,-3.0166,-0.8087,-0.1598,2.2614
-3.1172,-8.4039,-2.3894,-0.9864,0.2414,2.119
-3.5721,-7.791,-1.5538,-1.0909,0.5493,1.9449
-3.8019,-7.7479,-1.6184,-1.1031,0.6629,1.7018
-4.7381,-7.4103,-2.4205,-1.0414,0.512,1.4709
-4.8889,-6.8165,-2.7126,-1.0066,0.1339,1.3267
-3.0382,-5.7176,-0.7589,-1.0835,-0.3364,1.2718
-2.7365,-5.5524,-0.4357,-1.2473,-0.819,1.2681
-1.4077,-4.6112,0.2681,-1.177,-0.8758,1.2834
-0.632,-3.7636,0.6703,-0.9455,-0.7762,1.2583
0.3758,-2.7461,-0.7781,-0.6645,-0.5771,1.1386
0.4237,-2.7509,-0.9552,-0.3835,-0.4812,0.9572
0.8355,-2.8155,-2.3151,-0.0988,-0.5758,0.6719
1.1492,-3.055,-2.272,-0.0396,-0.5502,0.477
-0.3064,-4.2999,-1.5155,-0.0536,-0.348,0.2455
-1.1396,-4.8458,-1.9776,-0.0677,-0.081,-0.0842
-1.6496,-5.2292,-2.6001,-0.0341,0.1516,-0.397
-2.0302,-5.7032,-2.8371,-0.0078,0.3843,-0.6175
-2.4947,-5.8469,-2.3032,-0.0652,0.625,-0.9596
-2.5857,-5.7942,-2.1452,-0.1233,0.7111,-1.1826
-2.7078,-5.6937,-1.9153,-0.1605,0.7979,-1.3793
-3.1818,-5.787,-1.3168,-0.1856,0.9329,-1.5748
-4.3622,-6.6298,-0.5698,-0.1837,1.0532,-1.7843
-4.525,-6.7974,-0.462,-0.0756,1.0832,-2.0659
-5.2819,-7.6928,-0.5985,0.0581,1.0502,-2.218
-5.8613,-8.787,-0.7517,0.2328,0.9921,-2.3304
-6.9243,-10.4797,-0.8978,0.3983,1.0147,-2.4202
-6.9243,-10.4797,-0.8978,0.8045,0.9085,-2.5369
-7.3457,-11.3679,-1.8602,0.8045,0.9085,-2.5369
-7.5994,-11.6744,-2.442,0.9744,0.9121,-2.5448
-7.1757,-11.3105,-3.4261,1.0086,0.9824,-2.4795
-7.1757,-11.3105,-3.4261,1.0501,0.9262,-2.3567
-6.7232,-10.6377,-3.6008,1.0751,0.8119,-2.2223
-5.9642,-9.9984,-3.6296,1.0409,0.779,-2.1239
-5.4471,-9.4262,-3.4213,0.9957,0.7136,-2.0354
-5.1765,-9.2155,-3.359,0.9401,0.5823,-1.992
-5.1813,-9.1629,-3.5889,0.8956,0.4833,-2.0054
-5.1813,-9.1629,-3.5889,0.7813,0.476,-2.0635
-5.7104,-9.115,-4.0677,0.7813,0.476,-2.0635
-5.902,-9.1341,-4.1706,0.7276,0.6165,-2.0555
-6.4191,-9.2083,-4.762,0.6714,0.8205,-2.0415
-6.9817,-9.2371,-4.774,0.6451,0.9561,-2.0311
-8.0184,-9.4789,-3.2872,0.5877,1.2035,-1.992
-8.1166,-9.5747,-3.0382,0.5125,1.4234,-1.8961
-8.435,-9.9075,-1.9823,0.3391,1.3452,-1.7275
-8.0687,-10.0032,-1.0702,0.0452,0.8144,-1.4984
-6.5388,-9.498,-1.1276,-0.1214,0.1149,-1.0702
-6.4885,-9.4765,-1.1707,0.0312,-0.0664,-0.8002
-6.0001,-9.024,-2.3032,0.311,0.041,-0.5809
-5.8301,-8.5499,-3.5003,0.5895,0.363,-0.4214
-4.9515,-8.1477,-4.4364,0.7496,0.6849,-0.2797
-4.9515,-8.1477,-4.4364,0.5333,0.7826,-0.0714
-4.6782,-8.3536,-3.6487,0.1417,0.6012,0.0305
-4.6782,-8.7654,-2.624,-0.2192,0.4552,0.0989
-4.6902,-9.103,-1.8579,-0.4238,0.4344,0.1679
-4.604,-9.3161,-2.308,-0.4342,0.4411,0.3011
-3.9791,-9.8021,-3.4715,-0.32,0.2573,0.5265
-3.2249,-10.3432,-4.2233,-0.1947,-0.384,0.9841
-3.2609,-10.7167,-4.4053,-0.2063,-0.7359,1.1826
-3.189,-10.5084,-4.3311,-0.2399,-0.9753,1.2321
-3.0214,-9.996,-4.3095,-0.279,-1.1409,1.2076
-2.7509,-9.2778,-4.4939,-0.3261,-1.2747,1.1429
-2.7509,-9.2778,-4.4939,-0.4806,-1.3211,0.7318
-3.2178,-8.1142,-3.5075,-0.4806,-1.3211,0.7318
-4.3909,-7.6665,-2.3942,-0.5466,-1.1488,0.4636
-5.4518,-7.4103,-1.3192,-0.5539,-1.0725,0.2455
-7.384,-8.1166,-0.6703,-0.5203,-1.0609,0.1637
-7.384,-8.1166,-0.6703,-0.4556,-1.133,0.218
-7.6569,-8.7127,-0.8403,-0.2424,-1.158,0.4935
-7.53,-9.3041,-0.9074,-0.0451,-1.1049,0.7605
-6.4814,-10.0176,-1.865,0.1705,-1.0609,1.0635
-6.4814,-10.0176,-1.865,0.5431,-0.8611,1.6224
-5.3633,-9.7638,-2.3965,0.5431,-0.8611,1.6224
-4.6974,-9.7303,-2.952,0.6341,-0.7255,1.813
-4.2975,-9.759,-3.5506,0.6628,-0.563,1.9651
-4.671,-9.9027,-3.5769,0.6158,-0.3981,1.9853
-5.2052,-10.2474,-3.4141,0.54,-0.2087,1.9602
-5.641,-10.937,-3.6008,0.471,-0.0633,1.9578
-6.194,-11.8563,-4.3095,0.4203,0.008,1.9792
-6.4239,-12.1293,-4.592,0.3281,0.1235,1.9975
-6.8141,-12.2394,-4.9539,0.2157,0.2719,1.981
-7.1086,-11.6768,-4.9443,0.0568,0.4583,1.9449
-7.4678,-10.0966,-4.7333,-0.1269,0.6372,1.9181
-7.3528,-9.8811,-4.6567,-0.3065,0.7509,1.9248
-6.7375,-9.1078,-3.9073,-0.4806,0.7692,1.9541
-6.3449,-8.6122,-3.5003,-0.6749,0.6495,1.9535
-6.0935,-8.1381,-2.3439,-0.7494,0.509,1.8704
-6.1126,-8.1381,-2.3439,-0.8099,0.446,1.7079
-5.8134,-7.4031,-1.312,-0.8826,0.5413,1.4807
-5.4207,-6.4263,-0.6991,-0.962,0.5957,1.295
-5.8996,-5.4207,-0.9624,-1.0047,0.3037,1.1661
-5.9881,-5.4064,-0.9864,-1.0121,-0.6333,1.025
-6.4622,-5.3106,-1.7166,-0.9064,-1.2111,1.0005
-6.637,-5.1885,-2.6001,-0.7115,-1.6339,1.0519
-4.276,-4.6591,-3.0693,-0.4806,-1.8507,1.1832
-1.3838,-4.3311,-3.2441,-0.279,-1.7334,1.3793
0.6919,-4.2425,-2.5546,-0.2253,-1.067,1.5491
1.6687,-3.9001,-1.8052,-0.4116,-0.717,1.4599
2.4037,-2.8131,-1.6136,-0.5729,-0.6137,1.2968
2.6455,-2.6671,-1.7836,-0.6401,-0.6052,1.1001
2.4372,-3.2106,-2.3008,-0.6639,-0.4677,0.8497
0.9074,-4.3789,-1.9847,-0.6315,-0.1427,0.4929
-2.2768,-6.2946,-0.6703,-0.524,0.3434,-0.1185
-2.612,-6.4478,-0.5171,-0.5319,0.3727,-0.4453
-3.4691,-6.5939,-0.1628,-0.5692,0.3385,-0.6939
-3.7325,-6.0863,-0.2442,-0.5515,0.435,-0.8258
-3.0478,-4.9036,-0.3974,-0.4788,0.6983,-0.926
-2.9089,-4.8458,-0.4381,-0.2894,1.2548,-1.0586
-2.9185,-4.8051,-0.6464,-0.1178,1.5181,-1.1643
-3.201,-5.2412,-1.0342,0.008,1.6348,-1.3775
-4.0462,-7.1829,-1.5538,0.1234,1.6329,-1.5723
-4.1347,-7.1829,-1.5538,0.2224,1.5694,-1.7403
-5.076,-8.672,-1.2449,0.3134,1.4741,-1.915
-6.2778,-10.2426,-1.4221,0.4453,1.3049,-2.1759
-7.6521,-12.0072,-1.8243,0.5571,1.2096,-2.3164
-8.0184,-12.577,-1.8028,0.653,1.242,-2.3854
-8.0903,-12.802,-1.4245,0.7215,1.3642,-2.3616
-8.0903,-12.802,-1.4245,0.9139,1.4069,-2.1178
-6.5915,-10.7382,-0.5793,0.9139,1.4069,-2.1178
-5.9355,-10.0391,-1.3,1.157,1.1058,-1.8509
-4.9036,-8.9402,-1.8483,1.3513,0.8523,-1.7342
-4.2233,-8.1046,-1.7022,1.4514,0.8235,-1.6914
-3.6248,-7.5276,-2.6575,1.5186,0.8119,-1.6945
-3.5506,-7.4845,-2.9137,1.5852,0.694,-1.7269
-3.5697,-7.6378,-3.5984,1.5773,0.5254,-1.7959
-4.1347,-8.0089,-5.0113,1.5095,0.5145,-1.9071
-6.5292,-9.4119,-8.3105,1.4062,0.5945,-2.0482
-6.6849,-9.5364,-8.3584,1.2328,0.851,-2.1624
-7.9131,-10.4366,-8.2818,0.9768,1.2725,-2.2149
-8.7989,-11.2698,-6.5173,0.7233,1.6904,-2.2259
-9.0934,-12.0144,-3.4931,0.5498,2.0086,-2.0787
-9.012,-12.0144,-3.2417,0.6103,2.0166,-1.8356
-7.5228,-11.9641,-0.7613,0.5852,2.4289,-1.4495
-7.5228,-11.9641,-0.7613,-0.061,1.9683,-0.6524
-4.5178,-11.5331,1.2282,-0.061,1.9683,-0.6524
-4.173,-10.9489,0.8619,-0.0652,0.9298,-0.4624
-3.9408,-10.1349,-0.881,0.3275,0.7808,-0.3756
-3.845,-9.9338,-3.055,0.7318,0.8297,-0.2296
-3.7924,-9.3328,-4.9036,0.9347,0.7967,-0.0604
-3.7804,-8.8588,-4.8988,0.9157,0.6666,0.0433
-3.7493,-7.9729,-4.209,0.7398,0.4827,0.0794
-4.039,-7.2786,-3.2369,0.3549,0.0514,0.0745
-4.9467,-6.9147,-2.1284,0.1515,-0.103,0.061
-5.0712,-6.9482,-2.2577,0.0599,-0.0041,0.0855
-5.1143,-7.3097,-2.9209,0.077,0.2047,0.1838
-5.0209,-7.9705,-3.5434,0.1118,0.4039,0.3536
-4.1467,-9.9362,-4.1012,0.1167,0.457,0.5699
-4.1467,-9.9362,-4.1012,0.019,0.2347,0.9132
-3.6511,-10.8364,-3.7565,-0.1495,0.0423,1.0702
-3.1914,-11.2362,-2.8826,-0.2955,-0.1953,1.1496
-3.7445,-10.6233,-1.0606,-0.4171,-0.3382,1.1478
-3.766,-10.5778,-1.1827,-0.4391,-0.4604,1.08
-4.1587,-9.9841,-1.8507,-0.2399,-0.6724,0.9779
-4.6878,-9.2538,-1.5897,-0.1269,-0.6229,0.9114
-5.3393,-8.6744,-1.7812,-0.0365,-0.6082,0.8906
-5.8325,-8.4709,-2.2002,0.0672,-0.7182,0.9248
-6.2371,-8.2746,-2.5091,0.1485,-0.8324,0.9914
-6.3401,-8.1693,-2.5378,0.1705,-0.9051,1.0885
-6.2084,-8.2746,-2.7102,0.1595,-0.9057,1.2986
-6.2611,-8.4111,-3.1028,0.1637,-0.8678,1.4446
-6.2611,-8.4111,-3.1028,0.1436,-0.7951,1.623
-6.8094,-9.0934,-4.1491,0.1436,-0.7951,1.623
-6.9363,-9.68,-4.4627,0.0666,-0.7469,1.6878
-6.886,-9.7758,-4.5058,-0.1025,-0.6198,1.769
-7.056,-10.178,-4.0246,-0.2228,-0.4696,1.7849
-6.8381,-10.4653,-3.608,-0.3065,-0.3193,1.8051
-6.4622,-10.8484,-2.8993,-0.3273,-0.216,1.8576
-6.4622,-10.8484,-2.8993,-0.3023,-0.1415,1.9101
-6.5221,-10.9657,-2.9496,-0.2381,-0.0865,1.9663
-6.4814,-11.3296,-3.2585,-0.1337,-0.0126,2.0989
-6.2802,-11.6217,-3.6774,-0.1074,0.071,2.1899
-6.3042,-11.6049,-3.6296,-0.1275,0.1821,2.2455
-5.89,-11.107,-3.4715,-0.2027,0.3025,2.2632
-5.6697,-10.3767,-3.2776,-0.301,0.3715,2.2553
-5.234,-9.4813,-3.1387,-0.4049,0.3672,2.2247
-5.0592,-8.9785,-2.9783,-0.6059,0.3306,2.1313
-5.2268,-8.5954,-2.5881,-0.769,0.2414,2.0121
-5.7775,-8.265,-2.3223,-0.907,0.0374,1.8356
-6.2371,-7.7575,-1.5035,-0.965,-0.2081,1.6584
-6.1581,-7.5755,-1.2234,-0.9577,-0.4109,1.5351
-5.0784,-7.372,-0.5889,-0.86,-0.5765,1.5296
-3.4811,-6.9482,0.1747,-0.7995,-0.4964,1.5986
-1.5466,-5.5452,0.4764,-0.6999,-0.3773,1.6322
-1.5466,-5.5452,0.4764,-0.3077,-0.3315,1.546
-1.0989,-4.2473,-0.6775,-0.3077,-0.3315,1.546
-0.5889,-3.5434,-2.3104,-0.0909,-0.4586,1.3823
-0.9145,-2.5402,-3.2178,0.0972,-0.4054,1.0971
-0.9169,-2.4827,-3.2417,0.1387,-0.2399,0.9547
-0.6655,-2.6168,-3.1818,0.1265,-0.2912,0.8148
-0.7733,-3.6248,-2.3415,0.0556,-0.4213,0.6493
-2.6288,-4.8937,-0.8188,-0.0164,-0.2991,0.4459
-2.6288,-4.9155,-0.7302,-0.0573,0.2115,0.0507
-2.5043,-4.9922,-0.2633,-0.0335,0.3862,-0.218
-2.3535,-5.1909,0.316,0.0495,0.4497,-0.4141
-3.0957,-5.2412,0.3998,0.1314,0.4766,-0.6597
-3.0406,-5.0807,0.0239,0.2322,0.4778,-0.9627
-2.5665,-4.7668,-0.723,0.3885,0.5401,-1.1594
-2.9807,-4.5944,-1.2473,0.6262,0.7765,-1.3408
-4.1922,-4.906,-1.3886,0.6824,0.8804,-1.5693
-4.5968,-5.1861,-1.5059,0.7001,0.8779,-1.7562
-5.0688,-5.9044,-1.5753,0.7245,0.7967,-1.8668
-5.9451,-6.9841,-2.0925,0.741,0.6885,-1.9419
-6.716,-8.7702,-2.4827,0.7532,0.6055,-2.0311
-6.7088,-8.9641,-2.4301,0.73,0.6556,-2.1728
-6.6346,-9.8045,-1.9656,0.6921,0.7447,-2.2553
-6.7375,-10.3959,-1.9728,0.6634,0.8645,-2.3341
-6.8788,-10.9178,-2.4875,0.6836,0.9824,-2.3945
-6.8788,-10.9178,-2.4875,0.8186,1.2102,-2.2235
-6.3209,-10.5419,-1.9321,0.8186,1.2102,-2.2235
-6.3209,-10.5419,-1.9321,0.9744,0.9592,-2.0677
-5.5261,-9.692,-1.2665,0.9744,0.9592,-2.0677
-5.5811,-9.7016,-1.2114,1.0251,0.8205,-2.116
-6.3329,-10.0296,-2.4444,1.0452,0.7081,-2.1942
-7.0416,-10.5898,-2.5665,1.0953,0.5083,-2.2705
-7.6114,-11.1141,-2.5713,1.0709,0.523,-2.3194
-7.8413,-11.2769,-2.8538,1.0623,0.4973,-2.2797
-7.9921,-11.0686,-3.2321,1.0648,0.413,-2.1978
-7.6928,-10.5659,-3.4093,1.0391,0.3672,-2.0873
-7.044,-9.6393,-3.359,0.986,0.4143,-1.9401
-6.6896,-9.1844,-3.4931,0.8925,0.509,-1.692
-6.0648,-8.3393,-3.4715,0.8339,0.5493,-1.543
-5.641,-7.6785,-2.9712,0.7752,0.6611,-1.4159
-6.0456,-7.4486,-3.1052,0.7178,0.7631,-1.3164
-6.1007,-7.6114,-3.1842,0.6427,0.7209,-1.226
-6.388,-8.4302,-3.5913,0.5229,0.5511,-1.1026
-6.1557,-9.0743,-3.5051,0.3372,0.3104,-0.7776
-5.0065,-9.6656,-2.4013,0.2816,0.3575,-0.5381
-4.9634,-9.7399,-2.193,0.2737,0.4692,-0.3249
-4.7979,-9.8261,-1.9488,0.2902,0.6024,-0.149
-4.8267,-9.364,-1.8746,0.3128,0.6892,-0.0213
-4.2688,-8.3105,-2.0326,0.3275,0.6959,0.0812
-4.2449,-8.2674,-1.9608,0.3079,0.4644,0.229
-4.0174,-8.0927,-2.0254,0.2236,0.2597,0.3072
-3.9719,-8.2483,-2.0422,0.1271,-0.0181,0.3885
-3.7325,-8.6936,-2.612,0.0373,-0.2924,0.4776
-3.5242,-9.1365,-2.7461,-0.0121,-0.5099,0.6004
-3.0526,-9.6824,-3.1794,-0.0176,-0.5856,0.835
-2.5713,-10.0846,-4.0294,0.0116,-0.585,0.9847
-2.2768,-10.3815,-4.6351,0.0159,-0.64,1.0934
-2.4396,-10.3408,-4.7213,-0.0506,-0.6974,1.1209
-3.675,-9.9841,-2.9759,-0.1489,-0.7695,1.0641
-3.675,-9.9841,-2.9759,-0.2723,-0.9216,0.8234
-4.422,-9.5076,-1.8028,-0.2357,-0.9686,0.7367
-6.2276,-8.8133,-1.1204,-0.2357,-0.9686,0.7367
-7.2451,-8.8372,-1.209,-0.2021,-0.9845,0.6914
-7.8891,-9.0671,-1.6232,-0.1459,-1.0651,0.7055
-8.1501,-9.3999,-2.2984,-0.0384,-1.1537,0.7953
-8.1501,-9.3999,-2.2984,0.2682,-1.2173,1.2718
-7.4175,-9.522,-2.1811,0.2682,-1.2173,1.2718
-6.625,-9.6178,-2.284,0.3794,-1.1971,1.4905
-5.4207,-9.6824,-2.5043,0.4857,-1.1849,1.6639
-5.4207,-9.6824,-2.5043,0.5584,-1.1678,1.7818
-4.8554,-9.8045,-2.7676,0.5852,-1.1287,1.8594
-4.4101,-9.8045,-2.9089,0.5504,-1.0083,1.8863
-4.264,-9.7327,-2.9664,0.4679,-0.8428,1.8362
-4.3933,-9.6369,-2.8826,0.3592,-0.6504,1.7305
-5.0065,-9.5435,-2.806,0.2517,-0.4805,1.5968
-5.7942,-9.5435,-3.1196,0.1735,-0.381,1.4758
-6.6322,-9.6345,-3.608,0.1228,-0.3639,1.4324
-6.716,-9.5986,-3.9193,0.0342,-0.3352,1.507
-6.7399,-9.4023,-4.1491,-0.0475,-0.2674,1.5931
-6.625,-8.9354,-4.0988,-0.1593,-0.144,1.6609
-6.7016,-7.9969,-3.7948,-0.2961,0.0062,1.6963
-6.7447,-7.9035,-3.6894,-0.4336,0.1467,1.7092
-6.8309,-7.4223,-3.462,-0.6297,0.2646,1.7043
-6.7591,-7.0272,-3.4596,-0.7195,0.2677,1.6908
-6.1821,-6.7256,-3.1675,-0.8154,0.3666,1.6841
-6.115,-6.728,-3.1364,-0.951,0.6287,1.678
-5.9355,-6.8525,-3.0071,-1.0982,0.9078,1.6597
-5.7679,-7.0943,-2.9305,-1.2094,1.0166,1.612
-5.9427,-7.2451,-2.8898,-1.301,0.8156,1.4868
-5.9666,-7.2499,-2.8754,-1.3224,0.3996,1.3756
-5.8253,-7.4295,-2.6096,-1.3865,-0.373,1.273
-4.4915,-7.5611,-1.6735,-1.4739,-1.2539,1.2034
-1.4269,-6.8884,-0.0718,-1.5228,-1.7799,1.1777
-0.1412,-6.1797,0.7589,-1.4464,-1.6125,1.152
0.8068,-4.8841,1.1875,-1.2631,-1.0028,1.0971
1.4317,-3.596,-0.1005,-0.987,-0.4488,1.0164
1.1228,-2.4349,-2.2792,-0.7073,-0.2759,0.8399
0.6943,-2.2888,-2.8658,-0.535,-0.3321,0.5601
-0.2561,-2.8467,-3.3351,-0.5106,-0.3333,0.2675
-1.5658,-4.3526,-2.624,-0.6663,-0.0981,-0.1142
-2.0207,-6.2539,-1.6855,-0.7653,0.0587,-0.3084
-1.9967,-6.3018,-1.4867,-0.8105,0.1339,-0.4416
-1.8531,-6.3377,-1.1779,-0.7989,0.2377,-0.554
-2.1116,-6.1294,-0.7996,-0.7567,0.3996,-0.7379
-2.3535,-5.8589,0.3232,-0.6908,0.6177,-1.0158
-2.3535,-5.8589,0.3232,-0.5038,1.0331,-1.3726
-2.8514,-6.2084,0.4333,-0.3206,1.1565,-1.5968
-3.371,-6.8572,-0.0143,-0.1385,1.1388,-1.8423
-5.2507,-8.7702,-1.1516,0.0434,1.063,-2.0555
-5.4255,-8.9498,-1.3479,0.2047,1.016,-2.2266
-7.1326,-10.3312,-2.3343,0.3898,0.9268,-2.4575
-8.3919,-11.3847,-2.9616,0.4386,0.9952,-2.5479
-8.787,-11.9737,-3.2202,0.4496,1.1754,-2.5326
-8.4207,-11.9042,-3.0933,0.4423,1.3929,-2.441
-7.9945,-11.4852,-2.6312,0.4453,1.5633,-2.295
-7.4366,-10.7646,-2.0614,0.4734,1.6372,-2.141
-6.1964,-9.8811,-1.1587,0.5749,1.5847,-1.9211
-5.6865,-9.5842,-1.063,0.6872,1.4411,-1.7904
-5.0975,-9.3951,-1.4317,0.843,1.2402,-1.7189
-4.8458,-9.3137,-1.6543,0.9951,1.099,-1.7226
-5.1047,-9.1868,-1.6998,1.1216,1.0709,-1.7855
-5.1861,-9.1772,-1.6855,1.3097,1.0184,-1.9205
-5.3345,-9.2036,-0.8738,1.4386,0.8785,-1.9804
-6.1198,-9.4286,-2.6264,1.5669,0.6837,-2.0152
-6.3592,-9.6345,-4.3574,1.6854,0.5077,-2.0207
-6.3401,-9.6369,-4.4556,1.6701,0.5316,-1.9486
-6.2515,-9.5818,-5.143,1.5376,0.5652,-1.7763
-6.206,-9.4382,-5.3896,1.3922,0.6183,-1.6859
-6.1701,-8.8253,-5.6577,1.2242,0.6788,-1.6194
-6.1725,-8.775,-5.6099,1.0452,0.7417,-1.5473
-6.1605,-8.3991,-4.9562,0.854,0.8529,-1.4471
-6.1869,-7.9394,-4.2568,0.65,0.9378,-1.3304
-5.9618,-8.2411,-3.3638,0.4356,0.8669,-1.174
-5.7511,-8.7367,-2.521,0.0556,0.5071,-0.8607
-5.5045,-9.2299,-1.7142,-0.1098,0.3831,-0.6695
-5.3537,-9.4478,-1.6256,-0.1227,0.3752,-0.5161
-5.3657,-9.2299,-1.9728,-0.0121,0.5163,-0.3866
-5.4734,-9.0958,-2.3127,0.1228,0.7777,-0.2645
-5.6051,-8.8564,-2.952,0.2053,0.9677,-0.072
-5.6218,-8.6936,-2.6815,0.1308,0.9231,0.0592
-4.7213,-9.0695,-2.2026,0.011,0.7716,0.2052
-4.6279,-9.3185,-2.2553,-0.108,0.4167,0.3762
-4.3335,-10.1948,-2.7198,-0.2393,-0.0371,0.543
-3.9719,-10.9106,-2.9448,-0.3365,-0.4689,0.7336
-3.924,-11.3392,-3.189,-0.4238,-0.8287,1.0286
-3.9695,-11.1836,-3.1292,-0.4599,-0.965,1.1527
-4.2305,-10.5994,-2.952,-0.4898,-1.045,1.1832
-4.5801,-9.8907,-2.4756,-0.4617,-1.0578,1.1533
-4.7261,-8.7271,-2.0661,-0.3438,-0.9766,1.1111
-4.7261,-8.6864,-2.0661,-0.0292,-0.9277,1.0745
-4.7524,-8.4111,-2.3127,0.1784,-0.9277,1.0702
-5.0281,-8.2243,-2.4444,0.2877,-0.8666,1.0751
-5.222,-8.3847,-2.6886,0.3195,-0.8874,1.1001
-5.3609,-8.5691,-2.8826,0.3024,-1.0346,1.1508
-6.0049,-8.6744,-2.4612,0.2706,-1.2209,1.1948
-6.874,-8.9091,-2.363,0.2193,-1.384,1.2357
-6.874,-8.9091,-2.363,0.3048,-1.4164,1.4196
-7.6042,-9.5579,-3.3375,0.3048,-1.4164,1.4196
-7.7455,-9.8069,-3.3638,0.3195,-1.2368,1.5228
-6.9793,-9.9793,-3.1962,0.2963,-1.001,1.6548
-6.2659,-9.9098,-3.3542,0.2651,-0.767,1.8161
-6.1964,-9.9242,-3.3518,0.2706,-0.4237,1.9785
-5.9881,-10.2139,-3.7708,0.2877,-0.2099,2.0409
-6.0169,-10.6066,-3.8738,0.3103,-0.0279,2.0714
-6.2036,-11.399,-4.2999,0.303,0.1412,2.0665
-6.1797,-11.4326,-4.355,0.2658,0.2133,2.047
-5.6506,-11.4948,-4.0677,0.1338,0.2903,2.0134
-5.1789,-11.253,-3.4117,-0.0274,0.3587,2.0066
-4.039,-10.1541,-1.7717,-0.1978,0.4155,1.9694
-4.0031,-10.0607,-1.6855,-0.3407,0.4247,1.9223
-4.0366,-9.352,-1.1923,-0.4244,0.3281,1.8442
-4.3598,-8.775,-0.9145,-0.4385,0.1284,1.7366
-5.0496,-8.1094,-0.7469,-0.389,-0.2331,1.5577
-5.5237,-7.6186,-1.1707,-0.3249,-0.4494,1.4581
-5.9786,-7.135,-1.7477,-0.2412,-0.6302,1.397
-6.9674,-6.6226,-2.9185,-0.1813,-0.7622,1.3573
-8.8851,-6.2108,-4.6279,-0.1685,-0.9039,1.2968
-9.4741,-5.957,-5.0017,-0.3139,-1.1775,1.273
-9.206,-5.2412,-4.707,-0.5093,-1.4146,1.3341
-6.5412,-3.9432,-2.8299,-0.7451,-1.5404,1.4379
-2.1954,-2.885,-0.3399,-0.9424,-1.4268,1.5192
-1.6065,-2.8586,-0.1723,-1.006,-1.0749,1.5632
-1.6065,-2.8586,-0.1723,-0.7946,-0.136,1.6493
0.6536,-3.0334,-0.3256,-0.5887,-0.1574,1.4672
1.695,-3.62,-5.8182,-0.5887,-0.1574,1.4672
1.695,-3.62,-5.8182,-0.5301,-0.2594,1.1685
1.695,-3.62,-5.8182,-1.0267,0.2982,0.5503
0.5913,-5.2771,-2.5761,-1.0267,0.2982,0.5503
-2.8826,-6.3162,1.4365,-1.4006,0.5749,0.2339
-2.9376,-6.3521,1.6112,-1.5857,0.388,-0.3426
-2.8155,-6.2898,2.4349,-1.444,0.3862,-0.532
-2.3223,-5.7631,2.2242,-1.1709,0.6195,-0.6914
-1.616,-4.961,1.7238,-0.8398,0.9048,-0.8863
-1.4413,-4.8602,1.0247,-0.5093,1.0997,-1.1068
-2.0039,-5.2771,-0.1412,-0.075,1.0508,-1.507
-2.7365,-5.9235,-1.0678,0.1295,0.8822,-1.8118
-4.2712,-7.4654,-1.2162,0.267,0.8095,-2.0586
-4.9395,-8.2866,-1.4508,0.3727,0.7906,-2.2534
-6.613,-9.6824,-1.9057,0.4686,0.6965,-2.4312
-8.0112,-10.7526,-1.9369,0.5107,0.6446,-2.6108
-9.0192,-11.5642,-1.3455,0.4936,0.8523,-2.7159
-9.0072,-11.672,-1.4125,0.5394,1.0178,-2.6578
-7.8532,-11.6456,-2.1475,0.6885,1.0288,-2.5802
-7.0057,-11.3488,-2.5306,0.7868,1.1559,-2.3994
-5.9379,-10.7981,-2.6839,0.8571,1.308,-2.2718
-5.7727,-10.7191,-2.7198,0.9896,1.2823,-2.127
-5.2579,-10.1876,-2.4013,1.0489,1.195,-2.0433
-4.762,-9.7087,-2.2697,1.077,1.0545,-1.995
-4.5681,-9.4861,-3.3303,1.1087,0.8199,-1.9553
-4.5681,-9.4861,-3.3303,1.1197,0.633,-1.9443
-4.8817,-9.7016,-3.4093,1.0776,0.6042,-1.9889
-5.4159,-9.9913,-3.5075,0.9896,0.7111,-2.1105
-6.0839,-10.4007,-4.197,0.9731,0.6513,-2.174
-6.6896,-10.6114,-4.865,0.956,0.5664,-2.204
-7.4893,-10.6951,-5.4997,0.887,0.5676,-2.2198
-8.0352,-10.6999,-5.8708,0.774,0.7154,-2.1936
-8.2004,-10.1995,-4.6782,0.6353,0.9622,-2.1019
-8.1022,-9.7183,-3.869,0.3977,1.319,-1.8228
-8.1022,-9.7183,-3.869,-0.0054,0.713,-1.1685
-6.2252,-9.036,-1.2449,-0.0054,0.713,-1.1685
-4.5058,-8.9139,-0.3399,-0.1697,0.1357,-0.8503
-4.3957,-8.9043,-0.3256,-0.1624,-0.1769,-0.6145
-4.3646,-8.7247,-0.4501,0.1069,-0.1146,-0.4434
-4.865,-8.2531,-1.1683,0.3739,0.0478,-0.4117
-6.1246,-7.4678,-3.2776,0.6158,0.1608,-0.3848
-6.2276,-7.3337,-3.4979,0.7441,0.1168,-0.3182
-6.3497,-6.9075,-3.9552,0.6927,-0.0291,-0.226
-6.4574,-6.479,-4.0174,0.5187,-0.2344,-0.1307
-6.4574,-6.479,-4.0174,0.0257,-0.7597,0.2583
-5.6697,-6.1964,-3.9935,-0.0707,-0.9839,0.5051
-4.6902,-6.4526,-4.5441,-0.0707,-0.9839,0.5051
-3.8355,-7.1493,-4.4795,-0.163,-1.0432,0.7452
-2.952,-8.775,-3.687,-0.2607,-0.9271,0.9523
-2.636,-9.9122,-3.3087,-0.3762,-0.7573,1.2089
-2.5809,-11.5523,-3.0023,-0.4244,-0.7096,1.3011
-2.624,-12.8954,-2.7509,-0.4464,-0.6589,1.3066
-2.8036,-13.6089,-2.0326,-0.4702,-0.629,1.2479
-2.7485,-13.5826,-2.0853,-0.5173,-0.698,1.1734
-2.4923,-13.2833,-2.047,-0.5533,-0.8263,1.1087
-3.098,-12.5291,-1.5107,-0.5906,-0.8605,0.9657
-5.0233,-10.9825,-1.1324,-0.5759,-0.9039,0.7922
-5.2938,-10.7813,-1.1013,-0.4941,-1.045,0.6414
-5.8756,-10.1181,-0.8116,-0.367,-1.1287,0.5815
-5.981,-9.9098,-0.9816,-0.1996,-1.1574,0.642
-5.9953,-9.522,-1.707,0.0159,-1.1623,0.7629
-5.9738,-9.4286,-1.7501,0.3183,-1.1782,0.8955
-5.8565,-8.9665,-1.9656,0.4484,-1.2008,0.9498
-5.7894,-8.5116,-2.2313,0.5266,-1.2056,0.9908
-5.4542,-8.0639,-2.6839,0.5571,-1.202,1.039
-5.4351,-8.0591,-2.6982,0.537,-1.1409,1.0946
-5.5189,-8.0735,-2.9424,0.4496,-0.9283,1.1472
-5.5189,-8.0735,-2.9424,0.2725,-0.5306,1.0842
-7.4319,-8.0903,-3.9719,0.2725,-0.5306,1.0842
-8.0663,-8.1621,-4.434,0.1613,-0.2973,1.0726
-8.4661,-8.3321,-4.5178,0.0275,-0.0481,1.1374
-8.7271,-8.4877,-4.1228,-0.1373,0.1669,1.2528
-8.7678,-8.6577,-4.0174,-0.3572,0.2725,1.4398
-8.6218,-8.8875,-3.778,-0.4641,0.2322,1.5986
-7.9873,-9.2179,-3.3375,-0.5808,0.2658,1.8002
-6.8884,-9.9649,-2.7461,-0.6871,0.3898,2.0225
-5.0353,-10.7885,-1.731,-0.7867,0.6598,2.2278
-4.9155,-10.8436,-1.6208,-0.9449,1.245,2.3585
-3.8594,-10.6425,-0.9002,-1.0518,1.5315,2.3121
-3.1794,-9.8069,-0.4955,-1.1544,1.5645,2.1972
-3.7852,-8.289,-0.5147,-1.2405,1.2567,1.9975
-3.9001,-8.1381,-0.4932,-1.32,0.6867,1.7886
-3.9001,-8.1381,-0.4932,-1.0609,-0.8336,1.452
-5.1286,-7.1876,-1.3024,-1.0609,-0.8336,1.452
-3.1244,-5.4279,-3.1411,-0.7628,-1.3529,1.3793
-3.1244,-5.4279,-3.1411,-0.4354,-1.7182,1.3237
-1.4532,-3.9863,-3.541,-0.1764,-1.844,1.2889
-0.1364,-3.0214,-2.6001,-0.1489,-1.4445,1.2412
0.8044,-2.6312,-1.5394,-0.3365,-0.6944,1.2186
1.2066,-2.5163,-1.6807,-0.5881,0.0954,1.1459
1.4772,-2.794,-2.6288,-0.5203,0.0771,0.9694
1.3383,-3.0861,-3.3375,-0.3884,-0.0065,0.6542
0.0263,-5.0592,-2.035,-0.331,0.1168,0.2797
-1.2066,-5.7775,-1.2066,-0.4287,0.3025,-0.047
-2.7054,-6.455,-0.9983,-0.6431,0.1278,-0.5705
-3.2106,-6.3976,-0.0407,-0.7476,-0.0829,-0.8124
-3.4572,-5.5668,1.2665,-0.8062,0.0716,-0.9602
-3.5027,-5.4925,1.2976,-0.7445,0.4308,-1.1105
-3.5362,-5.2076,1.0917,-0.5594,0.8608,-1.2944
-3.4452,-5.234,0.2011,-0.2619,1.1797,-1.4251
-4.2497,-6.546,-1.6735,0.1876,1.3092,-1.6077
-4.4196,-6.7758,-1.8698,0.3806,1.2176,-1.7855
-5.3345,-7.9131,-2.6599,0.4643,1.1198,-1.9761
-6.1414,-8.9354,-3.3399,0.4814,1.0752,-2.1349
-7.0919,-10.9561,-3.4763,0.4563,1.0881,-2.2241
-7.0919,-11.0782,-3.4763,0.3928,1.2151,-2.2308
-7.3385,-12.079,-3.7373,0.3891,1.256,-2.1862
-7.554,-12.5387,-2.8658,0.405,1.2591,-2.1557
-7.53,-11.6097,-1.5466,0.3989,1.2854,-2.1386
-6.8668,-10.7526,-0.893,0.4282,1.2255,-2.0647
-5.8804,-9.7662,-0.316,0.5125,1.1003,-1.9046
-5.1406,-9.0384,-0.2753,0.7471,0.9482,-1.7305
-4.6184,-8.629,-1.1348,0.9627,0.9201,-1.6817
-4.5609,-8.6026,-1.5442,1.2022,0.9427,-1.6615
-4.7165,-8.684,-1.9919,1.4166,1.0172,-1.6578
-5.0879,-9.0815,-2.5737,1.5828,1.0856,-1.6584
-5.404,-9.7135,-3.5003,1.7111,1.0795,-1.645
-5.483,-9.771,-3.6655,1.8027,1.0392,-1.5741
-5.6889,-9.9458,-4.4173,1.8057,0.9915,-1.5186
-5.6482,-10.0032,-5.0544,1.7477,0.9873,-1.4459
-5.6147,-9.5268,-6.6873,1.6481,1.0105,-1.3671
-5.562,-9.431,-6.7591,1.5095,1.0538,-1.3115
-5.5452,-8.6361,-6.7687,1.1796,1.2273,-1.2565
-5.6147,-7.6689,-5.9977,0.9004,1.3367,-1.2394
-5.811,-8.1214,-3.8426,0.5529,1.2707,-1.2107
-5.8445,-8.2243,-3.7397,0.1839,0.9225,-1.1313
-5.9115,-9.4142,-2.624,-0.1013,0.523,-0.9999
-6.1246,-10.1421,-1.8076,-0.2302,0.2554,-0.8509
-6.0217,-10.1229,-1.3431,-0.1624,0.4546,-0.6579
-5.8158,-9.6704,-1.209,0.0086,0.8003,-0.5112
-5.5572,-9.2275,-1.4006,0.1674,1.041,-0.3518
-5.4973,-8.9689,-2.2146,0.2645,1.0038,-0.2076
-5.7296,-8.775,-2.5785,0.2456,0.6879,-0.1056
-5.6554,-8.708,-2.7988,0.0458,0.2115,0.0427
-5.2675,-8.8325,-3.3614,-0.0237,-0.0053,0.1899
-4.7333,-9.285,-3.2202,-0.0445,-0.0835,0.3543
-3.9935,-10.9848,-3.0621,-0.0426,-0.1049,0.5222
-3.8786,-11.2123,-2.8467,-0.0304,-0.1843,0.6798
-3.2848,-11.9497,-1.786,-0.039,-0.2985,0.8197
-2.9137,-12.2873,-1.9608,-0.0377,-0.563,0.9376
-2.4037,-10.8771,-1.2713,-0.031,-0.7163,0.9321
-2.4277,-10.6353,-1.063,-0.0707,-0.7945,0.8772
-2.873,-9.5914,-0.7876,-0.0958,-0.8874,0.802
-3.6918,-8.6218,-0.9624,-0.064,-0.9662,0.7116
-4.5106,-7.8748,-1.8531,0.0104,-0.9521,0.6401
-4.5106,-7.8748,-1.8531,0.1411,-0.9399,0.678
-4.8793,-7.7862,-2.272,0.2328,-0.9491,0.744
-5.2244,-7.7838,-2.6216,0.3097,-0.9149,0.8271
-5.3872,-8.0136,-3.1747,0.3885,-0.9124,0.9279
-5.55,-8.095,-3.3039,0.4704,-0.8691,1.0445
-5.7487,-8.3009,-3.3446,0.5565,-0.7603,1.2101
-5.9786,-8.4997,-3.5027,0.5816,-0.7921,1.2919
-6.4766,-8.9258,-3.7181,0.5755,-0.8886,1.3548
-6.5077,-9.2491,-3.778,0.526,-0.9589,1.4141
-6.5244,-9.7087,-3.3877,0.427,-0.946,1.4868
-6.3233,-10.1397,-2.8275,0.303,-0.811,1.5509
-6.388,-10.1995,-2.3319,0.1723,-0.5404,1.5839
-6.3281,-10.1588,-2.2553,0.1338,-0.3584,1.5748
-6.0025,-10.0272,-1.9201,0.1191,-0.2167,1.5974
-5.9139,-9.9721,-2.0039,0.1387,-0.1776,1.6438
-6.534,-10.0798,-3.0358,0.19,-0.2289,1.678
-6.534,-10.0894,-3.0358,0.2566,-0.3156,1.7159
-6.9003,-10.1229,-3.881,0.2432,-0.315,1.7519
-6.8836,-9.9625,-4.2712,0.1442,-0.2319,1.827
-6.8453,-9.5459,-4.2401,-0.0243,-0.1079,1.9138
-6.9123,-9.5268,-4.1826,-0.2094,-0.0035,1.9437
-6.8836,-9.1389,-3.9887,-0.3731,0.0258,1.8961
-6.4239,-8.3273,-3.517,-0.6077,0.074,1.736
-6.4239,-8.3273,-3.517,-0.9803,0.4741,1.5546
-5.2172,-7.0009,-2.1954,-0.9803,0.4741,1.5546
-5.234,-6.6777,-2.1475,-1.1068,0.5297,1.474
-5.5189,-6.6537,-2.2912,-1.1801,0.4002,1.4104
-6.0073,-6.8716,-2.6934,-1.2106,0.1162,1.3622
-5.8804,-6.9003,-2.7269,-1.1721,-0.4812,1.3151
-5.0185,-6.8644,-1.9991,-1.1373,-0.8373,1.3255
-3.6008,-6.7758,-1.2904,-1.1379,-1.0309,1.3658
-1.0821,-5.8613,-0.3327,-1.1294,-1.0578,1.3952
-0.6153,-5.6338,-0.3208,-1.0695,-0.9564,1.3915
-0.0646,-4.762,-0.5602,-0.8771,-0.7573,1.3139
-0.1029,-4.0988,-1.482,-0.7409,-0.7163,1.1569
-1.13,-3.1699,-3.055,-0.6217,-0.7243,0.9431
-1.3694,-3.2082,-3.1268,-0.5814,-0.6876,0.7104
-1.8818,-3.96,-3.268,-0.659,-0.6449,0.4483
-1.9009,-5.0807,-2.363,-0.7763,-0.5655,0.2327
-2.3965,-6.0576,0.8044,-0.9418,-0.2167,0.0311
-2.4492,-6.0743,0.9409,-1.0249,-0.0334,-0.1484
-2.4971,-6.2611,1.8267,-0.9876,0.1247,-0.372
-2.3343,-6.2419,1.8674,-0.7897,0.311,-0.518
-2.0997,-6.0241,1.154,-0.5362,0.424,-0.6792
-1.7717,-5.5428,0.6081,-0.199,0.446,-0.9633
-1.3215,-5.1693,-0.158,0.0098,0.5535,-1.0696
-1.7094,-5.1909,-1.2545,0.1662,0.6666,-1.2302
-2.7485,-5.6362,-2.0733,0.248,0.7002,-1.5082
-3.2178,-5.9211,-2.193,0.2767,0.7374,-1.7715
-4.288,-6.613,-2.1499,0.2957,0.7985,-1.9785
-5.2795,-7.6737,-2.3582,0.3207,0.8388,-2.2314
-7.1637,-9.1844,-2.2266,0.3507,0.8217,-2.3707
-7.3337,-9.3209,-2.1715,0.4081,0.8407,-2.477
-7.6186,-9.8476,-1.3646,0.4979,0.9237,-2.4984
-7.2499,-10.3935,-2.2337,0.6084,1.0783,-2.4367
-6.7351,-11.1692,-3.2992,0.7801,1.143,-2.3066
-6.625,-11.2195,-3.2178,0.8968,1.4375,-2.1221
-6.4335,-11.2698,-2.7293,0.9127,1.578,-2.014
-6.194,-11.3272,-2.5953,0.8717,1.6354,-1.9077
-5.9259,-11.2458,-2.5953,0.8662,1.4039,-1.8246
-5.9259,-11.2458,-2.5953,0.8583,1.0496,-1.8026
-6.0456,-11.241,-2.8251,0.8626,0.5645,-1.8533
-6.194,-11.2314,-2.8514,0.8711,0.4094,-1.893
-6.4885,-11.0136,-3.019,0.8797,0.4027,-1.9278
-6.637,-10.6832,-3.3494,0.9108,0.4546,-1.9352
-6.5987,-10.1469,-4.0797,0.9414,0.5554,-1.8955
-6.2994,-9.6321,-4.2401,0.9499,0.702,-1.8032
-5.5644,-9.0384,-4.1036,0.8681,1.0374,-1.579
-5.3034,-8.5404,-4.027,0.8094,1.2267,-1.4355
-5.3728,-7.7479,-3.7086,0.7343,1.3049,-1.3518
-6.0097,-7.5635,-3.1723,0.5303,1.1779,-1.3213
-5.8349,-7.8341,-1.7453,0.2163,0.815,-1.3035
-5.7272,-7.9322,-1.6855,-0.108,0.3196,-1.1276
-5.5428,-8.0591,-1.7166,-0.0726,0.1113,-0.9963
-5.6242,-8.2267,-2.2122,0.0947,0.0899,-0.9114
-6.0959,-9.0575,-2.6647,0.2914,0.297,-0.8393
-6.0959,-9.0575,-2.6647,0.4533,0.7979,-0.5534
-6.4335,-9.4717,-3.0573,0.4533,0.7979,-0.5534
-6.8022,-9.2706,-3.6056,0.2871,0.556,-0.3036
-6.0696,-8.2315,-2.3295,0.0959,0.319,-0.1191
-5.9546,-8.1764,-2.1452,-0.0811,0.1009,0.102
-5.1526,-8.0998,-2.0159,-0.1734,-0.1226,0.3463
-4.6854,-8.5475,-3.6152,-0.1453,-0.3572,0.5522
-3.8187,-9.2778,-3.7588,-0.0836,-0.5416,0.722
-3.2465,-9.8739,-3.268,-0.1703,-0.5856,0.9346
-2.8155,-11.0351,-3.0669,-0.2228,-0.607,1.0323
-2.5426,-11.8013,-2.9927,-0.2033,-0.5984,1.0677
-2.3918,-12.0598,-2.2649,-0.1868,-0.541,1.047
-2.4732,-11.9856,-2.1954,-0.188,-0.5343,0.9902
-2.6551,-11.3679,-2.4995,-0.2051,-0.6632,0.8998
-2.6551,-11.3679,-2.4995,-0.3707,-0.7328,0.8216
-3.3734,-9.2467,-1.2761,-0.3707,-0.7328,0.8216
-3.4596,-9.1078,-1.2976,-0.3316,-0.8458,0.8216
-3.5266,-8.9617,-1.3048,-0.2326,-0.7982,0.8185
-3.8666,-9.1365,-1.2234,-0.1153,-0.7377,0.8362
-5.3633,-10.0655,-1.9153,0.113,-0.7909,0.8436
-5.483,-10.1181,-2.0039,0.3171,-0.8446,0.8161
-6.2395,-10.3863,-2.5139,0.5095,-0.9509,0.7916
-6.9937,-10.3983,-2.964,0.6262,-1.0676,0.7977
-6.9937,-10.3983,-2.964,0.5926,-1.2869,0.9242
-7.1326,-9.6082,-3.2082,0.5926,-1.2869,0.9242
-6.2731,-8.945,-2.8443,0.5015,-1.304,1.0183
-5.5596,-8.3249,-2.6001,0.4001,-1.2264,1.1123
-5.1191,-7.7048,-2.3654,0.3232,-1.0658,1.1575
-5.0281,-7.4917,-2.3175,0.2725,-0.8312,1.2021
-5.4973,-7.4031,-2.7006,0.2413,-0.582,1.2638
-6.1557,-7.7215,-3.0166,0.2267,-0.2399,1.3958
-7.1134,-8.6529,-3.3638,0.2096,-0.0145,1.5173
-7.4989,-9.1126,-3.7421,0.1827,0.1705,1.645
-8.2914,-9.9146,-4.0725,0.1521,0.2897,1.7666
-8.8516,-10.5706,-4.4101,0.1216,0.3514,1.8918
-8.6864,-11.0806,-3.9671,0.0636,0.4045,2.0189
-8.4925,-11.0854,-3.7876,-0.1019,0.5273,2.1771
-7.5875,-10.767,-2.8083,-0.254,0.694,2.2492
-6.1126,-9.8356,-1.5322,-0.4379,0.9818,2.2797
-3.4356,-8.0208,-0.2657,-0.6468,1.297,2.3054
-3.3949,-7.9394,-0.2657,-0.8337,1.3251,2.3096
-3.3494,-7.3457,-0.2609,-1.0237,0.6018,2.1642
-4.3742,-7.1829,-0.9313,-1.0781,-0.1372,1.9492
-7.7,-7.1948,-4.1204,-1.0219,-0.8428,1.6578
-7.7215,-7.1422,-4.2066,-0.8966,-1.26,1.4324
-7.2116,-6.5771,-4.0749,-0.816,-1.2832,1.397
-7.2116,-6.5771,-4.0749,-0.7555,-0.4451,1.7336
-1.2832,-5.2268,-2.3439,-0.7555,-0.4451,1.7336
0.2418,-4.5705,-1.8962,-0.7305,-0.4127,1.8423
1.6567,-3.6487,-0.9888,-0.7818,-0.6443,1.8197
2.4564,-2.8778,0.3471,-0.9345,-0.9692,1.6743
1.4149,-2.6479,0.146,-1.0182,-1.0554,1.353
0.146,-3.4883,-0.7589,-0.7396,-0.8446,0.6285
-1.2737,-4.7381,-2.5306,-0.4812,-0.6125,0.1521
-1.9177,-5.4973,-3.019,-0.3395,-0.2362,-0.105
-3.1579,-5.7487,-1.6567,-0.3835,0.132,-0.2638
-3.1579,-5.7487,-1.6567,-0.7115,0.1614,-0.664
-3.4979,-6.127,-0.9744,-0.7115,0.1614,-0.664
-2.9831,-6.0169,-1.5131,-0.736,0.1693,-0.9175
-3.1028,-5.0329,0.0981,-0.6956,0.4521,-1.0665
-3.1028,-5.0329,0.0981,-0.6175,0.837,-1.2168
-3.6583,-5.2651,-0.7469,-0.4324,0.9555,-1.3781
-4.0485,-5.6625,-1.3215,-0.2436,0.7979,-1.609
-5.0281,-6.8094,-1.0127,-0.1508,0.7509,-1.8014
-5.1262,-6.953,-1.0534,-0.0439,0.8523,-1.9523
-6.2731,-8.2602,-1.3359,0.0403,0.7643,-2.0879
-6.9434,-9.182,-1.9129,0.0837,0.7154,-2.2443
-6.7734,-9.7854,-2.7509,0.1308,0.7539,-2.3017
-6.6394,-9.8931,-3.0645,0.168,0.881,-2.2797
-6.4454,-9.8021,-3.031,0.1857,1.1076,-2.2986
-6.3425,-9.8045,-3.0238,0.1888,1.206,-2.306
-6.4598,-9.5627,-2.6719,0.2034,1.2206,-2.2693
-6.5077,-9.4238,-2.4564,0.2224,1.2127,-2.2186
-6.4215,-9.1317,-2.1523,0.2395,1.187,-2.1355
-6.4526,-8.9234,-1.7142,0.2786,1.0856,-2.0518
-6.6896,-8.8875,-1.2354,0.3458,0.9225,-1.9865
-6.7184,-8.9043,-1.2042,0.4038,0.8785,-1.9688
-6.6968,-9.1102,-0.9792,0.4851,0.8773,-1.9144
-6.4407,-9.3041,-0.8475,0.6097,0.8706,-1.8044
-5.7392,-9.8021,-1.3263,0.774,0.8736,-1.6743
-5.7392,-9.8021,-1.3263,1.0825,0.7887,-1.5155
-5.7296,-10.427,-1.9752,1.2944,0.6238,-1.4666
-6.1342,-10.7526,-2.8083,1.3665,0.7057,-1.4514
-6.1869,-11.15,-4.6375,1.3989,0.7246,-1.4343
-6.1821,-11.162,-4.7357,1.3995,0.6867,-1.3408
-5.9211,-10.992,-5.6697,1.3531,0.6482,-1.1954
-5.6817,-10.7023,-5.7822,1.168,0.7374,-1.014
-4.9179,-9.7949,-5.2052,0.9915,0.8327,-0.8784
-4.4723,-9.2107,-4.3287,0.8058,0.8657,-0.7446
-4.0318,-8.9187,-3.5458,0.5944,0.746,-0.6365
-4.2209,-9.4166,-3.4931,0.3946,0.4399,-0.5583
-4.6495,-9.5411,-3.1028,0.2285,0.1785,-0.5283
-4.671,-9.3137,-2.7844,0.1014,0.2359,-0.4703
-4.9826,-8.6481,-2.7605,0.1277,0.4302,-0.3897
-5.3058,-7.8149,-2.7222,0.1491,0.5364,-0.3274
-5.3968,-6.7567,-0.9576,0.0593,0.5682,-0.2504
-5.3944,-6.7136,-1.0199,-0.0915,0.4747,-0.127
-5.3633,-6.7399,-1.549,-0.2198,0.008,0.0861
-5.0472,-7.044,-1.1085,-0.2485,-0.0682,0.2284
-4.537,-8.8612,-2.4612,-0.2008,-0.0096,0.4105
-4.5034,-8.9785,-2.5354,-0.061,-0.0303,0.5943
-4.3239,-9.9984,-3.1842,0.044,-0.0829,0.7709
-4.1299,-10.755,-3.7086,0.055,-0.2038,0.9309
-3.8091,-11.9018,-4.0773,0.0061,-0.4011,1.0958
-3.8043,-11.9282,-4.1395,-0.0139,-0.4164,1.1264
-3.9336,-11.8683,-4.3239,-0.0481,-0.4897,1.0922
-4.4867,-11.0519,-3.687,-0.1288,-0.6259,1.0018
-5.3513,-9.6202,-0.7589,-0.2876,-0.6223,0.8936
-5.1885,-9.2299,-0.304,-0.3908,-0.6717,0.9132
-5.1071,-9.2802,-0.2849,-0.2613,-0.7835,1.028
-4.9323,-9.498,-0.3016,-0.0817,-0.7591,1.1142
-5.2723,-9.6489,-0.2609,0.0752,-0.8342,1.1881
-5.4662,-9.7806,-0.4118,0.2224,-1.0432,1.24
-5.5979,-9.9362,-0.905,0.4117,-1.2118,1.2822
-5.7966,-9.6561,-1.6328,0.719,-1.3559,1.3054
-6.7304,-8.9546,-3.3111,0.8583,-1.3846,1.2913
-6.8884,-8.8851,-3.5817,0.9194,-1.3443,1.2742
-7.1876,-8.4685,-4.2449,0.8907,-1.2399,1.2822
-7.3217,-8.0927,-4.6543,0.7679,-1.0926,1.3267
-6.2515,-7.6378,-3.6415,0.5932,-0.9381,1.3829
-6.2132,-7.6042,-3.5434,0.303,-0.6608,1.4593
-5.7775,-7.5659,-3.0813,0.1668,-0.4934,1.4618
-5.8182,-7.7527,-2.9328,0.1008,-0.3608,1.4001
-7.1709,-8.526,-3.4093,0.0758,-0.2496,1.3145
-7.1924,-8.5739,-3.4835,0.0623,-0.1372,1.2455
-7.6138,-8.8372,-3.4428,-0.0005,0.0997,1.2327
-7.8772,-9.0192,-3.5218,-0.0903,0.2835,1.2938
-7.6114,-8.7056,-3.4237,-0.1917,0.4124,1.3756
-7.5731,-8.3991,-3.2417,-0.3108,0.5242,1.4648
-7.5037,-8.2267,-3.1747,-0.4214,0.6207,1.5192
-7.4438,-8.1022,-3.0765,-0.5063,0.6727,1.5399
-6.8812,-7.858,-2.6791,-0.6309,0.757,1.5234
-6.2108,-7.542,-2.4061,-0.7457,0.8657,1.5051
-5.325,-7.0871,-2.2816,-0.8759,0.9402,1.5008
-4.7477,-7.0248,-2.1883,-1.0133,0.892,1.488
-4.6591,-7.2738,-1.7717,-1.1666,0.6904,1.4385
-4.8027,-7.3361,-1.7046,-1.3719,0.1021,1.2406
-5.72,-7.5683,-1.6855,-1.4324,-0.3553,1.0531
-6.8668,-7.7024,-2.059,-1.3878,-0.7585,0.9016
-5.1669,-6.953,-1.2856,-1.2809,-1.0199,0.8436
-4.7022,-6.728,-1.1851,-1.1727,-1.114,0.8973
-2.6671,-5.7679,-1.13,-1.0463,-1.1415,0.9914
-1.063,-4.6854,-0.4309,-0.904,-1.0761,1.028
0.3232,-2.9496,-1.2617,-0.8801,-0.9069,0.9718
0.3232,-2.9496,-1.2617,-0.6486,-0.7988,0.722
0.5339,-2.5498,-2.9568,-0.6486,-0.7988,0.722
0.5051,-2.4229,-3.9145,-0.5289,-0.7182,0.5381
-0.0598,-2.4157,-3.7756,-0.5099,-0.3798,0.3249
-0.9289,-3.7181,-2.7102,-0.6639,0.2212,0.1032
-2.5522,-5.3106,-1.6903,-0.8496,0.289,-0.091
-2.6982,-6.2252,-1.4269,-0.9388,0.0093,-0.3524
-2.9209,-6.5556,-0.3112,-0.9235,-0.2179,-0.4862
-3.2154,-6.5891,-0.0047,-0.9027,-0.1128,-0.6591
-3.541,-6.6944,0.4644,-0.7549,0.3379,-1.0537
-3.6918,-6.8572,0.6296,-0.5539,0.6971,-1.2864
-4.4244,-7.2499,-0.4572,-0.2986,0.9292,-1.4721
-4.5801,-7.3576,-1.1228,-0.0384,0.939,-1.6358
-4.8602,-7.5276,-1.8938,0.1723,0.8248,-1.7867
-4.9012,-7.7646,-2.3511,0.2645,0.895,-1.8716
-4.8722,-8.4063,-2.9089,0.3073,1.1363,-1.9193
-4.8051,-8.4853,-2.8562,0.2926,1.2622,-1.9963
-5.0137,-9.1126,-2.3319,0.2432,1.3886,-2.0995
-5.4949,-9.7782,-1.9201,0.1986,1.4369,-2.2412
-6.9746,-10.7957,-1.3862,0.2065,1.3691,-2.3903
-7.0129,-10.834,-1.379,0.3604,1.1901,-2.4514
-7.2619,-11.095,-1.4748,0.5339,1.074,-2.3249
-7.0751,-10.6736,-0.9433,0.727,0.9909,-2.1526
-6.6681,-10.0343,-1.0103,0.9078,1.0612,-2.0201
-6.3305,-10.0367,-1.7238,1.135,1.074,-1.9071
-6.285,-10.2211,-2.6575,1.3604,0.9891,-1.7757
-6.3497,-10.3743,-3.2034,1.5009,0.9665,-1.6939
-6.3712,-10.3887,-4.2066,1.5174,0.9421,-1.6872
-6.3042,-10.2594,-4.6615,1.5076,0.8797,-1.6536
-6.0432,-9.85,-5.0592,1.4429,0.8193,-1.5766
-5.5021,-9.2275,-5.0927,1.3268,0.7979,-1.4917
-4.8338,-8.3057,-5.2483,1.1967,0.8358,-1.4184
-4.8338,-8.3057,-5.2483,0.8699,1.1155,-1.3151
-4.5513,-7.9011,-5.3226,0.8699,1.1155,-1.3151
-4.7117,-7.7192,-5.0736,0.7416,1.2554,-1.3237
-4.7117,-7.7192,-5.0736,0.4447,1.3855,-1.3579
-6.0169,-8.016,-4.5633,0.4447,1.3855,-1.3579
-6.8453,-9.8979,-3.1579,-0.0335,1.0477,-1.2742
-7.3385,-11.2841,-1.8938,-0.3694,0.5487,-1.1386
-6.9865,-11.593,0.4285,-0.5191,0.1858,-0.9779
-6.9267,-11.5164,0.5602,-0.4409,0.1828,-0.7764
-6.9267,-11.5164,0.5602,0.2315,0.8046,-0.3329
-5.8876,-9.5316,-0.5003,0.2315,0.8046,-0.3329
-5.7104,-8.3345,-2.8802,0.6262,0.8132,-0.0794
-5.5907,-7.7814,-3.5362,0.6378,0.5169,0.0519
-5.1669,-7.5276,-3.4668,0.4515,0.2182,0.1698
-4.6615,-7.8748,-3.2872,0.2242,-0.0328,0.3176
-4.2544,-8.8899,-2.8155,0.0727,-0.2087,0.4764
-3.9049,-9.4765,-2.9735,-0.0384,-0.3431,0.6976
-3.3806,-10.4054,-2.8874,-0.0127,-0.428,0.8564
-2.9328,-11.0974,-3.3638,0.0538,-0.4848,0.9749
-2.794,-10.9298,-3.3279,0.0813,-0.6272,1.0177
-2.794,-10.9298,-3.3279,-0.0377,-1.0242,0.8625
-3.1316,-9.9577,-3.9264,-0.0377,-1.0242,0.8625
-3.4859,-8.7032,-3.4572,-0.1165,-1.0804,0.678
-3.8043,-7.2068,-0.9528,-0.2344,-0.9876,0.5876
-3.845,-7.1469,-0.9265,-0.3132,-0.9332,0.5522
-4.0964,-7.2164,-1.1803,-0.2699,-0.9558,0.5436
-4.6279,-7.6617,-1.4891,-0.1526,-0.8764,0.5369
-5.7942,-8.7415,-1.8674,-0.0408,-0.7622,0.5583
-5.7942,-8.7415,-1.8674,0.2071,-0.8953,0.7996
-6.5149,-9.2467,-2.5977,0.2071,-0.8953,0.7996
-6.9291,-9.6297,-2.7006,0.2914,-0.9075,0.8973
-6.7423,-10.0032,-2.6695,0.3329,-0.822,1.0054
-6.4502,-10.1852,-2.5043,0.3586,-0.6827,1.1203
-6.4502,-10.1852,-2.5043,0.3885,-0.3468,1.2602
-5.8206,-10.3025,-2.3678,0.3885,-0.3468,1.2602
-4.9969,-10.1325,-2.2529,0.3635,-0.2704,1.3151
-4.6806,-9.9577,-2.1954,0.3134,-0.2099,1.3811
-4.5298,-9.7782,-2.4085,0.2456,-0.1525,1.4337
-4.8219,-9.5675,-2.77,0.1839,-0.1214,1.4618
-5.9666,-9.3376,-3.79,0.0807,-0.089,1.4508
-6.2371,-9.3281,-3.9528,-0.0048,-0.1116,1.4599
-6.9195,-9.3113,-4.4915,-0.1123,-0.1238,1.5039
-7.4319,-9.2874,-4.4939,-0.2332,-0.1324,1.5913
-8.1118,-9.1724,-4.5418,-0.3676,-0.1104,1.7006
-8.1357,-9.1269,-4.4891,-0.5301,-0.125,1.8643
-8.3656,-8.8971,-4.446,-0.6199,-0.1159,1.9737
-7.8173,-8.8253,-4.0126,-0.6926,-0.0743,2.0763
-6.9075,-9.3065,-3.1172,-0.7586,0.0025,2.1685
-6.9075,-9.3065,-3.1172,-0.8038,0.0856,2.204
-6.1797,-9.6585,-2.2146,-0.8575,0.2487,2.2003
-5.4016,-9.7662,-1.5394,-0.9327,0.6953,2.0751
-4.4532,-9.7303,-1.4341,-0.9608,0.8681,1.9926
-3.8187,-9.3688,-0.8451,-1.02,0.7704,1.8985
-3.3734,-8.4039,0.0526,-1.1709,0.2854,1.7519
-3.1172,-7.2882,0.1173,-1.2674,-0.4628,1.5613
-3.6391,-5.787,-0.9911,-1.2094,-1.147,1.3921
