andar
0.1197,-8.6026,0.1723,1.2704,2.1884,0.8039
-0.4213,-8.356,-0.1987,1.2991,2.3771,0.7526
-0.7398,-8.7582,0.2489,1.3095,2.4675,0.7447
-0.6129,-9.3975,0.5267,1.2936,2.2226,0.8015
0.3543,-10.9298,0.4237,1.2979,1.685,0.8949
1.3359,-12.0862,-0.0502,1.3351,0.9917,1.0104
2.8562,-12.3136,-0.5865,1.3553,0.3765,1.0733
3.2154,-11.9162,-0.9241,1.2594,0.0033,1.0031
3.7301,-11.0232,-2.059,1.1611,0.1456,0.8894
4.197,-10.3647,-3.8498,1.0902,0.5867,0.7795
4.0821,-11.1333,-4.7165,1.0169,1.2904,0.6665
3.9863,-11.4014,-4.3622,0.8538,2.0827,0.5333
3.7349,-12.1245,-1.2737,0.5019,2.6105,0.3836
3.5553,-12.565,2.2553,-0.3043,2.2739,0.135
3.2704,-14.2098,3.8666,-0.746,1.3252,-0.0347
3.1699,-14.3295,3.6152,-0.8755,0.2342,-0.1715
3.2058,-14.6216,2.6671,-0.6165,-0.4279,-0.2674
4.5178,-14.8494,0.8738,-0.1327,-0.3796,-0.2998
6.297,-14.5115,-1.3623,0.2594,0.0271,-0.2491
7.4223,-13.968,-2.9376,0.2173,0.3454,-0.2784
8.0998,-13.7693,-4.1443,-0.016,0.6728,-0.4128
7.5683,-14.4732,-3.9671,-0.4033,0.8506,-0.6706
6.443,-14.32,-3.3159,-0.8865,0.7412,-0.9883
5.9474,-13.7166,-2.9568,-1.3849,0.3161,-1.2729
5.0592,-12.8068,-2.4157,-2.0758,-0.6508,-1.5783
3.2321,-12.4118,-1.5825,-2.4423,-1.1798,-1.739
-2.0231,-12.6368,-0.292,-2.7117,-1.2531,-1.9797
-3.6631,-13.0726,-0.4572,-2.848,-0.886,-2.2265
-6.4909,-15.0697,-0.0478,-2.8095,-0.3167,-2.3413
-8.5284,-17.222,1.6376,-2.6873,0.186,-2.243
-10.7646,-18.9028,5.2771,-2.4381,0.0937,-1.8239
-10.8101,-18.7567,5.9451,-2.2194,-0.4822,-1.4238
-10.573,-18.1582,6.5364,-1.9842,-0.8005,-0.9669
-9.1533,-17.1766,5.6362,-1.7343,-0.5238,-0.5258
-1.7238,-14.4469,1.0726,-1.4588,0.1572,-0.1587
-0.2777,-14.0398,-0.4764,-0.8608,0.919,-0.0671
1.8674,-13.336,-4.185,-0.3959,0.8054,-0.4983
2.8419,-13.2689,-4.9658,-0.0563,0.4847,-1.1959
3.019,-12.6057,-1.6184,-0.0325,0.415,-1.9229
2.7964,-11.818,0.0814,-0.2109,0.4663,-2.5093
1.1827,-10.4174,1.8938,-0.3465,0.5024,-2.9106
0.0167,-8.6792,2.806,-0.4515,0.3155,-3.1306
0.0167,-8.6792,2.806,-0.8107,-0.4046,-2.6156
-0.1077,-6.7088,2.7293,-0.8107,-0.4046,-2.6156
-0.7038,-6.4981,2.4684,-1.0722,-0.85,-2.2417
-1.5825,-6.3616,2.8993,-1.319,-1.3527,-1.9186
-1.5825,-6.3616,2.8993,-1.6262,-2.0112,-1.2448
-2.5426,-6.0408,3.7588,-1.6171,-2.2293,-1.0774
-3.3375,-5.0065,3.2369,-1.6171,-2.2293,-1.0774
-3.5721,-3.9839,2.8155,-1.614,-2.5213,-0.9858
-3.1699,-2.6815,2.3822,-1.6171,-2.8512,-0.9272
-3.1292,-2.5426,2.4157,-1.6,-3.123,-0.8887
-3.0861,-2.0231,2.8227,-1.4393,-3.1816,-0.8856
-3.6511,-1.616,3.2609,-1.1992,-2.8976,-0.9168
-4.7788,-0.8547,3.3614,-0.8297,-2.3356,-0.9369
-4.7788,-0.8547,3.3614,0.0493,-1.0674,-0.6498
-4.3454,-0.5506,2.6767,0.0493,-1.0674,-0.6498
-3.9815,-0.5817,2.4109,0.3877,-0.7675,-0.4006
-3.632,-1.1803,2.1787,0.7359,-0.7388,-0.0903
-3.3135,-1.5131,1.9249,0.9717,-0.8347,0.088
-2.9712,-2.1452,1.4221,1.2521,-0.9673,0.2688
-2.114,-3.4548,-0.6033,1.5465,-1.1163,0.4539
-2.1859,-5.9762,-6.1294,1.8226,-1.2147,0.6408
-2.5402,-7.3744,-9.2012,2.0407,-1.2861,0.8876
0.2633,-10.8843,-16.0058,1.9668,-1.5079,1.1344
8.7032,-16.5134,-28.25,1.7768,-2.0253,1.4692
19.554,-29.483,-25.5446,1.1989,-2.2861,1.573
17.9427,-32.5859,-13.5538,-0.5083,-1.9245,0.942
12.2346,-34.111,5.234,-2.267,-0.6007,-0.3939
4.7596,-23.909,-1.0462,-0.7545,0.5531,-1.929
4.5801,-9.6992,-10.3432,1.2973,0.0503,-1.9235
4.1587,-7.5492,-10.9705,1.6198,-0.2177,-1.5802
1.8148,-3.6248,-8.9019,0.5025,-0.313,-1.5044
-3.9001,-4.3119,-0.7972,-0.9482,-0.0479,-1.4702
-6.297,-15.8693,11.6026,-1.6018,1.189,-1.0041
-6.297,-15.8693,11.6026,1.1568,0.1237,0.832
7.7982,-25.6787,-4.5418,1.1568,0.1237,0.832
13.6831,-27.9388,-15.1726,2.1348,-0.616,1.0104
-5.5093,-12.6943,13.8363,0.4818,1.5738,-0.2344
-6.6298,-4.8506,15.4886,-2.2145,3.5573,-1.6779
-7.9418,2.5187,0.8451,-1.9646,1.999,-0.8649
-10.0822,5.8253,0.1963,-1.184,-0.404,-0.2796
-10.0415,3.5697,7.5444,-0.9005,-5.3557,0.1576
-8.514,1.4748,6.5939,0.1605,-7.9946,0.6732
-7.1733,-2.8179,7.4271,1.9216,-5.2592,1.2199
-8.2076,-5.7559,8.1884,3.0749,-0.2623,1.6323
-9.3759,-12.8404,5.6003,3.2722,4.958,2.1436
-9.2898,-15.7233,2.7461,3.125,6.327,2.5687
-9.2898,-15.7233,2.7461,2.1128,3.5518,3.2272
-1.877,-21.6465,2.2792,2.1128,3.5518,3.2272
3.8522,-17.586,0.9121,1.5465,-0.0167,3.2456
4.2377,-16.499,0.1149,1.6308,-3.0338,2.4478
3.8594,-13.5035,-1.1635,1.8141,-2.8512,1.5913
2.0278,-10.7885,-0.0981,1.8935,-1.517,0.7929
-0.7972,-8.2315,2.1428,1.8574,-0.054,0.292
-1.0295,-7.9251,2.2146,1.7915,0.9935,0.1173
-1.3431,-7.2523,1.9105,1.709,1.5329,0.1888
-0.7589,-7.032,1.6615,1.4946,1.6362,0.5749
0.3232,-7.5875,1.8507,1.2857,1.382,0.8491
0.6177,-8.0136,2.1116,1.1067,0.9465,1.0403
0.6536,-8.3776,1.6208,1.0083,0.3796,1.1259
0.486,-8.4111,0.9145,0.9723,-0.2232,1.143
0.1915,-8.4877,0.3782,0.9277,-0.649,1.1155
0.2513,-8.672,0.4118,0.9344,-0.4578,1.0965
0.3088,-8.9234,0.8068,0.9839,0.0045,1.0715
0.3399,-9.3807,1.0941,1.0664,0.5928,1.0104
0.1244,-9.498,0.6823,1.1775,1.1707,0.9261
0.1244,-9.498,0.6823,1.329,2.1316,0.7153
-0.1484,-9.0958,-0.2513,1.329,2.1316,0.7153
-0.62,-8.3632,-0.6033,1.2844,2.3551,0.6396
-1.2593,-7.4223,-0.067,1.2197,2.5091,0.5871
-1.2425,-7.3744,0.3232,1.1458,2.4981,0.5865
-0.9481,-7.8173,1.5825,1.0633,2.2079,0.653
-0.1173,-9.0839,2.1739,1.0187,1.6313,0.7893
1.4676,-11.2482,0.9337,1.1146,0.423,1.0556
1.6639,-11.4541,0.6584,1.2008,-0.2849,1.1497
2.1428,-11.435,-0.0287,1.2099,-0.6178,1.1411
2.6168,-10.6688,-1.0965,1.1611,-0.5287,1.0788
3.1124,-9.8356,-3.6679,1.1397,-0.0326,0.9994
3.1579,-10.0343,-5.2507,1.2447,1.3655,0.8595
2.8874,-11.0519,-6.0648,1.2502,2.4376,0.6934
2.6024,-11.8132,-4.3502,1.0383,3.1364,0.4625
2.9376,-12.2729,1.2234,0.5196,3.1432,0.2279
3.1483,-12.6608,2.6886,-0.1779,2.371,0.0312
3.3183,-13.6161,3.1244,-0.76,1.01,-0.1318
3.5889,-14.2577,2.5953,-0.9366,-0.7657,-0.3084
5.7799,-15.1175,0.8331,-0.4937,-0.7767,-0.331
6.4023,-15.2708,0.2777,0.0572,-0.1237,-0.3132
7.9059,-14.8829,-1.5418,0.304,0.4651,-0.3621
8.7487,-13.6304,-3.383,0.2399,0.7987,-0.4977
8.4231,-13.2354,-3.936,-0.3202,1.0137,-0.8752
8.1645,-13.2043,-3.5458,-0.8187,1.0467,-1.1959
7.3002,-12.656,-2.6001,-1.3483,0.8127,-1.5179
5.6554,-11.8539,-1.9416,-1.8632,0.1792,-1.8019
2.0614,-13.5347,-1.6903,-2.3134,-0.6869,-2.0341
0.8236,-13.7669,-1.707,-2.6116,-1.3289,-2.2173
-3.6918,-15.0553,-1.7238,-2.7533,-1.1432,-2.5722
-7.2068,-17.1766,-1.4293,-2.6574,-0.4633,-2.6608
-10.6832,-19.1613,1.3311,-2.4888,0.1792,-2.4629
-11.7366,-19.6426,3.596,-2.3385,0.3258,-2.0499
-11.7127,-19.1302,5.9427,-2.1601,-0.1395,-1.5209
-11.3775,-18.4144,6.6537,-1.9115,-0.7651,-0.7115
-8.6673,-16.985,4.8817,-1.7582,-0.3772,-0.2503
-6.0959,-16.2165,3.1842,-1.548,0.3729,0.0855
-1.5849,-15.1702,-1.1755,-1.1595,0.9263,0.176
2.0374,-14.3176,-5.5787,-0.6287,0.9337,-0.1471
2.3846,-13.9345,-4.1491,-0.1974,0.5995,-0.827
2.6216,-13.6903,-2.5546,-0.1192,0.7327,-2.0133
1.7884,-12.8236,0.3351,-0.209,1.021,-2.5508
0.486,-11.5188,1.731,-0.2933,1.0949,-2.9161
-1.4724,-8.696,3.1603,-0.3862,1.0173,-3.0554
-1.4508,-8.2291,3.1866,-0.5676,0.6948,-2.9235
-1.2497,-7.3337,2.9113,-0.8749,0.186,-2.5851
-1.4772,-6.8165,2.4588,-1.4234,-0.6624,-2.0316
-2.9951,-6.0863,3.5003,-1.7429,-1.0412,-1.7836
-3.1938,-5.9331,3.5841,-1.9482,-1.2385,-1.6156
-3.8331,-5.1167,3.3877,-1.9995,-1.4676,-1.4763
-4.1228,-4.2018,2.636,-1.9329,-1.7595,-1.3419
-4.0485,-2.77,1.9967,-1.8095,-2.2831,-1.1709
-3.9935,-2.0063,1.7405,-1.7545,-2.6184,-1.0835
-3.8905,-1.154,1.7262,-1.6439,-2.8017,-1.0047
-4.3311,-0.5841,1.9967,-1.4607,-2.7546,-0.9211
-4.786,-0.1268,2.3056,-1.1833,-2.4559,-0.8319
-4.8841,-0.0335,2.363,-0.8077,-1.9153,-0.7011
-4.8889,0.1364,2.3175,-0.2298,-1.0412,-0.4226
-4.7429,0.225,2.0973,0.0841,-0.6001,-0.199
-3.8235,-0.3854,1.9129,0.3284,-0.3692,0.03
-3.5027,-0.6488,1.9057,0.5374,-0.2813,0.2468
-2.8538,-1.2354,1.5682,0.706,-0.4401,0.4215
-1.786,-1.9991,0.6105,0.9888,-0.7834,0.6543
0.1628,-4.2736,-4.4723,1.2179,-1.018,0.7923
0.1867,-5.0975,-6.9291,1.3962,-1.3307,0.8711
1.209,-7.9729,-13.6424,1.4256,-1.7852,0.9047
8.0639,-13.2905,-20.2842,1.2148,-2.4352,0.9921
22.5779,-33.1198,-27.0098,0.8483,-3.0564,1.1039
21.0528,-35.8902,-12.0934,-0.377,-1.6978,0.3562
11.8875,-37.9397,8.9689,-2.3525,1.0399,-1.1801
5.0664,-28.1902,-1.118,-0.9219,1.3674,-2.3242
5.8565,-14.4277,-10.111,1.3932,0.3271,-2.3871
4.9179,-8.4039,-10.2283,1.5587,-0.2874,-1.8398
3.3854,-3.2441,-8.0831,0.0481,-0.7651,-1.59
0.5386,1.5131,-4.7141,-1.9683,-0.6777,-1.4043
-4.1874,3.4093,7.4319,-2.1583,0.0931,-1.2778
-6.4143,1.4365,11.174,-1.5688,1.0015,-1.0591
-7.6856,-5.7846,14.8135,-0.2664,0.9007,-0.6089
-5.9905,-15.8957,1.2306,1.2386,-0.0369,0.187
-5.325,-33.7806,-13.0606,2.2618,0.4181,1.1582
-5.6362,-31.2404,-1.063,0.4219,1.4028,1.3244
-1.719,-17.1526,9.2251,-1.6812,2.0601,1.3042
-2.8083,-6.5292,7.9083,-1.6946,0.8109,1.069
-3.3494,-0.7781,8.2243,-0.8901,-1.5079,0.4154
-3.6056,-0.8523,9.7351,0.1055,-2.7571,0.0086
-6.1605,-3.4596,10.573,1.662,-1.5378,-0.0836
-6.4167,-5.9355,8.1621,2.4805,0.2018,0.2267
-3.9456,-10.245,4.1371,2.8758,1.6734,0.8632
-3.4739,-11.0327,2.8754,2.8812,2.9312,1.4356
-1.0295,-14.3679,-2.5258,2.6894,3.5989,1.8064
0.6272,-15.9771,-1.889,2.1256,2.5909,1.9859
0.972,-15.2037,0.6943,1.6668,0.9001,1.8955
0.711,-13.4365,2.0685,1.4549,-0.4437,1.7129
0.8283,-11.265,3.1459,1.4359,-0.8035,1.5761
1.233,-10.3432,2.5977,1.5306,-0.5317,1.5223
1.2808,-9.5387,1.8195,1.6791,-0.1065,1.4869
0.8762,-9.1844,1.9393,1.7579,0.4682,1.4038
0.4716,-9.0791,1.3311,1.72,0.7425,1.3525
0.3184,-9.0623,0.2801,1.6589,0.872,1.3519
0.1891,-8.8181,-0.9337,1.5086,0.8078,1.3659
-0.1915,-8.5859,-0.9576,1.2802,0.5885,1.3305
-0.9457,-8.1262,-0.2705,1.012,0.2525,1.2273
-1.4508,-7.7527,0.4189,0.7536,-0.1353,1.0898
-1.3072,-7.7024,0.8762,0.7316,-0.2886,1.0629
-1.2449,-7.7694,0.9959,0.8208,-0.2086,1.0605
-1.1109,-8.0543,1.6232,0.9589,0.1365,1.0312
-0.8858,-8.4087,2.1523,1.0755,0.6178,0.9792
-0.134,-8.9785,2.4492,1.1769,1.2892,0.9292
-0.0167,-9.0264,2.3606,1.2215,1.6362,0.9078
0.2633,-9.0671,1.4915,1.2881,1.9544,0.8846
0.3974,-8.933,0.3806,1.3541,2.2617,0.8534
0.1101,-8.5116,-0.5123,1.3639,2.5573,0.8229
-0.292,-8.2315,-0.6248,1.3254,2.809,0.7862
-0.5937,-8.4278,-0.043,1.2148,2.9434,0.7679
-0.3303,-9.2299,0.7541,1.1592,2.6813,0.8131
0.96,-10.858,0.7422,1.1727,2.098,0.9035
1.5993,-11.4828,0.3232,1.2515,1.3112,1.0128
2.624,-11.921,-0.5147,1.3058,0.5464,1.0788
3.3518,-11.514,-1.3407,1.2111,-0.0339,1.0397
4.2114,-10.3288,-3.0406,1.0786,0.0656,0.9524
4.3957,-10.2714,-3.3446,0.954,0.5763,0.8552
4.6519,-11.0926,-3.3662,0.8263,1.349,0.7428
4.7213,-12.0431,-1.8267,0.6033,2.0393,0.6042
4.3885,-12.7063,2.7629,0.238,2.3448,0.427
4.3885,-12.7063,2.7629,-0.622,0.8109,-0.083
4.288,-13.9728,3.3973,-0.622,0.8109,-0.083
4.3646,-14.6962,2.7365,-0.5908,0.0113,-0.1978
5.404,-14.8901,0.632,-0.2432,-0.2428,-0.2467
5.7487,-14.7608,0.3256,0.202,-0.0369,-0.232
6.7591,-14.162,-0.7206,0.3853,0.1414,-0.1709
7.5779,-13.221,-2.5354,0.2228,0.2134,-0.1972
7.2667,-13.2569,-3.6607,-0.0209,0.2764,-0.353
6.4837,-13.7597,-3.632,-0.3978,0.3167,-0.6242
6.1174,-13.8866,-2.9616,-0.8712,0.1982,-0.8997
5.9666,-13.2402,-2.7964,-1.3483,-0.0265,-1.0701
4.9275,-12.2801,-1.9369,-1.9359,-0.627,-1.3267
3.7636,-12.1676,-1.7501,-2.2591,-1.0974,-1.5612
0.7685,-12.2921,-1.1252,-2.5065,-1.3863,-1.8655
-2.6503,-13.0151,-0.5123,-2.6818,-1.2654,-2.1544
-6.8836,-16.1662,0.6129,-2.7093,-0.8243,-2.2973
-8.0591,-17.2891,1.3,-2.6018,-0.379,-2.2442
-9.9649,-18.953,3.383,-2.3642,-0.3521,-1.8551
-10.3743,-19.2116,5.6194,-2.1754,-0.7742,-1.4427
-10.1253,-17.7129,6.3473,-1.9683,-1.1114,-0.9748
-10.1253,-17.7129,6.3473,-1.435,-0.299,-0.0677
-6.1869,-15.3689,3.3925,-1.435,-0.299,-0.0677
-2.3439,-13.822,-0.6344,-0.8449,0.5647,0.2071
1.7764,-12.0383,-5.6984,-0.435,0.4535,-0.0976
2.1643,-11.9258,-5.3441,-0.2353,-0.0595,-0.736
2.2218,-11.5403,-2.5282,-0.3678,-0.2733,-1.4922
1.7764,-10.9418,0.3902,-0.5432,-0.0394,-2.1746
0.3208,-9.3616,2.363,-0.6134,0.4254,-2.6553
-0.2442,-8.2052,2.8682,-0.5297,0.7834,-2.9235
-0.0742,-7.3337,2.8491,-0.5829,0.5665,-2.8111
0.1149,-6.8572,2.6575,-0.7509,0.1744,-2.5551
-0.6057,-6.455,2.3822,-1.0093,-0.4028,-2.2973
-1.3024,-6.2252,2.6886,-1.2585,-0.9123,-2.0695
-2.0973,-6.0696,3.0621,-1.4466,-1.1957,-1.8477
-2.8491,-5.7846,2.7988,-1.5645,-1.5158,-1.4757
-2.9783,-4.8075,2.3127,-1.5896,-1.861,-1.246
-3.0286,-4.4196,2.1835,-1.6244,-2.222,-1.0658
-3.2106,-3.6248,2.0135,-1.6751,-2.6532,-0.9675
-3.359,-2.7772,2.0254,-1.6971,-3.054,-0.9296
-3.6272,-1.7334,3.0071,-1.5792,-3.3368,-0.9113
-3.7325,-1.6256,3.1603,-1.3489,-3.1352,-0.885
-4.3742,-1.2378,3.4332,-0.9775,-2.6068,-0.8374
-4.8243,-1.0917,3.1962,-0.5401,-1.9367,-0.7366
-4.5681,-1.2234,2.5067,-0.1467,-1.3356,-0.5515
-4.5298,-1.3024,2.3989,0.147,-0.9416,-0.3218
-4.1611,-1.8842,2.0973,0.4268,-0.8646,-0.0219
-3.6511,-2.5929,1.7238,0.6021,-0.8946,0.1546
-2.6743,-3.6774,0.7709,0.822,-0.9373,0.3207
-1.4508,-4.6639,-0.8667,1.059,-1.0674,0.4759
-0.7182,-5.9139,-6.0312,1.2936,-1.2538,0.6066
-0.541,-7.6713,-12.498,1.4647,-1.7198,0.7025
6.9075,-13.8866,-18.5412,1.2686,-2.2354,0.8302
12.17,-19.0919,-29.1694,0.957,-2.5244,0.9792
17.9954,-27.9077,-29.0856,0.877,-1.6881,0.7966
13.5395,-32.3489,-4.6686,-0.2811,0.6239,-0.039
4.7979,-23.6313,-2.1978,-1.7282,1.0699,-1.3328
4.9754,-19.3792,-4.6902,-0.038,-1.1071,-2.0029
4.3718,-12.565,-8.4997,0.9973,-0.7455,-1.568
2.9113,-6.8357,-10.2067,0.6931,-0.4725,-1.3309
-0.9074,-2.272,-7.4438,-0.3208,-0.3277,-1.2466
-3.0957,-2.0781,-4.6519,-1.2298,-0.1621,-1.1947
-6.0672,-5.0999,4.3861,-1.6384,0.4046,-1.0781
-5.6362,-11.6504,6.9482,-0.7863,1.4077,-0.3438
3.3063,-26.2365,-13.4341,0.6791,0.3613,0.424
3.5098,-27.3666,-13.8627,1.8043,-0.2929,0.8626
-3.0047,-19.9299,7.8796,1.1678,1.3423,0.6378
-4.2592,-8.6218,11.5331,-1.1717,3.1248,-0.0243
-6.1893,0.2202,2.6551,-1.5865,1.6881,-0.061
-6.3329,2.442,3.541,-1.0044,-0.3802,0.0336
-5.6793,2.0709,6.9027,-0.2982,-3.0967,0.2059
-5.2723,-1.7597,10.1708,0.852,-3.8408,0.4215
-6.0408,-6.5197,9.1222,2.1592,-1.6685,0.6872
-5.7583,-8.1908,8.6337,3.0602,1.1896,1.0623
-4.6088,-11.6193,6.4766,3.3632,3.8047,1.8241
-2.2098,-15.8909,-0.3303,3.2417,4.371,2.2315
2.6958,-19.1374,-1.8339,2.9246,3.8505,2.449
3.347,-18.7998,-0.9552,2.2936,2.0479,2.4209
2.8634,-16.1327,0.2729,1.6962,-0.189,2.1002
2.1715,-12.6871,1.3742,1.3119,-1.7186,1.4313
2.1715,-12.6871,1.3742,1.3229,-0.9239,1.1112
1.956,-8.9282,1.7573,1.3229,-0.9239,1.1112
1.2737,-7.8413,1.7597,1.3663,-0.4071,1.0825
0.1101,-7.5037,1.7238,1.3938,-0.0455,1.0464
-1.3862,-8.1573,0.7015,1.3907,0.2104,1.0428
-1.3694,-8.3201,0.5554,1.3125,0.5268,1.1594
-1.0295,-8.7965,0.2633,1.2075,0.6795,1.2694
-0.7876,-9.0599,0.5027,1.1122,0.7076,1.3036
-0.9624,-8.866,0.7374,1.0847,0.6007,1.2266
-1.1133,-8.6625,0.8283,1.1574,0.3943,1.0733
-1.3072,-8.3847,0.8116,1.268,0.2147,0.9084
-1.6112,-8.1717,0.7326,1.3199,0.1035,0.7477
-1.4915,-8.3321,1.0319,1.2899,0.2263,0.7099
-1.3455,-8.4446,1.2617,1.2411,0.5409,0.7288
-1.3455,-8.4446,1.2617,1.2142,1.448,0.8119
-0.5937,-8.9665,1.4508,1.2142,1.448,0.8119
-0.2106,-8.9977,0.7422,1.2802,2.0741,0.8497
-0.2178,-8.8492,0.4836,1.2912,2.349,0.8552
-0.4477,-8.3081,0.213,1.2655,2.517,0.8326
-0.7924,-7.7431,0.4477,1.2154,2.5622,0.8058
-0.0766,-8.4231,1.2042,1.1904,2.4382,0.8058
0.1651,-8.7127,1.2713,1.2008,2.0644,0.8644
1.1851,-10.1612,1.3335,1.2209,1.0247,1.0263
1.8626,-11.162,1.1468,1.2099,0.2196,1.0929
2.6192,-12.0598,0.3926,1.1574,-0.3503,1.0941
2.8467,-12.0766,0.158,1.0908,-0.5708,1.055
3.3351,-11.7414,-1.4293,1.0535,-0.4028,0.9988
3.2968,-11.3727,-3.6607,1.1427,0.6441,0.8778
2.6192,-11.4852,-5.6314,1.2551,1.7369,0.7593
2.138,-11.8108,-5.3489,1.2301,2.7632,0.5828
2.2122,-12.1029,-2.1691,0.9228,3.2947,0.3812
2.6958,-12.2849,1.6472,0.3132,3.0179,0.2352
2.9472,-12.905,3.8522,-0.3849,1.9599,0.1295
3.0885,-13.4533,3.5314,-0.9763,-0.1035,-0.0145
3.632,-14.1069,2.1523,-0.8529,-0.806,-0.0603
4.865,-14.6528,0.7685,-0.2823,-0.5097,-0.0646
6.558,-14.3439,-2.1787,0.315,0.2422,-0.0817
6.8764,-14.0279,-2.9352,0.4922,0.7089,-0.196
7.4965,-13.6185,-3.5027,0.0395,0.7736,-0.5307
7.7024,-13.8699,-2.3894,-0.4973,0.6545,-0.8197
7.3074,-13.9177,-2.1045,-1.0086,0.3979,-1.1281
7.0224,-13.5347,-2.205,-1.4228,-0.0577,-1.3981
5.6554,-12.225,-2.1188,-1.7887,-0.5335,-1.6236
5.6554,-12.225,-2.1188,-2.4674,-1.1346,-1.9565
-1.1133,-13.3934,-1.4437,-2.4674,-1.1346,-1.9565
-1.1133,-13.3934,-1.4437,-2.7325,-0.2678,-2.3474
-2.0207,-13.5658,-1.2378,-2.6916,0.2128,-2.2845
-8.344,-17.3298,0.9121,-2.6916,0.2128,-2.2845
-10.4222,-19.056,3.5889,-2.5902,0.4071,-2.006
-10.9537,-19.1326,4.9874,-2.4161,0.2055,-1.5991
-11.2147,-18.6155,6.5149,-2.066,-0.4529,-0.9064
-10.4773,-17.6937,6.0504,-1.804,-0.5006,-0.4574
-6.0265,-15.4719,2.9233,-1.4967,-0.1084,-0.0652
-3.7277,-14.7345,0.735,-1.1198,0.3723,0.1381
0.8762,-13.7789,-4.264,-0.6934,0.5506,-0.0048
1.9943,-13.0726,-6.0432,-0.1852,0.2477,-0.8496
2.2529,-12.3639,-1.1803,-0.2255,0.2904,-1.6651
2.3415,-11.9737,0.1987,-0.3562,0.8084,-2.3413
1.4341,-10.9585,1.4413,-0.3397,1.211,-2.7848
-0.1771,-9.5771,2.0733,-0.2102,1.3008,-3.0646
-0.0837,-7.5731,2.4875,-0.2591,0.9318,-3.1263
-0.0837,-7.5731,2.4875,-1.0948,-0.5262,-2.4757
-0.0215,-6.8429,2.454,-1.0948,-0.5262,-2.4757
-0.8547,-6.4239,2.6647,-1.399,-0.9764,-2.1923
-2.5043,-6.1007,3.1507,-1.6036,-1.2825,-1.929
-2.6575,-5.9953,3.1124,-1.7093,-1.5372,-1.6443
-2.9999,-5.1262,2.8179,-1.727,-1.9343,-1.2466
-3.11,-4.1898,2.5737,-1.7325,-2.2531,-1.0744
-3.5075,-2.6288,2.3151,-1.746,-2.6129,-0.9711
-3.7134,-1.6567,2.1092,-1.7362,-2.9477,-0.9253
-4.0509,-0.7733,2.1787,-1.6439,-3.1004,-0.8801
-4.3287,-0.1891,2.6024,-1.457,-3.0344,-0.8093
-4.6591,0.2681,2.7126,-0.9549,-2.4504,-0.6315
-4.7572,0.3136,2.7341,-0.5077,-1.8011,-0.4818
-4.6662,0,2.4468,-0.0954,-1.1664,-0.3004
-4.4244,-0.4932,1.9105,0.2099,-0.8176,-0.0921
-4.4244,-0.4932,1.9105,0.5722,-0.6588,0.2822
-3.4859,-1.7046,1.6735,0.5722,-0.6588,0.2822
-2.8107,-2.4923,1.1994,0.786,-0.8823,0.526
-1.4939,-3.6343,-0.0335,0.9369,-1.1004,0.6732
0.0574,-5.9618,-6.4095,1.1262,-1.2788,0.799
-0.0095,-6.8141,-9.1605,1.2826,-1.5268,0.8589
1.7286,-9.8428,-14.4301,1.2618,-1.999,0.8717
9.6872,-15.9723,-20.4518,0.7628,-2.9691,1.0043
9.6872,-15.9723,-20.4518,-0.0453,-0.9092,0.2761
15.7592,-34.6069,-12.1891,-0.0453,-0.9092,0.2761
5.4088,-36.1656,4.9658,-2.0257,1.3888,-1.1294
4.2975,-27.1415,-0.9624,-1.5132,0.4132,-1.9876
4.7644,-13.9177,-8.3464,0.3639,-0.5781,-1.7659
3.1962,-8.0879,-9.5914,0.7841,-0.3515,-1.4262
1.2545,-2.6072,-9.0479,-0.3544,-0.3375,-1.5435
-0.8619,0.3495,-5.9211,-1.4216,-0.2287,-1.5448
-5.8038,-0.5746,5.5309,-1.8547,0.3937,-1.3749
-6.7974,-4.6878,7.3409,-1.5456,1.0925,-1.0335
-6.7974,-4.6878,7.3409,1.6968,-0.9062,0.7062
-0.3711,-23.2291,-11.5499,1.6968,-0.9062,0.7062
-4.2473,-21.5101,4.8841,1.8794,0.5232,0.887
-4.1563,-15.8717,7.9011,-0.1718,2.5396,0.6414
-4.8171,-7.1541,6.8189,-1.3923,2.8127,0.5938
-5.5979,-1.1037,4.9347,-1.176,1.3258,0.6115
-4.2999,0.9361,6.4646,-0.322,-2.181,0.6243
-3.9217,0.5027,7.2379,0.5777,-3.2757,0.7263
-4.3981,-3.1938,10.1349,1.673,-2.1138,0.8424
-5.7152,-6.7495,9.9625,2.6308,0.4028,0.9426
-4.4268,-11.7486,10.4102,3.1311,2.528,1.2205
-3.8235,-12.6967,9.5316,3.2643,3.8347,1.675
-0.3256,-16.2644,1.403,3.2905,3.8664,2.2401
4.6686,-19.0009,-5.8541,3.1659,2.6716,2.3836
5.9834,-17.7895,-4.5609,2.6534,0.7388,2.2224
3.9959,-15.3067,-2.1308,1.9448,-1.0827,1.7117
1.8435,-11.8037,1.4245,1.4048,-1.8744,1.1478
1.0295,-9.6106,2.3942,1.0566,-1.6197,0.9224
0.3303,-7.8676,0.9983,1.0835,-1.2073,0.9988
-0.2418,-7.3888,0.395,1.1201,-0.8646,1.0898
-1.5275,-6.9626,-0.1628,1.089,-0.4822,1.1423
-2.2194,-7.0871,-0.4405,1.0138,0.0259,1.1833
-2.2577,-7.9107,0.0957,0.9717,0.627,1.2468
-2.126,-8.1908,0.4812,0.9729,1.1316,1.3189
-1.9153,-8.8061,1.1707,1.045,1.1133,1.289
-1.9704,-9.1605,1.4772,1.1794,0.8341,1.1827
-1.64,-8.8396,1.8794,1.3229,0.4584,1.0361
-1.5849,-8.7104,1.8602,1.3614,0.1499,0.9059
-1.3431,-8.2148,1.7788,1.2337,-0.0565,0.8137
-0.8834,-8.0735,1.8267,1.1256,0.0522,0.8271
-0.0526,-8.4374,1.9488,1.0548,0.4083,0.8876
0.1484,-8.605,1.8794,1.0865,1.01,0.9444
0.4812,-9.0743,1.4077,1.2124,1.7321,0.9768
0.5817,-9.4071,0.9672,1.3639,2.3655,0.9573
0.0694,-9.2969,0.7733,1.4219,2.7583,0.8412
-0.3639,-9.1269,0.8954,1.3504,2.6178,0.73
-0.9026,-8.866,1.0319,1.2698,2.2482,0.6537
-0.7517,-9.0886,0.79,1.2594,1.7424,0.6616
0.5674,-10.5323,-0.1699,1.3162,1.189,0.7801
1.1228,-11.174,-0.5075,1.3901,0.6826,0.9536
1.9297,-12.0622,-0.802,1.3944,0.2348,1.0953
2.5139,-12.5147,-1.1899,1.3052,0.247,1.0678
2.8921,-12.0574,-2.7653,1.1672,0.445,0.9792
2.861,-11.648,-3.3901,1.0218,0.8115,0.8595
2.4396,-10.7478,-4.6208,0.9179,1.4065,0.7257
1.8602,-10.5778,-4.6184,0.7994,2.5335,0.5217
2.1021,-11.0543,-1.4221,0.5862,2.9416,0.3812
2.3511,-11.1141,0.1412,0.1824,2.7742,0.2774
2.9783,-11.4972,3.0406,-0.3281,2.0522,0.1992
2.9783,-11.4972,3.0406,-0.903,-0.1298,-0.0158
4.3646,-13.9704,1.4963,-0.903,-0.1298,-0.0158
4.5801,-13.992,0.9911,-0.4289,-0.6954,-0.2186
6.3521,-14.6336,-0.8451,0.1904,-0.062,-0.2778
7.621,-15.0625,-1.5514,0.4292,0.6056,-0.2986
8.5835,-14.4181,-2.5067,0.271,0.9477,-0.4067
8.0974,-13.6903,-3.4596,-0.0813,0.9196,-0.5985
7.3145,-13.6783,-4.5896,-0.6458,0.6643,-0.9461
7.4869,-13.5562,-4.0126,-1.0606,0.4413,-1.0829
6.8716,-12.0287,-1.64,-1.5847,0.0106,-1.1801
6.3521,-11.7103,-0.3399,-2.1302,-0.6936,-1.3389
4.8171,-12.5315,0.7469,-2.534,-1.412,-1.5344
2.2242,-13.4293,1.1516,-2.724,-1.8182,-1.8056
-3.5865,-15.8717,0.802,-2.6946,-1.5085,-2.3089
-4.604,-16.6498,1.1755,-2.5395,-0.9056,-2.461
-7.3433,-18.7855,2.9759,-2.3953,-0.3197,-2.3627
-9.498,-19.8197,4.8602,-2.242,-0.1059,-2.0744
-11.4733,-19.6091,6.0145,-2.0483,-0.3283,-1.6639
-11.5834,-19.2619,5.7607,-1.8345,-0.6368,-1.1691
-10.2043,-17.7966,4.288,-1.4931,-0.4883,-0.3407
-6.6418,-15.6586,1.0821,-1.2591,-0.1145,0.1185
-0.8236,-12.8284,-5.4423,-0.9622,0.0424,0.2511
-0.5458,-12.5483,-5.1981,-0.716,-0.2916,-0.0255
1.1587,-11.8492,-2.8634,-0.705,-0.7938,-0.6352
1.7764,-11.5762,-0.2849,-0.8486,-0.6551,-1.7292
1.3455,-10.9106,1.6208,-0.7637,-0.0607,-2.3596
0.2322,-9.9697,2.1954,-0.5578,0.5977,-2.7873
-0.3782,-8.6409,2.2888,-0.3917,0.8878,-2.9913
-0.1843,-7.6665,2.2026,-0.4088,0.7651,-2.9449
-0.225,-6.534,2.4325,-0.6531,0.2721,-2.753
-0.5051,-6.194,2.8155,-1.1986,-0.8836,-2.422
-1.2282,-5.8158,3.5051,-1.4827,-1.4944,-2.1892
-1.7381,-5.55,3.6439,-1.6391,-1.919,-1.9253
-2.0542,-4.6351,3.6128,-1.6953,-2.2489,-1.6388
-2.1595,-4.3335,3.4644,-1.7185,-2.5512,-1.3817
-2.3223,-3.5506,3.1052,-1.7557,-3.0772,-1.1471
-2.5737,-2.7557,2.9209,-1.7991,-3.3997,-1.0719
-3.632,-1.9009,3.4141,-1.8278,-3.5811,-1.0316
-3.7684,-1.8459,3.5482,-1.7655,-3.5738,-0.995
-4.4603,-1.6256,4.1946,-1.5737,-3.327,-0.943
-5.4207,-1.3287,4.1659,-1.2457,-2.8102,-0.8618
-5.8086,-0.7972,3.7038,-0.6256,-1.7938,-0.6987
-5.7248,-0.7709,3.5865,-0.2286,-1.2483,-0.5472
-5.2962,-0.8044,3.0023,0.0902,-1.0705,-0.3658
-4.7955,-1.2952,2.363,0.384,-1.0302,-0.1819
-3.9264,-2.1404,1.7812,0.6944,-1.0546,0.0012
-3.2106,-3.0741,1.1348,1.0279,-1.1224,0.1973
-2.7198,-4.6615,-1.8171,1.5471,-1.2715,0.4618
-2.9999,-6.2826,-6.5388,1.8257,-1.2983,0.6127
-2.8514,-9.4669,-15.0122,1.9252,-1.2647,0.7838
0.6272,-12.0646,-19.7886,1.8214,-1.5708,1.0324
10.9418,-18.8333,-32.7966,1.6015,-2.3099,1.3189
19.2523,-29.2556,-36.6348,0.7988,-1.5793,1.0953
9.8452,-35.4449,7.2427,-1.3287,1.3228,-0.0775
5.4088,-32.7894,5.5883,-2.8015,1.1554,-1.6064
4.7309,-20.8062,-2.9041,-1.0655,-1.4779,-2.2002
5.471,-12.3352,-8.9737,0.9552,-2.0424,-1.8832
3.7373,-3.3949,-12.2849,1.3431,-1.3771,-1.6058
2.4277,-2.4588,-10.6114,-0.3263,-0.1163,-1.659
-2.5881,-2.703,-1.1971,-1.4894,1.0082,-1.6602
-4.4603,-6.3018,9.2251,-1.7905,2.28,-1.433
6.5484,-22.3911,-1.0678,-0.7735,2.2641,-0.7745
9.5172,-24.8934,-11.32,1.0902,0.0284,0.0825
6.625,-28.6451,-8.3823,2.1067,-0.211,0.3384
-6.0839,-15.0936,15.1942,-0.9573,2.8096,-0.7885
-6.5939,-3.0286,8.7654,-2.3965,3.0222,-0.7396
-8.7894,2.715,-1.0342,-1.8669,1.7033,-0.0494
-9.7901,4.6567,6.3545,-1.2328,-0.9972,0.3311
-8.7558,3.9695,5.6554,-0.6989,-6.0051,0.6109
-4.8219,-2.794,8.5116,1.8141,-6.1052,1.0599
-4.8219,-2.794,8.5116,3.577,3.539,1.2187
-7.7814,-8.0974,10.5874,3.577,3.539,1.2187
-7.7814,-8.0974,10.5874,3.2129,5.9806,1.9108
-4.5825,-20.7487,-2.0566,3.2129,5.9806,1.9108
-1.7549,-21.5555,-1.4125,2.9558,4.7998,2.4019
2.8107,-20.5428,-0.8403,2.1128,-0.0943,2.7996
4.3287,-17.1837,-0.6129,1.8764,-2.5305,2.4178
2.0207,-11.0734,1.3,1.808,-2.7308,1.7245
1.8363,-10.518,1.4053,1.7817,-1.4278,1.0635
0.9265,-8.6337,1.6807,1.7921,-0.0369,0.7215
-0.2082,-7.6689,1.8962,1.7988,1.3356,0.6207
-1.4796,-7.554,1.5514,1.7298,1.718,0.7019
-1.5849,-7.633,1.4437,1.5911,1.7473,0.8736
-1.3239,-8.2195,1.5011,1.4152,1.5995,1.0861
-0.5506,-9.2706,1.9177,1.2649,1.423,1.267
0.2633,-10.0703,2.4037,1.1812,1.1456,1.3598
0.0454,-9.9625,2.2194,1.2026,0.4572,1.2633
-0.3758,-9.1629,1.3718,1.2643,-0.0253,1.1008
-0.6895,-8.356,0.3232,1.271,-0.3484,0.9689
-0.9481,-7.8748,-0.1891,1.235,-0.3497,0.898
-1.0342,-7.9059,0.146,1.1946,0.0412,0.8699
-0.881,-8.1525,0.8882,1.1427,1.0961,0.854
-0.5363,-8.6194,1.2282,1.1837,1.842,0.8571
-0.158,-9.2012,0.8906,1.2832,2.426,0.8467
-0.0957,-9.2299,0.6344,1.3443,2.7437,0.8186
0.0814,-9.0743,0.2896,1.3364,2.8255,0.796
0.0861,-8.6242,0.3711,1.2789,2.762,0.7661
-0.0814,-8.1118,0.8595,1.1604,2.4284,0.7367
-0.0622,-8.2171,0.9265,1.1012,2.0295,0.7569
0.3615,-9.0647,1.0151,1.0902,1.5176,0.8302
0.9672,-10.2642,0.79,1.1201,0.9288,0.9371
2.4372,-11.8396,0.4165,1.1391,0.3992,1.0354
2.6024,-11.9234,0.3136,1.1232,0.054,1.0892
3.2489,-11.8156,-0.7876,1.0621,0.1059,1.0324
3.3973,-11.1165,-2.2912,1.0242,0.3851,0.9218
2.8706,-10.4988,-4.5968,1.0554,1.0027,0.7899
2.8706,-10.4988,-4.5968,1.0065,2.6508,0.4912
1.1731,-11.4014,-5.0975,1.0065,2.6508,0.4912
1.4437,-11.5092,-2.1452,0.4812,3.0143,0.2658
2.8083,-11.7127,2.9281,-0.1296,2.5274,0.2028
3.292,-12.1077,4.0869,-0.724,1.525,0.1589
3.7684,-13.1708,3.6248,-1.049,0.2965,0.0807
4.961,-14.162,2.2768,-0.8926,-0.525,-0.0017
7.712,-15.2229,0.395,-0.3287,-0.4694,-0.0384
7.712,-15.2229,0.395,0.2722,0.382,-0.3676
8.5978,-14.3822,-1.3838,0.2722,0.382,-0.3676
8.5978,-13.4509,-2.2697,0.034,0.4541,-0.6089
7.1158,-13.0486,-3.8929,-0.2903,0.4883,-0.8478
6.9554,-12.9816,-3.8163,-0.6678,0.4242,-1.0689
6.0887,-12.3041,-3.4955,-1.3477,0.1566,-1.2705
5.1382,-11.9904,-2.2074,-1.8241,-0.3839,-1.4079
2.3798,-13.8363,0.0311,-2.2823,-0.985,-1.5893
1.4293,-14.1979,0.3423,-2.5999,-1.3716,-1.8612
-1.5969,-15.1822,0.5913,-2.7539,-1.3466,-2.1898
-4.8386,-16.894,0.3567,-2.7307,-0.9654,-2.4268
-8.1525,-19.2547,1.3575,-2.4985,-0.178,-2.3737
-9.8524,-20.0759,2.9855,-2.311,0.1518,-2.1013
-11.253,-20.0687,5.2771,-2.0923,0.1194,-1.7085
-11.6672,-19.6186,6.0959,-1.84,-0.1298,-1.2375
-9.8141,-17.6291,5.3848,-1.5822,-0.1976,-0.7347
-7.8221,-16.4128,4.3071,-1.2114,0.1866,-0.108
-3.1316,-14.308,0.2298,-0.8914,0.4095,0.0153
0.3399,-12.4309,-5.2172,-0.5639,0.2287,-0.2644
0.3399,-12.4309,-5.2172,-0.4876,-0.5213,-1.648
2.3726,-11.5547,-3.7732,-0.4876,-0.5213,-1.648
1.7501,-10.8173,-0.3471,-0.6757,-0.4725,-2.3462
0.5817,-9.6417,1.968,-0.771,0.1133,-2.9595
0.1125,-7.5923,2.5187,-0.6757,0.4407,-3.067
0.2178,-7.3265,2.466,-0.6354,0.4181,-2.9528
0.4094,-6.6202,2.4325,-0.7728,0.0296,-2.7243
-0.5003,-6.2563,2.4636,-1.0276,-0.605,-2.4775
-2.2098,-5.9235,3.4787,-1.3275,-1.3442,-2.254
-2.3918,-5.8397,3.5194,-1.6549,-1.9734,-1.841
-2.7437,-5.4375,3.3303,-1.7478,-2.1945,-1.5112
-2.8706,-4.7955,3.0526,-1.7844,-2.3765,-1.2204
-3.0789,-3.9121,2.6479,-1.8095,-2.5781,-1.0231
-3.0382,-3.4835,2.4708,-1.8474,-2.8835,-0.9052
-3.2369,-2.8945,2.4779,-1.9042,-3.3313,-0.8154
-3.4213,-2.5498,2.8969,-1.8846,-3.4455,-0.8093
-3.8666,-2.1667,3.9312,-1.7405,-3.2623,-0.8019
-4.2951,-1.8986,4.2712,-1.4436,-2.7687,-0.7867
-4.853,-1.5346,4.2281,-1.0135,-2.0522,-0.7616
-4.9922,-1.1276,3.857,-0.5389,-1.412,-0.684
-4.3263,-0.9768,3.3901,0.0823,-0.9037,-0.4489
-4.0701,-1.1803,3.2321,0.4366,-0.748,-0.2644
-3.5889,-1.719,3.3877,0.7646,-0.828,-0.1086
-2.8299,-2.4301,2.8826,1.0865,-1.0381,0.0538
-1.5107,-4.1276,-0.553,1.4769,-1.1921,0.2187
-1.5203,-4.6088,-1.9321,2.0828,-1.2825,0.4374
-2.3367,-5.9522,-7.7742,2.3742,-1.2623,0.5822
-2.4827,-8.1477,-14.3319,2.4219,-1.3032,0.7966
12.4788,-19.0273,-34.3292,2.2105,-1.5757,1.1307
15.4671,-21.3664,-38.9117,1.8758,-2.0033,1.4429
20.2507,-31.3409,-22.1134,1.1556,-1.4743,1.2547
14.7824,-36.903,4.3191,-2.0037,0.674,-0.5808
5.0472,-28.4942,-0.4884,-1.7765,0.247,-1.8019
4.6327,-18.7855,-5.289,0.2564,-1.1053,-2.1391
3.778,-10.2403,-8.7511,1.2618,-1.2238,-1.6608
2.0374,-4.2377,-10.1588,0.8165,-1.0968,-1.3163
-1.9249,-0.2825,-7.2523,-0.2518,-0.6466,-1.1898
-4.7309,-0.1795,-3.3111,-1.5065,0.4792,-1.0958
-8.3321,-3.9959,6.3736,-1.5914,1.558,-0.8942
-7.5133,-11.1381,8.5164,-0.7234,1.966,-0.3108
8.1788,-28.1878,-21.8213,0.9069,0.602,0.5541
10.0224,-31.3769,-16.4846,2.2863,-1.068,1.135
-1.4293,-22.032,12.5578,0.227,1.0308,0.3378
-3.5482,-10.1229,14.4756,-1.7796,2.8561,-0.5478
-5.3944,1.6017,1.3096,-1.6885,2.0656,-0.3487
-5.9235,3.2896,2.0422,-1.1498,0.536,-0.1318
-6.2395,3.2489,7.8915,-0.6922,-1.9795,0.0281
-5.7799,0.5243,9.9458,0.0957,-4.4003,0.2364
-6.862,-4.8051,6.2012,2.2429,-2.3362,0.6787
-6.9195,-5.8373,5.8708,3.1458,0.6539,1.0251
-6.5819,-9.1389,4.906,3.2863,3.1358,1.4966
-5.4662,-13.877,0.4094,3.0761,4.6893,1.9963
-2.7006,-18.1558,-0.656,2.7169,4.8963,2.3885
-0.9959,-18.637,0.8714,1.8385,2.1365,2.6793
0.8834,-17.4088,1.9273,1.4756,-0.2813,2.6048
1.7884,-15.1223,1.2904,1.4335,-1.7052,2.3128
1.8674,-12.316,0.6248,1.5263,-1.9178,1.9053
1.4652,-11.3081,0.9576,1.599,-1.3093,1.4869
0.9457,-9.9721,2.0949,1.5544,-0.5659,1.1527
0.225,-9.1222,2.7629,1.4378,0.1768,0.8656
-0.6871,-8.1286,1.3,1.3999,0.2666,0.7856
-0.5482,-7.9873,0.7565,1.3639,0.2079,0.7972
-0.3232,-7.6952,0.5746,1.2765,0.1224,0.8864
-0.3232,-7.6952,0.5746,1.1207,-0.1285,0.9963
-0.7637,-7.8987,1.2569,1.1207,-0.1285,0.9963
-0.7637,-7.8987,1.2569,1.1598,-0.2214,0.9102
-1.1779,-8.1046,0.7996,1.1598,-0.2214,0.9102
-1.3311,-8.4398,0.6871,1.1714,0.0381,0.8681
-1.0175,-9.2562,1.1683,1.1959,0.4798,0.8522
-0.9504,-9.4142,1.209,1.2508,1.0448,0.8467
-0.5985,-9.862,1.2856,1.392,1.839,0.8223
-0.1843,-10.0487,1.1851,1.4543,2.192,0.8082
0.0047,-9.7016,0.7158,1.4292,2.3277,0.7789
-0.1867,-8.9594,0.2561,1.3187,2.2843,0.7202
-0.6847,-7.9059,-0.2298,1.1635,2.1713,0.6604
-0.6847,-7.9059,-0.2298,1.0664,1.9764,0.7172
-1.3407,-7.6042,0.5889,1.0664,1.9764,0.7172
-1.0414,-8.708,0.9648,1.1763,1.682,0.8497
-0.3256,-10.3887,0.6895,1.271,1.0845,1.0257
0.2992,-11.2219,0.5195,1.2808,0.3888,1.1814
1.0893,-11.7079,0.6177,1.2008,0.0003,1.2389
1.4077,-11.7318,0.395,1.0401,0.1872,1.1833
2.1643,-11.593,-0.9337,0.9973,0.6294,1.1222
2.8131,-11.4589,-3.2154,1.0621,1.236,1.0361
3.7995,-12,-4.6974,1.1519,1.8958,0.9261
3.9887,-12.1293,-4.0509,1.1,2.4517,0.788
4.4987,-12.0311,-0.1651,0.7658,2.6068,0.6072
4.6926,-12.2226,3.1076,-0.184,1.6319,0.2438
5.1502,-14.308,3.5721,-0.6989,0.3649,-0.0268
5.1502,-14.308,3.5721,-0.4631,-0.5757,-0.3847
5.1813,-14.7393,1.0127,-0.4631,-0.5757,-0.3847
5.7368,-15.163,-3.2824,0.3645,0.4474,-0.403
6.3377,-15.0002,-4.592,0.8281,1.3912,-0.3523
6.2515,-14.0853,-3.5242,0.238,1.6826,-0.3694
5.7008,-12.5602,-2.3415,-0.4882,1.0864,-0.4941
5.5716,-12.5243,-2.1499,-0.9891,0.3497,-0.6877
6.455,-12.225,-2.5977,-1.2658,0.0332,-0.8862
6.364,-11.5547,-3.0023,-1.5389,0.0161,-1.0744
6.613,-11.4637,-3.0071,-2.0514,-0.4547,-1.4702
5.4351,-12.2945,-1.5322,-2.3953,-0.9208,-1.7567
5.4351,-12.2945,-1.5322,-2.8254,-1.0626,-2.3957
0.7733,-15.1247,1.9345,-2.8254,-1.0626,-2.3957
-2.3175,-17.088,1.968,-2.7783,-0.6649,-2.6296
-5.4111,-18.8046,1.9536,-2.6293,-0.2525,-2.7891
-10.4054,-20.3273,4.0366,-2.278,0.1004,-2.6773
-11.0878,-20.4422,4.458,-1.953,0.0778,-2.3212
-12.6177,-20.5524,5.2172,-1.614,-0.123,-1.7714
-12.4477,-19.7288,4.5226,-1.3183,-0.2544,-1.0939
-5.9786,-15.9124,-0.644,-1.0361,-0.1029,-0.3804
-4.8075,-15.4527,-2.0446,-0.6269,0.2202,0.2609
-0.4477,-13.6209,-5.5955,-0.4369,0.0558,0.1045
1.8076,-12.3663,-3.5314,-0.5444,-0.3472,-0.5307
1.9919,-11.2434,-0.6272,-0.7649,-0.5128,-1.4012
1.3503,-10.609,0.9217,-0.8303,-0.2043,-2.2644
0.1795,-9.3712,2.3774,-0.7667,0.3601,-2.852
-0.328,-8.198,2.2242,-0.5303,0.9599,-3.1409
0.3208,-7.5731,1.9823,-0.4888,0.9703,-3.0243
0.225,-7.439,2.3295,-0.6794,0.5439,-2.8031
-0.6703,-7.02,2.5019,-1.0264,-0.2513,-2.5851
-2.0901,-6.5364,3.0358,-1.3458,-1.0015,-2.3603
-2.8562,-5.7631,2.964,-1.5829,-1.4749,-2.0707
-3.0119,-5.3034,2.806,-1.7905,-2.0839,-1.5252
-3.4308,-4.027,2.5737,-1.8767,-2.4749,-1.2509
-3.8187,-2.7916,2.3415,-1.9353,-2.8121,-1.0817
-3.9097,-1.0965,2.0901,-1.9524,-3.1322,-0.9773
-3.9312,-0.8331,2.1428,-1.917,-3.4138,-0.8991
-3.8762,-0.4477,2.7365,-1.7374,-3.5769,-0.8197
-4.1994,-0.1628,3.359,-1.5065,-3.3173,-0.7909
-5.0089,-0.0119,3.6511,-1.1504,-2.6887,-0.7763
-4.9491,-0.0718,3.5098,-0.7118,-1.8952,-0.6956
-4.537,-0.2537,2.9376,-0.2811,-1.2318,-0.5118
-4.1946,-0.4812,2.6743,0.0829,-0.8573,-0.3035
-3.62,-1.221,2.6096,0.4781,-0.7699,-0.0408
-2.8323,-1.8076,2.5977,0.7298,-0.8451,0.1308
-1.4101,-2.6288,2.2242,1.0144,-0.985,0.3
-0.1029,-3.7612,-0.4189,1.3553,-1.1853,0.4368
0.4764,-5.8253,-6.7878,1.7084,-1.5005,0.5235
1.2234,-7.269,-9.8572,2.0254,-1.9972,0.6646
6.9506,-12.5842,-19.7551,2.0822,-2.2287,0.8161
13.3288,-21.9913,-43.7624,2.0621,-2.2091,0.8699
13.9704,-33.7854,-6.9458,1.3229,-1.2684,0.5101
13.3767,-35.6843,2.7748,-1.1045,0.6185,-0.3676
9.7518,-32.3872,0.9888,-1.6885,0.9605,-1.2589
6.6298,-19.9802,-7.9634,1.1336,-0.4254,-1.827
4.1228,-6.9578,-9.5531,1.7127,-0.6123,-1.6736
3.4548,-5.4016,-9.3855,0.72,-0.8579,-1.4751
0,-3.2609,-6.8261,-0.633,-1.1823,-1.3444
-5.0065,-5.1262,1.5035,-1.5682,-0.9636,-1.2302
-2.9568,-18.7256,8.8468,-1.7502,0.2727,-0.9687
-1.4963,-20.7487,5.4351,0.0077,1.1359,0.0788
6.8333,-28.4727,-22.9969,1.6302,0.9269,0.6365
-3.383,-19.3385,3.2776,1.3009,1.4321,0.4557
-6.4095,-6.4454,15.2037,-1.5511,2.5237,-0.4825
-7.202,-0.7852,8.9043,-2.2072,2.4572,-0.4531
-8.8037,3.9839,3.0166,-1.1974,-0.0974,0.0519
-8.8349,4.3335,6.6011,-0.6409,-3.6227,0.3727
-6.8094,-0.1771,7.3768,0.3901,-5.9751,0.7349
-6.309,-2.3894,7.8269,1.9466,-4.2085,1.1167
-7.1398,-5.2507,7.8365,3.0621,-0.2886,1.4545
-6.9458,-8.3249,8.6409,3.3724,3.0161,1.755
-6.036,-15.3713,3.517,3.227,5.4767,2.3708
-4.5082,-18.4072,0.8882,3.0462,5.2732,2.7013
-0.7637,-20.5979,-0.4094,2.6534,3.4345,2.9365
1.9608,-20.1765,0.1005,2.1158,0.3845,2.9468
3.5458,-16.2715,0.6177,1.8202,-1.8548,2.6426
3.3734,-14.5402,0.8738,1.7395,-2.2708,1.7984
2.4875,-11.9617,1.2354,1.7536,-1.3026,1.2401
1.3862,-9.6609,1.5179,1.7432,-0.2831,0.8681
-0.5027,-7.3169,1.312,1.6736,0.3912,0.683
-0.7829,-7.1493,1.2234,1.5544,0.7015,0.6359
-1.47,-6.8477,1.2425,1.403,0.809,0.6952
-1.1492,-7.3409,1.8124,1.1965,0.8518,0.9548
-0.577,-8.4614,2.4325,1.147,0.7761,1.1515
-0.5243,-9.0815,2.4181,1.202,0.5103,1.2627
-0.462,-9.2634,1.6974,1.3119,0.1114,1.2712
-0.5339,-8.933,0.8667,1.3626,-0.2483,1.2126
-0.8116,-8.5284,0.5003,1.3303,-0.3759,1.1081
-0.8714,-8.4805,0.7038,1.2258,0.0064,0.9603
-0.8355,-8.5906,1.0558,1.2081,0.6044,0.9023
-0.62,-8.7319,1.118,1.282,1.3154,0.8705
-0.4812,-8.5475,0.5291,1.4091,1.9905,0.8418
-0.5746,-8.3584,0.2418,1.4909,2.4559,0.7948
-1.0271,-7.8053,-0.4668,1.4353,2.7058,0.6866
-1.4891,-7.2906,-0.9696,1.3645,2.6856,0.6304
-1.4844,-7.7575,-0.3136,1.3028,2.55,0.6194
-1.2473,-8.0065,-0.0598,1.2515,2.2751,0.6879
0.0957,-9.7063,0.9696,1.202,1.8267,0.851
0.8786,-11.1357,1.4077,1.1464,1.1707,1.0324
1.6112,-12.1221,1.5586,1.0163,0.142,1.1222
1.8004,-12.1412,1.379,0.9137,-0.1658,1.0904
2.3511,-11.7582,0.1292,0.841,-0.1108,1.0525
2.7629,-10.9418,-2.1811,0.8538,0.3332,1.0116
2.7629,-10.9418,-2.1811,1.2893,2.9587,0.8406
3.0142,-11.6385,-5.89,1.2893,2.9587,0.8406
3.5841,-12.3687,-3.7014,1.1372,3.6111,0.6903
4.4292,-12.6919,0.8475,0.5874,3.3747,0.5034
5.0353,-13.6783,3.5482,-0.1601,2.1865,0.2749
5.3273,-14.3966,3.5003,-0.7221,0.583,0.0232
6.9602,-15.9004,3.2632,-0.8712,-0.6075,-0.1868
8.5739,-16.997,0.8499,-0.0612,-0.313,-0.3279
9.1222,-15.6275,-3.8187,0.582,0.5366,-0.4238
9.1246,-14.8733,-4.2425,0.6589,1.0949,-0.5735
8.9258,-13.5754,-4.1491,0.1812,1.2238,-0.758
6.7878,-12.3567,-2.9185,-0.5615,0.7999,-0.9968
4.7309,-11.083,-1.9656,-1.4705,-0.1499,-1.4079
4.6471,-10.992,-1.7908,-1.7728,-0.3124,-1.5295
4.355,-11.2985,-0.8259,-2.0819,-0.3564,-1.6455
2.8012,-13.3312,-0.6081,-2.4399,-0.5842,-1.849
-1.7525,-16.1542,-1.367,-2.7007,-0.7883,-2.1581
-2.8275,-16.8485,-1.2449,-2.8046,-0.5995,-2.4763
-5.9044,-19.0081,-0.1125,-2.7258,0.2489,-2.6608
-8.368,-20.1909,1.616,-2.5016,0.5708,-2.5313
-10.7047,-19.8461,4.3047,-2.1131,0.3436,-2.2363
-11.3416,-19.3577,5.1909,-1.7246,-0.3234,-1.8172
-11.4254,-18.807,5.1526,-1.5199,-0.7846,-1.3004
-10.3887,-18.0528,3.8043,-1.4857,-0.6863,-0.7573
-5.0376,-15.321,-3.0095,-1.4472,0.0247,-0.1074
-2.6072,-14.3319,-5.1837,-1.2383,0.1579,0.0135
-0.316,-12.7542,-4.671,-1.0551,-0.2183,-0.2522
1.2162,-11.9425,-1.6448,-1.0294,-0.5855,-0.8502
2.2816,-10.4749,2.4468,-0.8956,-0.4059,-1.5466
2.1906,-9.9913,2.7509,-0.3617,0.8139,-2.4446
1.3359,-8.842,1.7812,0.078,1.594,-2.83
0.9313,-7.7766,1.6735,0.2857,1.7571,-3.0383
0.6368,-6.4119,2.6862,0.0151,1.1951,-3.0524
0.2992,-5.9977,2.7461,-0.5138,0.222,-2.9363
0.2992,-5.9977,2.7461,-1.3892,-1.6826,-2.3407
-2.1691,-5.1741,3.608,-1.3892,-1.6826,-2.3407
-2.6862,-5.0424,3.2321,-1.5138,-2.0601,-1.9473
-2.6575,-4.9706,3.1052,-1.5737,-2.459,-1.5356
-2.5378,-4.3478,2.6958,-1.6604,-2.867,-1.199
-2.782,-3.608,2.6575,-1.815,-3.2592,-0.9852
-3.4907,-2.782,2.9735,-2.0489,-3.6887,-0.849
-3.9935,-2.2912,3.5242,-2.0783,-3.7479,-0.8026
-4.8745,-1.7453,4.4005,-1.942,-3.5243,-0.7384
-5.7415,-1.2114,4.7931,-1.6103,-2.966,-0.6663
-6.4191,-0.5386,4.2137,-1.1137,-2.101,-0.5863
-6.2802,-0.4165,3.7948,-0.5474,-1.2269,-0.5032
-5.4351,-0.4381,3.3087,0.1605,-0.6166,-0.3945
-4.446,-0.8667,2.9783,0.5013,-0.7486,-0.3242
-2.4947,-2.3415,1.6089,0.7945,-1.1597,-0.2436
-2.4947,-2.3415,1.6089,1.4231,-1.7724,0.0232
1.0654,-4.2281,-0.9481,1.4231,-1.7724,0.0232
1.0654,-4.2281,-0.9481,1.9637,-1.5476,0.0532
2.2074,-7.4702,-16.8414,1.9637,-1.5476,0.0532
2.2074,-7.4702,-16.8414,0.9796,-1.2519,0.1967
11.0351,-15.9483,-23.4948,0.9796,-1.2519,0.1967
16.9539,-25.2405,-33.8213,0.5911,-1.3332,0.0843
10.1158,-33.072,2.4636,-0.154,-0.7577,-0.4501
7.5587,-31.3194,1.695,-2.3269,-0.6685,-1.8679
7.1924,-22.621,-5.0185,-0.9799,-1.2751,-2.1458
6.9865,-14.1643,-9.0288,0.5038,-1.1291,-1.706
2.8538,-6.5005,-9.3233,0.5887,-1.2702,-1.3505
0.9002,-3.0573,-8.8779,-0.2273,-1.3442,-1.2002
-1.2641,0.1125,-7.2714,-1.0868,-0.8145,-0.9858
-2.4803,-1.3024,0.1197,-1.6213,0.2159,-0.6504
0.4046,-11.4996,14.4157,-1.3055,0.4847,-0.5301
1.6998,-15.9842,16.2668,0.001,0.3747,-0.345
-0.4548,-23.7726,-5.8253,1.7774,0.4132,-0.1233
-4.2377,-24.5486,-6.1797,2.7157,1.0125,0.0465
-6.6681,-10.4557,2.9161,-0.5493,2.9379,0.3922
-8.2267,-6.9315,1.5682,-1.8779,1.5622,0.6249
-9.8979,-1.9967,4.6926,-1.8822,-1.8096,0.7618
-6.5412,-0.5267,7.372,-1.3165,-5.4064,1.0208
-4.0366,-4.2185,10.2498,0.0297,-5.3184,1.3519
-4.7907,-4.762,10.0439,1.6565,-1.3411,1.4496
-8.095,-7.3265,8.5404,2.9136,3.2562,1.1992
-8.5595,-10.2283,5.2483,3.0211,4.4406,1.3867
-3.3925,-15.8813,1.798,3.0083,4.6538,1.8742
-2.0781,-16.6283,2.3056,2.7963,3.5054,2.3305
-2.0781,-16.6283,2.3056,2.2722,-0.8732,2.3256
1.6328,-17.1837,0.304,2.2722,-0.8732,2.3256
1.6328,-17.1837,0.304,2.1183,-0.5855,1.3971
1.889,-13.3767,2.0494,2.1183,-0.5855,1.3971
2.2768,-12.225,3.0406,2.0285,0.4676,1.2413
2.0829,-11.2195,2.6886,1.9723,1.1963,1.1759
0.5482,-9.431,0.6224,1.9222,1.4895,1.1087
0.0574,-8.7726,0.2513,1.6815,1.3888,1.0269
-0.4932,-8.0783,0.4477,1.3968,1.2666,1.0238
-0.2729,-7.8077,1.5035,1.1275,1.1774,1.066
0.2035,-7.4319,2.7365,0.979,1.1023,1.1246
0.0407,-7.3265,2.9065,0.9839,0.9104,1.1362
-0.3639,-7.0727,3.0885,1.1177,0.6044,1.0996
-0.6847,-7.0464,1.5753,1.4072,0.1902,1.0361
-1.6903,-7.9442,-0.8595,1.6186,0.2751,0.9841
-1.8004,-8.0903,-0.8523,1.7817,0.8628,0.9151
-1.9464,-8.8492,-0.3663,1.8489,1.751,0.8723
-2.0063,-9.3616,-0.1436,1.8397,2.5555,0.8858
-1.4365,-9.5507,0.0742,1.6919,3.1083,0.9408
-1.4365,-9.5507,0.0742,1.337,2.8334,1.008
-0.9552,-8.9402,-0.5243,1.337,2.8334,1.008
-0.9097,-8.1956,-1.3383,1.2099,2.5708,1.0165
-0.7805,-7.8437,-1.7214,1.1061,2.3741,1.0422
-0.6703,-8.1741,-1.0271,1.0132,2.2476,1.1075
-0.1316,-9.194,0.9552,0.8837,1.9819,1.2431
0.4477,-10.3719,2.454,0.8245,1.5262,1.3317
1.7908,-12.158,2.7222,0.8385,0.8848,1.3794
2.7174,-12.474,2.1715,0.9179,0.3179,1.3836
4.106,-12.067,0.5315,0.9906,0.0302,1.3317
5.3369,-11.4421,-1.628,1.0908,0.1811,1.2309
7.7072,-11.5164,-4.5585,1.2563,1.2428,1.022
8.3776,-11.9665,-4.4388,1.2325,2.3002,0.8247
9.364,-13.0151,-2.2553,0.9558,3.1682,0.5321
9.2874,-13.6592,0.8762,0.3743,3.3136,0.099
7.6761,-14.4301,2.1188,-0.2939,2.55,-0.4373
7.4917,-14.7991,2.3199,-0.8174,0.8762,-1.0646
6.7663,-15.6419,1.7357,-0.5645,0.5409,-1.1709
5.969,-15.3282,-0.2944,-0.0532,0.5329,-1.0964
7.4869,-14.0877,-2.7748,0.2197,0.335,-0.9095
7.4869,-14.0877,-2.7748,-0.3489,-0.3411,-0.5319
8.7295,-14.2003,-0.9504,-0.3489,-0.3411,-0.5319
5.3345,-13.1564,-0.1843,-1.1943,-0.773,-1.0964
3.0023,-12.1005,-2.2912,-1.4784,-0.7486,-1.6462
2.9999,-12.4214,-3.28,-1.6287,-0.4169,-1.8679
1.391,-13.81,-2.4444,-1.9194,-0.3613,-1.9577
-0.9792,-14.8733,-0.9289,-2.3984,-0.7309,-2.166
-4.0031,-16.6403,-0.6607,-2.9213,-1.0589,-2.3847
-5.392,-17.6602,-0.9552,-2.9249,-0.8084,-2.3163
-7.8077,-19.2332,-1.0869,-2.7319,-0.3601,-2.0951
-9.8356,-19.3768,1.3215,-2.4142,0.0913,-1.7439
-10.8987,-18.151,5.3058,-2.0361,0.2929,-1.3138
-10.7358,-17.8134,5.957,-1.68,0.1744,-0.8453
-9.6752,-17.1742,5.9498,-1.2194,0.0003,-0.185
-7.4893,-16.5708,4.6088,-0.9231,0.0992,0.0917
-0.3567,-14.3224,-2.8275,-0.6348,0.2635,0.1356
0.3758,-14.1117,-3.675,-0.3807,0.2715,-0.1153
2.1571,-13.5059,-4.185,-0.1656,0.021,-0.6804
1.8507,-13.1612,-3.5625,-0.1583,-0.2892,-1.4947
1.8507,-13.1612,-3.5625,-0.2359,0.3564,-3.0059
2.0446,-10.3432,1.1731,-0.2359,0.3564,-3.0059
0.4812,-8.5691,1.6567,-0.2292,0.6789,-3.2564
-0.4548,-7.1948,2.387,-0.3721,0.4816,-3.3291
-0.7781,-5.969,3.1938,-0.6769,0.0339,-3.1489
-1.1516,-5.3465,2.8802,-1.1369,-0.817,-2.6058
-2.0853,-5.0712,2.5258,-1.3526,-1.4236,-2.2259
-2.94,-4.865,3.1938,-1.5083,-1.7192,-1.8697
-3.45,-4.1036,2.9855,-1.5859,-1.8298,-1.5429
-3.4284,-3.4931,2.6551,-1.6,-2.087,-1.2686
-3.3638,-2.4013,2.2673,-1.6207,-2.4889,-1.0677
-3.4284,-1.4341,2.2936,-1.6653,-3.1144,-0.9253
-3.9552,-0.4213,2.8658,-1.6525,-3.4119,-0.8826
-4.2377,-0.1939,3.098,-1.5548,-3.5146,-0.8386
-4.9299,0.067,3.8115,-1.3373,-3.2922,-0.772
-5.5213,0.2681,3.7062,-0.9738,-2.6758,-0.6419
-5.5859,0.4333,2.624,-0.3245,-1.5555,-0.3389
-5.3728,0.3663,2.4851,-0.0178,-1.0626,-0.1001
-4.5178,-0.0814,2.308,0.1611,-0.8469,0.1283
-3.6631,-0.8379,2.5689,0.3126,-0.748,0.3189
-2.1092,-2.6455,1.2258,0.5019,-0.7644,0.46
-1.944,-2.9209,0.7469,0.7414,-0.9013,0.5742
-0.984,-4.0797,-2.6671,1.1385,-1.0864,0.6915
-0.62,-5.3776,-9.9553,1.2826,-1.2574,0.727
6.0432,-10.6377,-21.0599,1.1751,-1.6007,0.7306
14.8326,-16.7552,-20.5715,0.5838,-2.1261,0.7221
21.2299,-28.2788,-32.9139,-0.2102,-2.47,0.3971
17.7033,-34.4561,-5.7224,-0.5468,-1.6954,-0.5674
4.0342,-30.4982,-1.8363,-1.5096,1.2263,-2.6614
4.3885,-24.551,-5.2795,0.1067,0.3686,-3.1287
5.6937,-16.8916,-8.435,1.2472,0.1004,-2.3761
4.015,-10.0296,-9.5795,1.0236,-0.1835,-1.5545
0.2633,-2.5953,-10.0343,0.0444,-0.4254,-1.1318
-1.5251,-1.3239,-10.6281,-1.063,-0.4218,-0.8636
-5.3657,-1.4772,-5.4495,-1.3581,-0.3124,-0.7586
-5.5931,-8.1549,6.613,-1.4387,-0.0021,-0.5356
4.0485,-21.9721,11.0591,-0.8559,-0.2892,0.0037
4.3598,-25.353,0.6344,0.5618,-0.963,0.5645
0.869,-23.3129,-5.8636,1.8416,-0.4822,0.592
-3.8115,-13.3407,4.5441,-0.14,3.1401,-0.072
-8.0304,-1.3527,3.8762,-1.4301,3.3105,-0.119
-8.3129,-0.3854,3.7349,-1.5804,1.3619,0.0715
-8.21,1.154,7.8844,-1.2114,-1.5732,0.3769
-5.8565,-0.4596,11.2051,-0.33,-4.054,0.7312
-5.7942,-4.446,9.1748,1.7615,-2.3136,1.2725
-6.5628,-6.3521,7.9155,2.8959,0.3943,1.5266
-6.3976,-9.4909,6.2587,3.3547,2.5732,1.8638
-5.1598,-13.5945,1.6639,3.3229,4.0283,2.2963
-1.458,-17.6219,0.3998,3.0211,4.4034,2.6243
-0.0167,-18.1151,1.3599,2.4579,3.1016,2.7581
0.9265,-17.3178,0.7445,1.6888,-0.4932,2.4759
1.233,-15.2349,-0.0526,1.5361,-1.8048,2.0593
1.3239,-11.5906,0.7254,1.4689,-1.7412,1.6823
1.4269,-10.688,1.0821,1.4176,-0.8805,1.3983
1.2114,-9.1293,1.798,1.4158,0.0357,1.234
0.4955,-8.3153,1.889,1.4555,0.6575,1.1466
-1.1444,-7.9179,1.1228,1.5465,1.0974,1.0916
-1.2761,-7.9131,0.8978,1.5636,1.2024,1.1149
-1.2401,-8.0328,0.4333,1.5306,1.2049,1.1924
-0.6847,-8.3752,0.5386,1.4378,1.1432,1.3006
0.0502,-8.763,1.1755,1.3254,0.9752,1.372
0.0143,-8.7127,1.2354,1.2405,0.5329,1.336
-0.1867,-8.4566,1.2258,1.2618,0.222,1.2474
-0.2944,-8.1094,0.9385,1.2728,0.0351,1.1601
-0.2944,-8.1094,0.9385,1.2735,0.3521,1.0611
-0.4357,-8.1166,0.644,1.2735,0.3521,1.0611
-0.2753,-8.605,0.893,1.2893,0.8579,1.0232
0.0766,-9.2179,1.0845,1.3394,1.7895,0.9872
0.5195,-9.8213,1.1228,1.4005,2.3643,0.9579
0.5674,-9.9793,0.9648,1.4347,2.7595,0.9145
0.5147,-9.9841,0.6464,1.3975,2.9245,0.8534
0.1963,-9.613,0.3806,1.2741,2.8732,0.7899
-0.3495,-8.957,0.723,1.0835,2.6013,0.738
-0.4046,-8.8947,0.9768,1.0438,2.3277,0.7624
-0.1244,-9.4334,1.3239,1.0969,1.908,0.8467
0.6991,-10.6329,0.8954,1.2136,1.3197,0.9829
2.4349,-11.9425,-0.7374,1.2991,0.6441,1.1106
2.6431,-11.9258,-1.1085,1.3119,0.1291,1.1698
3.3351,-11.2458,-2.7605,1.2423,0.043,1.0947
3.3351,-11.2458,-2.7605,1.0572,1.3771,0.8436
4.2616,-10.5563,-5.0065,1.0572,1.3771,0.8436
4.3311,-10.8508,-4.6495,0.808,2.2,0.6995
4.8051,-11.83,-1.9369,0.4158,2.7278,0.5315
5.2819,-12.7326,1.5514,-0.3544,2.5024,0.2364
5.2914,-14.0877,4.2018,-0.8321,1.5647,-0.0133
5.1837,-14.9332,4.9012,-1.0764,0.2941,-0.276
