bicicleta
-0.644,-8.7104,-1.7812,0.2028,0.5804,-0.5473
-1.1875,-8.5212,-1.9488,0.2181,0.4356,-0.6377
-1.4101,-8.4518,-2.0254,0.2212,0.4534,-0.7037
-0.5674,-8.2435,-2.0997,0.2358,0.5902,-0.6695
0.3567,-8.2004,-3.0358,0.2138,0.7991,-0.6145
0.4189,-8.1836,-3.1555,0.2022,0.782,-0.6194
0.6177,-8.2363,-2.9472,0.1442,0.7918,-0.6505
-0.0263,-8.7175,-2.2984,0.0513,0.7533,-0.7648
0.237,-9.6273,-1.1276,-0.0011,0.6287,-0.8906
0.2992,-9.6417,-0.8643,0.0104,0.5645,-0.9492
0.3878,-10.1062,-1.7214,0.0843,0.6293,-0.9584
-0.0287,-10.5252,-1.0127,0.1631,0.5358,-0.9889
0.2561,-10.9753,-0.9074,0.1851,0.4338,-1.0323
0.1699,-10.9537,-0.893,0.2688,0.4063,-1.0305
0.2801,-11.0471,-0.9145,0.3329,0.4418,-1.0409
-0.1149,-10.7718,-1.3718,0.4478,0.3837,-1.0464
-0.5913,-10.4485,-1.6998,0.4789,0.198,-1.047
-0.4596,-10.3911,-2.0853,0.4991,0.0868,-0.9871
-0.0239,-10.3384,-2.2673,0.5083,0.1669,-0.8906
0.2489,-10.3647,-2.0398,0.4948,0.3116,-0.8075
0.3543,-10.3815,-1.8076,0.4734,0.4479,-0.7684
0.146,-10.3647,-1.7118,0.4563,0.3593,-0.7617
-0.1723,-10.087,-2.3319,0.4734,0.1039,-0.7507
0.0071,-9.5795,-2.4875,0.4899,-0.089,-0.7171
0.7398,-8.2914,-1.8387,0.4337,-0.169,-0.6517
0.7637,-8.2004,-1.8579,0.3268,-0.3901,-0.5711
0.7876,-7.949,-2.296,0.2444,-0.4628,-0.4825
0.7374,-8.1381,-1.719,0.1998,-0.2026,-0.4819
1.0151,-9.0934,-0.5602,0.1521,0.176,-0.4929
1.0678,-9.285,-0.4477,0.146,0.5261,-0.5241
1.1444,-10.0942,-0.5506,0.1778,0.6464,-0.5784
0.6727,-11.0399,-1.4341,0.2377,0.4857,-0.6914
-0.4118,-11.174,-1.1707,0.2908,0.0135,-0.9114
-0.4118,-11.174,-1.1707,0.2651,-0.1824,-0.9663
-0.2585,-10.5467,-0.8643,0.2444,-0.2014,-0.893
0.158,-10.0798,-1.3048,0.2737,-0.2258,-0.7214
0.8499,-9.9314,-1.0366,0.2896,-0.1611,-0.5522
1.1635,-10.099,-0.8667,0.259,0.0948,-0.4214
1.4556,-10.6808,-0.9337,0.2358,0.5468,-0.3078
1.6998,-11.3847,-1.4101,0.2456,0.7014,-0.2669
1.8818,-11.921,-1.3239,0.2633,0.705,-0.248
2.0183,-12.0431,-0.9433,0.2535,0.548,-0.2364
2.5426,-11.8204,-0.3303,0.2309,0.341,-0.2278
2.7533,-11.1453,-0.8858,0.2719,0.0062,-0.2455
2.3942,-10.1517,-1.5562,0.2969,-0.2099,-0.2858
2.3127,-10.0415,-1.7645,0.267,-0.2154,-0.3121
2.0829,-9.5938,-1.7573,0.2584,-0.0371,-0.309
1.4915,-9.1198,-1.7286,0.2004,0.2359,-0.2999
1.1659,-8.0136,-1.4748,0.1283,0.4149,-0.2932
1.1803,-7.8891,-1.5322,0.044,0.4167,-0.2406
1.3168,-7.7072,-1.8195,0.0251,0.1852,-0.2211
1.2473,-7.9562,-1.6424,-0.006,-0.0096,-0.2272
2.3223,-9.0671,0.4213,-0.0567,0.0606,-0.2437
2.3846,-9.1629,0.5674,-0.0768,0.3233,-0.2412
2.7341,-9.8452,1.2018,0.0483,0.5841,-0.2895
2.9257,-10.1876,1.2713,0.2144,0.534,-0.3323
2.624,-10.3001,-0.656,0.4172,0.2377,-0.3915
2.4444,-9.9601,-0.9816,0.5749,-0.07,-0.455
2.5043,-9.8237,-1.288,0.5883,-0.1977,-0.4654
2.4923,-9.7734,-1.8243,0.5474,-0.2399,-0.4208
2.4277,-9.8284,-2.1787,0.4307,-0.0548,-0.3616
2.545,-10.1038,-2.0949,0.3195,0.0673,-0.3335
2.5617,-10.439,-1.9656,0.1955,0.1809,-0.2993
2.3391,-10.7382,-2.138,0.0929,0.2347,-0.2999
1.5466,-10.6664,-0.4908,-0.0041,0.2072,-0.3158
1.4317,-10.6305,-0.3615,-0.1172,0.1437,-0.331
0.553,-10.4964,0.0646,-0.1727,-0.0371,-0.3286
0.3088,-10.111,-0.0478,-0.141,-0.0658,-0.2877
0.2609,-9.4358,-0.2633,-0.0597,-0.0242,-0.2003
0.407,-9.4023,-0.237,-0.0017,0.0679,-0.0867
1.1133,-9.5387,-0.6488,0.0287,0.1107,0.0641
1.8746,-9.6321,-0.6512,0.0691,0.0856,0.2186
1.8746,-9.6321,-0.6512,0.0611,0.1241,0.2864
2.7485,-9.7159,-1.2761,0.0483,0.1406,0.259
2.9065,-9.9553,-0.577,0.0483,0.1406,0.259
2.5258,-10.2953,-0.1436,0.0171,0.132,0.2223
1.8531,-10.3624,-0.5027,0.0458,0.0508,0.1429
1.3742,-10.1469,-0.802,0.1265,-0.1482,0.0195
0.9552,-9.6896,-0.62,0.1399,-0.2661,0.0128
1.2976,-9.194,-0.6943,0.1362,-0.3205,0.0629
2.0111,-8.6864,-0.8834,0.1534,-0.3327,0.1521
2.2984,-8.6936,-0.7278,0.1631,-0.2399,0.2364
3.0286,-9.2347,-0.6464,0.1454,-0.0639,0.3549
3.517,-9.8739,-0.4908,0.1387,-0.0303,0.4074
3.5865,-10.8484,-1.5514,0.1424,-0.0364,0.3854
3.4691,-10.9537,-1.695,0.1503,-0.0609,0.3164
2.7868,-10.8388,-1.4173,0.1088,-0.0377,0.2302
2.7868,-10.8388,-1.4173,-0.039,-0.2338,0.1032
0.7589,-9.5579,-0.3495,-0.039,-0.2338,0.1032
0.7254,-9.431,-0.2633,-0.028,-0.4641,0.0995
0.6105,-9.1365,0.0694,-0.0115,-0.5691,0.1612
0.5339,-9.0551,-0.2609,0.0336,-0.549,0.2498
0.5339,-9.0551,-0.2609,0.1301,-0.3309,0.408
0.4285,-9.1964,-0.3806,0.1515,-0.1598,0.4984
0.553,-9.194,-0.5698,0.1515,-0.1598,0.4984
0.6584,-9.1772,-0.4932,0.1607,-0.1311,0.5577
0.8355,-9.2898,-0.7254,0.176,-0.1354,0.6096
1.1851,-9.4861,-0.735,0.1943,-0.1647,0.6609
1.3958,-9.692,-1.1037,0.1955,-0.1623,0.7086
1.5275,-9.9721,-1.3886,0.201,-0.1104,0.7422
1.7501,-10.3001,-1.7046,0.1839,-0.0035,0.7544
1.9153,-10.3288,-1.5729,0.154,0.1143,0.7617
2.0302,-10.0774,-0.9265,0.1027,0.206,0.7458
1.7573,-10.0367,-0.96,0.0489,0.2078,0.6896
1.2617,-10.2283,-1.786,0.0348,0.0838,0.6224
1.1252,-10.2714,-1.9153,0.0153,-0.1134,0.5253
0.5722,-10.3456,-2.308,-0.0506,-0.235,0.4654
0.2418,-10.5874,-2.3989,-0.1715,-0.2631,0.4361
0.2011,-10.767,-1.877,-0.3297,-0.2191,0.4685
0.2896,-10.7813,-1.7022,-0.5032,-0.1299,0.5571
0.7134,-10.8675,-1.1563,-0.7354,0.1211,0.7281
1.1587,-10.7957,-0.4692,-0.8276,0.2359,0.81
1.1444,-10.9848,-0.395,-0.8826,0.1937,0.8466
1.1851,-10.9657,-0.3495,-0.8752,0.0954,0.8436
1.3599,-10.7718,-0.1101,-0.8496,0.0997,0.8362
1.616,-10.4988,0.4333,-0.8135,0.0282,0.8087
1.5394,-10.0822,0.62,-0.7115,-0.1024,0.7244
1.3215,-9.7159,0.292,-0.5771,-0.1085,0.6517
0.8738,-9.4813,-0.553,-0.4556,-0.1177,0.6029
0.3423,-9.273,-1.3694,-0.3823,-0.1769,0.5827
0.7469,-9.0767,-1.0175,-0.3804,-0.2655,0.5943
0.7685,-9.1413,-0.9193,-0.4244,-0.3058,0.6273
1.0151,-9.7782,-0.9768,-0.4073,-0.3394,0.5852
1.1037,-10.3743,-0.5123,-0.3371,-0.2112,0.496
-0.0454,-11.3129,-1.0558,-0.2717,-0.0377,0.3738
-0.2609,-11.2793,-1.1994,-0.218,-0.0395,0.2577
-1.1851,-11.0447,-1.6759,-0.2241,-0.2362,0.1973
-0.7015,-10.5467,-0.9696,-0.3365,-0.5673,0.3316
-0.9648,-10.0822,-1.9584,-0.3694,-0.618,0.5002
-0.9145,-10.0176,-2.0661,-0.3334,-0.56,0.6291
-0.2418,-9.7447,-1.9129,-0.3316,-0.4085,0.7696
0.4261,-9.8572,-1.0007,-0.3481,-0.1421,0.8747
0.6727,-10.5276,-0.1819,-0.3646,0.0978,0.8869
0.6727,-10.5276,-0.1819,-0.2424,-0.1293,0.5919
-0.0119,-10.9968,-0.8595,-0.2424,-0.1293,0.5919
-0.7613,-11.0423,-1.5849,-0.1556,-0.3535,0.5021
-1.1659,-10.9585,-2.1787,-0.1172,-0.4634,0.4807
-1.1252,-10.6664,-2.0805,-0.133,-0.4573,0.5558
-1.0558,-10.3145,-2.1619,-0.2155,-0.3174,0.7415
-0.3902,-9.7806,-1.6831,-0.2662,-0.2777,0.8515
0.4477,-8.8205,-0.4261,-0.3126,-0.213,0.9315
0.4094,-8.6433,-0.6703,-0.3059,-0.158,0.9413
0.0191,-8.5068,-1.288,-0.2399,-0.1922,0.8936
-0.3687,-8.3656,-1.3359,-0.1941,-0.1159,0.8265
-0.6009,-8.4949,-2.1978,-0.1923,0.0777,0.758
-0.6009,-8.4949,-2.1978,-0.2143,-0.0083,0.7098
-0.4908,-8.8588,-2.4588,-0.2143,-0.0083,0.7098
0.3854,-9.1078,-2.0829,-0.2534,0.0142,0.6982
-0.1819,-9.5723,-1.6831,-0.298,0.1113,0.6768
-0.1891,-9.5747,-1.6112,-0.3047,0.1944,0.5534
-0.3687,-9.6752,-1.5897,-0.3023,0.1266,0.4874
-0.4525,-9.7303,-0.8978,-0.2925,0.0587,0.4276
-0.6248,-9.2107,-0.2729,-0.2601,0.0282,0.3927
-0.6248,-9.2107,-0.2729,-0.1917,-0.031,0.3616
-0.9624,-8.9258,-0.2059,-0.1123,-0.0206,0.3481
-0.8571,-8.6457,-0.3782,0.0165,0.2096,0.3824
-1.0606,-8.1286,-1.6136,0.1246,0.2701,0.3946
-0.9648,-7.9538,-1.6304,0.2083,0.2347,0.3842
-0.7757,-8.2483,-1.9464,0.2523,0.3654,0.3634
-0.6775,-8.9522,-2.7796,0.292,0.5297,0.295
-0.8307,-9.3257,-3.2776,0.3012,0.5957,0.1966
-0.9911,-9.3472,-2.4971,0.1888,0.4949,0.0629
-0.5027,-9.3496,-1.5298,0.0831,0.4454,0.0116
-0.3256,-9.0384,-1.0462,0.0593,0.3312,-0.0122
0.2489,-8.2722,-1.0007,0.0837,0.3104,-0.0543
0.3495,-8.2315,-1.1827,0.1167,0.3568,-0.0604
0.4285,-7.9538,-1.8052,0.1454,0.6061,-0.1331
0.3663,-7.4726,-2.0661,0.1417,0.6446,-0.2412
-0.2274,-7.4726,-2.0518,0.1112,0.6006,-0.3359
-0.4405,-7.5492,-1.9488,0.0917,0.5969,-0.4337
-0.3519,-7.9322,-1.7262,0.0898,0.6543,-0.5485
-0.6296,-8.344,-1.7286,0.0959,0.7362,-0.6469
-1.1468,-9.4286,-2.1619,0.102,0.8565,-0.8307
-1.1468,-9.4286,-2.1619,0.143,0.8859,-0.9211
-0.6344,-9.6297,-2.5282,0.1839,0.8877,-0.9535
-0.6655,-9.4238,-2.1116,0.1405,0.7472,-0.9908
-0.4381,-9.5555,-1.4341,0.0941,0.6421,-1.0128
-0.2944,-9.6728,-0.8571,0.1014,0.6519,-0.948
-0.0861,-9.6537,-0.4285,0.1301,0.6189,-0.8881
0.0071,-9.4813,0.3399,0.1894,0.5658,-0.8527
0.5219,-9.1892,0.3543,0.2737,0.6049,-0.8185
0.6919,-8.9881,0.2298,0.416,0.7093,-0.7751
0.869,-8.6218,-0.4213,0.5694,0.8248,-0.7556
1.288,-8.8468,-1.4101,0.7502,0.8449,-0.8081
1.4484,-10.1612,-0.7493,0.8412,0.7533,-0.8845
1.5825,-10.4653,-0.723,0.9108,0.7881,-0.9908
2.2002,-11.5355,-0.3663,1.0428,0.9133,-1.0787
1.4748,-11.9162,-1.0103,1.1827,0.9604,-1.1905
0.2657,-11.6169,-3.0789,1.2859,0.8388,-1.3316
0.1412,-11.4852,-3.2824,1.248,0.5028,-1.4214
0.1053,-10.5563,-2.7724,1.1118,0.3782,-1.3891
0.0646,-9.5028,-2.308,0.9353,0.3116,-1.3005
0.0814,-8.526,-2.9185,0.8223,0.1357,-1.2034
0.0814,-8.526,-2.9185,0.5101,0.0349,-1.0372
0.3687,-8.7942,-2.5881,0.5101,0.0349,-1.0372
0.8714,-9.6082,-2.5977,0.3946,0.0722,-0.981
1.2306,-11.1189,-2.0566,0.2981,0.1168,-0.9523
1.5586,-12.1269,-1.6998,0.2047,0.184,-0.9553
1.7046,-12.9481,-1.4939,0.1283,0.2695,-0.9566
1.8243,-13.5442,-1.0199,0.0703,0.2481,-0.9621
1.7836,-12.8092,0.2226,0.0122,0.0954,-0.9395
1.6759,-12.0311,0.1556,0.0306,-0.0548,-0.9053
1.6759,-12.0311,0.1556,0.1485,-0.4286,-0.7837
1.2497,-9.9051,-0.2944,0.1485,-0.4286,-0.7837
1.1827,-8.708,-0.6129,0.168,-0.4127,-0.7147
1.1324,-8.5308,-0.6296,0.1589,-0.1904,-0.6597
1.1013,-8.1884,-0.4453,0.1503,-0.1708,-0.6407
0.9121,-8.5428,-0.3471,0.1564,-0.1843,-0.6181
0.5817,-10.1301,-0.5913,0.2071,-0.1012,-0.6047
0.5817,-10.1301,-0.5913,0.3482,0.0899,-0.5626
0.4501,-10.8915,-1.5729,0.3482,0.0899,-0.5626
0.5099,-10.9848,-2.2385,0.4356,-0.0352,-0.4709
1.1085,-10.0487,-1.6328,0.4001,-0.1458,-0.3769
1.1827,-9.9913,-1.5969,0.3256,-0.238,-0.262
1.5035,-9.4262,-1.7764,0.2273,-0.3437,-0.1435
2.0374,-8.9258,-1.1156,0.1589,-0.384,-0.058
2.5833,-8.6936,-0.9648,0.0678,-0.3254,0.003
2.5761,-8.5835,-0.4596,-0.0518,-0.18,0.0183
2.2984,-8.866,-0.1149,-0.1251,-0.0022,-0.0476
2.1188,-9.4334,-0.1005,-0.1343,0.1357,-0.1069
2.4396,-10.5443,-1.0749,-0.0866,0.2011,-0.1172
2.4732,-10.8101,-1.4484,-0.0139,0.1797,-0.0977
2.5929,-10.937,-1.0989,0.0055,0.1149,-0.0922
2.2792,-10.6999,-0.474,-0.0402,0.1039,-0.0714
2.9975,-10.4485,0.5602,-0.0494,0.1443,-0.0207
3.0502,-10.4102,0.8212,-0.0219,0.2335,0.0421
3.5098,-10.4725,1.312,0.0104,0.2163,0.0818
3.1028,-10.36,0.3543,0.091,0.14,0.08
1.8938,-10.166,-0.5793,0.2364,0.0612,-0.0372
1.8698,-10.1421,-0.5674,0.2627,0.0624,-0.0751
1.4867,-9.7806,-0.6871,0.2395,0.0349,-0.0592
1.6448,-9.3544,-0.3878,0.2242,-0.0395,-0.0244
2.1356,-9.0312,-0.9576,0.2132,-0.0328,0.0458
2.1356,-9.0312,-0.9576,0.2535,-0.0401,0.1545
2.3271,-8.8827,-0.984,0.2535,-0.0401,0.1545
2.4612,-8.9617,-0.6751,0.1955,-0.0658,0.1838
3.2178,-9.0455,-0.6631,0.1436,-0.1311,0.185
2.9496,-9.103,0.0239,0.1033,-0.1672,0.1484
2.8969,-9.3305,-0.5817,0.0727,-0.1006,0.061
2.1428,-9.3209,-1.47,0.1393,-0.1104,-0.0067
2.2098,-9.1509,-0.5698,0.1069,-0.0328,-0.0262
2.5378,-9.1844,-1.154,0.0794,-0.0511,0.0262
2.6408,-8.9929,-0.8451,0.1173,-0.1824,0.0476
3.0885,-9.0623,-0.1053,0.0703,-0.1934,0.0287
2.8898,-10.008,-1.1659,0.0385,-0.1653,0.0317
2.8275,-10.1158,-1.0845,0.0886,-0.1049,-0.0152
2.7365,-10.1253,-0.3974,0.0654,-0.0975,-0.0232
2.885,-10.0822,-1.0007,0.022,-0.1281,-0.0128
3.1531,-9.7447,-0.5075,0.0342,-0.238,-0.0116
3.1699,-9.7638,-0.3878,0.0208,-0.2118,-0.0122
3.2345,-9.7159,-0.6584,0.0037,-0.1916,0.0018
3.0454,-9.7734,-0.3711,0.0208,-0.2014,0.0085
2.2984,-10.0176,-0.4548,0.0116,-0.1207,0.0097
2.2816,-9.9745,-0.4908,0.0422,-0.1342,0.0183
2.0829,-9.6369,-0.0861,0.0678,-0.2576,0.0213
1.7094,-9.3305,0.1867,0.0544,-0.3174,0.0293
1.7836,-9.0072,-1.3527,0.1381,-0.3749,0.0678
1.5801,-8.8013,-1.3551,0.201,-0.2826,0.1111
1.7381,-8.8133,-1.6328,0.1637,-0.1146,0.1563
1.7597,-9.1844,-1.3766,0.1112,-0.0682,0.24
2.7246,-9.4813,-0.9504,0.0306,-0.0774,0.2999
2.9424,-9.8069,-0.7015,-0.0573,-0.1941,0.3549
3.201,-10.1181,-0.7134,-0.0854,-0.1824,0.342
2.9592,-10.2331,-0.2657,-0.0952,-0.1708,0.3237
2.7413,-9.8739,0.0933,-0.119,-0.1708,0.3164
2.612,-9.7542,0.0215,-0.1172,-0.2802,0.3072
2.3918,-9.4789,0.1651,-0.1074,-0.4347,0.2657
2.1475,-9.3352,0.3806,-0.0897,-0.3944,0.2241
1.8698,-9.7686,0.6703,-0.0292,-0.1452,0.2003
2.0015,-9.8548,0.5746,0.0623,0.1143,0.1979
2.0949,-10.2019,-0.1292,0.1845,0.2084,0.218
1.6472,-10.1924,-0.7158,0.2835,0.1394,0.226
1.4484,-10.4438,-1.051,0.3293,0.008,0.2186
1.4676,-10.4533,-1.0773,0.3391,-0.1116,0.2645
1.5753,-10.4485,-1.3623,0.311,-0.2014,0.3176
1.5586,-10.6066,-1.0558,0.2535,-0.271,0.3536
1.3551,-10.5659,-0.9888,0.179,-0.2429,0.3762
1.1755,-10.5323,-1.0031,0.135,-0.1397,0.397
0.8259,-10.3576,-1.1611,0.066,-0.0322,0.4355
0.8499,-10.1684,-1.0941,0.0031,-0.0688,0.4703
0.8355,-9.8859,-0.9624,-0.0585,-0.1177,0.5131
0.8667,-9.8237,-0.881,-0.1056,-0.1476,0.5479
0.8236,-9.8332,-0.9672,-0.1434,-0.1171,0.5815
0.6799,-9.7973,-1.0342,-0.1764,-0.0474,0.6096
1.0797,-9.6297,-0.3567,-0.2509,0.0813,0.6481
1.063,-9.5795,-0.3639,-0.2864,0.1217,0.6725
1.0366,-9.5818,-0.656,-0.2784,0.093,0.6719
0.869,-9.5603,-0.802,-0.2583,0.005,0.6536
0.5913,-9.2586,-0.9026,-0.268,-0.0804,0.6279
0.5051,-9.2179,-1.0007,-0.3023,-0.1696,0.5968
0.2322,-9.2874,-1.3144,-0.3151,-0.2063,0.5968
0.2896,-9.4023,-1.1348,-0.3536,-0.1543,0.6298
1.0414,-9.7494,-0.2825,-0.3988,-0.0181,0.6658
1.0414,-9.7494,-0.2825,-0.4232,0.1339,0.6951
0.9552,-10.3264,-0.565,-0.4134,0.1797,0.7024
0.9528,-10.8316,-0.8403,-0.3664,-0.0676,0.6695
1.2138,-11.411,-0.9097,-0.3462,-0.2246,0.6517
1.1707,-11.6576,-0.905,-0.3261,-0.3126,0.6462
1.1563,-11.6959,-0.7852,-0.3126,-0.3706,0.6414
1.367,-11.3536,-0.5051,-0.3016,-0.3999,0.645
1.3311,-10.5419,-0.1628,-0.2925,-0.45,0.6597
1.3144,-10.3288,-0.0885,-0.2351,-0.4335,0.6383
1.0869,-10.2618,-0.2992,-0.1709,-0.4036,0.6133
1.0223,-10.1541,-0.7038,-0.1159,-0.403,0.6035
0.3663,-9.9793,-0.8762,-0.1007,-0.4775,0.601
0.328,-9.996,-0.7996,-0.0964,-0.5245,0.5736
0.1268,-9.7806,-1.2689,-0.0396,-0.494,0.5699
-0.5123,-9.7518,-2.1212,0.0019,-0.5459,0.5742
-0.5626,-9.6178,-2.7509,-0.0121,-0.5807,0.598
-0.5267,-9.6178,-2.7844,-0.0939,-0.6223,0.678
-0.5003,-9.9003,-2.6791,-0.1996,-0.5966,0.7623
-0.1819,-10.2857,-2.4444,-0.3029,-0.4506,0.8106
0.237,-10.7574,-1.2856,-0.4293,-0.2258,0.8539
0.237,-10.755,-1.2425,-0.4727,-0.1928,0.8203
0.2154,-10.8173,-1.3551,-0.469,-0.2967,0.7757
0.3998,-10.4797,-1.537,-0.4776,-0.4836,0.7593
-0.2657,-9.9936,-1.4604,-0.5332,-0.676,0.7593
-0.1675,-9.862,-0.96,-0.5704,-0.5642,0.7452
-0.0167,-9.9793,-0.553,-0.5325,-0.3113,0.7929
0.1101,-9.8428,-0.4357,-0.4177,-0.0981,0.802
-0.2896,-9.3999,-0.7254,-0.3157,-0.0224,0.755
-0.2896,-9.3999,-0.7254,-0.2974,-0.2203,0.6279
-0.553,-9.3281,-0.4836,-0.2974,-0.2203,0.6279
-0.9385,-9.7063,-0.972,-0.2552,-0.4152,0.59
-0.5985,-10.1373,-1.6639,-0.1734,-0.3975,0.6078
-0.4764,-10.1924,-1.8962,-0.1282,-0.2674,0.6481
-0.0359,-10.245,-2.0326,-0.1312,-0.2234,0.6835
0.1987,-9.8069,-0.8068,-0.1954,-0.2234,0.6823
0.3471,-9.2347,-0.4453,-0.2625,-0.1947,0.634
0.2394,-9.1365,-0.5674,-0.2106,-0.2075,0.5528
-0.3303,-8.7319,-0.79,-0.1288,-0.1763,0.4691
-0.3878,-8.5787,-1.2593,-0.0756,-0.1085,0.4269
-1.0007,-8.526,-1.9895,-0.0414,-0.0444,0.4251
-1.0127,-8.5212,-1.9943,-0.0341,0.0416,0.3799
-0.7422,-8.4159,-1.7214,-0.0726,-0.0291,0.3097
-0.7613,-8.3464,-1.47,-0.1263,-0.0694,0.2822
-0.2322,-8.3943,-0.79,-0.1434,-0.0817,0.2419
-0.4285,-8.4733,-0.8547,-0.1489,-0.045,0.2193
-0.5363,-8.447,-0.7948,-0.1294,0.0551,0.1637
-0.0239,-8.368,-0.1675,-0.1037,0.2035,0.1411
-0.3998,-8.0208,-1.2378,-0.0158,0.3025,0.1105
-0.8259,-8.0663,-1.0893,0.0739,0.2554,0.028
-0.8164,-8.0352,-0.8523,0.0978,0.3104,-0.0171
-0.079,-8.2938,-1.8435,0.121,0.4161,-0.0299
-0.541,-8.9258,-2.1092,0.1564,0.4686,-0.0641
-0.3998,-8.9929,-1.7022,0.0727,0.5395,-0.2058
-0.395,-9.431,-1.4413,0.0116,0.5664,-0.2516
-0.3351,-9.8332,-1.5801,0.0293,0.457,-0.3469
-0.984,-10.0439,-0.5817,0.0446,0.3196,-0.4538
-1.0486,-10.075,-0.4572,0.0605,0.3703,-0.5424
-0.9528,-10.099,-0.0526,0.1204,0.5511,-0.5632
-0.6368,-10.02,-0.4932,0.237,0.6922,-0.5302
0.2154,-9.5579,-1.6519,0.3195,0.633,-0.5265
0.2154,-9.5579,-1.6519,0.3427,0.5615,-0.5406
0.3782,-9.2538,-1.6017,0.3146,0.5279,-0.5729
0.3782,-9.2538,-1.6017,0.314,0.5169,-0.6682
0.2154,-8.8181,-0.8164,0.314,0.5169,-0.6682
0.4644,-8.7127,-0.6751,0.3586,0.5169,-0.7189
0.3902,-8.5188,-0.9744,0.4221,0.5096,-0.7654
0.1268,-8.3105,-0.8714,0.4802,0.4992,-0.8509
0.4716,-8.4877,-1.6136,0.5248,0.5395,-0.926
0.6248,-8.4709,-1.6783,0.5865,0.6061,-0.9627
0.3974,-8.6553,-2.0829,0.6139,0.6904,-1.0409
0.2154,-9.0623,-2.3104,0.6176,0.7191,-1.1136
0.4094,-10.0176,-2.2194,0.5926,0.7649,-1.1649
0.4477,-10.1325,-2.1068,0.5535,0.7875,-1.1948
0.6943,-10.5706,-1.5083,0.4857,0.7258,-1.2168
0.4261,-10.7382,-1.3814,0.4295,0.5346,-1.2418
0.1532,-10.427,-0.8355,0.3977,0.2066,-1.2644
0.1316,-10.324,-0.905,0.3775,0.0899,-1.2198
0.0598,-9.8644,-1.039,0.3733,0.0093,-1.163
0.2657,-9.4286,-0.5171,0.3446,0.0288,-1.1105
0.2657,-9.4286,-0.5171,0.3213,0.129,-1.0574
0.2657,-9.4286,-0.5171,0.4429,0.3373,-1.0439
0.2657,-9.4286,-0.5171,0.4496,0.3465,-1.0531
0.5075,-9.8021,-0.8571,0.4496,0.3465,-1.0531
0.5075,-9.8021,-0.8571,0.4496,0.3465,-1.0531
0.5386,-9.8835,-0.893,0.4496,0.3465,-1.0531
0.5554,-10.1588,-0.9888,0.4496,0.3465,-1.0531
0.6153,-10.4605,-1.2186,0.4496,0.3465,-1.0531
0.6248,-10.9178,-1.4413,0.4496,0.3465,-1.0531
0.577,-11.2674,-1.5682,0.4496,0.3465,-1.0531
0.4764,-11.6552,-1.8722,0.4496,0.3465,-1.0531
0.4141,-11.9545,-1.9297,0.4496,0.3465,-1.0531
0.3495,-12.34,-1.9464,0.4496,0.3465,-1.0531
0.3423,-12.6488,-2.1523,0.4496,0.3465,-1.0531
0.2753,-12.814,-2.1643,0.4496,0.3465,-1.0531
0.2992,-12.9098,-2.0278,0.4496,0.3465,-1.0531
0.3495,-12.9026,-1.8531,0.4496,0.3465,-1.0531
0.3543,-12.8906,-1.5705,0.4496,0.3465,-1.0531
0.3471,-12.8188,-1.4915,0.4533,0.3568,-1.0586
0.3471,-12.8188,-1.4915,0.4802,0.3959,-1.0903
0.3471,-12.8188,-1.4915,0.4893,0.4356,-1.1117
0.3471,-12.8188,-1.4915,0.4985,0.468,-1.1343
0.3471,-12.8188,-1.4915,0.4912,0.4888,-1.1423
0.3471,-12.8188,-1.4915,0.482,0.4882,-1.138
0.3471,-12.8188,-1.4915,0.4631,0.4631,-1.1325
0.3471,-12.8188,-1.4915,0.4386,0.4008,-1.1093
0.3471,-12.8188,-1.4915,0.4124,0.3349,-1.0903
0.3471,-12.8188,-1.4915,0.3855,0.2463,-1.0665
0.3471,-12.8188,-1.4915,0.3507,0.0948,-1.0323
0.3471,-12.8188,-1.4915,0.3329,-0.0444,-1.0036
0.3471,-12.8188,-1.4915,0.314,-0.2539,-0.9615
0.3639,-12.6847,-1.4628,0.3012,-0.3627,-0.937
0.3495,-12.5435,-1.3215,0.2939,-0.4091,-0.9254
0.3471,-12.4908,-1.2425,0.2884,-0.5105,-0.904
0.3734,-12.3567,-1.1037,0.2835,-0.6052,-0.8796
0.383,-12.1748,-0.9648,0.2835,-0.6846,-0.8594
0.4333,-11.9832,-0.8283,0.2822,-0.7139,-0.8466
0.4668,-11.8946,-0.802,0.281,-0.7677,-0.8295
0.5315,-11.4852,-0.6679,0.281,-0.7677,-0.8295
0.5315,-11.4852,-0.6679,0.2798,-0.8226,-0.7947
0.5267,-10.9944,-0.5841,0.2798,-0.8226,-0.7947
0.5267,-10.9944,-0.5841,0.2816,-0.8177,-0.7874
0.5267,-10.9944,-0.5841,0.2804,-0.775,-0.7507
0.5578,-10.8412,-0.5985,0.2767,-0.7292,-0.7324
0.565,-10.6999,-0.6057,0.2761,-0.6944,-0.7232
0.6105,-10.6233,-0.5961,0.2792,-0.6278,-0.7043
0.6871,-10.4677,-0.6057,0.2761,-0.5453,-0.6902
0.6991,-10.3336,-0.5961,0.2761,-0.4604,-0.6743
0.6871,-10.2522,-0.577,0.281,-0.4103,-0.6682
0.6272,-10.099,-0.4955,0.2792,-0.3291,-0.6469
0.5913,-9.9697,-0.4788,0.2847,-0.2478,-0.6255
0.5339,-9.8739,-0.3663,0.2884,-0.1824,-0.5998
0.5386,-9.8261,-0.2992,0.2939,-0.1446,-0.5845
0.565,-9.7638,-0.2633,0.3036,-0.0872,-0.5613
0.5746,-9.7111,-0.2705,0.3103,-0.0316,-0.5338
0.6057,-9.7039,-0.225,0.3177,0.0148,-0.5088
0.644,-9.7063,-0.1771,0.325,0.0343,-0.5009
0.7709,-9.6872,-0.1412,0.3372,0.0636,-0.4819
0.8619,-9.6944,-0.134,0.3476,0.0875,-0.4642
0.9361,-9.7087,-0.0718,0.3519,0.0942,-0.4593
1.1899,-9.8763,-0.1915,0.3519,0.0942,-0.4593
1.1899,-9.8763,-0.1915,0.3519,0.0942,-0.4593
1.233,-9.9051,-0.2106,0.3659,0.0966,-0.4471
1.233,-9.9051,-0.2106,0.4038,0.0746,-0.4153
1.233,-9.9051,-0.2106,0.4069,0.0685,-0.4098
1.2761,-9.9506,-0.2561,0.4154,0.0612,-0.4068
1.3479,-10.02,-0.4644,0.4203,0.0508,-0.4031
1.3958,-10.0487,-0.7254,0.4197,0.0478,-0.4001
1.4101,-10.0918,-0.802,0.4227,0.0453,-0.3958
1.4724,-10.2235,-0.9888,0.4172,0.038,-0.3903
1.4963,-10.3719,-1.2186,0.4099,0.041,-0.386
1.5131,-10.4773,-1.3599,0.4075,0.0459,-0.3817
1.5275,-10.5132,-1.4101,0.3959,0.0496,-0.3787
1.5203,-10.5706,-1.4413,0.3904,0.0465,-0.3701
1.5203,-10.5994,-1.4269,0.3812,0.0423,-0.3634
1.5562,-10.6018,-1.4963,0.3794,0.0386,-0.3604
1.6136,-10.6042,-1.4748,0.3733,0.03,-0.3543
1.6543,-10.597,-1.367,0.3696,0.0135,-0.3506
1.7549,-10.5754,-1.2952,0.3708,-0.0102,-0.3494
1.81,-10.5371,-1.312,0.3714,-0.023,-0.3494
2.1116,-10.3049,-1.3407,0.3714,-0.023,-0.3494
2.1284,-10.2594,-1.3814,0.3714,-0.023,-0.3494
2.1499,-10.2115,-1.4245,0.3714,-0.023,-0.3494
2.1499,-10.2115,-1.4245,0.3519,-0.1354,-0.364
2.1499,-10.2115,-1.4245,0.3452,-0.1482,-0.3677
2.1499,-10.2115,-1.4245,0.3397,-0.1562,-0.372
2.1906,-10.111,-1.4508,0.3268,-0.1678,-0.3799
2.1859,-10.0559,-1.4963,0.3201,-0.1727,-0.3836
2.1859,-9.9745,-1.537,0.2981,-0.1794,-0.3915
2.1523,-9.8763,-1.561,0.2841,-0.1837,-0.3995
2.1571,-9.8021,-1.6448,0.2633,-0.1855,-0.4105
2.1859,-9.7614,-1.6855,0.256,-0.1763,-0.4135
2.2098,-9.6417,-1.6352,0.2334,-0.1708,-0.4263
2.2529,-9.5842,-1.5418,0.2169,-0.1623,-0.4373
2.284,-9.5411,-1.3958,0.2114,-0.1525,-0.4447
2.3032,-9.5387,-1.3431,0.1986,-0.1342,-0.4624
2.3271,-9.4933,-1.209,0.1906,-0.1153,-0.4795
2.3463,-9.4621,-1.1611,0.1845,-0.0957,-0.4972
2.3127,-9.431,-1.1659,0.1784,-0.0865,-0.5057
2.2864,-9.4238,-1.1947,0.1723,-0.0682,-0.5198
1.6759,-9.1509,-1.5251,0.1723,-0.0682,-0.5198
1.6304,-9.1413,-1.4724,0.1723,-0.0682,-0.5198
1.6304,-9.1413,-1.4724,0.1723,-0.0682,-0.5198
1.6304,-9.1413,-1.4724,0.0972,-0.0041,-0.532
1.6304,-9.1413,-1.4724,0.0886,-0.0029,-0.5308
1.6304,-9.1413,-1.4724,0.0886,-0.0029,-0.5308
1.5897,-9.1222,-1.3407,0.0807,-0.0029,-0.5265
1.5873,-9.1126,-1.3215,0.0691,-0.0077,-0.5265
1.5658,-9.1006,-1.3311,0.0544,-0.0132,-0.5247
1.4963,-9.0815,-1.4149,0.033,-0.02,-0.5253
1.4317,-9.0958,-1.4676,0.0232,-0.023,-0.521
1.3335,-9.0503,-1.4173,0.0232,-0.023,-0.521
1.3335,-9.0503,-1.4173,-0.0164,-0.0517,-0.5143
1.3072,-9.0336,-1.4245,-0.0384,-0.0719,-0.5076
1.2976,-9.0144,-1.4437,-0.0518,-0.078,-0.5039
1.3215,-8.9977,-1.4053,-0.072,-0.0975,-0.5015
1.3,-8.9737,-1.3096,-0.0927,-0.1171,-0.4935
1.2761,-8.9234,-1.1707,-0.1117,-0.1336,-0.4899
1.2354,-8.8923,-1.0965,-0.1165,-0.1458,-0.485
1.1755,-8.8612,-0.96,-0.1288,-0.166,-0.474
1.1252,-8.8492,-0.8786,-0.1288,-0.166,-0.474
1.1252,-8.8492,-0.8786,-0.1495,-0.1745,-0.4538
1.1252,-8.854,-0.8643,-0.1532,-0.1696,-0.4489
1.1372,-8.8684,-0.9002,-0.1611,-0.1574,-0.4398
1.1468,-8.8995,-0.9361,-0.174,-0.133,-0.43
1.1516,-8.945,-0.8978,-0.1782,-0.1091,-0.4166
1.1587,-8.9641,-0.9002,-0.1831,-0.0988,-0.4098
1.1707,-9.0312,-0.905,-0.1911,-0.0713,-0.397
1.1707,-9.1102,-0.9074,-0.1978,-0.0395,-0.3769
1.1611,-9.206,-0.9241,-0.2021,-0.0236,-0.3695
1.2234,-9.3089,-0.9816,-0.2021,-0.0236,-0.3695
1.2234,-9.3089,-0.9816,-0.2143,0.0471,-0.3323
1.2258,-9.4166,-0.9935,-0.2167,0.0771,-0.3121
1.2473,-9.5411,-0.9026,-0.2241,0.0942,-0.3011
1.2545,-9.6034,-0.8403,-0.232,0.1235,-0.2834
1.2928,-9.7255,-0.6895,-0.2253,0.1492,-0.2657
1.367,-9.862,-0.5243,-0.2228,0.1663,-0.2498
1.4437,-9.9984,-0.4213,-0.2235,0.1699,-0.2412
1.47,-10.0631,-0.395,-0.2198,0.1852,-0.2278
1.5562,-10.1948,-0.3471,-0.2186,0.1931,-0.2186
1.968,-10.585,-0.0502,-0.2186,0.1931,-0.2186
1.968,-10.585,-0.0502,-0.2118,0.1999,-0.2089
1.968,-10.585,-0.0502,-0.1923,0.1956,-0.2009
2.0302,-10.6425,-0.0215,-0.1899,0.1919,-0.1991
2.1212,-10.7239,0.0095,-0.1776,0.1699,-0.1966
2.1763,-10.8125,0.0909,-0.1685,0.1589,-0.1948
2.1859,-10.858,0.1532,-0.1532,0.1241,-0.1887
2.229,-10.9441,0.2681,-0.13,0.0856,-0.1863
2.229,-10.9441,0.2681,-0.0976,0.0245,-0.1832
2.2768,-11.0232,0.3615,-0.0695,-0.0169,-0.1844
2.4205,-11.1117,0.4477,-0.0695,-0.0169,-0.1844
2.4923,-11.1524,0.5099,-0.0445,-0.0578,-0.1887
2.5187,-11.1979,0.5578,-0.0151,-0.1098,-0.1899
2.5354,-11.2291,0.5363,-0.006,-0.1299,-0.1912
2.5546,-11.2745,0.4237,0.019,-0.1696,-0.193
2.5881,-11.2506,0.3112,0.0373,-0.1928,-0.1954
2.5617,-11.2171,0.2082,0.0544,-0.205,-0.193
2.545,-11.1884,0.1508,0.0629,-0.2112,-0.1924
2.5139,-11.1788,0.0047,0.0691,-0.2124,-0.1857
2.4396,-11.1261,-0.1101,0.08,-0.1983,-0.1747
2.1883,-10.7239,0.0311,0.08,-0.1983,-0.1747
2.1859,-10.7239,0.0311,0.08,-0.1983,-0.1747
2.1859,-10.7239,0.0311,0.0831,-0.1941,-0.1618
2.1859,-10.7239,0.0311,0.1265,-0.1415,-0.1172
2.1859,-10.7239,0.0311,0.1265,-0.1415,-0.1172
2.1954,-10.6904,0.079,0.132,-0.1342,-0.1117
2.2266,-10.5898,0.1508,0.1442,-0.1317,-0.1014
2.2194,-10.4653,0.1963,0.157,-0.136,-0.0965
2.1954,-10.324,0.2466,0.1619,-0.1348,-0.0897
2.1787,-10.269,0.2442,0.1796,-0.1434,-0.0788
2.1236,-10.1804,0.1987,0.1912,-0.1568,-0.0684
2.0494,-10.0942,0.1484,0.2028,-0.1745,-0.0519
2.0159,-10.0607,0.0407,0.212,-0.1715,-0.0433
1.9967,-10.032,-0.043,0.2163,-0.1763,-0.0342
1.9369,-10.0056,-0.2681,0.2181,-0.1739,-0.0213
1.8914,-9.9745,-0.4237,0.2205,-0.1678,-0.0097
1.8148,-9.9458,-0.6009,0.2181,-0.1666,-0.0061
1.7908,-9.9386,-0.7062,0.2108,-0.1623,0.0061
1.7286,-9.9242,-0.8906,0.2004,-0.155,0.0152
1.6974,-9.9314,-1.0247,0.187,-0.1556,0.0274
1.6089,-9.7303,-1.1971,0.187,-0.1556,0.0274
1.616,-9.7279,-1.1372,0.187,-0.1556,0.0274
1.616,-9.7279,-1.1372,0.1796,-0.1525,0.0323
1.616,-9.7279,-1.1372,0.1308,-0.155,0.072
1.616,-9.7279,-1.1372,0.1308,-0.1666,0.0751
1.6352,-9.7183,-1.0654,0.1253,-0.1745,0.0788
1.6879,-9.6632,-0.9074,0.1289,-0.2008,0.0855
1.7381,-9.6441,-0.7661,0.1308,-0.2393,0.0904
1.7717,-9.6297,-0.6943,0.1344,-0.2539,0.0904
1.8124,-9.5866,-0.5626,0.1399,-0.2887,0.0922
1.8387,-9.5723,-0.5171,0.1515,-0.3162,0.0897
1.8435,-9.5364,-0.4932,0.1576,-0.337,0.0891
1.8387,-9.5124,-0.4932,0.1607,-0.3431,0.0891
1.8076,-9.4597,-0.4692,0.1717,-0.359,0.0879
1.7501,-9.4071,-0.3639,0.1778,-0.3724,0.0873
1.6998,-9.3927,-0.2968,0.1906,-0.3779,0.0928
1.6615,-9.3592,-0.3064,0.1931,-0.3785,0.0965
1.5466,-9.3281,-0.3543,0.2016,-0.3749,0.1038
1.482,-9.2778,-0.4189,0.2077,-0.3639,0.116
1.4556,-9.2778,-0.5123,0.2126,-0.3498,0.1276
1.5275,-9.1509,-0.8643,0.2126,-0.3498,0.1276
1.5849,-9.1629,-0.8858,0.2126,-0.3498,0.1276
1.5849,-9.1629,-0.8858,0.2126,-0.3498,0.1276
1.6376,-9.1724,-0.9241,0.2132,-0.3413,0.1331
1.6376,-9.1724,-0.9241,0.1967,-0.2295,0.1899
1.6376,-9.1724,-0.9241,0.1955,-0.2209,0.1954
1.6376,-9.1724,-0.9241,0.1924,-0.2026,0.1991
1.7142,-9.1844,-1.0797,0.1912,-0.1977,0.2009
1.7597,-9.2012,-1.2042,0.1802,-0.1696,0.2119
1.8267,-9.2371,-1.4915,0.1613,-0.1397,0.2193
1.9297,-9.2586,-1.7381,0.1375,-0.1018,0.2296
1.9967,-9.2921,-1.9105,0.1246,-0.0878,0.2364
1.9656,-9.3089,-1.8866,0.0978,-0.0621,0.2474
2.0422,-9.3448,-1.7142,0.0746,-0.0487,0.2663
2.2337,-9.4238,-1.5945,0.0568,-0.0358,0.2773
2.4085,-9.5028,-1.5011,0.0489,-0.0383,0.2816
2.4732,-9.5268,-1.4149,0.0391,-0.0267,0.2889
2.6671,-9.6225,-1.221,0.0312,-0.0242,0.2932
2.8802,-9.747,-0.9816,0.0269,-0.0248,0.2895
2.9735,-9.9075,-0.7015,0.0269,-0.0267,0.2871
3.3901,-10.1684,-0.553,0.0269,-0.0267,0.2871
3.3901,-10.1684,-0.553,0.0458,-0.0426,0.2675
3.529,-10.3384,-0.6847,0.0471,-0.0499,0.2535
3.5865,-10.427,-0.8164,0.044,-0.045,0.2486
3.6607,-10.6018,-1.0821,0.0342,-0.0261,0.2339
3.7373,-10.7694,-1.2617,0.0184,-0.0022,0.2241
3.7924,-10.9657,-1.3958,0.0019,0.0227,0.2125
3.8187,-11.0375,-1.4389,-0.0072,0.0368,0.2089
3.8402,-11.1285,-1.4221,-0.0249,0.0514,0.1973
3.8857,-11.174,-1.2928,-0.0402,0.0581,0.1875
3.9121,-11.2219,-1.1133,-0.0487,0.0471,0.1759
3.8833,-11.2386,-1.0319,-0.053,0.0435,0.1728
3.7732,-11.2626,-0.869,-0.0579,0.008,0.1649
3.6798,-11.2482,-0.7086,-0.0616,-0.0334,0.1551
3.6176,-11.2027,-0.5171,-0.0597,-0.0865,0.1447
3.6032,-11.174,-0.4189,-0.0555,-0.1104,0.138
3.5673,-11.0974,-0.2394,-0.05,-0.1635,0.1233
3.5434,-10.9968,-0.1101,-0.039,-0.224,0.1081
3.5051,-10.8651,-0.0311,-0.0359,-0.2503,0.0989
3.4524,-10.7957,0.0167,-0.0225,-0.3077,0.0842
3.0837,-10.2474,0.1436,-0.0225,-0.3077,0.0842
3.0837,-10.2474,0.1436,-0.0078,-0.3675,0.072
3.0837,-10.2474,0.1436,0.0257,-0.4641,0.0464
2.9783,-10.1541,0.1364,0.0293,-0.4873,0.0409
2.7413,-9.9913,0.1221,0.0428,-0.5215,0.0311
2.5163,-9.8021,0.1125,0.0568,-0.5508,0.0256
2.2768,-9.6441,0.1125,0.0623,-0.5612,0.0232
2.1667,-9.5555,0.1268,0.0721,-0.5771,0.0189
1.9704,-9.3759,0.1795,0.0862,-0.5917,0.0177
1.7884,-9.2131,0.2609,0.0972,-0.5942,0.0158
1.6112,-9.0503,0.3064,0.1045,-0.5942,0.0146
1.5275,-8.9833,0.3208,0.1216,-0.5887,0.014
1.3646,-8.8564,0.3639,0.1332,-0.5783,0.0171
1.2162,-8.7367,0.3998,0.1497,-0.56,0.0213
1.1276,-8.6194,0.4788,0.1619,-0.5539,0.0244
0.9959,-8.5619,0.5267,0.1815,-0.5331,0.0317
0.8571,-8.4278,0.5746,0.2083,-0.5117,0.0409
0.7422,-8.2842,0.5315,0.2322,-0.486,0.0537
0.6919,-8.2363,0.5123,0.2425,-0.4726,0.061
0.5937,-8.1621,0.4453,0.2664,-0.4402,0.0757
0.1197,-8.2698,-0.1843,0.2664,-0.4402,0.0757
0.1197,-8.2698,-0.1843,0.2664,-0.4402,0.0757
0.0909,-8.3153,-0.2561,0.2871,-0.4042,0.0928
0.0909,-8.3153,-0.2561,0.3501,-0.2698,0.1728
0.0909,-8.3153,-0.2561,0.3501,-0.2698,0.1728
0.0742,-8.356,-0.3232,0.3562,-0.2264,0.2003
0.0766,-8.4039,-0.395,0.3592,-0.2044,0.2138
0.1364,-8.514,-0.5602,0.3635,-0.1641,0.2394
0.2585,-8.6146,-0.6919,0.3635,-0.1293,0.2596
0.3567,-8.7319,-0.8116,0.3641,-0.0945,0.2748
0.3854,-8.8133,-0.8571,0.3647,-0.0774,0.2864
0.383,-8.9617,-0.9026,0.361,-0.0536,0.306
0.328,-9.1269,-0.9672,0.3525,-0.0426,0.3262
0.2873,-9.2969,-1.0271,0.3488,-0.0346,0.3378
0.2729,-9.3735,-1.051,0.3433,-0.0291,0.3616
0.2537,-9.5292,-1.1133,0.336,-0.0297,0.3885
0.2633,-9.6968,-1.1396,0.3262,-0.0358,0.4147
0.3591,-9.8596,-1.154,0.322,-0.0383,0.4269
0.4357,-9.9362,-1.1396,0.3128,-0.0548,0.4465
0.6296,-10.032,-1.0678,0.303,-0.0719,0.4605
1.1037,-10.336,-1.2066,0.303,-0.0719,0.4605
1.1037,-10.336,-1.2066,0.303,-0.0719,0.4605
1.1037,-10.336,-1.2066,0.2969,-0.0914,0.4709
1.1037,-10.336,-1.2066,0.2639,-0.1488,0.5057
1.1037,-10.336,-1.2066,0.2639,-0.1488,0.5057
1.0678,-10.3791,-1.2593,0.2603,-0.1488,0.5094
1.0534,-10.4078,-1.2785,0.2444,-0.1562,0.5271
1.0773,-10.4749,-1.2713,0.237,-0.158,0.543
1.1779,-10.5371,-1.1851,0.2303,-0.1666,0.5589
1.2354,-10.5635,-1.0893,0.2248,-0.1678,0.5656
1.4053,-10.5898,-1.0271,0.2224,-0.1708,0.5754
1.4604,-10.5922,-1.0031,0.2175,-0.1739,0.5845
1.5682,-10.5802,-0.9696,0.2108,-0.1806,0.5894
1.6208,-10.5922,-0.9768,0.2089,-0.1794,0.5925
1.6687,-10.5898,-1.0486,0.2041,-0.1794,0.5962
1.6711,-10.5443,-1.1252,0.1943,-0.1782,0.6017
1.707,-10.4916,-1.1396,0.1845,-0.1806,0.6059
1.7429,-10.4701,-1.1276,0.1833,-0.18,0.6065
1.81,-10.4198,-1.0749,0.1729,-0.1861,0.6102
1.9033,-10.3456,-1.0223,0.165,-0.1947,0.6157
2.1021,-10.1804,-0.6679,0.165,-0.1947,0.6157
2.1021,-10.1804,-0.6679,0.165,-0.1947,0.6157
2.1092,-10.1732,-0.644,0.165,-0.1947,0.6157
2.1092,-10.1732,-0.644,0.154,-0.2802,0.6065
2.1092,-10.1732,-0.644,0.154,-0.2802,0.6065
2.1092,-10.1732,-0.644,0.1527,-0.2869,0.6059
2.2936,-10.1972,-0.5386,0.1527,-0.2869,0.6059
2.2936,-10.1972,-0.5386,0.1564,-0.3181,0.5968
2.5091,-10.2115,-0.4668,0.1601,-0.3291,0.5894
2.5977,-10.2163,-0.4788,0.1631,-0.3529,0.5699
2.7006,-10.1828,-0.5698,0.165,-0.3681,0.5528
2.7365,-10.1684,-0.7278,0.1595,-0.381,0.5345
2.7269,-10.1277,-0.9313,0.154,-0.3859,0.5259
2.6958,-10.1038,-1.0414,0.1411,-0.3889,0.5106
2.6216,-10.087,-1.1899,0.124,-0.3938,0.4984
2.5115,-10.0631,-1.2186,0.11,-0.3987,0.4874
2.3965,-10.0511,-1.2497,0.1033,-0.4005,0.4831
2.3391,-10.0463,-1.2593,0.0837,-0.4115,0.4783
2.2433,-10.0631,-1.2497,0.0691,-0.4158,0.4728
2.1906,-10.087,-1.1252,0.0574,-0.4219,0.4654
2.1428,-10.087,-0.6823,0.0574,-0.4219,0.4654
2.1428,-10.087,-0.6823,0.0471,-0.4439,0.4459
2.1236,-10.0774,-0.5913,0.0489,-0.4524,0.4404
2.0733,-10.0703,-0.4525,0.0471,-0.4738,0.4294
2.0446,-10.0535,-0.3351,0.0526,-0.4867,0.4221
1.9847,-10.0487,-0.2801,0.0587,-0.5086,0.4086
1.98,-10.0846,-0.1963,0.0623,-0.5306,0.3952
1.9488,-10.1181,-0.1891,0.0715,-0.5526,0.3787
1.9153,-10.1421,-0.2106,0.0709,-0.5685,0.372
1.7717,-10.1277,-0.3351,0.0758,-0.5856,0.3585
1.5586,-10.0966,-0.5051,0.0709,-0.6003,0.3543
1.367,-10.0822,-0.6991,0.0629,-0.6088,0.3536
1.2593,-10.0655,-0.7733,0.0562,-0.6082,0.3573
1.0342,-10.0391,-0.8499,0.0452,-0.6033,0.364
0.8714,-10.0296,-0.8786,0.03,-0.5826,0.3762
0.7038,-10.0272,-0.8619,0.0208,-0.5532,0.3878
0.6296,-10.0343,-0.8331,0.0147,-0.5398,0.3933
0.5339,-10.0487,-0.802,0.0074,-0.4934,0.4105
0.4213,-10.0918,-0.735,0.0061,-0.4543,0.4251
0.3303,-10.1062,-0.7398,-0.0011,-0.4158,0.4428
0.1891,-10.1684,-0.7038,-0.0011,-0.4158,0.4428
0.1891,-10.1684,-0.7038,-0.0048,-0.3969,0.452
0.1891,-10.1684,-0.7038,-0.0109,-0.3254,0.4893
0.1388,-10.1708,-0.6607,-0.0103,-0.3138,0.499
0.1197,-10.1924,-0.6464,-0.0103,-0.29,0.5155
0.1101,-10.2426,-0.644,-0.0096,-0.2655,0.5351
0.1029,-10.2642,-0.6272,-0.006,-0.2521,0.5516
0.0766,-10.2666,-0.5961,-0.0041,-0.2503,0.5607
0.0861,-10.2857,-0.5889,-0.0048,-0.2515,0.5766
0.1149,-10.3193,-0.5746,-0.0035,-0.2521,0.5931
0.079,-10.36,-0.5889,0.0025,-0.257,0.6078
0.043,-10.3815,-0.62,0.0025,-0.2606,0.6169
0.0598,-10.3983,-0.632,0.0025,-0.2661,0.6316
0.0215,-10.439,-0.6464,0.0067,-0.2765,0.6469
-0.0215,-10.4725,-0.6488,0.0061,-0.29,0.6603
-0.0502,-10.4869,-0.6703,0.0074,-0.2918,0.6688
-0.0574,-10.4749,-0.6775,0.0086,-0.3022,0.6823
-0.0861,-10.4821,-0.7326,0.0055,-0.3156,0.6939
-0.0837,-10.4916,-0.7637,0.0025,-0.3278,0.7079
-0.0526,-10.5299,-0.8092,0.0012,-0.3358,0.7141
0.0023,-10.5778,-0.8427,0.0012,-0.3358,0.7141
0.0023,-10.5778,-0.8427,0.0012,-0.3358,0.7141
-0.0143,-10.573,-0.8619,-0.0011,-0.3529,0.7232
-0.0143,-10.573,-0.8619,-0.0139,-0.3975,0.7629
-0.0143,-10.573,-0.8619,-0.0139,-0.3975,0.7629
-0.043,-10.5802,-0.8834,-0.0176,-0.406,0.7727
-0.0502,-10.6018,-0.9313,-0.0268,-0.4115,0.7874
-0.0383,-10.6185,-0.9504,-0.0261,-0.4164,0.7898
-0.0287,-10.6425,-0.9816,-0.0341,-0.4158,0.8038
0.0023,-10.6305,-0.9935,-0.042,-0.4103,0.8136
0.0047,-10.6497,-0.9792,-0.0494,-0.4085,0.8265
0.043,-10.6544,-0.9959,-0.05,-0.4079,0.8295
0.0981,-10.6544,-1.0055,-0.0561,-0.4036,0.8381
0.1268,-10.6425,-1.039,-0.0597,-0.4042,0.846
0.0885,-10.6473,-1.0199,-0.0634,-0.406,0.8546
0.0646,-10.6568,-1.0319,-0.0658,-0.4103,0.8594
0.0598,-10.6616,-1.0558,-0.0701,-0.4158,0.8674
0.0933,-10.6999,-1.1204,-0.0768,-0.4219,0.8729
0.0909,-10.7095,-1.2282,-0.0799,-0.4225,0.8765
0.0622,-10.7167,-1.3072,-0.0939,-0.4164,0.8839
-0.3016,-10.6449,-2.1092,-0.0939,-0.4164,0.8839
-0.3303,-10.6377,-2.1356,-0.0939,-0.4164,0.8839
-0.3303,-10.6377,-2.1356,-0.1092,-0.4036,0.8906
-0.3303,-10.6377,-2.1356,-0.2027,-0.3077,0.9291
-0.3303,-10.6377,-2.1356,-0.2186,-0.2948,0.9364
-0.3495,-10.6137,-2.1691,-0.2363,-0.2814,0.9413
-0.3687,-10.5754,-2.2194,-0.254,-0.2655,0.948
-0.3734,-10.5563,-2.2098,-0.2864,-0.2423,0.9608
-0.3375,-10.4988,-2.1236,-0.3157,-0.2222,0.9706
-0.2442,-10.4198,-2.0422,-0.3468,-0.213,0.9834
-0.1316,-10.3432,-1.9105,-0.3603,-0.2105,0.9853
-0.0598,-10.3312,-1.8531,-0.3835,-0.2105,0.9889
0.0478,-10.2786,-1.8315,-0.4085,-0.2222,0.9914
0.0957,-10.2355,-1.8626,-0.4366,-0.2405,0.995
0.0454,-10.178,-1.9345,-0.4495,-0.2509,0.9975
0.0287,-10.1397,-1.9752,-0.4843,-0.279,1.003
0.0263,-10.0655,-1.9177,-0.513,-0.3046,1.0115
0.0478,-10.0367,-1.8602,-0.538,-0.3242,1.0189
0.0574,-9.996,-1.8435,-0.5503,-0.3254,1.0231
0.0861,-9.9865,-1.8267,-0.5729,-0.3358,1.0286
0.383,-9.9817,-1.4796,-0.5729,-0.3358,1.0286
0.4381,-9.9841,-1.4484,-0.5729,-0.3358,1.0286
0.4381,-9.9841,-1.4484,-0.5729,-0.3358,1.0286
0.4381,-9.9841,-1.4484,-0.6504,-0.3578,1.0476
0.4381,-9.9841,-1.4484,-0.6504,-0.3578,1.0476
0.4381,-9.9841,-1.4484,-0.6584,-0.37,1.0476
0.5482,-9.9458,-1.391,-0.6584,-0.37,1.0476
0.5482,-9.9458,-1.391,-0.6694,-0.3914,1.0433
0.5889,-9.9242,-1.391,-0.6822,-0.3938,1.0433
0.6033,-9.8979,-1.3599,-0.6889,-0.3914,1.0378
0.6368,-9.8835,-1.3814,-0.6926,-0.3877,1.0354
0.6416,-9.8883,-1.4245,-0.7054,-0.3743,1.0268
0.6033,-9.9003,-1.5466,-0.7195,-0.3553,1.0238
0.565,-9.9362,-1.7214,-0.7274,-0.3248,1.0213
0.5578,-9.9553,-1.8028,-0.7482,-0.3016,1.0219
0.4955,-9.9697,-1.9249,-0.7757,-0.2686,1.0207
0.4165,-9.9769,-2.0135,-0.8044,-0.2307,1.0231
0.3591,-10.0056,-2.0781,-0.8166,-0.2136,1.0225
0.3399,-10.0224,-2.1164,-0.8484,-0.1776,1.0286
0.3351,-10.0535,-2.1715,-0.8838,-0.1482,1.0317
0.3639,-10.0679,-2.0973,-0.8838,-0.1482,1.0317
0.3639,-10.0679,-2.0973,-0.9504,-0.0988,1.039
0.3758,-10.0607,-2.0135,-0.9657,-0.089,1.0415
0.4525,-10.032,-1.8602,-0.9876,-0.0749,1.0409
0.474,-10.008,-1.7142,-1.006,-0.0572,1.0396
0.5003,-9.9745,-1.5921,-1.0127,-0.0462,1.0378
0.5003,-9.9529,-1.5083,-1.0237,-0.0334,1.0341
0.4668,-9.9362,-1.3479,-1.0322,-0.0285,1.0348
0.4979,-9.9386,-1.2856,-1.0402,-0.0285,1.0354
0.4668,-9.9458,-1.2449,-1.0451,-0.0364,1.0341
0.5171,-9.9625,-1.2162,-1.0487,-0.0499,1.0354
0.5578,-9.9793,-1.1923,-1.0554,-0.0694,1.0348
0.6416,-10.02,-1.0342,-1.0512,-0.0908,1.0323
0.6991,-10.0463,-0.8954,-1.0518,-0.0975,1.0311
0.8307,-10.0631,-0.8355,-1.0451,-0.1128,1.0219
1.0199,-10.1086,-0.6488,-1.0335,-0.1244,1.0091
1.1683,-10.111,-0.3711,-1.0133,-0.1446,0.9963
1.4125,-10.1301,-0.0766,-1.0133,-0.1446,0.9963
1.4125,-10.1301,-0.0766,-0.9693,-0.1721,0.9615
1.5322,-10.1684,0.0359,-0.9369,-0.1904,0.9358
1.6424,-10.4246,0.1723,-0.9369,-0.1904,0.9358
1.6472,-10.4821,0.1628,-0.904,-0.2118,0.9095
1.6472,-10.4821,0.1628,-0.838,-0.2551,0.8533
1.6496,-10.5395,0.146,-0.8245,-0.2631,0.8381
1.6112,-10.6856,0.0861,-0.7971,-0.293,0.81
1.5825,-10.7622,0.0359,-0.7867,-0.3071,0.7971
1.5155,-10.9034,-0.0335,-0.7702,-0.34,0.7721
1.4724,-11.0255,-0.1149,-0.7518,-0.3798,0.7495
1.4197,-11.1237,-0.2322,-0.747,-0.4237,0.7263
1.3958,-11.1596,-0.2753,-0.7421,-0.4494,0.7153
1.3623,-11.2506,-0.3208,-0.7384,-0.4964,0.6933
1.3503,-11.3057,-0.3232,-0.7372,-0.5374,0.6676
1.2497,-11.3679,-0.3615,-0.7366,-0.5563,0.6566
1.2114,-11.4182,-0.3878,-0.7366,-0.5893,0.6359
1.1133,-11.4613,-0.3878,-0.7366,-0.5893,0.6359
1.1133,-11.4613,-0.3878,-0.7329,-0.6394,0.5931
1.0319,-11.4757,-0.328,-0.7317,-0.6504,0.5827
1.0151,-11.4613,-0.304,-0.725,-0.6614,0.5638
0.9169,-11.4038,-0.2418,-0.7128,-0.665,0.5467
0.8068,-11.3679,-0.1795,-0.7024,-0.6559,0.5338
0.395,-11.2626,0.0071,-0.7024,-0.6559,0.5338
0.3471,-11.2458,0.0239,-0.7024,-0.6559,0.5338
0.3471,-11.2458,0.0239,-0.6914,-0.6516,0.5247
0.3471,-11.2458,0.0239,-0.6071,-0.5221,0.5064
0.3471,-11.2458,0.0239,-0.593,-0.4964,0.5033
0.3232,-11.2147,0.0239,-0.579,-0.4702,0.5021
0.2442,-11.1309,0.1005,-0.5435,-0.4189,0.5002
0.2011,-11.0471,0.1508,-0.5099,-0.3681,0.5009
0.1819,-10.9825,0.158,-0.4922,-0.3431,0.5027
0.1316,-10.9513,0.1723,-0.4568,-0.2985,0.5015
0.0742,-10.8987,0.1316,-0.422,-0.2643,0.5009
0.0287,-10.8388,0.0861,-0.3896,-0.2331,0.4978
-0.0119,-10.8196,0.0885,-0.3737,-0.2264,0.499
-0.0981,-10.7957,0.0933,-0.3407,-0.2197,0.499
-0.1532,-10.767,0.0574,-0.3163,-0.2215,0.4978
-0.2418,-10.6832,0.1101,-0.2876,-0.2344,0.4996
-0.2489,-10.6401,0.134,-0.2723,-0.2484,0.4978
-0.225,-10.5491,0.1221,-0.2467,-0.2741,0.4929
-0.3303,-10.4773,0.1077,-0.2204,-0.3052,0.4911
-0.4189,-10.4366,0.067,-0.1984,-0.34,0.4868
-0.6655,-10.075,-0.1268,-0.1984,-0.34,0.4868
-0.7613,-10.0367,-0.1436,-0.1984,-0.34,0.4868
-0.7613,-10.0367,-0.1436,-0.1874,-0.3547,0.4844
-0.7613,-10.0367,-0.1436,-0.1129,-0.4781,0.4801
-0.7613,-10.0367,-0.1436,-0.1007,-0.4915,0.4783
-0.8499,-10.0056,-0.1556,-0.0952,-0.5032,0.4819
-0.96,-9.9218,-0.237,-0.0793,-0.5264,0.4862
-1.1013,-9.8308,-0.3782,-0.0738,-0.5374,0.4893
-1.1923,-9.8141,-0.4237,-0.0579,-0.5416,0.4996
-1.3479,-9.7638,-0.541,-0.0506,-0.5459,0.5167
-1.6089,-9.6369,-0.9911,-0.0506,-0.5459,0.5167
-1.6089,-9.6369,-0.9911,-0.0439,-0.53,0.5436
-1.6879,-9.6106,-1.0821,-0.0439,-0.5111,0.5693
-1.8052,-9.5747,-1.209,-0.0445,-0.4879,0.5992
-1.9201,-9.522,-1.3551,-0.0494,-0.4634,0.6298
-1.9464,-9.4837,-1.5634,-0.0536,-0.4518,0.6462
-1.9991,-9.4597,-1.6496,-0.0579,-0.417,0.6786
-2.1092,-9.4119,-1.7501,-0.0603,-0.3865,0.7165
-2.2242,-9.364,-1.8291,-0.0671,-0.3627,0.758
-2.3367,-9.3089,-1.9728,-0.0732,-0.3529,0.7794
-2.3942,-9.3328,-2.7629,-0.0732,-0.3529,0.7794
-2.3942,-9.3328,-2.7629,-0.0732,-0.3529,0.7794
-2.363,-9.3424,-2.8179,-0.0732,-0.3529,0.7794
-2.363,-9.3424,-2.8179,-0.1422,-0.2545,0.9865
-2.363,-9.3424,-2.8179,-0.1422,-0.2545,0.9865
-2.363,-9.3424,-2.8179,-0.1422,-0.2503,0.9865
-2.308,-9.3472,-2.873,-0.1636,-0.2448,1.0128
-2.2409,-9.352,-2.9161,-0.1734,-0.2435,1.0244
-2.0997,-9.3783,-3.0023,-0.1996,-0.2399,1.039
-1.9943,-9.3999,-3.0238,-0.2253,-0.2405,1.0512
-1.8914,-9.4286,-3.0166,-0.2552,-0.246,1.0598
-1.8148,-9.4454,-3.031,-0.2705,-0.246,1.0598
-1.6783,-9.4885,-3.0286,-0.298,-0.2503,1.0665
-1.5418,-9.5268,-2.9712,-0.3316,-0.2533,1.0696
-1.3958,-9.5651,-2.8299,-0.3578,-0.26,1.069
-1.3383,-9.5747,-2.7222,-0.3719,-0.2674,1.0671
-1.1563,-9.5818,-2.2912,-0.3719,-0.2674,1.0671
-1.1563,-9.5818,-2.2912,-0.4171,-0.2918,1.0653
-0.96,-9.5627,-2.1284,-0.433,-0.3028,1.0629
-0.9026,-9.5411,-1.9991,-0.4434,-0.3034,1.0598
-0.4932,-9.3927,-1.6855,-0.4434,-0.3034,1.0598
-0.4932,-9.3927,-1.6855,-0.4641,-0.3132,1.0354
-0.4237,-9.34,-1.64,-0.4666,-0.3132,1.0286
-0.3591,-9.2945,-1.5825,-0.4727,-0.3156,1.0219
-0.1891,-9.2323,-1.4077,-0.4763,-0.3236,1.0042
-0.0383,-9.1485,-1.2545,-0.4837,-0.3352,0.9841
0.0239,-9.0815,-1.118,-0.4873,-0.3419,0.9749
0.0526,-9.0479,-1.0869,-0.4873,-0.3462,0.9584
0.1221,-8.9043,-1.142,-0.4904,-0.3492,0.9413
0.2011,-8.7726,-1.2306,-0.5002,-0.3443,0.9242
0.2106,-8.684,-1.3287,-0.5014,-0.3346,0.9156
0.1987,-8.6457,-1.367,-0.5136,-0.3162,0.9004
0.1556,-8.5571,-1.3479,-0.5185,-0.2924,0.8857
0.1244,-8.4733,-1.2785,-0.5246,-0.2704,0.871
0.1173,-8.3967,-1.2808,-0.5228,-0.2539,0.8619
0.0981,-8.3536,-1.3048,-0.5325,-0.2197,0.8442
0.0981,-8.2243,-1.3814,-0.5344,-0.1824,0.8283
0.1532,-8.1262,-1.4796,-0.5405,-0.1311,0.8057
0.1867,-8.052,-1.4676,-0.5442,-0.1018,0.7947
0.2035,-8.0256,-1.3934,-0.5423,-0.056,0.7721
0.1197,-7.8844,-0.9983,-0.5423,-0.056,0.7721
0.1388,-7.882,-0.9792,-0.5423,-0.0138,0.7476
0.1388,-7.882,-0.9792,-0.5222,0.038,0.6982
0.1436,-7.8796,-0.9768,-0.5209,0.0459,0.6878
0.1197,-7.8652,-0.9481,-0.5063,0.0691,0.6633
0.1053,-7.8149,-0.972,-0.5026,0.0844,0.6383
0.1173,-7.8125,-1.0175,-0.4947,0.0905,0.6249
0.1221,-7.8724,-1.063,-0.4855,0.096,0.6017
0.1412,-7.9035,-1.0199,-0.4721,0.1027,0.5729
0.0885,-7.9131,-0.9289,-0.4562,0.1009,0.5442
-0.0023,-7.9203,-0.8762,-0.4458,0.0985,0.5357
-0.134,-7.949,-0.8379,-0.4263,0.0942,0.5112
-0.2274,-7.961,-0.8523,-0.4055,0.0911,0.4911
-0.2992,-7.9562,-0.8714,-0.389,0.0917,0.4752
-0.2753,-7.9729,-0.905,-0.3823,0.0881,0.463
-0.2154,-7.9849,-0.8978,-0.3621,0.0911,0.4373
-0.1987,-8.052,-0.8595,-0.3456,0.0942,0.4105
-0.1723,-8.0663,-0.8523,-0.3389,0.0978,0.3958
-0.1915,-8.0759,-0.814,-0.32,0.0991,0.3683
-0.2729,-8.1238,-0.7038,-0.2998,0.1009,0.3408
-0.2489,-8.1812,-0.6344,-0.2998,0.1009,0.3408
-0.2537,-8.1788,-0.6033,-0.2998,0.1009,0.3408
-0.2537,-8.1788,-0.6033,-0.2784,0.1076,0.3054
-0.2537,-8.1788,-0.6033,-0.2137,0.165,0.193
-0.2537,-8.1788,-0.6033,-0.2137,0.165,0.193
-0.304,-8.1956,-0.5027,-0.2033,0.1699,0.1759
-0.3495,-8.2004,-0.4453,-0.1813,0.1815,0.1429
-0.4453,-8.2028,-0.3663,-0.1569,0.1821,0.1178
-0.4979,-8.2291,-0.3495,-0.1343,0.1931,0.0897
-0.577,-8.2267,-0.3351,-0.1184,0.2023,0.0739
-0.6416,-8.2219,-0.2849,-0.097,0.2127,0.05
-0.7589,-8.2171,-0.2657,-0.0689,0.2188,0.0305
-0.814,-8.2363,-0.3615,-0.0494,0.2249,0.0109
-0.8355,-8.265,-0.4357,-0.039,0.2273,0.0018
-0.905,-8.2722,-0.462,-0.0121,0.2335,-0.0201
-0.9528,-8.2698,-0.4405,0.0122,0.2353,-0.0372
-1.0031,-8.2914,-0.4189,0.0367,0.242,-0.0568
-1.039,-8.3105,-0.4357,0.0519,0.2457,-0.0665
-1.142,-8.2986,-0.462,0.0758,0.2518,-0.0836
-1.2449,-8.265,-0.5027,0.0996,0.2548,-0.0971
-1.2449,-8.265,-0.5027,0.2083,0.2499,-0.1337
-1.2449,-8.265,-0.5027,0.2083,0.2499,-0.1337
-1.7286,-8.2195,-0.4381,0.2083,0.2499,-0.1337
-1.81,-8.2195,-0.462,0.2083,0.2499,-0.1337
-1.81,-8.2195,-0.462,0.2083,0.2499,-0.1337
-1.8986,-8.2219,-0.486,0.2199,0.2463,-0.1301
-2.0733,-8.2483,-0.5363,0.2395,0.2353,-0.1227
-2.1571,-8.2626,-0.6823,0.2535,0.2243,-0.1148
-2.1404,-8.3009,-0.8834,0.2615,0.2188,-0.1087
-2.0829,-8.3177,-1.0151,0.2639,0.22,-0.1062
-1.9201,-8.3057,-1.3215,0.2645,0.2286,-0.1081
-1.7549,-8.2722,-1.5897,0.2615,0.2469,-0.1136
-1.616,-8.2243,-1.7477,0.2554,0.2597,-0.116
-1.5586,-8.2291,-1.8339,0.248,0.2848,-0.1258
-1.4987,-8.2124,-2.0039,0.2413,0.3196,-0.1374
-1.5275,-8.1956,-2.1499,0.234,0.3575,-0.1478
-1.5634,-8.1549,-2.217,0.226,0.3782,-0.1527
-1.5562,-8.1525,-2.2313,0.2169,0.4118,-0.1624
-1.5131,-8.1262,-2.2601,0.2102,0.4424,-0.1765
-1.4676,-8.0711,-2.2888,0.1998,0.468,-0.1887
-1.1372,-7.9059,-2.0494,0.1998,0.468,-0.1887
-1.1372,-7.9059,-2.0494,0.1998,0.468,-0.1887
-1.1133,-7.9011,-2.0015,0.1998,0.468,-0.1887
-1.1133,-7.9011,-2.0015,0.1741,0.5059,-0.2748
-1.1133,-7.9011,-2.0015,0.1741,0.5059,-0.2748
-1.1133,-7.9011,-2.0015,0.1723,0.5059,-0.284
-1.1133,-7.9011,-2.0015,0.1741,0.4705,-0.317
-0.8954,-7.8532,-1.6208,0.1735,0.4595,-0.3249
-0.7278,-7.7694,-1.8267,0.1735,0.4595,-0.3249
-0.6727,-7.7287,-1.7501,0.1735,0.4595,-0.3249
-0.656,-7.6354,-1.8459,0.1735,0.4595,-0.3249
-0.6871,-7.6282,-1.7717,0.1735,0.4595,-0.3249
-0.5793,-7.7646,-1.7693,0.0727,0.4271,-0.722
-0.4285,-8.1812,-1.6615,0.0458,0.5426,-0.7605
-0.4812,-8.4901,-1.6783,0.0287,0.6837,-0.8167
-0.4812,-8.4901,-1.6783,0.0532,0.7997,-0.995
-0.3519,-9.7207,-1.8339,0.0532,0.7997,-0.995
-0.4309,-10.5395,-2.1308,0.0782,0.691,-1.0494
-0.4596,-10.6568,-2.0422,0.0862,0.5694,-1.1007
-0.4932,-10.7742,-1.5346,0.0813,0.4717,-1.1301
-0.5554,-10.6688,-0.9217,0.0923,0.4179,-1.1404
-0.4309,-10.5371,-0.316,0.1393,0.4479,-1.1545
-0.4285,-10.5419,-0.3327,0.2615,0.5077,-1.1698
-0.4596,-10.5563,-0.2322,0.3482,0.5242,-1.1826
-0.474,-10.6161,-0.237,0.4405,0.5181,-1.1789
-0.1125,-10.7526,-0.5674,0.5468,0.4705,-1.1423
-0.1125,-10.7526,-0.5674,0.7532,0.3654,-1.0097
0.1029,-10.7454,-0.8523,0.7532,0.3654,-1.0097
