andar
-0.7852,0.7637,8.8181,-1.7628,-0.2684,-0.341
-1.5538,-0.0478,4.2066,-0.3603,-0.1524,-0.7564
-0.7038,-3.6655,0.0598,0.8668,-0.7162,-0.8565
1.6974,-9.0072,2.2673,1.1717,-0.9581,-0.768
1.616,-12.51,7.6928,1.6842,0.6374,-0.4595
1.0414,-12.7374,8.6481,2.1643,2.9715,-0.2835
-1.039,-14.9667,7.542,2.3543,5.1083,-0.1125
-1.4987,-16.9156,4.1419,2.5919,5.9599,0.1928
0.3687,-16.4296,5.5093,2.7734,5.1101,0.508
1.2665,-16.2069,3.6559,2.857,3.4547,0.6675
0.6081,-15.8286,0.2489,3.1521,1.2043,0.4286
-1.3287,-13.9249,-1.6017,3.1808,0.5433,-0.0251
-2.0829,-10.8484,0.0383,3.0354,0.6044,-0.2976
-2.5474,-10.1852,0.6943,2.8717,1.2263,-0.2493
-1.889,-10.7095,1.3335,2.8705,2.0076,-0.1699
-1.2808,-11.3823,0.8259,3.055,2.4663,0.023
-2.521,-10.245,0.407,3.0825,2.2379,-0.1766
-2.2984,-9.7925,0.3543,3.0146,1.8585,-0.487
-1.6879,-8.5475,0.6464,2.9096,1.415,-0.5438
-1.6903,-7.9514,-0.328,2.7538,0.999,-0.4631
-1.7334,-7.135,-1.7573,2.6206,0.6472,-0.4045
-1.2952,-7.0105,-1.3551,2.2908,0.2861,-0.278
-0.9481,-6.2635,-0.3112,1.9927,0.2751,-0.1168
-1.0773,-5.7918,-0.1795,1.8619,0.4554,0.0224
-1.5011,-6.5268,0.2489,1.9065,0.7241,0.1104
-1.4628,-6.8022,0.292,1.9866,1.1273,0.1757
-1.537,-7.0344,0.4261,2.0764,1.7767,0.249
-1.3599,-6.9626,0.3998,2.0929,1.9605,0.2973
-0.3734,-6.6466,0.0191,2.0892,1.9679,0.3657
0.2106,-6.6729,-0.4596,2.088,1.8933,0.4567
0.7733,-7.111,-0.4141,2.066,1.7938,0.5319
0.632,-7.8628,0,2.0043,1.7125,0.5783
0.0359,-9.2347,-0.5434,1.9078,1.525,0.5783
-0.0047,-10.0679,-1.0462,1.8265,1.3045,0.5612
1.0295,-11.9928,-2.3343,1.6958,1.0167,0.5685
2.0302,-13.0151,-3.8402,1.5785,0.8378,0.5691
2.1667,-11.1884,-4.5418,1.5168,0.9996,0.4708
1.6496,-10.4126,-4.0438,1.4215,1.4932,0.3187
1.1324,-9.5244,-2.205,1.0892,2.2189,0.1886
1.3694,-10.1541,-1.6328,0.7667,2.1682,0.2881
1.3694,-10.1541,-1.6328,0.1069,1.2189,0.6699
5.1502,-11.5547,-0.3567,0.1069,1.2189,0.6699
6.2156,-12.838,0.7805,-0.0787,1.0467,0.7707
6.9985,-14.3367,1.7669,-0.0805,0.8365,0.7603
6.2946,-14.0183,-2.1667,0.041,0.5006,0.6467
5.2579,-14.0901,-3.8426,0.1595,-0.2006,0.4592
1.6543,-14.5546,-7.1469,0.179,-0.9062,0.2851
0.0526,-14.9739,-5.8708,0.0819,-0.74,0.0872
0.9169,-14.2649,-2.885,-0.1715,0.0253,-0.0905
1.9033,-14.4038,-2.5402,-0.7421,0.0693,-0.1351
2.8706,-14.9499,-1.6304,-1.1862,-0.2037,-0.1229
2.8706,-14.9499,-1.6304,-2.3236,-0.6502,-0.0783
2.5498,-14.2721,1.3814,-2.3236,-0.6502,-0.0783
-1.6017,-12.8811,0.5458,-2.8044,-0.8878,-0.1485
-9.0001,-11.3607,-0.644,-3.202,-1.1487,-0.5963
-11.8707,-11.2578,0.8667,-3.4128,-0.8206,-0.7753
-10.2307,-14.6432,3.0358,-3.6571,-0.8365,-0.5988
-8.7582,-16.2883,2.8275,-3.7475,-1.1963,-0.3972
-6.5197,-18.5293,2.0254,-3.6449,-1.2953,-0.3636
-4.6615,-19.2188,0.8595,-3.4109,-0.5568,-0.5322
-1.9919,-17.2699,1.2521,-2.9809,1.3313,-0.8816
-1.4628,-16.9204,1.4245,-2.7573,2.3087,-0.9805
0.1651,-15.6826,1.3646,-2.4647,3.0112,-1.0575
0.7924,-14.2721,0.9433,-2.0964,3.368,-1.1491
1.719,-14.6288,9.1748,-1.7805,3.1548,-1.2793
1.5801,-14.8254,9.0001,-1.6064,2.1591,-1.3959
-0.0742,-14.7776,-0.0766,-1.0164,-1.7608,-1.567
0.7661,-14.2721,-4.3766,-0.8759,-5.0338,-1.6836
2.9879,-13.4293,-1.7142,-1.5399,-6.2048,-1.6329
3.5721,-11.7582,0.304,-2.326,-5.539,-1.603
1.6232,-9.0336,2.8347,-2.7634,-4.4412,-1.7197
0.0095,-6.5652,3.4548,-2.8257,-3.2641,-1.9054
-1.2042,-4.5058,4.3454,-2.6315,-3.0558,-1.8241
-1.2401,-4.0174,4.6447,-2.4049,-3.0986,-1.6391
-1.154,-3.371,4.4747,-2.177,-3.2537,-1.4124
-1.4963,-2.6551,4.3837,-1.962,-3.4278,-1.2182
-0.7541,-2.6743,2.8898,-1.83,-3.5616,-1.049
-0.5315,-2.6288,2.3511,-1.8642,-3.6673,-0.6879
-0.5434,-2.5881,1.956,-1.9296,-3.3093,-0.4851
-0.7422,-2.3439,2.4013,-1.9748,-2.8487,-0.3416
-1.6591,-1.5801,2.4109,-1.7842,-2.4889,-0.2561
-2.1212,-1.5346,2.4468,-1.2919,-2.2739,-0.2658
-2.5641,-1.367,2.8155,-0.5839,-2.1022,-0.4576
-2.4732,-1.2378,3.1555,-0.2992,-2.1114,-0.5951
-0.9504,-1.3599,2.7557,-0.039,-2.1658,-0.7344
-0.9864,-1.4508,2.5258,0.289,-2.1566,-0.8468
-1.1803,-2.0015,1.7453,0.6836,-2.0583,-0.9775
-2.205,-2.4325,0.9504,1.1002,-1.8377,-1.1021
-3.0813,-3.1292,0.0957,1.6463,-1.404,-1.2212
-3.3949,-3.9121,-0.486,1.9566,-1.1004,-1.1925
-4.1754,-5.2244,-2.4157,2.2517,-0.8378,-1.0813
-4.5729,-7.7263,-6.7711,2.5412,-0.5836,-0.9201
-5.0161,-13.0103,-18.1486,2.7428,-0.2232,-0.6843
-5.1071,-15.7496,-21.5244,2.7074,0.2067,-0.435
-7.8532,-22.6904,-20.3991,1.6384,0.7162,-0.0612
-7.5923,-27.8239,-17.7464,0.3873,0.2477,0.2881
-0.8475,-19.8317,-13.5442,-0.7433,-1.0308,0.8782
-0.8475,-19.8317,-13.5442,-2.2637,-2.7565,0.9014
2.2553,-9.6058,-7.4941,-2.2637,-2.7565,0.9014
-3.122,-6.8668,-8.7582,-2.2149,-1.2244,0.1696
-6.6059,-16.6953,-1.4508,-2.0518,0.1744,-0.0697
-3.0861,-18.2946,2.193,-2.3713,-0.0534,0.337
2.5234,-20.028,0.4213,-2.4659,-1.536,0.9863
4.0653,-20.2004,0.6105,-2.009,-1.8231,1.0798
1.5586,-13.8339,11.4733,-1.7897,-0.7437,0.607
0.6296,-10.5922,12.8451,-1.6437,0.0051,-0.2335
-0.4812,-5.1454,8.0017,-1.0854,-0.4645,-0.614
-1.5969,-4.1371,6.7088,-0.1404,-1.1774,-0.4815
-2.9424,-5.1789,8.0711,0.4148,-0.5348,-0.2915
-3.5051,-6.0672,5.8493,0.6506,0.1841,-0.0661
-1.6783,-7.8484,5.1478,1.2407,0.6765,0.205
0.96,-11.4421,5.0664,1.8302,1.1627,0.3181
2.1883,-15.4503,3.3446,2.4753,2.2104,0.3046
2.193,-16.2284,3.5218,2.9016,3.1749,0.2002
2.0039,-15.9244,4.7955,3.0544,3.8548,0.0688
1.7166,-15.1822,3.6463,3.044,4.0717,-0.0447
-1.6424,-13.4605,-0.7086,3.0696,3.3075,-0.3019
-2.4971,-12.5602,-1.2282,3.0305,2.3466,-0.5035
-3.1268,-11.2362,-0.565,2.9169,1.7088,-0.4491
-2.4181,-10.4174,1.2569,2.8577,1.5146,-0.2408
-2.4875,-8.9977,1.3144,2.8583,1.4437,-0.1449
-2.4971,-8.526,0.5434,2.8424,1.2892,-0.2628
-2.0709,-7.5635,-0.2729,2.6512,0.9343,-0.3666
-1.6256,-7.0081,-0.2082,2.3482,0.9862,-0.264
-1.0342,-6.8213,0.4932,2.0513,1.1475,-0.1266
-0.9026,-6.8285,0.4668,1.8516,1.3582,0.0206
-0.6129,-6.6777,0.6775,1.7752,1.4938,0.147
-0.5913,-6.6106,0.9552,1.7966,1.5873,0.2289
-0.4979,-6.7711,1.5251,1.8711,1.5598,0.2203
-0.1651,-7.1613,2.1954,1.9914,1.5396,0.2228
0.3303,-7.7623,2.9376,2.0929,1.6062,0.2313
0.4716,-8.1764,2.6048,2.1319,1.6832,0.2454
0.3184,-8.2483,1.1468,2.0947,1.6343,0.2625
0.2873,-8.2363,0.4453,1.8797,1.3026,0.3028
0.1364,-8.4278,-0.4453,1.7306,1.0112,0.3333
-0.2346,-9.1557,-1.7094,1.6371,0.806,0.3431
-0.3136,-10.8316,-2.4612,1.584,0.6869,0.3272
-0.0933,-11.3727,-2.3463,1.4637,0.6502,0.3284
0.7829,-12.4405,-2.0949,1.2554,0.6044,0.3999
1.6136,-12.8882,-1.9728,1.2254,0.6472,0.4323
2.0398,-12.4836,-1.6136,1.2541,0.8109,0.4127
1.9057,-12.0934,-1.5131,1.27,1.1041,0.3559
1.3239,-11.0255,-1.367,1.2108,1.3509,0.3034
0.8236,-9.692,-1.4532,1.0794,1.3564,0.2887
1.9464,-9.68,-0.9241,0.8497,1.0876,0.3535
2.4037,-9.8668,-0.6464,0.6921,0.9153,0.483
4.1371,-10.8077,0.9289,0.4875,0.7803,0.6424
5.0137,-11.5331,1.7669,0.2554,0.718,0.7035
4.4939,-11.763,1.7405,0.1234,0.7028,0.6357
3.6918,-12.0048,2.2744,0.1155,0.7064,0.5221
2.4779,-12.1173,2.8419,0.0727,0.726,0.3541
0.6943,-12.0287,1.6184,0.1228,0.5897,0.2698
-1.6711,-11.7294,-2.3942,0.2493,0.277,0.1879
-2.4636,-11.9952,-3.7517,0.3702,-0.0705,0.144
-3.7493,-12.395,-3.9887,0.4221,-0.1505,0.1311
-2.7605,-12.2753,-2.6815,0.2884,0.4193,0.0884
0.1292,-11.727,-0.3758,0.1161,0.8048,0.2099
0.9552,-11.6433,0.134,-0.0658,1.0717,0.3278
2.4037,-11.9569,0.4285,-0.2516,1.0332,0.3743
3.1914,-12.6249,-0.3519,-0.4867,0.5977,0.3749
3.4093,-13.1995,-2.1236,-0.7787,-0.0687,0.3565
3.2656,-13.1564,-1.9728,-1.2399,-0.5971,0.2912
1.5514,-12.079,-1.0247,-1.5063,-0.3912,0.1922
1.5514,-12.079,-1.0247,-1.9724,-0.0284,-0.173
-6.5819,-9.0671,-0.735,-1.9724,-0.0284,-0.173
-6.6777,-9.1676,-0.6224,-2.2442,-0.0442,-0.2793
-6.4718,-10.281,-0.5386,-2.7359,-0.3888,-0.2609
-6.2419,-11.6049,-0.5554,-3.0261,-0.5769,-0.3153
-5.1502,-13.4293,-0.5482,-3.2094,-0.5348,-0.4448
-4.0462,-14.8135,0.2944,-3.2833,-0.1689,-0.5743
-3.2297,-15.8861,1.9393,-3.2588,0.5342,-0.7136
-3.2728,-15.7664,2.94,-3.0682,1.404,-0.8877
-1.9201,-14.466,2.7844,-2.4507,2.4468,-1.06
-1.4437,-13.4341,2.5857,-2.0432,2.7314,-1.0221
-0.3806,-12.6416,1.9081,-1.7622,2.6606,-0.9818
0.067,-12.3543,1.2593,-1.5887,2.4297,-0.9512
1.0295,-13.087,5.2795,-1.458,2.0295,-1.0257
0.8116,-13.403,4.9778,-1.3823,1.1004,-1.1626
-0.8714,-13.7478,-0.711,-1.0469,-1.8891,-1.4509
-1.2761,-13.7047,-4.3167,-0.8948,-4.057,-1.567
0.7685,-12.4884,-2.2074,-1.224,-4.9519,-1.4362
1.1492,-12.0407,-1.2378,-1.7353,-4.4675,-1.2609
0.5746,-10.4773,0.7685,-2.0634,-3.4211,-1.2072
-0.2442,-8.8157,2.3463,-2.1727,-2.0943,-1.297
-1.6352,-6.4071,3.189,-1.9925,-1.7327,-1.3208
-1.7046,-6.127,3.1268,-1.7188,-1.8567,-1.3196
-1.6519,-5.0209,2.5402,-1.4782,-2.2421,-1.2475
-1.5682,-4.4771,2.3965,-1.3664,-2.5537,-1.1345
-1.2545,-4.5537,2.3056,-1.4018,-2.6337,-1.0294
-0.9409,-4.5465,2.1691,-1.6034,-2.608,-0.8645
-0.158,-5.1885,2.1571,-1.7054,-2.448,-0.7509
-0.2873,-4.6447,1.968,-1.67,-2.203,-0.6635
-1.9081,-2.8275,1.2617,-1.378,-1.9385,-0.7014
-1.6112,-2.9783,0.9457,-1.0212,-1.9489,-0.7466
-1.8004,-3.2728,1.13,-0.6211,-1.8707,-0.4906
-2.4133,-3.6535,1.6974,-0.4195,-1.6074,-0.4521
-2.2601,-4.2736,1.968,-0.2008,-1.4211,-0.4637
-2.2936,-4.3933,1.8866,0.0648,-1.3558,-0.4918
-2.3104,-4.5561,1.4125,0.3433,-1.3936,-0.5768
-2.2912,-5.2962,0.7829,0.6078,-1.4376,-0.6989
-2.6527,-6.467,-0.3399,0.9597,-1.503,-0.8364
-2.5378,-6.8118,-0.7805,1.1735,-1.4957,-0.8724
-2.0566,-7.6401,-1.9512,1.3678,-1.3759,-0.8083
-1.6663,-8.7654,-4.1204,1.5284,-1.1426,-0.6831
-1.7573,-11.4589,-9.4334,1.606,-0.8378,-0.5389
-1.7741,-11.8659,-10.2714,1.4899,-0.3649,-0.3306
-1.5873,-13.8962,-14.1404,1.2218,-0.2043,-0.1815
-1.1755,-15.8717,-16.0249,0.7471,-0.3228,-0.027
-0.0311,-16.3721,-14.2865,0.0544,-0.7797,0.1043
0.735,-15.9483,-11.8587,-0.6535,-1.4346,0.1818
1.5705,-14.6121,-8.4015,-1.1123,-1.8219,0.1733
1.6017,-11.842,-6.4119,-1.141,-1.3228,-0.03
0.043,-6.9434,-4.8602,-0.9162,-0.4633,-0.2371
-0.5458,-4.7524,-4.027,-0.7879,0.2159,-0.366
-0.4165,-1.4867,-2.9999,-0.7891,0.2599,-0.3495
-0.3208,0.0622,-2.8203,-0.7512,-0.2269,-0.2463
-2.5426,-3.4548,-3.7517,-0.5912,-0.8885,-0.2139
-3.6822,-4.8171,-3.7325,-0.1825,-1.448,-0.2084
-5.2436,-8.5452,-4.1371,0.0269,-1.5024,-0.1498
-5.3537,-12.6177,-4.8913,0.1472,-1.3435,0.0181
-3.5529,-21.0528,1.0127,0.1607,-0.9807,0.1818
-3.2034,-22.372,1.2665,0.03,-0.6624,0.3565
-4.1994,-24.2011,-3.3614,0.2016,-0.1279,0.4634
-2.7437,-24.9772,-3.1723,0.1845,0.2739,0.4561
0.9983,-12.838,8.3225,-0.3096,0.7388,0.4744
-0.4764,-9.6585,9.2874,-0.7964,0.7125,0.2252
-3.0693,-3.6463,8.1453,-0.6749,0.134,-0.3587
-4.0007,-1.4173,5.3513,0.0239,-0.4321,-0.5364
-1.4389,-2.7461,4.961,0.8748,-0.2043,-0.2585
-0.0167,-4.6495,5.7559,1.1546,0.0583,-0.1027
0.3782,-7.7551,4.8386,1.5138,0.5073,-0.1131
1.2378,-11.4852,4.6543,2.0745,1.3167,-0.1082
3.2776,-14.7078,4.7884,2.4539,2.3918,0.0688
3.7972,-15.254,3.9791,2.6109,3.5042,0.2338
3.6559,-14.5953,1.7549,2.6738,3.5579,0.1061
3.6559,-14.5953,1.7549,2.6274,3.1548,-0.3556
-1.4532,-9.498,0.8068,2.6274,3.1548,-0.3556
-2.035,-9.0168,1.209,2.3989,3.0411,-0.413
-3.2393,-9.0431,0.079,2.2523,2.7437,-0.3074
-4.6232,-8.514,-0.3806,2.256,1.6783,-0.0734
-5.234,-7.0081,-0.7805,2.1796,0.9752,-0.0716
-5.04,-6.8381,-0.6105,2.0806,0.7999,-0.1052
-3.7062,-6.8812,-0.0742,1.9615,1.1224,-0.0551
-1.5705,-7.6569,0.735,1.8534,1.6093,0.1177
1.8746,-9.5938,1.9991,1.7086,1.9752,0.3559
2.4708,-9.85,2.0853,1.416,2.0998,0.5881
3.2968,-9.8715,2.4205,1.2523,1.9856,0.56
3.4524,-9.8117,2.0446,1.1527,1.8646,0.4048
3.7948,-9.6513,1.8148,1.201,1.7974,0.2478
3.5338,-9.7949,1.4006,1.3097,1.7504,0.1464
2.8491,-9.8428,0.8595,1.5492,1.6869,-0.0325
2.2984,-9.6944,0.3878,1.5864,1.6062,-0.1528
1.4963,-9.3113,-1.0247,1.5638,1.484,-0.2292
1.3239,-9.2658,-1.4245,1.5205,1.3765,-0.2512
1.1204,-9.3688,-1.8339,1.471,1.3051,-0.2316
0.8954,-9.3233,-1.4532,1.4441,1.2385,-0.1864
0.0071,-9.2299,0.4261,1.3897,1.2263,-0.129
-0.213,-9.2179,0.7972,1.3506,1.2067,-0.0985
-0.6991,-9.2514,1.1875,1.3164,1.0558,-0.0496
-0.7805,-9.4095,0.9337,1.2645,0.7809,0.009
-0.0215,-9.7447,-0.0478,1.2004,0.5164,0.0731
0.1053,-9.8572,-0.3351,1.1491,0.3869,0.1446
0.0023,-9.783,-0.8954,1.1454,0.4725,0.1452
-0.4764,-9.5579,-0.9504,1.1656,0.6563,0.1409
-0.9145,-9.3807,0.3878,1.1368,0.8872,0.1409
-0.7493,-9.4095,0.4788,1.0318,1.0601,0.1476
-0.043,-9.3209,0.8954,0.9548,1.0687,0.1977
0.8499,-8.9378,1.6855,0.8351,0.9654,0.2918
1.5394,-9.6968,2.3008,0.7312,0.9453,0.3364
1.9177,-10.2067,2.7892,0.6653,0.9911,0.3547
1.9919,-10.6999,2.8706,0.6372,1.0742,0.3315
1.9847,-10.7933,3.031,0.6317,1.09,0.282
1.1875,-10.9968,2.0039,0.5907,1.0797,0.26
1.0223,-11.4565,1.2162,0.5791,1.0198,0.2399
0.5506,-12.3591,-0.3782,0.6036,0.9605,0.2209
0.0454,-13.0391,-2.6719,0.6482,0.9123,0.1892
-0.2681,-12.8284,-2.8802,0.6934,1.0772,0.1452
-0.2873,-12.4166,-1.7741,0.6408,1.6691,0.1012
0.0598,-11.2506,0.1771,0.4912,2.4083,0.1128
1.2018,-10.3432,0.8451,0.46,2.3484,0.1989
3.2824,-10.822,0.4237,0.4136,1.908,0.3333
3.7349,-11.5738,-0.0454,0.2468,1.1475,0.4537
4.0892,-12.9864,-1.8914,0.044,0.4315,0.4958
3.7541,-13.0798,-3.5482,-0.0891,0.062,0.4091
2.2146,-12.6368,-3.2585,-0.2882,0.2495,0.1617
2.0733,-12.7182,-2.8898,-0.615,0.5109,-0.0239
1.4628,-12.8212,-2.1643,-1.0377,0.5714,-0.1534
-0.4381,-12.1652,-1.8914,-1.4379,0.4963,-0.2609
-2.5737,-11.5978,-0.9504,-1.7677,0.39,-0.388
-3.292,-11.648,-0.2729,-2.3028,0.2977,-0.4735
-4.2951,-12.0311,0.4836,-2.6724,0.1976,-0.49
-5.4447,-13.0271,0.4213,-2.9858,0.0296,-0.5285
-5.9283,-14.938,0.5147,-3.2149,-0.2049,-0.5786
-6.1701,-15.9771,1.2449,-3.3902,-0.313,-0.6079
-5.9115,-17.5213,3.4835,-3.5459,-0.1096,-0.6525
-5.8565,-17.9235,4.0821,-3.483,0.9984,-0.6824
-5.8158,-16.1686,2.6647,-3.1348,1.9043,-0.6928
-5.8158,-16.1686,2.6647,-2.2821,2.5005,-0.603
-5.3848,-15.3809,1.8507,-1.9821,2.1908,-0.5102
-3.0789,-13.1253,-2.1116,-1.9821,2.1908,-0.5102
-0.7685,-14.1189,2.0638,-1.8905,1.7321,-0.4442
-0.4764,-14.7871,3.4452,-1.9381,0.8035,-0.4674
-0.6368,-15.7616,1.4939,-1.7653,-0.445,-0.644
-0.2657,-15.898,-1.5107,-1.4714,-2.167,-0.9262
1.3503,-13.6448,-0.3974,-1.4525,-3.4016,-1.1687
1.6472,-13.0415,0.6224,-1.8624,-3.6575,-1.3257
1.8004,-10.5036,2.2266,-2.5276,-2.4791,-1.3678
0.541,-8.0639,3.1268,-2.703,-1.8903,-1.3617
-1.1013,-5.2603,3.79,-2.7653,-1.5244,-1.2951
-1.5849,-4.343,3.4308,-2.8367,-1.5745,-1.0984
-1.233,-3.1579,3.1148,-2.9607,-1.9275,-0.8064
-1.1923,-2.4779,2.885,-3.0921,-2.2458,-0.5041
-1.5993,-1.3215,2.1835,-3.0957,-2.401,-0.2261
-1.2378,-1.051,1.7908,-2.8404,-2.4352,-0.1094
-0.474,-1.0055,1.367,-2.4079,-2.4401,0.0114
0.0383,-1.0749,0.9696,-1.9889,-2.3796,0.1055
-0.5506,-0.5602,0.881,-1.6284,-2.3118,0.1189
-0.7781,-0.5003,0.9528,-1.174,-2.0955,0.078
-1.0199,-0.8762,1.2617,-0.8691,-1.9288,0.0804
-0.9002,-1.537,1.5227,-0.5894,-1.8426,0.1061
-0.6009,-2.0566,1.7884,-0.3169,-1.7553,0.1317
-0.6153,-2.1739,1.719,-0.0524,-1.6129,0.1153
-0.4501,-2.5163,1.3886,0.2065,-1.4651,0.0413
-0.0718,-2.8443,0.7757,0.562,-1.3081,-0.1296
0.656,-3.4261,-1.8339,0.7856,-1.2745,-0.2878
0.7086,-3.4931,-2.442,1.0287,-1.2495,-0.512
0.3112,-4.2329,-7.0871,1.2798,-1.1688,-0.7936
-1.5394,-5.8852,-16.5181,1.4698,-0.9428,-1.1119
-5.301,-8.4518,-17.0664,1.4319,-0.5775,-1.3892
-8.0496,-10.0343,-12.3376,0.6225,0.0705,-1.3538
-8.1357,-12.5626,-14.5163,0.5577,0.0687,-0.826
-6.4814,-16.8055,-15.5844,1.0354,0.1169,-0.0221
-3.1651,-22.5659,-11.7175,1.278,0.2312,0.5606
-3.0909,-21.5795,-9.1581,0.8583,-0.3197,0.7597
-3.0358,-16.1423,-6.1198,-0.6486,-1.4358,0.6058
-2.794,-10.3911,-4.2688,-1.3725,-1.8616,0.4531
-6.9291,-2.2577,-4.6734,-1.6388,-1.977,0.3303
-7.5923,-1.9225,-6.5508,-1.5832,-1.8903,0.2258
-10.1517,-6.1797,-9.7638,-1.3016,-1.7394,0.2374
-11.8085,-15.4551,-9.3688,-1.0762,-1.6655,0.18
-5.3034,-28.2117,-8.3057,-1.0579,-2.0283,0.3431
-0.7829,-30.1965,-6.0193,-0.8526,-1.7076,0.6149
5.708,-22.2547,3.7038,-0.885,-0.2318,0.8391
1.98,-9.5579,11.3344,-1.2845,1.5293,0.6614
-3.0861,5.538,14.9308,-1.5515,1.5128,0.2057
-4.5585,6.6178,14.1931,-0.6456,1.6197,-0.4027
-11.1237,5.1214,2.8419,0.5645,2.4144,-0.6525
-12.1604,-3.122,-6.0887,1.4826,2.2342,-0.5511
-0.3591,-10.3145,7.5611,1.3537,0.8689,-0.1553
4.3789,-12.3974,9.7782,1.0574,0.0882,0.1232
4.5633,-14.1308,10.4438,2.2743,2.5182,-0.0752
4.9155,-16.0417,9.0719,4.1454,6.6959,-0.5621
7.0847,-19.5301,5.1478,4.6505,7.2488,-0.4222
7.2547,-19.9778,4.4963,4.6328,6.4284,-0.1925
6.4933,-17.6817,2.9233,4.2254,4.9776,-0.1308
3.4213,-14.2457,-0.7852,3.7972,3.7669,-0.1895
0.9911,-9.7207,-1.9536,3.3818,2.7846,-0.2799
0.1987,-8.526,-0.9864,2.6109,2.0454,-0.0111
-1.8052,-6.3114,0.8355,2.3115,2.1584,0.279
-2.9233,-5.6362,1.3934,2.3549,2.3478,0.5881
-3.9815,-6.6705,3.134,2.6646,2.3936,0.9399
-2.7389,-7.5204,3.0214,3.0415,2.346,1.2863
1.0295,-11.5355,2.8969,3.5742,2.0546,1.7237
-2.3151,-10.6616,2.0925,3.678,1.6282,1.1195
-0.3806,-10.9394,-0.9409,3.4313,0.9575,-0.0801
0.79,-11.0184,-0.8547,3.0037,0.5067,-0.1736
3.1124,-10.5515,-1.1156,2.4099,0.3313,0.235
3.6391,-9.7925,-1.5107,1.9114,0.2202,0.5001
2.6479,-8.289,-1.6065,1.9016,0.6667,0.4201
1.6567,-7.3888,-2.3558,2.2578,1.729,0.1269
0.723,-7.1924,-2.1547,2.5993,3.024,-0.1131
-0.577,-6.8333,1.3551,2.6072,4.0869,-0.2066
-2.8203,-5.9379,4.9299,2.2535,4.4345,-0.1412
-3.3375,-5.8301,4.4196,1.7648,3.1737,0.166
-2.5905,-7.0991,1.3168,1.7214,1.5769,0.4689
-0.5458,-9.3113,-2.2313,1.8204,0.1499,0.7567
2.7006,-11.2745,-3.4835,1.8693,-0.4401,0.902
3.5865,-11.7654,-3.5314,1.9151,-0.1255,0.9595
3.8426,-12.8044,-2.806,2.0177,0.7443,0.9289
3.0526,-12.6081,-2.193,1.9218,1.9184,0.7041
0.2801,-11.502,-3.8618,1.661,2.1267,0.5398
-0.1628,-11.8061,-4.8003,1.3433,1.9245,0.4347
1.118,-13.2306,-5.6601,1.0208,1.5653,0.4543
4.671,-14.0111,-4.6878,0.6543,1.2287,0.5697
9.1461,-14.7345,-0.1149,0.1558,1.2928,0.6711
9.1868,-14.8183,0.0814,-0.02,1.7357,0.538
6.5173,-14.296,-1.8435,-0.039,1.8555,0.2661
1.6759,-12.8475,-6.3952,0.0623,1.2996,-0.0306
0.9768,-15.005,-4.3047,0.0055,0.4828,-0.1821
2.6886,-15.8286,-0.0885,-0.4794,0.4059,-0.1669
2.6886,-15.8286,-0.0885,-1.8862,0.0766,-0.5297
3.1244,-14.7078,0.9911,-1.8862,0.0766,-0.5297
-0.2825,-15.424,-0.1963,-2.3065,-0.01,-0.771
-2.0542,-15.1247,-0.055,-2.7756,-0.1426,-0.9311
-2.1691,-15.752,1.3862,-3.1794,-0.3869,-1.0477
-2.533,-16.9635,3.1196,-3.5484,-0.6887,-1.1058
-6.2348,-21.7016,6.3138,-3.8508,-0.6307,-1.3776
-7.0823,-22.5779,7.1062,-3.7671,-0.2293,-1.6678
-9.3161,-23.3727,6.3904,-3.4769,0.4126,-1.8871
-12.395,-23.7774,2.6312,-3.1147,1.0589,-1.9561
-12.1125,-21.6872,-0.6177,-2.973,1.335,-1.8015
-12.7159,-19.9706,-0.2753,-3.5215,0.6013,-1.4863
-11.1524,-17.2484,-0.1244,-4.0236,0.0064,-1.5932
-7.7766,-14.4109,0.6057,-4.1678,-0.1212,-1.388
0.8236,-13.3503,3.6224,-4.0004,-0.2843,-0.9653
1.3024,-13.4006,3.1531,-3.5319,-0.649,-0.6018
2.8586,-13.1205,-0.5961,-2.9351,-1.269,-0.559
4.1467,-12.9529,-1.9728,-2.323,-2.594,-0.964
3.4572,-11.5211,0.2729,-2.3163,-2.6404,-1.2585
4.027,-10.5084,3.5745,-2.5331,-1.6917,-1.4454
2.2505,-8.1693,6.3305,-2.7524,-0.6808,-1.526
0.6488,-5.4255,7.3457,-2.9406,-1.0497,-1.6433
0.6967,-1.9823,6.6513,-3.37,-2.8212,-1.4796
1.0199,-1.0965,6.2395,-3.6528,-3.7094,-1.1491
1.3862,0.2322,5.8182,-3.8416,-3.9141,-0.8413
0.9097,1.2378,5.064,-3.9595,-3.7412,-0.6036
-0.0143,3.6391,4.9203,-3.9803,-3.5445,-0.4534
-0.0143,3.6391,4.9203,-2.6858,-3.5207,-0.2273
-0.3758,4.2951,4.4292,-1.8612,-3.349,-0.0667
-0.4979,4.0677,3.3566,-1.8612,-3.349,-0.0667
-1.391,2.3726,4.288,-1.3004,-3.1102,-0.0111
-1.391,2.3726,4.288,-0.5863,-2.853,-0.0478
-1.1851,0.7709,4.5346,-0.5863,-2.853,-0.0478
-0.4932,-0.0885,3.3207,-0.144,-2.8823,-0.1577
0.486,-2.296,-1.1635,0.5834,-2.875,-0.4033
0.4261,-2.545,-2.4444,1.1075,-2.4865,-0.6391
-0.4429,-3.2178,-7.0272,1.6219,-1.8072,-0.9421
-2.6886,-4.592,-13.6903,2.077,-0.8878,-1.2383
-2.6886,-4.592,-13.6903,1.6329,0.5372,-1.4008
-13.1372,-11.8013,-13.8244,1.6329,0.5372,-1.4008
-11.4374,-16.4559,-9.838,0.9188,0.0247,-0.8889
-8.933,-21.9458,-17.0616,1.0293,-0.8451,-0.2273
-4.3502,-28.365,-17.9571,1.179,-1.7815,0.1812
-2.047,-27.0984,-13.7813,0.3488,-2.0949,0.552
-0.486,-17.9786,-7.9298,-1.0145,-1.7522,0.7988
-0.9289,-6.9506,-4.8482,-2.0292,-1.7986,0.3407
-5.866,2.3535,-5.8397,-1.8184,-1.6459,0.0169
-6.9889,1.956,-7.6473,-1.3456,-1.4095,-0.0954
-9.7135,-5.5596,-10.9729,-1.02,-1.349,-0.1003
-8.119,-17.5429,-11.9018,-1.0359,-1.5952,-0.2218
0.5243,-35.1121,-1.9105,-1.3627,-1.6288,0.0529
4.707,-36.3092,4.8988,-1.4647,-0.4981,0.3181
2.7413,-22.7431,15.5102,-1.1178,2.4376,0.5807
3.0669,-3.7732,14.3439,-1.0273,2.8121,0.4934
-6.2228,7.463,13.7501,-0.863,1.3124,0.1464
-7.9945,7.4869,10.9489,-0.0689,1.5983,-0.4637
-15.2013,2.4564,-10.688,1.6426,2.4651,-0.9659
-13.8531,-5.0951,-8.7678,1.9743,1.2959,-0.8657
2.4875,-11.4781,14.0015,0.9432,-1.2971,-0.5731
4.8769,-12.3998,13.336,1.3824,-0.2043,-0.3898
3.7277,-13.6568,10.0343,3.7599,4.9177,-0.6629
3.7828,-15.6323,3.9624,5.1179,7.5017,-0.694
5.6434,-19.779,4.2018,5.1734,7.0441,-0.0789
6.6825,-19.487,5.5668,4.4746,5.8291,0.3425
6.6825,-19.487,5.5668,3.4972,3.338,0.5258
5.04,-13.8986,-0.0263,3.4972,3.338,0.5258
1.9345,-8.8444,-1.0462,3.1564,2.4168,0.392
1.4987,-7.0464,-0.4333,2.7526,1.8261,0.3431
0.1915,-5.8996,0.8978,2.7611,1.9226,0.4524
-0.316,-6.4933,0.3687,3.0232,2.1413,0.541
-0.1771,-7.0871,3.0119,3.3525,2.4181,0.6724
0.2274,-7.4726,3.3758,3.5174,2.6563,0.8061
-0.2322,-8.0903,3.4596,3.6273,2.4993,0.9161
0.4189,-10.3791,0.4716,3.7428,1.4908,0.8739
-0.1364,-11.0734,-1.6807,3.6194,0.9373,0.7664
-0.6943,-10.7263,-1.5682,3.1649,0.7296,0.4622
-1.9776,-9.455,-1.9991,2.6726,0.9159,0.0786
-2.0231,-8.5859,-2.2146,2.4649,1.2171,0.0352
-1.5346,-7.803,-1.2856,2.3971,2.2256,0.3028
-1.3551,-7.4606,-0.8092,2.3653,2.8915,0.4262
-1.5897,-6.3832,0.5889,2.3073,3.1975,0.4677
-1.5059,-5.6458,3.4476,2.1026,3.148,0.5117
0.7876,-5.7224,4.3502,1.7984,2.7382,0.6491
1.8004,-6.3185,2.6431,1.6243,1.9966,0.8373
3.3016,-9.534,-1.2162,1.7025,0.6606,1.0199
4.5058,-12.3759,-3.4907,1.7508,0.1359,1.037
4.6088,-13.6352,-4.6878,1.8375,0.1896,0.9295
3.9528,-12.8451,-4.4891,1.9462,0.9001,0.6577
1.7118,-11.1285,-3.4644,1.9365,1.9336,0.3675
-0.3758,-10.8819,-2.8203,1.6799,2.6539,0.2038
0.2657,-12.747,-3.5458,0.9908,2.4895,0.2136
1.5107,-13.549,-3.6391,0.5858,1.7547,0.4225
4.5322,-14.6767,-2.9927,0.3446,1.1621,0.6717
7.4702,-15.7879,-1.6112,0.2517,1.0925,0.775
7.2499,-16.1901,-2.6024,0.2053,1.4272,0.6919
7.2499,-16.1901,-2.6024,0.2132,1.0943,0.1049
2.3127,-13.6735,-7.6545,0.2132,1.0943,0.1049
1.5442,-13.9656,-6.9339,0.1167,0.6386,-0.0038
2.9137,-15.0577,-1.0678,-0.3261,0.594,0.0126
3.4979,-14.5498,0.2035,-0.9846,0.4957,0.0047
3.4979,-14.5498,0.2035,-2.0951,-0.1285,-0.4448
5.301,-14.5235,-1.2545,-2.0951,-0.1285,-0.4448
2.1499,-14.1141,-0.0646,-2.648,-0.4242,-0.6342
0.644,-14.5498,0.7182,-3.1831,-0.6105,-0.8376
-1.8148,-16.2189,2.2122,-3.5594,-0.8103,-1.0093
-4.6878,-18.8022,4.8506,-3.7976,-1.1743,-1.1699
-7.6473,-20.7583,10.2283,-3.8984,-0.9911,-1.4729
-9.0815,-20.9618,9.0503,-3.6492,-0.5024,-1.661
-12.4094,-21.0384,4.2736,-3.122,-0.0113,-1.738
-11.4541,-20.4662,1.2066,-2.8312,0.0351,-1.5639
-10.0631,-17.9499,-2.2194,-2.9583,-0.3167,-1.1504
-10.4294,-17.2771,-2.6192,-3.293,-0.7785,-1.0343
-9.613,-15.8478,-2.2098,-3.9393,-0.9892,-1.2328
-7.4366,-14.5929,0.0263,-4.2161,-0.8775,-0.9463
-0.1628,-14.3559,0.79,-4.2142,-0.8255,-0.5658
0.1675,-14.4636,-0.0454,-3.7622,-1.28,-0.2677
2.7222,-14.6576,-2.0638,-3.1269,-2.3026,-0.2719
6.2348,-14.1643,-4.2449,-2.8013,-2.9428,-0.443
6.5843,-13.0103,1.7477,-2.7866,-2.3179,-0.8455
5.0041,-11.8899,5.143,-2.9326,-0.9599,-1.2921
3.2537,-9.3137,6.3209,-2.9021,-0.5372,-1.6953
1.221,-5.6577,6.6825,-2.838,-1.3368,-1.9292
-0.0957,-0.292,7.6521,-2.8844,-2.5659,-1.9109
0.5171,0.1221,7.6282,-3.1794,-3.6587,-1.3086
0.8283,0.656,7.135,-3.3242,-4.0356,-0.7612
0.541,1.5322,6.7064,-3.3211,-4.0277,-0.4033
-0.237,2.7293,5.9451,-3.2717,-3.8493,-0.2047
-0.383,3.0909,5.981,-3.1648,-3.6648,-0.0923
-0.5937,4.0246,5.3944,-2.8667,-3.6496,-0.0148
-0.9888,3.699,4.7931,-2.0524,-3.6722,0.0578
-1.3168,1.9919,3.9432,-1.4104,-3.4706,0.0224
-1.2808,1.3168,3.5098,-0.8386,-3.2433,-0.0813
-1.2066,-0.0574,2.0949,-0.3023,-2.9355,-0.2658
-0.565,-1.5753,0.2585,0.2212,-2.6288,-0.5138
-0.146,-3.3231,-3.608,0.8998,-2.1798,-0.8871
-0.3088,-3.462,-4.1898,1.2486,-1.7864,-1.151
-2.0973,-4.0366,-7.5156,1.5535,-1.2049,-1.4283
-6.1126,-5.5237,-13.1827,1.8119,-0.5323,-1.6366
-13.8842,-9.4573,-15.8238,1.8986,0.0479,-1.6989
-13.7238,-13.2905,-12.2777,1.5846,0.2507,-1.4961
-8.8444,-19.566,-13.9728,1.0183,-0.2238,-0.5145
-6.7711,-26.3299,-20.4207,1.1179,-1.211,0.0071
-1.9584,-27.0529,-13.9608,0.6665,-1.9257,0.3382
-0.6607,-21.4502,-10.1756,-0.5509,-1.693,0.6809
-1.2689,-9.601,-6.6753,-1.6828,-1.415,0.6626
-1.9847,-1.0462,-5.7799,-2.0732,-1.861,0.3242
-8.3081,1.1085,-7.7479,-1.7408,-1.9275,0.0291
-10.3767,-2.3199,-8.9809,-1.4,-1.6355,-0.0502
-10.3767,-2.3199,-8.9809,-1.2528,-1.58,0.0145
-9.2371,-22.9897,-9.9051,-1.2528,-1.58,0.0145
2.0135,-29.6937,11.2051,-1.3664,-1.1334,0.4121
3.8666,-23.5523,15.2588,-1.3077,0.8903,1.0047
4.7716,-8.2626,13.7382,-0.9461,1.8939,1.0578
0.9888,1.4413,13.549,-0.6956,0.7486,0.5642
-9.5028,1.7812,1.8387,-0.1104,0.9581,-0.0649
-10.1349,-0.0359,-2.1475,0.8931,2.1792,-0.4528
-8.9043,-6.977,-10.5467,1.7184,2.211,-0.5371
1.9823,-12.1341,4.2688,1.102,-0.8787,-0.4931
7.5037,-13.7837,10.3959,1.3708,-0.4755,-0.7044
4.4699,-13.6161,9.9625,3.2071,3.9477,-1.1418
2.0302,-12.8547,5.1358,4.4422,6.9867,-1.3568
3.1507,-13.3503,2.3558,4.6927,7.2256,-1.0019
4.1132,-14.4062,3.2465,4.0507,5.2629,-0.3098
3.4835,-14.2194,2.9041,3.6066,3.6373,-0.0765
2.4468,-12.8739,0.4836,3.3616,2.4682,0.0505
1.4844,-11.2698,-1.0438,3.2651,1.9367,0.1788
-0.0502,-9.8117,0.0933,3.1558,1.8487,0.3413
-0.3495,-9.3927,1.1085,3.0617,1.9758,0.5526
-0.8044,-9.1509,2.0829,3.1832,2.3564,0.9002
-0.8092,-8.5236,1.6807,3.4624,2.547,1.1262
0.9888,-9.7542,1.3694,3.7202,2.6875,1.2863
2.4636,-11.1285,0.7445,3.8589,2.8377,1.3125
-1.8698,-11.1333,1.7693,3.9181,2.6178,1.0218
-3.2202,-9.9601,0.7302,3.5284,1.7076,-0.1357
-0.7206,-7.8963,-1.4197,3.2785,0.8732,-0.5871
-0.9409,-7.5037,-1.6065,3.0244,0.5806,-0.3086
-1.3742,-7.19,-1.9321,2.7856,0.7254,-0.1186
-1.0893,-7.3457,-1.5993,2.5956,1.1866,0.0664
-1.288,-7.4271,-0.6488,2.4685,1.9984,0.2496
-1.288,-7.4271,-0.6488,2.2865,3.3808,0.3999
-1.288,-7.1182,1.5011,2.2865,3.3808,0.3999
-0.8236,-6.6082,2.8083,2.0507,3.1755,0.5074
0.9385,-6.2922,2.8443,1.7935,2.5928,0.6498
1.7597,-6.8118,1.2593,1.6194,1.8335,0.7866
2.4013,-8.8684,-0.6655,1.5779,0.996,0.8654
3.4883,-11.8515,-2.9305,1.6817,0.1634,0.8782
4.3191,-13.6496,-4.4819,1.9114,0.2904,0.8098
4.1874,-13.2689,-4.6255,2.0959,0.9746,0.607
2.8658,-11.4278,-3.4763,2.0922,1.8182,0.3859
1.0175,-11.0854,-2.2792,1.7972,2.4346,0.2344
-0.134,-13.2617,-2.9041,1.1106,2.2256,0.2582
0.6368,-13.5873,-3.1435,0.7044,1.4364,0.4268
3.5098,-14.071,-3.4404,0.3855,0.8084,0.6388
6.3569,-15.3234,-2.1475,0.2383,0.7382,0.7347
6.1893,-16.7097,-1.2856,0.1723,1.1896,0.7133
4.9802,-16.4343,-2.5833,0.1931,1.7095,0.541
1.5298,-14.8901,-6.8022,0.4093,1.1701,0.1519
0.407,-12.5004,-8.0208,0.3769,0.6307,0.0933
3.3925,-13.3719,-3.9193,0.0752,0.4767,0.1531
3.6128,-13.4652,-1.5825,-0.469,0.5531,0.2539
3.7421,-12.8763,0.1292,-1.0457,0.5109,0.1592
4.8817,-12.3471,-0.0981,-1.6767,0.2281,-0.1864
3.7301,-12.5818,-1.8339,-2.1788,-0.1988,-0.3068
2.9472,-13.1181,-1.5873,-2.7286,-0.5097,-0.4992
1.6639,-13.9441,-0.0814,-3.2118,-0.5684,-0.7399
-0.5434,-15.6898,2.2313,-3.5673,-0.7547,-0.9402
-2.8203,-19.8964,10.1924,-3.7707,-1.0345,-1.0936
-3.3734,-20.9139,11.1381,-3.6779,-1.0192,-1.2395
-7.0272,-21.4023,8.0424,-3.1831,-0.6075,-1.4521
-11.1405,-21.3257,3.2321,-2.6162,0.0082,-1.7612
-8.9402,-20.5356,-1.4604,-2.4024,0.0876,-1.7582
-8.7846,-20.1238,-2.3199,-2.6663,-0.4938,-1.344
-11.016,-18.7759,-3.0166,-3.1965,-1.3136,-1.0862
-11.1141,-16.59,-1.8938,-4.0597,-1.6197,-1.41
-5.2028,-13.5107,3.7517,-4.4073,-1.233,-1.1632
-4.0294,-13.1684,3.8402,-4.3786,-0.9159,-0.6586
0.0742,-12.8691,1.1372,-3.8569,-1.2165,-0.2115
3.5913,-13.3743,-2.3942,-3.0896,-2.1847,-0.0618
5.5189,-13.0774,-2.5474,-2.6052,-3.087,-0.4057
6.9363,-12.8332,-0.3687,-2.6437,-2.5329,-0.7588
5.6793,-11.7869,3.3806,-2.6871,-1.3423,-1.0752
3.8498,-9.7039,5.1191,-2.6461,-0.6166,-1.4924
1.2354,-4.8793,6.0552,-2.6144,-1.0173,-1.7673
0.6009,-2.1164,5.878,-2.6883,-2.17,-1.8174
0.6943,0.0359,6.7902,-2.7805,-3.4242,-1.4619
1.3527,0.225,7.3385,-2.8948,-3.8774,-0.9897
0.8762,1.3694,7.53,-2.9003,-4.2287,-0.6128
0.5889,1.6831,7.4917,-2.819,-4.3282,-0.3996
-0.0454,2.545,7.4821,-2.7237,-4.2653,-0.2945
-0.5889,2.9424,6.9458,-2.4696,-4.1853,-0.1015
-1.1204,3.5122,6.0432,-2.1495,-4.1059,0.0218
-1.0175,3.2082,5.38,-1.7298,-3.9568,0.0786
-0.8403,1.4245,3.1794,-1.1703,-3.7754,0.0358
-0.7445,-0.0383,1.7501,-0.466,-3.3802,-0.1522
-0.2944,-2.7293,-1.4532,0.1069,-2.7498,-0.4699
-0.0957,-3.1986,-2.2074,0.7147,-2.0699,-0.9372
0.237,-4.3382,-4.1539,0.9878,-1.7278,-1.1791
-1.3886,-5.3633,-7.0392,1.2083,-1.2965,-1.4045
-6.5723,-7.0919,-13.9872,1.3989,-0.8671,-1.6384
-11.8085,-9.0599,-17.313,1.4423,-0.4993,-1.7386
-15.8166,-13.0367,-9.8141,1.11,-0.4132,-1.5749
-11.9162,-17.5692,-10.2642,0.4942,-0.423,-0.6311
-7.8125,-25.6571,-19.6713,0.8791,-0.8341,0.0419
-6.5604,-27.3043,-18.1127,0.7709,-1.2757,0.3431
-2.8921,-21.8381,-10.5802,-0.3444,-1.5714,0.5477
-1.2378,-10.8149,-6.5244,-1.6315,-1.7938,0.6516
-1.6783,1.2856,-6.2443,-2.1801,-2.2843,0.315
-3.4476,2.1188,-6.4861,-1.8874,-2.0228,0.1507
-9.5411,-0.5003,-9.3424,-1.5509,-1.5732,0.0041
-12.6345,-11.6504,-11.7821,-1.3499,-1.3381,-0.151
-9.9003,-30.5557,-11.4948,-1.2448,-1.6313,-0.1162
-7.2283,-35.591,-6.1031,-1.0744,-1.5934,0.2649
4.3311,-31.9826,8.3776,-1.0927,0.2843,0.9589
7.2355,-10.6592,12.6967,-1.1153,1.6001,1.3138
1.6663,7.6928,19.9083,-1.2387,1.0118,0.8868
-1.2473,8.8301,20.0568,-1.0316,0.5317,0.0994
-10.3288,6.6729,5.5237,0.0019,1.7724,-0.6586
-13.6687,0.0718,-14.0566,2.0806,2.3014,-1.0972
-3.0358,-10.0248,-0.4525,1.923,0.3625,-0.7979
6.0384,-13.7837,12.1508,0.7587,-1.6392,-0.6067
4.9443,-14.8566,11.2889,1.8131,1.5354,-0.7429
1.3766,-14.7345,8.0448,3.8809,6.3679,-0.9689
3.9456,-16.0321,4.8195,4.6304,8.1254,-0.724
5.0041,-17.0808,4.8027,4.295,6.6874,0.1715
5.131,-17.7152,5.4135,3.9309,4.8621,0.4506
4.0318,-16.4679,3.1723,3.5693,3.1462,0.486
2.5067,-13.3431,-0.7948,3.3781,1.9147,0.4549
1.8674,-11.8611,-1.2497,3.226,1.3228,0.4604
0.9983,-9.0503,-1.13,3.0898,1.1988,0.5203
0.0718,-7.135,-0.3303,3.0965,1.3582,0.6284
-0.6727,-7.0823,0.8619,3.2517,1.6814,0.684
-0.6272,-7.5372,1.1563,3.4618,2.0485,0.7432
0,-9.5866,1.5993,3.6451,2.4572,0.7921
1.8962,-12.6752,-0.1987,3.7825,2.7265,0.7615
-1.9488,-11.1836,0.2681,3.6964,2.4663,0.1965
-1.8602,-10.7646,0.225,3.2694,2.2018,-0.6293
-1.1971,-9.3951,-1.0558,2.9817,1.619,-0.6256
-0.7781,-7.8221,-3.2968,2.8082,1.0888,-0.3825
-0.7637,-6.0552,-3.5098,2.6188,0.8359,-0.2029
-0.6584,-5.6338,-2.9807,2.3781,0.9636,-0.0728
-0.8834,-5.2771,-1.8315,2.1851,1.8292,0.0865
-1.0534,-5.4758,0.0957,2.1619,2.597,0.1256
-1.0582,-6.0624,3.711,2.1545,3.2824,0.2008
-1.0031,-6.0336,5.0831,2.0666,3.5866,0.3291
-0.802,-5.9762,6.3185,1.9139,3.2678,0.5001
-0.2729,-6.5987,4.7141,1.8302,1.6759,0.7805
0.4812,-10.3456,-1.7788,1.9175,0.4419,0.9069
0.9504,-11.435,-2.8969,1.9664,-0.1896,0.9515
2.0685,-13.1827,-4.1778,1.9676,-0.0253,0.9656
2.9783,-12.8212,-4.8865,2.036,0.6661,0.899
2.6479,-11.8755,-4.3742,2.0959,1.5488,0.7414
2.217,-12.2083,-4.0485,1.7758,2.4865,0.4683
1.6855,-13.0917,-3.8283,1.3134,2.4278,0.3926
3.4811,-14.3032,-3.4045,0.8345,1.842,0.447
8.028,-16.0297,-1.944,0.4777,1.1884,0.6119
8.4757,-16.1901,-1.5418,0.2896,0.9801,0.709
8.9091,-16.6211,-1.2114,0.1912,1.2464,0.673
5.7487,-15.6921,-4.422,0.2767,1.3161,0.3468
2.3056,-14.1308,-7.9873,0.3696,0.8213,0.0975
2.94,-14.8997,-6.4694,0.2151,0.4291,0.0615
4.0342,-15.1151,-2.1116,-0.2821,0.211,0.1482
3.9671,-13.3599,-0.146,-0.9082,-0.0888,0.07
4.0605,-12.5387,-0.9457,-1.5264,-0.3533,-0.3031
3.4452,-12.8763,-1.2976,-1.9076,-0.3149,-0.4558
0.9504,-13.1636,-1.0702,-2.4415,-0.3674,-0.6006
-0.6224,-12.8691,0.2011,-2.9901,-0.5696,-0.7466
-1.4963,-16.0034,0.7541,-3.3871,-1.0064,-0.8755
-2.1428,-17.5285,1.1276,-3.6583,-1.6948,-0.9879
-3.6631,-21.6824,4.7931,-3.8929,-1.8829,-1.1626
-4.3287,-23.2123,9.6249,-3.9253,-1.3631,-1.3074
-8.1214,-22.7119,7.5444,-3.6199,-0.2971,-1.5108
-9.8093,-22.3121,5.5644,-3.1018,0.7205,-1.7313
-11.0255,-21.3951,1.2856,-2.7915,1.1157,-1.7985
-9.7423,-20.0137,-0.6392,-3.034,0.5146,-1.3849
-10.1756,-16.8653,-0.8954,-3.502,-0.2782,-1.3385
-9.6632,-16.2308,-0.4285,-3.9027,-0.7968,-1.4729
-4.209,-15.3498,6.6322,-4.0774,-1.0283,-1.3361
-2.6623,-14.4229,3.608,-3.9497,-1.255,-0.9903
0.4094,-13.403,-2.4205,-3.2173,-2.5647,-0.9231
3.9336,-12.9313,-5.8421,-2.6639,-4.5738,-0.9891
6.0312,-12.0766,-3.2944,-2.8508,-4.3325,-1.1418
5.3417,-10.5826,1.4341,-3.158,-2.6141,-1.4619
3.0789,-7.2619,7.6018,-3.1941,-1.0882,-1.815
1.4221,-5.0879,8.3009,-3.0084,-0.5091,-2.0361
0.5937,-2.7653,6.558,-2.9039,-1.517,-2.027
1.1324,-1.0821,4.9946,-3.1049,-4.0882,-1.5401
2.5953,-0.1675,5.9427,-3.4128,-4.6361,-1.0538
2.0326,0.3208,6.0815,-3.6437,-4.2843,-0.6977
0.9552,1.4101,6.3664,-3.637,-3.8884,-0.534
-0.5003,2.3989,5.4782,-3.4372,-3.6288,-0.3666
-1.5562,2.5977,4.786,-2.6278,-3.4584,-0.03
-1.7477,2.4061,4.8482,-2.0567,-3.2806,0.1556
-2.0685,1.8914,4.7524,-1.6443,-3.1218,0.2472
-2.4229,1.2928,4.2209,-1.2405,-2.8567,0.29
-2.3989,-0.055,2.1906,-0.761,-2.55,0.2099
-2.2457,-0.2777,2.0039,-0.2125,-2.269,0.0218
-1.3407,-1.5346,1.4341,0.5315,-1.8512,-0.2988
-0.5195,-2.5139,0.6105,0.9383,-1.5726,-0.5114
-0.0287,-3.1459,-1.6567,1.289,-1.3063,-0.7344
-0.2346,-3.699,-4.4316,1.5834,-1.0772,-0.9506
-1.786,-4.8027,-9.5483,1.81,-0.8255,-1.1479
-5.0185,-7.3552,-16.2811,2.0104,-0.1463,-1.3892
-13.7837,-13.0702,-12.8044,1.8571,0.2977,-1.4155
-13.0223,-16.8174,-9.7734,1.3287,0.5158,-1.2017
-9.4286,-23.9354,-15.3378,1.2205,0.0174,-0.5755
-6.716,-30.1151,-21.7806,1.4844,-1.4138,0.103
0.8738,-23.4901,-12.4573,0.934,-2.6239,0.6669
1.2282,-18.0696,-10.4174,-1.3303,-2.3124,1.0303
0.304,-6.4311,-7.0584,-2.2069,-2.0393,0.5997
-1.4676,2.0374,-3.9193,-2.1538,-1.5317,0.2069
-2.4803,7.8987,-3.9025,-1.6315,-1.1701,-0.0245
-2.0709,6.3952,-5.0712,-1.028,-1.4737,-0.1064
-4.5657,-1.8459,-8.6625,-0.604,-2.1022,-0.1986
-2.0973,-9.7447,-7.5372,-0.3004,-2.5677,-0.8058
-2.3463,-24.1197,-2.8203,-0.2931,-2.1358,-0.8333
-3.019,-27.2397,-0.7302,-0.1269,-0.5897,-0.9127
-10.913,-31.08,8.0208,-0.1837,2.0729,-0.7643
-5.2603,-23.5906,6.7136,-0.3994,3.71,-0.2585
-0.1675,-8.9498,6.364,-0.3536,1.8732,0.6815
-3.8067,-2.6455,12.3448,-0.5167,0.5421,0.4494
-8.4542,0.3782,8.1214,-0.4122,0.3106,0.1629
-9.206,-2.3822,-5.5309,0.4954,0.3375,-0.019
1.6184,-7.6066,0.7876,1.4398,-0.5488,-0.0105
5.7272,-8.7415,5.1406,1.6976,-1.2825,-0.0587
6.2683,-10.178,7.3433,2.9566,2.4449,-0.647
4.7093,-10.7885,7.6378,4.0036,5.6367,-0.9879
3.8139,-12.5578,6.953,4.361,6.9159,-0.9115
3.6727,-13.4676,5.9618,4.27,6.5249,-0.6177
3.2776,-14.8805,2.8993,4.1154,5.3722,-0.322
2.0877,-15.1199,0.0407,3.9468,4.2262,0.2008
2.1499,-14.047,0.2609,3.5925,3.699,0.5294
1.561,-14.0949,1.0127,3.1716,3.1218,0.8312
1.5083,-12.9146,0.8882,2.9523,2.4785,0.987
1.1659,-10.178,-0.6392,3.0305,1.9037,1.0987
0.2394,-7.2547,0.146,3.1735,1.5415,1.1256
0.1221,-7.3337,0.395,3.1026,2.0283,1.0096
-0.0837,-8.0663,1.7501,3.0605,2.4694,0.8843
0.0047,-9.1006,2.6671,3.1148,2.5873,0.7206
-0.6943,-9.7183,0.4884,3.19,2.1841,0.4763
-1.7741,-9.1054,0.1867,3.1411,1.4987,0.0981
-1.889,-8.3345,-0.3303,2.6249,0.933,-0.3226
-1.221,-7.9825,-2.0398,2.3769,0.6667,-0.1895
-0.1077,-7.5731,-2.3989,2.2083,0.6569,-0.0056
0.3519,-7.451,-2.533,2.0568,0.9905,0.0988
0.5913,-7.1876,-1.8052,2.0476,1.506,0.125
0.0646,-6.6585,-0.735,2.1148,2.2116,0.1091
-1.4628,-5.8756,2.8179,2.2028,3.2311,0.0768
-1.8794,-5.6984,3.7828,2.1167,3.492,0.1647
-2.4301,-5.155,4.7381,1.9536,3.1193,0.3688
-2.0278,-5.9187,2.4349,1.8228,2.035,0.6424
0.2896,-10.1349,-2.8155,1.7923,0.6038,0.8972
1.1228,-11.2578,-3.62,1.81,-0.321,1.0407
3.0047,-13.1708,-4.4005,1.8754,-0.0436,1.0389
4.3239,-13.4006,-4.3047,1.9548,0.7302,0.9173
3.1771,-11.5595,-2.6791,1.9255,1.583,0.7231
2.7748,-11.6193,-2.5474,1.6836,2.255,0.5337
0.7493,-12.158,-2.5402,1.3189,2.4468,0.4109
1.4532,-13.2689,-3.9695,0.7783,1.6465,0.3993
4.6519,-13.4485,-2.8778,0.5101,0.9404,0.5783
6.692,-13.8746,-1.3838,0.311,0.7644,0.6925
7.9873,-15.029,-0.6631,0.2725,0.9844,0.6992
6.2826,-15.2851,-1.5155,0.3317,1.3148,0.5984
3.2178,-15.6586,-4.3718,0.3989,1.0974,0.3804
3.3279,-16.4822,-3.8211,0.3397,0.2336,0.1666
4.1539,-16.2548,-1.1851,-0.0365,-0.0314,0.0963
4.4867,-14.8326,-0.7996,-0.524,-0.2434,-0.0392
3.857,-14.993,-1.9009,-0.9027,-0.3912,-0.2457
3.675,-15.0337,-1.8938,-1.3468,-0.3656,-0.4503
2.4803,-14.5235,-0.96,-2.279,-0.4273,-0.6751
0.4932,-13.3647,0.6847,-2.8599,-0.5977,-0.7698
-3.5649,-13.8723,1.4006,-3.2747,-0.8145,-0.9201
-4.4867,-14.5977,1.98,-3.6009,-1.2024,-1.0141
-5.7152,-17.4782,5.1861,-3.8886,-1.4046,-1.0459
-6.6298,-20.0041,8.6673,-4.0285,-1.2647,-1.1369
-10.3695,-21.3233,5.1645,-3.6266,-0.4071,-1.3629
-10.6353,-21.2539,4.1611,-3.0915,0.2947,-1.3953
-9.0216,-20.301,0.1221,-2.7811,0.5287,-1.2047
-8.0615,-18.4096,-1.4772,-2.8599,0.1792,-0.9543
-8.5906,-16.4176,-1.6352,-3.2252,-0.6001,-1.0441
-7.3002,-15.2516,-0.869,-3.5569,-1.0595,-1.1717
-4.2042,-14.3056,2.4133,-3.709,-0.8982,-0.8431
-0.9792,-14.3559,3.0861,-3.5368,-0.8506,-0.5865
1.2617,-13.8986,-2.2936,-3.0725,-1.7742,-0.5413
2.1715,-13.1636,-4.3646,-2.7182,-3.1651,-0.6501
6.0241,-12.6153,-2.5187,-2.7561,-3.7546,-0.7392
6.3162,-11.8563,1.8435,-3.1122,-1.9819,-0.9934
3.6367,-9.7159,7.0895,-3.1293,-0.7577,-1.4179
2.6743,-8.5404,6.534,-2.9229,-0.7449,-1.8022
0.4812,-5.0999,5.6099,-2.6889,-2.0693,-1.9885
0.383,-1.7405,5.3968,-2.6816,-3.269,-1.8529
1.2641,-0.0311,5.9546,-2.7659,-3.7589,-1.4674
1.5658,-0.2777,5.9283,-2.9821,-3.9391,-0.7527
1.4556,-0.4381,5.8206,-3.0249,-3.9501,-0.4204
0.972,-0.2298,5.5596,-2.9888,-3.7785,-0.2652
-0.6057,2.5091,5.8493,-2.9247,-3.5023,-0.1834
-0.8092,2.782,5.6027,-2.7927,-3.3686,-0.107
-1.1635,3.1052,4.8434,-2.0139,-3.3301,-0.0087
-1.6519,2.1571,4.3263,-1.4152,-3.258,-0.041
-1.5442,0.4908,3.62,-0.9076,-3.1041,-0.1962
-1.0941,-0.4261,2.6862,-0.4641,-2.9342,-0.424
-0.3064,-1.3359,1.7381,-0.0347,-2.784,-0.6513
0.3495,-2.1643,0.462,0.3555,-2.4969,-0.8407
0.3711,-3.2968,-2.2337,0.8748,-1.974,-1.1375
-0.486,-3.6032,-3.8929,1.2089,-1.5738,-1.3281
-3.6655,-4.4627,-7.7096,1.5302,-0.9923,-1.5083
-8.5883,-6.6681,-12.6728,1.7685,-0.3729,-1.5731
-13.3264,-13.312,-14.768,1.763,0.0088,-1.4167
-11.593,-16.1638,-11.5427,1.4521,0.0051,-1.0245
-8.3512,-21.6441,-14.9523,1.0477,-0.4089,-0.1547
-6.8836,-26.0306,-18.2946,1.1204,-1.2898,0.1647
-2.6647,-18.0241,-8.866,0.4001,-1.5916,0.4531
-2.1667,-14.6169,-8.3105,-0.8026,-1.7137,0.6944
-0.9481,-4.683,-8.3105,-1.5466,-2.3454,0.4586
-0.553,1.3215,-7.6713,-1.7036,-2.7027,0.0334
-9.3759,-4.1587,-8.7942,-1.4586,-1.8658,-0.1094
-9.3759,-4.1587,-8.7942,-0.9944,-1.1133,-0.4198
-10.5108,-7.8772,-10.1038,-0.9345,-1.5592,-0.0459
-4.9108,-28.9156,-12.0479,-0.9345,-1.5592,-0.0459
4.5537,-34.7458,2.9951,-0.794,-1.244,0.1311
5.4399,-23.1333,10.4485,-1.2363,0.8604,0.5874
3.4356,-5.4159,11.4421,-1.3823,2.3674,0.3119
0.6296,3.541,19.5013,-1.3762,1.2599,-0.2182
-14.387,4.1108,1.1061,-0.7867,1.4211,-0.7356
-17.5596,0.8451,-13.6328,0.4362,1.4486,-1.1992
-9.747,-6.6849,-7.1086,1.3384,-0.6948,-0.9897
5.155,-12.1819,11.4469,0.7025,-2.255,-0.3165
3.11,-12.8906,10.7837,1.8595,0.977,-0.2084
1.6136,-13.0606,9.2921,3.6756,5.7784,-0.5297
2.7844,-14.2003,6.5197,4.419,7.3752,-0.512
4.8865,-15.4216,6.5197,4.4496,6.87,-0.0972
4.1204,-15.9579,4.8267,4.1264,4.8371,0.2918
3.4356,-15.4743,3.0861,4.0055,3.6862,0.2979
3.4356,-15.4743,3.0861,3.43,2.5958,0.5013
2.1547,-12.5674,-0.7565,3.43,2.5958,0.5013
0.1795,-9.5842,0.2154,3.1002,2.3936,0.6559
-0.0191,-9.1892,0.1771,2.9664,2.2018,0.7255
-0.5147,-7.9682,0.2561,3.1881,1.9892,0.8385
-0.3998,-8.3369,1.2713,3.3537,2.1762,0.8831
-0.1029,-10.3671,1.1659,3.4936,2.4889,0.8355
0.3136,-11.5475,-0.2178,3.6799,2.5402,0.6467
-1.9584,-10.609,0.7493,3.7061,2.3509,0.2197
-1.9033,-9.0719,0.5291,3.1228,1.7883,-0.5737
-0.6655,-7.1565,-2.0374,2.8088,1.1731,-0.3929
-0.1316,-6.4119,-2.5905,2.5461,0.8231,-0.1388
-0.3758,-5.5021,-3.5865,2.2816,0.7669,0.0285
0.1891,-5.732,-3.28,2.1026,0.966,0.136
0.9624,-6.728,-0.6775,2.0159,1.55,0.2118
1.0247,-6.9386,0.1412,2.0153,2.6624,0.2234
1.1013,-7.0296,2.3319,2.0043,3.1401,0.1843
0.7158,-7.1996,3.9624,1.9322,3.2757,0.169
0.0885,-6.3162,4.6662,1.829,3.0088,0.1983
0.079,-6.443,2.8898,1.7349,2.2715,0.2808
1.051,-8.5787,-2.1164,1.8522,0.2635,0.497
1.9416,-9.5675,-3.7445,1.8564,-0.5842,0.5954
2.9185,-11.1405,-2.9879,1.7416,-0.4303,0.5679
2.8227,-11.5906,-2.9376,1.763,0.3008,0.505
1.8363,-12.0263,-3.2944,1.8583,1.1908,0.4036
0.7972,-11.4086,-4.4484,1.8381,1.8988,0.3052
-0.5267,-11.2003,-3.9959,1.5076,2.1365,0.3113
-0.4309,-11.9497,-2.8443,1.1185,1.8298,0.3895
1.7142,-13.4676,-1.482,0.7416,1.3038,0.5282
5.0472,-14.6935,-0.711,0.4814,0.8298,0.6913
6.9482,-14.9954,-0.5075,0.267,0.6301,0.7707
6.6442,-15.1846,-1.1707,0.1063,0.7339,0.6638
4.4603,-14.8374,-3.4524,0.08,1.2391,0.2667
0.7781,-13.7142,-5.9546,0.1375,1.3619,0.0004
0.4716,-15.1965,-3.2728,0.0403,1.1187,-0.1217
1.0726,-15.4048,-1.3982,-0.3585,0.8909,-0.0826
2.8347,-14.6121,0.7781,-0.9308,0.6899,-0.0667
4.3742,-14.1691,-0.2442,-1.5729,0.2892,-0.2267
3.3494,-13.9345,0.158,-1.9333,0.2299,-0.3764
2.4037,-13.5035,0.4094,-2.4116,0.2519,-0.5597
-2.0422,-12.2753,0.5243,-2.8465,0.1444,-0.6953
-5.0496,-13.3647,1.0749,-3.1727,-0.1872,-0.8101
-6.9841,-16.6738,2.8467,-3.4873,-0.5238,-0.8101
-6.8812,-17.6075,3.5841,-3.8557,-1.0589,-0.6934
-6.8548,-18.9004,6.3066,-3.9039,-1.134,-0.7124
-7.4319,-19.6665,6.1462,-3.6828,-0.6221,-0.8205
-8.3009,-19.6929,1.8579,-3.1642,0.3381,-0.9457
-7.9131,-19.214,-0.4213,-2.75,1.087,-0.9946
-6.3305,-18.3162,-1.4963,-2.8764,1.2672,-0.8761
-5.4207,-17.1526,-1.2114,-3.2075,1.054,-0.8523
-3.2513,-15.5269,1.6639,-3.4054,0.7803,-0.8859
-1.5777,-15.0792,3.3854,-3.3816,0.4376,-0.8138
0.8738,-15.1846,3.6032,-3.1104,-0.1701,-0.6684
2.3439,-15.5054,-1.1013,-2.5734,-1.401,-0.6207
5.0975,-14.4062,-3.1004,-2.0646,-3.6691,-0.8785
6.455,-14.0877,-1.5298,-2.3389,-3.8353,-1.016
7.3097,-12.8787,2.1452,-2.7488,-2.8622,-1.1449
7.3097,-12.8787,2.1452,-2.9125,-1.9697,-1.9512
0.5602,-6.06,5.4279,-2.9125,-1.9697,-1.9512
0.1891,-4.5944,5.5907,-2.8514,-2.6642,-2.0893
0.0335,-2.2457,6.0001,-2.7109,-3.6037,-1.7533
-0.565,-0.3423,5.9977,-2.6229,-4.1254,-1.3648
-0.2729,0.4596,5.2579,-2.5069,-4.3997,-1.0007
-0.2561,0.5578,5.1238,-2.3743,-4.4131,-0.6012
-0.4094,1.0797,4.4963,-2.326,-4.2647,-0.2719
-1.0151,1.8171,4.7596,-2.3749,-3.5494,0.0578
-1.6639,2.5282,5.1119,-2.3877,-3.0973,0.1867
-1.9393,2.7389,4.9443,-2.1287,-2.9281,0.2661
-2.308,1.889,4.1371,-1.6584,-2.9917,0.2881
-2.1667,0.237,3.608,-1.1471,-3.1053,0.202
-1.0941,-1.7238,3.0765,-0.7323,-3.1328,0.0358
-0.6368,-2.4277,2.861,-0.2351,-2.9428,-0.2634
0.1029,-3.3854,2.0877,0.0959,-2.7449,-0.4778
0.2178,-3.96,0.5698,0.4618,-2.5011,-0.6837
0.2178,-3.96,0.5698,1.2187,-1.7052,-1.1986
-2.3271,-4.2066,-5.2364,1.2187,-1.7052,-1.1986
-3.4811,-5.8708,-10.6137,1.5706,-0.7913,-1.3819
-7.7,-8.4757,-16.8749,1.6378,-0.1267,-1.4259
-11.5331,-15.57,-12.8715,1.4081,0.3692,-1.3721
-9.6321,-17.9882,-13.6137,0.9872,0.6838,-0.9378
-9.2107,-23.0184,-18.6729,1.055,0.5641,-0.2371
-7.36,-26.0689,-17.3178,1.2053,-0.0882,0.1519
-2.4588,-14.6935,-6.4742,-0.3511,-1.0045,0.5703
-2.1356,-11.3679,-5.7176,-1.7134,-1.715,0.5129
-1.3958,-3.517,-5.9522,-2.2381,-2.5066,0.2576
-4.5513,-0.0335,-7.6976,-2.0261,-2.4608,0.0694
-11.0495,-5.9834,-8.8444,-1.5838,-1.7999,-0.0575
-10.8795,-13.549,-10.2881,-1.3615,-1.3564,0.0126
-7.1086,-24.0192,-9.5052,-1.2601,-1.4297,0.3969
-3.0693,-29.9164,0.4525,-1.2717,-1.1737,0.8501
3.7158,-16.2644,10.5036,-1.2815,-0.1249,1.224
3.5075,-8.8779,8.0496,-1.1208,1.5366,1.3529
1.446,-0.0837,12.17,-1.1428,1.0876,0.833
-2.5187,1.2737,13.9034,-0.67,0.8414,-0.1699
-3.7253,-5.2866,-5.866,0.5388,1.1804,-0.5248
-1.6591,-7.8867,-4.0485,1.5052,0.6368,-0.6287
3.2393,-12.1197,5.7368,1.4942,-0.236,-0.6763
4.3813,-13.6065,8.5452,1.8094,0.9532,-0.9078
2.0278,-13.3431,7.3864,2.879,3.7345,-1.0184
2.1835,-12.9792,6.3545,3.8857,5.7192,-0.8688
2.5953,-13.3264,5.6386,4.0134,5.6208,-0.5627
2.3535,-14.6983,4.3358,3.7825,4.922,-0.3275
-0.3399,-13.8938,0.6057,3.5766,3.8524,-0.1443
-0.4668,-13.4724,0.3423,3.3879,2.9446,0.0334
-0.0191,-11.8875,-0.2226,3.0843,2.462,0.4402
-0.4237,-10.3193,-0.3184,3.0354,2.3527,0.731
-0.9504,-9.012,-0.0167,3.1716,2.2238,0.9082
-0.7565,-9.0048,0.2801,3.4166,2.2299,1.0651
-0.7565,-9.0048,0.2801,3.8234,2.4883,1.2307
3.2058,-13.1157,0.6153,3.8234,2.4883,1.2307
-1.0821,-11.399,2.2792,3.865,2.7669,0.3193
-0.9121,-10.2857,1.7094,3.5962,2.6905,-0.7906
-0.3711,-8.8564,1.0247,3.4007,2.1725,-0.8736
-0.0023,-7.0009,-0.4213,3.0904,1.6875,-0.633
-1.4604,-4.7261,-1.3646,2.6726,1.3454,-0.4021
-1.9009,-4.6255,-1.5682,2.1796,1.1652,-0.165
-1.8507,-4.8889,-2.6671,2.0855,1.1462,0.0401
-1.3144,-5.7128,-1.4844,2.0886,1.3851,0.1837
-0.5339,-7.4007,1.1971,2.0556,2.0008,0.2301
-0.5147,-7.6952,1.7262,2.0483,2.5622,0.2955
-0.6703,-8.0232,1.9105,2.0263,2.9385,0.3779
-0.9169,-8.0448,2.0709,1.7648,2.6545,0.4946
0.4453,-9.1222,0.9097,1.4954,1.9446,0.6394
0.6344,-9.443,0.2968,1.3684,0.9984,0.7927
1.3742,-10.7406,-1.9009,1.4295,0.1963,0.8428
2.0781,-11.2554,-2.691,1.5608,0.0839,0.7719
2.9448,-11.7654,-2.7485,1.719,0.5006,0.6992
2.9496,-12.1628,-2.5378,1.8797,1.4724,0.5972
2.0278,-11.2913,-2.7676,1.8326,2.0167,0.4952
0.6296,-9.996,-3.608,1.6555,2.2647,0.425
0.043,-10.2163,-3.8402,1.3861,2.0784,0.4323
1.2306,-10.9298,-3.3207,1.0739,1.5335,0.5453
4.8338,-12.9265,-2.4684,0.5614,0.6991,0.8642
8.3919,-14.1811,-1.0055,0.3055,0.4804,1.0566
10.0607,-15.254,1.288,0.1167,0.7632,1.0322
9.2131,-15.4408,1.1109,0.0611,1.28,0.7848
4.7429,-14.9164,-1.0079,0.1344,1.5763,0.4335
-0.1197,-14.1548,-4.9179,0.2694,1.2,0.0872
