andar
5.5955,-17.3034,0.9935,3.0602,0.3586,0.4928
5.538,-17.2963,1.1444,2.7419,0.9401,0.8049
5.0879,-16.7049,1.4413,2.8292,0.7599,0.9088
4.9012,-15.9962,1.6759,3.1176,0.3116,0.8654
4.9419,-15.4815,1.2425,3.354,0.0636,0.6944
4.6615,-15.084,0.328,3.5495,-0.2809,0.3205
4.853,-14.1643,-0.9265,3.5012,-0.5503,0.0554
2.1116,-13.324,-2.059,3.2801,-0.9253,-0.1742
-2.8131,-13.0941,3.924,2.7572,-2.0994,-0.366
-3.122,-13.6161,4.4077,2.2593,-3.56,-0.3428
-5.155,-14.1715,1.6855,2.2709,-4.6235,-0.0594
-6.6442,-13.6089,-2.5091,2.9355,-4.2417,0.3578
-3.608,-9.2179,-3.2154,3.1102,-3.1605,0.7072
-3.1196,-8.435,-3.4237,2.9459,-2.1764,1.0792
-1.0199,-5.8996,-4.0869,2.6649,-1.7262,1.2838
0.2489,-4.1036,-4.1946,2.3638,-1.8569,1.2875
-0.3926,-2.4708,-4.6088,2.1194,-2.2967,1.0401
-0.3902,-2.3606,-4.6208,1.9881,-2.8648,0.5123
-0.4261,-1.6759,-4.6854,2.0015,-2.9106,0.301
-0.2418,-0.814,-4.6112,2.0082,-2.7799,0.1409
0.6727,0.8667,-3.4189,1.9233,-2.5753,0.0316
0.6727,0.8667,-3.4189,1.0846,-2.2973,-0.0288
1.1923,1.2569,-3.2249,1.0846,-2.2973,-0.0288
1.6663,0.8643,-3.5027,0.8103,-2.1556,0.0468
1.6855,0.0335,-3.8115,0.5672,-2.1758,0.1727
1.0438,-0.4908,-4.0294,0.3107,-2.3896,0.2942
0.3854,-1.0869,-4.0485,0.0358,-2.5698,0.395
-0.1987,-1.6017,-3.4404,-0.3038,-2.6327,0.5196
0.6584,-2.521,-0.7254,-0.9482,-2.4525,0.7713
1.1492,-2.8898,1.5083,-1.4204,-2.0805,1.0083
1.7262,-4.1587,6.2563,-1.8413,-1.5313,1.202
4.446,-7.0153,11.4852,-2.1229,-0.8936,1.3437
13.2689,-16.2021,17.1071,-2.1718,-0.3401,1.4787
14.0566,-18.4503,16.5134,-1.6904,0.0599,1.3474
15.2229,-24.2179,18.2899,-1.2983,-0.1624,0.8202
13.1013,-28.93,19.7336,-1.137,-0.9162,0.103
2.6384,-19.5301,9.6225,-0.5005,-1.6211,-0.6036
2.6384,-19.5301,9.6225,1.927,-0.4898,-0.9072
0.6703,-10.688,3.9695,1.927,-0.4898,-0.9072
4.1635,-5.1574,4.2137,2.6497,-1.1379,-0.4521
12.0958,-17.6889,5.2507,2.3815,-1.5008,-0.2255
11.8611,-17.6889,4.8889,1.9698,-1.7867,-0.2939
6.6992,-26.8159,6.0672,1.6839,-2.3053,-0.6733
0.7158,-25.7912,4.2951,1.4401,-1.8813,-1.2304
-10.7957,-6.5221,-13.5442,1.6118,-0.5075,-1.5572
-11.1357,2.4947,-19.4223,1.6625,-0.4831,-1.2176
-3.3782,9.3807,-16.0321,1.1958,0.5138,-0.1595
-3.3782,9.3807,-16.0321,-1.0521,2.796,1.7542
13.1995,-3.1579,10.2833,-1.0521,2.796,1.7542
10.573,-7.5755,6.3114,-1.7124,3.0037,1.7725
2.308,-14.1739,-7.4031,-1.1541,0.011,0.8483
-9.0408,-16.0249,-13.0415,-1.4204,-0.2369,0.3975
-8.8013,-18.321,-3.936,-2.5939,2.5205,0.147
-8.4039,-18.1606,-2.308,-3.589,5.5161,0.3529
-6.8525,-18.2252,1.9369,-3.95,6.361,0.4671
-6.0767,-17.2196,1.2521,-3.6892,5.0134,0.4231
-0.7709,-12.4094,-1.4796,-2.7381,1.694,0.3791
-0.5363,-12.1484,-1.5035,-2.2506,0.0904,0.4164
1.0486,-9.8931,-0.9121,-2.0411,-0.4965,0.3291
2.0542,-7.9586,-0.7637,-2.0741,-0.2577,0.133
2.4444,-8.6074,-0.5339,-2.2763,0.3562,-0.0704
2.6312,-8.7535,-0.5291,-2.7381,1.2401,0.012
4.0438,-9.7063,-0.1891,-2.9384,1.6744,0.5984
3.7277,-9.6824,-0.3998,-3.0777,1.9957,1.2038
1.8315,-9.6369,-0.1723,-3.1425,2.452,1.3962
0.8307,-10.0415,0.4668,-3.2194,2.9114,1.2063
0.383,-10.4725,-0.1747,-3.2188,3.0629,0.9173
0.2777,-10.3767,0.1819,-2.7509,3.2388,0.5844
0.7062,-9.1078,1.2593,-2.4381,3.0336,0.4182
0.5793,-8.2746,1.47,-2.1761,2.3335,0.2631
0.0407,-7.0679,1.5179,-1.9507,1.4337,0.089
-0.905,-6.3688,1.1276,-1.7582,0.8223,-0.027
-1.7669,-6.8908,0.0047,-1.5793,0.7935,-0.063
-1.7597,-7.0248,-0.1628,-1.5402,1.2205,-0.0142
-1.8315,-8.119,-1.0127,-1.5145,1.8656,0.0059
-1.4365,-8.5212,-1.9177,-1.4992,2.4557,-0.0099
-0.2298,-7.5635,-2.4899,-1.4742,2.7245,-0.0319
-0.2082,-7.4438,-2.4708,-1.4681,2.595,-0.0569
-0.3663,-7.0631,-1.8914,-1.578,1.7123,-0.1058
-1.0606,-7.8724,-0.4955,-1.798,0.8308,-0.1779
-2.0638,-9.6273,2.5354,-2.0374,0.1332,-0.2218
-2.126,-9.692,2.6815,-2.1877,-0.0616,-0.2273
-1.968,-9.9194,3.043,-2.217,0.2688,-0.2267
-0.9481,-9.8069,3.2058,-2.1541,0.8516,-0.2335
1.6998,-9.6896,4.2401,-1.8615,1.7251,-0.0942
2.6527,-9.9122,4.6184,-1.564,1.9487,-0.0178
1.7477,-10.7598,4.5346,-1.2341,1.5871,-0.1082
-1.64,-12.2777,4.2975,-0.8957,0.8522,-0.3605
-5.4399,-13.7501,2.5833,-0.5542,0.1967,-0.6214
-6.1342,-14.7991,1.1348,-0.1278,0.1778,-0.7063
-6.862,-16.3625,0.8786,0.0474,1.1472,-0.6061
-6.3688,-17.2005,2.0183,0.0816,2.2706,-0.4454
-1.6065,-16.3601,4.7357,0.0229,2.5791,-0.1076
-1.391,-16.0058,4.8243,-0.0203,1.7227,0.2869
-2.2385,-14.296,3.7804,0.1824,0.4692,0.4097
-3.2489,-13.2498,3.1004,0.7835,-0.6437,0.3859
-5.0879,-15.266,1.142,1.2361,-0.7567,0.3987
-4.7596,-15.163,0.9576,1.7572,-0.5778,0.3633
-1.0797,-14.2386,-0.7086,2.2819,-0.3572,0.3895
3.7349,-12.9265,-1.4652,2.6582,-0.1343,0.4524
8.6888,-14.5761,-2.7317,3.1017,0.237,0.4708
8.7487,-14.7512,-3.11,3.4505,0.0348,0.4085
7.3552,-15.9651,-7.3624,3.7736,-0.4739,0.227
5.9666,-17.1095,-9.3496,3.8457,-0.6688,0.0902
6.9027,-17.8302,-5.2052,3.5794,-0.2204,0.2918
6.7543,-18.0672,-0.9241,3.2043,0.7013,0.6644
6.0743,-17.1622,1.2952,3.0406,1.4685,0.811
5.5332,-16.1447,1.6136,3.2324,1.2053,0.7102
4.6423,-15.1463,1.6974,3.4273,0.7838,0.5196
4.1156,-14.8781,0.1915,3.544,0.3916,0.2777
3.5434,-14.3631,-2.6623,3.5879,-0.0671,0.045
1.9153,-13.4581,-4.537,3.4242,-0.6181,-0.1143
-2.6168,-13.312,6.7495,2.5476,-2.5227,-0.2848
-2.6886,-13.5299,6.0552,1.9728,-4.5392,-0.2341
-4.7764,-13.5562,2.4109,2.3418,-5.7616,0.0132
-6.8477,-12.6057,-2.5761,3.1457,-5.1214,0.1427
-3.1124,-8.2459,-4.1228,3.6521,-3.5948,0.337
-2.8155,-7.8939,-4.1898,3.4371,-1.8135,0.8599
-0.972,-5.3202,-4.4915,3.0632,-1.5026,1.0132
0.0814,-3.2776,-4.1371,2.6918,-1.7439,0.9246
-0.7733,-1.5777,-4.2449,2.4285,-2.133,0.654
-0.7733,-1.5442,-4.2521,2.3528,-2.4262,0.3223
-0.3854,-1.0678,-4.3885,2.3906,-2.5527,0.0682
-0.1484,-0.6105,-3.9504,2.3009,-2.4531,-0.0948
-0.0981,-0.3639,-3.3758,1.9465,-2.4146,-0.1559
0.2226,-0.1915,-3.2704,1.5134,-2.4006,-0.1718
0.7374,0.0383,-3.3303,1.1598,-2.2729,-0.1449
1.1061,0.0359,-3.7636,0.8995,-2.1251,-0.0832
0.8954,-0.2705,-4.0845,0.5593,-2.2515,0.0554
0.6703,-0.5291,-4.1276,0.2972,-2.411,0.1537
0.1316,-1.0079,-4.1347,-0.0045,-2.4665,0.2631
-0.1699,-1.5777,-3.7828,-0.3636,-2.3627,0.3932
0.9074,-2.1883,-0.96,-0.7882,-2.1373,0.5734
1.0797,-2.2888,-0.3711,-1.2347,-1.8398,0.7927
1.312,-2.8299,3.7301,-1.8206,-1.3829,1.0902
2.9065,-5.2795,12.0383,-2.0771,-0.9449,1.2301
12.1125,-13.5131,17.9499,-2.1278,-0.4507,1.3596
12.1125,-13.5131,17.9499,-0.9928,-0.1147,1.1134
14.703,-20.0664,14.2386,-0.9928,-0.1147,1.1134
14.6408,-26.0569,19.4319,-1.3496,-0.59,0.1543
4.3766,-23.9761,11.8922,-1.283,-1.5203,-0.4161
3.8738,-23.0447,11.2602,-0.2555,-1.8209,-0.9799
1.5298,-15.1175,5.4566,1.1262,-1.1428,-0.9952
2.4205,-9.455,2.885,2.23,-0.9876,-0.6953
9.6537,-7.0799,6.4335,2.6686,-1.516,-0.4479
12.3759,-11.1477,6.2467,2.3503,-1.9766,-0.2958
12.1125,-20.2244,3.5434,1.9893,-2.042,-0.5511
6.3401,-27.2995,7.8077,1.4866,-1.6168,-0.8962
-5.0879,-17.0497,-0.2513,0.9826,-0.8447,-1.3263
-11.411,-5.1693,-11.3176,1.142,-0.6303,-1.5205
-10.834,7.0727,-20.447,1.5513,-0.8881,-1.2909
-1.7573,10.7526,-14.2481,1.0229,0.6482,0.4176
12.7159,1.47,4.6782,-0.3154,2.0574,1.5343
14.3894,-0.4836,8.3656,-1.2421,3.2511,1.9118
8.1022,-8.7343,4.446,-1.5408,2.8473,1.6333
-0.2226,-15.0577,-8.9163,-0.9837,0.3788,0.7835
-10.0296,-17.3274,-8.5284,-1.3783,0.5058,0.2515
-10.0296,-17.4447,-7.712,-2.6855,3.6414,0.1446
-7.3983,-17.8948,-1.1659,-3.5646,6.1441,0.3278
-6.6154,-17.8014,2.2074,-3.6916,6.3536,0.3694
-3.0238,-14.466,-1.8986,-3.3453,4.606,0.3663
-3.0238,-14.466,-1.8986,-2.7949,2.1283,0.4396
-1.118,-11.9713,-2.6024,-2.2677,-0.2045,0.505
0.7852,-9.9625,-1.5969,-2.2152,-0.5625,0.4231
2.2768,-7.5923,-0.2968,-2.3508,-0.4715,0.26
1.8483,-6.8548,0.1244,-2.5713,-0.05,0.0542
1.9081,-7.6689,0.5841,-2.7845,0.5975,-0.1143
2.6575,-9.3568,0.3663,-2.9256,1.5388,0.2393
2.9448,-11.3488,-0.0526,-2.9574,1.8552,0.7628
1.877,-11.4972,0.2035,-3.0117,2.1002,1.1464
-0.1604,-11.672,0.4548,-3.0954,2.3769,1.1708
-1.2617,-11.162,0.5674,-3.1229,2.6054,1.034
-0.5889,-9.9242,1.1085,-3.0099,2.8833,0.9405
-0.5889,-9.9242,1.1085,-2.4168,2.4313,0.7988
0.9911,-8.1788,1.561,-2.4168,2.4313,0.7988
1.5131,-7.214,1.5969,-2.1914,1.7251,0.6363
0.9983,-6.1342,0.6607,-2.0014,0.9817,0.4292
0.9983,-6.1342,0.6607,-1.6856,0.7215,0.1898
0.4118,-6.4143,-0.213,-1.6856,0.7215,0.1898
-0.3064,-7.0919,-0.8954,-1.5414,1.683,0.0743
0.0215,-8.016,-2.0278,-1.5133,2.3464,-0.0105
0.0215,-8.016,-2.0278,-1.4913,2.7416,-0.0759
0.2513,-7.7024,-2.703,-1.4583,2.8155,-0.1406
0.2681,-7.2427,-2.3965,-1.4424,2.504,-0.1705
-0.5698,-7.4247,-0.9385,-1.677,1.2602,-0.1968
-1.7214,-8.1693,0.3926,-1.9012,0.3439,-0.2188
-3.0573,-9.2491,2.0159,-2.0325,-0.1587,-0.2359
-3.3686,-10.0679,2.4779,-2.0509,-0.1227,-0.2255
-2.3965,-10.4366,2.5522,-2.0105,0.3195,-0.1797
-1.1899,-10.3743,2.8251,-1.9268,1.0416,-0.1039
1.1947,-10.2355,3.4404,-1.6306,2.1222,0.1049
2.0039,-11.1692,3.7517,-1.4015,2.0263,0.0676
-2.3367,-12.6177,1.1492,-1.0295,1.3946,-0.1736
-2.8131,-12.9601,0.6488,-0.5475,0.6457,-0.5077
-4.106,-15.2803,-0.0646,-0.1669,0.234,-0.6769
-4.8291,-17.0066,1.6855,-0.0545,0.9114,-0.603
-0.5243,-14.5929,6.0193,-0.1132,1.8064,-0.3886
-0.5243,-14.5929,6.0193,-0.2115,2.1136,-0.0313
0.146,-13.5586,5.4782,-0.2079,1.7666,0.1965
-1.1396,-13.6759,2.6719,0.1518,1.3995,0.1324
-5.3393,-14.9763,2.7078,0.6595,1.0055,0.0554
-5.4806,-15.1415,2.8419,1.1084,0.2908,0.1348
-6.0696,-15.2708,2.77,1.478,0.0251,0.2008
-4.0294,-14.0686,1.3,2.0644,0.1259,0.2338
-0.0454,-12.7422,-1.47,2.6197,0.3128,0.2619
3.4213,-11.344,-2.2697,3.0021,0.3,0.3003
6.4574,-12.8619,-1.1468,3.332,-0.2644,0.3547
7.0727,-14.8207,-2.4899,3.5666,-0.7549,0.3303
4.75,-16.0465,-7.2954,3.8237,-1.0909,0.2228
4.3263,-16.6881,-7.4079,3.8323,-1.0909,0.2008
3.8642,-17.2771,-3.8714,3.4884,-0.5606,0.417
4.6543,-17.8493,-0.5434,3.1188,0.3873,0.7206
5.6769,-17.4016,1.0797,3.0186,1.391,0.9705
5.6961,-17.2388,1.2354,3.1903,1.5278,0.8703
4.7237,-16.0249,1.3455,3.3668,1.5608,0.618
3.4284,-15.7688,-3.5697,3.5055,1.4753,0.3339
-1.4963,-14.1524,-0.0885,3.514,1.0929,0.1531
-1.4963,-14.1524,-0.0885,2.8909,-0.4763,0.1238
-1.4125,-14.3774,7.6928,1.5257,-4.6883,0.1977
-1.9393,-13.8148,4.2305,1.7407,-6.5276,0.3547
-6.0073,-11.7103,-2.8706,2.7682,-6.3614,0.3352
-5.7942,-11.5283,-2.9783,3.5568,-4.8966,0.3077
-3.5841,-9.6632,-3.6439,3.7883,-3.3114,0.5807
-1.0486,-6.9291,-4.4819,3.4511,-2.1361,1.0358
0.2633,-4.0653,-4.7668,3.087,-2.1703,1.045
0.2705,-3.0693,-4.8554,2.7022,-2.411,0.8251
-0.0311,-2.5234,-4.592,2.3888,-2.5765,0.5044
0.2035,-1.7405,-4.4795,2.208,-2.6199,0.2374
0.4094,-0.9313,-3.8881,2.1439,-2.4672,0.0731
0.3974,-0.7493,-3.5482,1.974,-2.0695,-0.1345
0.2346,-0.6033,-3.2992,1.7584,-1.9241,-0.2396
0.5123,-0.632,-3.5362,1.5324,-1.8813,-0.2866
0.7733,-0.7422,-3.6128,1.2813,-1.9015,-0.2732
0.7972,-0.7589,-3.5673,0.9918,-1.9791,-0.2273
0.6847,-0.7182,-2.9999,0.4915,-2.2479,-0.0478
0.2849,-1.0199,-2.545,0.1341,-2.4152,0.1372
0.2849,-1.0199,-2.545,-0.7204,-2.2564,0.6663
-0.213,-2.3175,-1.1037,-0.7204,-2.2564,0.6663
-0.3136,-2.4708,-0.158,-1.1608,-1.8911,0.9845
0.8116,-2.7174,1.3215,-1.5121,-1.4605,1.2527
4.2736,-5.4471,8.2459,-1.8871,-0.8814,1.6106
4.6447,-5.8206,8.8109,-2.068,-0.5704,1.7017
8.6409,-9.5028,13.8076,-2.1046,-0.4195,1.6962
10.9753,-14.5331,14.8231,-1.8908,-0.524,1.5276
9.6345,-21.4694,18.3569,-1.4437,-0.6767,1.0914
9.1724,-25.1256,19.8365,-1.2127,-0.929,0.5025
5.7655,-28.0465,17.1813,-0.6263,-1.5173,-0.3898
0.7924,-22.5946,10.3983,0.3675,-1.7702,-0.9897
-0.1053,-10.3097,3.1483,1.5904,-1.6095,-1.0105
0.5841,-4.8745,1.7477,2.3338,-1.4653,-0.5554
1.7573,3.9743,2.7006,2.2947,-1.4427,-0.1956
3.9911,6.6513,5.6913,1.3748,-1.1422,0.1195
6.6059,-8.7127,2.94,0.8629,-1.3664,0.2716
6.6059,-8.7127,2.94,0.3962,-2.1293,0.4146
3.3207,-19.3218,6.4,0.3962,-2.1293,0.4146
6.8932,-31.4894,4.2951,-0.1462,-1.9925,0.4903
1.6136,-27.7832,-2.691,-0.228,-0.8099,0.4977
-0.4165,-23.4302,-3.2776,0.3436,2.256,-0.5517
-5.4207,-6.4957,-8.696,1.0785,1.8754,-0.9476
-4.5968,2.7317,-19.7144,1.4676,-0.0787,-0.4405
8.1405,2.1667,-0.1963,0.9576,-0.2412,0.3669
8.605,1.6711,1.118,-0.5695,0.9493,1.0615
9.3855,-1.968,4.7931,-2.0191,1.0788,1.2967
3.7804,-6.2778,-3.7062,-1.8945,0.4484,0.9173
-6.2755,-10.2498,-9.7207,-1.7784,0.8833,0.5581
-9.0431,-12.8787,-9.8835,-2.3801,2.5357,0.268
-9.0048,-14.5905,-7.1278,-3.2231,4.3573,0.3388
-6.2324,-17.337,-2.5354,-3.8523,5.463,0.5752
-4.4627,-17.5141,1.1372,-3.8767,4.9297,0.6064
-2.8778,-17.1454,1.6639,-3.3526,3.6835,0.3071
-1.4867,-15.2516,0.3208,-2.6953,2.3146,0.0303
-1.1085,-13.1684,0.1604,-2.1523,1.6494,-0.2249
0.0574,-9.3712,0.0742,-1.9,1.4673,-0.4057
0.0885,-9.1748,-0.1675,-1.8523,1.438,-0.5193
1.233,-9.6249,-0.4453,-2.1297,1.3543,-0.3721
3.529,-10.0224,0.1412,-2.5463,1.1692,0.2979
2.0853,-9.024,-0.3806,-2.8034,1.2462,1.0261
1.5993,-8.9881,-0.4381,-2.801,1.7679,1.1611
0.4381,-8.8899,0.5482,-2.7118,2.2279,0.9039
0.4477,-8.5021,0.2849,-2.385,2.2718,0.5673
-0.5123,-7.2499,-0.7852,-1.9635,2.3567,0.392
-0.5386,-7.2738,-0.7254,-1.6697,2.2279,0.2087
-0.6919,-7.7766,0.0718,-1.6135,1.7856,0.1397
-1.1396,-7.9586,0.3208,-1.6984,1.3287,0.1696
-1.4987,-8.4877,0.8403,-1.7747,1.2663,0.2331
-1.1707,-8.7582,0.5363,-1.7625,1.7838,0.2777
-0.5913,-8.6098,-0.6943,-1.5811,2.157,0.2515
-0.2274,-8.1549,-1.6759,-1.3484,2.2688,0.166
0.2226,-6.9937,-2.0685,-1.1657,2.0996,0.0639
0.0454,-6.5747,-1.8076,-1.1199,1.6933,-0.0184
-0.6607,-6.5532,-0.2849,-1.3606,0.7557,-0.132
-1.3934,-7.384,1.2425,-1.5994,0.1234,-0.162
-2.3415,-9.6441,1.5155,-1.6984,-0.1434,-0.1675
-2.4301,-9.9577,1.288,-1.6758,-0.0164,-0.2035
-2.2912,-10.7311,0.7302,-1.6489,0.4026,-0.2426
-1.5346,-10.9992,0.5793,-1.6697,0.9475,-0.2512
0.7852,-10.5635,1.5466,-1.7234,1.4704,-0.1864
1.039,-10.3791,1.8171,-1.6813,1.4618,-0.1663
1.6567,-9.7566,2.94,-1.5591,1.1375,-0.2078
0.9385,-10.02,3.2082,-1.3673,0.5718,-0.2762
-4.5202,-13.233,1.7932,-1.0851,0.044,-0.3666
-4.5202,-13.233,1.7932,-0.5994,-0.1062,-0.5395
-4.8988,-14.4517,-0.3663,-0.294,0.292,-0.5774
-2.94,-15.5293,-0.4046,-0.0826,1.08,-0.4497
-0.8403,-15.4958,2.1787,-0.0222,1.9249,-0.2408
0.2442,-15.7783,3.1651,-0.0326,2.3641,-0.0331
1.1037,-15.2492,4.3047,-0.0973,2.0354,0.1134
-0.2418,-14.0494,3.2872,-0.013,0.7153,0.1116
-3.6152,-12.8978,2.4851,0.3785,0.3158,0.0853
-4.4149,-13.1157,3.1435,0.6839,0.1075,0.147
-4.8338,-13.8004,4.2544,0.9728,0.0507,0.2796
-4.8147,-13.5921,4.1563,1.4096,0.0153,0.3828
-3.3039,-13.0032,1.3048,1.9704,0.0519,0.395
-2.6839,-12.9744,0.6919,2.7847,0.4099,0.3333
0.7469,-11.9042,-2.1092,3.197,0.5932,0.3791
3.8738,-12.0239,-2.4995,3.4279,0.4282,0.4439
6.5197,-15.9124,-2.2673,3.4615,-0.1416,0.4799
6.5197,-15.9124,-2.2673,3.8818,-1.1202,0.1256
4.1587,-16.7839,-6.9578,3.8818,-1.1202,0.1256
3.3925,-17.0018,-6.5508,3.7785,-0.3914,0.133
5.7248,-15.8262,-0.1915,3.3564,0.7581,0.3932
5.799,-15.7089,0.1268,2.9581,1.5773,0.7292
6.2036,-15.1223,2.0614,2.7999,1.9768,0.8953
6.4766,-15.5509,0.4812,2.8946,2.0855,0.7677
3.6798,-15.8071,-4.5633,3.2318,1.7135,0.4421
0.1292,-15.3115,-3.1172,2.7566,-0.1013,0.1543
-0.7709,-14.6695,3.4284,2.0192,-2.6492,0.0248
-2.4349,-14.0422,5.2148,1.6295,-5.0261,0.1055
-4.3885,-13.0822,0.4141,2.1671,-6.1586,0.1568
-5.368,-12.6129,-1.3958,3.5568,-4.8825,0.1922
-5.368,-12.6129,-1.3958,4.0253,-1.6223,0.6461
-3.9145,-9.7231,-3.5075,4.0253,-1.6223,0.6461
-1.5011,-5.2699,-3.6487,3.7199,-1.3817,0.9699
-1.3575,-4.9515,-3.6774,3.2959,-1.9498,1.0914
-0.9097,-3.6343,-3.7876,2.9019,-2.5643,1.0077
-0.9265,-2.5306,-3.5577,2.376,-2.9907,0.6644
-0.5315,-1.8555,-3.1507,2.0675,-2.9198,0.4195
-0.4477,-1.7932,-3.0789,1.8451,-2.5667,0.2521
0.079,-1.5394,-2.9616,1.6704,-2.29,0.1672
0.711,-0.9624,-2.7102,1.5092,-2.1312,0.1079
1.1635,-0.1939,-2.8083,1.3253,-2.0884,0.0743
1.1635,-0.2298,-2.8179,0.9508,-2.3089,0.1073
0.9792,-0.7996,-2.7557,0.6124,-2.4843,0.18
0.632,-1.4389,-2.8443,0.2465,-2.5881,0.3016
-0.2825,-2.0518,-3.0597,-0.0765,-2.5967,0.4592
-0.541,-2.3487,-2.952,-0.3472,-2.4763,0.6229
-0.6488,-2.5474,-2.3295,-0.7937,-2.1129,0.9363
-0.2202,-2.5689,-1.1683,-1.1572,-1.7867,1.1458
1.6304,-2.8945,2.1715,-1.5402,-1.4317,1.3376
2.8802,-3.5745,3.4332,-1.8926,-1.0591,1.4616
5.9283,-5.4614,5.6027,-2.1669,-0.6975,1.4585
8.028,-8.8372,9.3113,-2.3783,-0.3951,1.3339
12.2179,-20.7272,20.5811,-2.5811,0.0788,0.9057
13.8435,-23.6313,20.6003,-2.5267,0.1589,0.6522
13.8435,-23.6313,20.6003,-1.0197,-1.571,-0.6116
6.4143,-33.2707,15.8502,-1.0197,-1.571,-0.6116
-3.711,-15.5892,5.0089,0.2862,-2.6632,-1.5486
-4.0198,-12.7542,3.8546,2.3424,-2.5368,-1.1614
-1.7405,-0.6129,1.4101,2.7297,-2.0542,-0.5181
1.0893,8.842,2.4277,2.3546,-1.0341,-0.0245
-0.1077,0.6344,1.5251,1.7242,-0.6584,0.2784
-0.1077,0.6344,1.5251,1.1634,-1.122,0.4433
-2.4253,-7.8891,-0.0622,0.6894,-1.6364,0.7359
2.7724,-19.0775,8.4015,-0.4608,-1.3499,1.4048
2.7724,-19.0775,8.4015,-0.9,0.7618,0.9405
9.1341,-43.7624,4.0581,-0.9,0.7618,0.9405
-2.8395,-28.2524,2.1499,-0.3355,2.1741,-0.33
-8.5859,-8.0424,-6.8094,0.7089,1.4533,-1.2102
-5.38,7.8748,-28.6954,1.7254,-0.973,-0.7429
0.9074,8.5212,-21.036,1.2758,0.3672,0.8068
11.6385,5.1454,1.5442,-0.7809,2.5211,1.7945
17.8206,-0.1077,17.8781,-2.1614,2.179,2.2148
6.4502,-9.0695,-12.3376,-2.1993,-0.2803,1.9246
2.9999,-9.8428,-14.0973,-1.0753,-2.502,1.1568
-10.7454,-12.3232,-14.847,-1.8377,0.8644,-0.1828
-11.5642,-14.7345,-12.3471,-3.2762,4.3121,-0.3483
-7.9466,-17.0975,0.0263,-4.1596,6.7812,0.0749
-7.4247,-17.1454,1.3623,-4.4198,7.3921,0.1324
-5.1645,-17.3418,2.9257,-4.0246,6.5546,-0.085
-2.7988,-16.7911,1.4484,-3.2225,4.9401,-0.2536
1.0821,-10.6305,0.383,-2.2005,2.069,-0.388
1.3623,-10.269,0.2466,-1.7515,1.0501,-0.5157
1.7717,-8.3345,-0.984,-1.4626,0.7935,-0.636
0.7134,-8.2435,-0.7015,-1.5108,0.909,-0.8168
2.1523,-8.8468,-1.6903,-1.8731,1.0745,-0.578
1.9895,-8.7846,-2.3942,-2.2518,1.3806,0.5917
0.1029,-8.6361,-2.5929,-2.3905,1.7868,0.7982
-1.1611,-8.5547,-1.1683,-2.4882,2.2211,0.6345
-1.1444,-8.538,0.1197,-2.4882,2.3323,0.4696
-1.2952,-8.8995,0.1197,-2.3056,2.0244,0.3407
-1.1947,-9.3352,-0.6344,-1.9757,1.5235,0.1983
-1.0917,-9.2395,-0.5099,-1.5524,0.8986,0.0859
-1.1971,-9.34,1.47,-1.6092,0.7294,0.0664
-1.0127,-9.4262,1.5777,-1.7692,0.9737,0.0945
-0.5937,-8.9522,1.7262,-1.7809,1.4753,0.147
0.0359,-8.4135,0.6919,-1.5829,1.9096,0.1708
0.2322,-6.9578,-1.6974,-1.1474,1.9719,0.1293
0.1053,-6.8381,-1.9057,-0.9696,1.7862,0.0444
-0.3016,-6.376,-0.8451,-1.016,1.4032,-0.0465
-0.7948,-6.9003,1.5825,-1.2647,0.7868,-0.1217
-1.7046,-9.0934,1.6663,-1.4864,0.1283,-0.1528
-1.7597,-9.1964,1.5562,-1.4821,-0.1782,-0.1565
-2.1859,-9.9913,0.383,-1.3734,0.1992,-0.2115
-1.4604,-10.3671,-0.2178,-1.4015,0.8137,-0.2237
0.2729,-10.2091,0.0023,-1.4711,1.3928,-0.1589
1.4556,-9.862,0.9696,-1.5402,1.6304,-0.1296
2.0207,-9.1006,1.9201,-1.5451,1.4649,-0.1834
1.3168,-8.8372,2.4349,-1.4455,0.9463,-0.308
-1.8626,-10.8867,2.6072,-1.148,0.1527,-0.4631
-3.9887,-12.1484,2.636,-0.9256,-0.0683,-0.5199
-6.6274,-13.5275,1.5298,-0.6825,-0.0103,-0.6049
-6.2874,-14.4205,-0.3184,-0.3753,0.3568,-0.5621
-2.2026,-15.7185,1.707,-0.1413,1.0214,-0.3336
-1.6256,-15.6538,2.217,-0.0332,2.1912,0.0035
1.2808,-14.9643,4.3095,-0.0142,2.4197,0.2222
2.8227,-14.0949,5.6817,-0.0649,1.8021,0.3205
-0.7062,-12.1819,3.5553,0.0461,0.8369,0.2441
-1.4317,-12.0838,3.3255,0.4982,0.3079,0.1012
-4.2975,-12.2969,3.7158,0.9227,0.0648,0.0517
-5.1334,-13.4892,3.7253,1.3662,0.0312,0.1672
-3.948,-13.3551,1.3838,1.8684,0.3036,0.235
-3.948,-13.3551,1.3838,2.4591,0.7777,0.235
-1.8315,-14.0566,-1.7118,2.9612,1.1454,0.2069
3.1962,-13.5179,-3.9791,3.3137,1.0965,0.2784
7.6138,-15.4575,-1.221,3.3088,-0.2308,0.45
7.4558,-16.5349,-1.7717,3.2953,-1.1843,0.4329
6.5197,-17.1119,-5.8397,3.555,-1.5893,0.2527
5.7727,-17.7607,-6.0073,3.6564,-1.356,0.1464
4.9036,-16.0154,-2.5977,3.3186,-0.5435,0.238
5.1813,-15.4886,-1.288,2.9349,0.4625,0.4879
4.8554,-14.3798,0.5003,2.726,1.6268,0.7035
4.2568,-13.9345,1.3886,2.7633,2.0403,0.5826
2.8921,-14.8111,-4.0797,2.8854,2.1436,0.403
2.272,-14.6887,-3.6966,3.0418,1.8968,0.2356
-0.2537,-14.7608,-1.4987,2.8531,0.7019,0.0236
-1.1516,-14.7656,2.284,2.2501,-1.6364,-0.0948
-3.7948,-13.877,3.1794,1.9313,-4.8721,-0.1247
-3.9504,-13.8818,2.6862,2.4627,-5.874,-0.1742
-5.0784,-13.2354,-2.0709,3.274,-5.3449,-0.1375
-4.1587,-11.7247,-3.3087,3.7547,-3.9473,0.0102
-0.3998,-6.7615,-3.8905,3.6551,-2.5979,0.2851
-0.1771,-6.5173,-3.948,3.0284,-1.7176,0.6559
0.8667,-4.4747,-4.1395,2.5977,-1.7952,0.7542
1.3646,-3.1316,-4.1683,2.2453,-1.9675,0.6876
0.8571,-2.3439,-3.7229,2.0284,-2.1037,0.5349
0.4884,-1.9488,-3.6679,1.9759,-2.1923,0.3596
0.2035,-1.6639,-3.3925,2.0565,-2.1972,0.2136
0.0263,-1.1204,-3.1938,2.0968,-2.0793,0.0713
-0.0502,-0.2873,-2.9759,1.9099,-2.1336,0.0126
0.1747,-0.3471,-2.964,1.591,-2.1434,-0.0361
0.5722,-0.8044,-3.019,1.2135,-2.1116,-0.0471
0.7422,-1.0055,-2.9664,0.8378,-2.1892,-0.0001
0.0861,-1.3742,-2.9424,0.307,-2.3401,0.2032
-0.0718,-1.4915,-2.9233,-0.0161,-2.4562,0.3773
-0.4046,-1.9704,-2.5953,-0.3282,-2.4476,0.5484
-0.4213,-2.3918,-1.8746,-0.6685,-2.2191,0.7457
0.4955,-2.9089,0.5865,-1.013,-1.8991,0.9442
0.79,-3.0334,1.1013,-1.3282,-1.5796,1.1311
2.2026,-4.094,4.8171,-1.7479,-1.1184,1.3669
3.8833,-6.5867,10.8699,-1.922,-0.7867,1.4146
9.1389,-14.1643,15.1319,-1.8914,-0.4941,1.3553
9.3185,-14.7249,15.0026,-1.5939,-0.4018,1.1861
10.6473,-20.5667,17.0473,-1.2396,-0.3377,0.8556
10.6544,-25.5015,19.2188,-1.1877,-0.5936,0.4335
5.6434,-26.2437,15.108,-0.6941,-1.2143,-0.344
2.9233,-20.6003,10.3959,0.3791,-1.6877,-0.8358
0.6224,-11.7941,4.4292,1.6265,-1.7341,-0.7692
0.1388,-4.3167,2.5378,2.3625,-1.8991,-0.4521
4.7357,1.13,5.6865,2.3088,-1.808,-0.1504
8.0831,-1.6567,5.8493,1.5299,-1.2802,0.2246
9.6944,-10.7933,5.7559,1.1854,-1.5112,0.2716
5.7703,-19.2212,7.1852,0.9007,-1.9553,0.0853
5.5141,-31.0967,5.4949,0.5709,-1.9052,-0.2115
4.0438,-29.6363,2.9448,0.4695,-1.2418,-0.3966
4.0438,-29.6363,2.9448,1.3503,0.4075,-0.9335
-5.4949,0.4285,-12.8451,1.3503,0.4075,-0.9335
1.7142,6.6657,-12.9074,1.0968,0.3702,-0.3184
3.1531,5.8038,-11.3368,0.3479,1.0196,0.5673
9.7806,-0.3208,3.2369,-0.6617,2.1906,1.1501
10.3911,-6.9195,7.5947,-1.5005,2.215,1.3058
-8.4159,-13.4748,-12.735,-1.0802,-0.3939,0.7677
-8.4159,-13.4748,-12.735,-1.2134,-0.6566,0.3706
-9.6225,-14.7078,-9.2682,-2.3758,2.2065,0.2496
-6.8453,-15.7376,-3.2585,-3.4351,5.5161,0.5184
-5.6913,-17.0305,1.1444,-3.8291,6.7012,0.6339
-4.6208,-17.2125,1.6855,-3.5927,5.8802,0.5453
-2.6455,-15.7017,0.5147,-2.823,2.5809,0.5313
-1.1947,-13.0558,-0.2753,-2.3264,0.7496,0.4958
0.1723,-9.6848,-0.6248,-1.9507,0.2432,0.4231
0.6847,-8.7942,-0.96,-1.7937,0.6524,0.3248
0.9289,-8.2291,-1.0773,-1.9214,1.1582,0.1989
1.7741,-8.9067,-1.1204,-2.5988,1.5419,0.1098
3.383,-10.0511,-0.3064,-3.0295,1.7269,0.4323
3.7229,-9.9673,-0.0742,-3.2897,2.0684,0.899
3.2513,-9.3065,0.6536,-3.3294,2.7214,1.2771
1.2785,-8.6984,0.4237,-3.1883,3.1533,1.1867
-1.3886,-8.8349,-0.4189,-2.9091,3.0825,0.8458
-1.3886,-8.8349,-0.4189,-2.1455,1.6952,0.4451
-1.5658,-8.7702,-0.0287,-2.1455,1.6952,0.4451
-0.9289,-8.6194,-0.0407,-1.9543,1.0098,0.3681
-0.7015,-8.2938,-0.079,-1.8389,0.5962,0.2716
-0.7661,-8.2914,-0.0957,-1.8578,0.7074,0.1537
-1.0319,-8.5859,-0.1292,-1.9464,1.4093,0.0633
-0.8858,-8.5643,-0.0766,-2.0246,2.8027,0.0731
-0.3327,-8.0304,-1.2378,-1.9275,3.2492,0.0578
0.1101,-7.2379,-2.1739,-1.644,3.1246,-0.0068
0.4213,-6.3497,-2.8634,-1.3056,2.5809,-0.1033
0.0119,-5.7032,-2.4851,-1.1364,1.6842,-0.2396
-1.0007,-6.8309,0.9504,-1.3624,0.0849,-0.424
-0.9624,-8.4063,2.1045,-1.6507,-0.6566,-0.4448
-0.5985,-10.1158,1.9297,-1.7576,-0.6834,-0.3636
-0.4501,-10.834,0.9504,-1.7485,-0.0384,-0.311
1.5394,-9.7016,0.905,-1.8114,0.8705,-0.2689
1.877,-9.4741,1.0103,-1.8584,1.6237,-0.1314
2.3487,-8.9713,2.059,-1.7863,1.9737,-0.0966
1.1156,-9.7662,2.7509,-1.6232,1.5376,-0.2573
-3.9001,-14.0135,2.2505,-1.3093,0.785,-0.4308
-3.9001,-14.0135,2.2505,-0.9397,0.2016,-0.523
-6.1725,-15.2684,1.9105,-0.6831,0.1399,-0.5603
-6.06,-15.5389,1.1563,-0.3679,1.0568,-0.4332
-2.1356,-15.9028,2.8898,-0.2384,1.8418,-0.2054
-2.0015,-15.8669,3.0813,-0.1957,2.3671,0.0957
0.1316,-15.4839,4.4053,-0.1358,2.4753,0.2985
0.3303,-14.8638,4.3335,-0.0051,2.0574,0.3339
-1.9584,-14.15,2.4085,0.2954,1.3757,0.2154
-3.7684,-13.7262,2.7269,0.7896,0.5205,0.1055
-5.3657,-14.3487,3.5122,0.9844,0.2004,0.2099
-5.9474,-15.3067,3.268,1.3271,0.1662,0.326
-4.2712,-13.8866,1.2162,1.8427,0.4099,0.4017
-2.7317,-13.4485,-0.2705,2.343,0.6921,0.4494
0.6177,-12.1317,-2.6551,2.7352,0.716,0.5117
4.2233,-11.4781,-2.782,3.0864,0.0202,0.5624
5.9738,-15.6682,-3.1531,3.2581,-0.6614,0.5355
5.7607,-15.9651,-4.0821,3.5391,-1.0548,0.4164
4.5777,-16.8222,-7.2427,3.8427,-1.0102,0.271
4.7596,-17.4279,-6.1821,3.8494,-0.411,0.2845
6.3832,-16.2907,-1.1252,3.3149,0.9945,0.7432
6.3569,-16.0345,-0.3854,2.9759,1.5993,0.9741
5.9115,-14.8949,1.5275,2.7847,1.744,0.968
5.368,-14.1667,2.1835,2.7871,1.4753,0.8159
1.7046,-14.8518,-4.4556,2.8989,0.9762,0.5972
1.7046,-14.8518,-4.4556,3.0443,0.3861,0.3633
-0.7302,-15.0649,2.4109,2.3265,-2.5038,0.2252
-2.636,-15.0816,6.8525,1.8458,-4.6602,0.1922
-4.8051,-14.5235,2.6575,2.2544,-5.9411,0.1519
-6.4574,-13.6831,-1.2449,3.1982,-5.6803,0.1287
-4.7524,-11.7989,-3.7684,3.886,-4.0041,0.1873
-1.8459,-8.9881,-3.857,3.8818,-1.3407,0.618
0.0622,-5.3609,-4.1491,3.4053,-0.8148,0.7426
0.9026,-4.4603,-4.2042,2.9062,-1.0463,0.6473
1.3168,-3.043,-4.2664,2.489,-1.5069,0.4769
1.3383,-2.2481,-4.0701,2.1671,-1.8294,0.2741
0.1508,-1.4676,-3.5506,2.018,-2.1544,0.0719
0.1508,-1.4676,-3.5506,2.048,-2.0444,-0.3202
0.3064,-1.3335,-3.2513,2.048,-2.0444,-0.3202
0.0574,-1.3048,-3.1316,2.0217,-2.0945,-0.3947
0.1939,-1.2378,-3.359,1.8806,-2.1972,-0.4735
0.1939,-1.2378,-3.359,1.1787,-2.2662,-0.5548
0.4189,-1.1109,-3.6535,1.1787,-2.2662,-0.5548
0.1747,-1.1372,-3.4859,0.8177,-2.4018,-0.5028
-0.8259,-1.47,-2.4995,0.3827,-2.4934,-0.4118
-0.9121,-1.5753,-2.3391,-0.1193,-2.4122,-0.2292
-0.9409,-2.1404,-1.3838,-0.6562,-2.1397,0.045
-0.3327,-2.703,-0.1412,-1.1559,-1.7182,0.3718
0.3375,-2.7198,1.7788,-1.7265,-1.0884,0.8666
1.2617,-3.1172,3.7541,-2.0185,-0.7268,1.1201
2.9712,-4.7429,9.2538,-2.2567,-0.3664,1.3028
6.2635,-8.3201,16.1423,-2.3361,-0.0866,1.3889
9.1844,-14.8207,13.5706,-2.0948,-0.2283,1.362
8.3512,-17.5477,13.9632,-1.5041,-0.6242,1.1452
6.3401,-22.3792,18.8836,-1.1901,-0.9198,0.5422
4.7117,-25.3028,19.542,-1.0197,-0.7066,0.0798
1.0247,-19.3529,7.3935,-0.2543,-0.6419,-0.443
1.0366,-17.7488,5.9235,0.8751,-0.9864,-0.7063
1.0654,-10.2762,1.9321,1.734,-1.3749,-0.3898
2.3942,-2.9927,2.6479,1.963,-1.4495,0.0682
9.3496,-2.0805,7.02,1.6704,-1.3481,0.1769
9.3496,-2.0805,7.02,1.3015,-1.4708,0.2222
9.0743,-10.8149,6.8979,1.0638,-1.8416,0.2747
5.1621,-17.1837,8.2028,0.8103,-2.276,0.2081
4.2042,-29.2532,0.0119,0.5061,-2.2967,-0.0526
4.1754,-29.0114,-1.537,0.4915,-1.4818,-0.2518
-1.4748,-15.4168,-11.1046,0.9111,0.1216,-0.5163
-2.9041,-2.8706,-12.4716,1.351,1.7318,-0.738
-0.1388,4.9299,-13.7118,1.332,1.5266,-0.3239
-0.1388,4.9299,-13.7118,-0.8273,1.1845,1.0896
9.6058,-1.482,7.214,-0.8273,1.1845,1.0896
5.6482,-6.4263,4.961,-1.3233,0.2022,0.9674
-6.9458,-10.9705,-11.8132,-1.0069,-1.1691,0.5716
-8.9378,-12.6823,-11.9617,-1.3148,-0.2986,0.3828
-6.6513,-14.2074,-8.0783,-2.3997,2.7569,0.4665
-5.5117,-14.9499,-3.043,-3.2793,5.0818,0.6168
-3.3734,-15.7041,0.8523,-3.5603,5.4489,0.4366
-3.0765,-15.8382,0.8379,-3.2689,4.1515,0.3119
-0.7278,-15.9076,0.1244,-2.8108,2.3305,0.2515
0.3734,-14.1213,-0.0742,-2.3606,0.8473,0.092
0.3256,-10.8532,-0.9744,-2.0209,0.3843,-0.2041
0.4477,-10.439,-0.8858,-1.867,0.6836,-0.4961
0.6967,-9.5172,-0.802,-2.1669,1.2651,-0.6146
1.9105,-9.8284,-0.6991,-2.5261,1.5223,-0.4888
5.799,-9.6752,0.6536,-2.7851,1.8112,0.0426
5.799,-9.6752,0.6536,-2.8957,2.1814,0.7188
3.8307,-8.8803,1.6974,-2.9213,2.5663,1.0041
0.9935,-8.593,1.1204,-2.7863,2.5803,0.5025
-1.2952,-8.6673,-0.407,-2.5267,2.223,0.2338
-2.1667,-8.6744,-0.8355,-2.2543,1.8186,0.1525
-2.4684,-8.7558,-0.9026,-2.0539,1.4569,0.1873
-2.3008,-8.8875,-0.2609,-1.9421,1.0941,0.2277
-1.3311,-9.1365,0.7996,-1.9317,0.8186,0.2344
-0.9864,-8.8779,1.0965,-1.9635,0.9023,0.2802
-0.7541,-8.1908,1.3503,-2.0038,1.1845,0.3016
-0.5578,-7.5659,1.3024,-2.0148,1.5651,0.3107
0.7422,-6.8477,0.6296,-1.9635,1.934,0.3089
0.9026,-6.7519,0.3543,-1.8432,2.1704,0.2741
1.0749,-6.5604,-1.2306,-1.5915,2.1845,0.0713
1.0247,-6.4215,-2.4827,-1.5115,1.9102,-0.1088
0.9026,-7.2882,-1.2737,-1.5707,1.4362,-0.2707
0.8834,-7.4438,-1.0103,-1.688,0.8375,-0.3849
0.1987,-9.1246,0.9217,-1.7931,0.2395,-0.4521
-0.905,-9.941,1.7022,-1.812,-0.1807,-0.5212
-0.905,-9.941,1.7022,-1.7051,0.2658,-0.5322
-2.1595,-10.0631,2.3798,-1.6416,0.8332,-0.4161
-1.5873,-9.941,1.9752,-1.6416,0.8332,-0.4161
-0.3639,-10.2211,1.367,-1.4571,1.3103,-0.2548
-0.3758,-11.2267,1.391,-1.2347,1.471,-0.1449
-0.3758,-11.2267,1.391,-0.8206,0.2719,-0.3318
-4.0462,-12.3687,1.5849,-0.8206,0.2719,-0.3318
-4.7955,-13.1564,0.4668,-0.6446,-0.0671,-0.377
-4.7931,-15.2899,0.9145,-0.5371,0.1485,-0.3477
-4.7692,-16.1782,1.5227,-0.4736,0.8681,-0.3471
-3.1052,-16.9371,1.9177,-0.3478,1.5492,-0.2383
0.0742,-16.3027,3.5194,-0.2592,1.2596,0.1928
-1.6903,-13.7214,3.4548,-0.2885,0.3953,0.3474
-2.0781,-13.6783,3.055,-0.035,-0.1404,0.2661
-3.8546,-14.5642,2.5306,0.3827,-0.3432,0.2716
-5.0592,-15.9148,2.4588,0.7969,-0.2192,0.3596
-2.3367,-14.8326,0.7254,1.2587,-0.0115,0.4011
-2.3367,-14.8326,0.7254,1.9655,0.1656,0.4353
2.545,-12.8308,-0.4812,2.3968,0.1741,0.4805
6.2324,-11.6265,0.7589,2.7559,0.0697,0.5581
9.9434,-13.0846,-1.7429,3.0931,-0.2051,0.5636
9.7279,-13.2115,-2.2266,3.5006,-0.8288,0.4176
5.7918,-14.4349,-6.8381,3.985,-1.5472,-0.0752
4.3023,-15.6395,-7.937,3.9386,-1.3499,-0.2231
3.4883,-15.8334,-3.6822,3.566,-0.4837,0.0511
3.869,-15.819,-0.0766,3.1145,0.4802,0.2887
4.5465,-15.5916,1.6376,2.8512,0.8394,0.3718
4.3287,-15.3761,2.3415,2.9154,0.8711,0.3046
3.687,-15.4551,1.3383,3.2831,0.8711,-0.0539
4.1898,-16.0034,-3.8977,3.566,0.8455,-0.2457
1.7022,-15.2205,-4.6543,3.6832,0.6885,-0.3452
-1.0462,-13.8746,-0.5291,3.0418,-0.8319,-0.388
-0.7924,-13.3216,4.4843,2.2874,-2.6492,-0.2872
-1.3335,-13.221,3.7565,2.1561,-4.8049,-0.0704
-4.3023,-12.5507,-0.6799,2.839,-4.5148,-0.0826
-5.0879,-11.7318,-2.8347,3.3271,-3.5087,-0.0251
-1.9895,-8.8851,-3.4165,3.4279,-2.6211,0.2295
-1.8555,-8.6074,-3.4428,3.324,-1.8007,0.4897
0.0622,-6.297,-3.6942,3.1487,-1.37,0.6119
1.2856,-4.3239,-3.7373,2.8665,-1.3028,0.6186
0.5123,-2.7629,-3.4069,2.693,-1.505,0.4091
0.5243,-2.7078,-3.4117,2.602,-1.7903,0.1904
0.5123,-2.1547,-3.3399,2.5299,-1.9137,0.0957
0.3303,-1.7094,-2.9831,2.3271,-2.0811,0.1238
0.4237,-1.0749,-2.6503,1.9734,-2.1849,0.1391
0.6799,-0.9433,-2.5019,1.4652,-2.0072,0.1256
0.905,-0.7805,-2.3702,1.1836,-1.8441,0.0914
0.656,-0.5722,-2.4899,0.9301,-1.7885,0.0462
0.3447,-0.6847,-3.0071,0.6766,-1.83,0.0383
0.1699,-0.8451,-3.2178,0.387,-1.9186,0.1116
-0.2154,-1.1133,-3.4356,-0.1095,-1.874,0.2759
-0.1053,-1.0869,-3.1603,-0.4705,-1.7714,0.395
0.905,-1.7262,-0.4261,-0.8584,-1.6101,0.5526
0.9935,-1.8291,0.0909,-1.2683,-1.3847,0.7108
0.9217,-2.2625,2.9927,-1.663,-1.0884,0.8752
2.3846,-3.7636,8.2531,-2.0142,-0.7317,1.0261
12.5004,-12.4309,18.3377,-2.3178,-0.2051,1.2649
12.9792,-13.0606,17.8254,-2.1834,0.019,1.3248
12.4166,-19.5971,15.6826,-1.7204,-0.0219,1.0639
10.2355,-26.9452,21.3927,-1.4644,-0.8105,0.4213
4.5226,-28.9156,12.7901,-1.2268,-1.6174,-0.195
4.5226,-28.9156,12.7901,1.7663,-0.7867,-1.0966
-0.3351,-17.5764,4.9946,1.7663,-0.7867,-1.0966
-1.8914,-6.0935,1.4173,2.5861,-1.2412,-0.8297
0.7469,5.313,3.0741,2.671,-1.9253,-0.41
3.596,7.0033,4.9539,2.2135,-2.0658,-0.03
8.6625,-2.5857,4.1922,1.6191,-1.9974,0.1861
7.5204,-13.6352,7.8556,1.0681,-1.7109,0.3346
6.4766,-27.1487,6.6274,0.5886,-1.3584,0.1818
8.8516,-31.8078,3.2872,0.5984,-0.7647,-0.0038
2.5737,-25.1543,-5.6793,0.8818,0.6934,-0.2848
-5.459,-6.9602,-8.8827,1.2269,1.8736,-0.8901
-2.9305,5.1238,-14.9068,1.2306,0.7887,-0.9695
-1.5227,5.1741,-13.6041,0.5092,0.0996,0.1629
5.8924,0.9121,2.1164,-0.3814,1.1839,0.8226
9.0503,-4.0342,7.5659,-1.1724,1.2865,1.1397
-4.0701,-11.15,-9.103,-1.1242,0.1216,1.045
-5.8636,-11.4804,-9.8404,-1.06,-0.3389,0.7011
-6.6226,-13.664,-6.9386,-2.3966,2.5944,0.5074
-5.4686,-15.1822,-2.3463,-3.2897,4.7605,0.6748
-7.3002,-17.8852,-2.4109,-3.5695,5.5192,0.6748
-7.1781,-17.8613,-2.624,-3.2989,4.7745,0.5893
-4.5705,-16.1279,-2.7868,-2.889,3.3787,0.5795
-1.1971,-13.7334,-0.4764,-2.7198,1.9603,0.7536
1.0366,-10.8867,0.6536,-2.465,1.2462,0.7823
1.8483,-9.4142,0.8283,-2.2042,1.8259,0.5215
2.4516,-9.1389,-0.2202,-2.1516,2.2266,0.1629
3.3566,-9.5411,-0.1364,-2.3147,2.1735,-0.0844
5.1454,-10.1588,-0.1005,-2.6257,1.8479,-0.0325
6.2731,-9.668,0.5195,-2.7692,1.9493,0.549
6.3688,-8.3105,0.4213,-2.6617,2.4893,0.9277
4.3167,-7.1757,0.2106,-2.6019,2.8112,0.7664
-0.6177,-7.9298,-1.6232,-2.6562,2.6072,0.3168
-1.118,-8.0687,-1.5131,-2.6703,2.0751,-0.0936
-3.031,-8.7032,-0.7517,-2.5756,1.7343,-0.2848
-3.9791,-9.3688,0.1029,-2.1993,1.7147,-0.308
-3.0023,-9.7087,0.8906,-1.8957,1.675,-0.2603
-2.873,-9.692,0.8164,-1.6825,1.3561,-0.173
-2.5689,-9.1509,0.5554,-1.6507,0.9224,-0.0887
-1.7764,-8.7535,0.5291,-1.7619,0.8223,-0.0148
0.067,-7.8077,0.0766,-1.8951,1.4246,0.0933
0.067,-7.8077,0.0766,-1.9104,1.931,0.1715
0.8283,-7.7503,-0.7134,-1.809,2.1863,0.0957
0.486,-7.3193,-2.308,-1.6575,2.0904,-0.0789
0.4285,-6.9985,-1.707,-1.5829,1.7043,-0.2402
-0.2274,-7.123,0.2274,-1.7045,1.1045,-0.3202
-1.3311,-8.3728,2.533,-1.9592,0.2053,-0.4063
-2.4253,-9.6369,3.6511,-1.958,-0.185,-0.4295
-3.4739,-10.7574,3.6056,-1.8432,-0.1831,-0.4326
-3.347,-11.3775,3.3686,-1.7228,0.1534,-0.3898
-2.3367,-11.6935,3.1579,-1.6477,0.6518,-0.2927
-0.7589,-11.5259,3.1411,-1.5475,1.121,-0.1443
0.5219,-10.4438,3.7373,-1.2537,1.3537,0.0548
0.5219,-10.4438,3.7373,-0.746,0.7068,-0.14
-0.9528,-11.2123,2.9568,-0.746,0.7068,-0.14
-3.2393,-12.577,1.1994,-0.4412,0.3855,-0.366
-4.9371,-16.1375,-0.4381,-0.1382,0.2034,-0.5407
-4.9012,-16.2715,-0.2513,0.1274,0.7276,-0.6006
-4.9012,-16.2715,-0.2513,-0.0405,1.4649,-0.1266
-0.0478,-15.2396,4.7189,-0.0405,1.4649,-0.1266
-0.0478,-15.2396,4.7189,0.117,0.4533,0.1122
-0.237,-13.2953,3.845,0.117,0.4533,0.1122
-2.4756,-12.8427,2.8826,0.5605,0.1466,0.0358
-4.6208,-13.1923,3.5003,1.0388,-0.061,0.0578
-5.4566,-13.9896,3.0909,1.4078,0.0055,0.0957
-4.985,-13.5227,2.1284,1.9368,0.168,0.1482
-2.8395,-13.2713,0.6105,2.4719,0.3647,0.2002
0.3256,-12.3855,-2.1092,2.8726,0.4185,0.246
6.7878,-12.9433,-1.1731,3.233,-0.0469,0.3089
8.2171,-14.1165,-0.9337,3.3033,-0.5918,0.3572
7.3912,-14.9332,-5.3537,3.5446,-1.0109,0.2362
5.1526,-15.2444,-8.514,3.806,-1.0823,0.0212
5.4925,-16.3218,-2.1739,3.5916,-0.6138,-0.0099
5.5021,-16.2189,-1.0582,3.0748,0.2645,0.29
5.7775,-16.0417,1.2665,2.7187,1.2285,0.7939
5.7679,-15.7855,1.5346,2.8671,1.1368,0.8648
4.8988,-15.5198,-1.3192,3.0699,0.9285,0.7139
4.5729,-15.5676,-2.0087,3.2452,0.8174,0.45
1.5562,-15.0529,-3.3758,3.3656,0.6194,0.191
-1.5801,-14.4852,-1.1611,3.0027,-0.4776,-0.0239
-2.8467,-15.4551,5.4902,2.0877,-3.2973,-0.0386
-3.0358,-15.3977,5.1502,1.9429,-5.1556,0.0762
-5.2986,-14.7177,1.0079,2.5983,-5.6504,0.1085
-5.89,-13.3,-2.2912,3.2752,-4.6828,0.1562
-3.0071,-10.5276,-3.4021,3.5574,-3.0762,0.4231
-1.7142,-8.0208,-3.8905,3.1854,-1.5686,0.9033
0.1053,-5.3633,-4.3239,2.7633,-1.4812,0.9955
1.6759,-3.5697,-4.2568,2.3803,-1.739,0.9546
1.3694,-2.4732,-3.8115,2.117,-2.1067,0.7701
0.9911,-2.3726,-3.7421,2.0162,-2.4299,0.4604
0.7924,-2.1787,-3.6391,2.0693,-2.5056,0.1818
0.9409,-1.5849,-3.3494,2.1561,-2.2772,-0.0624
1.221,-0.8523,-2.4756,2.0852,-2.1025,-0.1162
1.221,-0.8523,-2.4756,1.5935,-2.199,-0.1919
1.1779,-0.9313,-2.4396,1.5935,-2.199,-0.1919
0.8595,-1.1587,-2.5617,1.2789,-2.2112,-0.2041
0.1867,-1.482,-2.703,0.7431,-2.2662,-0.1076
0.1867,-1.482,-2.703,0.3754,-2.2613,0.0383
-0.2513,-1.7501,-2.77,-0.013,-2.2259,0.2374
-0.4884,-2.0087,-2.6336,-0.4095,-2.1819,0.4543
-0.055,-2.2601,-0.869,-0.7864,-2.0835,0.6736
0.0239,-2.2505,-0.6871,-1.1303,-1.874,0.8746
0.6248,-2.363,1.5394,-1.5811,-1.3792,1.1458
1.6496,-3.3231,4.9754,-1.8316,-0.94,1.3144
5.1526,-6.9099,12.6033,-2.002,-0.5197,1.4555
8.7798,-10.7167,17.1359,-2.0166,-0.1868,1.4708
10.8939,-16.2596,15.2133,-1.7839,-0.1104,1.2991
9.3328,-21.4167,17.5237,-1.4033,-0.4147,0.8684
7.9155,-28.4368,20.1094,-1.4088,-1.4091,0.1531
4.3071,-28.3266,16.5038,-0.8212,-1.8221,-0.3416
0.1053,-21.024,8.933,0.4127,-1.8826,-0.8834
-0.5386,-13.2162,3.8762,1.7059,-1.6718,-0.7857
1.5394,2.6527,2.0111,2.3674,-1.6223,-0.374
1.8698,4.2904,2.5857,2.1579,-1.3108,0.0474
3.96,6.886,5.0376,1.5458,-1.1807,0.1831
8.6816,-1.2521,4.8003,1.0394,-1.4537,0.2814
4.5178,-13.9944,4.5465,0.8354,-1.7958,0.4213
4.3526,-16.8342,5.574,0.4933,-2.0634,0.348
7.0081,-27.8263,2.8682,-0.1211,-2.1129,0.2918
8.1118,-32.6434,0.6344,-0.3148,-0.6113,0.0914
-2.4947,-7.0799,-7.5611,0.0516,1.5315,-0.5731
-2.4947,-7.0799,-7.5611,0.8372,1.9139,-1.005
-1.6543,1.0917,-14.0614,1.2587,0.4808,-0.7625
3.019,3.5841,-9.7877,0.9288,0.4502,-0.0765
9.668,-1.2114,5.9211,-0.5964,1.4044,0.7738
7.8915,-4.2592,6.1055,-1.2457,0.4423,0.9295
-1.4891,-8.1022,-6.2587,-1.1425,-0.904,0.6785
-9.1413,-10.494,-11.6241,-1.2335,-0.5949,0.4598
-7.0967,-13.0319,-7.0608,-2.173,2.1466,0.4915
-5.8038,-13.64,-4.4292,-3.2323,5.0507,0.7255
-4.7548,-15.029,-0.893,-3.8077,6.3744,0.7328
-3.9145,-16.5924,0.4237,-3.5805,5.3671,0.5557
-3.9145,-16.5924,0.4237,-2.5823,1.4276,0.2264
-1.3718,-15.3594,0.8906,-2.5823,1.4276,0.2264
-0.3806,-13.0223,0.5075,-2.115,0.1253,0.0389
0.0957,-10.5276,-0.3806,-1.5805,0.2957,-0.1656
1.1444,-9.1796,-0.9552,-1.611,0.7929,-0.2469
1.1444,-9.1796,-0.9552,-2.5322,1.1717,-0.0453
2.4827,-9.5028,-0.3567,-2.5322,1.1717,-0.0453
3.4476,-9.5747,0.3016,-2.7857,1.5174,0.4482
0.8619,-9.0719,0.4836,-2.8541,1.8974,0.9161
0.6224,-9.0719,0.4764,-2.7833,2.3378,0.8917
-0.6368,-9.1293,-0.1101,-2.6745,2.3189,0.6809
-0.9624,-8.9163,-0.4692,-2.5255,2.1875,0.56
-0.4477,-8.1286,0.1101,-2.3508,2.0538,0.4977
0,-8.0543,0.395,-2.2023,1.755,0.436
0.3615,-8.2818,0.541,-2.068,1.2944,0.3443
0.2202,-8.3464,0.3974,-1.9012,0.686,0.2105
-0.4405,-7.9849,-0.0454,-1.8572,0.5626,0.1861
-0.7493,-7.8269,-0.1484,-1.8419,0.8583,0.1922
-0.8906,-7.6761,-0.1675,-1.8199,1.4557,0.202
-0.2561,-7.7551,-0.6967,-1.7601,2.0599,0.2026
1.1133,-7.3241,-2.4349,-1.567,2.6023,0.1122
1.2473,-7.2954,-2.4947,-1.4485,2.6145,0.0059
1.9321,-6.9961,-2.1021,-1.4583,2.1411,-0.0905
1.9321,-6.9961,-2.1021,-1.7356,0.1863,-0.2322
-1.1468,-10.1134,3.0526,-1.7356,0.1863,-0.2322
-1.3982,-10.2283,3.1004,-1.7778,-0.6517,-0.3141
-3.3901,-11.0112,2.9735,-1.6978,-0.9437,-0.4082
-4.3598,-11.4254,2.624,-1.7405,-0.4666,-0.3654
-1.4149,-10.427,2.9927,-1.8236,0.496,-0.2133
-1.4149,-10.427,2.9927,-1.7497,1.6652,0.0267
0.2011,-10.2259,2.6048,-1.4687,2.4148,0.1715
0.0909,-11.2793,2.6815,-1.0215,1.9401,-0.0227
-2.806,-12.6656,1.0989,-0.6709,0.9566,-0.3306
-4.0869,-14.071,-0.5171,-0.2958,-0.0072,-0.5823
-5.21,-15.9004,-0.1125,-0.0888,-0.2216,-0.6305
-5.1502,-16.7647,1.7693,-0.1034,0.5156,-0.5749
-0.96,-15.2205,4.4987,-0.159,1.5895,-0.3098
1.6591,-13.9537,6.0719,-0.327,1.7654,0.2716
2.3223,-12.8619,5.0209,-0.2604,1.1521,0.3419
0.62,-12.1939,2.6264,0.1952,0.6585,0.18
-4.4508,-13.889,4.0102,0.61,0.1711,0.0652
-4.6543,-14.296,4.4196,0.8971,-0.2503,0.0346
-5.3369,-15.0433,4.6399,1.194,-0.502,0.0713
-4.7692,-14.3679,3.213,1.9875,-0.3774,0.0407
0.0646,-13.6113,-1.6735,2.569,-0.0371,0.0352
0.0646,-13.6113,-1.6735,3.0302,0.2413,0.0841
4.8195,-13.1181,-1.0749,3.3045,0.1827,0.2063
6.9985,-14.1524,-2.3726,3.3528,-0.3585,0.2411
3.9839,-15.2732,-9.6297,3.7339,-0.6883,0.1348
3.9839,-15.2732,-9.6297,3.7016,-0.6297,0.089
4.6495,-16.5588,-5.5835,3.1872,-0.2192,0.2924
4.4053,-16.6905,0.0311,2.6924,0.4618,0.6522
5.0281,-15.9818,1.5155,2.5751,0.7954,0.8904
5.1621,-15.2277,1.5634,2.8641,0.6708,0.9491
4.525,-14.569,1.5777,3.3802,0.4704,0.6204
5.1454,-15.5916,-2.4085,3.6283,0.4258,0.3077
2.1428,-14.8087,-2.1859,3.7138,0.1784,0.0493
2.1428,-14.8087,-2.1859,2.657,-2.7439,-0.1919
-0.5195,-14.0375,3.7804,2.657,-2.7439,-0.1919
-1.051,-13.8794,6.2491,2.1805,-5.582,-0.1327
-5.1238,-12.9289,-1.6759,2.5983,-6.1684,-0.1693
-5.4854,-12.7853,-2.4396,3.2404,-4.9418,-0.1968
-4.7165,-11.8276,-3.4668,3.5146,-3.1916,-0.005
-2.7772,-9.6585,-3.3614,3.3271,-1.8355,0.3681
0.6177,-4.2305,-4.3766,2.9801,-1.3737,0.7096
0.7158,-4.0007,-4.4053,2.5886,-1.6859,0.8202
0.9097,-2.7461,-4.4412,2.4023,-1.9186,0.6663
0.7015,-1.7405,-3.9456,2.2245,-2.1648,0.4182
-0.3423,-1.0486,-3.7134,2.0895,-2.3206,0.1934
-0.3878,-1.0366,-3.6846,2.0443,-2.3774,-0.0166
-0.1173,-1.2617,-3.6655,1.9985,-2.2106,-0.1779
0.3423,-1.0965,-3.4859,1.8476,-2.155,-0.3061
0.9744,-1.5394,-3.9647,1.6607,-2.1923,-0.3324
1.2569,-1.4532,-4.1323,1.4304,-2.2778,-0.3202
1.3934,-1.4101,-4.0078,1.1481,-2.4452,-0.2646
0.9169,-1.4556,-3.5003,0.7914,-2.6022,-0.132
0.2657,-1.9393,-2.5163,0.1017,-2.4745,0.2069
0.0119,-2.2409,-2.0207,-0.4223,-2.2485,0.4696
0.0454,-2.6503,-0.6296,-0.8835,-1.9052,0.7389
0.9385,-2.7198,1.209,-1.2433,-1.4488,1.0053
3.1292,-4.3526,6.9865,-1.5304,-0.9259,1.2484
3.5769,-4.8988,8.0855,-1.7741,-0.3633,1.4482
6.8405,-8.5452,13.4533,-1.9433,0.3012,1.5887
10.6185,-13.312,14.1308,-1.7723,0.38,1.5263
9.2347,-21.5077,17.7655,-1.4363,0.0996,1.2906
8.8253,-22.4725,18.6346,-1.3019,-0.4342,0.855
5.8062,-24.9628,18.886,-1.1492,-0.9455,0.3321
2.8538,-21.3281,14.5714,0.1072,-1.5276,-0.4045
1.8219,-8.0065,5.1286,1.3681,-1.604,-0.5529
1.8219,-8.0065,5.1286,2.2532,-1.5356,-0.4363
3.5098,-1.9728,5.0592,2.3045,-1.0646,-0.2011
6.3521,-0.0981,4.7189,1.8409,-0.6046,0.0804
6.3521,-0.0981,4.7189,0.6876,-1.7201,0.1403
7.949,-14.569,7.8341,0.6876,-1.7201,0.1403
5.2052,-23.6744,10.2786,0.4182,-1.841,-0.1229
2.8131,-29.4136,7.7814,0.4249,-1.6352,-0.4204
-2.4947,-17.4806,-5.8493,0.792,-1.0115,-0.7203
-5.234,-6.3976,-13.2617,1.3613,-0.196,-0.9225
-4.7333,4.1754,-16.7312,1.6552,0.4997,-0.7887
1.1324,8.8061,-15.8909,0.9099,0.9249,0.0591
12.838,-1.2401,10.1588,-0.2329,2.0983,0.8507
13.4413,-2.9999,14.3439,-1.2592,2.6848,1.1482
8.0041,-10.1612,5.89,-1.465,1.2731,1.0187
-7.1038,-14.3032,-12.6632,-0.7314,-1.4476,0.5917
-9.3712,-17.0568,-7.7575,-1.5622,0.4081,0.3284
-8.854,-17.1694,-6.7974,-3.272,4.9755,0.811
-6.1462,-17.337,0.6153,-4.1571,7.1594,1.0792
-4.7333,-17.6027,2.0566,-4.0985,6.4996,0.9027
-2.0135,-13.3431,-0.0454,-3.4766,4.24,0.7096
-1.8339,-12.984,-0.1292,-2.7772,1.774,0.5245
0.6272,-10.846,-0.7493,-1.9855,-0.3358,0.2808
1.7908,-8.6266,-1.0582,-1.7051,-0.188,0.1385
2.0757,-7.6449,-1.6567,-1.6972,0.5303,-0.0923
2.557,-8.4087,-1.5729,-1.9378,1.1607,-0.3312
4.1922,-9.6441,-1.1683,-2.3593,1.5461,-0.2897
4.671,-10.1205,-0.5817,-2.8871,1.9481,0.2319
3.4931,-8.9474,-0.3495,-3.0362,2.4392,0.552
2.3247,-8.5212,-0.1675,-3.0215,3.08,0.7762
0.723,-8.7654,-0.4932,-3.0356,3.3714,0.6827
-0.96,-9.4358,-0.6105,-3.0539,3.1655,0.4805
-2.636,-9.4957,0.5722,-3.0056,2.584,0.2863
-2.6719,-9.3209,0.5937,-2.7191,1.8381,0.2057
-2.1667,-8.4254,0.8283,-2.429,1.3213,0.2099
-1.5538,-7.8556,0.7254,-2.1437,0.7202,0.1977
-1.8291,-7.9873,-0.9361,-1.9256,0.2609,0.1391
-2.0159,-8.0065,-1.0678,-1.8493,0.2822,0.0719
-2.3535,-8.1549,-1.4891,-1.9953,1.3183,0.0737
-1.6304,-8.2818,-1.5586,-2.0912,2.2963,0.1476
1.4413,-8.0017,-2.047,-2.0533,3.033,0.1977
1.6017,-7.9538,-2.0614,-1.8755,3.2889,0.1861
3.134,-7.688,-1.2545,-1.6752,3.0085,0.1104
3.0717,-7.6378,1.0917,-1.6471,2.0806,-0.0093
1.0941,-9.2945,4.6662,-1.878,0.0208,-0.2866
-0.3064,-10.3743,4.8003,-1.8505,-0.998,-0.4088
-3.019,-11.241,3.8594,-1.6825,-1.2925,-0.4729
-4.8769,-11.2602,3.5146,-1.644,-0.8588,-0.4833
-4.8769,-11.2602,3.5146,-1.801,1.6378,-0.0062
-0.9744,-10.2977,4.1898,-1.801,1.6378,-0.0062
0.8355,-9.6848,3.4668,-1.3844,2.846,0.2619
0.3758,-10.3025,2.3774,-0.9886,2.5266,0.1036
-5.3441,-12.7589,0.8738,-0.6599,1.463,-0.2432
-6.0432,-13.1277,0.3471,-0.3374,0.2816,-0.6207
-7.4893,-15.4384,-1.312,-0.0484,-0.3499,-0.8358
-6.7687,-16.6498,0.4022,0.0553,0.7135,-0.6904
0.2298,-15.9244,5.1693,-0.0833,1.8888,-0.3599
0.2298,-15.9244,5.1693,-0.2213,1.3256,0.3254
1.2641,-14.6911,5.4542,-0.2213,1.3256,0.3254
-1.0797,-14.2769,3.4524,0.1524,0.4722,0.2454
-1.0797,-14.2769,3.4524,1.1488,-0.4214,0.2386
-6.4287,-14.8566,3.2249,1.1488,-0.4214,0.2386
-6.6178,-16.0656,2.8036,1.5922,-0.2729,0.3358
-4.8075,-14.938,1.3982,2.1323,-0.1611,0.3969
-1.0965,-13.5921,-1.118,2.6008,-0.1001,0.447
2.8036,-12.4716,-1.3982,2.9398,-0.0866,0.4818
6.9746,-12.9984,-0.8068,3.2538,-0.4232,0.5697
8.0208,-14.0853,-4.5106,3.5592,-0.6657,0.5141
5.7032,-15.0697,-9.9003,3.8433,-0.7659,0.3132
6.1797,-15.922,-8.8468,3.668,-0.601,0.1715
7.3912,-16.3338,-2.8491,3.1396,0.0061,0.4451
6.8884,-16.3338,1.8148,2.712,0.7679,0.8801
6.807,-14.8685,1.7357,2.7932,0.5248,0.9967
6.6466,-14.7177,1.6448,3.1823,0.0269,0.7353
5.5309,-14.6121,1.0414,3.4945,-0.1587,0.3205
4.8267,-15.4312,-2.3726,3.6948,-0.1789,-0.0258
-0.5434,-14.4588,0.7517,3.7657,-0.2833,-0.2487
-1.6974,-14.3822,1.628,3.4047,-1.3059,-0.3562
-3.1507,-14.5163,5.7056,2.7859,-3.7964,-0.3868
-4.2784,-13.8531,4.0198,2.759,-5.2533,-0.2518
-6.3066,-13.1899,-3.0071,3.1664,-4.8416,-0.1638
-6.1462,-13.0439,-2.9879,3.4841,-3.2411,0.0145
-3.9408,-10.573,-2.7533,3.3186,-1.9766,0.4225
-1.1109,-7.6737,-3.4189,2.7388,-1.3743,0.8978
0.5434,-4.1419,-4.4795,2.4969,-1.6327,0.9405
1.0223,-3.2297,-4.4675,2.3479,-1.8813,0.7506
0.5698,-2.7174,-4.2137,2.233,-1.9687,0.4659
0.2035,-2.2433,-4.118,2.1817,-2.0823,0.2044
-0.1723,-1.4939,-3.4428,2.1597,-2.1147,0.0346
-0.2705,-1.1947,-3.2321,2.0638,-2.1135,-0.0514
0.2202,-0.5219,-2.8419,1.9215,-2.2705,-0.0502
0.4788,-0.0478,-2.4301,1.6863,-2.469,-0.0093
0.6368,-0.8738,-3.0406,1.409,-2.5191,0.0065
0.6296,-1.0654,-3.1675,1.117,-2.6046,0.023
0.2346,-1.6711,-3.711,0.6705,-2.8135,0.1079
-0.2681,-1.944,-4.0988,0.3662,-2.8141,0.1971
-0.6081,-2.2409,-3.3183,0.0156,-2.7243,0.3339
-0.577,-2.2242,-3.1914,-0.3795,-2.5655,0.5196
0.0646,-2.1236,-1.786,-0.7803,-2.2741,0.7469
0.9265,-1.9728,0.316,-1.1773,-1.8239,1.0199
