correr
-3.5763,3.1549,10.758,-0.13,-0.3545,-0.0482
-3.5763,3.1549,10.758,-0.1812,-0.7029,-0.0758
-3.6724,2.7021,12.2672,-0.1535,-0.4813,-0.0268
-3.6891,2.1033,13.3692,-0.0981,-0.1436,0.0476
-3.6409,1.4661,13.5128,-0.0981,-0.1436,0.0476
-3.6409,1.4661,13.5128,0.0063,0.5061,0.1808
-3.7011,1.5427,13.06,-0.0118,0.8832,0.2149
-3.8016,1.9258,11.2754,-0.0118,0.8832,0.2149
-3.55,2.2541,10.128,-0.0821,1.2006,0.2447
-3.55,2.2541,10.128,-0.2163,1.2571,0.3171
-4.6184,1.4446,8.9686,-0.2163,1.2571,0.3171
-4.6184,1.4446,8.9686,-0.2792,0.6286,0.5238
-4.8701,2.5656,10.4898,-0.2792,0.6286,0.5238
-4.8701,2.5656,10.4898,0.0042,0.3889,0.6761
-4.3694,2.0817,10.0825,0.1565,-0.0211,0.7155
-3.4949,2.2709,9.7638,0.1565,-0.0211,0.7155
-3.4949,2.2709,9.7638,0.3387,-0.4472,0.5962
-2.5393,2.3642,9.5507,0.3845,-0.542,0.4364
-1.9931,2.2278,9.2898,0.4154,-0.6443,0.2681
-1.8204,2.6806,8.7627,0.4154,-0.6443,0.2681
-2.0673,2.9152,9.1362,0.4367,-0.7476,0.103
-2.0745,3.066,9.4885,0.4718,-0.8488,-0.0609
-1.9282,3.1262,9.8766,0.5283,-0.9212,-0.2282
-1.9282,3.1262,9.8766,0.671,-1.2152,-0.5914
-1.2096,2.7428,9.7877,0.671,-1.2152,-0.5914
-1.6169,0.5198,8.3434,0.7115,-1.3111,-0.8099
-1.4685,-0.1747,6.3144,0.6977,-1.3974,-0.9463
-1.4685,-0.1747,6.3144,0.4015,-2.4542,-0.8696
-1.581,0.5725,7.1434,0.4015,-2.4542,-0.8696
-3.3848,-0.1699,5.3034,-0.293,-1.1801,-1.0283
-3.3848,-0.1699,5.3034,-1.354,0.8704,-0.4487
-9.4837,3.2196,6.0749,-1.354,0.8704,-0.4487
-4.3023,2.7428,9.6776,-1.7822,0.5327,0.1776
-4.3023,2.7428,9.6776,-1.6618,0.9716,0.5781
0.831,1.4493,10.4539,-1.6618,0.9716,0.5781
-0.9319,2.0961,10.9738,-1.2198,0.8853,0.3683
-2.211,2.4193,9.8045,-0.6999,0.9322,0.2106
-2.8865,2.0769,9.0788,-0.1247,0.7852,0.1446
-2.8865,2.0769,9.0788,0.8553,-0.1404,0.038
-2.7524,0.5557,5.5431,0.8553,-0.1404,0.038
-2.7524,0.5557,5.5431,0.9022,-1.6009,0.4077
-3.2674,0.4911,4.1847,0.752,-2.5522,0.9083
-4.4005,2.5151,14.5908,0.752,-2.5522,0.9083
-1.0348,2.4408,11.5654,0.8319,-2.1933,1.2907
-1.0348,2.4408,11.5654,1.0226,0.08,1.0287
-0.2442,2.6997,10.1328,1.0226,0.08,1.0287
-0.5557,3.1621,8.3865,0.9384,0.522,0.7975
-0.3067,3.6002,8.0223,0.7595,0.6616,0.7528
-0.3067,3.6002,8.0223,0.5123,0.5881,0.5824
-0.2705,4.7165,6.9395,0.5123,0.5881,0.5824
-0.503,4.7237,7.1912,0.4058,0.2238,0.381
-0.2513,4.288,8.377,0.3653,-0.3918,0.2468
0.3977,3.5763,11.3281,0.3994,-1.3058,0.25
1.1258,2.8505,12.2074,0.6668,-1.9343,0.1989
-0.0023,2.1009,10.0706,1.0492,-1.9982,0.0039
-4.0099,1.7917,6.7624,1.1589,-1.7809,-0.1983
-3.9716,2.4289,5.5431,0.687,-1.0363,-0.1323
0.2876,3.0756,8.1061,-0.2003,-0.2406,0.2884
2.5608,3.5284,11.6181,-0.8448,0.0256,0.5408
2.4744,3.4326,12.5067,-0.9077,-0.036,0.446
2.4744,3.4326,12.5067,-0.4155,-0.7529,0.0359
1.2312,3.0349,10.5234,-0.4155,-0.7529,0.0359
1.5307,2.9248,11.7235,-0.3708,-1.26,-0.0364
2.2661,2.46,14.5429,-0.4336,-1.669,-0.0886
2.4456,1.7199,16.4305,-0.3963,-1.9247,-0.1707
1.7845,1.4206,15.585,-0.1812,-1.8086,-0.2463
0.7089,1.5283,13.2734,0.0777,-1.4038,-0.2974
-0.079,1.5092,11.3592,0.2375,-1.0693,-0.291
-0.079,1.5092,11.3592,0.1459,-0.5676,-0.1323
0.2801,1.8228,10.4276,0.1288,-0.5037,-0.1003
1.6433,2.3163,10.6598,0.1288,-0.5037,-0.1003
1.6433,2.3163,10.6598,0.3142,-0.6198,-0.1983
1.9617,2.2421,10.3627,0.3866,-0.7114,-0.2591
2.8051,2.9296,9.2057,0.3866,-0.7114,-0.2591
2.6806,2.908,9.1147,0.3952,-0.819,-0.3954
2.6806,2.908,9.1147,0.3014,-0.7433,-0.6053
2.3451,2.8075,9.1865,0.2098,-0.5868,-0.6149
1.2886,2.817,8.9734,0.2098,-0.5868,-0.6149
1.2886,2.817,8.9734,-0.113,0.375,-0.5424
0.3833,2.4672,9.1195,-0.1588,1.0515,-0.3464
-0.9056,2.1631,9.9628,-0.0874,1.6906,-0.0087
-1.7366,1.7558,9.2945,-0.0352,2.2626,0.3555
0.7065,1.8468,8.6188,-0.0352,2.2626,0.3555
1.8037,2.5848,9.0381,-0.0011,2.6761,0.5706
1.8037,2.5848,9.0381,0.2077,3.1213,0.462
1.9042,2.5896,9.0883,0.3089,3.1597,0.3683
-0.3737,2.6806,9.22,0.3089,3.1597,0.3683
-1.0923,4.0626,9.3879,0.3408,3.1118,0.3715
2.1248,3.38,8.3818,0.4271,3.0159,0.4812
-0.8672,4.616,7.8667,0.5038,2.9211,0.3523
-3.7538,5.6676,6.9755,0.4122,3.149,0.0817
-3.7538,5.6676,6.9755,-0.4336,4.5552,0.3246
-3.5452,4.9826,6.3958,-0.8746,5.238,0.5014
-3.7585,4.0937,6.1061,-1.371,6.0848,0.6612
1.5092,-1.5762,4.985,-1.371,6.0848,0.6612
0.3306,1.7989,4.0818,-1.9516,6.806,0.6292
-4.343,5.3779,9.3352,-2.6046,6.6451,0.5334
-8.6978,5.4306,15.9585,-2.9668,5.3061,0.3065
-8.6978,5.4306,15.9585,-0.6083,3.2087,0.5131
-6.6762,2.7524,16.3993,0.769,2.2296,0.6825
-7.2439,3.186,6.13,0.769,2.2296,0.6825
-7.3923,2.3953,3.2363,1.4124,1.3646,0.8306
-7.3923,2.3953,3.2363,0.6838,1.3785,0.7549
-7.0308,1.3988,7.3349,1.1302,2.2286,0.6228
-5.9385,1.1713,13.8028,2.7504,2.8433,0.3416
-5.155,4.7165,14.9981,2.7504,2.8433,0.3416
-5.155,4.7165,14.9981,5.4978,2.5621,0.0263
-4.3287,1.2144,7.644,5.4978,2.5621,0.0263
-7.9625,2.9248,-2.5079,6.2455,2.7475,0.0135
-12.4396,4.3909,-17.8583,6.1284,2.0645,0.2766
-6.8629,2.2445,-11.7163,3.8412,-0.7433,1.1501
-4.1536,4.1296,1.0564,0.8383,-1.5455,1.8063
-8.5374,4.0937,6.2282,-1.175,-0.5207,1.6401
-8.5374,4.0937,6.2282,-2.6131,1.778,1.8234
-9.8264,3.2435,6.9779,-2.9284,2.4448,2.2601
-9.1913,2.6135,8.8082,-2.9284,2.4448,2.2601
-8.9758,1.6457,8.4847,-3.1841,3.3259,2.7778
-8.075,1.7103,12.4253,-3.4994,4.1312,3.3498
-5.9026,5.076,21.0731,-3.5154,5.0026,3.8079
-5.9648,9.1889,19.3529,-2.3383,6.414,3.696
-8.7148,10.9136,7.0715,-0.0118,7.2716,2.9749
-10.4683,8.5086,3.0062,1.3954,6.0507,2.9269
-7.4618,5.591,-0.0646,1.4029,6.087,2.9493
-3.5643,5.8232,2.7572,0.6987,6.9626,3.0036
-3.7226,7.0404,5.9337,-0.1844,7.1351,2.8257
-3.7226,7.0404,5.9337,-0.3239,8.7246,2.2005
-6.4894,7.2176,2.5151,-0.3239,8.7246,2.2005
-6.4823,7.3421,1.1067,-0.342,9.7376,2.2484
-6.4823,7.3421,1.1067,-0.8959,11.3355,2.4923
-3.84,8.4248,2.4791,-0.8959,11.3355,2.4923
-1.7127,8.722,2.1631,-1.0078,12.0919,2.5392
-1.7127,8.722,2.1631,-0.2877,12.8259,2.3102
6.0725,16.5095,-32.7939,-0.2877,12.8259,2.3102
7.8428,11.1486,-15.7813,-0.2142,7.9172,1.6146
5.9887,6.6091,-5.8472,-0.9748,1.959,0.1808
5.9887,6.6091,-5.8472,-2.35,2.9317,-1.2232
-6.5996,7.3062,-14.5573,-2.35,2.9317,-1.2232
-6.5996,7.3062,-14.5573,-4.5135,3.8574,-1.3362
-7.9074,2.5872,-4.0052,-4.5135,3.8574,-1.3362
-8.904,2.1344,-2.46,-4.3718,3.3099,-1.0571
-8.8058,2.8362,-1.3964,-4.0757,2.6729,-0.6617
-8.0463,3.3704,-1.2695,-3.8935,2.5076,-0.1834
-6.209,3.7394,-0.4001,-3.9212,2.9839,0.2415
-4.5489,4.5274,-0.5437,-3.9649,3.4537,0.4971
-3.1262,5.3154,-0.7065,-3.9095,3.6454,0.5951
-2.5489,5.2819,-0.618,-3.8296,3.5666,0.5355
-3.3464,5.0592,-0.3211,-3.7518,3.3248,0.4109
-3.3464,5.0592,-0.3211,-3.6325,2.577,0.4002
-5.2268,4.9922,0.0071,-3.6325,2.577,0.4002
-5.2268,4.9922,0.0071,-3.6006,1.7077,0.6676
-6.1755,5.4258,1.1402,-3.6006,1.7077,0.6676
-5.972,5.7107,1.854,-3.657,1.5585,0.854
-5.0736,5.8137,2.9942,-3.6123,1.3327,1.1001
-4.5537,6.1899,4.8222,-3.4983,1.0142,1.311
-3.5547,6.1492,7.2463,-3.3034,0.6935,1.409
-1.7462,5.1885,24.4412,-3.0083,0.4901,1.4175
-1.7462,5.1885,24.4412,-0.7873,1.2176,1.327
1.5978,9.4502,11.0384,-0.7873,1.2176,1.327
2.5608,9.4741,7.3109,-0.1226,1.3966,1.099
2.2852,8.5757,5.3372,0.392,1.0696,0.6367
2.2613,8.2285,3.7155,0.7318,0.6009,0.1264
1.1857,8.9878,1.4948,0.8798,0.4283,-0.3336
1.1857,8.9878,1.4948,0.8053,0.4027,-1.2009
-0.9056,9.4885,-0.527,0.6902,0.1758,-1.4278
-5.2795,9.1697,-1.3892,0.6902,0.1758,-1.4278
-8.286,8.8346,-0.5988,0.5315,-0.0733,-1.4832
-10.8418,8.9351,0.0909,0.3334,-0.085,-1.3511
-10.8418,8.9351,0.0909,0.0862,0.081,-0.5659
-11.0911,12.7392,-1.6983,0.0862,0.081,-0.5659
-11.0911,12.7392,-1.6983,-0.0725,-0.0414,0.1499
-10.2884,12.3223,-0.0766,-0.0725,-0.0414,0.1499
-8.4703,11.6397,0.7329,0.0319,-0.8382,0.593
-8.4703,11.6397,0.7329,0.2748,-0.7913,1.0031
-4.2568,11.9126,-0.1843,0.2748,-0.7913,1.0031
-3.4949,11.1174,-0.2657,0.4271,-0.7263,0.8497
-3.4949,11.1174,-0.2657,0.7605,-0.4419,0.5334
-6.4173,8.6116,-1.66,0.7605,-0.4419,0.5334
-6.7217,7.7637,-1.0085,0.834,-0.1543,0.5376
-6.7217,7.7637,-1.0085,0.8713,1.0344,0.4407
-4.3263,8.2094,-2.4097,0.8713,1.0344,0.4407
-4.3263,8.2094,-2.4097,0.5166,1.8014,0.0934
-0.7712,8.5015,-3.4255,0.2812,1.3817,-0.3134
1.7773,8.4344,-1.5403,0.2812,1.3817,-0.3134
0.5868,7.826,0.8672,0.0607,0.832,-0.6745
-0.9941,7.7111,2.8505,-0.0715,0.3292,-0.974
-1.3581,8.0056,3.5188,-0.0651,0.0555,-1.1412
-1.0468,8.4153,3.1262,0.049,-0.0169,-1.2147
-1.6624,8.3578,2.568,0.1896,-0.035,-1.318
-3.38,7.7087,2.3259,0.3238,0.0054,-1.4118
-4.0219,7.4115,2.0147,0.4697,0.0949,-1.3436
-4.9491,6.6498,0.5796,0.6604,0.1684,-1.0666
-4.9491,6.6498,0.5796,0.7318,0.5838,-0.2985
-6.2713,6.3575,-1.6217,0.5347,0.6499,0.0487
-4.6112,7.4857,-4.5322,0.5347,0.6499,0.0487
-4.6112,7.4857,-4.5322,-0.0853,0.4027,0.2841
-3.9932,7.3995,-4.7333,-0.4113,0.0054,0.3459
-3.6867,6.7528,-3.6457,-0.6382,-0.33,0.3214
-2.8697,6.9419,0.3594,-0.6382,-0.33,0.3214
-3.3608,7.1074,1.5714,-0.75,-0.3247,0.168
-4.1967,7.0236,1.7319,-0.6999,-0.3119,0.0242
-3.1214,6.8797,1.6816,-0.5636,-0.2555,-0.0045
-2.9391,6.9443,1.2862,-0.4017,-0.2928,-0.0567
-2.9391,6.9443,1.2862,-0.2717,-0.2118,-0.3858
-3.2291,7.2726,0.9391,-0.2557,-0.394,-0.5627
-4.513,7.5695,1.1067,-0.2557,-0.394,-0.5627
-5.4234,8.341,0.8912,-0.2355,-0.6006,-0.6926
-5.4234,8.341,0.8912,-0.2675,-0.7732,-0.6053
-7.9074,8.722,-0.0335,-0.2675,-0.7732,-0.6053
-7.905,8.8226,0.2705,-0.3431,-0.8041,-0.4434
-6.1563,9.0955,1.4062,-0.439,-0.8094,-0.2708
-6.1563,9.0955,1.4062,-0.293,-0.3748,-0.2335
-6.039,8.8537,2.2134,-0.293,-0.3748,-0.2335
-6.4197,9.5052,2.1176,-0.0725,-0.1042,-0.1451
-5.3875,9.7614,2.1775,0.1565,0.0043,0.0689
-5.5623,9.0859,1.8755,0.3504,0.1801,0.168
-6.5565,8.7196,1.526,0.4878,0.4177,0.2575
-7.905,8.195,1.4685,0.5741,0.4741,0.4556
-8.2309,8.3434,1.1162,0.6146,0.5359,0.8082
-7.2415,8.7962,0.1508,0.5997,0.603,1.2087
-7.2415,8.7962,0.1508,0.3131,0.6243,1.5528
-5.773,9.6513,-1.291,0.1363,0.4358,1.5507
-0.3306,13.1725,-2.7021,0.1363,0.4358,1.5507
2.8649,15.1538,-3.6242,0.0181,0.1109,1.3046
2.4001,15.1921,-4.1823,-0.1173,-0.1095,0.6378
2.4001,15.1921,-4.1823,-0.4294,-0.1596,-0.7098
-2.3858,12.3079,-4.0889,-0.4294,-0.1596,-0.7098
-2.3858,12.3079,-4.0889,-0.6531,-0.0392,-1.0155
-3.0038,9.3257,-1.9378,-0.6531,-0.0392,-1.0155
-3.0038,9.3257,-1.9378,-0.7117,0.1545,-0.8643
0.0814,9.3783,-0.1747,-0.7117,0.1545,-0.8643
0.2828,9.455,0.7832,-0.669,0.2472,-0.9452
-2.4049,9.2898,0.896,-0.5391,0.2131,-1.1412
-4.4891,9.6034,1.0061,-0.3889,0.3793,-1.1742
-4.4891,9.6034,1.0061,-0.0054,0.8459,-0.7812
-5.7155,10.207,0.5174,-0.0054,0.8459,-0.7812
-6.8342,9.9868,0.3211,0.1416,1.1974,-0.6127
-6.8342,9.9868,0.3211,0.3493,1.3306,0.0071
-6.6379,9.2583,-0.6467,0.3493,1.3306,0.0071
-5.0305,8.7196,-0.8577,0.3462,1.1953,0.3512
-4.8294,7.7566,-0.6299,0.2513,1.1484,0.4535
-4.8294,7.7566,-0.6299,0.0085,0.9503,0.5877
-5.6533,6.6882,0.1484,-0.0011,0.8182,0.9083
-7.354,5.0305,1.7893,-0.0011,0.8182,0.9083
-7.354,5.0305,1.7893,0.2492,0.5955,1.9235
-5.8544,3.9357,0.8601,0.2492,0.5955,1.9235
-2.8577,4.0985,0.345,0.3099,0.7585,2.3017
0.7233,5.3154,-0.2059,0.3217,0.8097,2.4604
3.2219,6.8964,-1.0396,0.2663,0.6371,2.3762
2.4001,7.5818,-1.2838,0.1182,0.2834,2.0439
-0.8433,7.5842,0.0407,-0.0331,-0.2757,1.6274
-0.8433,7.5842,0.0407,0.0862,-0.6177,1.5006
-4.446,7.7111,3.4398,0.4846,0.2131,1.8415
-5.9361,8.3123,3.9716,0.4846,0.2131,1.8415
1.4374,8.0271,3.011,0.9246,0.7681,2.357
5.7634,9.3735,0.8023,1.3432,1.2741,2.4114
5.7634,9.3735,0.8023,1.5808,1.1868,1.6785
7.4546,9.3017,-1.4012,1.5808,1.1868,1.6785
2.9703,7.7709,-1.7342,1.3294,0.8725,0.9957
2.9703,7.7709,-1.7342,0.5017,0.8278,0.3512
-0.9726,7.4163,-2.0841,0.1438,0.7447,0.3853
0.0023,9.0021,-0.158,0.1438,0.7447,0.3853
0.0023,9.0021,-0.158,-0.1599,0.8491,0.1424
0.8382,9.97,0.3163,-0.1322,0.9098,-0.0748
1.2312,10.9857,0.503,-0.081,1.0344,-0.4029
2.1751,11.388,0.2609,-0.081,1.0344,-0.4029
2.2134,10.9088,-0.0143,-0.064,1.2208,-0.8238
2.2134,10.9088,-0.0143,-0.1066,1.3636,-1.5684
2.2397,11.2419,-0.9367,-0.2185,1.1164,-1.8688
2.4121,11.3114,-2.4073,-0.3963,0.6296,-2.1788
0.4456,10.8514,-3.4877,-0.3963,0.6296,-2.1788
-1.7702,12.5378,-3.1405,-0.5359,0.0171,-2.4163
-5.7179,13.4195,-3.2339,-0.6019,-0.3236,-2.4664
-5.7179,13.4195,-3.2339,-0.5774,-0.1575,-1.8251
-8.8106,14.162,-3.6771,-0.5774,-0.1575,-1.8251
-7.2056,13.8699,-5.2268,-0.4635,0.1279,-1.4065
-7.2056,13.8699,-5.2268,-0.5391,0.3655,-1.0049
-5.2364,12.653,-7.2128,-0.848,0.1961,-0.9591
-3.4111,10.8131,-8.2932,-0.848,0.1961,-0.9591
-5.6317,9.7375,-6.2617,-1.2336,-0.1266,-0.974
-5.6317,9.7375,-6.2617,-1.7023,-0.6922,-0.5318
-7.536,9.0668,-2.9248,-1.6192,-0.8563,-0.1611
-6.2856,9.7207,-0.333,-1.4126,-0.7796,-0.0226
-4.2161,9.8694,1.1354,-1.1207,-0.5804,0.0444
-5.6245,9.68,2.6806,-1.1207,-0.5804,0.0444
-6.391,10.5808,3.265,-0.783,-0.5037,0.1893
-7.0715,10.6024,2.7644,-0.4177,-0.591,0.3768
-6.6594,10.0179,1.8396,-0.0619,-0.869,0.6505
-6.6594,10.0179,1.8396,0.3983,-1.1417,1.1469
-5.4905,7.7853,0.2011,0.3983,-1.1417,1.1469
-5.4905,7.7853,0.2011,0.7137,-1.5465,1.768
-5.7682,7.1457,-0.5318,0.8575,-1.5806,1.9033
-4.2137,7.2008,-0.2154,0.9746,-1.2536,1.6338
0.2274,7.7278,0.3211,0.9959,-0.901,1.1448
2.2254,6.4679,-1.8468,0.9959,-0.901,1.1448
2.2254,6.4679,-1.8468,0.6295,-1.0885,0.5962
0.2274,6.1444,-1.37,0.6295,-1.0885,0.5962
0.2274,6.1444,-1.37,0.3419,-1.505,0.5121
-0.3163,6.2665,-0.369,0.2961,-1.5231,0.4045
-0.8215,6.3048,0.6802,0.2748,-1.4102,0.299
-0.3881,6.1899,0.4432,0.2748,-1.4102,0.299
-0.1508,5.749,-0.582,0.2173,-1.3654,0.1403
0.1675,4.8988,-1.2455,0.0479,-1.3324,-0.0556
0.1675,4.8988,-1.2455,-0.5114,-1.6083,-0.4806
0.0047,3.5787,-1.0324,-0.7436,-1.8054,-0.5904
-0.8577,3.0756,0.0239,-0.766,-1.9577,-0.6415
-0.6587,3.7418,1.9545,-0.6179,-1.8949,-0.7716
-0.2899,4.791,3.4733,-0.6179,-1.8949,-0.7716
-1.3413,5.2866,3.2483,-0.3825,-1.6286,-0.9378
-1.3006,6.1276,2.393,-0.1322,-1.3324,-1.0507
-1.3006,6.1276,2.393,0.1768,-0.9298,-1.3042
0.0933,8.3051,-0.7161,0.1768,-0.9298,-1.3042
-3.4087,8.5733,-1.921,0.0447,-0.9085,-1.6334
-3.4087,8.5733,-1.921,-0.5284,-0.9532,-1.5322
-5.2771,8.1301,-0.0359,-0.537,-1.2515,-1.1913
-10.5186,11.5053,3.277,-0.537,-1.2515,-1.1913
-12.4181,12.4109,4.9419,-0.5679,-1.0384,-0.7599
-10.679,13.3117,5.6221,-0.439,-0.6379,-0.2218
-6.9204,13.992,4.9395,-0.2195,-0.2182,0.2841
-6.9204,13.992,4.9395,0.1352,0.3974,0.528
-3.7394,14.1093,3.3393,0.1725,0.3729,0.3661
-1.7079,11.7761,0.5413,0.1725,0.3729,0.3661
-1.9593,10.6239,-0.6203,0.1331,0.0842,0.2085
-1.9593,10.6239,-0.6203,-0.1652,-0.8605,0.0487
-3.1358,11.06,-0.5796,-0.1652,-0.8605,0.0487
-3.9405,12.0443,0.618,-0.3612,-1.1204,-0.0652
-4.0794,12.8852,2.1392,-0.4027,-1.2951,-0.1834
-4.1105,12.9092,2.9343,-0.2206,-1.3868,-0.2985
-4.1105,12.9092,2.9343,0.6966,-1.065,-0.4774
2.0841,11.7426,1.4134,0.6966,-1.065,-0.4774
4.3933,10.049,-1.8252,1.1642,-0.7924,-0.779
4.3933,10.049,-1.8252,1.0503,-0.362,-1.6674
-6.7145,8.2788,-9.9676,1.0503,-0.362,-1.6674
-6.7145,8.2788,-9.9676,0.0415,-0.1681,-1.1977
-11.1653,9.0548,-6.7097,0.0415,-0.1681,-1.1977
-11.1653,9.0548,-6.7097,-0.5284,0.5817,-0.1472
-7.6895,11.9725,-1.6265,-0.5284,0.5817,-0.1472
-4.0674,12.102,-2.0602,-0.4411,0.8352,0.1435
-2.3283,11.2754,-2.7284,-0.2952,0.7223,0.2511
-2.8912,10.8897,0.3785,-0.2419,0.3079,0.184
-3.4278,10.0394,5.4474,-0.2611,0.0448,0.0135
-3.4278,10.0394,5.4474,0.2258,0.7404,-0.1643
-2.5561,6.9108,6.1516,0.2258,0.7404,-0.1643
-1.2503,5.2172,3.4231,0.4186,1.2443,-0.1462
0.515,4.815,0.1316,0.4122,1.3828,-0.0577
0.8071,4.9515,-0.9247,0.2013,1.1218,-0.0322
-1.0348,5.2795,0.1053,-0.179,0.734,-0.1259
-1.0348,5.2795,0.1053,-0.5828,0.4166,-0.128
-3.6795,6.5373,1.8228,-0.5828,0.4166,-0.128
-3.6508,7.4833,2.2948,-0.5519,0.4443,-0.0205
-1.8659,8.4129,1.2455,-0.4699,0.6616,0.07
-1.8659,8.4129,1.2455,-0.2824,0.4699,-0.0354
0.3211,9.0237,-0.1508,-0.2749,-0.1255,-0.1781
-1.8851,8.6762,-1.2312,-0.2749,-0.1255,-0.1781
0.6515,6.9515,-2.4121,-0.2983,-0.9031,-0.1994
-2.6566,8.3602,1.6528,-0.3537,-1.5199,-0.0386
-9.2104,10.9498,2.3187,-0.2696,-2.2124,0.0071
-7.548,10.1089,4.4675,-0.3708,-1.4901,0.1808
-2.7069,10.6981,2.6446,-0.3069,-0.7817,0.6101
-0.9223,9.5962,2.1535,-0.0512,-0.6336,0.7326
-3.7035,8.4272,2.3882,-0.1013,-0.4589,0.479
-5.6197,7.9912,2.1918,-0.2003,-0.1926,0.2841
-4.3766,7.287,1.37,-0.3207,0.1386,0.2521
-2.9032,6.736,0.5653,-0.424,0.2206,0.2724
-3.0732,7.3756,0.2226,-0.5157,-0.0712,0.2468
-3.1022,8.602,1.1737,-0.6829,-0.3109,0.2053
-3.5547,10.0945,2.9272,-0.8192,-0.5015,0.1318
-3.5547,10.0945,2.9272,-0.7468,-0.1639,-0.2197
-3.5643,8.6403,5.5048,-0.7468,-0.1639,-0.2197
-3.5643,8.6403,5.5048,-0.2845,0.423,-0.4061
-2.0745,8.4153,1.1617,-0.2845,0.423,-0.4061
-2.9798,8.8489,0.4121,-0.1684,0.3218,-0.4966
-5.7418,10.4156,0.5892,-0.244,0.3633,-0.6095
-7.8859,12.1308,1.2623,-0.4187,0.6861,-0.6947
-6.4173,13.7522,2.5656,-0.5593,1.0323,-0.6415
-4.2209,15.7646,3.2124,-0.4422,0.8267,-0.5648
-3.6266,16.7109,3.8352,-0.1982,0.4667,-0.7258
-5.8113,19.4705,2.3858,0.2055,-0.1873,-1.0453
-9.5148,21.7653,0.7951,0.6103,-1.0118,-1.334
-9.5148,21.7653,0.7951,0.9512,-0.9692,-1.7441
-11.7426,13.072,-0.4623,0.9512,-0.9692,-1.7441
-9.1027,8.5805,-2.1871,1.046,-0.6453,-1.4863
-5.6796,6.4221,-4.1799,0.9672,-0.4302,-1.1551
-5.6796,6.4221,-4.1799,0.4047,-0.1394,-1.1178
-2.738,1.1474,-2.5055,0.4047,-0.1394,-1.1178
-3.9405,-0.5868,-1.2,0.2045,0.0129,-1.2403
-3.9405,-0.5868,-1.2,0.0852,0.4315,-1.1061
-4.5753,1.224,-3.0612,0.0852,0.4315,-1.1061
-5.0353,2.999,-3.5452,0.0543,0.5157,-1.0283
-6.5517,4.6926,-2.7548,-0.031,0.7063,-0.9825
-7.4929,5.67,-0.6347,-0.0299,0.7159,-0.8557
-7.4929,5.67,-0.6347,0.1704,1.42,-0.3677
-7.8404,6.2856,0.697,0.3728,1.2709,-0.0098
-5.4378,6.511,1.3676,0.4495,0.7596,0.1478
-2.1966,7.9553,1.042,0.2673,0.5157,0.086
-0.0119,9.2104,3.8423,0.2673,0.5157,0.086
2.6877,8.5948,6.6211,0.2141,-0.1777,0.0774
5.6628,7.5097,10.6455,0.2854,-1.0587,-0.0673
5.6628,7.5097,10.6455,0.7818,-1.9833,-1.1817
12.2026,5.6365,11.2922,0.7818,-1.9833,-1.1817
0.0287,4.9347,5.3995,1.0801,-2.0099,-2.2214
0.0287,4.9347,5.3995,0.9469,-0.4291,-2.9894
-15.3094,3.7155,0.5653,0.7701,0.2856,-1.8997
-21.3604,3.2459,-8.1277,0.7701,0.2856,-1.8997
-19.6548,4.9706,-6.3,0.3824,0.4997,-0.6351
-15.8579,5.9864,-2.8505,-0.1865,0.929,0.1701
-6.5541,7.3253,-1.5762,-0.4166,1.0291,0.805
-0.8553,7.735,-0.3187,-0.3623,0.5945,0.9243
-1.4853,6.4197,1.6457,-0.3133,0.1886,0.4971
-1.4853,6.4197,1.6457,0.0777,-0.101,-0.2015
-4.0195,4.9658,3.7322,0.376,-0.0595,-0.1664
-5.0448,4.4651,4.3861,0.5453,0.0363,-0.1504
-4.0626,4.6016,3.277,0.5667,-0.0105,-0.1898
-5.4545,6.0773,1.684,0.5667,-0.0105,-0.1898
-6.7001,6.851,2.5752,0.5155,-0.0914,-0.209
-6.7001,6.851,2.5752,0.5528,-0.4142,-0.1419
-7.8428,7.6823,4.4532,0.6987,-0.5537,-0.0833
-7.038,8.1061,4.0052,0.6987,-0.5537,-0.0833
-7.038,8.1061,4.0052,0.573,-0.5303,-0.2111
-4.1919,6.9611,-0.5964,0.573,-0.5303,-0.2111
-4.2087,7.2942,-2.75,0.3163,-0.5995,-0.3496
-4.2087,7.2942,-2.75,-0.5231,-1.3889,-0.6873
-7.129,3.8759,-2.1464,-0.5231,-1.3889,-0.6873
-7.129,3.8759,-2.1464,-0.9982,-2.4724,-0.2644
-11.7139,5.7418,1.5379,-1.0717,-1.7553,0.1989
-13.7403,8.1615,2.9272,-0.9822,-0.8371,0.479
-8.1926,12.454,4.1775,-0.9822,-0.8371,0.479
-8.1926,12.454,4.1775,-0.9481,0.6957,0.2521
-8.3985,13.0959,-1.1498,-0.9215,0.5391,0.4982
-13.992,11.3305,3.7346,-0.619,0.4432,1.0095
-6.9683,13.1366,1.9979,-0.619,0.4432,1.0095
-6.9946,12.7943,2.2182,-0.7873,0.5583,1.1065
-6.9946,12.7943,2.2182,-0.8736,-0.1511,1.1363
-7.4953,11.0528,4.1799,-1.0557,0.1162,1.2503
-6.8821,9.4166,3.1669,-1.1463,0.2909,1.3334
-6.3024,8.207,3.8926,-1.027,0.3548,1.3983
-4.6088,8.1926,2.3666,-1.027,0.3548,1.3983
-4.6088,8.1926,2.3666,-0.5295,0.1503,1.1991
-5.7969,8.916,-0.5294,-0.5295,0.1503,1.1991
-6.8653,8.8657,-2.5848,-0.3292,0.1311,0.9861
-6.8653,8.8657,-2.5848,-0.5146,0.3037,0.6537
-8.1109,7.814,-2.2397,-0.5146,0.3037,0.6537
-8.1109,7.814,-2.2397,-1.0504,1.1282,0.3139
-7.6153,8.0678,-1.7007,-1.0504,1.1282,0.3139
-7.6153,8.0678,-1.7007,-1.3732,1.8568,-0.0748
-8.4009,7.354,-4.1895,-1.3732,1.8568,-0.0748
-8.4009,7.354,-4.1895,-1.2826,1.534,-0.1227
-6.1659,6.8318,-2.6063,-1.2826,1.534,-0.1227
-6.1659,6.8318,-2.6063,-0.9386,1.2315,-0.2111
-3.8567,5.8185,-0.3929,-0.9386,1.2315,-0.2111
-3.2938,5.0568,0.7448,-0.6786,1.0557,-0.2814
-3.2938,5.0568,0.7448,-0.1034,0.9993,-0.307
-3.3871,5.6533,-0.7353,-0.1034,0.9993,-0.307
-3.3871,5.6533,-0.7353,-0.0299,0.6935,-0.2186
-4.1249,6.7169,1.5403,-0.0299,0.6935,-0.2186
-4.1249,6.7169,1.5403,-0.015,0.5306,-0.1291
-3.7729,7.8859,3.1549,0.083,0.5529,-0.1738
-3.7131,8.6499,3.6939,0.1874,0.5295,-0.2314
-3.8136,9.3544,3.2339,0.2396,0.4283,-0.3123
-4.0889,10.9762,1.7414,0.2396,0.4283,-0.3123
-4.4747,11.0145,0.9534,0.2663,0.3069,-0.4434
-3.7873,10.7652,2.6542,0.2609,-0.1213,-0.4881
-5.2459,6.9779,8.8776,0.2194,-0.7583,-0.633
-5.2459,6.9779,8.8776,0.1704,-0.3609,-0.6276
-6.0271,4.5394,10.9136,0.2002,-0.541,-0.4082
-3.011,6.367,10.0801,0.2002,-0.541,-0.4082
-3.011,6.367,10.0801,0.4516,-0.5942,-0.4551
-1.9569,6.4317,10.5784,0.6987,-0.264,-0.4721
-1.4422,4.3813,6.9371,0.6987,-0.264,-0.4721
-3.3441,3.4757,3.9381,1.0737,-0.1532,-0.4657
-3.3441,3.4757,3.9381,1.2899,0.4975,-0.2665
-4.5777,2.2062,-1.672,0.8287,0.2898,-0.0087
-6.1396,1.7199,-8.2908,-0.0086,-0.1532,0.348
-9.7375,2.4887,-10.152,-0.4837,-0.8328,0.6314
-4.3287,9.8838,7.9385,-0.4837,-0.8328,0.6314
-4.3287,9.8838,7.9385,0.1288,-0.4738,0.0391
-6.1396,9.7566,11.3521,0.4505,0.0086,-0.1248
-7.3756,9.2874,9.0093,0.5517,0.1897,-0.2505
-7.141,8.7412,6.4269,0.6178,0.0544,-0.2719
-7.1362,7.9816,5.0496,0.6178,0.0544,-0.2719
-8.1998,8.5541,4.7524,0.7435,-0.2693,-0.192
-8.1998,8.5541,4.7524,0.9246,-0.3481,0.0082
-10.6718,9.3664,3.6314,0.9576,-0.3737,0.1499
-10.6981,12.9786,2.8386,0.9576,-0.3737,0.1499
-10.6981,12.9786,2.8386,1.0652,-0.2022,0.0221
-10.5042,14.7656,2.568,1.2409,-0.2576,-0.1153
-9.3879,15.4916,2.5465,1.3965,-0.232,-0.3294
-7.2439,9.8575,-0.5605,1.3965,-0.232,-0.3294
-7.4498,5.8616,-2.7667,1.3954,-0.1852,-0.4625
-7.4498,5.8616,-2.7667,0.7456,-0.2672,-0.2825
-7.2271,2.4911,-1.4469,0.7456,-0.2672,-0.2825
-5.512,3.4733,-0.3666,0.441,-0.2427,-0.1046
-5.5048,4.9826,0.0885,0.2961,-0.4302,-0.0854
-2.3523,5.1478,2.1392,0.2439,-0.7157,-0.2026
7.9313,6.1037,4.132,0.3163,-1.3122,-0.3635
14.349,5.5766,3.8807,0.5102,-2.5746,-0.9559
7.5743,-1.842,-0.1604,0.5347,-3.8944,-2.2821
7.5743,-1.842,-0.1604,-0.4166,-4.8808,-4.3508
-21.8156,-1.9907,-15.0532,-0.4166,-4.8808,-4.3508
-21.8156,-1.9907,-15.0532,-2.5247,0.5263,-2.8999
-48.9347,-3.6915,-16.2437,-1.2656,-0.6091,0.5824
-44.0431,1.2288,0.7353,0.4314,0.4102,2.0396
-2.4384,15.9322,15.7478,0.4314,0.4102,2.0396
-3.0493,8.4201,7.275,1.8013,2.8199,1.1832
-3.0493,8.4201,7.275,1.6298,5.1282,-0.3635
-7.6105,0.9103,-2.7332,0.9384,3.5379,0.0572
-10.1663,-1.5954,-10.0323,0.1651,1.2741,0.7762
-3.7657,3.3321,-1.3269,0.1651,1.2741,0.7762
-0.6084,5.0807,3.0445,-0.3282,0.3442,0.9776
-0.6084,5.0807,3.0445,0.1363,0.6786,0.1627
-0.0814,4.5418,3.4302,0.5358,0.5817,-0.029
0.0718,1.0468,-1.9354,0.5358,0.5817,-0.029
0.0718,1.0468,-1.9354,0.3398,-0.3535,-0.2346
-0.7927,-1.2599,-2.1751,0.3398,-0.3535,-0.2346
-0.7927,-1.2599,-2.1751,-0.341,-1.8693,-0.29
-1.6409,-1.5571,0.8334,-0.3271,-2.5256,-0.5009
-1.2336,0.8768,6.76,-0.3271,-2.5256,-0.5009
-1.2336,0.8768,6.76,-0.3793,-2.1379,-1.3021
-3.526,3.6771,7.366,-0.3793,-2.1379,-1.3021
-2.3834,5.1526,0.3666,-0.3814,-1.2962,-1.758
-2.3834,5.1526,0.3666,-1.4094,-0.5963,-2.5921
-10.0442,4.8988,0.1436,-1.6001,-1.0246,-2.6155
-3.5188,7.6823,-3.725,-1.6001,-1.0246,-2.6155
-3.5188,7.6823,-3.725,-2.6493,-1.0054,-3.3803
-25.2938,12.6,9.5795,-2.6493,-1.0054,-3.3803
-25.2938,12.6,9.5795,-1.1985,-0.8424,-1.0358
-30.7987,14.6746,14.5669,-0.1524,-0.0414,0.4588
-27.682,15.6066,15.5611,0.6476,0.5583,1.3344
-19.4178,15.2112,12.006,1.0907,0.8086,1.5784
-5.603,10.049,5.1167,1.0907,0.8086,1.5784
-1.5355,5.3612,-1.5667,1.2527,0.7149,1.3738
-1.5355,5.3612,-1.5667,0.2055,-0.6837,0.5483
-3.8854,0.8239,-7.8284,-0.6754,-1.9556,0.6761
-8.535,-2.6973,-6.3862,-1.2986,-2.5491,1.067
-10.588,0.4001,1.6361,-1.2986,-2.5491,1.067
-10.588,0.4001,1.6361,-1.7588,-1.8278,1.2513
-8.916,6.3646,1.854,-1.7588,-1.8278,1.2513
-0.2394,9.8021,3.3273,-1.8472,-1.3729,0.9648
2.1368,7.3205,2.9559,-1.6065,-1.6499,0.1861
-0.7927,3.0974,3.7466,-1.2528,-2.2827,-0.9527
-0.7927,3.0974,3.7466,-0.5572,-4.2225,-2.6485
-1.4086,1.2,9.9868,-0.5572,-4.2225,-2.6485
-1.4086,1.2,9.9868,-0.5796,-2.1709,-4.0472
-10.2477,-3.7897,2.8553,-0.5796,-2.1709,-4.0472
-9.68,-3.6218,-2.7332,-0.8416,-1.2856,-3.8394
-9.0357,-2.8553,-5.8089,-1.2634,-1.6445,-3.3729
-13.8387,-1.4996,-3.1262,-1.9761,-2.4127,-3.0054
-13.8387,-1.4996,-3.1262,-3.1553,-2.8654,-1.5769
-29.522,1.6361,10.1065,-3.1553,-2.8654,-1.5769
-29.522,1.6361,10.1065,-2.7803,-0.3609,1.3397
-28.5709,6.6594,10.4683,-2.3191,0.7053,2.1685
-18.3781,8.9926,13.4793,-1.6448,1.1686,2.3198
-6.3862,13.4602,12.2888,-1.6448,1.1686,2.3198
-6.3862,13.4602,12.2888,-0.3484,0.88,1.376
-2.0506,13.3907,12.4253,0.148,0.8437,0.6633
-0.963,11.06,12.1092,0.6189,0.7852,0.0583
-2.0003,7.4594,12.3941,1.1611,0.6328,-0.2516
-3.4326,4.6136,12.6769,1.731,0.4816,-0.3294
-9.4909,0.4288,9.3951,1.731,0.4816,-0.3294
-8.7819,0.8167,8.0511,1.9589,0.8661,-0.1707
-8.7819,0.8167,8.0511,2.1038,1.0536,0.3342
2.0985,2.4672,8.7364,2.1038,1.0536,0.3342
2.8434,0.2633,6.0965,2.3989,0.8192,0.0018
0.3091,-2.3163,-1.0324,2.5075,0.7798,-0.4817
0.3091,-2.3163,-1.0324,1.1536,1.5638,-1.2882
-9.5435,-4.5633,-7.4785,1.1536,1.5638,-1.2882
-8.1567,-4.8844,-6.4484,0.311,0.2099,-0.6362
-8.1567,-4.8844,-6.4484,-1.5031,-1.1162,0.6324
-5.7562,-0.4168,-6.0486,-1.5031,-1.1162,0.6324
-5.7562,-0.4168,-6.0486,-3.1436,-0.2928,0.6963
-8.801,0.4456,-1.5619,-1.7087,-1.7596,1.7552
-20.359,-0.9989,16.2533,-0.9609,-0.3993,2.3581
-1.5092,8.3794,9.9963,-0.9609,-0.3993,2.3581
-3.2172,8.813,4.5681,-1.011,1.5298,1.7786
-3.2172,8.813,4.5681,-0.7809,1.6001,0.788
-4.1512,5.9768,1.8587,-1.1836,0.8927,0.5536
-2.0482,4.1177,-0.4408,-1.6459,0.0043,0.3097
1.3221,5.8663,-1.121,-1.6459,0.0043,0.3097
3.0974,3.4446,1.1186,-2.2978,-1.1322,-0.1376
3.0974,3.4446,1.1186,-2.9529,-3.251,-1.2744
-1.9692,3.629,10.8681,-2.9529,-3.251,-1.2744
-13.2902,2.9798,17.9948,-3.2299,-3.0657,-1.7654
-13.2902,2.9798,17.9948,-2.0805,-2.0834,-0.9282
-20.5198,0.6826,24.4193,-0.6808,-1.6893,0.4183
-13.1869,3.5763,25.5308,-0.6808,-1.6893,0.4183
-7.8404,4.5202,23.0588,0.4804,-0.8477,1.2662
-7.8404,4.5202,23.0588,2.0729,0.473,1.1129
-3.9142,3.9477,20.819,2.5331,1.0472,0.577
-2.9224,2.908,10.9977,2.5331,1.0472,0.577
-2.9224,2.908,10.9977,2.3381,1.6491,-0.0972
-11.9365,-3.9549,2.4911,0.9342,2.1327,1.0159
-19.9832,-9.3089,-5.7395,0.2993,0.6307,1.474
5.4354,6.9443,3.0349,0.2993,0.6307,1.474
5.4354,6.9443,3.0349,-0.0778,-0.5186,-0.9228
4.1177,5.9672,7.9601,-0.064,0.4656,-1.8741
-14.3825,1.0229,6.5613,-0.064,0.4656,-1.8741
-14.3825,1.0229,6.5613,0.3877,1.8738,-1.2168
-19.765,-1.3652,5.5695,0.6615,2.2349,-0.3038
-17.2259,-0.3426,4.6543,0.7499,2.6942,0.2543
-16.3275,0.9151,-2.5896,0.7499,2.6942,0.2543
-16.3275,0.9151,-2.5896,-0.0438,3.0404,1.3717
-7.8978,2.2134,-3.0062,-0.0438,3.0404,1.3717
-3.4566,4.0387,-2.5222,-0.2557,1.8728,1.5251
-3.2626,4.3861,-2.5007,-0.6051,1.3753,1.0852
-5.1645,3.526,-2.393,-0.9705,1.1111,0.4471
-5.0592,2.0913,-0.3881,-1.2645,0.8416,0.0199
-5.0592,2.0913,-0.3881,-1.3966,-0.133,-0.2463
-4.7141,1.2791,1.6624,-1.4264,-0.5005,-0.3347
-4.6399,1.9162,4.9515,-1.4264,-0.5005,-0.3347
-4.6399,1.9162,4.9515,-0.864,-1.4411,-0.519
-9.4142,6.1731,15.4437,-0.864,-1.4411,-0.519
-9.0764,7.2176,16.7971,-0.0278,-1.4326,-0.4082
-9.0429,6.2641,14.5477,0.8884,-1.0405,-0.1941
-11.8456,3.5021,8.9231,1.6138,-0.4696,-0.1153
-11.8073,1.9907,5.3106,1.8535,0.2419,0.0146
-8.0319,2.2996,4.4316,1.7597,0.4741,0.2916
-8.0319,2.2996,4.4316,1.6351,-0.2715,0.1712
-7.2056,1.0779,1.2958,1.6351,-0.2715,0.1712
-15.2208,-6.5589,-7.6273,1.5275,-0.3897,-0.3571
-1.5643,-7.026,-0.7808,-0.1631,1.0472,0.5749
-1.7414,-3.2339,5.8616,-0.9673,-0.0414,0.1073
-1.7414,-3.2339,5.8616,-0.4933,-2.0909,-0.4945
3.0421,-1.2838,13.5463,0.5432,-2.8281,-0.8909
-36.6483,-10.5545,12.1595,0.5432,-2.8281,-0.8909
-27.7227,-10.2358,15.386,1.0066,-2.1869,0.5366
-27.7227,-10.2358,15.386,2.3978,-0.4216,3.2412
15.0747,4.0506,8.626,1.2186,2.7304,0.0434
29.4019,13.0864,0.1651,0.164,4.2846,-2.9553
20.2417,10.1328,1.2407,0.7073,2.4512,-4.158
-3.4638,-3.7681,4.458,0.7073,2.4512,-4.158
-3.4638,-3.7681,4.458,1.928,-2.3903,-3.7915
-11.1222,-2.7524,5.04,1.5424,-1.865,-2.9329
-22.0359,-2.1583,7.7518,1.5424,-1.865,-2.9329
-21.1809,-2.9152,6.5493,1.0961,-0.362,-1.7292
-20.1531,-0.0981,5.5072,0.7935,0.9407,-0.3837
-20.1531,-0.0981,5.5072,0.8244,0.8161,2.0726
-16.1886,2.223,6.6786,1.029,0.8054,2.536
-10.94,4.961,8.5805,1.2761,1.0824,2.5147
-7.196,7.433,9.0165,1.5499,1.1591,2.2186
-5.5982,9.3783,6.8103,1.5499,1.1591,2.2186
-5.5982,9.3783,6.8103,1.8045,0.9939,1.4271
-6.7528,8.5158,3.6724,1.8045,0.9939,1.4271
-6.7528,8.5158,3.6724,1.6085,0.5061,0.9637
-7.6249,7.972,3.0951,1.5275,0.2334,0.8497
-7.8428,7.4522,3.2483,1.4444,0.0693,0.74
-7.3828,7.4666,1.7534,1.4444,0.0693,0.74
-7.1769,7.6416,0.7712,1.3102,-0.0978,0.6133
-7.5528,7.6632,0.0383,1.0971,-0.3087,0.4428
-7.5528,7.6632,0.0383,0.3664,-0.3716,0.005
-8.3243,7.3995,-0.4216,-0.0651,-0.346,-0.1355
-9.1243,7.2008,-0.7496,-0.4507,-0.493,-0.2122
-9.7566,7.105,-0.4336,-0.4507,-0.493,-0.2122
-9.7566,7.105,-0.4336,-0.9993,-1.113,-0.2175
-9.7375,7.0548,0.582,-1.093,-1.3665,-0.1802
-9.0237,6.3024,4.1296,-1.093,-1.3665,-0.1802
-8.3985,5.7778,5.5168,-1.0227,-1.4933,-0.16
-8.3985,5.7778,5.5168,-0.5615,-1.1929,-0.2761
-7.8906,5.4928,5.658,-0.3101,-1.0352,-0.3379
-7.0284,5.0592,5.0329,-0.3101,-1.0352,-0.3379
-6.3407,4.9155,4.6471,-0.0587,-1.0043,-0.4093
-5.3492,4.8533,4.6567,0.164,-1.0682,-0.5222
-4.7572,4.434,4.6758,0.3387,-1.1172,-0.7162
-4.7572,4.434,4.6758,0.4868,-0.8051,-1.1828
-7.2822,3.1453,4.1033,0.4868,-0.8051,-1.1828
-7.2822,3.1453,4.1033,0.4292,-0.1852,-1.154
-8.7651,1.9162,3.5069,0.4292,-0.1852,-1.154
-8.4536,1.8133,3.1669,0.4399,-0.101,-0.942
-7.8092,2.0769,2.8625,0.4537,-0.1117,-0.6671
-6.9324,2.1966,2.4289,0.4569,-0.1575,-0.4029
-6.9324,2.1966,2.4289,0.3536,-0.281,-0.0929
-5.8304,2.4193,1.9354,0.1991,-0.2864,-0.0844
-5.131,2.7763,1.4254,-0.0203,-0.2427,-0.1217
-5.2244,2.896,1.3533,-0.2834,-0.1234,-0.1547
-5.5216,2.975,1.4781,-0.5295,-0.0552,-0.2133
-2.908,3.4638,2.3163,-0.5295,-0.0552,-0.2133
-2.1009,3.6771,2.7093,-0.6904,-0.1298,-0.3539
-2.1009,3.6771,2.7093,-0.7639,-0.705,-0.7428
-4.7333,3.2315,4.2951,-0.7639,-0.705,-0.7428
-7.0356,2.896,5.0592,-0.7681,-0.819,-0.86
-7.0356,2.896,5.0592,-0.75,-0.6102,-0.5882
-8.535,2.7763,6.681,-0.75,-0.6102,-0.5882
-7.7997,3.2196,6.8941,-0.6232,-0.5452,-0.3155
-6.5684,3.8304,6.5589,-0.4411,-0.5314,-0.0844
-6.5684,3.8304,6.5589,-0.2121,-0.4323,-0.0237
-5.7778,4.2233,6.0055,-0.2174,-0.3641,-0.1078
-6.6163,3.8878,5.0927,-0.2174,-0.3641,-0.1078
-7.2846,3.7753,4.8198,-0.2877,-0.33,-0.1707
-7.9074,3.7657,5.0257,-0.3868,-0.3886,-0.1557
-8.3123,3.7298,5.5838,-0.4784,-0.5314,-0.0886
-8.4201,3.6724,6.3191,-0.5593,-0.6027,-0.0109
-8.6906,3.5883,7.0691,-0.636,-0.5292,0.0583
-8.6906,3.5883,7.0691,-0.6999,-0.2256,0.1659
-8.1423,3.7777,7.1817,-0.6999,-0.2256,0.1659
-8.1423,3.7777,7.1817,-0.6765,-0.428,0.0934
-7.1936,3.7155,7.5866,-0.6765,-0.428,0.0934
-7.1936,3.7155,7.5866,-0.6275,-0.6113,-0.111
-7.5049,3.0852,7.9409,-0.6275,-0.6113,-0.111
-7.5049,3.0852,7.9409,-0.5806,-0.5314,-0.2452
-7.7542,2.6542,8.1567,-0.5636,-0.4046,-0.2623
-8.7723,2.4959,8.9495,-0.5636,-0.4046,-0.2623
-8.1277,2.381,9.0859,-0.5252,-0.2619,-0.1675
-7.7302,3.0014,8.9806,-0.4304,-0.1383,-0.1078
-7.7614,3.198,8.7747,-0.3143,-0.0701,-0.1248
-7.6967,2.9296,8.2309,-0.1982,-0.0733,-0.1493
-7.6967,2.9296,8.2309,-0.0459,-0.2853,-0.2399
-7.4283,2.8146,7.6584,-0.0448,-0.3705,-0.3272
-7.8715,2.6111,7.548,-0.0448,-0.3705,-0.3272
-7.8715,2.6111,7.548,-0.0459,-0.428,-0.3997
-9.4909,1.8564,8.4272,-0.0459,-0.428,-0.3997
-9.5196,1.8851,8.4248,0.0202,-0.4248,-0.3315
-9.5196,1.8851,8.4248,0.1715,-0.2395,-0.1131
-8.9734,2.0865,7.9649,0.2205,-0.1905,-0.0492
-8.5134,2.1296,7.3516,0.2481,-0.2097,0.0039
-8.4248,2.0482,6.6882,0.2396,-0.2491,0.0657
-8.1615,2.0027,6.1492,0.2055,-0.2874,0.1211
-7.5312,1.9569,5.7658,0.1555,-0.3023,0.1435
-7.038,1.8827,5.5982,0.0905,-0.2011,0.1648
-7.1769,1.8803,5.7442,0.0362,-0.0094,0.2394
-7.1003,1.7486,6.1516,0.0372,0.1215,0.3107
-6.1324,1.751,6.2689,0.0788,0.1098,0.3118
-4.7982,2.1799,5.694,0.1086,0.0001,0.2426
-3.4566,2.58,5.0831,0.1086,0.0001,0.2426
-3.6266,2.4361,5.3971,0.1374,-0.1149,0.1286
-4.1081,2.2134,5.5359,0.1853,-0.1852,0.0199
-4.1081,2.2134,5.5359,0.2833,-0.2619,-0.0332
-4.6926,2.1152,5.5599,0.2993,-0.3034,0.0039
-5.8663,1.5643,5.5934,0.2993,-0.3034,0.0039
-5.8663,1.5643,5.5934,0.2045,-0.2757,0.2862
-6.8031,1.2838,5.4521,0.1193,-0.2661,0.592
-7.826,1.1162,5.6772,0.0394,-0.3077,0.9115
-4.5777,2.0841,5.682,0.0394,-0.3077,0.9115
-2.46,3.2363,5.5383,-0.0544,-0.3748,1.0031
-2.46,3.2363,5.5383,-0.3015,-0.3695,0.5845
-1.526,3.6194,6.6522,-0.3015,-0.3695,0.5845
-1.526,3.6194,6.6522,-0.2856,-0.4834,0.0806
-2.5513,3.1836,7.3852,-0.1727,-0.5708,0.0082
-5.2723,2.3307,8.0774,-0.1727,-0.5708,0.0082
-5.2723,2.3307,8.0774,-0.0033,-0.4493,0.2095
-6.446,1.9114,7.9122,-0.0033,-0.4493,0.2095
-6.446,1.9114,7.9122,-0.0129,-0.0989,0.5994
-7.2391,2.1248,7.7207,-0.0129,-0.0989,0.5994
-7.2391,2.1248,7.7207,-0.1002,-0.0573,0.969
-6.0941,2.4768,7.3253,-0.2067,-0.1489,0.9467
-5.1765,3.5069,7.0907,-0.3591,-0.1468,0.8497
-6.0414,4.0602,8.2764,-0.3591,-0.1468,0.8497
-6.0414,4.0602,8.2764,-0.5316,0.032,0.7581
-8.1567,3.7202,10.1903,-0.5316,0.032,0.7581
-8.1567,3.7202,10.1903,-0.3005,0.0288,1.0202
-9.8141,3.6867,11.1174,-0.3005,0.0288,1.0202
-9.522,4.0626,11.1078,-0.1322,0.0768,1.2311
-9.522,4.0626,11.1078,0.0948,0.4315,1.475
-5.7802,5.9121,9.3496,0.0948,0.4315,1.475
-5.7802,5.9121,9.3496,0.1384,0.3814,0.9786
-4.5705,6.7696,8.511,0.0756,0.2664,0.576
-4.7716,6.9204,7.7853,-0.0576,0.1908,0.2458
-9.074,5.6652,8.5278,-0.0576,0.1908,0.2458
-9.074,5.6652,8.5278,-0.243,0.488,0.1946
-10.3243,4.4939,8.0247,-0.3378,0.6659,0.4077
-10.2405,4.0363,6.7528,-0.3378,0.6659,0.4077
-8.7364,3.8974,5.9073,-0.3676,0.7287,0.6846
-8.7364,3.8974,5.9073,-0.3548,0.6967,1.0042
-5.8304,4.5825,3.6771,-0.3548,0.6967,1.0042
-4.9467,4.7716,3.0157,-0.4326,0.6509,0.9744
-4.7477,4.8389,3.0732,-0.5902,0.5764,0.8348
-5.2531,4.9969,3.883,-0.7873,0.5263,0.658
-5.7706,5.1933,5.0664,-0.9758,0.5242,0.5025
-5.7706,5.1933,5.0664,-1.0674,0.5572,0.3459
-6.1324,5.2723,6.1875,-0.9833,0.6264,0.3565
-6.851,5.3273,6.9276,-0.8342,0.6957,0.445
-7.3684,5.1885,7.5216,-0.6158,0.6776,0.576
-7.4474,4.6447,7.8404,-0.3953,0.6264,0.7304
-7.1553,3.9094,6.8869,-0.3953,0.6264,0.7304
-6.8534,3.5954,6.2353,-0.2707,0.6531,0.9083
-6.8534,3.5954,6.2353,-0.2067,0.6669,1.3312
-5.1095,3.3273,5.4881,-0.2067,0.6669,1.3312
-3.7155,3.2698,5.7323,-0.195,0.5476,1.4537
-3.7155,3.2698,5.7323,-0.2057,0.7639,1.3216
-1.8994,3.8136,5.67,-0.2057,0.7639,1.3216
-1.49,3.8687,5.3492,-0.195,0.9151,1.2013
-1.49,3.8687,5.3492,-0.0011,0.6744,0.8402
-1.751,3.9573,5.5886,0.1193,0.6414,0.6857
-2.2445,3.7131,6.1755,0.262,0.7553,0.5941
-3.4662,3.3608,6.7983,0.262,0.7553,0.5941
-3.4662,3.3608,6.7983,0.5539,1.0174,0.5643
-3.3105,3.1142,5.9337,0.5539,1.0174,0.5643
-3.3105,3.1142,5.9337,0.5752,1.3593,0.4801
-3.186,3.2507,4.9395,0.4953,1.2539,0.4247
-3.1789,3.3608,4.1464,0.3493,1.0419,0.3331
-3.8447,3.6748,3.4422,0.3493,1.0419,0.3331
-3.8447,3.6748,3.4422,-0.1599,0.7564,0.1531
-4.2401,3.7992,3.4278,-0.3687,0.4635,0.1169
-4.6255,3.9812,3.8088,-0.4709,0.0065,0.1211
-6.2617,4.6878,5.8735,-0.4709,0.0065,0.1211
-6.2617,4.6878,5.8735,-0.5327,-0.4078,0.1648
-8.9926,5.2412,8.5733,-0.5327,-0.4078,0.1648
-8.9926,5.2412,8.5733,-0.4358,-0.0051,0.4141
-9.062,5.5216,8.6858,-0.3165,-0.0073,0.4758
-5.1023,6.7169,8.3937,-0.3165,-0.0073,0.4758
-3.459,7.3277,8.511,-0.178,-0.0978,0.348
-3.459,7.3277,8.511,-0.0011,0.1375,-0.3975
-5.8161,6.0678,9.9437,-0.0011,0.1375,-0.3975
-5.8161,6.0678,9.9437,0.4069,0.1876,-0.7449
-7.3157,5.3178,10.2358,0.6178,0.0608,-0.7332
-9.5124,5.3058,7.8763,0.6178,0.0608,-0.7332
-9.5124,5.3058,7.8763,0.6828,-0.3268,-0.6287
-10.849,4.7887,4.3263,0.6828,-0.3268,-0.6287
-11.8911,4.9371,3.514,0.5368,-0.5463,-0.5541
-12.1643,5.3683,4.0482,0.3099,-0.7093,-0.421
-12.1643,5.3683,4.0482,0.066,-0.868,-0.1525
-11.0983,5.433,5.2555,0.1193,-0.7796,-0.1898
-8.5877,5.0209,6.0342,0.1193,-0.7796,-0.1898
-7.4354,4.4603,5.6221,0.1928,-0.525,-0.3145
-6.4101,4.1656,4.9634,0.2247,-0.1415,-0.5169
-6.4101,4.1656,4.9634,0.1704,0.5732,-1.023
-5.8639,3.7394,4.5561,0.2077,0.6403,-1.2573
-5.3707,2.4959,4.8198,0.2077,0.6403,-1.2573
-5.3707,2.4959,4.8198,0.3941,0.3623,-1.529
-5.5407,1.9569,5.1382,0.4985,0.096,-1.5993
-5.4593,1.8348,5.4761,0.5794,-0.1042,-1.6919
-4.7982,2.2469,6.2928,0.5794,-0.1042,-1.6919
-4.9706,2.3738,6.2976,0.6402,-0.1873,-1.8326
-4.9706,2.3738,6.2976,0.8074,-0.2352,-2.1116
-3.7945,1.7247,6.7552,0.8074,-0.2352,-2.1116
-4.0722,1.502,6.1923,0.9416,-0.3162,-2.2874
-5.1334,1.2048,5.4665,1.0481,-0.3077,-2.4451
-5.1334,1.2048,5.4665,1.0982,-0.1021,-2.4376
-5.8927,0.697,4.9874,1.1152,-0.101,-2.297
-6.5684,0.2995,4.882,1.1227,-0.1596,-2.0605
-7.4307,0.0215,4.7934,1.1078,-0.2523,-1.7143
-8.2812,0.1149,4.9874,1.1057,-0.3918,-1.3106
-8.7915,-0.043,5.9409,1.1057,-0.3918,-1.3106
-7.8428,0.515,6.039,1.1238,-0.5559,-0.8973
-6.1851,1.7031,5.6844,1.1291,-0.6635,-0.5776
-6.1851,1.7031,5.6844,1.0833,-0.8073,-0.4806
-4.0291,2.8745,6.1013,1.0833,-0.8073,-0.4806
-4.0291,2.8745,6.1013,1.1493,-0.7018,-0.7812
0.3354,2.2565,6.5014,1.0481,0.1322,-1.301
4.961,9.2559,1.0995,1.0481,0.1322,-1.301
0.4456,4.0099,2.817,0.5272,0.0661,-2.836
-3.2698,4.1608,2.9343,0.344,0.2472,-3.898
-4.5322,1.3054,4.3095,0.18,0.1961,-4.2208
-4.5322,1.3054,4.3095,-0.0054,0.0075,-4.4115
-6.039,-2.5704,5.2196,-0.0054,0.0075,-4.4115
-7.5575,-3.4159,6.3072,-0.2014,-0.1298,-4.5255
-7.5575,-3.4159,6.3072,-0.4571,0.2589,-4.3369
-10.576,-3.8423,7.7949,-0.4571,0.2589,-4.3369
-11.4167,-3.998,7.8188,-0.4507,0.4656,-3.9918
-12.6674,-3.67,7.6512,-0.342,0.6392,-3.6168
-13.8339,-3.2219,8.1974,-0.2025,0.6722,-3.2237
-13.8339,-3.2219,8.1974,0.0841,1.0877,-2.4088
-15.0652,-3.0253,8.7412,0.0766,1.7492,-2.0562
-14.7824,-3.4901,8.7412,-0.0225,2.6473,-1.7676
-13.2686,-2.908,8.5541,-0.0491,3.2417,-1.5684
-12.533,-2.2254,7.8116,0.0287,3.4313,-1.4459
-12.0634,-1.9545,7.7733,0.1821,3.5485,-1.318
-12.217,-1.593,7.445,0.2982,3.6795,-1.2168
-12.3606,-1.6624,7.0691,0.3238,3.9288,-1.1519
-12.2146,-2.3642,6.2425,0.2972,4.1397,-1.1082
-12.823,-3.1022,5.1334,0.1715,4.3815,-0.9101
-14.7536,-3.2339,3.2746,0.1864,4.0992,-0.6117
-14.6315,-3.1789,3.5356,0.4548,2.9775,-0.1557
-15.9082,-3.9429,0.9415,0.4548,2.9775,-0.1557
-14.0638,0.9726,6.9563,1.0258,-0.2491,0.5898
-14.0638,0.9726,6.9563,1.1738,0.8619,0.9488
-12.4971,-3.8998,0.8167,1.486,0.2217,1.1182
-11.5798,-1.1905,4.4149,1.486,0.2217,1.1182
-11.5798,-1.1905,4.4149,2.0377,0.2003,1.1842
-9.5124,-0.3235,1.739,2.0377,0.2003,1.1842
-9.1626,0.2346,1.8468,2.1517,0.0022,1.0202
-9.7183,0.3259,2.1104,2.2029,0.0022,0.8476
-9.7183,0.3259,2.1104,2.5767,-0.476,0.6463
-9.0716,-0.7903,3.5236,2.5767,-0.476,0.6463
-9.5818,-5.4785,10.5976,2.7845,-0.8893,0.479
-11.7378,-7.1314,8.0511,2.7461,0.3825,0.6889
-10.3893,-1.6696,-1.1953,2.3467,3.2449,1.442
-10.3893,-1.6696,-1.1953,0.899,4.1024,1.6966
-4.2449,3.3177,1.3652,0.899,4.1024,1.6966
-4.803,2.2493,2.4983,0.6561,4.5882,1.3216
-4.803,2.2493,2.4983,0.5613,6.5184,0.7794
-7.4714,0.7089,-0.9606,0.5613,6.5184,0.7794
-5.6006,0.7137,-0.0694,0.5304,6.8827,0.8721
-5.6006,0.7137,-0.0694,2.7483,4.9674,0.2671
-6.0797,-1.1881,4.0435,2.7483,4.9674,0.2671
-4.9203,-1.2838,1.411,3.8614,6.0348,0.4908
-4.9203,-1.2838,1.411,4.6892,8.747,1.4377
-3.6314,-2.0985,-0.884,4.8309,9.1422,1.8159
-2.2134,-1.4517,-5.5503,4.8309,9.1422,1.8159
-5.2172,-2.5728,-6.1899,4.9534,8.8226,2.0385
-7.9146,-4.7189,-6.5708,4.6711,9.2487,2.5158
-6.2066,-5.9864,-5.7395,4.0297,10.3225,3.1666
-6.2066,-5.9864,-5.7395,2.7483,11.1448,4.0935
0.1364,-0.4312,-24.4097,2.7483,11.1448,4.0935
0.5198,0.2537,-14.5549,2.3403,7.6125,3.8026
-1.4086,-1.8755,1.6888,1.8226,2.8433,2.8897
3.0134,3.198,-17.8368,1.2953,4.3474,2.4572
3.2914,6.0342,-17.8607,0.6924,5.5479,2.0673
0.5916,2.9248,-17.19,-0.3495,2.2392,1.2588
-3.7178,-1.5858,-16.8402,-1.256,1.1868,0.527
-3.7178,-1.5858,-16.8402,-3.1297,0.4326,1.1139
-7.2655,-3.9668,-15.3261,-3.6187,0.635,2.0662
-7.8811,-3.2196,-12.5689,-3.5473,1.0834,2.9621
-4.2784,0.2585,-6.4703,-3.5473,1.0834,2.9621
-3.593,0.5773,-4.1727,-3.1649,1.4445,3.614
-3.593,0.5773,-4.1727,-1.5404,1.8664,4.3183
-3.2746,1.1833,-6.8701,-1.5404,1.8664,4.3183
-3.2746,1.1833,-6.8701,-1.2464,1.9069,5.0245
-4.7692,-0.3642,-8.904,-1.6959,1.9622,5.6839
-3.8783,-0.2705,-11.3616,-2.1742,1.616,6.1313
-1.5714,0.8382,-10.2956,-2.6823,1.011,6.306
0.515,0.6778,-10.2262,-3.2086,0.6627,6.2069
1.739,-1.0301,-10.509,-3.2086,0.6627,6.2069
1.739,-1.0301,-10.509,-4.1907,0.8597,5.4229
0.9415,-1.0684,-9.9221,-4.5689,1.1814,4.8935
0.752,0.2298,-9.7423,-4.8119,1.4829,4.2618
1.6098,1.8827,-8.9279,-4.831,1.7705,3.6279
1.763,2.7021,-7.3469,-4.5902,1.6597,3.0921
1.9883,3.265,-6.9922,-4.1364,1.273,2.6894
1.8133,3.8567,-6.1085,-3.5612,0.9449,2.406
0.764,5.4498,-6.1539,-3.5612,0.9449,2.406
0.764,5.4498,-6.1539,-2.3436,0.488,1.9736
1.49,6.1037,-5.0089,-2.3436,0.488,1.9736
1.49,6.1037,-5.0089,-0.7436,0.0438,1.5294
2.3906,6.0701,-4.1608,-0.1002,-0.0861,1.2279
2.3092,6.1396,-6.3575,-0.1002,-0.0861,1.2279
2.3092,6.1396,-6.3575,0.2535,-0.0691,0.8774
-0.503,8.7579,-7.9122,-0.5018,-0.0573,1.5166
-2.4217,14.0159,-6.1827,-0.0288,0.3452,1.7701
-1.9668,3.3393,-3.2435,0.4889,-0.3609,1.801
3.5116,6.2737,-3.5093,0.7829,-0.5537,1.6007
3.974,7.3588,-4.3574,0.7541,-0.5878,1.3078
2.0602,6.3622,-7.524,0.7541,-0.5878,1.3078
2.0602,6.3622,-7.524,0.4058,-0.5537,1.3035
3.5356,5.2172,-7.2415,0.4058,-0.5537,1.3035
3.4518,4.6232,-5.96,0.1885,-0.5633,1.278
3.4518,4.6232,-5.96,0.3174,-0.7742,1.2098
3.3273,4.7548,-6.0127,0.3174,-0.7742,1.2098
3.3273,4.7548,-6.0127,0.4346,-0.5857,1.0607
4.4556,4.5681,-7.4474,0.4346,-0.5857,1.0607
4.1871,4.9467,-6.93,0.2183,-0.4387,0.9275
4.1871,4.9467,-6.93,-0.0278,-0.183,0.8135
4.1656,4.8102,-6.4532,-0.0693,-0.0818,0.773
4.7934,5.2938,-6.2808,-0.0693,-0.0818,0.773
4.7934,5.2938,-6.2808,-0.2589,-0.1479,0.5611
5.064,5.7969,-6.5014,-0.5881,-0.1894,0.4109
5.3396,5.6868,-7.1386,-1.0824,-0.2395,0.2905
4.6495,5.2627,-7.9888,-1.0824,-0.2395,0.2905
4.6495,5.2627,-7.9888,-2.4128,-0.0978,0.1776
4.7189,4.5729,-5.0089,-2.4128,-0.0978,0.1776
4.8389,4.604,-2.647,-2.7793,-0.0978,0.1637
4.8389,4.604,-2.647,-1.9282,-0.0499,0.0561
5.3731,4.8222,-1.1258,-1.1367,0.0129,-0.0428
5.064,5.131,-1.4948,-0.5146,0.1098,-0.0205
3.9309,5.4306,-2.8553,-0.1045,0.1801,0.1488
4.6232,6.5852,-4.1296,-0.1045,0.1801,0.1488
5.2292,6.3503,-4.5681,0.2226,0.1343,0.2798
5.2292,6.3503,-4.5681,0.9267,-0.0605,0.2117
5.9289,6.1037,-4.7309,1.2495,-0.1351,0.0956
6.0055,6.4149,-6.2401,1.3304,-0.1266,-0.0023
4.5465,8.8944,-12.8374,1.3304,-0.1266,-0.0023
4.1799,9.3568,-10.3531,0.8468,-0.1202,0.0327
4.1799,9.3568,-10.3531,-0.3953,0.375,0.3118
7.5145,7.299,-7.5288,-0.3953,0.375,0.3118
5.2986,7.5001,-7.1481,-0.2248,0.3857,0.0753
5.0353,7.3708,-7.0955,-0.1716,0.2866,0.0189
5.0353,7.3708,-7.0955,0.1118,0.3047,0.1371
4.7982,6.9084,-7.6416,0.1523,0.178,0.1904
5.1406,7.2128,-8.3458,0.1033,0.0725,0.1776
5.6269,7.0619,-10.0394,0.1033,0.0725,0.1776
4.8557,7.3038,-9.2128,-0.0203,-0.0019,0.1105
5.0855,7.6225,-8.722,-0.1023,0.031,0.1424
5.7299,7.4091,-9.2152,0.1331,0.2398,0.2362
5.7299,7.4091,-9.2152,0.4591,0.3836,0.1509
5.9624,6.4751,-9.5196,0.3952,0.4049,0.0487
5.8352,5.4521,-9.443,0.2577,0.4613,-0.0407
5.5335,4.8533,-9.2464,0.0564,0.4752,-0.1217
5.3034,4.264,-8.8657,-0.0448,0.6307,-0.1366
5.4091,3.5835,-7.3181,-0.0448,0.6307,-0.1366
4.9467,3.5715,-7.3708,-0.0256,0.7021,-0.1728
4.9467,3.5715,-7.3708,-0.2217,0.4965,-0.4018
4.6495,4.2063,-7.7925,-0.2217,0.4965,-0.4018
4.3119,4.0075,-9.1147,-0.5199,0.5007,-0.5105
6.3287,4.1129,-6.59,-0.9897,0.8331,-0.5616
5.2938,4.4987,-3.4638,-1.4243,0.9524,-0.9399
5.2938,4.4987,-3.4638,-0.0182,0.5934,-1.3692
2.7931,4.5585,-4.5106,0.3408,0.4709,-1.0272
2.1799,3.8184,-4.2329,0.3408,0.4709,-1.0272
1.6792,3.7418,-4.7117,0.6039,0.3463,-0.7524
1.6217,3.7585,-4.3358,0.7872,0.3111,-0.5232
2.1942,3.5332,-3.816,0.9086,0.2994,-0.2463
2.5393,3.0636,-3.0951,1.0812,0.1727,0.021
3.3752,3.2746,-4.1009,1.3081,0.1258,0.1968
5.8041,3.55,-5.2436,1.6628,0.2909,0.2489
5.9073,2.8889,-6.8725,1.8481,0.3484,-0.0268
5.1478,2.132,-7.8116,1.7192,0.3015,-0.5211
5.1478,2.132,-7.8116,0.6721,0.3143,-1.1615
4.6686,2.6877,-8.3315,-0.6563,0.358,-0.8738
4.3287,4.077,-3.514,-0.6563,0.358,-0.8738
7.1529,2.8625,-1.9716,-1.5553,0.456,-0.7492
7.1529,2.8625,-1.9716,-1.0089,0.3687,-1.9252
3.5978,4.5346,-6.8366,-1.0089,0.3687,-1.9252
3.5978,4.5346,-6.8366,-1.4126,1.2166,-2.1329
