andar
-0.4668,-7.7862,-0.8116,0.8843,0.5787,1.2352
-1.1396,-7.554,-0.1939,0.7188,0.4975,1.2951
-1.1204,-7.5061,0.8499,0.6852,0.4572,1.2804
-1.4149,-7.5324,1.0127,0.7652,0.5207,1.245
-1.7477,-7.7335,1.2138,0.9778,0.7577,1.1069
-1.8435,-7.9873,1.4389,1.0725,0.9837,1.0202
-1.0079,-8.7223,1.6998,1.1201,1.2452,0.9786
-0.7661,-8.9234,1.6304,1.1464,1.5207,0.9774
-0.2202,-9.1868,1.3646,1.1861,1.8133,0.9792
0.3734,-9.3041,0.656,1.2521,2.1762,0.9799
0.723,-9.1317,0.3184,1.2655,2.5292,0.9634
0.7829,-9.1341,0.4525,1.216,2.6135,0.9224
1.0295,-9.261,1.3359,1.1647,2.5561,0.8748
1.5705,-9.8261,1.8914,1.1763,2.247,0.8375
2.7054,-11.0615,1.0726,1.2588,1.663,0.8155
2.8874,-11.1836,0.7493,1.3492,0.9312,0.7923
3.7876,-11.423,-0.79,1.4005,0.0595,0.7355
4.5346,-11.0064,-2.1523,1.3687,-0.018,0.6811
4.6926,-9.8141,-3.8163,1.2686,0.3747,0.6084
4.2592,-9.5387,-4.7357,1.1415,1.109,0.515
3.0789,-10.6042,-5.0376,0.9943,2.0076,0.4148
2.6862,-11.6863,-2.9688,0.5838,3.0124,0.2847
2.7557,-12.802,1.0342,0.0902,2.9281,0.1857
2.6288,-13.415,2.0925,-0.4399,2.1224,0.0678
2.2481,-14.5546,2.5594,-0.7936,0.9257,-0.0549
2.3271,-14.8781,2.7509,-0.8339,-0.098,-0.1275
2.3271,-14.8781,2.7509,0.0077,-0.2,0.0483
5.5117,-14.4253,1.4628,0.0077,-0.2,0.0483
7.8891,-14.545,-0.3208,0.235,0.1731,0.135
8.945,-13.8435,-1.3335,0.1611,0.3472,0.03
8.0663,-12.814,-4.4867,-0.1076,0.426,-0.2644
7.9059,-13.1995,-4.973,-0.3532,0.558,-0.6388
7.6856,-13.5323,-4.7979,-0.8303,0.8176,-1.0658
6.8477,-12.6895,-3.6774,-1.3275,0.5739,-1.298
4.3478,-11.5642,-1.3718,-1.8516,-0.1237,-1.5221
3.7493,-11.9306,-1.2378,-2.2536,-0.9783,-1.6859
1.1133,-13.0319,-1.0462,-2.4656,-1.5506,-1.8361
-2.0015,-13.9848,-0.3974,-2.57,-1.5158,-2.0652
-5.5572,-16.432,0.4955,-2.5957,-0.6246,-2.2955
-7.1876,-17.9499,1.8411,-2.5156,-0.0821,-2.202
-9.2251,-19.2427,4.1395,-2.3855,0.0229,-1.9595
-9.5292,-19.3241,5.7966,-2.1644,-0.3258,-1.6058
-9.4909,-18.1558,5.7631,-1.8987,-0.7425,-1.1758
-8.8229,-17.4423,5.0185,-1.6617,-0.787,-0.7702
-6.6537,-15.8526,2.2697,-1.3666,-0.2006,-0.2357
-3.2106,-14.4397,-1.8555,-1.0966,0.12,-0.0842
-3.2106,-14.4397,-1.8555,-0.5083,-0.2354,-0.659
0.5746,-12.7398,-4.9299,-0.5083,-0.2354,-0.659
1.4101,-12.6153,-1.6807,-0.4564,-0.2067,-1.2503
1.3599,-11.7773,1.288,-0.4882,0.4541,-2.1159
0.0526,-9.6728,2.0853,-0.3837,0.8713,-2.5411
-0.1819,-9.34,2.0973,-0.1925,1.1401,-2.7543
-0.5482,-8.016,2.2266,-0.1724,1.0161,-2.7708
-0.2657,-7.3648,2.4588,-0.4167,0.5458,-2.5869
-0.7852,-6.6442,2.3127,-0.7912,-0.0198,-2.3157
-0.9959,-6.5316,2.3271,-1.2866,-0.8298,-1.9852
-1.9249,-6.127,2.8371,-1.4986,-1.1377,-1.8154
-2.4396,-5.6769,3.1196,-1.6146,-1.3808,-1.6443
-2.6719,-4.865,2.6288,-1.6623,-1.7577,-1.458
-2.7317,-4.1012,2.2481,-1.6836,-2.2464,-1.298
-2.691,-3.0071,1.9608,-1.7325,-2.9434,-1.1532
-2.9496,-2.0518,1.9297,-1.7368,-3.2537,-1.1025
-3.5601,-1.0821,2.5546,-1.658,-3.3698,-1.0628
-4.0414,-0.8044,3.0669,-1.476,-3.2275,-0.9876
-4.6519,-0.6512,3.5625,-1.1748,-2.7827,-0.8704
-5.2196,-0.5267,3.5458,-0.7765,-2.1029,-0.7225
-5.1693,-0.6871,2.7772,-0.2249,-1.2055,-0.4525
-5.0065,-0.8092,2.6312,0.0255,-0.8927,-0.2625
-4.537,-1.3048,2.1811,0.2093,-0.8249,-0.1037
-3.7972,-1.9369,1.8076,0.3761,-0.9996,0.033
-1.5897,-3.5218,0.541,0.5777,-1.1798,0.1766
-0.9792,-3.9528,-0.055,0.8287,-1.3252,0.3238
0.237,-5.3226,-3.4883,1.2362,-1.5286,0.471
0.2202,-6.8429,-9.5028,1.4219,-1.7907,0.5058
8.0448,-14.1739,-20.2483,1.4237,-2.2348,0.573
9.5938,-15.9316,-23.2961,1.2386,-2.6343,0.7746
16.9012,-25.4177,-37.808,1.1549,-2.503,0.8919
14.6073,-32.6266,-9.6082,-0.1168,0.3656,0.0367
6.5125,-31.4654,2.0135,-1.6165,0.8555,-1.1208
6.5412,-24.1269,-3.5673,-0.705,-0.7693,-1.7146
6.1246,-13.8675,-8.3895,0.8813,-1.1652,-1.5606
4.1659,-7.4103,-8.9306,0.9552,-0.8029,-1.3652
1.7381,-0.6607,-6.8285,-0.0795,-0.7101,-1.3566
-0.5195,0.7565,-4.7261,-1.454,-0.5073,-1.2906
-4.7333,-0.0694,5.3465,-1.6268,0.1792,-1.1947
-6.0169,-5.4064,12.0479,-1.0691,0.9581,-0.8893
-0.9169,-19.6474,2.4684,0.3712,0.8182,-0.2131
2.1332,-28.3626,-26.8015,1.9393,0.1182,0.5681
-1.7429,-32.1933,-4.4268,1.8049,1.7864,0.7966
-3.7876,-18.6083,11.9713,-1.3043,3.1609,0.2951
-5.3657,-2.6431,7.2331,-1.8687,2.451,0.1986
-6.0624,-0.1508,5.5093,-1.1595,0.3039,0.1515
-6.2922,2.0829,4.9754,-0.4326,-2.2635,0.1161
-5.9163,0.8236,7.2954,0.3541,-4.1694,0.2004
-7.8987,-4.9682,7.7958,1.8251,-2.4425,0.5345
-7.8437,-5.9403,7.5587,2.6082,0.4138,0.9114
-7.1182,-9.1126,5.9091,2.9558,2.7718,1.5089
-5.1286,-12.6129,2.0781,2.9833,4.2879,2.1393
-1.7812,-16.5612,0.4237,2.7969,4.6111,2.6072
-0.3232,-17.3561,0.6584,2.381,3.3038,2.799
1.0821,-16.7288,0.8619,1.8147,-0.1835,2.5498
1.7118,-14.6671,0.8475,1.6809,-1.5036,2.1613
2.3104,-11.8252,1.0247,1.6687,-1.5787,1.7495
2.5354,-10.8915,1.2832,1.6913,-0.9477,1.402
2.1475,-9.5268,1.3407,1.6803,-0.2874,1.1375
0.8236,-8.6649,1.3527,1.629,0.2868,0.8522
-0.2442,-8.1166,0.6081,1.5447,0.4346,0.7819
-0.3184,-8.0711,0.3351,1.4219,0.5018,0.8522
-0.4357,-8.2195,0.2561,1.2808,0.58,0.9939
-0.2082,-8.4614,0.7781,1.1464,0.6301,1.1216
-0.383,-8.4446,1.3359,1.081,0.6282,1.2059
-0.5075,-8.3416,1.3814,1.1647,0.5054,1.1521
-0.8188,-7.9873,1.3359,1.2337,0.3662,1.0458
-1.1563,-7.7383,1.0438,1.2661,0.2959,0.942
-1.13,-7.8532,1.0486,1.26,0.3814,0.8668
-1.0175,-7.9897,1.1061,1.2142,0.6496,0.843
-0.8259,-8.3608,1.2258,1.1207,1.3075,0.8607
-0.6655,-8.7774,1.1037,1.1134,1.7876,0.8491
-0.4884,-9.1198,0.6631,1.1763,2.2708,0.8284
-0.5003,-9.1485,0.4237,1.2466,2.6453,0.8094
-0.6871,-8.9905,0.462,1.2655,2.784,0.7734
-0.711,-9.0001,0.7876,1.2411,2.6361,0.7276
0.2298,-9.5148,0.8954,1.1983,1.9049,0.7239
0.7924,-10.1804,0.5985,1.2026,1.2055,0.799
1.6903,-11.0591,0.067,1.2325,0.5128,0.8821
2.4109,-11.8013,-0.2896,1.2618,0.0583,0.9175
2.9472,-11.9401,-0.7924,1.2508,-0.0394,0.9029
3.0119,-11.7701,-1.1587,1.1256,0.3185,0.8161
2.7006,-10.8364,-2.4205,1.0077,0.7962,0.7453
2.1763,-10.348,-3.9049,0.9185,1.4804,0.6818
1.2066,-11.1285,-4.4101,0.8666,2.3148,0.6225
1.1659,-11.3081,-4.1635,0.7829,3.0155,0.5101
1.7405,-11.8156,-1.3048,0.5905,3.2427,0.3708
3.0813,-12.0239,2.8706,-0.06,2.3484,0.2493
4.3957,-13.5706,4.1563,-0.5829,1.0351,0.1729
4.4196,-13.8148,3.7086,-0.9152,-0.4828,0.0348
5.131,-14.5426,2.6743,-0.9469,-1.4908,-0.1208
7.0416,-14.914,1.4987,-0.5535,-1.1823,-0.2039
8.6194,-14.9787,-0.6991,0.1061,0.0974,-0.2131
8.9091,-14.4014,-2.1356,0.5532,1.349,-0.3829
8.3584,-13.1348,-3.8307,0.3791,1.434,-0.6223
7.6545,-12.723,-4.604,-0.0221,1.2318,-0.8704
6.8165,-13.3767,-3.8139,-0.5346,0.8127,-1.0646
6.3233,-12.9457,-3.2848,-1.0881,0.1908,-1.1831
5.7296,-12,-1.81,-1.829,-0.9001,-1.3016
4.9275,-11.9377,-0.9959,-2.1846,-1.4193,-1.4049
1.4365,-13.0247,-0.9457,-2.3947,-1.7058,-1.6315
-0.541,-13.5873,-0.8403,-2.548,-1.6441,-1.9595
-3.8714,-14.9404,-0.4836,-2.6531,-1.1902,-2.2411
-7.0248,-17.3896,0.8499,-2.6836,-0.558,-2.323
-10.3935,-19.5468,4.5394,-2.5767,0.0076,-2.0011
-10.6329,-19.5133,5.1143,-2.3843,-0.1609,-1.6034
-10.9465,-18.8788,6.127,-2.0929,-0.616,-1.1367
-10.6951,-17.7703,5.3034,-1.7826,-0.8707,-0.659
-6.4981,-14.6576,1.2665,-1.4949,-0.6973,-0.2228
-5.7439,-14.2481,0.3495,-1.121,-0.1249,0.1576
-2.0805,-12.917,-3.9887,-0.8254,-0.0106,0.0477
0.2466,-12.0072,-5.5237,-0.6073,-0.1114,-0.3603
1.6735,-12.0407,-1.7405,-0.5933,-0.0387,-1.0017
1.8052,-11.9713,0.1915,-0.6311,0.4401,-1.6901
2.1188,-11.5666,1.4604,-0.4876,1.0015,-2.2925
1.209,-10.494,1.7788,-0.1082,1.4431,-2.8318
0.2968,-8.8444,2.4564,-0.1101,1.1114,-2.9943
0.2489,-8.2291,2.6216,-0.3691,0.5586,-2.9583
0.0933,-7.4342,2.545,-0.713,0.0595,-2.7695
-0.5243,-6.8572,2.3127,-1.027,-0.415,-2.5209
-2.2266,-6.4861,2.533,-1.2976,-0.9385,-2.2662
-2.5163,-6.3856,2.8323,-1.5957,-1.5598,-1.863
-2.8251,-5.8206,3.0645,-1.7117,-1.8542,-1.582
-3.031,-4.9682,2.8658,-1.7618,-2.214,-1.3536
-3.3854,-3.0358,2.4301,-1.7844,-2.5915,-1.2112
-3.3901,-2.6599,2.3678,-1.7918,-2.9184,-1.1275
-3.5434,-1.6472,2.2673,-1.7252,-3.1932,-1.0353
-3.9719,-0.9026,2.5378,-1.5798,-3.1639,-0.9699
-4.7309,-0.0694,3.1459,-1.3342,-2.9251,-0.8795
-4.8841,0.0478,3.1172,-0.9702,-2.4272,-0.7409
-5.1813,0.2513,2.7868,-0.5316,-1.806,-0.5668
-5.1526,0.1532,2.193,-0.1357,-1.2806,-0.3499
-5.1526,0.1532,2.193,0.45,-0.7278,0.1796
-4.2329,-0.9768,1.9656,0.45,-0.7278,0.1796
-3.6607,-1.8004,1.4867,0.6162,-0.8683,0.3391
-2.6479,-2.7437,0.711,0.8,-1.0015,0.493
-0.2705,-4.671,-3.7588,1.0016,-1.1377,0.6537
0.2657,-5.6362,-7.5252,1.2991,-1.4126,0.8015
1.0342,-7.8891,-13.6328,1.307,-1.8249,0.8015
6.5699,-12.1149,-14.3918,1.0548,-2.4553,0.8345
17.0401,-25.9803,-43.2237,0.8031,-2.9941,0.8998
17.0999,-30.3306,-31.5325,1.0645,-2.3124,0.6824
10.1493,-36.3858,0.5051,-0.2255,0.8542,-0.1092
4.2951,-32.1574,0.881,-1.6262,0.5525,-1.6297
5.3226,-15.2732,-8.7104,0.078,-1.1102,-1.6315
4.2329,-11.7678,-9.5818,0.8471,-0.9685,-1.4036
2.7413,-5.6673,-9.3783,0.0652,-1.1096,-1.538
1.5418,-0.735,-7.6713,-1.1736,-1.3319,-1.6242
-2.8682,1.8483,3.5529,-1.9793,-1.2745,-1.5893
-3.3806,1.2497,5.6194,-1.8156,0.2629,-1.3083
-4.8051,-5.2483,9.261,-0.8144,1.324,-0.8734
-1.5777,-16.3338,2.5187,0.7829,0.8542,-0.218
1.2785,-33.309,-19.2332,2.1183,-0.0681,0.4734
-5.1981,-30.582,5.9403,1.8813,1.018,0.6103
-3.9193,-13.798,13.9369,-1.8229,2.8738,0.1442
-4.8793,-4.1946,6.7088,-1.6024,2.2971,0.2389
-6.2252,2.8538,3.7541,-0.8272,0.1695,0.1253
-6.2012,2.9376,4.3742,-0.071,-2.6893,0.066
-6.0767,-0.4979,9.2107,1.0089,-3.886,0.154
-6.4694,-3.9815,11.4781,2.1824,-1.7907,0.3806
-5.7248,-8.9091,9.1389,3.1995,2.5311,1.1295
-4.9371,-11.3057,5.4878,3.4158,3.9715,1.7587
-4.9371,-11.3057,5.4878,3.1256,3.5799,2.5791
1.0654,-19.0368,-1.0821,3.1256,3.5799,2.5791
3.6727,-18.3018,0.893,2.4811,1.434,2.5931
3.4356,-17.6338,0.4477,1.8574,-1.5653,2.0018
2.3319,-13.9106,-0.2849,1.723,-2.0937,1.4392
2.3319,-13.9106,-0.2849,1.5111,-0.6203,1.0122
0.9289,-7.1996,1.0941,1.5111,-0.6203,1.0122
0.9289,-7.1996,1.0941,1.5459,0.7302,1.0678
-0.6224,-6.6202,1.2162,1.5459,0.7302,1.0678
-0.6224,-6.6202,1.2162,1.4836,1.0638,1.3128
-2.6384,-8.0065,0.1268,1.4836,1.0638,1.3128
-2.4133,-8.7654,-0.0191,1.3327,1.123,1.4508
-1.6639,-9.7973,0.4429,1.1867,1.1102,1.5736
-1.154,-10.2738,0.9504,1.1226,0.9062,1.6078
-0.7134,-9.6537,1.1348,1.1769,0.5024,1.5333
-0.6081,-9.1317,1.142,1.3816,-0.0467,1.3164
-0.4596,-8.1812,1.1492,1.3926,-0.2391,1.1613
-0.2537,-7.6138,1.2928,1.2997,-0.2556,1.0434
0.2466,-7.7431,1.537,1.2038,-0.0137,0.9682
0.4189,-7.9346,1.5729,1.1549,0.4847,0.931
0.8714,-8.6912,1.2761,1.1232,1.382,0.9017
1.0486,-9.4095,0.7015,1.1531,1.9538,0.8723
0.7757,-9.8668,0.0383,1.2454,2.5079,0.8039
0.553,-9.747,0.1244,1.3321,2.9263,0.7153
-0.0622,-9.2802,0.8475,1.3278,3.0173,0.6158
-0.3687,-8.945,1.5394,1.2429,2.7039,0.5419
-0.0023,-8.9713,1.5227,1.1464,1.6691,0.581
0.3112,-9.1293,1.403,1.1543,0.8573,0.7062
1.233,-9.7207,0.9816,1.2008,0.1951,0.8687
2.0733,-10.3767,0.4716,1.2429,-0.2043,0.9933
2.7509,-11.0519,-0.4213,1.2502,-0.3277,1.0336
2.9568,-11.3679,-1.221,1.1879,-0.0021,0.9689
2.6815,-11.6241,-2.6719,1.1354,0.5476,0.8723
1.798,-11.2267,-4.5465,1.1201,1.3759,0.7441
0.5626,-11.1907,-5.7296,1.1415,2.3301,0.5736
0.62,-11.4589,-4.8051,1.067,3.0815,0.4032
1.8459,-11.6528,-0.6105,0.7255,3.2501,0.3042
3.1842,-12.0072,3.6248,-0.2518,2.0363,0.2523
3.6391,-13.2953,4.2664,-0.8266,0.561,0.1747
3.7469,-13.8148,3.3542,-1.0636,-0.8347,0.0397
5.2986,-14.9045,1.9249,-0.8382,-1.3271,-0.0542
7.2858,-15.2971,0.3758,-0.1809,-0.4786,-0.072
8.5571,-14.4947,-1.5586,0.34,0.5616,-0.1477
8.6984,-14.0805,-2.6623,0.3504,1.0436,-0.4983
8.6984,-13.6113,-3.596,0.0419,0.8891,-0.805
7.9394,-13.7573,-2.6431,-0.4515,0.7162,-1.1129
6.0097,-12.7973,-1.8914,-1.0056,0.3875,-1.3804
5.6482,-12.4046,-1.9608,-1.4753,-0.1365,-1.5551
4.5896,-12.249,-2.4995,-2.0111,-0.8982,-1.6816
2.2816,-12.8499,-2.7581,-2.245,-1.1291,-1.8221
-2.0638,-14.0398,-2.1715,-2.4839,-1.0797,-2.0976
-5.0712,-15.0002,-1.5969,-2.7044,-0.7577,-2.312
-7.8556,-16.7887,-0.8331,-2.8186,-0.2715,-2.3175
-10.0703,-18.7998,1.221,-2.804,0.1744,-2.0738
-11.4445,-19.3936,4.3335,-2.6091,0.258,-1.4238
-11.3392,-18.9004,5.5907,-2.3501,-0.1518,-0.9467
-10.5036,-17.9834,6.297,-2.0502,-0.5036,-0.5026
-9.0192,-16.6618,5.9905,-1.7484,-0.4303,-0.1477
-4.1922,-14.0614,2.1332,-1.4436,0.0229,0.0507
-2.0135,-13.5251,0.4285,-0.895,0.558,-0.064
1.3551,-12.5076,-4.4795,-0.5462,0.5592,-0.4715
2.6288,-12.656,-4.4508,-0.3153,0.4089,-1.1312
2.6479,-12.4094,-0.3854,-0.3171,0.4853,-1.8422
2.5354,-12.2681,0.2705,-0.3807,0.6215,-2.4195
1.4891,-11.2698,2.1284,-0.4063,0.8726,-2.8196
-0.0143,-9.9577,3.1555,-0.4045,1.0558,-3.0982
-0.9457,-8.1501,3.0214,-0.5114,0.773,-2.9882
-0.9959,-7.9682,2.7988,-0.735,0.2623,-2.6791
-1.1994,-7.5683,2.114,-1.0416,-0.3216,-2.2967
-2.1667,-7.1158,2.205,-1.3745,-0.773,-1.9534
-3.5242,-6.5843,2.7509,-1.6812,-0.974,-1.7152
-4.1323,-5.8924,2.6862,-1.964,-1.2965,-1.4177
-4.2904,-4.6375,2.2601,-2.0086,-1.7088,-1.221
-4.2832,-3.1028,1.8555,-1.9811,-2.1847,-1.0573
-4.3311,-1.2066,1.6328,-1.939,-2.6655,-0.954
-4.264,-0.4788,1.6735,-1.8602,-2.9917,-0.8942
-4.2664,0.4141,2.0398,-1.6061,-3.0173,-0.8258
-4.2521,0.7493,2.6886,-1.3025,-2.6502,-0.7635
-4.7285,0.3615,3.11,-0.892,-1.9843,-0.6895
-4.786,0.1723,3.0119,-0.4259,-1.2324,-0.5802
-4.2568,-0.1436,2.7174,-0.0099,-0.674,-0.3975
-3.4979,-0.4429,2.5234,0.3016,-0.4101,-0.1501
-2.6264,-1.142,2.2505,0.5948,-0.4352,0.1931
-2.3606,-1.2066,2.1212,0.7603,-0.5604,0.3519
-1.6304,-1.4652,1.7381,0.9479,-0.7296,0.4753
-0.0766,-2.5043,0.2801,1.1879,-0.8836,0.5816
2.4492,-5.3058,-6.2539,1.4634,-1.0833,0.6671
2.8275,-6.0624,-7.8293,1.7579,-1.5476,0.6775
6.0719,-9.1676,-15.8406,1.756,-1.9801,0.6225
13.8268,-17.4471,-33.8189,1.5111,-2.3099,0.4967
22.2714,-31.8006,-28.3721,0.9045,-2.1945,0.1656
20.945,-39.0793,-1.9488,-0.9323,-1.1475,-0.7158
10.7766,-37.6715,4.4412,-2.1503,0.6588,-2.1049
5.6123,-25.116,-6.2731,0.8251,1.2959,-3.3022
3.9288,-11.6792,-9.5076,1.924,0.9923,-2.7701
2.6791,-7.9107,-9.0168,0.9955,-0.1139,-2.0188
1.0965,-2.7269,-7.4055,-0.5206,-1.0589,-1.4592
-0.9888,0.6631,-5.0353,-1.4827,-1.2519,-1.0304
-6.3401,0.5171,6.2515,-1.7973,-1.1713,-0.7409
-6.3401,0.5171,6.2515,-0.2848,-0.7437,0.267
-4.6615,-9.7159,13.1755,-0.2848,-0.7437,0.267
-0.6488,-18.4694,2.4732,1.2001,-1.2495,0.9377
-3.8857,-27.4073,-11.4326,2.1904,-1.0442,1.201
-6.5939,-23.4015,-2.1284,1.4243,0.5018,0.9536
-7.1709,-11.7845,6.1629,-2.0251,2.2745,0.5822
-7.2188,-4.4244,7.1445,-1.8706,1.7919,0.777
-6.5316,0.6057,6.3449,-1.1381,-0.3271,0.8412
-6.0719,0.4596,7.0703,-0.1748,-2.3215,0.9023
-4.973,-2.0111,8.8253,0.8782,-2.5824,1.0135
-6.2036,-5.0616,8.8708,1.8971,-0.663,1.1344
-5.7942,-9.1006,8.6433,2.7664,2.4193,1.424
-4.4364,-12.1053,6.6322,2.8843,3.4602,1.8326
-1.8507,-15.6299,2.0685,2.8733,3.5769,2.1747
1.7238,-18.4431,-1.2042,2.7438,2.5408,2.3219
3.9959,-18.2563,-2.2433,2.45,0.5677,2.2095
3.4356,-16.1303,-1.7166,1.8361,-1.9184,1.5712
2.4684,-12.9984,-0.1532,1.4909,-2.0338,1.1045
2.1835,-10.8843,0.5937,1.2612,-1.3582,0.8956
1.4317,-8.21,1.2976,1.1751,-0.5665,0.8687
0.9696,-7.7359,1.312,1.1598,-0.0143,0.8943
-0.2298,-7.269,1.0414,1.1696,0.2244,0.9359
-1.5993,-7.4726,0.407,1.1256,0.156,1.0318
-2.363,-8.119,0.5003,1.059,0.2525,1.1118
-2.3151,-8.1884,0.6607,0.9827,0.5152,1.2089
-1.9632,-8.5021,1.5155,0.9644,0.7559,1.2883
-1.4556,-8.6816,1.4987,1.0706,0.8347,1.3024
-1.1971,-8.514,0.869,1.3901,0.7003,1.1735
-1.2162,-8.3225,0.8068,1.5263,0.5213,1.0379
-1.3096,-7.9179,0.6105,1.5251,0.3387,0.9273
-1.2569,-8.052,0.3806,1.4573,0.2904,0.8748
-1.1899,-8.3752,0.7062,1.3804,0.4492,0.8901
-0.7781,-8.7535,1.0917,1.3113,0.8206,0.9395
-0.3303,-9.0527,1.6184,1.2838,1.5818,1.0391
0.0478,-9.285,1.8004,1.3242,2.0467,1.0489
0.3734,-9.34,1.6089,1.3694,2.3582,1.0306
0.2777,-9.1724,1.3072,1.362,2.4449,0.9878
0.1628,-8.6433,0.8619,1.3235,2.3588,0.9371
0.2753,-8.4877,0.5722,1.2802,2.2024,0.9108
1.4269,-9.5244,0.2537,1.2875,1.8787,0.9762
2.0374,-10.3839,-0.0071,1.3101,1.4865,1.055
2.9089,-11.8037,-0.4381,1.3046,0.9679,1.102
3.5003,-12.6392,-0.5578,1.2496,0.536,1.0629
4.3742,-12.6488,-0.9911,1.1336,0.3411,0.9579
4.4244,-12.395,-1.233,0.9436,0.5097,0.7526
4.2544,-11.5068,-2.2649,0.8892,0.9019,0.6072
3.7253,-10.7215,-3.8187,0.8965,1.4871,0.4802
2.8921,-11.672,-4.1084,0.8868,2.1334,0.3916
2.8921,-11.672,-4.1084,0.384,2.5604,0.3122
3.0741,-12.0766,-0.5865,0.384,2.5604,0.3122
2.9305,-12.328,2.0709,-0.4418,1.3539,0.2511
2.691,-13.7238,3.2585,-0.8584,0.076,0.1906
3.0358,-14.6791,3.5865,-0.9457,-0.8958,0.1558
4.3502,-15.6347,3.5936,-0.713,-1.1707,0.1246
5.8134,-15.2372,1.98,-0.3214,-0.9392,0.0654
7.8724,-14.1596,-1.944,0.1421,-0.2874,-0.1007
8.7606,-14.205,-3.2656,0.1641,0.1511,-0.2766
9.2562,-14.7752,-3.3494,-0.132,0.4706,-0.5558
9.2562,-14.7752,-3.3494,-1.1455,0.1139,-1.3878
5.3848,-13.573,-2.9831,-1.1455,0.1139,-1.3878
4.8267,-13.1636,-2.7844,-1.5499,-0.3875,-1.6113
2.4396,-12.51,-2.3391,-2.1436,-1.123,-1.8172
-0.5099,-12.3471,-1.4772,-2.4875,-1.2568,-2.064
-6.2395,-13.5012,-1.6304,-2.7679,-1.0143,-2.2753
-7.2595,-14.0973,-1.8243,-2.8834,-0.5604,-2.3126
-9.9506,-16.1518,-0.711,-2.851,-0.0216,-2.1403
-11.2314,-17.4639,2.3678,-2.7649,0.3436,-1.797
-9.9673,-16.8557,6.6585,-2.4851,0.0241,-1.0842
-9.5555,-16.5014,6.8908,-2.1491,-0.4358,-0.6132
-7.8173,-15.3043,6.8118,-1.7948,-0.4627,-0.2961
-6.0073,-14.1236,5.0209,-1.4448,0.0339,-0.1746
-1.6112,-13.1708,-1.1156,-1.0435,0.6575,-0.2461
0.9433,-13.0367,-4.1754,-0.352,1.2244,-0.6614
2.0733,-13.0271,-3.8786,-0.1052,1.3564,-1.1605
2.7222,-13.0271,-1.5059,-0.0514,1.5512,-1.7781
2.545,-12.4357,0.6655,-0.0154,1.5702,-2.3169
1.944,-11.8515,1.2832,-0.0032,1.1817,-2.7396
0.9648,-10.4318,2.4588,-0.0508,0.7046,-3.0108
0.8643,-8.9881,3.1411,-0.4259,-0.1182,-3.0408
0.7374,-7.5444,2.612,-0.7362,-0.55,-2.8441
0.3687,-7.2834,2.387,-1.0123,-0.8927,-2.5881
-0.9911,-6.8836,2.0638,-1.2255,-1.1187,-2.3206
-2.3822,-6.7854,2.1308,-1.3654,-1.3081,-2.0218
-3.3183,-6.2467,2.4037,-1.4778,-1.5464,-1.4843
-3.3877,-6.0576,2.3989,-1.4747,-1.7296,-1.1685
-3.5506,-4.9706,2.1954,-1.4931,-2.0912,-0.9589
-3.5506,-4.9706,2.1954,-1.5407,-2.9678,-0.827
-3.1148,-1.9943,1.8722,-1.5407,-2.9678,-0.827
-3.0478,-1.6687,1.9752,-1.4839,-3.1902,-0.8441
-3.1603,-0.9026,2.3535,-1.2096,-3.0216,-0.8814
-3.5122,-0.4453,2.715,-0.9048,-2.5964,-0.8691
-3.9193,-0.3878,2.6455,-0.5413,-2.0583,-0.783
-3.9647,-0.4932,2.4468,-0.1693,-1.503,-0.6052
-3.7205,-0.6488,2.1619,0.144,-1.0265,-0.378
-3.5721,-0.9217,2.0111,0.373,-0.7779,-0.1581
-3.0478,-1.7477,1.9752,0.6259,-0.7736,0.0746
-2.636,-2.1667,1.7477,0.8068,-0.8781,0.2059
-1.6519,-3.134,1.1252,1.0199,-1.0448,0.3439
-0.4333,-4.5585,-0.2849,1.2441,-1.2574,0.4734
0.0885,-6.6801,-7.3433,1.4573,-1.506,0.5639
0.4237,-8.052,-11.9234,1.6381,-1.9746,0.6518
5.708,-12.9313,-21.2443,1.4946,-2.2989,0.7691
13.47,-20.3082,-32.4926,1.0804,-2.4291,0.8919
18.8788,-34.2284,-9.0767,0.3284,-1.8402,0.642
17.3226,-35.5886,-0.8595,-1.2053,-0.4694,-0.2338
6.8357,-31.8868,3.5553,-2.0581,0.6209,-1.4745
5.9451,-20.3561,-4.7117,0.4036,0.2,-2.3432
3.6224,-6.5316,-8.2195,1.2411,-0.1139,-1.7647
3.213,-5.1741,-7.8987,0.4134,-0.8005,-1.4226
1.8171,-0.3256,-5.0879,-0.8645,-1.1713,-1.2564
-0.8834,2.3008,-0.2585,-1.5523,-1.0338,-1.111
-6.1007,-0.1484,7.6497,-1.1607,-0.1169,-0.9229
-7.9203,-5.9953,10.3959,-0.2139,0.266,-0.549
-2.861,-16.2404,11.9521,1.1653,-0.1469,0.2548
8.4135,-31.0417,-34.7243,2.3571,-0.6203,1.0073
-3.0933,-29.8398,2.0901,2.6711,0.5006,1.0971
-6.376,-19.3481,12.1963,-0.6714,2.9807,0.2645
-7.2738,-6.2922,11.3943,-2.8901,3.2293,-0.2424
-9.0312,1.1276,4.2784,-1.9836,1.1627,0.0275
-8.5978,3.5721,7.8101,-1.1583,-2.7986,0.2493
-7.5396,2.9041,7.2882,-0.1821,-6.685,0.5284
-5.3345,-0.3112,6.8453,1.3144,-6.0552,0.8772
-5.4638,-3.3255,7.5659,2.712,-1.9367,1.1711
-6.5125,-9.3281,6.1462,3.2484,3.3466,1.4398
-6.4335,-10.4414,4.6758,3.0993,4.9629,1.7502
-4.8099,-15.8909,-1.8483,2.9643,5.1737,2.1283
-2.1667,-18.728,-0.8571,2.5972,3.7864,2.438
1.9704,-18.0576,0.5171,1.9485,0.9245,2.5815
2.4013,-17.2915,-0.2346,1.5086,-2.2592,2.306
2.9927,-14.7895,-1.154,1.5428,-2.4773,1.8711
2.5115,-12.1317,-0.7134,1.5227,-1.5586,1.4014
1.1204,-9.7063,1.1348,1.4671,-0.3509,1.0257
0.0574,-8.9474,1.8004,1.4604,0.5983,0.8174
-1.4197,-8.3009,1.7214,1.5129,1.1047,0.7544
-2.205,-7.9825,0.4046,1.5508,1.1163,0.8956
-1.6998,-7.9394,-0.1508,1.4524,0.8915,1.1039
-1.2497,-8.0974,0.5482,1.2392,0.6655,1.2975
-0.6679,-8.3728,1.7669,1.0401,0.4749,1.3842
-0.6224,-8.6026,2.1715,0.9998,0.2391,1.3397
-0.5793,-8.5787,1.3503,1.1678,-0.1059,1.1643
-0.6153,-8.526,1.0007,1.2441,-0.2635,1.0825
-0.6967,-8.5164,0.3567,1.2625,-0.2507,1.0446
-0.5123,-8.6242,0.2059,1.2618,0.0216,1.044
0.2633,-9.103,1.2066,1.246,0.4889,1.0758
0.3591,-9.2131,1.3623,1.2539,1.065,1.11
0.7038,-9.5004,1.8004,1.3706,1.8396,1.102
0.8451,-9.6465,1.5394,1.4653,2.109,1.044
0.3758,-9.5555,0.9145,1.4921,2.1371,0.9499
0.2681,-9.498,0.8978,1.4121,2.0155,0.8412
-0.0981,-9.2538,1.0127,1.2832,1.8719,0.7599
-0.3112,-9.1605,1.2018,1.1617,1.7308,0.7306
-0.1556,-9.3903,1.0342,1.1189,1.5537,0.7954
0.1747,-9.8045,0.3926,1.205,1.4327,0.8846
0.8523,-10.3456,-0.6943,1.3223,1.291,0.9713
1.6424,-10.5467,-2.1571,1.3975,1.1725,1.0159
2.284,-10.4222,-3.8738,1.3804,1.1297,0.9805
2.4995,-10.5659,-4.3358,1.2521,1.3802,0.8064
2.5354,-10.7766,-4.1635,1.0896,1.6594,0.661
2.6791,-11.3512,-2.4756,0.7762,1.8023,0.518
3.4548,-11.9737,1.4149,0.2948,1.729,0.4026
3.7253,-12.1484,2.1021,-0.2261,1.4517,0.2981
4.7117,-13.0702,3.2752,-0.6635,0.9807,0.1839
5.9666,-14.3319,3.7708,-0.8859,0.2971,-0.0371
5.9666,-14.3319,3.7708,-0.1333,0.5409,-0.3719
8.7151,-16.0537,2.0733,-0.1333,0.5409,-0.3719
9.1269,-15.1965,-0.4381,0.3058,0.6844,-0.5759
9.4837,-14.1572,-2.6982,0.4561,0.6563,-0.7696
9.4837,-14.1572,-2.6982,-0.4809,0.178,-1.1758
7.6832,-13.6424,-2.8682,-0.4809,0.178,-1.1758
5.4327,-13.1827,-2.4564,-1.0312,-0.2397,-1.3988
3.4811,-12.7757,-2.6791,-1.3892,-0.539,-1.5063
1.1156,-12.7637,-2.4061,-1.68,-0.6795,-1.6486
-1.154,-13.0989,-2.1308,-2.0257,-0.8426,-1.8422
-4.4125,-13.8387,-1.8459,-2.5499,-1.1407,-2.0951
-6.8141,-15.1271,-1.8219,-2.7258,-1.1133,-2.0738
-9.3209,-18.2539,-0.8882,-2.7142,-0.8451,-1.8538
-10.3097,-19.1661,0.4357,-2.6238,-0.5629,-1.505
-10.3097,-19.1661,0.4357,-2.3422,-0.5323,-0.739
-10.8029,-19.1015,5.4542,-2.3422,-0.5323,-0.739
-9.1868,-17.0712,7.0823,-1.9555,-0.4554,-0.2693
-8.5667,-16.3649,6.8405,-1.5786,-0.0497,-0.1465
-7.044,-14.7369,4.3406,-1.1052,0.4663,-0.1954
-3.5338,-13.2737,-2.2266,-0.5627,0.933,-0.3933
1.2617,-11.727,-3.8594,-0.1113,1.3307,-0.7347
1.5107,-11.6672,-2.9568,-0.0227,1.7565,-1.5759
1.7429,-11.4852,-1.3503,-0.0691,1.8292,-2.2014
1.7932,-11.2075,-1.0007,-0.0062,1.4382,-2.695
0.9576,-9.838,0.565,0.0035,0.9477,-3.042
0.881,-9.4573,0.802,-0.1479,0.5714,-3.2375
0.4501,-8.3823,1.4389,-0.4338,0.1725,-3.2509
0.1651,-7.293,1.8579,-0.9653,-0.4999,-2.9888
-0.9002,-6.048,2.4612,-1.2872,-0.8921,-2.695
-1.7645,-5.562,2.5785,-1.5273,-1.2544,-2.356
-2.6527,-5.4159,2.6719,-1.6482,-1.5561,-1.9626
-3.3949,-5.1598,3.2082,-1.6794,-1.6575,-1.5674
-3.9408,-4.1443,3.2082,-1.6812,-1.7052,-1.144
-4.0988,-3.5841,2.9328,-1.658,-1.9172,-0.9852
-4.3047,-2.6455,2.6024,-1.6391,-2.2415,-0.893
-4.4173,-1.6759,2.2744,-1.5993,-2.473,-0.8258
-4.4963,-0.7158,2.1356,-1.4894,-2.4834,-0.7598
-4.5298,-0.4668,2.1475,-1.2872,-2.3118,-0.6847
-4.6016,-0.1795,2.1523,-0.8407,-1.8695,-0.5313
-4.5872,-0.055,2.2864,-0.5102,-1.5512,-0.4067
-4.3167,-0.3327,2.0685,-0.184,-1.2195,-0.2412
-4.1467,-0.4979,1.9919,0.1128,-0.9795,-0.0426
-3.529,-1.0726,1.7812,0.3584,-0.8469,0.1479
-2.9735,-1.6472,1.4437,0.6491,-0.8659,0.3806
-0.8834,-3.0813,0.4836,0.8355,-0.9526,0.4912
-0.5027,-3.4213,-0.3399,1.0358,-1.0955,0.5846
-0.043,-4.5968,-4.707,1.2399,-1.3607,0.6213
-0.3687,-5.9881,-11.2889,1.3736,-1.7156,0.595
3.9839,-10.4342,-14.7919,1.3205,-2.1908,0.6042
10.1397,-16.3194,-21.8931,0.8055,-2.8884,0.8357
18.3234,-27.12,-35.986,0.9069,-2.6936,0.7697
15.9986,-34.0512,-7.3768,0.1421,-0.2776,0.1008
3.8043,-32.3968,0.9457,-1.4479,1.831,-1.1825
3.8953,-24.9341,-4.906,-0.5652,0.9666,-2.0224
5.0951,-16.0992,-8.9881,1.0273,0.0314,-1.8233
4.0821,-9.3783,-8.6433,0.5765,-0.6221,-1.2192
1.7908,-1.8339,-7.2331,-0.6922,-1.0454,-1.1959
0.802,0.0359,-6.3066,-1.6207,-1.3326,-1.1966
-1.8195,2.3104,-0.8619,-1.931,-1.0503,-1.1288
-1.8195,2.3104,-0.8619,-0.0251,0.8506,-0.3664
-4.2114,-0.0694,6.5723,1.5361,0.291,0.3152
-2.9448,-17.8972,5.1669,1.5361,0.291,0.3152
0.2035,-33.2372,-21.5244,2.5978,0.2367,0.8149
-3.4093,-29.4807,5.04,1.5819,1.7095,0.8766
-3.4093,-29.4807,5.04,-1.7435,2.4865,0.2706
-4.9826,-5.0736,6.0983,-1.7435,2.4865,0.2706
-6.3018,0.474,4.8964,-0.9799,-1.09,-0.0286
-6.0528,1.5131,6.376,-0.1944,-3.3337,-0.017
-6.977,-1.3575,8.2052,0.8752,-3.4009,0.1815
-7.8245,-3.5003,8.0663,1.9527,-1.0112,0.4985
-7.8077,-6.2012,7.554,2.6143,1.7247,0.9841
-6.8165,-9.0743,7.1876,2.7469,4.3325,1.9297
-4.1395,-14.308,3.699,2.6253,4.9532,2.4417
-2.0183,-16.5445,2.2313,2.4701,4.2452,2.7593
0.9888,-18.1438,1.719,2.2459,2.1609,2.8509
2.2505,-17.7607,0.4548,2.0517,-0.3326,2.6732
3.7636,-14.7297,-0.1963,1.9595,-1.9147,2.2614
3.9743,-13.664,0.0718,1.7676,-1.7418,1.5779
4.0342,-11.6863,0.802,1.6259,-0.8274,1.1937
2.952,-9.7973,1.2354,1.5312,-0.0302,0.8968
2.952,-9.7973,1.2354,1.3382,0.6203,0.6023
-0.4644,-7.2858,0.7182,1.3382,0.6203,0.6023
-0.869,-7.2116,0.9457,1.2081,0.7388,0.6903
-0.6296,-7.6737,1.3287,1.0334,0.9074,1.0257
-0.5123,-8.6505,1.2497,1.0083,0.9404,1.2071
-0.5985,-8.7391,1.2066,1.0554,0.8426,1.2688
-0.79,-9.036,1.039,1.1415,0.7254,1.2224
-1.1587,-8.9043,0.7733,1.2044,0.6539,1.124
-1.3886,-8.5571,0.6224,1.1525,0.6826,0.9444
-1.4197,-8.435,0.8643,1.07,0.82,0.8736
-1.2593,-8.4063,1.1851,0.998,1.0283,0.8565
-0.8571,-8.5428,1.0199,0.99,1.3002,0.8736
-0.2729,-8.7008,0.5195,1.048,1.6166,0.8901
-0.0215,-8.684,0.4213,1.1238,1.9391,0.8907
0.0526,-8.3776,0.3088,1.1531,2.277,0.8485
-0.0167,-8.1118,0.4357,1.1067,2.2831,0.7874
0.1268,-8.2507,1.1851,1.034,2.1096,0.7453
0.2633,-8.4829,1.3383,0.9961,1.7693,0.7459
0.802,-9.3233,1.1875,1.0261,1.2947,0.7935
1.3359,-10.099,0.6248,1.1433,0.5732,0.8919
2.1811,-10.925,-0.2082,1.1837,0.2855,0.9377
2.284,-10.9537,-0.2753,1.1378,0.2122,0.9585
2.7246,-10.7981,-0.7876,1.0285,0.3711,0.9591
2.8874,-10.3695,-1.6065,0.9075,0.7076,0.9371
2.5234,-10.2977,-3.6511,0.8391,1.2128,0.887
2.4037,-10.5084,-3.9624,0.8648,2.1908,0.7557
2.3439,-11.3559,-3.6846,0.8232,2.6722,0.6201
2.8299,-11.7606,-1.0821,0.5893,2.7272,0.4796
2.8299,-11.7606,-1.0821,-0.4509,1.1401,0.2169
4.3622,-12.6775,3.936,-0.4509,1.1401,0.2169
4.094,-13.6137,2.2601,-0.8407,-0.1927,0.0416
4.7477,-14.6767,0.9959,-0.7374,-1.1279,-0.1966
6.8525,-15.1798,-0.4094,-0.2157,-0.2354,-0.2131
7.3648,-14.8853,-0.9265,0.1647,0.7339,-0.2479
8.04,-13.7549,-2.5282,0.1959,1.1554,-0.3866
8.3776,-12.9888,-4.0007,0.0236,1.098,-0.593
8.3776,-12.9888,-4.0007,-1.1333,0.1627,-1.2399
6.8501,-13.2402,-3.1723,-1.1333,0.1627,-1.2399
5.4973,-12.6488,-3.2656,-1.5963,-0.3417,-1.4342
4.7716,-12.6153,-2.7796,-1.9793,-0.7382,-1.5649
0.6967,-13.561,-1.0893,-2.3348,-1.0454,-1.6853
-0.5267,-13.8172,-0.7158,-2.6757,-1.2586,-1.9363
-4.3574,-14.7608,-0.1819,-2.9677,-1.0723,-2.2937
-7.2044,-16.7217,-0.4525,-2.917,-0.5971,-2.2918
-10.4414,-19.3553,2.229,-2.7362,-0.0815,-2.0567
-10.743,-19.4127,2.8969,-2.5163,0.2189,-1.6962
-11.0303,-19.2787,5.629,-2.2444,0.1279,-1.2955
-10.4366,-18.6011,7.281,-1.7698,-0.098,-0.6425
-8.0879,-16.7049,6.9267,-1.4124,0.0876,-0.3035
-4.8434,-15.4072,4.6974,-0.9531,0.4248,-0.1398
-0.6368,-14.1069,-1.051,-0.4601,0.6252,-0.2399
2.3463,-13.4676,-5.6889,-0.0355,0.5769,-0.6602
3.7205,-13.1755,-4.4819,0.1605,0.4523,-1.2919
3.8043,-12.9457,-2.7365,-0.0917,0.3497,-2.3193
2.8969,-12.3017,-0.7541,-0.2652,0.2336,-2.8245
0.9385,-10.8388,1.4269,-0.3764,0.1163,-3.1599
0.1675,-8.3536,2.7317,-0.5059,-0.0558,-3.2368
0.2154,-7.8053,2.6815,-0.6623,-0.3313,-3.0194
0.0095,-7.0895,2.4013,-0.8327,-0.6423,-2.6553
-0.8188,-6.9554,2.0302,-1.1589,-1.3002,-2.1434
-3.1794,-6.3209,2.7437,-1.3776,-1.5665,-1.8905
-3.462,-6.1797,2.8754,-1.559,-1.6496,-1.6877
-4.2951,-5.6386,3.1675,-1.6574,-1.6869,-1.4855
-4.5034,-4.9036,2.7748,-1.6849,-1.8872,-1.2747
-4.0988,-3.1555,2.1859,-1.7191,-2.5561,-1.0219
-4.0988,-3.1555,2.1859,-1.757,-3.203,-0.9101
-3.9959,-2.0254,1.7669,-1.757,-3.203,-0.9101
-3.8283,-1.3503,1.7908,-1.6757,-3.2586,-0.8893
-3.8953,-0.6368,2.3535,-1.4986,-3.1035,-0.8459
-4.1419,-0.3615,2.5641,-1.2108,-2.7424,-0.7793
-4.3957,-0.1915,2.6408,-0.6104,-1.8695,-0.593
-4.2808,-0.0622,2.6168,-0.1907,-1.2531,-0.378
-4.0438,-0.2418,2.0997,0.158,-0.8109,-0.1355
-3.9743,-0.4979,2.0254,0.4152,-0.6417,0.0746
-3.9743,-0.4979,2.0254,0.9534,-0.6026,0.4679
-3.2178,-2.4612,1.4796,0.9534,-0.6026,0.4679
-0.4405,-4.6279,-0.462,1.1879,-0.8042,0.6311
0.237,-5.2627,-1.8914,1.4524,-0.9789,0.7832
0.7637,-6.6274,-7.2212,1.7023,-1.2122,0.8455
1.4365,-8.5164,-14.6145,1.8397,-1.6276,0.8308
11.7031,-18.6514,-33.1127,1.7921,-2.1267,0.843
15.5629,-23.2674,-40.2309,1.552,-1.7938,0.7856
17.6482,-30.7951,-14.8709,0.7988,0.1988,0.2169
13.3479,-35.9836,6.1342,-1.195,1.6142,-0.9266
6.5005,-20.9594,-7.5468,-0.8938,0.5403,-1.9662
6.3928,-17.2244,-9.0599,0.7921,-0.445,-2.2778
4.7333,-8.9905,-9.7351,1.1568,-0.346,-1.8343
3.3375,-4.0102,-8.0089,-0.5749,-0.9911,-1.4061
0.3471,0.4141,-4.4173,-1.4998,-1.1523,-1.2167
-2.4899,0.7422,0.2944,-1.6592,-0.6252,-1.0603
-6.625,-3.8211,6.2659,-1.1785,0.5024,-0.8423
-4.525,-14.4109,9.5459,-0.0539,1.12,-0.3316
6.0959,-34.1015,-27.3115,2.0523,0.4456,0.8711
4.3047,-36.3379,-12.565,2.3119,0.9978,1.1332
-3.3925,-20.9331,14.0111,-0.6146,2.404,0.496
-4.8578,-7.1517,11.7845,-2.3257,3.1102,-0.2717
-7.6186,3.3039,4.0629,-1.862,2.1126,-0.4153
-7.9562,4.0629,6.3736,-1.2108,-0.4492,-0.3676
-7.3552,3.4668,9.0001,-0.1033,-5.5426,-0.0432
-6.7543,0.4405,7.6904,1.3254,-4.9501,0.3384
-7.8077,-4.3766,5.9091,2.6754,-1.6044,0.7703
-7.8149,-5.459,5.72,3.2044,1.685,1.2492
-7.8891,-10.0128,3.2656,3.106,4.0405,1.829
-7.0823,-15.1271,1.5227,2.5801,5.2641,2.6121
-1.7357,-19.8245,3.5697,2.0444,3.9226,2.989
-0.5865,-19.8126,3.3303,1.5874,1.1701,3.1637
2.6312,-18.4551,0.7829,1.4989,-1.3435,3.0226
4.4029,-16.4894,-1.3646,1.6284,-2.4749,2.5828
3.7277,-12.6368,-0.7829,1.7102,-2.1994,1.9212
2.4013,-10.5994,0.79,1.6406,-0.39,0.9047
0.6488,-8.9163,2.0709,1.588,0.5745,0.5113
-0.5291,-7.9753,2.2673,1.5661,1.0784,0.3659
-1.3335,-7.1302,1.2042,1.5019,1.1749,0.4166
-1.0749,-7.1134,0.8331,1.3779,1.0668,0.595
-0.4788,-7.5899,1.2234,1.213,0.9001,0.84
-0.2801,-8.3321,1.7693,1.0425,0.5726,1.1283
-0.474,-8.7056,1.3239,1.092,0.266,1.1943
-0.5339,-8.7104,1.0031,1.2008,-0.0125,1.1863
-0.8834,-8.5739,0.1292,1.2527,-0.0998,1.1405
-1.0749,-8.3895,-0.0287,1.235,0.0528,1.0782
-0.79,-8.5284,0.5937,1.1183,0.5372,1.0354
-0.7302,-8.5763,0.7398,1.0554,0.9874,1.0348
-0.3591,-8.9474,1.2928,1.0523,1.4688,1.0342
0.0287,-9.2275,1.4101,1.0981,1.8567,1.0257
0.134,-9.3376,0.8954,1.1702,2.1187,0.989
0.0023,-9.2419,0.7876,1.1953,2.2018,0.9255
-0.3088,-8.8803,0.5099,1.1299,2.0748,0.8076
-0.577,-8.4805,0.7134,1.0847,1.941,0.7661
-0.1268,-8.6505,1.2593,1.0578,1.7431,0.7905
-0.1268,-8.6505,1.2593,1.1837,0.9929,0.9908
1.5322,-10.2235,0.8523,1.1837,0.9929,0.9908
2.2697,-10.8603,0.4141,1.3303,0.3423,1.0697
3.2632,-11.0662,-0.3423,1.362,0.1689,1.0507
3.5889,-10.9418,-0.9696,1.3223,0.2177,0.9817
3.9767,-10.4797,-2.6671,1.2246,0.4517,0.8785
3.9336,-10.3336,-4.2832,1.1244,0.9489,0.7551
3.0382,-11.4757,-4.906,1.0352,1.7259,0.6213
2.9017,-11.7223,-4.0916,0.8025,2.8273,0.4056
3.0095,-11.7486,-1.0223,0.4213,2.9,0.2474
3.3638,-11.8707,2.0278,-0.1559,2.1884,0.0959
3.2656,-13.5538,2.3582,-0.716,0.8634,-0.0481
3.2992,-14.0303,2.2505,-1.0202,-0.5158,-0.1721
3.869,-14.847,2.4133,-0.8914,-1.203,-0.2399
5.313,-15.4408,1.5442,-0.0875,-0.4254,-0.2088
5.313,-15.4408,1.5442,0.3364,0.4547,-0.2796
7.4749,-14.0279,-1.7549,0.3364,0.4547,-0.2796
7.8053,-13.3312,-3.5338,0.1311,0.5262,-0.4696
6.8812,-13.391,-3.6774,-0.286,0.5458,-0.7323
5.4566,-12.7063,-3.3949,-1.0557,0.4529,-1.1746
4.6088,-11.933,-3.5146,-1.5285,0.1548,-1.3957
3.3566,-11.6624,-2.9712,-1.9616,-0.3063,-1.5625
1.1947,-12.5243,-2.4325,-2.3159,-0.7541,-1.7469
-3.1292,-13.9082,-1.4772,-2.5737,-1.0363,-1.9858
-4.9395,-14.5809,-1.0319,-2.7545,-0.9477,-2.2045
-7.2236,-16.3745,-0.1867,-2.8083,-0.2165,-2.1965
-8.6697,-18.0504,2.0685,-2.713,0.2904,-1.951
-9.3544,-18.625,5.6793,-2.5211,0.4486,-1.6376
-9.3065,-18.2946,6.5556,-2.1797,0.1518,-1.3358
-8.8516,-17.5357,7.0392,-1.7777,-0.2868,-1.0915
-7.9873,-16.4655,5.7439,-1.2029,-0.2061,-0.8135
-3.2752,-14.756,0.1771,-0.873,0.269,-0.714
-1.3192,-14.3655,-2.5905,-0.5487,0.7284,-0.736
1.3718,-13.2474,-7.3097,-0.2335,0.9508,-0.9797
1.9895,-12.6919,-5.3106,-0.1186,0.8878,-1.458
2.1978,-11.9162,1.2641,-0.2988,0.9013,-2.0188
2.217,-11.6816,1.8698,-0.4998,0.6496,-2.629
1.458,-10.4485,2.2649,-0.4014,0.3472,-2.8532
0.3998,-9.3089,2.5881,-0.3123,0.1383,-2.9461
-0.067,-7.9993,2.7054,-0.4534,-0.1713,-2.8526
-0.3902,-7.3792,2.4875,-0.7252,-0.4639,-2.5997
-0.9983,-6.9865,2.0829,-1.1485,-0.8567,-2.1648
-2.1212,-6.5867,2.1906,-1.3519,-1.0308,-1.9381
-3.5194,-6.0217,2.5091,-1.4857,-1.1969,-1.7531
-3.7541,-5.6961,2.3439,-1.5535,-1.4712,-1.5576
-3.6966,-4.9682,1.9728,-1.5816,-1.9172,-1.3682
-3.6487,-3.9408,1.6855,-1.614,-2.3961,-1.2173
-3.608,-2.4372,1.5035,-1.6403,-2.9807,-1.1031
-3.6798,-1.9847,1.537,-1.5987,-3.1792,-1.064
-3.8283,-1.2545,1.944,-1.4778,-3.1468,-1.0206
-4.0438,-0.6344,2.6791,-1.2499,-2.8414,-0.9418
-4.4963,-0.1316,3.0933,-0.9133,-2.3087,-0.8227
-4.5465,-0.1053,2.9855,-0.4912,-1.6698,-0.6468
-4.5418,-0.1268,2.5737,0.1397,-0.8371,-0.298
-4.2114,-0.541,2.229,0.4408,-0.5372,-0.0439
-3.5482,-1.4365,1.8531,0.6327,-0.4932,0.1808
-3.3279,-1.6424,1.7286,0.7677,-0.5891,0.3641
-2.1787,-2.5426,1.4556,0.8917,-0.7235,0.5394
-1.0989,-3.7924,-0.4357,1.1788,-0.8756,0.7575
-0.5363,-5.574,-5.5668,1.3822,-1.0955,0.8357
-0.2705,-6.8716,-8.7535,1.4854,-1.4156,0.8992
2.5067,-10.7454,-14.2457,1.3975,-1.8726,1.0098
11.1907,-17.6171,-28.657,1.1733,-2.5384,1.1778
22.8436,-33.3593,-28.3841,1.0077,-3.0436,1.2456
19.8389,-38.6795,-2.9855,-1.2487,-1.1468,0.0385
7.5109,-36.642,6.6442,-2.2866,0.9801,-1.516
4.4987,-24.1485,-3.7756,-0.2127,1.01,-2.3981
3.6559,-9.9865,-10.6544,1.6791,0.3625,-2.0573
2.8275,-6.4814,-10.573,1.37,-0.3326,-1.5796
1.2425,-2.5689,-8.7558,-0.9158,-0.883,-1.3474
-2.0638,-0.1436,-3.1866,-1.8736,-0.6692,-1.2137
-7.1517,-6.7687,9.3472,-1.9029,0.1731,-0.9809
-6.0001,-11.0591,10.6592,-1.008,0.8164,-0.4641
-1.3814,-19.5468,2.7222,0.5325,0.2605,0.391
4.2114,-27.5102,-14.4301,1.8177,-0.2043,0.9939
-5.0257,-11.0375,9.1413,0.2722,1.7999,0.5681
-5.5237,-8.8636,8.1573,-1.5047,3.2488,-0.0933
-8.1357,-1.2545,2.9616,-1.4307,2.6978,-0.1526
-9.206,1.8962,5.2795,-1.0428,0.0589,-0.0322
-7.7239,0.9504,7.2379,-0.5218,-3.5836,0.2309
-6.9171,-1.0558,7.5587,0.5196,-4.6111,0.6249
-7.3624,-4.8745,8.0424,2.2637,-0.5189,1.2602
-7.1948,-8.2315,8.1118,2.8214,2.6038,1.6933
-5.1023,-13.743,4.3478,2.9539,4.6043,2.2052
-3.1747,-16.0465,2.8634,2.9118,5.3349,2.6542
0.6631,-18.819,2.1787,2.687,4.4748,2.9047
3.2513,-18.874,0.304,2.1293,0.6362,2.6402
4.5418,-14.8518,-1.2234,1.8574,-1.4669,2.0794
4.4005,-13.4269,-0.7852,1.6473,-2.0381,1.4582
3.4572,-10.8173,0.158,1.497,-1.4132,0.956
2.5833,-9.1461,1.312,1.4048,-0.5256,0.6463
0.304,-7.4223,2.0207,1.3431,0.2049,0.5235
-0.1173,-7.3241,1.8483,1.3235,0.7028,0.6017
-0.9193,-7.4151,0.9457,1.2887,0.7394,0.8076
-0.8116,-7.8413,0.3327,1.1922,0.7199,1.0941
0.3232,-8.9378,1.4915,1.0517,0.704,1.358
0.3471,-9.1078,1.7645,0.9332,0.7052,1.4887
0.1987,-9.4119,1.6448,0.9772,0.5543,1.3586
-0.395,-9.2658,1.2521,1.1268,0.3833,1.1594
-1.0175,-8.6361,0.4429,1.1916,0.2086,0.9725
-1.2689,-8.3225,-0.0119,1.1782,0.1383,0.8693
-1.2689,-8.3225,-0.0119,1.0761,0.5519,0.8846
-1.1156,-8.1453,0.2489,1.0761,0.5519,0.8846
-0.3423,-8.6505,1.1563,1.0028,1.2067,0.986
-0.0694,-8.8732,1.3527,1.0352,1.6435,1.0238
0.2561,-9.1772,1.3958,1.125,1.9917,1.0269
0.3615,-9.3185,1.1755,1.1916,2.1591,1.0018
0.3615,-9.3185,1.1755,1.1049,2.0546,0.8998
-0.067,-9.1581,1.0845,1.1049,2.0546,0.8998
-0.3495,-8.9163,1.2713,0.9784,1.7211,0.8479
-0.3495,-8.9163,1.2713,1.0028,1.1065,0.9756
1.1516,-10.4701,0.9361,1.0028,1.1065,0.9756
1.3599,-10.6736,0.8212,1.0963,0.762,1.091
2.1667,-11.2291,0.134,1.1959,0.4584,1.1704
2.8634,-11.2291,-0.8762,1.2851,0.3149,1.1497
3.6583,-10.5276,-2.861,1.2716,0.4749,1.0782
3.7565,-10.3695,-3.2728,1.216,0.8732,0.9805
3.5649,-10.4485,-4.3335,1.1275,1.4572,0.8491
3.1531,-11.2123,-4.5705,0.9723,2.0314,0.6787
3.3997,-11.6073,-2.1954,0.6925,2.3802,0.4942
3.3997,-11.6073,-2.1954,-0.4973,1.3625,0.0923
4.2042,-12.3543,2.4181,-0.4973,1.3625,0.0923
4.0892,-13.5538,2.1619,-0.8009,0.3002,-0.0927
4.6519,-15.1846,1.616,-0.7753,-0.5073,-0.2479
5.9259,-15.6802,1.2521,-0.424,-0.5335,-0.3175
7.5492,-15.6826,0.4979,0.0963,0.0082,-0.3242
8.8756,-14.8805,-0.7757,0.122,0.1078,-0.4104
9.1413,-13.2976,-2.6431,-0.0435,0.0546,-0.5826
8.7511,-13.3072,-2.5474,-0.3819,0.0314,-0.8441
7.135,-12.9313,-1.8674,-0.8455,0.0259,-1.1318
5.981,-12.3136,-1.4532,-1.3636,-0.1792,-1.3878
2.873,-12.6129,-2.1045,-2.008,-0.6985,-1.6119
2.1523,-12.7877,-2.2888,-2.2713,-1.0051,-1.7977
-1.6567,-13.6616,-2.6791,-2.4711,-1.1261,-2.0823
-5.7248,-14.8877,-2.3606,-2.6458,-0.9789,-2.2979
-10.3839,-18.0193,0.7326,-2.7215,-0.6649,-2.2863
-10.8915,-18.2611,1.3742,-2.6879,-0.4053,-2.0273
-11.9689,-18.5556,4.2018,-2.49,-0.6447,-1.3682
-11.569,-18.1318,6.0384,-2.2731,-1.1187,-0.8526
-10.7789,-17.4327,6.0839,-2.0422,-1.2892,-0.3841
-9.4693,-16.5972,4.8674,-1.8077,-0.8885,-0.0341
-6.5508,-15.1343,2.0494,-1.5462,-0.1114,0.1607
-2.1715,-13.7669,-1.7334,-0.9457,0.7089,0.0269
1.6496,-12.5291,-4.7764,-0.4888,0.8072,-0.4037
1.9919,-12.3088,-3.1771,-0.209,0.8604,-1.0939
2.9089,-12.1365,-1.0606,-0.1492,1.2421,-1.8471
3.1244,-11.8563,0.1221,-0.0551,1.4932,-2.4287
1.1348,-9.8476,2.2553,-0.03,1.4169,-2.8807
0.4932,-9.1844,2.6839,-0.2316,0.9324,-3.2619
-0.1532,-7.6761,2.8227,-0.501,0.4095,-3.1996
-0.2705,-6.6777,2.9041,-0.8358,-0.2012,-2.9131
-1.2042,-5.9522,2.454,-1.1632,-0.7082,-2.5295
-1.5394,-5.9427,2.4684,-1.399,-1.0955,-2.1422
-2.4444,-5.9427,2.952,-1.5639,-1.3833,-1.637
-3.2656,-5.6434,2.9927,-1.5896,-1.4785,-1.3609
-3.8283,-4.2808,2.4492,-1.5939,-1.7583,-1.1422
-3.8355,-3.9743,2.3151,-1.6165,-2.1621,-0.9876
-3.7397,-3.0765,2.0015,-1.6354,-2.5934,-0.8911
-3.7301,-2.0015,1.9847,-1.6165,-2.9263,-0.8453
-3.8594,-1.0438,2.4205,-1.457,-3.098,-0.8374
-3.9743,-0.6967,2.7437,-1.2157,-2.9086,-0.8197
-4.3478,-0.3687,2.8945,-0.859,-2.4523,-0.7628
-4.6184,-0.2753,2.5857,-0.4473,-1.842,-0.6566
-4.3047,-0.4572,1.8531,-0.0697,-1.2837,-0.4861
-4.1443,-0.6895,1.6304,0.213,-0.9306,-0.2729
-3.7373,-1.3503,1.5729,0.4922,-0.7754,0.0202
-3.1435,-2.1619,1.0438,0.6644,-0.7834,0.2083
-1.1516,-4.1419,-0.6081,0.8684,-0.8524,0.3995
-0.5746,-4.7979,-2.1428,1.0963,-0.963,0.5749
0.2418,-6.5867,-6.6873,1.318,-1.2128,0.6934
1.6232,-9.2921,-13.1516,1.3822,-1.9495,0.807
11.1165,-17.981,-26.8638,1.2264,-2.597,0.9243
15.0816,-22.2283,-37.9157,1.1232,-2.8353,0.9627
16.3601,-30.3186,-20.1094,0.8843,-1.5977,0.5736
12.249,-33.7304,1.312,-0.9243,0.5781,-0.4818
5.6745,-19.6019,-5.9929,-1.5621,0.6404,-1.5661
5.7368,-17.3729,-7.2188,0.6687,-0.5806,-1.9009
4.3574,-9.5316,-9.3951,1.001,-0.3656,-1.516
3.0597,-4.6279,-8.3752,-0.0068,-0.5079,-1.3902
0.3567,-0.0814,-4.1515,-1.2151,-0.8463,-1.3206
-2.2505,0.0646,1.446,-1.8211,-0.9538,-1.232
-2.2505,0.0646,1.446,0.1684,0.3882,-0.2778
-2.4923,-13.0678,11.3943,0.1684,0.3882,-0.2778
0.6871,-28.8558,-23.5188,1.6455,0.2299,0.416
-3.632,-30.6921,-9.0719,2.2276,1.3319,0.672
-6.127,-18.0816,11.569,0.1666,3.0735,0.4545
-6.5987,-7.8053,10.0032,-1.9231,3.3105,0.2871
-7.4821,1.2641,5.0999,-1.4918,0.5128,0.3751
-7.1757,1.9871,6.6226,-0.8016,-2.6948,0.4649
-5.4111,0.7661,8.7989,0.1867,-5.1761,0.603
-5.9115,-3.0933,9.5435,1.6033,-4.0876,0.7673
-7.5204,-8.3225,7.4869,2.7725,-0.8512,0.9279
-7.3912,-9.0336,7.2978,3.2765,2.0919,1.2633
-5.878,-12.9816,3.529,3.1555,4.7015,2.0373
-2.9233,-16.8102,-0.9193,2.8666,4.8823,2.4294
1.1061,-17.9068,-0.043,2.3736,3.2568,2.5779
1.6017,-17.416,0.1556,1.8464,0.5555,2.4374
1.7908,-14.8997,0.4812,1.5777,-1.3625,2.0709
1.5131,-12.0838,1.2976,1.5221,-1.594,1.4099
1.6472,-10.1517,1.8602,1.5575,-0.7498,1.1423
1.2018,-9.1988,2.0781,1.6033,0.0919,1.0073
0.4405,-8.2387,2.1883,1.6302,0.6472,0.9267
-0.2968,-7.6425,2.0422,1.6198,0.8848,0.9139
-0.7924,-7.6186,-0.2801,1.5716,0.9367,0.9591
-0.6919,-7.8006,-0.4764,1.4353,0.864,1.1112
-0.6655,-8.435,0.1268,1.224,0.7241,1.2077
-0.8571,-8.8229,0.9097,1.0603,0.5378,1.2456
-1.233,-8.6529,1.4844,1.0291,0.3008,1.2291
-1.0678,-8.5284,1.3934,1.0462,0.0461,1.1967
-0.8858,-8.2387,1.4484,1.0566,-0.0962,1.1766
-0.6129,-8.095,1.6017,1.0627,0.051,1.1393
0.055,-8.1956,1.6735,1.0847,0.3704,1.0892
0.1364,-8.2626,1.549,1.1458,0.8432,1.0361
0.1364,-8.2626,1.549,1.3816,2.0723,0.9432
0.9528,-9.1054,0.5003,1.3816,2.0723,0.9432
0.4764,-9.1461,-0.2777,1.4243,2.696,0.854
0.3854,-9.1126,-0.3184,1.3553,2.8524,0.7526
0.2298,-9.2251,-0.1292,1.2508,2.7907,0.6665
0.7158,-9.6632,0.2753,1.1653,2.4798,0.6372
1.6998,-10.8196,0.3064,1.1549,1.9294,0.6634
2.1475,-11.4493,0.1795,1.1892,1.1957,0.7147
2.6096,-12.0622,0.055,1.213,0.2196,0.7593
2.7341,-12.0838,-0.3064,1.1556,-0.1224,0.7496
2.6001,-10.5946,-1.4389,1.0425,-0.1627,0.7263
2.4444,-9.8117,-2.1978,0.9088,0.1279,0.7178
2.1212,-9.4286,-3.6439,0.8232,0.7748,0.7263
1.4053,-9.7375,-4.5705,0.764,2.1377,0.6384
0.6967,-11.2745,-3.2944,0.6785,2.8225,0.4789
1.0127,-11.4948,-1.7788,0.4634,2.9849,0.336
2.1643,-11.6456,2.229,0.0444,2.4871,0.267
2.9592,-12.3974,4.2329,-0.4741,1.3655,0.2322
3.7325,-14.2074,2.3199,-0.8596,-0.0894,0.1741
4.1108,-14.4708,1.8028,-0.8559,-1.5653,0.0202
5.8038,-14.8183,0.9289,-0.3959,-1.1328,-0.0677
7.3648,-14.926,0.1364,0.1073,-0.0986,-0.1239
8.8109,-13.7166,-2.0997,0.2729,0.6227,-0.2503
8.7247,-13.3838,-2.7078,0.1721,0.9355,-0.4757
8.1477,-13.2162,-4.1611,-0.2823,0.9495,-0.9149
7.8844,-13.6041,-3.8402,-0.7264,0.8316,-1.1752
6.941,-13.0175,-3.0933,-1.2347,0.5494,-1.3951
5.7799,-12.0622,-1.9009,-1.738,-0.0516,-1.6083
4.2664,-11.9808,-0.8307,-2.1998,-0.8225,-1.7775
2.138,-13.1875,-0.62,-2.5236,-1.5616,-1.8966
-3.3638,-14.9045,-0.5937,-2.7362,-1.8762,-2.2118
-5.6314,-16.2811,-0.4812,-2.7294,-1.4498,-2.3731
-8.7654,-18.4215,1.5107,-2.6256,-0.7822,-2.2766
-10.9058,-19.3864,3.8857,-2.4766,-0.2574,-1.9375
-11.727,-19.238,6.6705,-2.2469,-0.2715,-1.4831
-11.7199,-18.9387,6.7734,-1.8382,-0.8017,-0.7433
-11.1046,-17.6386,5.7942,-1.581,-0.7095,-0.301
-8.4063,-15.5988,2.8874,-1.3519,-0.1493,0.0422
-1.889,-13.4365,-2.9161,-1.0709,0.3362,0.2004
-0.4189,-12.7135,-4.8147,-0.76,0.3258,0.0373
1.3742,-12.1077,-4.7022,-0.5297,-0.1853,-0.5014
2.0973,-12.1245,-2.1356,-0.5707,-0.2654,-1.6046
2.4995,-11.4828,1.8938,-0.6042,0.1652,-2.2558
2.2242,-11.2745,2.1404,-0.5517,0.638,-2.7207
0.5961,-9.9362,2.7581,-0.4405,0.9337,-3.0634
-0.4285,-8.3991,2.6815,-0.4308,0.7828,-3.1935
-0.4501,-7.2116,2.5881,-0.5829,0.3411,-3.0591
-0.7086,-6.7423,2.3702,-1.0227,-0.4108,-2.5631
-1.6256,-6.1198,2.691,-1.3226,-0.9618,-2.2082
-2.2744,-5.8876,3.055,-1.548,-1.379,-1.8447
-3.0119,-4.9323,3.2273,-1.6708,-1.6581,-1.4898
-3.3159,-4.2568,3.0669,-1.7185,-1.8573,-1.2131
-3.6822,-3.1292,2.6767,-1.7282,-2.2269,-0.973
-3.8331,-2.3056,2.387,-1.7337,-2.6074,-0.882
-3.7086,-1.3215,2.4157,-1.7264,-3.0234,-0.83
-3.7325,-1.0917,2.7413,-1.6745,-3.302,-0.8032
-4.0438,-0.7517,3.4811,-1.5517,-3.327,-0.8038
-4.5465,-0.4141,3.8307,-1.2878,-2.9837,-0.7946
-4.8243,-0.2681,3.1028,-0.6311,-1.9043,-0.6889
-4.6902,-0.3567,2.8514,-0.1736,-1.2709,-0.5118
-4.3382,-0.7374,2.1883,0.1794,-0.941,-0.2961
-3.9193,-1.2952,2.1835,0.4335,-0.8463,-0.1092
-2.2649,-2.7269,1.8579,0.6601,-0.8029,0.0611
-1.9321,-3.0142,1.6807,1.037,-0.9239,0.3134
-0.5171,-4.434,-0.4237,1.304,-1.1749,0.4447
-0.3088,-5.878,-5.6458,1.5911,-1.4419,0.5241
-0.4884,-8.3536,-13.1444,1.7744,-1.7504,0.5883
3.2297,-12.225,-17.9618,1.7463,-2.1371,0.7361
11.7199,-20.1717,-36.3188,1.5679,-2.4914,0.9719
17.0353,-30.1726,-28.5541,0.9216,-1.3863,0.7703
9.8883,-36.6636,4.9515,-1.2866,0.2672,-0.2448
5.732,-33.9387,3.5553,-2.0612,0.0949,-1.3523
4.8458,-21.5795,-4.7548,-0.374,-0.8243,-1.7335
3.9432,-11.7486,-8.7894,1.169,-0.6038,-1.4611
1.731,-2.2242,-8.3153,1.0267,-0.3069,-1.2503
1.1061,0.0023,-7.0919,-0.6885,-0.2947,-1.276
-1.5011,3.28,-3.098,-1.5584,-0.2696,-1.2747
-3.8091,3.4428,5.5356,-1.7441,0.3228,-1.2094
-3.8091,3.4428,5.5356,0.18,1.244,-0.4403
-6.2731,-8.5883,13.4796,0.18,1.244,-0.4403
-3.213,-20.3465,-15.4623,2.4463,-0.2971,0.851
1.4939,-35.6532,-23.7438,2.7786,0.302,1.3219
-1.0223,-19.3098,14.9356,-0.2695,1.3784,1.1808
-0.7829,-14.7225,13.5395,-2.2255,2.203,0.854
-2.0566,-5.2962,8.4566,-1.3984,1.8726,0.6683
-3.5625,0.7398,5.0281,-0.468,0.2489,0.2071
-4.6447,1.0127,7.8053,0.7078,-2.6087,-0.2094
-7.2403,-1.1396,7.5061,1.6467,-2.5292,-0.2161
-8.1501,-3.6008,6.7375,2.4463,-0.7449,0.0422
-7.6497,-6.3592,5.9283,2.8318,1.3545,0.697
-5.6745,-11.3655,2.9951,2.8599,3.1548,1.4441
-4.5561,-13.6065,1.1803,2.5428,4.2696,2.2957
-2.3606,-16.4391,0.2466,2.15,3.2861,2.584
-0.3016,-16.9108,1.3862,1.6901,1.2006,2.6585
1.3144,-15.0792,1.3192,1.4182,-0.7082,2.5345
1.9177,-14.3439,1.4844,1.3706,-1.6661,2.2541
2.5474,-12.6728,1.5634,1.4115,-1.5726,1.9114
2.2146,-10.9609,2.1571,1.5025,-0.682,1.3397
-0.3591,-9.1844,1.8626,1.5728,-0.1542,1.0135
-0.5889,-8.9689,1.616,1.6491,0.1945,0.8033
-0.9983,-8.04,0.6248,1.6809,0.3759,0.7777
-0.984,-7.633,0.4118,1.6131,0.4682,0.8797
-1.2018,-7.6641,0.6296,1.4634,0.5085,0.9927
-1.4772,-7.7934,0.8283,1.2716,0.4999,1.066
-2.0254,-7.9394,1.3503,1.1794,0.4486,1.0324
-2.229,-7.8939,1.4939,1.1183,0.4847,0.989
-2.1787,-7.8963,1.4724,1.1195,0.638,0.9744
-2.0685,-8.0735,1.4748,1.1604,0.8536,0.9823
