andar
8.526,-7.9155,-2.7126,0.6843,-0.3651,0.4076
8.1286,-7.384,-2.1691,0.487,-0.0676,0.4822
7.9298,-6.8237,-1.9416,0.2793,0.3929,0.6703
8.4207,-6.3592,-1.9752,0.2298,0.6287,0.8316
8.4614,-6.3497,-1.9728,0.2225,0.7838,0.9745
8.7654,-6.534,-2.0015,0.2225,0.8614,1.0637
9.0767,-6.9602,-1.9895,0.2102,0.9048,1.1058
9.3161,-7.5779,-1.8579,0.1473,0.994,1.1401
9.3161,-7.5779,-1.8579,0.0581,1.0618,1.1651
9.2419,-7.7742,-1.3766,-0.0621,1.1534,1.1804
8.8971,-7.9227,-0.7805,-0.1959,1.2432,1.1834
8.5092,-8.1118,-0.1005,-0.3083,1.2994,1.192
8.2866,-8.1645,0.2513,-0.3712,1.3061,1.2176
7.9251,-8.2195,0.7134,-0.3578,1.1516,1.2946
7.3792,-8.2962,0.9026,-0.2784,0.9341,1.3789
6.6849,-8.0424,0.802,-0.1519,0.6745,1.5163
6.6226,-7.7646,0.7374,0.0227,0.4143,1.732
6.8788,-7.2283,0.6703,0.2243,0.1528,2.0026
7.4821,-6.6968,0.5722,0.5138,-0.2142,2.3978
8.38,-5.6506,0.2082,0.6824,-0.4164,2.5768
8.4949,-5.5524,0.1508,0.8217,-0.5477,2.6825
8.945,-5.1334,-0.2777,0.9274,-0.5771,2.7344
9.1437,-4.7285,-0.7924,0.9836,-0.5398,2.721
8.5906,-4.2329,-1.3,0.975,-0.4421,2.6342
8.5236,-4.2353,-1.3048,0.8229,-0.2063,2.4058
8.0184,-4.1419,-1.2665,0.6519,0.0038,2.2427
7.6952,-4.1299,-1.1276,0.454,0.2524,2.1095
7.3193,-4.2592,-0.8858,0.2524,0.5053,2.0056
7.3002,-4.2736,-0.8786,0.0618,0.7484,1.9232
7.1852,-4.3885,-0.7326,-0.1812,1.0569,1.8151
7.1038,-4.4508,-0.541,-0.3162,1.2328,1.7442
7.032,-4.6279,-0.134,-0.4335,1.3593,1.6703
6.9386,-4.7931,0.1125,-0.5313,1.4307,1.5964
6.8525,-4.985,0.3543,-0.5997,1.4521,1.5267
6.6489,-5.1358,0.6009,-0.6357,1.4485,1.4638
6.4622,-5.234,0.9672,-0.6351,1.4173,1.3862
6.3976,-5.3154,1.0319,-0.618,1.3672,1.3435
6.3976,-5.4902,1.1516,-0.5911,1.2786,1.3166
6.4885,-5.617,1.2354,-0.5545,1.1711,1.3056
6.7758,-5.8445,1.0749,-0.5093,1.049,1.3019
6.8596,-5.902,1.0342,-0.4598,0.9231,1.2891
7.3816,-6.2683,0.79,-0.3956,0.7961,1.2531
7.8365,-6.7902,0.5578,-0.3877,0.7258,1.1999
8.5978,-7.9658,0.4189,-0.4189,0.6525,1.1101
8.5978,-7.9658,0.4189,-0.4897,0.603,0.9965
8.8851,-8.6553,0.6823,-0.5893,0.5529,0.8658
8.9522,-9.0288,0.9552,-0.7365,0.4961,0.6477
9.0527,-9.5531,0.9528,-0.7994,0.512,0.5219
9.036,-9.5531,0.9289,-0.8391,0.5566,0.4418
8.8875,-9.6656,0.7852,-0.8874,0.6513,0.3911
8.7127,-9.6225,0.7015,-0.9784,0.7625,0.33
8.8851,-9.9721,0.6177,-1.1183,0.881,0.2476
9.1724,-10.6712,0.4955,-1.3724,1.1314,0.0906
8.9402,-11.6552,0.3902,-1.5459,1.3397,-0.0541
8.0352,-12.1963,0.6177,-1.7408,1.523,-0.2245
6.3114,-12.1077,1.5275,-1.9265,1.6922,-0.3522
5.6865,-11.7055,1.9871,-2.0493,1.829,-0.3669
4.6974,-10.3887,2.4947,-2.0578,1.8364,-0.1353
4.209,-9.0862,2.7174,-1.9405,1.7209,0.1566
5.6841,-7.4534,2.7102,-1.753,1.5798,0.5017
6.0983,-7.2595,2.6719,-1.5422,1.4246,0.812
7.3313,-6.9602,2.5043,-1.3443,1.2395,0.9928
8.3536,-6.9674,2.4684,-1.1641,1.0532,1.0258
9.4789,-7.6138,2.5474,-0.9155,0.8205,0.867
9.5651,-7.7623,2.5378,-0.7487,0.6721,0.663
9.7159,-8.0998,2.3223,-0.5642,0.5395,0.4229
9.2802,-8.3297,1.9177,-0.359,0.4247,0.184
8.0017,-8.3847,1.0199,-0.1244,0.3287,-0.0254
8.0017,-8.3847,1.0199,0.1467,0.2463,-0.15
7.5659,-8.1741,0.6248,0.5364,0.0612,-0.1592
7.4462,-7.6856,0.4501,0.7331,-0.144,-0.0938
7.7192,-6.8165,0.5339,0.8718,-0.3926,-0.0064
7.9442,-6.1917,0.6081,0.9567,-0.6516,0.0625
8.028,-5.3728,0.4908,1.0215,-0.8532,0.068
7.9179,-4.6758,0.1628,1.1436,-0.9472,-0.0602
7.4582,-4.2808,-0.7924,1.2328,-0.8269,-0.2105
7.1996,-4.2592,-1.3862,1.2903,-0.6101,-0.3803
6.6585,-4.264,-2.3822,1.2738,-0.3517,-0.5458
6.3185,-4.2257,-2.7581,1.1516,-0.0664,-0.6888
6.2395,-4.0797,-2.2457,0.928,0.1864,-0.7914
6.2204,-4.039,-2.0973,0.523,0.4039,-0.8959
6.3592,-3.7612,-1.4149,0.3061,0.4845,-0.9282
6.704,-3.5434,-1.0821,0.1834,0.548,-0.9453
6.704,-3.5434,-1.0821,0.1302,0.5633,-1.1359
7.0296,-4.0916,-1.1755,0.1302,0.5633,-1.1359
6.9075,-4.7716,-0.9552,0.096,0.5242,-1.4517
6.3976,-5.3968,-0.7398,0.0355,0.4754,-1.671
5.4566,-6.4383,-0.7589,-0.0126,0.3972,-1.8293
5.4255,-6.479,-0.7493,-0.0187,0.3581,-1.88
5.3202,-6.8046,-0.7422,0.005,0.3483,-1.8458
5.2436,-7.0392,-0.6344,0.0306,0.3171,-1.7725
5.0448,-7.0655,-0.2896,0.0557,0.173,-1.6326
5.0736,-6.9482,0.0047,0.0807,0.0484,-1.5171
5.3585,-6.8309,0.3447,0.1296,-0.0786,-1.3827
5.3585,-6.8309,0.3447,0.322,-0.4182,-1.1439
6.1246,-6.613,0.2298,0.322,-0.4182,-1.1439
6.3233,-6.5747,0.0263,0.5389,-0.6369,-1.0632
6.5915,-6.613,-0.4501,0.6873,-0.6937,-1.0419
6.8644,-6.8979,-1.0414,0.8126,-0.7225,-1.037
6.9386,-7.7934,-1.6687,0.8797,-0.7744,-1.0327
6.9123,-7.9059,-1.6855,0.8834,-0.8122,-1.0235
6.9578,-8.4087,-1.6903,0.8345,-0.8184,-0.9948
7.4319,-8.7439,-1.5275,0.7295,-0.7591,-0.8739
8.4901,-9.0192,-1.4437,0.6647,-0.7261,-0.7615
8.4901,-9.0192,-1.4437,0.6287,-0.7273,-0.6674
9.2131,-9.1078,-1.4867,0.6061,-0.7133,-0.6143
9.8883,-9.3759,-1.5466,0.5719,-0.6968,-0.5978
9.9841,-10.3145,-1.4173,0.512,-0.6754,-0.6155
9.9841,-10.3145,-1.4173,0.2316,-0.5813,-0.7529
9.6225,-10.8915,-1.0127,0.2316,-0.5813,-0.7529
8.8564,-10.8723,-0.3734,0.0917,-0.4903,-0.7645
7.7982,-10.0942,0.7589,-0.0236,-0.373,-0.7126
7.5444,-9.5914,1.1947,-0.0749,-0.235,-0.5684
7.6066,-8.8947,1.4772,0.016,-0.0804,-0.2044
7.6066,-8.8947,1.4772,0.374,-0.0645,0.3093
9.3448,-8.3081,0.96,0.374,-0.0645,0.3093
9.747,-8.2555,0.7326,0.5487,-0.136,0.4455
9.9625,-8.2722,0.4836,0.6721,-0.2649,0.4767
10.2043,-8.4087,0.304,0.7466,-0.4127,0.4363
10.1541,-8.7702,0.6584,0.7942,-0.6143,0.3435
10.0439,-8.7678,0.7254,0.8016,-0.753,0.2738
9.5579,-8.7942,1.1085,0.8211,-0.891,0.1975
9.0671,-8.8133,1.1994,0.8749,-1.0248,0.1352
8.2531,-8.5188,1.3431,0.9616,-1.1574,0.1059
8.2028,-8.4254,1.3838,1.1094,-1.3419,0.1309
7.8269,-7.9562,1.6256,1.1913,-1.4634,0.1792
7.7718,-7.2762,1.7429,1.2817,-1.5856,0.2555
7.7215,-6.0839,1.4341,1.3825,-1.6962,0.3429
7.7144,-6.0049,1.3838,1.4931,-1.7731,0.4015
7.6186,-5.313,0.8858,1.603,-1.7902,0.4241
7.7527,-4.6471,0.383,1.6965,-1.7041,0.4198
7.9825,-3.9719,-0.0598,1.6861,-1.5728,0.3765
7.9394,-3.7708,-0.2873,1.6262,-1.4005,0.2836
7.9394,-3.7708,-0.2873,1.3959,-0.9265,-0.015
7.3002,-3.5601,-0.565,1.3959,-0.9265,-0.015
7.032,-3.3997,-0.4812,1.2395,-0.3969,-0.1659
7.0105,-3.292,-0.5027,0.9695,-0.0383,-0.351
7.0847,-3.2489,-0.4812,0.7826,0.2799,-0.4927
7.0847,-3.2489,-0.4812,0.413,0.7447,-0.9069
7.0033,-3.8594,-0.0502,0.413,0.7447,-0.9069
6.9195,-3.9264,0.0335,0.2548,0.9115,-1.1677
6.4311,-4.1395,0.5817,0.0624,1.0783,-1.5758
6.0145,-4.3837,0.9888,-0.0261,1.1369,-1.8311
5.2028,-5.0041,1.0103,-0.0652,1.1241,-2.0571
5.1502,-5.04,1.0199,-0.056,1.0612,-2.2526
4.7357,-5.4016,1.3646,-0.0322,0.9812,-2.409
4.4915,-5.787,1.6855,-0.0114,0.8914,-2.5116
4.7884,-6.7974,-1.9273,0.0416,0.7179,-2.5446
4.7309,-6.7591,-2.0685,0.1046,0.6873,-2.5043
3.3446,-6.1342,-1.5514,0.107,0.8462,-2.4322
1.7094,-5.5189,-0.3926,-0.1379,1.319,-2.3656
1.4604,-4.7524,1.1013,-0.5105,1.3794,-2.1487
2.0087,-4.4987,1.9488,-0.833,1.3581,-1.723
2.7054,-4.7285,2.5043,-0.8275,1.2854,-1.4597
3.28,-5.6027,2.3822,-0.7481,1.0624,-1.2025
4.0773,-6.6322,1.6304,-0.673,0.7246,-0.9527
4.7309,-6.977,1.4341,-0.6272,0.4302,-0.7144
6.6537,-7.8532,1.2904,-0.6302,0.2646,-0.4866
7.5133,-8.4494,1.6735,-0.7182,0.165,-0.205
6.8046,-8.2962,2.806,-0.8165,0.1528,-0.1182
6.7711,-8.2674,2.9328,-0.9161,0.1705,-0.0449
6.9195,-8.3776,3.2824,-0.968,0.1327,0.0607
7.4845,-8.9091,2.9783,-0.9454,0.0618,0.2036
8.6361,-11.0136,1.5658,-0.8208,-0.1727,0.4376
8.617,-11.0854,1.5011,-0.778,-0.3608,0.5939
8.0328,-10.9058,1.0295,-0.8342,-0.4848,0.765
7.305,-9.7997,0.9409,-0.9656,-0.3962,0.9366
5.8996,-8.684,0.6392,-1.1323,-0.1275,1.126
5.8301,-8.6457,0.6296,-1.2899,0.187,1.3624
5.5117,-8.6457,0.8116,-1.5691,0.4815,1.8371
5.8565,-9.3137,1.8339,-1.7878,0.625,2.2463
8.4039,-10.0463,2.6048,-1.9582,0.771,2.7271
10.2187,-10.3791,2.6408,-2.0303,0.8981,3.173
12.2466,-10.9441,3.0071,-2.0346,0.8584,3.443
13.5634,-11.5834,3.0717,-1.9613,0.7771,3.5249
13.6711,-11.5307,2.3199,-1.7267,0.6751,3.3441
13.1803,-11.15,2.126,-1.5636,0.6702,3.0875
12.2011,-10.2833,2.1452,-1.464,0.7118,2.8138
10.937,-9.443,2.3056,-1.395,0.7985,2.586
9.3472,-7.9251,2.5163,-1.3174,0.8956,2.4076
9.1126,-7.6378,2.4923,-1.1537,0.9909,2.2243
8.131,-6.8357,2.2146,-1.0218,1.0239,2.1119
4.3287,-6.7256,1.4796,-0.8562,1.0545,1.9666
4.8243,-5.8301,1.0797,-0.6736,1.0984,1.8254
4.8243,-5.8301,1.0797,-0.5325,1.2163,1.9018
5.4231,-5.5117,1.0486,-0.5062,1.2041,2.06
5.9427,-5.2531,0.711,-0.4781,1.2298,2.1468
6.5771,-4.6279,0.0957,-0.3962,1.3318,2.126
6.4981,-4.5753,0.0837,-0.3474,1.3831,2.0197
5.7679,-4.0653,0.2489,-0.3193,1.3104,1.8499
5.5955,-3.8714,0.5482,-0.3003,1.1406,1.6966
6.0001,-3.8139,0.6871,-0.2515,0.7295,1.5683
6.2491,-3.8738,0.6607,-0.1849,0.4436,1.5011
6.1629,-3.9408,0.6727,-0.1036,0.1736,1.3966
6.1079,-3.8355,0.6081,-0.0285,-0.0688,1.2683
6.0863,-3.6463,0.213,0.0386,-0.2356,1.1437
6.0887,-3.6703,0.0119,0.0838,-0.3339,1.0215
6.1988,-3.8163,0,0.0649,-0.3681,0.8175
6.3952,-4.039,0.1173,-0.0083,-0.3889,0.6935
6.704,-4.5537,0.5817,-0.092,-0.4097,0.586
6.704,-4.5537,0.5817,-0.1989,-0.4072,0.3807
7.0703,-5.1837,0.5578,-0.1989,-0.4072,0.3807
7.4965,-5.9498,0.3423,-0.1953,-0.4091,0.2677
7.6545,-6.4718,0.4955,-0.1702,-0.4366,0.217
7.6306,-6.467,0.486,-0.1507,-0.486,0.1828
7.6569,-6.3592,0.0742,-0.1177,-0.552,0.1706
8.1597,-6.5197,-0.3974,-0.078,-0.6088,0.1737
8.6266,-7.8053,-0.5482,-0.056,-0.5801,0.1657
8.7463,-7.8317,-0.5746,-0.1067,-0.4989,0.0888
9.5986,-7.9969,-0.9002,-0.1501,-0.5471,0.0686
9.8452,-8.0735,-0.7134,-0.1971,-0.5917,0.0778
10.3073,-8.3847,-0.3184,-0.3028,-0.519,0.0411
10.858,-8.9234,-0.1053,-0.403,-0.3999,-0.0431
11.0758,-9.3831,0.0598,-0.4506,-0.2655,-0.1543
10.8173,-9.2993,0.1963,-0.4372,-0.1446,-0.373
11.4302,-9.2706,0.0861,-0.4091,-0.1305,-0.497
11.9114,-9.6752,0.0023,-0.37,-0.0774,-0.6002
12.2586,-10.4438,-0.0574,-0.348,-0.0016,-0.7419
11.8659,-11.0112,0.0718,-0.3517,0.0783,-0.9429
9.9889,-10.6544,0.9409,-0.3602,0.154,-1.2251
9.7111,-10.4701,1.0342,-0.3077,0.0954,-1.3241
8.5452,-9.7279,0.2705,-0.1757,-0.0676,-1.3161
9.1676,-9.0839,1.0893,0.0099,-0.1831,-1.1775
10.5826,-8.3249,0.6919,0.0154,0.118,-0.8574
10.7933,-8.2986,0.6655,0.1015,0.3385,-0.69
11.5331,-8.1908,0.79,0.2231,0.5328,-0.591
11.7175,-7.9227,1.0678,0.2829,0.3666,-0.6472
11.9018,-7.9466,1.4077,0.3678,0.0618,-0.8452
11.8899,-7.9514,1.446,0.4479,-0.3517,-1.0474
11.684,-8.0783,1.9393,0.509,-0.7402,-1.2569
11.5307,-8.2962,2.3989,0.5493,-1.1928,-1.6332
11.3464,-8.6673,2.8419,0.6042,-1.472,-1.8702
10.9801,-8.9737,3.019,0.6928,-1.7548,-2.0834
9.8332,-9.1748,3.2249,0.7967,-2.023,-2.2679
8.8684,-9.0096,3.3758,0.8975,-2.2075,-2.3968
8.1046,-8.3273,3.6128,0.9781,-2.307,-2.4304
7.9418,-8.0041,3.6439,1.0862,-2.2826,-2.3424
7.7934,-7.4965,3.5577,1.1577,-2.2075,-2.2728
7.633,-7.0512,3.134,1.2389,-2.0993,-2.2318
7.1996,-6.5364,2.3726,1.3104,-1.9497,-2.2202
7.0967,-6.4191,2.2361,1.3507,-1.7224,-2.2233
6.6825,-6.2012,1.7621,1.3495,-1.4427,-2.2318
6.4191,-6.0815,1.3335,1.275,-1.0022,-2.2312
6.0911,-5.8134,1.1156,1.1998,-0.6821,-2.2049
6.0911,-5.8134,1.1156,1.1027,-0.3596,-2.1701
5.9139,-5.5907,1.0319,1.0031,-0.0853,-2.142
5.72,-5.483,0.9935,0.9176,0.1455,-2.1231
5.368,-5.3202,0.972,0.837,0.4466,-2.0987
5.3537,-5.3058,0.9648,0.7973,0.5859,-2.0932
5.2005,-5.2675,0.8379,0.7686,0.6733,-2.0956
4.9922,-5.3321,0.8188,0.749,0.7118,-2.1054
4.5801,-5.3417,0.9241,0.7289,0.6928,-2.1158
4.3646,-5.3106,1.0031,0.7136,0.6391,-2.1213
4.094,-5.3273,1.0486,0.7148,0.4931,-2.1096
3.8857,-5.4566,1.0773,0.7411,0.3501,-2.0834
3.5913,-5.6434,0.9265,0.7765,0.1882,-2.0461
3.4021,-5.7679,0.8164,0.8132,0.0129,-1.9954
3.1459,-5.9044,0.6248,0.8431,-0.1446,-1.9197
3.0573,-5.9929,0.5722,0.8535,-0.359,-1.7486
3.213,-6.2371,0.6464,0.837,-0.5013,-1.6032
3.2537,-6.2874,0.656,0.8113,-0.6504,-1.4395
3.4117,-6.5244,0.5051,0.7826,-0.8006,-1.2557
3.711,-6.7471,0.3854,0.7509,-0.9265,-1.0547
4.7931,-7.19,0.7781,0.7063,-1.0047,-0.8421
4.8626,-7.2259,0.8044,0.6061,-1.0572,-0.5147
5.4734,-7.4773,1.0486,0.5493,-1.0963,-0.3088
6.0312,-7.6473,1.0462,0.5157,-1.1409,-0.1115
7.5635,-8.2315,0.8523,0.5108,-1.1763,0.071
7.6425,-8.2626,0.8164,0.5102,-1.2044,0.2299
8.04,-8.5045,0.5913,0.5041,-1.1788,0.4015
8.368,-8.6098,0.292,0.4796,-1.0682,0.4815
8.3656,-8.8085,-0.3112,0.4289,-0.8642,0.5493
8.6888,-9.1748,-0.7517,0.3245,-0.5978,0.6196
9.4933,-10.1924,-1.2545,0.143,-0.3113,0.6837
10.2594,-12.0407,-1.5418,-0.1177,-0.0664,0.7027
9.5771,-13.5299,-1.0342,-0.6253,0.1785,0.6526
8.6673,-13.2234,-0.5339,-0.9967,0.3459,0.6434
7.1302,-11.6792,0.2777,-1.3254,0.6146,0.7497
6.9458,-10.3695,0.8403,-1.5557,1.0013,0.9855
7.1637,-10.439,0.7206,-1.6962,1.3947,1.2573
7.123,-10.573,0.6991,-1.7786,1.6562,1.4302
6.9889,-11.3248,0.8834,-1.9136,1.7362,1.5108
7.2762,-12.0239,1.6472,-2.0175,1.6812,1.6055
9.1269,-12.2921,2.8634,-2.0749,1.5981,1.8065
9.2898,-12.2801,2.9305,-2.0431,1.4246,2.0802
10.3552,-12.1245,2.9448,-1.9149,1.1913,2.3606
10.9513,-11.8683,2.6551,-1.5306,0.87,2.6006
10.4773,-10.8364,2.0757,-1.2533,0.6678,2.6617
10.4773,-10.8364,2.0757,-0.8373,0.4332,2.5841
9.2419,-9.4813,1.8818,-0.8373,0.4332,2.5841
8.2555,-8.3488,1.8219,-0.6962,0.3868,2.4833
7.2667,-7.0224,1.719,-0.5991,0.3495,2.4021
7.2667,-7.0224,1.719,-0.4415,0.4222,2.3441
6.4526,-5.9163,1.2425,-0.4415,0.4222,2.3441
6.1964,-5.5979,0.7038,-0.3798,0.6305,2.341
5.5213,-5.3034,-0.2896,-0.3584,0.9274,2.3306
5.1693,-5.1502,-0.4548,-0.3962,1.2725,2.2995
4.7955,-4.9419,-0.3639,-0.5838,1.76,2.2732
4.9395,-4.5825,0.2346,-0.7524,1.9549,2.2964
5.9307,-3.9001,1.3239,-0.8947,2.0263,2.3447
6.0552,-3.8379,1.3958,-0.9662,1.9512,2.3679
6.4766,-3.529,1.4628,-0.954,1.8064,2.3398
6.5795,-3.45,1.1994,-0.8684,1.6635,2.2335
6.2395,-3.7588,0.735,-0.684,1.4637,1.9635
6.2395,-3.7588,0.735,-0.5862,1.3116,1.7699
6.0983,-4.1395,0.632,-0.5331,1.1198,1.6037
6.0983,-4.1395,0.632,-0.4714,0.7338,1.4296
6.3425,-5.0879,0.9983,-0.4714,0.7338,1.4296
6.3425,-5.0879,0.9983,-0.4085,0.2273,1.3728
6.7782,-5.0712,1.2234,-0.4085,0.2273,1.3728
7.2667,-5.131,1.1468,-0.3443,0.03,1.3563
7.5659,-5.5979,0.7996,-0.2527,-0.0951,1.2995
7.6186,-5.9929,0.4237,-0.1617,-0.1763,1.2091
7.5994,-6.4239,-0.0885,-0.1116,-0.2173,1.1144
7.7694,-6.9147,-0.2106,-0.125,-0.2179,0.9989
8.0831,-7.6713,-0.0407,-0.1843,-0.1934,0.9702
8.2602,-7.9322,0.0718,-0.2533,-0.158,0.9751
8.7127,-8.4566,0.2178,-0.3046,-0.1043,0.9934
9.0743,-9.0982,0.2202,-0.3352,-0.0591,1.0081
10.1708,-10.3624,0.5243,-0.3425,-0.045,1.013
10.3312,-10.5252,0.5985,-0.3492,-0.0664,1.013
10.8244,-11.1596,1.0462,-0.351,-0.1036,1.0063
11.1213,-11.3847,1.2928,-0.3193,-0.1317,0.9971
11.5618,-11.5954,1.0007,-0.2417,-0.1672,0.9831
11.5116,-11.6576,0.9481,-0.1293,-0.2228,0.9617
11.4565,-11.3919,0.7709,0.0233,-0.2435,0.9049
11.4804,-10.6401,0.8858,0.0612,-0.2105,0.8994
10.822,-9.3233,0.9433,0.0667,-0.0798,0.8749
10.7909,-9.2323,0.9193,0.085,0.1644,0.8157
10.7454,-8.9594,0.9361,0.1241,0.3935,0.7344
10.4485,-8.6457,0.9193,0.1601,0.5615,0.6434
9.9098,-8.1405,0.9026,0.2377,0.7173,0.487
9.747,-7.9083,1.0295,0.2976,0.7484,0.382
9.6872,-7.7958,1.2808,0.3593,0.6977,0.2793
9.668,-7.7096,1.5035,0.4375,0.5859,0.1596
9.9218,-7.8987,1.6663,0.5303,0.3953,0.0124
10.0774,-7.9945,1.8291,0.6733,-0.0047,-0.2532
10.1948,-8.198,2.2218,0.7692,-0.2955,-0.4683
10.075,-8.3488,2.5929,0.8785,-0.6003,-0.7108
9.7734,-8.6337,2.5881,1.005,-0.9387,-0.9576
9.668,-8.6816,2.5043,1.1546,-1.2777,-1.1885
9.1365,-8.9163,1.9704,1.3043,-1.5691,-1.409
8.5954,-9.2802,1.537,1.4338,-1.8446,-1.7205
7.3624,-9.17,1.4939,1.413,-1.9332,-1.8787
7.3624,-9.17,1.4939,1.3214,-1.9613,-1.9698
6.9123,-8.7367,1.6974,1.1937,-1.9283,-2.0192
6.5029,-8.4494,1.9033,1.0691,-1.8263,-2.0596
5.878,-7.9777,2.2936,0.972,-1.6882,-2.0968
5.8541,-7.9203,2.3127,0.8712,-1.4934,-2.1121
5.7559,-7.4223,2.3965,0.8382,-1.3767,-2.0828
5.7751,-6.9578,2.4037,0.8303,-1.2698,-2.0498
5.8469,-6.4407,2.3606,0.8303,-1.1806,-2.0382
5.7894,-6.2132,2.3487,0.8321,-1.1177,-2.0449
5.6601,-5.9283,2.2792,0.8364,-1.0487,-2.0779
5.6386,-5.7511,2.205,0.8358,-0.9839,-2.1023
5.4734,-5.8158,1.9009,0.8358,-0.9149,-2.1261
5.3776,-5.89,1.7908,0.8309,-0.8477,-2.1469
5.2962,-5.9786,1.5969,0.8119,-0.7469,-2.1622
5.2723,-5.9498,1.5227,0.771,-0.6192,-2.1732
5.2651,-6.1198,1.391,0.6806,-0.4531,-2.2123
5.2555,-6.218,1.3335,0.6226,-0.3791,-2.2593
5.1741,-6.4957,1.209,0.5694,-0.3425,-2.3143
5.0161,-6.7088,1.0869,0.5114,-0.337,-2.3699
4.446,-7.2164,1.0702,0.4473,-0.3504,-2.4169
4.446,-7.2164,1.0702,0.3501,-0.3779,-2.4487
4.1587,-7.384,1.2306,0.2952,-0.3975,-2.4236
3.8905,-7.5635,1.4077,0.2487,-0.4311,-2.3638
3.3542,-7.6545,1.8698,0.2273,-0.4744,-2.2654
3.3255,-7.6354,1.9033,0.2322,-0.5038,-2.1213
3.2848,-7.5061,2.0733,0.2622,-0.5276,-1.9331
3.7421,-7.554,2.0949,0.3471,-0.6296,-1.6026
4.7117,-7.8365,1.8243,0.4192,-0.7371,-1.3766
5.2459,-7.9179,1.6807,0.4839,-0.8355,-1.1689
5.8182,-7.8604,1.4341,0.5218,-0.9014,-1.0052
6.1438,-7.8125,1.2593,0.5352,-0.9253,-0.9001
6.443,-8.0998,1.0127,0.5242,-0.9314,-0.8464
6.6322,-8.4757,0.9026,0.479,-0.9039,-0.8024
6.6992,-9.0839,0.7254,0.4204,-0.8672,-0.7737
6.7519,-9.522,0.723,0.3404,-0.7896,-0.7303
6.9363,-10.506,0.9337,0.2426,-0.6846,-0.6631
6.9315,-10.6353,0.9457,0.1412,-0.6119,-0.5745
6.8668,-10.9705,0.9361,0.0087,-0.5624,-0.3992
6.8668,-10.9705,0.9361,-0.1434,-0.4702,-0.059
6.9458,-10.9226,0.7422,-0.1434,-0.4702,-0.059
6.8716,-10.8867,0.723,-0.2246,-0.3755,0.0985
6.2731,-10.4438,0.5147,-0.2985,-0.249,0.2256
6.0312,-10.1421,0.2729,-0.3596,-0.0798,0.3698
5.6865,-9.4262,0.395,-0.4891,0.253,0.6416
5.6865,-9.3999,0.3902,-0.6155,0.4827,0.798
6.0432,-9.7039,0.5243,-0.7481,0.68,0.9244
6.6178,-10.5276,0.7422,-0.8672,0.8193,1.0258
7.2547,-11.3966,0.8882,-0.9644,0.8859,1.104
7.6042,-11.4924,0.9145,-1.0346,0.9586,1.239
7.9346,-11.4038,0.735,-1.0358,1.0245,1.3386
7.9705,-11.2027,0.462,-1.0089,1.0844,1.432
7.8484,-10.4964,0.1771,-0.9882,1.085,1.5218
7.791,-10.0367,0.1795,-0.9961,1.0202,1.6092
7.767,-9.1126,0.4668,-1.0425,0.8993,1.6959
7.8293,-8.3776,1.0438,-1.133,0.6647,1.7888
7.7934,-7.6401,1.7405,-1.1696,0.4619,1.7973
7.8149,-7.554,1.8124,-1.1665,0.2444,1.7784
8.0136,-7.1517,2.0374,-1.1158,0.0569,1.7582
8.2411,-6.6657,2.0446,-1.045,-0.0615,1.7399
8.2626,-5.653,1.8148,-0.9149,-0.089,1.6807
8.2076,-5.5332,1.7549,-0.8177,0.0227,1.5884
7.8484,-4.9515,1.3742,-0.7279,0.2188,1.4504
7.2906,-4.4556,0.9097,-0.6626,0.4674,1.2885
5.9211,-3.6727,0.1292,-0.632,0.7057,1.1333
5.8229,-3.6439,0.0766,-0.6333,0.8969,0.9922
5.1262,-3.3686,-0.2322,-0.6858,1.1039,0.8181
4.774,-3.1866,-0.3711,-0.7524,1.173,0.7357
4.4268,-2.8826,-0.2801,-0.8287,1.1669,0.6776
4.458,-2.6958,-0.1987,-0.9045,1.0844,0.6281
4.6279,-2.5737,-0.1699,-0.9613,0.9757,0.5768
4.6471,-2.6503,-0.213,-0.9998,0.8584,0.5182
4.0821,-2.9496,-0.2968,-1.0523,0.6617,0.3948
3.8738,-3.0909,-0.2633,-1.0951,0.548,0.3142
3.6032,-3.3063,-0.1556,-1.1354,0.3947,0.2683
3.7612,-3.5003,0.0885,-1.1562,0.1937,0.2751
4.3837,-3.5697,0.6512,-1.1568,-0.034,0.3264
4.5154,-3.6056,0.723,-1.125,-0.4103,0.407
4.7405,-3.8187,0.7852,-1.0633,-0.6369,0.4314
4.973,-4.2018,0.7613,-0.9815,-0.8159,0.4345
5.4016,-5.0712,0.9385,-0.8972,-0.9381,0.4412
5.4016,-5.0712,0.9385,-0.811,-1.0273,0.4773
5.8182,-5.1598,0.802,-0.7053,-1.1006,0.5432
6.048,-5.2699,0.237,-0.4805,-1.2961,0.6544
6.2228,-5.4925,-2.6695,-0.3028,-1.4836,0.7131
6.3042,-5.5117,-2.8586,-0.1434,-1.7713,0.7699
7.8437,-6.1533,-3.7421,-0.0548,-2.2973,0.8193
9.2874,-6.9219,-3.7588,-0.0676,-2.9619,0.823
9.5364,-7.0679,-3.0933,-0.1391,-3.6467,0.7717
9.5914,-6.8189,-2.6144,-0.1519,-3.7542,0.7821
10.3432,-6.4885,-2.3942,-0.1153,-3.5947,0.8536
11.3512,-6.3185,-2.6527,-0.0578,-3.2215,0.9446
11.6744,-6.5244,-3.596,-0.0169,-2.7261,0.9702
11.7582,-7.0105,-4.0246,-0.0285,-2.1445,0.8927
11.9904,-7.8963,-3.9073,-0.2246,-1.2789,0.6746
11.9904,-7.8963,-3.9073,-0.3871,-0.7304,0.4577
12.8284,-10.0774,-3.4931,-0.3871,-0.7304,0.4577
12.8739,-10.1325,-3.5529,-0.3223,-0.662,0.4119
12.8739,-10.1253,-3.7588,-0.2002,-0.651,0.3942
12.2873,-9.5076,-4.1659,-0.0328,-0.7017,0.415
11.4876,-6.3329,-5.7152,0.33,-0.6754,0.5463
11.5164,-6.3329,-5.7152,0.614,-0.4036,0.6758
12.2657,-5.5883,-7.3289,0.848,-0.0352,0.7937
12.8978,-5.5835,-8.4638,0.9072,0.2689,0.8597
12.6416,-5.9834,-7.6306,0.7057,0.4613,0.7638
12.6368,-6.0217,-7.3792,0.0465,0.6885,0.3465
12.5459,-6.1079,-4.9036,-0.4121,0.8064,0.0368
12.0311,-6.0935,-2.3606,-0.6791,0.7258,-0.2703
11.0208,-6.2395,-0.9193,-0.6601,0.3575,-0.5886
10.9106,-6.5963,-0.3782,-0.4127,-0.2289,-0.8751
10.324,-6.7016,0.0407,-0.0749,-0.8703,-1.0816
9.3496,-6.4861,-0.1939,0.6049,-1.4488,-1.4554
9.0599,-6.6992,-1.1779,1.0612,-1.6271,-1.6222
9.0551,-6.8405,-2.0231,1.4118,-1.6418,-1.6594
8.9785,-6.8788,-3.7277,1.6073,-1.5392,-1.6313
9.2131,-6.8213,-4.9993,1.5609,-1.3871,-1.5678
8.7535,-6.3616,-5.5261,1.0349,-1.0224,-1.5244
8.6146,-6.2587,-5.3944,0.5407,-0.5575,-1.5977
8.0615,-5.8373,-4.4795,0.0361,0.0508,-1.7065
7.5372,-5.6913,-3.0861,-0.4323,0.6128,-1.7871
6.4933,-5.6218,-1.0917,-0.8061,1.0667,-1.8311
6.4119,-5.6314,-0.9911,-1.0193,1.4106,-1.85
5.8924,-5.5979,-0.1867,-1.0364,1.7643,-1.8158
5.5883,-5.2388,0.6416,-0.9008,1.8333,-1.7535
5.5955,-4.5657,1.0726,-0.673,1.6904,-1.6973
5.6577,-4.5489,1.0582,-0.3614,1.3605,-1.6521
6.0815,-4.5705,0.7757,-0.0248,0.9402,-1.599
6.139,-4.5298,0.2609,0.4986,0.4876,-1.6778
6.0025,-4.6136,-0.9313,0.7747,0.2939,-1.7981
6.0193,-4.906,-1.7597,0.9042,0.1082,-1.8842
6.1103,-5.3345,-2.0973,0.8773,-0.0633,-1.9331
6.0312,-5.4997,-1.6998,0.7619,-0.1305,-1.982
5.6961,-5.6673,-0.5027,0.6452,-0.133,-2.0473
5.4782,-5.7966,-0.1723,0.5597,-0.1959,-2.1304
5.0592,-6.0719,0.146,0.5865,-0.2441,-2.1432
4.6064,-6.3329,0.1963,0.6757,-0.29,-2.1048
4.0581,-6.3425,-0.0526,0.8052,-0.3675,-2.0205
4.015,-6.3162,-0.1604,0.9451,-0.5068,-1.8885
4.1132,-6.3281,-0.5602,1.0826,-0.7389,-1.7266
4.4244,-6.4622,-0.8738,1.2328,-1.114,-1.4597
5.0807,-6.704,-1.446,1.2744,-1.2857,-1.2819
5.1669,-6.7351,-1.5322,1.2695,-1.3681,-1.1084
5.7104,-6.9363,-1.7597,1.2212,-1.4451,-0.9508
6.4933,-7.3385,-1.8914,1.1455,-1.4604,-0.8097
7.4797,-8.1693,-1.8483,1.0007,-1.3901,-0.621
7.4797,-8.1693,-1.8483,0.8914,-1.2728,-0.5147
7.9298,-8.5188,-1.8674,0.7814,-1.1104,-0.4047
8.2459,-8.7606,-2.035,0.68,-0.9308,-0.2972
8.6888,-9.2107,-2.3175,0.5737,-0.7866,-0.2001
9.0312,-9.6345,-2.4899,0.4497,-0.6779,-0.1121
9.6393,-10.4773,-2.5306,0.206,-0.4922,0.0148
10.19,-11.4302,-2.3846,0.0044,-0.3504,0.0894
10.2379,-12.0598,-2.0231,-0.2258,-0.205,0.1431
10.1995,-12.1293,-1.9057,-0.4579,-0.0346,0.1859
9.6154,-11.8132,-1.7357,-0.6803,0.1693,0.2329
8.4901,-10.9896,-1.5825,-0.998,0.5945,0.2946
6.1557,-9.2131,-0.8331,-1.2179,0.9812,0.3215
6.1557,-9.2131,-0.8331,-1.6216,1.815,0.4382
5.3345,-8.854,-0.5937,-1.6216,1.815,0.4382
5.1789,-9.2275,-0.3327,-1.7731,2.1265,0.5274
5.1789,-9.2275,-0.3327,-1.9613,2.6079,0.8071
5.5692,-10.1852,0.8427,-1.9613,2.6079,0.8071
6.0288,-10.3408,1.1635,-1.8898,2.7013,0.9586
6.3042,-10.3552,1.0726,-1.7121,2.6916,1.1089
6.9985,-10.099,0.553,-1.4622,2.5645,1.2286
7.044,-10.0703,0.5339,-1.1922,2.3244,1.3258
7.3313,-9.6585,0.3351,-0.943,1.9976,1.4058
7.4797,-8.9977,0.067,-0.6198,1.4729,1.4614
7.3265,-8.1166,-0.2873,-0.439,1.1785,1.4424
7.0392,-7.6114,-0.4429,-0.301,0.9561,1.382
6.6394,-7.0799,-0.7398,-0.213,0.7991,1.2983
6.6394,-7.0799,-0.7398,-0.1989,0.68,1.0955
5.0113,-5.9187,-1.4963,-0.1989,0.68,1.0955
4.5753,-5.7392,-1.5682,-0.2545,0.7619,1.0368
3.9791,-5.5069,-1.5394,-0.3346,0.873,1.0252
3.9504,-5.2843,-1.3407,-0.4219,0.9616,1.0826
4.6112,-4.7213,-1.0199,-0.4995,1.0074,1.1926
4.671,-4.6375,-1.0223,-0.5575,1.0477,1.308
4.7381,-4.2568,-1.1947,-0.6082,1.1284,1.3734
4.5705,-4.0773,-1.233,-0.6522,1.2139,1.3294
4.2161,-4.0294,-1.118,-0.7163,1.2811,1.2573
4.1874,-4.0509,-1.1276,-0.8019,1.341,1.1914
4.1802,-4.2401,-0.9576,-0.8935,1.4063,1.1364
4.0725,-4.5489,-0.6272,-1.0248,1.5083,1.0704
4.0725,-4.5489,-0.6272,-1.1012,1.4717,1.0661
4.209,-4.9179,-0.0407,-1.1012,1.4717,1.0661
4.6734,-5.2196,0.1173,-1.0694,1.3483,1.1162
5.076,-5.4303,0.2011,-1.0144,1.1913,1.1614
5.3537,-5.7607,0.2178,-0.943,1.0361,1.1767
5.5069,-5.9427,0.328,-0.8208,0.7912,1.1504
5.8373,-6.1414,0.5482,-0.7426,0.6159,1.1449
6.2659,-6.3114,0.6775,-0.6595,0.4155,1.1633
7.0608,-6.5412,0.723,-0.5593,0.2286,1.192
7.2834,-6.6274,0.735,-0.4439,0.0789,1.2176
7.2834,-6.6274,0.735,-0.166,-0.1666,1.2427
8.1788,-6.8764,0.6847,-0.166,-0.1666,1.2427
8.514,-7.3409,0.2202,-0.067,-0.2386,1.2311
8.4566,-7.4893,0.1053,0.0251,-0.304,1.2024
8.1645,-7.8532,-0.3184,0.1003,-0.3645,1.1657
8.4159,-8.1022,-0.5722,0.154,-0.3901,1.1443
10.4677,-8.2291,-0.79,0.1626,-0.3596,1.173
10.4677,-8.2291,-0.79,0.1443,-0.3113,1.192
11.6313,-8.0783,-1.2521,0.14,-0.2509,1.1572
11.6313,-8.0783,-1.2521,0.1492,-0.0609,0.8206
10.0942,-8.4398,-2.0159,0.1492,-0.0609,0.8206
9.9889,-8.4518,-2.0231,0.0991,-0.0157,0.5952
9.8237,-8.8636,-2.1547,0.0032,-0.012,0.4938
10.4294,-9.5842,-2.3223,-0.0536,-0.0725,0.6227
11.3966,-9.8261,-1.9967,-0.111,-0.1782,0.82
12.0239,-9.68,-1.5059,-0.166,-0.2325,1.0234
12.7063,-9.1605,-0.6967,-0.2014,-0.1996,1.2091
13.1947,-8.3488,-0.2394,-0.1287,-0.089,1.4021
13.5682,-7.0057,-0.3854,0.016,-0.0077,1.4663
13.6544,-6.3257,-0.6631,0.2127,0.0752,1.4779
13.8172,-5.6482,-1.1587,0.4149,0.1614,1.4314
13.8627,-5.3824,-1.5394,0.5847,0.2249,1.3294
13.4652,-5.1574,-1.9369,0.7008,0.2377,1.17
13.3767,-5.1957,-1.9488,0.7875,0.1357,0.8609
12.9912,-5.4447,-1.7286,0.8052,0.0019,0.6294
12.7254,-5.8756,-1.2473,0.8071,-0.1879,0.385
11.976,-6.7854,-0.2992,0.8119,-0.4421,0.134
11.9401,-6.8118,-0.2442,0.8492,-0.7286,-0.1133
11.4421,-6.9961,0.2035,0.9567,-1.1189,-0.4518
10.8843,-6.9841,0.4572,1.0435,-1.3565,-0.657
9.8883,-6.6657,0.5937,1.1284,-1.5783,-0.8476
9.7949,-6.6035,0.577,1.2023,-1.7744,-1.0235
9.3688,-6.3473,0.3327,1.253,-1.9228,-1.1879
9.0264,-6.2539,0.0383,1.2683,-2.0205,-1.3485
8.5284,-6.1988,-0.2873,1.1992,-2.0175,-1.5941
8.186,-6.2204,-0.3758,1.0948,-1.9167,-1.7578
7.7431,-6.2659,-0.3782,0.9537,-1.7774,-1.9093
7.3672,-6.2108,-0.3184,0.782,-1.6394,-2.0205
6.6657,-6.1414,-0.5099,0.603,-1.4714,-2.0913
6.3138,-6.0672,-0.5123,0.443,-1.2399,-2.1469
5.866,-6.0097,-0.3495,0.2218,-0.8953,-2.2227
5.5285,-5.9355,0.0478,0.0697,-0.7457,-2.2532
5.4973,-5.9953,0.8236,-0.0645,-0.6491,-2.2538
5.5021,-6.0193,0.8906,-0.1446,-0.5789,-2.2233
5.5213,-6.1462,1.0199,-0.1696,-0.5355,-2.1866
5.5548,-6.2587,1.0319,-0.1385,-0.4867,-2.1463
5.3082,-6.3976,0.9241,-0.1067,-0.4592,-2.1316
5.2507,-6.4191,0.9074,-0.0774,-0.4439,-2.1261
5.052,-6.5292,0.723,-0.0584,-0.4537,-2.1206
4.8123,-6.6801,0.5674,-0.0426,-0.4653,-2.1011
4.5681,-6.7591,0.3399,-0.034,-0.4751,-2.0596
4.5561,-6.7591,0.328,-0.0542,-0.5233,-1.9441
4.6136,-6.7878,0.3351,-0.0743,-0.5752,-1.8488
4.6806,-6.7639,0.3974,-0.0926,-0.6302,-1.7498
4.8291,-6.692,0.4548,-0.1091,-0.6974,-1.6546
4.9682,-6.6968,0.3854,-0.125,-0.7725,-1.5617
5.1909,-6.6801,0.3495,-0.1488,-0.852,-1.4328
5.3417,-6.6633,0.4477,-0.1745,-0.8556,-1.3565
5.6554,-6.6968,0.3998,-0.2142,-0.8385,-1.2917
5.7894,-6.7758,0.3423,-0.2588,-0.7988,-1.2355
5.9259,-7.044,0.2418,-0.3101,-0.7304,-1.1897
6.0073,-7.3768,0.1412,-0.3743,-0.6443,-1.153
6.1749,-7.9586,0.3591,-0.5135,-0.4867,-1.0981
6.2204,-8.0567,0.4213,-0.6241,-0.3645,-1.0516
6.4287,-8.4494,0.5051,-0.7286,-0.2484,-0.9973
6.6082,-8.8037,0.4764,-0.8196,-0.1311,-0.9331
6.6896,-9.5699,0.3447,-0.9008,-0.0077,-0.8678
6.6896,-9.5699,0.3447,-1.0413,0.1583,-0.7902
6.8525,-10.1876,0.3639,-1.1513,0.2438,-0.7309
7.293,-11.0639,0.4189,-1.2612,0.3025,-0.6558
7.3337,-12.2179,1.4365,-1.3675,0.3379,-0.5703
7.3337,-12.2179,1.4365,-1.4653,0.3355,-0.4719
6.7399,-12.0838,2.4133,-1.5312,0.3361,-0.34
6.3449,-11.4661,2.8898,-1.4372,0.3068,-0.0229
6.0528,-10.0535,2.5187,-1.2044,0.3068,0.291
5.8062,-9.0048,1.9105,-0.8874,0.3898,0.6343
5.5093,-8.1022,0.5291,-0.5569,0.5297,0.9391
5.5021,-7.5731,-1.1755,-0.2716,0.6861,1.1834
6.1653,-7.5947,-2.1906,-0.1226,0.7845,1.3587
6.7998,-7.9466,-1.9105,-0.2295,0.851,1.5029
8.2004,-8.8492,-1.1779,-0.384,0.8407,1.5646
8.9594,-9.4597,-0.9385,-0.4415,0.8138,1.5921
10.0679,-10.0415,-1.4125,-0.3651,0.779,1.5677
10.1948,-10.0798,-1.47,-0.2179,0.7014,1.5261
10.3624,-9.9649,-1.8674,-0.0193,0.5731,1.4351
10.3624,-9.9649,-1.8674,0.0337,0.4784,1.2042
8.9091,-8.3728,-1.8579,0.0337,0.4784,1.2042
8.9091,-8.3728,-1.8579,-0.1776,0.5841,0.922
8.016,-7.8437,-1.0175,-0.1776,0.5841,0.922
7.5707,-7.4079,-0.3375,-0.3052,0.702,0.8365
6.7399,-6.3904,0.0167,-0.4274,0.895,0.8224
6.6992,-6.3449,-0.0095,-0.4311,1.0758,0.8432
6.3233,-5.969,-0.2489,-0.3895,1.3012,0.8511
5.7559,-5.6554,-0.5123,-0.3614,1.5163,0.8389
4.9658,-5.2388,-0.7613,-0.3669,1.6641,0.8077
4.4747,-4.9802,-0.7589,-0.4109,1.8303,0.7662
4.0174,-4.707,-0.6775,-0.4476,1.8712,0.7717
3.9288,-4.4149,-0.3974,-0.4805,1.8083,0.8206
4.3574,-3.9456,-0.0119,-0.4989,1.6751,0.9006
4.4436,-3.8139,0.1101,-0.4897,1.5248,0.9562
4.3981,-3.7493,0.2705,-0.4524,1.3727,0.9519
4.3622,-3.881,0.5841,-0.3736,1.0997,0.8664
4.5705,-4.3311,1.4317,-0.3205,0.8822,0.8077
4.6232,-4.3933,1.5059,-0.2484,0.6366,0.7705
4.8003,-4.7237,1.7884,-0.1379,0.3788,0.757
4.8243,-4.9515,1.7381,0.0142,0.1369,0.7546
4.671,-5.3776,1.0438,0.1907,-0.0762,0.7564
4.671,-5.3776,1.0438,0.4521,-0.3578,0.787
4.616,-5.6242,0.735,0.5804,-0.4928,0.8377
4.671,-5.9187,0.5051,0.6666,-0.5936,0.9104
5.3369,-6.4407,0.1819,0.7221,-0.6559,1.0099
5.3872,-6.4718,0.1699,0.7515,-0.6846,1.1291
5.7966,-6.7256,0.0383,0.7704,-0.6791,1.2964
6.139,-6.9482,-0.0407,0.7759,-0.6772,1.3856
7.0009,-7.4342,-0.1604,0.7857,-0.6772,1.4656
7.5611,-7.8867,-0.1532,0.8022,-0.6864,1.5402
8.0567,-8.4087,-0.2274,0.8162,-0.7102,1.6
8.6697,-8.6744,-0.2944,0.8364,-0.7102,1.6446
9.4526,-9.1078,-0.4525,0.8706,-0.6919,1.7155
9.4526,-9.1078,-0.4525,0.9127,-0.6931,1.8114
9.9649,-9.7806,-0.8116,0.9127,-0.6931,1.8114
10.4605,-9.996,-1.1013,0.9292,-0.6827,1.8847
11.6169,-10.075,-1.2832,0.9231,-0.662,1.9666
11.8252,-9.996,-1.2449,0.8736,-0.6058,2.079
12.7805,-9.68,-1.1061,0.8278,-0.5367,2.1235
13.8387,-9.68,-1.1228,0.793,-0.4805,2.1333
14.5929,-9.9458,-1.5322,0.7716,-0.483,2.0777
14.6073,-9.9386,-1.5562,0.7557,-0.5099,1.9372
14.5043,-9.7255,-1.6065,0.7301,-0.5141,1.7582
13.8124,-8.7965,-1.2593,0.6476,-0.4256,1.5011
12.893,-6.6035,-0.9744,0.5933,-0.3046,1.3575
12.8811,-6.4981,-0.9888,0.5804,-0.1397,1.2445
12.9098,-5.8589,-1.3335,0.5988,0.0478,1.1419
12.9577,-5.7224,-1.8962,0.6116,0.2243,1.0087
12.7159,-5.878,-2.1811,0.5334,0.4589,0.6917
12.2418,-6.0432,-2.138,0.4075,0.5994,0.4076
11.6624,-6.3449,-1.798,0.2658,0.6898,0.1052
11.1692,-6.7734,-1.2737,0.154,0.7319,-0.1671
10.6664,-7.4941,-0.7589,0.093,0.6739,-0.4029
10.6664,-7.4941,-0.7589,0.1766,0.0581,-0.8635
10.008,-8.2267,-0.0407,0.1766,0.0581,-0.8635
9.7518,-8.2602,0.4213,0.2664,-0.3352,-0.9844
9.1389,-7.8413,0.9792,0.3801,-0.7725,-1.0724
9.0144,-7.7479,1.0486,0.5053,-1.2069,-1.1469
8.6481,-7.3361,1.2138,0.6287,-1.5978,-1.2147
8.6481,-7.3361,1.2138,0.8773,-2.2325,-1.3882
7.0967,-6.783,0.6799,0.8773,-2.2325,-1.3882
6.9626,-6.7088,0.6847,0.9317,-2.2771,-1.4243
6.6322,-6.2922,0.984,0.9457,-2.2111,-1.4182
6.3425,-5.9834,1.2521,0.9463,-2.1714,-1.387
5.6434,-5.1286,1.4293,0.9928,-2.2203,-1.3815
5.5261,-5.0448,1.3455,1.1717,-2.3742,-1.4102
5.2268,-4.7572,0.8523,1.3025,-2.53,-1.4145
5.3944,-4.695,0.1723,1.3831,-2.6638,-1.3907
5.7535,-4.7692,-0.3375,1.3837,-2.7346,-1.3503
5.8828,-4.7884,-0.4477,1.3049,-2.723,-1.3265
6.0217,-4.786,-0.4692,1.1552,-2.6577,-1.3296
6.1079,-4.8291,-0.4572,0.8785,-2.4836,-1.3583
6.3688,-5.0041,-0.4596,0.6818,-2.3394,-1.3919
6.4814,-5.1119,-0.4836,0.4827,-2.1904,-1.4401
6.6178,-5.3441,-0.4884,0.2738,-2.0157,-1.5171
6.5604,-5.6865,-0.632,0.049,-1.8245,-1.6271
6.3592,-6.4407,-0.4094,-0.3126,-1.4958,-1.8097
6.3592,-6.4407,-0.4094,-0.8055,-0.9894,-2.0003
6.0839,-6.8477,0.0718,-0.8055,-0.9894,-2.0003
5.811,-7.2044,0.4644,-1.0144,-0.7713,-2.0589
5.1454,-7.9753,1.0726,-1.18,-0.5844,-2.0877
5.1454,-7.9753,1.0726,-1.3003,-0.4256,-2.0754
4.6639,-8.1788,1.458,-1.4109,-0.2167,-1.9551
4.3718,-8.1262,1.8602,-1.4469,-0.0945,-1.8036
4.853,-8.1453,2.4588,-1.4463,-0.0053,-1.6075
4.9275,-8.1717,2.4851,-1.4097,0.0184,-1.3846
5.7751,-8.4949,2.6623,-1.3394,-0.031,-1.1585
6.5532,-8.9043,2.6958,-1.2478,-0.133,-0.9588
7.633,-9.4095,2.7126,-1.0939,-0.3132,-0.7621
8.2555,-9.6609,2.7222,-0.9949,-0.4323,-0.6937
8.9402,-10.0918,2.6862,-0.9057,-0.5361,-0.6637
9.103,-10.4845,2.5354,-0.8269,-0.6394,-0.6698
8.921,-10.7071,2.466,-0.7603,-0.7121,-0.6967
8.8947,-10.7622,2.4899,-0.7084,-0.6974,-0.7193
9.0695,-11.1285,2.5282,-0.6864,-0.6119,-0.701
9.2467,-11.6983,2.4013,-0.6595,-0.4977,-0.6643
8.0567,-11.5954,2.0949,-0.621,-0.3883,-0.6387
7.6904,-11.4038,2.0159,-0.5807,-0.2307,-0.6143
6.7232,-10.5874,1.6831,-0.538,-0.0022,-0.5477
6.0217,-9.7925,1.4508,-0.4763,0.4356,-0.3607
5.1574,-8.672,0.8283,-0.4524,0.7478,-0.2154
5.1574,-8.672,0.8283,-0.447,1.049,-0.0797
5.1981,-8.7558,0.5482,-0.461,1.308,0.0362
5.5332,-9.1868,0.6584,-0.4909,1.515,0.1321
6.6202,-10.2259,0.8954,-0.5429,1.7392,0.2842
6.6202,-10.2259,0.8954,-0.5331,1.8425,0.3832
7.0536,-10.7191,1.0319,-0.4775,1.8889,0.4657
7.1445,-10.8125,0.9864,-0.3895,1.8712,0.5396
6.9506,-10.6616,0.2801,-0.2606,1.7991,0.6
6.8094,-10.5108,-0.1604,-0.1036,1.6708,0.6379
6.534,-10.166,-0.577,0.0642,1.4161,0.6709
6.3257,-9.6656,-0.9361,0.096,1.2322,0.6923
6.0648,-8.7439,-1.0486,0.0697,1.0569,0.7173
5.8948,-8.3967,-0.9911,0.0007,0.939,0.7216
5.8948,-8.3967,-0.9911,-0.2496,0.8199,0.6556
5.3417,-7.5013,-0.2489,-0.2496,0.8199,0.6556
4.9778,-6.7447,0.2896,-0.3486,0.8107,0.655
4.8698,-6.6394,0.2825,-0.403,0.8834,0.6605
4.2616,-6.3353,0.1125,-0.4115,1.0233,0.655
3.711,-6.1725,-0.1221,-0.4042,1.1699,0.6471
3.1531,-6.0743,0.0909,-0.4115,1.278,0.6654
3.0885,-6.036,0.1819,-0.4592,1.3733,0.7741
3.0286,-5.72,0.6248,-0.4805,1.3587,0.9018
3.3063,-5.4495,0.9193,-0.4524,1.308,1.0643
4.118,-4.8386,1.0534,-0.3755,1.2316,1.2256
4.1419,-4.8123,1.0438,-0.2661,1.1443,1.3502
4.3263,-4.6112,0.7062,-0.1427,1.0868,1.4088
4.3742,-4.6734,0.3208,0.03,1.0508,1.4064
4.0821,-5.0592,-0.5075,0.1033,1.0251,1.3728
3.936,-5.3297,-0.8475,0.132,1.0001,1.3471
3.9193,-5.7224,-0.9361,0.0948,1.0184,1.3563
4.1347,-5.9881,-0.6009,-0.0047,1.0398,1.4088
4.5944,-6.1653,0.1436,-0.1721,1.0105,1.5347
4.774,-6.2539,0.4548,-0.2356,0.9494,1.6214
5.1669,-6.3688,0.9074,-0.2472,0.8443,1.6984
5.5859,-6.455,1.3335,-0.2069,0.702,1.7607
6.1917,-6.7471,1.537,-0.1293,0.5499,1.7998
6.2802,-6.8141,1.537,-0.0242,0.3868,1.8053
6.5268,-7.2427,1.4101,0.1748,0.1595,1.765
6.5388,-7.7215,1.0773,0.3043,0.0514,1.7253
6.6992,-8.9258,0.2226,0.4179,-0.0261,1.6984
6.6992,-8.9258,0.2226,0.5047,-0.0658,1.6996
6.8333,-9.3879,-0.0837,0.5554,-0.0694,1.732
7.1685,-9.7494,-0.4261,0.5554,-0.0016,1.8352
8.5116,-10.1995,-0.8355,0.5218,0.074,1.9275
8.5978,-10.2307,-0.8547,0.4589,0.1663,2.0173
9.34,-10.3336,-0.9169,0.3709,0.2628,2.0857
9.8763,-10.5323,-0.9361,0.2664,0.3526,2.115
10.6544,-10.8675,-0.6536,0.1589,0.4436,2.1022
11.0567,-10.9968,-0.3998,-0.001,0.5603,2.0313
11.3368,-11.0279,0.0263,-0.0872,0.5975,1.9623
11.7773,-10.9801,0.1819,-0.125,0.622,1.892
12.5004,-11.2841,-0.0287,-0.114,0.6488,1.8352
12.6488,-11.32,-0.0407,-0.0743,0.6604,1.7747
12.6608,-11.162,0.0454,-0.0426,0.6818,1.6306
12.5052,-10.7023,0.2609,-0.0279,0.7148,1.5237
11.9497,-9.4502,0.5243,0.0099,0.76,1.4223
11.909,-9.1629,0.5434,0.0832,0.8113,1.3331
11.7773,-8.2148,0.474,0.1797,0.8657,1.2525
11.8515,-7.5061,0.2657,0.2921,0.9005,1.1724
12.0886,-6.8548,-0.5123,0.4637,0.9237,0.9947
12.0886,-6.8548,-0.5123,0.5499,0.8859,0.8071
12.0191,-6.9722,-0.8762,0.5981,0.7698,0.5622
11.7223,-7.2188,-1.154,0.6097,0.6079,0.2824
10.9082,-7.4773,-1.2928,0.5884,0.4234,-0.0028
10.846,-7.4893,-1.2785,0.5395,0.2304,-0.2783
10.2163,-7.518,-1.1061,0.4308,-0.089,-0.6595
9.68,-7.6018,-0.8834,0.3642,-0.3144,-0.8818
9.115,-7.8389,-0.7972,0.3147,-0.5526,-1.0638
8.7104,-7.9562,-0.8212,0.2652,-0.819,-1.2043
8.7104,-7.9562,-0.8212,0.0276,-1.4414,-1.3778
7.8915,-7.5707,-0.486,0.0276,-1.4414,-1.3778
7.7096,-7.3313,-0.0215,-0.1098,-1.6143,-1.3864
7.7072,-7.1541,0.2657,-0.2466,-1.7285,-1.3821
7.6425,-6.8333,0.6919,-0.3706,-1.7768,-1.3803
7.4151,-6.4119,1.0414,-0.4757,-1.764,-1.3907
7.1709,-5.7176,1.2976,-0.549,-1.6815,-1.4114
7.1565,-5.6673,1.3024,-0.6113,-1.4781,-1.453
7.202,-5.4902,1.2617,-0.6406,-1.318,-1.4963
7.1781,-5.4064,1.1947,-0.6693,-1.1537,-1.5605
6.9746,-5.301,1.1779,-0.7053,-0.9992,-1.6466
6.9458,-5.3034,1.1755,-0.7432,-0.855,-1.7444
6.8501,-5.3393,1.1109,-0.7964,-0.6424,-1.8958
6.7806,-5.5189,1.0726,-0.8275,-0.5471,-1.9985
6.3928,-5.9977,1.1803,-0.8562,-0.4824,-2.1066
6.364,-6.06,1.209,-0.8868,-0.4353,-2.2062
6.206,-6.2778,1.3694,-0.9234,-0.4005,-2.2844
6.1294,-6.5484,1.5227,-0.9613,-0.3969,-2.3381
6.1055,-6.9099,1.6807,-1.0004,-0.4115,-2.3888
6.1366,-7.1326,1.8076,-1.0169,-0.4335,-2.4194
6.1653,-7.4989,2.035,-1.0322,-0.4757,-2.4511
6.194,-7.882,2.2744,-1.0395,-0.5416,-2.4804
6.0097,-8.2315,2.5378,-1.0352,-0.6149,-2.4994
5.8804,-8.38,2.6479,-1.0138,-0.6864,-2.5012
5.7176,-8.5428,2.7293,-0.9674,-0.7835,-2.4633
5.7176,-8.5428,2.7293,-0.8978,-0.8489,-2.3803
5.5285,-8.8085,3.1938,-0.8978,-0.8489,-2.3803
5.5261,-8.8181,3.2154,-0.8629,-0.8752,-2.3296
5.6386,-8.9474,3.1842,-0.8122,-0.8892,-2.2728
5.7344,-9.2347,2.9927,-0.7096,-0.8581,-2.1909
6.1629,-9.9122,2.7198,-0.6443,-0.8361,-2.1408
6.1629,-9.9122,2.7198,-0.5936,-0.7884,-2.095
6.0552,-10.2211,2.6431,-0.5581,-0.7255,-2.0528
5.9044,-10.3576,2.5378,-0.5288,-0.654,-2.0034
5.3513,-10.7502,1.5921,-0.4897,-0.5477,-1.9398
5.3513,-10.7502,1.5921,-0.4011,-0.3297,-1.6692
4.841,-11.0351,0.9145,-0.4011,-0.3297,-1.6692
4.6854,-11.0471,0.79,-0.4317,-0.2594,-1.4933
4.8338,-11.0926,0.9385,-0.5038,-0.1592,-1.2831
4.8937,-11.1237,1.1085,-0.5795,-0.0597,-1.0675
4.6686,-10.9298,1.2018,-0.6382,0.0826,-0.7822
4.3598,-10.4653,1.3527,-0.6394,0.1803,-0.5996
3.857,-9.3783,1.6903,-0.6253,0.2927,-0.3962
3.8139,-8.8756,1.8363,-0.5905,0.3862,-0.1714
3.9695,-8.1932,1.9943,-0.5196,0.4552,0.0662
4.1563,-7.7838,1.7501,-0.4109,0.5224,0.3068
5.2866,-7.9442,0.1604,-0.1727,0.6049,0.644
5.4351,-8.04,-0.0454,-0.0255,0.6171,0.82
6.1462,-8.435,-1.0151,0.0416,0.6079,0.9293
6.6322,-8.8205,-1.8698,0.0123,0.6507,0.9794
6.6346,-10.5347,-2.1811,-0.1238,0.7881,0.9727
6.6346,-10.5347,-2.1811,-0.5148,1.0728,0.8908
6.2946,-11.4374,-1.1037,-0.833,1.2738,0.8804
5.8565,-11.83,0.4022,-1.1061,1.4509,0.9666
5.6218,-10.913,2.7054,-1.2374,1.5364,1.1584
5.6218,-10.913,2.7054,-1.1892,1.526,1.432
6.3425,-10.3001,3.213,-0.9784,1.3721,1.7503
7.1613,-9.692,2.9233,-0.45,0.9677,2.1584
7.5061,-9.1389,1.537,-0.0212,0.7228,2.3074
7.2571,-8.6888,0.3687,0.3776,0.5713,2.338
6.4454,-8.1214,-1.0271,0.647,0.5377,2.2824
5.5452,-7.621,-2.0805,0.7399,0.5621,2.192
4.7237,-7.0703,-2.2457,0.6653,0.6122,2.1272
4.525,-6.8261,-1.9967,0.3391,0.7961,2.118
4.3215,-6.4407,-1.4365,0.1046,1.0178,2.1718
4.3885,-6.0743,-1.0127,-0.089,1.2622,2.2671
5.3393,-5.6242,-0.2226,-0.2448,1.4625,2.3795
5.471,-5.5309,-0.1268,-0.3675,1.6091,2.4803
6.1725,-5.1526,0.3112,-0.4909,1.7508,2.5359
6.9003,-4.9778,0.6584,-0.5288,1.7331,2.4699
7.4654,-5.0017,1.0295,-0.5172,1.6403,2.3209
7.4702,-5.0041,1.0366,-0.461,1.4906,2.1089
7.4103,-5.1071,1.0199,-0.3718,1.3031,1.87
7.2259,-5.3513,0.9337,-0.2674,1.0758,1.6391
6.6513,-5.7176,0.5291,-0.0896,0.6806,1.3587
6.6513,-5.7176,0.5291,0.1009,0.1919,1.2317
6.7687,-5.8134,0.395,0.1009,0.1919,1.2317
6.9482,-5.8421,0.3351,0.1565,0.0245,1.2476
7.1637,-5.902,0.304,0.1937,-0.0737,1.2628
7.3672,-5.9834,0.3303,0.2139,-0.1244,1.2628
7.6808,-6.23,0.4022,0.209,-0.1128,1.2488
7.9873,-6.6274,0.486,0.2066,-0.0804,1.2286
8.4254,-7.1709,0.6536,0.2163,-0.0352,1.2127
8.7487,-7.3169,0.6344,0.242,0.005,1.2219
9.4047,-7.5252,0.3758,0.2884,0.0539,1.258
9.7111,-7.7479,-0.0957,0.3764,0.1528,1.2983
10.008,-7.9227,-0.4955,0.4155,0.2231,1.2952
10.0415,-7.9466,-0.4836,0.4149,0.2744,1.2879
10.3528,-8.1286,-0.4548,0.3856,0.2756,1.2897
11.0734,-8.3752,-0.2513,0.366,0.2335,1.3032
11.8827,-8.8396,-0.0622,0.3697,0.1785,1.3093
11.9856,-8.8325,-0.079,0.4344,0.0471,1.2598
12.6775,-8.9594,-0.3088,0.5108,-0.0389,1.206
13.2498,-9.2179,-0.6272,0.5829,-0.1275,1.1388
13.6424,-9.747,-1.2234,0.6269,-0.2301,1.0277
13.6161,-9.7949,-1.2234,0.6256,-0.3138,0.8676
13.2258,-10.0535,-1.1516,0.5511,-0.3938,0.5756
12.6153,-9.7806,-0.9481,0.4967,-0.4292,0.4052
12.0191,-8.9641,-0.8571,0.4656,-0.4158,0.2916
11.7414,-8.2866,-1.0797,0.4625,-0.3755,0.2268
11.6241,-7.6401,-1.5394,0.4717,-0.3132,0.1608
11.2769,-7.3864,-1.9201,0.4375,-0.2099,0.0374
10.4797,-7.5707,-2.0781,0.2518,-0.0022,-0.2838
10.1158,-7.8341,-1.7884,0.0423,0.1718,-0.5397
9.7758,-8.3847,-1.1803,-0.1965,0.3239,-0.7847
9.5531,-9.3257,-0.3016,-0.4134,0.3947,-0.9918
9.2969,-10.1756,1.403,-0.5581,0.366,-1.15
9.2227,-10.2163,1.6927,-0.5942,0.1168,-1.2984
8.9594,-10.1421,2.4732,-0.4891,-0.1715,-1.3558
8.6816,-9.8835,3.0286,-0.304,-0.5606,-1.3668
8.3393,-9.0647,3.3494,-0.0621,-1.0279,-1.354
8.2794,-8.9402,3.3327,0.2072,-1.5257,-1.3277
7.9155,-8.3321,3.1938,0.4674,-1.9851,-1.2996
7.3912,-7.6545,2.9688,0.7759,-2.4921,-1.2801
6.9027,-6.6753,2.0422,0.9158,-2.6962,-1.2819
6.8477,-6.5652,1.877,1.0117,-2.7915,-1.2715
6.7447,-6.455,1.4604,1.0545,-2.7627,-1.274
6.5077,-5.9666,1.5825,1.0172,-2.5728,-1.2954
6.7256,-4.9874,1.0438,0.9011,-2.362,-1.4102
6.9793,-5.0616,0.8427,0.8498,-2.2857,-1.475
7.0009,-5.4806,0.4548,0.7637,-2.0413,-1.4988
6.9051,-5.313,0.383,0.6348,-1.7597,-1.5696
6.6489,-4.9946,0.6655,0.4466,-1.4897,-1.6882
6.4814,-5.0592,0.6823,0.2536,-1.2765,-1.8067
6.4526,-5.3465,0.723,0.0062,-0.9699,-1.9789
6.3401,-5.6075,0.9169,-0.1409,-0.7866,-2.0938
5.9858,-6.1629,1.3455,-0.282,-0.64,-2.2153
5.89,-6.3138,1.4173,-0.3975,-0.5282,-2.3308
5.5261,-6.6873,1.6328,-0.4696,-0.4341,-2.4291
5.1454,-6.9793,1.5777,-0.5025,-0.3455,-2.5012
4.2784,-7.2882,1.6352,-0.5013,-0.2539,-2.5391
4.2401,-7.2882,1.6424,-0.4928,-0.227,-2.5055
3.9767,-7.2595,1.7238,-0.4848,-0.2393,-2.4224
3.8977,-7.2523,1.7525,-0.4732,-0.2918,-2.2954
3.9264,-7.1876,1.7022,-0.4524,-0.3798,-2.1323
3.9264,-7.1876,1.7022,-0.3804,-0.6449,-1.6564
4.3143,-7.1637,1.5993,-0.3804,-0.6449,-1.6564
4.8458,-7.1733,1.6184,-0.373,-0.7628,-1.4585
5.4949,-7.1374,1.8483,-0.3822,-0.8648,-1.2789
5.8517,-7.0991,1.9488,-0.3999,-0.9393,-1.1396
6.4383,-7.2331,1.98,-0.4042,-0.9961,-1.0516
6.9889,-7.6018,1.9584,-0.4024,-1.0517,-0.9826
7.281,-8.2722,1.8052,-0.4103,-1.0682,-0.982
7.3935,-8.5811,1.719,-0.4323,-1.067,-1.0083
7.5683,-9.2491,1.7573,-0.4641,-1.0206,-1.0333
7.5563,-9.7925,1.8794,-0.5111,-0.9466,-1.0419
7.6737,-10.3911,2.1619,-0.5997,-0.8306,-1.0101
7.7287,-10.5276,2.1619,-0.6412,-0.717,-0.9588
8.0352,-11.2123,1.8626,-0.6443,-0.5722,-0.894
7.8173,-11.6959,1.2856,-0.6162,-0.4189,-0.8268
6.6442,-11.7247,0.6416,-0.6082,-0.2533,-0.7706
6.6442,-11.7247,0.6416,-0.6546,-0.0804,-0.6986
5.8445,-11.4469,0.6751,-0.8043,0.1864,-0.4896
4.906,-10.6712,0.9672,-0.913,0.3678,-0.2783
4.4891,-8.9546,1.81,-1.0034,0.5878,-0.0132
4.5202,-8.8899,1.8148,-1.0468,0.8394,0.2928
5.0999,-8.6792,1.7645,-1.0279,1.0881,0.5921
5.6554,-8.7965,1.446,-0.9686,1.3275,0.8371
5.9355,-9.0072,0.9768,-0.8807,1.6384,1.0478
5.8924,-9.206,0.8451,-0.8599,1.8455,1.1065
5.8229,-9.4885,0.7469,-0.8575,2.0361,1.1584
5.9139,-9.7638,0.7422,-0.8526,2.1705,1.2396
6.194,-9.9936,0.9504,-0.8318,2.2279,1.3484
6.2108,-9.9721,1.0773,-0.7469,2.1418,1.531
6.2731,-9.7327,1.3479,-0.6382,1.9756,1.6507
6.5867,-9.2945,1.6615,-0.4946,1.7234,1.7705
6.9913,-8.3081,1.695,-0.3138,1.3953,1.8774
7.0105,-8.1094,1.6352,-0.1055,1.0276,1.9378
6.8261,-7.463,1.1204,0.1168,0.6873,1.9397
6.3162,-7.044,0.6296,0.3959,0.3342,1.8432
5.3872,-6.5077,0.3351,0.501,0.1962,1.7546
5.2986,-6.4502,0.3303,0.5303,0.1009,1.6966
4.9754,-6.2683,0.3615,0.5126,0.0704,1.6874
4.7357,-6.0265,0.4932,0.4851,0.107,1.732
4.9084,-5.2651,0.6823,0.476,0.2316,1.8829
4.9084,-5.2651,0.6823,0.4827,0.3055,2.0075
5.2148,-4.8171,0.7086,0.501,0.3654,2.1199
5.5069,-4.4077,0.5626,0.5261,0.4387,2.1914
5.8996,-4.2736,0.3303,0.5468,0.5059,2.203
5.9786,-4.3191,0.1651,0.5554,0.5658,2.1602
6.0097,-4.4891,0.0239,0.5187,0.6269,2.0234
6.2419,-4.6519,0.1005,0.4668,0.6586,1.9281
6.4119,-4.9682,0.3184,0.4088,0.6831,1.8505
6.4119,-5.0616,0.3303,0.3611,0.6708,1.7802
6.4814,-5.2866,0.3112,0.3446,0.6336,1.7179
6.5125,-5.4806,0.3758,0.3483,0.5303,1.6617
6.9674,-5.7846,0.4501,0.3538,0.4265,1.6428
7.0368,-5.8038,0.4908,0.3691,0.3269,1.6324
7.4558,-6.0288,0.6057,0.3953,0.2243,1.6141
7.7096,-6.2707,0.6057,0.4381,0.1101,1.5768
8.3919,-6.8644,0.0359,0.5102,-0.0004,1.5273
8.4278,-6.8884,-0.0215,0.6495,-0.1079,1.4614
8.629,-7.0272,-0.4836,0.724,-0.158,1.4174
8.763,-7.2116,-0.8978,0.7661,-0.1934,1.3642
8.9905,-7.5803,-1.3048,0.7612,-0.2093,1.3038
9.024,-7.6066,-1.3168,0.7105,-0.1983,1.247
9.3424,-7.9466,-1.3646,0.6336,-0.1525,1.2042
9.8356,-8.3321,-1.2569,0.4955,-0.0713,1.1559
9.8356,-8.3321,-1.2569,0.3269,0.008,1.0545
10.5276,-9.1533,-0.9648,0.3269,0.008,1.0545
10.7766,-9.4382,-0.8068,0.2756,0.0258,0.9879
11.0591,-9.6968,-0.7015,0.2451,0.052,0.9256
11.3966,-9.8045,-0.7182,0.2151,0.0459,0.8285
11.4182,-9.6896,-0.7781,0.2005,0.03,0.7552
11.6145,-9.2993,-0.8954,0.1773,0.0532,0.6734
12.0574,-9.3352,-1.0654,0.1314,0.1192,0.5805
11.5834,-9.6058,-0.9433,0.0557,0.1724,0.4553
