bicicleta
0.6296,-9.8859,-3.1196,0.5321,0.7997,-0.3573
0.5147,-9.4933,-3.2178,0.4533,0.746,-0.3451
0.2681,-9.2419,-3.1699,0.3006,0.6238,-0.317
0.2968,-9.2682,-3.3135,0.2047,0.5578,-0.2944
0.0167,-9.352,-3.8163,0.1344,0.5206,-0.2773
-0.1556,-9.3281,-4.458,0.0593,0.5291,-0.2657
-0.8259,-8.7199,-3.4261,-0.0524,0.5725,-0.2455
-0.9169,-8.5499,-3.0526,-0.1947,0.6183,-0.2461
-1.1635,-7.949,-1.9464,-0.3346,0.6073,-0.251
-1.367,-7.9801,-1.1085,-0.3224,0.3984,-0.2241
-1.4077,-10.0439,-0.9385,-0.2955,0.1559,-0.149
-1.3192,-10.2905,-1.0702,-0.2662,0.0276,-0.0274
-0.9169,-11.1453,-1.0366,-0.2125,0.1009,0.1295
-0.2466,-11.8683,-1.1563,-0.0402,0.4094,0.3885
1.0486,-12.4764,-3.0071,0.1191,0.4949,0.5479
1.0965,-12.486,-3.0334,0.2609,0.4289,0.6762
1.6879,-12.407,-3.4093,0.3183,0.2823,0.7696
1.7429,-11.751,-3.0406,0.2926,0.1027,0.8112
1.865,-10.846,-2.5378,0.2358,-0.1324,0.7953
2.047,-10.4318,-2.1739,0.1918,-0.5948,0.7489
2.0661,-10.2857,-2.454,0.1961,-0.8422,0.6945
2.0518,-10.3312,-2.6192,0.2377,-0.968,0.601
1.719,-10.6401,-2.5306,0.2474,-0.9143,0.4923
1.3958,-10.6425,-2.4851,0.248,-0.7909,0.3854
0.4836,-10.3528,-1.9201,0.2419,-0.7359,0.2223
-0.0478,-9.996,-2.0183,0.2432,-0.8886,0.1527
-0.6536,-9.1389,-2.2026,0.2816,-1.1525,0.1374
-0.6655,-8.9737,-2.2864,0.3195,-1.3498,0.1637
-0.5841,-8.5691,-2.77,0.3488,-1.4628,0.2284
-0.577,-8.2602,-2.6862,0.3568,-1.4726,0.3066
-0.3495,-8.356,-2.0518,0.2719,-1.1849,0.4428
-0.3136,-8.447,-1.956,0.2071,-0.9448,0.5681
-0.1987,-8.9617,-1.5825,0.1534,-0.7212,0.6982
-0.2561,-9.6369,-1.2928,0.1259,-0.4732,0.7971
-0.5746,-10.4725,-1.5873,0.1277,-0.2209,0.8655
-0.6105,-10.4725,-1.5873,0.1491,0.0343,0.9523
-0.7757,-10.4533,-2.0614,0.1601,0.0789,1.0048
-0.7302,-10.3025,-2.2385,0.1558,0.0361,1.0629
-0.1867,-10.1134,-2.363,0.1479,-0.0621,1.127
-0.1364,-10.075,-2.3774,0.1552,-0.1617,1.1746
-0.4309,-10.1062,-2.6024,0.1735,-0.2026,1.1649
-0.8379,-10.2498,-2.9017,0.1961,-0.1855,1.1209
-1.4748,-10.5132,-3.189,0.1735,-0.1715,1.1178
-1.7262,-10.6473,-3.1004,0.1063,-0.1696,1.1362
-2.0135,-10.9633,-2.7365,0.0165,-0.1684,1.1765
-1.5059,-11.2314,-2.3247,-0.0603,-0.1928,1.2388
-0.8858,-11.7893,-1.8195,-0.1031,-0.2716,1.3023
-0.8499,-11.8444,-1.7932,-0.1172,-0.3333,1.2767
-0.474,-11.9234,-1.5945,-0.1165,-0.3254,1.2027
-0.4141,-11.7965,-1.2928,-0.1269,-0.3052,1.1313
-1.0366,-11.0232,-1.6687,-0.119,-0.2411,1.0396
-1.1348,-10.9394,-1.6879,-0.086,-0.1983,0.9462
-1.4891,-10.494,-1.889,-0.0536,-0.1281,0.846
-1.5753,-10.2091,-1.9129,-0.0396,-0.0627,0.8191
-1.7118,-10.1541,-2.0015,-0.0206,0.0349,0.8112
-1.7357,-10.1588,-2.0781,0.0135,0.1485,0.8026
-1.956,-10.1565,-2.308,0.0355,0.2481,0.7806
-2.0542,-10.3097,-2.1236,0.0135,0.2915,0.7489
-2.2577,-10.4414,-1.8842,-0.1025,0.2634,0.7006
-2.4636,-10.5491,-1.8722,-0.1446,0.231,0.6621
-2.5785,-10.5371,-1.4413,-0.1618,0.1711,0.6407
-2.5905,-10.4054,-1.1947,-0.1685,0.0746,0.6481
-2.794,-10.3432,-1.4556,-0.1398,-0.0542,0.6701
-2.885,-10.3671,-1.5107,-0.0805,-0.257,0.725
-2.9017,-10.4438,-1.4724,-0.0701,-0.2961,0.7782
-2.8754,-10.4773,-1.2258,-0.0695,-0.2264,0.8265
-3.0885,-10.1397,-1.2258,-0.0542,-0.1061,0.8607
-3.0885,-10.1397,-1.2258,0.0324,-0.0059,0.9089
-3.5194,-9.4526,-1.3407,0.0324,-0.0059,0.9089
-3.6535,-8.6122,-1.6112,0.0996,-0.0768,0.9865
-3.2752,-7.1158,-1.6184,0.1216,-0.1354,1.0842
-3.1459,-6.9937,-1.616,0.1027,-0.1623,1.2119
-2.5905,-6.8309,-1.4915,0.0648,-0.1629,1.3426
-2.1739,-7.1541,-1.379,0.041,-0.1238,1.4251
-2.5929,-7.961,-1.4317,0.0666,-0.0316,1.411
-2.6336,-7.9658,-1.5035,0.2273,0.1009,1.215
-2.9233,-7.9083,-1.8076,0.3904,0.074,1.0659
-2.6551,-7.4869,-2.6647,0.5211,-0.0627,0.9755
-2.0231,-6.1701,-4.0414,0.5657,-0.3388,0.9584
-1.5921,-5.3393,-3.869,0.4429,-0.5612,0.9535
-1.3407,-4.9347,-2.9137,-0.0451,-0.5826,0.9175
-1.1923,-4.8793,-2.8682,-0.3401,-0.5148,0.8484
-1.6017,-5.2627,-3.1771,-0.4299,-0.3223,0.7232
-1.9225,-5.6194,-3.2321,-0.3969,0.03,0.5448
-2.1811,-7.1829,-3.1483,-0.3358,0.3636,0.3475
-2.4157,-8.9929,-2.9735,-0.3175,0.4454,0.1386
-2.8898,-9.8739,-2.2577,-0.3554,-0.0578,-0.2962
-2.8467,-9.692,-2.0566,-0.455,-0.7805,-0.5656
-2.8131,-8.8325,-1.5658,-0.5796,-1.5312,-0.7312
-2.8945,-7.8221,-1.063,-0.6498,-2.023,-0.8497
-2.873,-6.5292,-0.6392,-0.6584,-2.1128,-0.9315
-2.8538,-6.4574,-0.5506,-0.6394,-1.4695,-0.9279
-2.9161,-6.1174,-0.0646,-0.6046,-0.5587,-0.8576
-2.9161,-6.1174,-0.0646,-0.3016,0.3886,-0.7061
-2.4205,-7.0129,-3.0861,-0.3016,0.3886,-0.7061
-2.4205,-7.0129,-3.0861,-0.2473,0.6128,-0.7269
-2.4085,-7.3409,-3.3303,-0.2473,0.6128,-0.7269
-2.2026,-7.846,-3.7828,-0.312,0.9024,-0.7837
-1.7357,-8.459,-3.869,-0.3853,0.9445,-0.8222
-1.5322,-8.854,-3.5482,-0.4886,0.9219,-0.8564
-1.3958,-9.2945,-3.2944,-0.6004,0.8272,-0.9034
-1.3623,-9.5292,-3.043,-0.684,0.6659,-0.981
-1.1971,-9.5268,-2.7629,-0.7292,0.4711,-1.072
-1.1923,-9.4238,-2.9041,-0.7457,0.1858,-1.1533
-1.3599,-9.2012,-2.3702,-0.7518,0.0245,-1.1801
-1.4293,-9.0862,-1.549,-0.772,-0.0328,-1.2144
-1.5227,-9.1437,-2.521,-0.7415,-0.0749,-1.2473
-1.6424,-9.1653,-2.4396,-0.6297,-0.1721,-1.2803
-1.9249,-9.2275,-1.8626,-0.5765,-0.1275,-1.3371
-1.98,-9.34,-1.5969,-0.5851,0.0038,-1.331
-2.0278,-9.3879,-0.7661,-0.5136,0.1259,-1.2956
-2.0063,-9.4142,-0.7134,-0.3762,0.253,-1.2687
-1.9967,-9.5986,-0.2681,-0.1905,0.3501,-1.2663
-2.1739,-10.0487,-1.9488,0.0202,0.4356,-1.295
-2.1739,-10.0487,-1.9488,0.4686,0.9457,-1.3548
-2.296,-10.5635,-3.1579,0.5321,1.3061,-1.3206
-2.2505,-10.8963,-3.7134,0.5321,1.3061,-1.3206
-2.0757,-11.0375,-3.9695,0.5455,1.5847,-1.276
-1.9488,-10.8603,-3.7469,0.5077,1.7368,-1.2223
-1.7884,-10.585,-3.3566,0.4166,1.7356,-1.1288
-1.5514,-9.9769,-3.1771,0.3916,1.6274,-1.0494
-1.3503,-9.206,-2.8898,0.4038,1.4271,-0.9767
-0.9097,-8.5739,-2.4803,0.4117,1.2035,-0.9162
-0.7302,-8.514,-2.2146,0.4307,0.975,-0.8631
-0.553,-8.8037,-2.6503,0.482,0.7594,-0.8326
-0.541,-9.431,-3.699,0.6146,0.4973,-0.8533
-0.2202,-10.3935,-3.347,0.6494,0.4613,-0.8686
-0.2202,-10.3935,-3.347,0.5113,0.5187,-0.8234
0.134,-10.822,-2.7006,0.5113,0.5187,-0.8234
0.0981,-10.858,-2.4229,0.4612,0.3495,-0.8301
-0.2011,-10.4605,-2.4803,0.4405,0.0655,-0.879
-0.2011,-10.4605,-2.4803,0.4154,-0.6033,-0.9755
-0.4501,-10.2187,-3.1627,0.4154,-0.6033,-0.9755
-0.4429,-10.3145,-3.4907,0.4252,-0.6626,-0.9486
-0.5123,-10.9657,-3.2058,0.4252,-0.5123,-0.8955
-0.5099,-11.0088,-3.1244,0.4038,-0.2478,-0.8332
-0.3663,-11.3583,-2.272,0.3061,0.0172,-0.6456
-0.1053,-11.3224,-1.5275,0.2193,0.0093,-0.4776
0.4309,-10.8484,-0.5123,0.1527,-0.1458,-0.2895
0.7038,-10.3767,-0.2896,0.1344,-0.2857,-0.102
1.0247,-9.8045,-0.2466,0.2059,-0.2967,0.0427
1.2952,-9.4095,-0.4955,0.347,-0.1513,0.1368
1.4604,-9.1054,-1.4245,0.6274,0.2084,0.1704
1.4652,-9.1293,-2.0829,0.7844,0.4234,0.1276
1.1875,-9.3807,-2.4205,0.8375,0.5823,0.0445
0.7541,-9.6728,-2.8347,0.785,0.6879,-0.0629
-0.225,-10.0343,-3.2345,0.7074,0.7087,-0.1624
-0.3208,-10.0272,-3.2848,0.584,0.6543,-0.2058
-0.62,-9.8835,-3.8091,0.4844,0.5633,-0.1429
-0.62,-9.8835,-3.8091,0.2279,0.4485,0.0855
-0.0909,-9.3352,-2.4995,0.2279,0.4485,0.0855
0.0191,-9.3927,-2.4588,0.102,0.4546,0.2144
0.5889,-9.7327,-1.877,0.0446,0.4082,0.339
0.9409,-10.2307,-2.1859,0.0287,0.3935,0.4667
1.1228,-10.5994,-2.782,0.0672,0.3666,0.4886
1.1228,-10.5994,-2.782,0.1039,0.4448,0.4184
0.9433,-10.5252,-3.5889,0.1039,0.4448,0.4184
0.5051,-10.2115,-3.9145,0.1051,0.3263,0.3628
0.3998,-10.1086,-3.5601,0.0098,0.1828,0.2926
0.328,-10.2786,-3.1818,-0.0701,0.016,0.2791
0.1412,-10.7047,-2.3918,-0.1544,-0.2539,0.2535
-0.1987,-11.0112,-2.3846,-0.2155,-0.5196,0.2083
-1.1013,-10.6904,-1.8339,-0.2393,-0.6895,0.1692
-1.4173,-10.4222,-1.1803,-0.2546,-0.709,0.1777
-1.695,-10.2043,-0.5674,-0.2112,-0.6424,0.3164
-1.7238,-10.1636,-0.6057,-0.0793,-0.6656,0.4538
-1.7812,-10.2259,-0.3926,0.0764,-0.709,0.5754
-1.7334,-10.2498,-0.3758,0.2041,-0.7463,0.6682
-1.6472,-10.2379,-0.7326,0.3097,-0.8422,0.7452
-1.628,-10.0918,-0.9911,0.4179,-1.0218,0.7959
-1.628,-10.0918,-0.9911,0.603,-1.2417,0.8759
-1.2785,-9.5435,-1.4556,0.603,-1.2417,0.8759
-1.0941,-9.3233,-1.8171,0.6732,-1.1824,0.8918
-1.1133,-9.2586,-2.2409,0.7343,-1.0206,0.8955
-1.3766,-9.4166,-2.6862,0.7691,-0.8098,0.8802
-1.3766,-9.4166,-2.6862,0.7373,-0.4738,0.8607
-1.5298,-9.7782,-2.6551,0.6726,-0.2912,0.8717
-1.8483,-10.1014,-2.6144,0.5907,-0.1708,0.8949
-2.0374,-10.4725,-2.205,0.5235,-0.1409,0.9156
-2.1739,-10.7119,-2.1595,0.4899,-0.1922,0.9498
-2.047,-11.0184,-2.138,0.5003,-0.2643,0.9908
-1.8052,-11.174,-2.3487,0.5602,-0.3327,1.0543
-1.5514,-11.1453,-2.4803,0.5865,-0.326,1.0616
-1.5969,-11.0902,-2.4444,0.584,-0.3138,1.0335
-1.3168,-10.8939,-2.3678,0.5639,-0.2991,0.9755
-1.3862,-10.8987,-2.4851,0.5364,-0.2771,0.9083
-1.6184,-11.1046,-2.8203,0.4484,-0.2252,0.7733
-1.6208,-11.1022,-2.8155,0.3427,-0.1641,0.6829
-1.6615,-11.0375,-2.7964,0.2083,-0.1079,0.5943
-1.8938,-10.755,-2.296,0.0691,-0.0688,0.4844
-2.2337,-10.0343,-1.98,-0.0713,-0.0823,0.364
-2.2337,-10.0343,-1.98,-0.2754,-0.4622,0.1661
-2.5378,-9.5172,-2.0566,-0.2754,-0.4622,0.1661
-2.5977,-9.1293,-1.9608,-0.3358,-0.6192,0.1563
-2.8371,-8.0807,-1.7214,-0.403,-0.7206,0.1795
-2.8371,-8.0807,-1.7214,-0.4116,-0.6779,0.2663
-3.1747,-7.5468,-1.9584,-0.4116,-0.6779,0.2663
-3.3901,-7.4007,-2.2649,-0.3768,-0.4897,0.3506
-3.5649,-7.846,-2.6815,-0.3456,-0.0908,0.5229
-3.632,-8.4494,-3.1076,-0.3554,0.129,0.6444
-3.6583,-9.2036,-3.2082,-0.4073,0.2371,0.7464
-3.5553,-9.8811,-3.0645,-0.5173,0.2163,0.8258
-3.5936,-10.178,-3.0406,-0.6468,0.0691,0.8857
-3.4931,-10.1158,-3.0693,-0.7799,-0.3156,0.9957
-3.1531,-10.1158,-2.8179,-0.8514,-0.6168,1.1001
-2.9352,-10.245,-2.77,-0.9241,-0.8471,1.1972
-2.3463,-10.0272,-2.5187,-0.9785,-0.9344,1.2663
-2.3463,-10.0272,-2.5187,-1.0774,-0.8355,1.3096
-2.2529,-8.6601,-2.0757,-1.0774,-0.8355,1.3096
-2.1116,-7.8628,-1.5993,-1.0842,-0.6901,1.3048
-2.1811,-9.0527,-1.2976,-1.0383,-0.5728,1.3377
-2.2744,-9.2155,-1.3503,-0.9088,-0.4317,1.3396
-2.8251,-10.7837,-2.0733,-0.6535,-0.315,1.2528
-3.2728,-11.5331,-2.4995,-0.32,-0.3126,1.083
-2.5139,-8.7726,-3.5434,0.0727,-0.811,0.7819
-2.3487,-8.5643,-3.5793,0.0336,-1.5813,0.7305
-0.565,-7.3672,-2.0542,-0.3505,-2.2441,0.8833
0.383,-7.0177,-0.3615,-0.8722,-2.0493,1.127
0.7709,-6.1557,-0.6488,-0.9663,-1.2991,1.2589
1.0055,-5.8349,-1.6424,-0.6468,-0.56,1.2553
1.2713,-6.388,-2.3247,-0.3279,-0.0645,1.1582
1.4676,-7.3121,-2.6001,-0.4446,-0.0383,1.0506
0.1987,-8.7511,-2.0614,-0.6107,-0.0145,0.8765
-0.565,-9.0408,-2.0422,-0.6798,0.1443,0.6444
-1.0151,-9.0767,-2.6647,-0.6071,0.2897,0.441
-1.0055,-9.0144,-2.8778,-0.5148,0.2408,0.2938
-1.2737,-8.8732,-1.6424,-0.6046,-0.0584,-0.0274
-1.2689,-8.8492,-1.5346,-0.7231,-0.2124,-0.353
-1.7166,-8.9282,-0.893,-0.7726,-0.351,-0.7
-2.205,-9.1102,-1.1109,-0.7573,-0.4842,-1.0146
-2.5306,-8.7008,0.2609,-0.7152,-0.5728,-1.2406
-2.5306,-8.7008,0.2609,-0.7384,0.3611,-1.488
-2.6048,-8.4709,0.541,-0.5588,0.5939,-1.5467
-3.4524,-7.8556,0.7852,-0.5588,0.5939,-1.5467
-4.2951,-7.8748,-1.6496,-0.3285,0.5554,-1.5564
-4.2951,-7.8748,-1.6496,-0.1251,0.377,-1.5393
-4.1898,-7.8484,-3.347,-0.0017,0.2567,-1.5008
-4.2951,-7.6785,-3.778,-0.0078,0.4295,-1.463
-4.4532,-7.8532,-3.8115,-0.1165,0.702,-1.4544
-4.5513,-8.2028,-3.6296,-0.2338,0.8303,-1.422
-4.5633,-8.7319,-2.9712,-0.3554,0.8107,-1.3732
-3.9288,-9.0192,-2.5546,-0.4617,0.6415,-1.3304
-3.9288,-9.0192,-2.5546,-0.6743,0.2609,-1.2651
-2.7653,-9.3999,-1.1851,-0.6743,0.2609,-1.2651
-2.1595,-9.2874,-0.4381,-0.7054,0.4039,-1.2266
-1.9225,-8.9785,-0.158,-0.6272,0.5847,-1.2198
-1.9728,-8.6984,-0.972,-0.466,0.7118,-1.2498
-2.0207,-8.6984,-1.3527,-0.2784,0.746,-1.2974
-2.0135,-8.6673,-2.4085,-0.0261,0.7405,-1.361
-1.9081,-8.6936,-2.9448,0.0574,0.8474,-1.3652
-1.6567,-9.1246,-3.4261,0.0874,1.0202,-1.3555
-1.6304,-9.2083,-3.3686,0.0941,1.1846,-1.3432
-1.5155,-9.5818,-2.8131,0.0855,1.3214,-1.3316
-1.3383,-9.9673,-2.442,0.0599,1.388,-1.3151
-0.9361,-11.0208,-2.4923,0.0819,1.1956,-1.2443
-0.9265,-11.0662,-2.4947,0.1454,0.9604,-1.1856
-0.9864,-11.3464,-2.6623,0.2413,0.727,-1.1502
-0.9864,-11.3464,-2.6623,0.3372,0.5224,-1.0622
-0.474,-11.2506,-2.1236,0.3372,0.5224,-1.0622
-0.3088,-10.8556,-1.6424,0.347,0.4711,-0.9871
-0.3088,-10.2594,-1.81,0.3727,0.4332,-0.9853
-0.4261,-9.5268,-1.9249,0.4215,0.4509,-1.0128
-0.4596,-8.6098,-1.7022,0.46,0.6592,-1.0311
-0.486,-8.3776,-1.8004,0.5217,0.939,-1.0293
-0.5291,-8.0927,-1.9728,0.6176,1.1681,-1.0354
-0.5554,-8.1884,-2.3032,0.7178,1.3507,-1.0592
-0.7709,-9.3496,-3.3351,0.7496,1.3367,-1.0842
-0.8738,-9.5364,-3.4045,0.7434,1.2286,-1.1129
-1.0797,-10.3217,-3.7086,0.6744,1.1235,-1.1435
-1.2018,-11.0351,-3.529,0.5816,1.0392,-1.1441
-1.0749,-11.66,-2.9065,0.4753,0.9488,-1.0458
-1.0797,-11.6911,-2.8467,0.4374,0.8235,-0.9401
-1.1037,-11.569,-2.4588,0.4227,0.6262,-0.8155
-0.8283,-11.1572,-2.2577,0.4099,0.487,-0.6731
-0.3136,-10.2067,-2.6862,0.4136,0.4766,-0.5051
-0.3136,-10.2067,-2.6862,0.4698,0.8187,-0.2455
-0.2466,-10.0104,-2.6192,0.4698,0.8187,-0.2455
-0.2681,-10.1972,-2.0901,0.4594,0.9005,-0.2113
-0.2106,-10.4007,-1.9273,0.4594,0.8462,-0.1759
-0.2011,-10.4964,-2.0326,0.504,0.6104,-0.1148
-0.1675,-10.1493,-2.0973,0.5504,0.3135,-0.0329
0.0287,-9.7231,-2.1452,0.592,0.1192,0.0439
-0.0191,-9.1772,-2.7748,0.6671,0.0361,0.1185
0.0023,-9.2251,-2.9688,0.6964,-0.009,0.1191
-0.0885,-9.51,-3.1818,0.6744,0.0025,0.1185
-0.2274,-9.4238,-3.4644,0.642,-0.001,0.1191
-0.1125,-8.8037,-3.2058,0.5877,-0.0645,0.1392
-0.1125,-8.8037,-3.2058,0.1821,-0.6546,0.3689
0.0933,-8.617,-3.0286,0.1821,-0.6546,0.3689
0.1939,-8.9091,-2.952,0.0006,-0.8208,0.4667
0.7805,-10.3624,-2.9879,-0.1404,-0.7188,0.5833
0.893,-10.609,-2.9568,-0.2125,-0.4415,0.7409
1.3072,-11.2961,-2.703,-0.2106,-0.1311,0.9077
1.8363,-11.5762,-3.0813,-0.0811,0.0966,1.0684
1.9991,-10.1972,-3.5984,0.03,0.0496,1.0824
1.9991,-10.1972,-3.5984,0.0984,-0.0358,1.0189
1.7429,-9.1389,-3.8546,0.1198,-0.1324,0.9053
1.7429,-9.1389,-3.8546,0.0232,-0.4292,0.6866
1.5945,-7.7958,-3.4141,0.0232,-0.4292,0.6866
1.7094,-7.9729,-3.2968,-0.028,-0.5227,0.6322
1.8291,-8.8636,-2.9161,-0.0787,-0.5777,0.5723
1.7812,-10.0894,-2.3535,-0.1153,-0.6223,0.4954
1.2689,-11.7893,-1.9273,-0.122,-0.6956,0.4092
0.905,-12.2729,-1.8219,-0.1471,-0.8513,0.3426
0.1819,-12.5052,-1.1779,-0.2412,-1.1568,0.2657
-0.5626,-12.0479,-0.7302,-0.3004,-1.2392,0.2394
-1.6639,-11.162,-0.3615,-0.3175,-1.2337,0.2455
-1.7788,-11.0112,-0.3303,-0.3029,-1.1562,0.2907
-2.2601,-10.4964,-0.5817,-0.243,-0.9796,0.3726
-2.6503,-10.3264,-1.3551,-0.0848,-0.7145,0.5888
-2.9185,-10.5515,-2.3606,0.0006,-0.607,0.7916
-2.8634,-10.6568,-2.3511,0.0196,-0.5306,1.0231
-2.2649,-11.174,-1.9321,-0.0139,-0.5129,1.2699
-1.7166,-11.4613,-1.458,-0.0591,-0.5093,1.4947
-0.5003,-11.7007,-0.8571,-0.0603,-0.4769,1.6499
-0.4429,-11.7055,-0.8451,0.0385,-0.3315,1.7599
-0.383,-11.6528,-1.233,0.1521,-0.2393,1.7641
-0.3878,-11.6002,-1.3527,0.2633,-0.2405,1.7122
-0.1005,-11.4852,-1.2856,0.3091,-0.3419,1.6475
-0.3495,-11.3536,-1.5658,0.3317,-0.4977,1.5515
-0.6967,-11.0351,-2.0254,0.3745,-0.6052,1.3939
-1.0007,-10.4174,-2.1092,0.3965,-0.6162,1.1368
-1.6208,-9.5771,-2.4971,0.3782,-0.5416,0.9993
-1.707,-9.2945,-2.4492,0.3415,-0.4457,0.9083
-1.9369,-8.9378,-2.545,0.2713,-0.3022,0.8649
-2.0709,-8.7319,-2.5426,0.1992,-0.1305,0.8466
-2.0518,-8.7822,-2.1068,0.1228,0.1718,0.8478
-2.1164,-8.8133,-2.0949,0.1039,0.3917,0.8448
-2.375,-9.0815,-2.5617,0.1106,0.5707,0.8136
-2.8778,-9.3783,-3.2225,0.1045,0.6672,0.7929
-2.7868,-10.0703,-3.0334,0.0458,0.658,0.7965
-2.6024,-10.1325,-2.7246,-0.072,0.5896,0.8326
-2.6455,-10.1373,-2.8443,-0.2638,0.5554,0.8668
-3.3542,-10.3767,-3.5218,-0.3279,0.4161,0.813
-3.5482,-10.5419,-3.8283,-0.4287,0.2133,0.7916
-3.5673,-10.5706,-3.79,-0.5686,0.0807,0.7959
-3.347,-10.8603,-3.2585,-0.7317,-0.114,0.769
-2.9783,-10.8867,-2.4923,-0.9088,-0.3718,0.6762
-2.6503,-10.7694,-1.8602,-0.9461,-0.5319,0.5815
-2.6503,-10.7694,-1.8602,-0.9608,-0.9027,0.4416
-2.2361,-10.8364,-0.9935,-0.9608,-0.9027,0.4416
-2.296,-10.3145,-0.6296,-1.0157,-0.9118,0.4306
-2.5354,-8.7247,-0.1651,-0.9992,-0.8214,0.4153
-2.7892,-8.0711,-0.1915,-0.8099,-0.5386,0.4166
-2.9137,-7.1565,-0.292,-0.6187,-0.3498,0.4453
-3.2369,-7.1086,-1.1635,-0.4287,-0.2368,0.5265
-4.1395,-8.435,-3.3782,-0.2381,-0.2527,0.6298
-4.2449,-8.7151,-3.8953,-0.0402,-0.2411,0.7202
-4.5058,-8.9546,-5.1861,0.187,-0.0835,0.7476
-3.5003,-7.1541,-6.7327,0.4246,-0.0584,0.6798
-1.7022,-4.2066,-5.7727,0.3439,-0.5154,0.6267
-1.5753,-4.0414,-5.5141,-0.1251,-1.0658,0.5986
-0.9385,-3.6367,-4.8314,-0.7421,-1.5135,0.5949
-0.3854,-3.3925,-3.5242,-1.1691,-1.6583,0.5845
0.905,-3.5242,-2.7892,-1.4049,-1.1617,0.5784
0.905,-3.5242,-2.7892,-1.4006,-0.7047,0.5772
1.3024,-4.5753,-1.0893,-1.4586,-0.3688,0.5583
2.1739,-6.3952,-0.9457,-1.5105,-0.2185,0.4905
0.8355,-7.6282,-2.296,-1.433,-0.3449,0.3243
-0.972,-8.1286,-2.1332,-1.3126,-0.5997,-0.0384
-2.466,-8.5404,-2.442,-1.2815,-0.9289,-0.5711
-2.8586,-8.5643,-2.454,-1.2857,-1.2441,-0.7415
-3.0382,-8.3464,-2.205,-1.345,-1.5001,-0.8668
-2.7988,-8.1573,-1.7286,-1.4128,-1.64,-0.9608
-2.138,-7.87,-0.7015,-1.4336,-1.5318,-0.9957
-1.8722,-7.858,-0.1197,-1.2961,-0.9027,-1.0231
-2.3774,-9.5747,-1.154,-1.1025,-0.4867,-1.072
-2.3774,-9.5747,-1.154,-0.769,-0.0071,-1.1569
-2.3391,-10.6449,-1.2186,-0.769,-0.0071,-1.1569
-2.1212,-10.8939,-1.2569,-0.684,0.1907,-1.1331
-1.4748,-10.8508,-4.2449,-0.5655,0.3013,-1.1129
-1.4748,-10.8508,-4.2449,-0.5356,0.6421,-1.1398
-1.1156,-10.4797,-3.8546,-0.5356,0.6421,-1.1398
-1.0917,-10.1229,-2.9017,-0.6981,0.9182,-1.1673
-1.4365,-9.3927,-3.0885,-0.8038,1.0471,-1.2376
-1.446,-9.3496,-2.9903,-0.8093,1.0038,-1.3158
-1.1587,-9.0312,-2.624,-0.8258,1.0105,-1.353
-1.1444,-8.7056,-2.7557,-0.7818,0.9726,-1.3793
-1.2689,-8.4039,-2.3008,-0.7103,0.8797,-1.4434
-1.3,-8.4159,-2.2313,-0.6584,0.8156,-1.4929
-1.2832,-8.6026,-2.0542,-0.593,0.6818,-1.518
-1.6136,-8.7463,-2.6312,-0.5075,0.5383,-1.5369
-1.7501,-8.9354,-3.3063,-0.3511,0.4815,-1.5479
-1.6974,-9.1581,-3.1483,-0.2894,0.6305,-1.5106
-1.9847,-9.6417,-2.6934,-0.2369,0.8846,-1.4844
-1.707,-9.8955,-2.2697,-0.1392,1.1082,-1.5015
-1.9871,-10.0918,-3.7397,-0.0078,1.2047,-1.5412
-1.9967,-10.1349,-3.9887,0.1204,1.1491,-1.6096
-2.0973,-10.1397,-4.2449,0.1931,1.2182,-1.6255
-1.7764,-9.9745,-3.7469,0.135,1.3733,-1.5393
-1.5107,-9.7303,-2.9089,0.0648,1.4417,-1.3964
-1.379,-9.7111,-2.8491,0.0519,1.4222,-1.2284
-0.7589,-9.5148,-2.3774,0.0849,1.3434,-1.0409
-0.213,-9.3759,-2.114,0.1686,1.1601,-0.7953
0.1364,-9.3209,-2.1978,0.2468,1.0404,-0.7287
0.1364,-9.3209,-2.1978,0.5223,0.9225,-0.7415
0.4022,-10.1565,-3.6152,0.5223,0.9225,-0.7415
0.4189,-11.0806,-4.7357,0.6598,1.0044,-0.7812
-0.0119,-12.3112,-5.2866,0.694,1.2102,-0.8368
-0.0119,-12.3112,-5.2866,0.2713,1.5517,-0.8991
-0.4213,-12.6895,-3.5529,0.2713,1.5517,-0.8991
-0.1843,-12.0742,-2.1356,0.0898,1.4295,-0.8313
0.1843,-10.7047,-1.5682,0.03,1.1082,-0.7104
0.2968,-10.2379,-1.7693,0.0892,0.7142,-0.5925
0.4668,-9.7423,-1.7142,0.1998,0.4674,-0.5167
0.5243,-9.5555,-1.4628,0.3592,0.5132,-0.4801
0.3232,-9.7997,-1.5179,0.4344,0.7399,-0.4734
0.2801,-9.9027,-1.5586,0.5199,1.0215,-0.4477
0.1771,-10.0128,-1.8339,0.606,1.278,-0.397
0.1771,-10.0128,-1.8339,0.7117,1.5859,-0.1948
0.3112,-10.2498,-3.0047,0.6201,1.6012,-0.1759
0.2849,-10.4677,-3.2728,0.6201,1.6012,-0.1759
0.134,-10.166,-1.9991,0.4796,1.4833,-0.1893
-0.3136,-9.5795,-1.8028,0.3727,1.2127,-0.2131
-0.6727,-8.3153,-1.4508,0.3604,0.9567,-0.2241
-0.6727,-8.3153,-1.4508,0.4063,0.9146,-0.1802
-0.7996,-8.0663,-2.1835,0.5962,1.1595,-0.0329
-0.8858,-8.2818,-3.201,0.7373,1.3788,0.0897
-0.8978,-9.0743,-4.7285,0.818,1.5419,0.2345
-0.7589,-9.9003,-5.3872,0.8058,1.5712,0.3964
-0.304,-10.6832,-5.2986,0.6714,1.3599,0.5705
0.1101,-10.9968,-4.5394,0.3116,0.7875,0.7898
0.905,-11.2674,-2.4803,0.1027,0.2707,0.8833
1.403,-11.5164,-1.7908,-0.0555,-0.1488,0.9547
1.5682,-12.1556,-2.1954,-0.1214,-0.4201,1.0219
2.296,-12.6991,-1.5897,-0.1001,-0.3785,1.0977
2.3295,-11.672,-0.3256,-0.0487,0.2444,1.2015
2.2697,-11.4541,-0.3591,0.1106,0.8413,1.3054
2.1859,-10.3767,-0.9959,0.2267,0.6916,1.3304
1.8746,-9.5914,-2.0566,0.3146,0.3416,1.2956
1.233,-8.5691,-3.5458,0.3391,-0.0151,1.2034
1.1013,-8.5332,-3.5984,0.2932,-0.2209,1.0952
0.802,-8.7965,-3.6942,0.1485,-0.2906,0.9645
0.3423,-9.6776,-3.6272,0.0532,-0.3089,0.9034
0.3423,-9.6776,-3.6272,-0.1306,-0.3266,0.8717
-0.4165,-10.8675,-1.4532,-0.1288,-0.4256,0.9236
-0.9768,-10.7766,-3.0071,-0.1288,-0.4256,0.9236
-0.304,-10.9202,-0.8738,-0.1111,-0.4995,0.981
0.0598,-10.0703,-0.3495,-0.1954,-0.5227,1.1148
0.3064,-9.6872,-0.4932,-0.1196,-0.5777,1.1508
1.0199,-9.5435,-1.0773,-0.031,-0.5795,1.1832
1.4006,-9.3616,-1.3646,0.0593,-0.4848,1.1832
0.9409,-9.3424,-1.403,0.1338,-0.3132,1.0971
0.5746,-9.6154,-1.9656,0.2205,-0.1036,0.9804
-0.1101,-10.0655,-2.9041,0.3855,0.0569,0.8497
-1.64,-10.5946,-3.2441,0.4203,0.1101,0.8038
-2.3104,-11.4709,-2.1045,0.3818,-0.0499,0.821
-2.3606,-11.5092,-1.9632,0.3391,-0.3205,0.915
-2.3822,-11.5188,-1.9536,0.3513,-0.4873,0.9822
-1.7501,-11.2937,-1.4221,0.347,-0.7163,1.0647
-1.6496,-10.4653,-1.3072,0.3091,-0.8037,1.0965
-1.7214,-10.3073,-1.4413,0.3128,-0.8379,1.0848
-2.1404,-9.7662,-2.0757,0.3476,-0.7231,1.0696
-1.8866,-9.4358,-2.0326,0.369,-0.516,1.0965
-1.8866,-9.4358,-2.0326,0.4411,-0.202,1.1643
-1.4987,-9.7255,-1.5251,0.5419,-0.0896,1.1301
-1.3,-10.1565,-1.2545,0.5419,-0.0896,1.1301
-1.5945,-10.5874,-2.3678,0.6781,0.0807,1.0696
-2.363,-11.0208,-3.1699,0.8003,0.1553,0.9651
-2.6575,-11.0351,-3.201,0.7746,0.0899,0.8521
-2.7964,-10.7813,-3.7158,0.6439,-0.1427,0.7513
-2.9185,-10.3815,-3.8331,0.584,-0.2716,0.7299
-2.5713,-9.5076,-3.4811,0.4875,-0.351,0.7403
-2.794,-9.2874,-3.6774,0.3934,-0.3926,0.7562
-2.794,-9.2874,-3.6774,0.2273,-0.3236,0.7684
-2.6934,-8.3201,-3.2585,0.2273,-0.3236,0.7684
-3.4284,-8.1741,-3.6798,0.0831,-0.114,0.7874
-3.5314,-8.2171,-3.6439,0.0825,0.0697,0.7843
-3.4715,-8.2579,-3.7828,0.0746,0.3287,0.8338
-3.7014,-8.2818,-3.4189,0.0074,0.5615,0.9132
-3.9121,-8.459,-3.4021,-0.1141,0.6171,0.9859
-3.8833,-8.526,-3.3231,-0.2094,0.5841,1.08
-3.6296,-9.0455,-3.2561,-0.3255,0.3904,1.2608
-3.1124,-9.6896,-3.1052,-0.3817,0.2231,1.3555
-2.5187,-10.7263,-2.9831,-0.4287,0.093,1.4147
-2.5187,-10.7263,-2.9831,-0.4733,-0.0817,1.4141
-2.7102,-10.7047,-3.3854,-0.5313,-0.2948,1.3652
-2.9113,-10.1708,-3.3399,-0.6217,-0.5795,1.2376
-2.375,-9.0048,-2.1787,-0.7152,-0.632,1.1484
-2.2457,-8.2986,-1.8148,-0.7812,-0.5551,1.0622
-2.4899,-7.554,-1.6759,-0.7885,-0.5154,0.9706
-2.8586,-7.0368,-1.5155,-0.7964,-0.5221,0.8943
-3.1004,-7.3241,-2.0614,-0.8117,-0.4677,0.8582
-2.8658,-7.609,-2.0398,-0.7977,-0.1672,0.8869
-2.9496,-7.6593,-1.8579,-0.7573,0.195,0.9046
-3.6008,-8.3225,-2.2792,-0.6614,0.5206,0.8546
-4.4388,-9.6106,-4.3143,-0.4715,0.7032,0.7764
-4.5202,-9.5603,-4.4675,-0.3023,0.7625,0.6609
-4.1108,-8.8516,-3.2273,-0.2931,0.2909,0.4856
-2.3654,-7.4749,-1.6879,-0.4727,-0.3187,0.4825
-0.5195,-5.9738,-2.3654,-0.6437,-1.1116,0.507
-0.4525,-5.8756,-2.1021,-0.7885,-1.9051,0.5106
-0.0933,-5.6242,-0.7278,-0.9369,-2.2075,0.5119
0.3303,-5.2028,0.1699,-0.9125,-1.9876,0.4642
-0.0047,-6.5436,-1.5322,-0.6113,-1.3736,0.3494
-0.0047,-6.5436,-1.5322,-0.4079,-1.0713,0.1802
-1.9752,-7.3912,-2.8179,-0.3267,-0.6785,-0.102
-2.9472,-7.9035,-2.5474,-0.3688,-0.1867,-0.3469
-3.2585,-8.4135,-1.6735,-0.4397,0.3281,-0.4709
-3.5577,-8.7822,-1.968,-0.455,0.6,-0.5595
-4.0366,-9.1748,-2.4851,-0.4256,0.4198,-0.7055
-3.2992,-8.8564,-1.2641,-0.4452,0.1033,-0.7489
-3.3854,-8.4973,-0.711,-0.4702,-0.1531,-0.7727
-3.3925,-8.5978,-0.9792,-0.4177,-0.4402,-0.8723
-3.4021,-8.0639,-1.2569,-0.3206,-0.7121,-0.9309
-3.1459,-7.5133,-2.0446,-0.2497,-0.7341,-0.9291
-2.5306,-7.2499,-0.2753,-0.2534,-0.5258,-0.8753
-2.7341,-7.3624,-0.4477,-0.2326,-0.1922,-0.846
-3.4596,-8.0855,-2.3846,-0.0561,-0.0419,-0.9114
-2.691,-7.937,-1.7956,0.0837,0.1241,-0.9639
-2.0566,-8.2363,-0.7565,0.0813,0.4295,-0.9816
-2.0781,-8.3201,-0.9409,0.1582,0.5566,-1.0836
-2.8036,-8.9522,-1.7884,0.2841,0.3483,-1.1844
-2.6551,-9.1581,-2.7629,0.3885,0.1424,-1.2687
-2.5929,-9.2107,-1.8674,0.4172,0.0716,-1.2669
-2.5929,-9.2107,-1.8674,0.3983,0.3391,-1.2376
-1.8052,-8.9761,-2.7222,0.3983,0.3391,-1.2376
-1.7717,-8.5404,-4.015,0.4741,0.4473,-1.2669
-2.2577,-8.6816,-4.3981,0.4771,0.6922,-1.3744
-2.1092,-8.7846,-4.3885,0.3727,1.0838,-1.4526
-2.1092,-8.7846,-4.3885,0.1906,1.6427,-1.5784
-1.9416,-8.9378,-3.7205,0.1906,1.6427,-1.5784
-2.4923,-9.2227,-4.3071,0.1155,1.5951,-1.6737
-2.1523,-9.3185,-3.9959,0.102,1.3855,-1.6682
-1.8914,-9.5196,-3.9743,0.0691,1.1833,-1.5998
-2.1021,-9.9697,-4.039,0.0874,0.9622,-1.565
-0.9289,-11.0303,-4.2281,0.0904,0.7692,-1.5625
-0.8259,-11.0758,-4.367,0.0788,0.5774,-1.5601
-0.6057,-11.1213,-4.3406,0.0012,0.0233,-1.6872
-0.6631,-11.2674,-4.0869,-0.122,-0.4121,-1.8099
-1.154,-11.2051,-3.2225,-0.2717,-0.8239,-1.8692
-1.2186,-11.1165,-3.0071,-0.4214,-1.1452,-1.846
-1.4341,-10.4964,-3.0095,-0.5515,-1.2808,-1.7385
-1.3694,-9.4957,-3.0382,-0.6627,-0.9949,-1.4666
-0.9169,-9.0072,-1.3958,-0.758,-0.6308,-1.2589
-0.9169,-9.0072,-1.3958,-0.8875,0.6788,-1.0048
-0.9528,-9.7063,0.2537,-0.8875,0.6788,-1.0048
-0.4955,-10.4318,0.5051,-0.7445,1.3196,-1.0103
-0.9552,-10.7454,-0.8116,-0.4409,1.6427,-1.0696
-0.9481,-11.2099,-0.5506,-0.0353,1.5682,-1.1979
-0.8714,-11.7079,-0.5913,0.0862,1.4454,-1.1606
-0.8858,-11.9784,-0.6584,0.234,1.1992,-1.0971
-0.4908,-12.0934,-0.7876,0.3843,0.8901,-0.9883
-0.2106,-12.0263,-0.6919,0.5223,0.6452,-0.8252
0.2298,-11.8085,-1.1563,0.7245,0.5438,-0.5455
0.158,-11.0423,-1.7669,0.8846,0.6586,-0.4056
-0.3112,-9.0982,-2.2074,1.022,0.8223,-0.3353
-0.2705,-8.9522,-2.2122,1.1118,0.9634,-0.2858
-0.2657,-8.5763,-2.7174,1.1472,0.9482,-0.2492
-0.4836,-8.5787,-3.0406,1.1307,0.7954,-0.2455
-0.6033,-9.2227,-3.3039,1.0049,0.5572,-0.2748
-0.5961,-9.3305,-3.4356,0.923,0.432,-0.2492
-0.2992,-9.7542,-3.4189,0.8455,0.3459,-0.1887
-0.1149,-10.111,-2.7174,0.7496,0.3507,-0.124
0.2944,-11.2075,-3.5936,0.6665,0.4271,-0.0733
0.2873,-11.2075,-3.5936,0.6323,0.4931,-0.0103
0.1819,-11.2889,-3.5003,0.5755,0.512,-0.0067
-0.1149,-10.901,-3.3925,0.4832,0.5169,-0.0097
-0.5339,-10.1038,-3.2537,0.4246,0.5004,0.0219
-0.8236,-9.7686,-3.4332,0.3916,0.4674,0.1069
-0.4908,-9.3735,-2.0398,0.3598,0.355,0.2486
0.7062,-9.2347,-1.0342,0.2566,0.2799,0.5137
1.0223,-9.1964,-2.2361,0.2596,-0.009,0.609
1.0295,-9.0886,-2.4301,0.2871,-0.3779,0.5968
0.881,-8.8803,-2.1332,0.237,-0.5642,0.5839
0.7805,-8.7271,-2.5689,0.1369,-0.4793,0.6084
1.0031,-8.8061,-2.794,0.0752,-0.2832,0.653
0.9816,-8.8995,-2.8826,-0.0213,-0.0029,0.7153
0.9145,-9.0024,-2.8155,-0.0701,-0.0077,0.7409
1.6304,-9.3544,-1.0749,-0.1275,0.0911,0.7611
1.4365,-10.7454,-3.5769,-0.1624,0.1113,0.7849
1.3359,-10.8412,-3.9408,-0.0762,-0.1996,0.7312
1.5442,-11.0591,-3.4117,-0.1465,-0.3089,0.5931
0.7134,-11.2698,-2.1643,-0.3114,-0.1617,0.5112
-0.3351,-11.3895,-1.2425,-0.3853,-0.2631,0.408
-0.3471,-11.3607,-1.1947,-0.3633,-0.505,0.3475
-1.1276,-11.0998,-2.0422,-0.3047,-0.7579,0.295
-1.4532,-11.2195,-0.4548,-0.2326,-0.8813,0.27
-1.9081,-10.5276,-0.0407,-0.1453,-0.8697,0.3042
-2.2026,-10.1995,-0.7924,0.0697,-0.8306,0.3353
-2.5617,-10.0152,-2.3295,0.3,-0.8813,0.3982
-2.2936,-9.601,-2.6168,0.4478,-0.9815,0.4776
-1.4628,-9.3065,-2.9257,0.4802,-0.9662,0.5876
-1.1899,-9.285,-3.1028,0.4734,-0.932,0.7367
-0.9792,-9.419,-3.0813,0.4252,-0.9399,0.8142
-0.7493,-9.6393,-3.4739,0.3488,-0.9815,0.8949
-0.4165,-10.111,-2.0829,0.2572,-1.0169,0.9896
-0.4165,-10.111,-2.0829,0.022,-0.8367,1.1349
0.0359,-10.1995,-1.9369,0.022,-0.8367,1.1349
0.0287,-10.1684,-1.9512,0.0086,-0.6351,1.1453
-0.7326,-10.6114,-1.7597,0.0006,-0.5337,1.1093
-0.9074,-10.6592,-1.8124,0.0177,-0.5221,1.0622
-1.4867,-10.8627,-2.1739,0.066,-0.5575,1.0293
-1.2449,-10.9082,-1.786,0.0886,-0.5911,1.0286
-0.5698,-10.6449,-1.2521,0.0574,-0.4732,1.0567
-0.5147,-10.6161,-1.2282,-0.0121,-0.2295,1.0458
-0.1484,-10.3863,-0.7134,-0.0707,-0.1434,1.0146
-0.0047,-10.0463,-0.5339,-0.1159,-0.1226,0.9645
-0.328,-9.4645,-0.8595,-0.1196,-0.1953,0.8784
-0.6033,-9.0072,-0.9457,-0.0866,-0.3553,0.7574
-1.3694,-8.8181,-1.4604,0.0055,-0.4903,0.5619
-2.1787,-8.854,-2.0781,0.091,-0.3846,0.4599
-3.2872,-9.3688,-3.0645,0.1674,-0.1366,0.4098
-3.5362,-9.7183,-3.1555,0.2114,0.1693,0.4111
-3.6942,-10.2187,-3.5984,0.2053,0.4283,0.4587
-3.7445,-10.6233,-3.6559,0.1479,0.5755,0.5057
-3.8091,-10.6544,-3.3016,-0.0982,0.4796,0.5436
-3.8259,-10.6497,-3.055,-0.3059,0.2432,0.5705
-3.711,-10.5563,-2.8179,-0.4751,-0.0444,0.6389
-3.7205,-10.5563,-3.0669,-0.5741,-0.2832,0.7122
-3.5817,-10.6161,-2.612,-0.6327,-0.3779,0.7635
-3.5649,-10.6808,-2.3989,-0.6853,-0.3413,0.7977
-3.1627,-10.6497,-1.4652,-0.6908,-0.2136,0.8057
-3.1627,-10.4462,-1.1755,-0.6541,-0.0639,0.8185
-2.5761,-9.9889,0.1699,-0.5619,0.0197,0.8216
-2.5761,-9.9889,0.1699,-0.455,-0.012,0.8466
-2.9712,-10.1062,-0.5147,-0.312,-0.0914,0.8741
-3.6511,-10.3097,-1.3982,-0.0836,-0.4036,0.8723
-3.7421,-9.996,-1.549,-0.0206,-0.5502,0.9089
-4.0533,-9.8739,-2.3846,0.0232,-0.5593,0.9669
-4.0677,-9.4454,-2.782,0.0599,-0.5355,1.0433
-3.3446,-8.6122,-2.8586,0.0275,-0.4341,1.1667
-2.5929,-7.7742,-3.2178,-0.0316,-0.279,1.2956
-2.2577,-7.4965,-2.782,-0.1282,0.041,1.4025
-1.8315,-6.9123,-2.6192,-0.2027,0.2579,1.422
-1.5634,-6.6106,-3.5769,-0.2271,0.4411,1.4141
-1.3192,-6.3616,-3.9767,-0.2888,0.5383,1.372
-1.4149,-6.388,-4.0031,-0.4654,0.6733,1.3011
-1.3646,-6.8429,-4.1802,-0.7305,0.7472,1.1533
-1.8435,-7.0679,-3.4261,-0.8319,0.6574,1.0781
-1.877,-7.8652,-3.8474,-0.8471,0.5254,0.9871
-1.8722,-7.9753,-3.9312,-0.739,0.3825,0.9272
-1.7908,-8.2363,-4.3813,-0.6254,0.074,0.8411
-1.6663,-7.6354,-4.6208,-0.5894,-0.3572,0.6988
-0.9217,-6.2204,-3.3135,-0.8203,-1.3297,0.4715
-0.8762,-6.151,-3.1938,-1.1159,-1.88,0.3543
-0.9648,-5.9235,-2.3726,-1.3517,-2.0871,0.2419
-1.0821,-5.9642,-1.9991,-1.403,-1.9228,0.1075
-1.3096,-7.7934,-1.731,-1.3108,-1.6833,-0.0293
-1.8171,-8.9617,-0.9959,-1.2393,-1.2374,-0.3469
-1.0845,-10.3432,1.0199,-1.2925,-1.1342,-0.6053
-1.5011,-11.0255,1.1061,-1.2308,-1.1812,-0.7696
-3.8235,-10.8508,-0.9169,-1.0182,-1.3034,-0.9633
-4.1467,-10.0679,-0.3016,-0.83,-1.103,-1.0855
-3.5098,-8.4254,1.5107,-0.7897,-0.2875,-1.0781
-3.5098,-7.7072,1.64,-0.5631,0.4882,-1.1062
-5.3369,-7.8269,-2.3223,-0.221,0.4405,-1.1899
-5.2819,-7.8604,-2.5546,0.0764,0.2579,-1.229
-4.8964,-8.095,-2.5594,0.179,0.1876,-1.1429
-4.8964,-8.095,-2.5594,0.1039,0.0117,-1.0128
-3.383,-8.2962,-0.9337,0.1039,0.0117,-1.0128
-3.383,-8.2962,-0.9337,0.2028,-0.5441,-0.9492
-3.134,-8.2315,-0.8858,0.2474,-0.6204,-0.9217
-2.5977,-7.4558,-2.2744,0.2474,-0.6204,-0.9217
-2.2505,-6.8213,-3.4428,0.2279,-0.326,-0.8692
-2.2385,-6.8548,-3.5362,0.2108,0.0978,-0.8307
-2.2385,-6.8548,-3.5362,0.0788,1.2255,-0.9138
-2.1906,-7.3097,-3.8211,0.0788,1.2255,-0.9138
-2.0542,-7.9322,-2.5282,-0.0121,1.523,-1.0195
-2.0709,-8.1142,-2.3894,-0.061,1.6476,-1.0958
-2.2697,-8.5859,-2.5258,-0.0115,1.4216,-1.1844
-2.0685,-9.0551,-4.1371,0.0776,0.972,-1.2675
-1.9656,-9.5028,-4.3047,0.1692,0.4772,-1.3585
-2.0446,-9.7638,-3.8714,0.0348,0.33,-1.4202
-2.533,-10.0415,-3.5697,-0.1043,0.2634,-1.4648
-2.193,-10.2833,-2.9783,-0.1947,0.107,-1.4819
-1.944,-10.1325,-2.1978,-0.2613,-0.0933,-1.4526
-1.944,-10.1325,-2.1978,-0.1068,-0.3614,-1.4611
-1.956,-10.2977,-2.1404,-0.1068,-0.3614,-1.4611
-1.6328,-10.3217,-3.0621,-0.0017,-0.3107,-1.4391
-1.561,-10.4054,-3.8738,0.0513,-0.2637,-1.4239
-1.561,-10.4054,-3.8738,-0.1306,-0.0267,-1.4178
-1.8602,-10.415,-4.1922,-0.1306,-0.0267,-1.4178
-1.6639,-10.3145,-3.3686,-0.3377,0.421,-1.3274
-1.2138,-9.6489,-2.442,-0.4208,0.8443,-1.2388
-1.2234,-9.6321,-2.4516,-0.3859,1.0984,-1.2058
-1.209,-9.5986,-2.6431,-0.2913,1.1265,-1.226
-0.9576,-9.5244,-2.8395,-0.2167,1.1504,-1.229
-1.0726,-9.4478,-2.2649,-0.1239,1.2078,-1.251
-0.9888,-9.6082,-2.1021,-0.0567,1.1901,-1.2528
-0.9433,-9.8428,-2.0925,0.0519,1.0648,-1.237
-0.7182,-10.2929,-2.1763,0.1631,0.862,-1.2229
-1.0726,-10.755,-3.3854,0.2676,0.6598,-1.2021
-1.0726,-10.755,-3.3854,0.3427,0.4302,-1.1136
-1.3144,-10.7358,-3.4835,0.3427,0.4302,-1.1136
-0.9074,-10.494,-2.885,0.2847,0.5028,-1.0085
-0.6751,-9.2945,-2.5665,0.2511,0.5462,-0.904
-0.6392,-9.1198,-2.2361,0.2493,0.5248,-0.8344
-0.6751,-8.696,-1.7405,0.2334,0.4289,-0.7782
-0.4836,-8.8109,-2.0925,0.2694,0.3006,-0.725
-0.1843,-9.3281,-1.8555,0.4197,0.2267,-0.6609
-0.1891,-9.4023,-1.7405,0.4679,0.2725,-0.6462
-0.2059,-9.8356,-1.8459,0.4844,0.2817,-0.6517
-0.158,-10.1517,-2.3127,0.4838,0.206,-0.6371
-0.158,-10.1517,-2.3127,0.391,0.154,-0.5271
-0.2154,-9.9817,-2.3223,0.3519,0.2493,-0.4801
-0.1412,-9.7135,-2.0494,0.3519,0.2493,-0.4801
-0.328,-9.3448,-2.3487,0.3232,0.3086,-0.4098
-0.2082,-8.9857,-2.1068,0.2987,0.3385,-0.3378
-0.0335,-9.1461,-2.1188,0.2499,0.4112,-0.2431
0.2825,-9.6752,-2.2313,0.212,0.4509,-0.138
0.2729,-10.3121,-2.9951,0.1808,0.4747,0.0061
0.1556,-10.5754,-3.292,0.1295,0.5273,0.0641
0.2466,-10.4821,-2.7605,0.0214,0.6714,0.1227
0.5339,-10.3408,-1.5466,-0.0915,0.8211,0.2021
0.802,-10.1517,-0.7685,-0.1453,0.8126,0.2706
1.3072,-9.8763,-1.3431,-0.0884,0.3996,0.3329
1.3599,-9.7734,-1.0845,-0.0469,0.1461,0.3652
1.3934,-9.4166,-0.7134,-0.0048,0.1534,0.3469
1.379,-9.2179,-1.3072,0.1289,0.1956,0.2981
0.9792,-9.1557,-4.5992,0.281,0.2225,0.2406
0.79,-9.1629,-4.9275,0.3751,0.2396,0.1704
0.2968,-9.1605,-4.9347,0.281,0.4479,0.0427
0.2585,-9.012,-3.3351,0.0739,0.7808,-0.0177
0.2681,-9.2371,-2.0039,-0.0695,0.8999,-0.0482
0.1747,-9.3688,-2.1332,-0.0927,0.5804,-0.0507
-0.4812,-10.5299,-3.8091,-0.1624,-0.0248,-0.0048
-0.3758,-11.3105,-3.5529,-0.1147,-0.7005,0.0488
0.0694,-11.3081,-2.3343,-0.2241,-0.6192,0.1997
0.3734,-11.2506,-2.047,-0.2528,-0.3718,0.2785
0.8906,-10.6975,-1.9464,-0.2265,-0.3773,0.3463
0.9624,-10.3647,-3.0406,-0.1917,-0.4714,0.3933
0.9337,-10.0176,-2.7748,-0.1721,-0.7286,0.4178
0.8571,-9.7542,-1.458,-0.3719,-0.8281,0.5369
1.1204,-9.2754,-1.446,-0.4275,-0.7536,0.6236
1.1755,-9.1461,-1.9464,-0.3487,-0.7347,0.7067
1.0558,-9.9984,-1.7788,-0.3432,-0.7994,0.7489
1.1779,-10.1541,-1.7597,-0.3804,-0.8019,0.7984
1.7286,-10.7478,-1.4341,-0.3902,-0.6174,0.8704
1.9273,-11.2267,-1.2832,-0.3682,-0.293,0.9266
2.2242,-11.5547,-2.7317,-0.3389,-0.1623,0.9181
2.0087,-11.4948,-3.4739,-0.3084,-0.1195,0.8961
2.217,-11.7079,-0.9624,-0.3004,-0.1702,0.8484
1.5705,-11.2267,-0.2585,-0.433,-0.3187,0.799
1.0414,-10.4964,-0.0885,-0.298,-0.4714,0.6835
0.9433,-10.4605,-0.0861,-0.2235,-0.5166,0.612
0.5075,-10.1301,-0.0335,-0.1666,-0.4402,0.5149
-0.0909,-9.7063,-0.3088,-0.1025,-0.2942,0.4599
-0.8355,-9.1126,-0.6464,-0.0243,-0.1733,0.4123
-1.1851,-8.8636,-0.8403,0.0678,-0.0853,0.3799
-1.5634,-8.7247,-1.6472,0.2199,0.0087,0.375
-2.1547,-8.7008,-2.6216,0.2957,0.0618,0.3714
-3.2225,-9.0024,-3.7181,0.2896,0.187,0.3689
-3.7852,-9.2921,-4.5561,0.2022,0.3642,0.4135
-3.1052,-9.8261,-2.7246,0.0831,0.5658,0.5222
-2.1308,-10.2355,-1.8004,-0.0701,0.771,0.6743
-2.2768,-11.3296,-2.1475,-0.0115,0.851,0.7599
-2.2553,-11.6193,-2.3271,0.0855,0.6739,0.7348
-1.7645,-12.0431,-2.3463,0.1081,0.4228,0.7415
-1.6807,-11.9808,-2.0853,0.0587,0.0526,0.7635
-2.1643,-11.0854,-2.4612,0.0165,-0.2747,0.7531
-2.0973,-10.9034,-2.363,0.0623,-0.3425,0.744
-1.6472,-10.3288,-1.8339,0.1008,-0.1861,0.7971
-0.8978,-9.7494,-0.905,0.1668,0.0233,0.8442
-2.138,-9.5292,-2.7581,0.2792,0.1571,0.8234
-2.138,-9.5292,-2.7581,0.4111,0.1785,0.7476
-2.4205,-9.4741,-3.0142,0.4264,0.217,0.7232
-2.6886,-9.2802,-3.3303,0.3262,0.2713,0.7544
-2.6767,-9.3712,-3.4955,0.2902,0.3941,0.788
-2.6575,-9.455,-3.1818,0.2578,0.5468,0.8356
-3.3375,-9.6417,-4.0916,0.2535,0.6391,0.8655
-3.5314,-9.7303,-4.3263,0.2914,0.8028,0.868
-3.5266,-9.6441,-4.118,0.1576,0.9805,0.9407
-3.5098,-9.5675,-4.173,0.0281,1.0099,0.9865
-2.715,-9.2658,-3.2992,-0.1147,0.8932,1.0598
-1.7956,-9.0216,-2.1619,-0.2662,0.6397,1.1624
-1.7262,-9.3544,-2.8227,-0.3249,0.3947,1.2119
-1.7262,-9.3544,-2.8227,-0.5002,-0.089,1.1148
-1.6352,-9.3328,-2.7461,-0.5405,-0.1122,1.0073
-2.7222,-9.4238,-3.4021,-0.5405,-0.1122,1.0073
-3.1028,-9.5866,-2.6431,-0.5961,-0.0694,0.9352
-3.1148,-9.6441,-2.4995,-0.673,0.0447,0.9095
-2.7796,-10.0224,-1.5514,-0.6792,0.2432,0.8949
-2.4684,-10.6592,-1.2689,-0.6608,0.4466,0.9382
-3.0885,-11.1692,-2.5953,-0.549,0.4625,0.9749
-3.0406,-11.1141,-2.5067,-0.5197,0.3208,0.9676
-2.9472,-10.9896,-1.7884,-0.6089,0.1052,0.9694
-2.3463,-10.676,-0.474,-0.6566,0.0056,0.9615
-2.8395,-10.4821,-0.5889,-0.5796,-0.0523,0.937
-3.3399,-10.2786,-1.1587,-0.3077,-0.2735,0.8692
-3.7756,-9.8572,-1.4077,-0.1666,-0.3553,0.8613
-3.8067,-9.1676,-2.0254,-0.0787,-0.3138,0.8967
-3.9025,-7.9131,-2.0111,0,-0.1824,0.956
-3.6942,-7.5899,-1.5801,0.0275,0.0423,1.0451
-2.703,-7.0895,-0.5889,0.041,0.2976,1.1777
-1.6496,-6.297,0.1508,0.1949,0.5364,1.3292
-0.7685,-5.5069,-2.8945,0.3635,0.4149,1.3164
-0.9169,-5.459,-3.4572,0.5248,0.0936,1.2131
-1.0247,-5.6123,-3.936,0.5486,-0.1244,1.0629
-1.3694,-6.0336,-2.7174,0.3665,0.0532,0.9382
-2.1763,-8.1836,-2.9281,0.1314,0.4002,0.7984
-2.296,-8.4781,-3.031,0.1014,0.363,0.678
-2.2888,-9.3089,-2.8179,0.0855,0.1033,0.5418
-2.4803,-9.7518,-3.3734,-0.0072,-0.1562,0.4495
-2.3606,-9.1533,-1.4269,-0.1165,-0.3535,0.3255
-2.3942,-9.0958,-1.4197,-0.2577,-0.3321,0.1569
-2.2792,-8.5954,-0.9193,-0.309,-0.2692,-0.0867
-2.1428,-8.2938,0.0837,-0.2858,-0.2099,-0.2431
-3.2417,-8.1238,-0.2561,-0.2241,-0.1177,-0.4532
-3.632,-7.8915,0.1723,-0.1049,0.0154,-0.6719
-4.173,-7.6114,0.1891,0,0.2945,-0.8142
-4.6495,-7.3097,-0.3687,0.2364,0.4173,-0.9126
-4.3311,-7.6856,-0.4285,0.3965,0.3214,-0.9217
-4.4867,-7.9753,-0.8858,0.5144,0.2634,-0.8509
-4.8578,-8.696,-1.9728,0.6329,0.1009,-0.8521
-4.8314,-8.9474,-2.3702,0.716,-0.0419,-0.8704
-4.3287,-8.7056,-2.1068,0.7196,-0.0933,-0.8436
-4.106,-8.605,-2.0159,0.6683,-0.0823,-0.7293
-3.6224,-8.1525,-1.4963,0.639,-0.0102,-0.623
-3.1124,-7.6593,-1.2521,0.6188,0.0612,-0.5057
-1.3239,-7.202,-2.1883,0.6488,0.1327,-0.3628
-1.2617,-7.1422,-2.387,0.7037,0.2133,-0.226
-0.8643,-7.0488,-3.4572,0.741,0.3196,-0.1728
-0.802,-7.1422,-4.6662,0.6891,0.6446,-0.2504
-0.3327,-7.1924,-3.6224,0.5565,1.0435,-0.3567
-0.2944,-7.1924,-3.6224,0.3696,1.5102,-0.4825
-0.5674,-7.7024,-3.6128,0.2407,1.8083,-0.645
-0.723,-8.6002,-3.5338,0.2041,1.8376,-0.8662
-1.5873,-9.6489,-3.2225,0.1876,1.5658,-1.2443
-2.229,-9.9242,-3.4189,0.2071,1.1192,-1.4807
-3.1747,-10.3959,-4.1515,0.2474,0.5242,-1.6395
-3.1316,-11.1165,-4.6734,0.2309,-0.0969,-1.6676
-2.7461,-11.0639,-4.3143,0.1326,-0.6021,-1.5925
-2.6503,-10.7454,-3.7349,-0.0414,-0.9185,-1.5351
-2.4349,-10.257,-2.7365,-0.3114,-0.9607,-1.4935
-2.2409,-10.0415,-2.6431,-0.4226,-0.8678,-1.444
-2.1571,-9.6704,-0.8068,-0.4916,-0.7396,-1.3689
-2.1332,-9.6202,-0.553,-0.612,-0.3675,-1.2944
-1.7764,-9.4119,0.4572,-0.6425,0.2011,-1.2357
-1.5945,-9.3735,0.292,-0.3713,0.8718,-1.1496
-1.7501,-9.3664,-0.8427,-0.086,1.0086,-1.1301
-1.7597,-9.3424,-1.0151,0.1295,0.9976,-1.1264
-1.6639,-9.2706,-1.7836,0.2761,0.925,-1.1111
-1.8938,-9.2395,-2.5737,0.3733,0.848,-1.0861
-1.8626,-9.1006,-2.9257,0.4258,0.7954,-1.0775
-1.8387,-9.0743,-2.8562,0.4136,0.9359,-1.0671
-1.6041,-9.0336,-2.5737,0.3824,1.099,-1.0635
-1.6328,-9.2945,-2.3439,0.3891,1.1552,-1.0739
-1.6136,-9.7542,-2.4971,0.3983,1.0667,-1.0965
-1.8459,-9.8739,-2.7796,0.4087,0.9176,-1.1105
-1.8171,-9.8117,-3.0238,0.4179,0.7509,-1.1136
-1.7788,-9.6585,-3.0238,0.4172,0.5859,-1.0512
-1.5682,-9.747,-2.9783,0.4136,0.5328,-0.9755
-1.628,-9.7997,-3.0238,0.4117,0.4772,-0.8918
-1.6017,-9.7854,-2.9927,0.3959,0.4247,-0.8362
-1.3958,-9.8093,-2.4516,0.3555,0.4326,-0.7819
-0.7948,-10.3217,-2.5665,0.3006,0.4888,-0.6499
-0.7613,-10.4174,-2.6264,0.3079,0.4118,-0.5595
-0.7637,-10.8173,-2.691,0.2963,0.2585,-0.4966
-0.565,-10.9609,-2.3032,0.2786,0.1235,-0.4422
-0.1963,-10.9298,-2.1092,0.2713,0.0887,-0.3726
-0.1436,-10.9944,-2.2242,0.3012,0.0526,-0.3084
-0.0766,-11.2458,-1.9393,0.394,0.0795,-0.2443
0.0837,-11.3895,-1.8267,0.4203,0.2371,-0.2076
0.3351,-10.7957,-1.6567,0.4545,0.3947,-0.1618
0.3423,-10.7957,-1.6136,0.4802,0.4644,-0.1166
0.3782,-10.4438,-2.205,0.4863,0.479,-0.0952
0.2849,-10.1038,-2.3678,0.5113,0.3795,-0.1032
0.2035,-9.6609,-2.5594,0.4869,0.3385,-0.1007
0.1173,-9.5435,-2.8323,0.446,0.2909,-0.0751
0.292,-9.443,-2.715,0.394,0.2609,-0.0317
0.4644,-9.3712,-2.4325,0.3275,0.275,0.0189
0.5315,-9.194,-1.9632,0.2499,0.2725,0.0488
0.7206,-8.9282,-1.1923,0.1753,0.2976,0.0598
1.1324,-8.605,-0.4357,0.1619,0.2041,0.0488
1.2042,-8.5763,-0.6943,0.212,-0.0291,0.0085
1.0462,-9.0839,-1.3814,0.2994,-0.268,-0.0623
0.9792,-9.2586,-1.5131,0.3849,-0.301,-0.1117
1.0079,-9.5627,-1.1324,0.4508,-0.1562,-0.1178
1.1348,-9.9553,-0.8259,0.4838,0.2408,-0.0873
1.0055,-10.2355,-2.3989,0.5706,0.228,-0.0531
1.0462,-10.1828,-2.557,0.6689,0.0484,-0.0024
1.1013,-9.6561,-2.9544,0.7172,-0.0725,0.0708
0.7876,-9.1533,-2.557,0.6781,-0.1757,0.116
0.6296,-8.708,-2.7988,0.5241,-0.2503,0.1221
0.6296,-8.708,-2.7988,0.4368,-0.4561,0.116
0.4501,-8.8708,-2.624,0.303,-0.8135,0.1081
0.5386,-8.8995,-2.1045,0.1515,-0.9876,0.1319
0.8643,-9.273,-1.9033,0.0416,-1.0053,0.2003
1.0271,-9.8691,-2.4085,-0.0096,-0.9106,0.2889
1.446,-10.6592,-2.6408,-0.0096,-0.5636,0.4221
1.7477,-11.1788,-2.5163,-0.0439,-0.2838,0.5216
2.0135,-11.1931,-2.2888,-0.0805,-0.0847,0.5955
2.2266,-10.9154,-1.6807,-0.1379,0.0416,0.6389
2.454,-10.5539,-1.4389,-0.21,-0.0169,0.6444
2.2625,-10.3887,-1.8914,-0.2436,-0.4482,0.5497
1.7118,-10.2594,-1.9393,-0.2509,-0.695,0.4324
1.537,-10.2618,-1.8914,-0.2601,-0.786,0.3042
0.9648,-10.3671,-1.154,-0.243,-0.8379,0.1832
0.462,-10.4031,-1.2066,-0.2118,-0.8599,0.0867
-0.8212,-10.1948,-1.3311,-0.1373,-0.91,0.0256
-1.0007,-10.1325,-1.3479,-0.0597,-0.8917,0.003
-1.5969,-9.9769,-1.628,-0.0188,-0.7683,0.0513
-1.7908,-10.0367,-1.8579,0.0184,-0.6522,0.1637
-1.3239,-9.917,-0.8762,0.0086,-0.6033,0.309
-1.2138,-9.8691,-0.7924,-0.0359,-0.6149,0.4532
-0.304,-9.5459,-0.3375,-0.0726,-0.5679,0.5858
-0.304,-9.5459,-0.3375,0.0458,-0.1598,0.6988
0.0981,-9.3448,-0.5434,0.1136,0.0172,0.6847
-0.4094,-9.2586,-0.711,0.1136,0.0172,0.6847
-0.7757,-9.4741,-1.1994,0.2028,0.1742,0.6811
-1.2737,-9.6585,-1.9057,0.2688,0.2744,0.6939
-1.5921,-10.0152,-2.3894,0.3103,0.231,0.7525
-1.731,-10.1373,-2.8658,0.2908,0.0618,0.8191
-1.5801,-10.2953,-2.636,0.2425,-0.1653,0.8833
-1.3144,-10.257,-1.9393,0.1362,-0.279,0.9425
-1.7525,-10.3193,-2.6264,0.0746,-0.26,0.9767
-1.6998,-10.3312,-2.545,0.0556,-0.2099,0.9889
-1.2617,-10.4821,-2.2385,-0.0597,0.0044,1.0555
-0.869,-10.7382,-1.9943,-0.1129,0.1736,1.0818
-0.6703,-11.2698,-2.0853,-0.1611,0.3074,1.061
-0.5386,-11.2889,-1.8555,-0.199,0.4063,1.0036
0.0502,-11.3248,-0.8523,-0.2625,0.4344,0.9401
0.0502,-11.3248,-0.8523,-0.2497,0.071,0.5864
-1.5035,-10.9034,-1.3144,-0.2497,0.071,0.5864
-1.5921,-10.8723,-1.3838,-0.2155,-0.0517,0.4569
-1.9728,-10.5084,-1.7884,-0.1593,-0.0817,0.3762
-1.9776,-10.2594,-2.0159,-0.1257,-0.1061,0.3726
-2.0757,-9.9984,-1.6927,-0.1098,-0.0762,0.3689
-2.1021,-9.8596,-1.3527,-0.1007,-0.0077,0.3231
-2.272,-9.7901,-1.2521,-0.0793,-0.0145,0.2791
-2.5019,-9.5459,-1.2114,-0.0329,-0.0279,0.2516
-2.8179,-9.2012,-1.4724,0.008,-0.0285,0.2608
-2.9113,-9.1868,-1.3215,0.041,-0.0328,0.3066
-2.794,-8.9546,-1.2593,0.0562,-0.0279,0.3775
-3.1292,-8.9234,-1.8411,0.1277,0.0197,0.4593
-3.4165,-8.538,-2.0949,0.1613,0.0386,0.4893
-3.371,-8.5021,-2.0207,0.1436,0.038,0.543
-3.3973,-8.6218,-2.1691,0.1136,0.0502,0.6078
-3.5817,-9.206,-2.6288,0.0996,0.0704,0.6652
-3.359,-10.4485,-2.952,0.041,0.0704,0.7721
-3.2537,-10.6281,-2.8921,-0.02,0.0655,0.8894
-2.466,-11.0208,-2.4588,-0.1141,0.1113,1.0207
-2.0614,-11.399,-1.5729,-0.2277,0.0655,1.1301
-1.64,-11.5092,-1.4173,-0.3041,-0.0542,1.1979
-1.64,-11.5092,-1.4173,-0.2424,-0.166,1.226
-1.5658,-10.9058,-1.1707,-0.2424,-0.166,1.226
-1.5658,-10.9058,-1.1707,-0.2094,-0.3065,1.1551
-1.2569,-9.2826,-0.3519,-0.2094,-0.3065,1.1551
-1.2832,-8.854,-0.3208,-0.1446,-0.3181,1.094
-1.8842,-8.6409,-0.7493,-0.0817,-0.2832,0.9944
-2.5737,-8.6577,-1.0606,0,-0.2014,0.7757
-4.3502,-9.0336,-2.7365,0.0367,-0.0597,0.6646
-4.9012,-9.2778,-3.6583,0.0758,0.1217,0.6047
-4.9227,-9.5986,-3.0861,0.0519,0.3575,0.6615
-4.3957,-9.4933,-2.5953,-0.0603,0.6531,0.7977
-2.8083,-8.8085,-1.1372,-0.1263,0.7417,0.9376
-2.5761,-8.6409,-1.0271,-0.1935,0.3593,1.0812
-2.2146,-7.8077,-1.2617,-0.2118,-0.2325,1.1032
-1.8794,-7.3744,-1.4556,-0.2351,-0.7915,1.0793
-1.9129,-6.7112,-0.9696,-0.2809,-1.0352,1.0476
-1.9297,-6.7112,-0.7445,-0.3163,-0.877,0.9902
-2.3391,-7.0416,-0.9361,-0.185,-0.0804,0.882
-2.5282,-7.3169,-1.8746,0.0312,0.3562,0.7776
-3.3039,-7.2738,-4.0462,0.2187,0.5737,0.6615
-3.268,-7.2236,-3.8929,0.322,0.5902,0.5357
-3.2273,-6.7256,-3.9001,0.2004,0.5768,0.4318
-2.8419,-6.4454,-3.9983,-0.0011,0.3324,0.3475
-2.6001,-6.5149,-2.9017,-0.392,-0.4995,0.2968
-2.114,-6.4933,-1.8722,-0.5142,-0.8294,0.2748
-1.5442,-6.8692,-2.2625,-0.4318,-0.8636,0.2504
-1.379,-8.1094,-2.7892,-0.2955,-0.8752,0.1533
-2.272,-9.1916,-2.1571,-0.3499,-1.0939,-0.0238
-2.205,-9.3305,-1.6448,-0.5093,-1.2777,-0.2474
-2.5641,-9.3807,-1.3646,-0.6077,-1.1183,-0.4691
-3.0526,-9.4095,-1.6711,-0.5686,-0.9534,-0.5699
-3.6343,-8.4254,-2.2697,-0.5552,-0.7939,-0.5833
-3.7588,-8.368,-2.4061,-0.5771,-0.5477,-0.5619
-3.7397,-8.1764,-1.5394,-0.6187,-0.2955,-0.5375
-3.1962,-7.9897,-0.8595,-0.7109,0.1504,-0.4557
-3.1962,-7.9897,-0.8595,-0.604,0.0771,-0.4691
-2.2577,-7.8006,0.0718,-0.604,0.0771,-0.4691
-1.7142,-8.0687,-0.3711,-0.4776,-0.1861,-0.4581
-1.5011,-8.3584,-1.2066,-0.3377,-0.4408,-0.4581
-1.4101,-8.696,-1.6424,-0.2497,-0.5343,-0.5198
-1.4844,-8.6888,-1.7764,-0.2326,-0.3364,-0.6823
-1.9488,-9.103,-3.213,-0.2302,-0.147,-0.791
-2.4851,-9.6561,-2.8107,-0.257,0.0306,-0.9065
-3.2058,-9.7949,-1.8746,-0.3481,0.2964,-1.0323
-3.2034,-9.9075,-1.5059,-0.3896,0.3721,-1.1111
-3.3997,-9.8596,-2.4756,-0.3255,0.2243,-1.1246
-3.8426,-9.6393,-2.3247,-0.268,0.049,-1.1288
-3.5577,-9.7303,-2.2601,-0.2906,0.0465,-1.1191
-3.438,-9.6609,-2.3511,-0.2888,0.0319,-1.0824
-3.45,-9.613,-3.1651,-0.2949,0.027,-1.0696
-3.268,-9.443,-2.7964,-0.3279,0.1052,-1.061
-2.7102,-8.9905,-3.1411,-0.4263,0.5041,-0.9786
-2.5306,-8.9306,-3.1938,-0.4489,0.7026,-0.9016
-2.2984,-8.6098,-2.3654,-0.4861,0.8407,-0.8497
-2.2984,-8.6098,-2.3654,-0.4678,1.0227,-0.8307
-1.3072,-8.5906,-1.7429,-0.4678,1.0227,-0.8307
-1.3072,-8.5906,-1.7429,-0.0506,0.6623,-0.9395
-1.1444,-8.8133,-3.2728,-0.0506,0.6623,-0.9395
-1.4389,-9.0527,-3.3518,0.0129,0.5731,-1.094
-1.4389,-9.0527,-3.3518,-0.0536,0.7918,-1.3194
-2.0757,-9.2323,-3.2585,-0.0701,0.9201,-1.353
-2.2122,-9.1126,-3.5266,-0.0701,0.9201,-1.353
-2.4157,-8.9833,-3.1124,-0.1019,1.0709,-1.3555
-2.0039,-8.6577,-3.6655,-0.1098,1.1601,-1.3182
-2.229,-8.3776,-3.6846,-0.0732,1.245,-1.2986
