bicicleta
-2.4516,-9.7686,-0.7541,-0.447,0.3746,0.7843
-2.5043,-10.099,-0.7972,-0.4592,0.4631,0.8075
-2.6168,-10.1924,-1.1444,-0.4403,0.523,0.8173
-2.6168,-10.1924,-1.1444,-0.4739,0.501,0.7086
-3.1196,-10.1349,-1.2617,-0.4739,0.501,0.7086
-3.4883,-9.7877,-1.2401,-0.5258,0.4607,0.6682
-3.4883,-9.7877,-1.2401,-0.5643,0.3953,0.6359
-3.9959,-9.364,-1.4891,-0.5643,0.3953,0.6359
-4.3047,-9.0982,-1.7142,-0.5863,0.3966,0.6548
-4.3813,-9.2706,-2.2529,-0.6144,0.446,0.7061
-4.3813,-9.2706,-2.2529,-0.7311,0.771,1.0378
-4.1156,-10.0248,-2.2816,-0.7311,0.771,1.0378
-3.8043,-10.7215,-1.9919,-0.816,0.8681,1.1001
-3.5865,-11.502,-1.1659,-0.9211,0.7783,1.0995
-3.6679,-11.5092,-1.1348,-0.998,0.5346,1.0641
-4.0653,-11.3943,-1.0103,-1.0414,0.038,0.9541
-4.3909,-11.2147,-0.8547,-1.042,-0.2191,0.8906
-3.8905,-10.1205,-0.2322,-0.9938,-0.2301,0.8796
-3.8905,-10.1205,-0.2322,-0.893,-0.0572,0.9553
-3.4045,-9.7973,-0.1436,-0.7476,0.1046,1.0916
-3.5458,-9.5124,0.1029,-0.6309,0.0838,1.1765
-4.2114,-9.2467,-0.5841,-0.5515,-0.1684,1.1221
-4.4843,-9.0862,-1.4987,-0.3603,-0.5581,1.0769
-4.4651,-8.8372,-1.8962,-0.2076,-0.5172,1.1374
-4.5346,-8.5499,-2.1787,-0.1147,-0.3266,1.1942
-4.5178,-8.3895,-3.0502,-0.0677,-0.2215,1.1801
-4.6136,-8.3584,-3.438,-0.0469,-0.2215,1.1465
-4.2233,-8.2028,-3.7205,-0.0726,-0.238,1.127
-3.5841,-8.1788,-3.2824,-0.2363,-0.2533,1.1313
-2.6791,-8.1094,-1.7764,-0.3749,-0.2093,1.0983
-2.7461,-8.1741,-1.5753,-0.48,-0.2747,0.9657
-2.2792,-8.3728,-1.2593,-0.5197,-0.4237,0.7861
-2.375,-8.4566,-1.6879,-0.4641,-0.4891,0.7049
-4.2233,-8.1956,-2.4181,-0.3145,-0.1824,0.6072
-4.2233,-8.1956,-2.4181,-0.1972,0.2945,0.2919
-5.3393,-7.5731,-2.3319,-0.1972,0.2945,0.2919
-6.139,-7.5635,-2.5378,-0.1642,0.2225,0.1655
-2.8107,-7.9203,-0.9576,-0.1245,-0.0053,0.1075
-2.8107,-7.9203,-0.9576,-0.1153,-0.1574,0.2296
-1.7956,-7.4486,-0.0885,-0.1104,-0.2295,0.4923
-2.2744,-6.8525,0.079,-0.0573,-0.2875,0.3732
-2.6934,-6.874,-1.6879,0.0416,-0.2832,0.1747
-2.0374,-6.6202,-3.3877,0.1949,-0.0676,0.0836
-1.8195,-5.8948,-3.2154,0.2713,0.2683,0.083
-1.4006,-5.6721,-2.94,0.179,0.5016,0.0122
-1.5322,-5.3273,-1.6783,0.0141,0.4326,-0.1398
-2.5474,-5.7439,-0.7398,-0.0249,0.4082,-0.1948
-4.2928,-6.7423,-2.0207,0.0275,0.2909,-0.3457
-3.0358,-7.5252,-1.8148,0.1424,0.2066,-0.518
-3.4356,-7.7144,-2.3295,0.2212,0.377,-0.4893
-3.7493,-7.7287,-2.205,0.3348,0.5187,-0.5552
-5.2459,-7.9298,-2.6168,0.3329,0.4992,-0.6969
-5.4399,-8.1717,-2.9424,0.3207,0.432,-0.8087
-3.8115,-8.8349,-1.6304,0.3458,0.6152,-0.7672
-3.8115,-8.8851,-1.6208,0.4001,0.7985,-0.7122
-3.3614,-9.0815,-1.8674,0.4563,0.6342,-0.7513
-2.7796,-8.9737,-2.5474,0.5339,0.1492,-0.8185
-1.9632,-8.1022,-1.9919,0.5645,0.0868,-0.7562
-1.98,-8.0615,-2.0494,0.6036,0.1937,-0.7354
-2.6575,-7.5875,-1.956,0.6646,0.2047,-0.8368
-3.8474,-7.621,-2.9161,0.6891,0.2035,-1.0354
-4.355,-8.1453,-2.9376,0.7715,0.322,-1.2528
-3.4955,-8.7175,-2.7054,0.7905,0.4686,-1.2736
-3.0813,-9.1868,-2.9735,0.8045,0.3996,-1.2571
-2.7653,-9.7231,-3.3446,0.8045,0.1455,-1.2736
-2.3798,-10.4318,-3.3087,0.7404,0.0129,-1.2565
-2.2409,-10.5204,-3.2537,0.6469,0.1351,-1.2449
-2.3439,-10.3815,-1.707,0.4631,0.2842,-1.3206
-2.6503,-10.5563,-0.8547,0.3568,0.2671,-1.4495
-3.4979,-11.095,-1.2018,0.3965,0.2383,-1.5607
-3.5649,-11.1812,-1.3239,0.4881,0.2359,-1.6297
-3.7493,-11.2291,-1.118,0.562,0.1699,-1.6713
-3.6679,-10.8987,-0.9792,0.5975,0.0306,-1.6664
-2.4875,-9.5172,-0.0311,0.6683,-0.0707,-1.4764
-2.3032,-9.3592,-0.0598,0.7105,-0.1305,-1.2724
-1.798,-8.9785,-0.5985,0.7807,-0.1165,-1.1001
-1.3694,-9.0072,-0.7206,0.8613,-0.0328,-0.9969
-1.6735,-10.4342,-1.4915,0.9157,0.1369,-0.959
-1.7142,-10.5323,-1.4867,0.9915,0.2591,-1.0366
-2.1811,-11.1644,-1.9153,0.9939,0.1876,-1.1215
-2.7964,-11.2745,-2.5139,0.9762,-0.0719,-1.1832
-2.4875,-10.8699,-1.9057,0.8992,-0.4146,-1.1801
-1.8866,-10.6425,-1.7022,0.7722,-0.607,-1.0696
-1.3982,-10.6688,-1.3455,0.6763,-0.6278,-0.9352
-1.4293,-11.3081,-0.9289,0.6451,-0.2344,-0.9071
-2.3798,-12.2466,-1.6807,0.7349,0.0972,-1.0091
-2.9975,-12.1891,-2.2984,0.8888,0.2518,-1.1826
-3.6128,-11.6911,-2.7006,0.9566,0.03,-1.3261
-3.6727,-11.15,-2.6982,0.8913,-0.3657,-1.2999
-3.4524,-10.2187,-2.2026,0.6543,-0.7316,-1.0543
-3.4907,-10.0942,-2.1859,0.4844,-0.6589,-0.9358
-3.5434,-9.4023,-1.9823,0.3824,-0.5123,-0.8796
-3.1387,-9.1461,-1.5825,0.3134,-0.395,-0.8295
-2.5689,-10.3408,-0.6751,0.2578,-0.2722,-0.7244
-2.5689,-10.3408,-0.6751,0.2389,-0.0419,-0.5705
-2.5833,-11.0615,-0.2633,0.2389,-0.0419,-0.5705
-2.9041,-10.9465,-1.0749,0.2841,-0.089,-0.5607
-1.7286,-10.6257,0,0.3048,-0.1922,-0.5076
-1.707,-10.6449,-0.0023,0.2548,-0.147,-0.3744
-1.7405,-10.5419,-0.067,0.2499,-0.1171,-0.2748
-1.8938,-10.1708,-0.0287,0.3073,0.027,-0.2773
-1.5418,-9.783,-0.3615,0.3403,-0.0346,-0.248
-1.7453,-9.5818,-0.6871,0.3684,-0.1568,-0.1765
-1.6543,-9.5435,-1.5275,0.3751,-0.2484,-0.1203
-1.4556,-9.6441,-1.7118,0.3421,-0.2289,-0.0287
-1.4389,-9.6369,-0.1651,0.2438,-0.1043,0.058
-1.5251,-9.4645,0.2992,0.0929,0.129,0.1722
-1.8794,-9.0048,-0.4453,0.1094,0.0759,0.262
-1.7884,-8.2315,-0.5985,0.1259,-0.1049,0.3524
-1.0079,-7.7718,-0.9121,0.0794,-0.2093,0.4807
-0.8882,-7.8796,-0.9409,0.0379,-0.2619,0.6029
-0.7469,-8.5356,-1.7286,0.0159,-0.1055,0.664
-1.7238,-9.6561,-1.8291,0.055,0.129,0.6114
-2.7365,-10.075,-0.6823,-0.0414,0.074,0.5577
-2.6934,-10.008,-0.5482,-0.1556,-0.1611,0.5167
-2.1523,-9.7901,-0.4692,-0.2161,-0.3413,0.5748
-1.6112,-9.7063,-0.1628,-0.2357,-0.3278,0.725
-0.4405,-10.8412,0.2992,-0.2253,-0.078,0.9352
-0.3687,-10.9657,0.3112,-0.1972,0.0471,0.9981
-0.7062,-12.2801,0.2729,-0.163,0.1485,0.9767
-1.6304,-13.0774,-0.1747,-0.1184,0.1974,0.8399
-2.715,-12.3136,-0.9504,-0.0756,0.2292,0.6805
-2.8778,-11.569,-0.6129,-0.0445,0.1626,0.5992
-2.5905,-10.7837,-0.055,-0.1056,-0.133,0.7232
-2.2385,-10.1828,-0.1221,-0.1147,-0.37,0.8191
-2.8826,-9.6106,-1.3048,-0.1001,-0.5282,0.8588
-3.0262,-9.3664,-1.4413,-0.1196,-0.5807,0.8839
-3.1268,-9.1293,-1.6567,-0.2051,-0.4353,0.945
-2.5067,-9.1126,-0.9217,-0.3365,-0.0707,1.0262
-1.7046,-9.091,-0.1221,-0.3719,-0.001,1.05
-1.968,-9.1868,-0.3663,-0.3688,-0.0786,1.0525
-2.9065,-9.4334,-1.3886,-0.3401,-0.191,1.0445
-1.9177,-9.522,-0.8619,-0.3499,-0.1434,1.0665
-2.636,-9.5148,-1.9871,-0.3982,0.0923,1.1148
-2.636,-9.5148,-1.9871,-0.4818,0.3123,0.799
-3.4787,-9.1629,-2.3151,-0.4818,0.3123,0.799
-3.6391,-8.7175,-1.8483,-0.6132,0.311,0.7721
-3.1866,-8.1908,-2.0446,-0.6969,0.3245,0.8466
-3.2369,-8.2004,-2.205,-0.7109,0.4008,0.9553
-2.9376,-8.277,-2.3511,-0.7292,0.421,1.017
-2.6024,-8.6505,-1.3766,-0.9027,0.5035,1.0268
-3.5865,-9.771,-1.4341,-1.0029,0.5065,0.9199
-4.0749,-10.3959,-1.8028,-1.0377,0.5193,0.7764
-4.762,-11.0208,-1.7022,-1.053,0.6122,0.6878
-4.2784,-11.3057,-0.7996,-1.0762,0.6275,0.6737
-5.0305,-11.1548,-1.5346,-1.0958,0.4802,0.7599
-4.786,-10.937,-1.5083,-1.1226,0.3568,0.7776
-4.9036,-10.6664,-1.4796,-1.2222,0.4228,0.8344
-5.1382,-10.743,-1.1204,-1.2925,0.4473,0.8655
-4.3598,-10.9441,-0.6057,-1.3181,0.457,0.9016
-4.4723,-10.9777,-0.7924,-1.2723,0.4625,0.9773
-4.7692,-11.2291,-1.7142,-1.111,0.1797,1.0989
-4.4077,-11.1955,-1.628,-1.0298,0.008,1.185
-4.8626,-11.095,-1.7022,-0.9956,-0.0645,1.2247
-5.1861,-11.0519,-1.9129,-0.9211,-0.1947,1.1136
-5.5404,-10.5108,-2.2409,-0.8954,-0.3455,0.9334
-5.5404,-10.5108,-2.2409,-0.9437,-0.3089,1.182
-2.0254,-7.5013,0.1268,-0.9437,-0.3089,1.182
-1.8866,-7.3145,0.2178,-0.9345,-0.2075,1.4074
-1.6759,-6.2874,0.2968,-0.8777,-0.2881,1.4251
-2.5617,-5.7392,-0.3088,-0.7683,-0.494,1.3072
-3.1435,-5.6147,-1.7405,-0.6242,-0.5502,1.1936
-3.4332,-5.0065,-1.695,-0.4366,-0.0578,1.2889
-2.308,-5.0855,-1.2258,-0.4195,0.2292,1.4037
-1.5322,-5.3154,-1.7381,-0.4654,0.2347,1.477
-0.6177,-4.985,-0.5865,-0.5112,0.0447,1.3994
-0.4764,-5.4375,-1.4796,-0.4941,0.173,1.2889
-2.4396,-6.1557,-1.8028,-0.3792,0.3116,1.1081
-3.1435,-6.4574,-0.7086,-0.2986,0.5566,0.5302
-2.9783,-8.0065,1.1803,-0.2943,0.5694,0.2015
-2.8993,-7.9801,1.1013,-0.1135,0.3929,-0.0232
-2.6575,-7.6808,-0.6679,0.146,0.308,-0.1576
-2.5258,-7.135,-1.944,0.322,0.4283,-0.2773
-4.6112,-5.9044,-1.9847,0.4356,0.8443,-0.5332
-4.7189,-5.8828,-2.0949,0.5064,0.7906,-0.8093
-5.4902,-6.4526,-2.1835,0.5975,0.3465,-0.9388
-5.5117,-7.0655,-4.6399,0.6775,0.3611,-0.9034
-5.4111,-7.0153,-3.043,0.7618,0.6592,-0.7684
-5.3992,-7.032,-2.9831,0.6903,1.162,-0.7483
-4.4987,-7.2882,-3.2489,0.5437,1.0929,-0.8472
-4.0078,-7.5156,-2.3104,0.5052,0.7344,-0.9065
-3.1747,-8.1788,-2.1906,0.4227,0.3959,-0.9413
-2.6264,-8.0903,-1.8722,0.4154,0.2524,-0.9279
-3.6176,-8.0783,-2.6144,0.4411,0.4894,-0.9755
-2.8778,-8.04,-3.3303,0.4948,0.7234,-1.1441
-3.7277,-7.0344,-1.3575,0.4533,1.0245,-1.2186
-3.8115,-6.9506,-1.5514,0.4777,0.8675,-1.339
-3.7181,-6.886,-1.9488,0.5559,0.5371,-1.3994
-3.7062,-6.7399,-1.7645,0.6402,0.5456,-1.4587
-3.1818,-6.9961,-2.9999,0.7526,0.7111,-1.4789
-3.043,-7.0847,-3.1747,0.8607,0.7264,-1.4587
-3.098,-7.518,-3.4859,0.7984,0.6519,-1.4825
-3.0837,-8.3105,-3.0382,0.6872,0.5633,-1.4899
-2.8467,-10.2043,-1.7812,0.5791,0.4607,-1.4795
-3.0789,-10.4318,-1.3503,0.5608,0.4228,-1.4483
-3.2465,-11.8587,-1.3982,0.5718,0.5426,-1.4269
-3.2609,-12.8284,-3.0693,0.7508,0.658,-1.4404
-3.6248,-13.7693,-2.7772,0.8558,0.6513,-1.5198
-3.6248,-13.7693,-2.7772,0.8082,0.746,-1.5711
-3.9264,-13.0343,-2.8754,0.7221,0.6018,-1.6035
-3.7948,-11.6456,-2.2218,0.6445,0.1931,-1.5778
-3.5793,-10.0559,-1.7717,0.4185,-0.2698,-1.4868
-3.8283,-9.4669,-2.1571,0.3293,-0.4207,-1.4672
-3.6774,-8.4997,-2.2146,0.2419,-0.4634,-1.4453
-3.541,-7.4079,-1.8531,0.1735,-0.3321,-1.3469
-2.9041,-7.633,-1.8004,0.1534,-0.1024,-1.1533
-2.9759,-8.0735,-2.3654,0.2004,0.2585,-0.9156
-2.047,-8.7654,-0.6153,0.3183,0.8761,-0.7715
-1.9704,-9.3831,-0.2346,0.3763,0.9818,-0.7984
-2.5929,-10.4366,0.5003,0.5223,0.5584,-0.901
-2.6312,-10.6185,0.4405,0.6512,0.0001,-0.9419
-2.1428,-11.3248,0.4932,0.7807,-0.5563,-0.8985
-1.4987,-11.7941,0.972,0.9786,-0.8605,-0.7715
-1.8746,-12.5985,-2.3511,1.132,-0.684,-0.7385
-2.0733,-12.7111,-2.7892,1.3635,-0.7121,-0.7629
-2.5689,-13.0582,-4.106,1.46,-0.5655,-0.7953
-2.9544,-12.917,-4.6351,1.3262,-0.1873,-0.7648
-2.8203,-10.9801,-3.8666,1.0898,0.0612,-0.6847
-2.8012,-10.8364,-3.8379,0.6799,0.1705,-0.507
-2.5163,-9.6249,-3.2297,0.438,0.008,-0.3817
-2.0518,-8.5475,-2.5378,0.2053,-0.1317,-0.2522
-1.3694,-8.1525,-1.6472,0.0544,-0.1702,-0.1313
-0.2657,-8.7104,-0.9935,-0.0353,-0.1067,-0.0384
-0.1364,-9.3783,-0.2537,-0.0701,-0.0224,-0.0171
-1.2689,-10.0152,-1.1851,0.0422,-0.0316,-0.2797
-0.8595,-10.7933,0.043,0.0935,-0.07,-0.3799
-0.9888,-10.8603,-0.2777,0.1033,0.0117,-0.3634
-1.3263,-10.7167,-1.1252,0.1515,-0.0554,-0.3903
-1.9201,-9.9075,-0.2202,0.1582,-0.0633,-0.4361
-3.2058,-8.6649,-0.9385,0.0917,0.0245,-0.4734
-3.3135,-8.538,-0.972,0.1405,-0.147,-0.4349
-3.7876,-8.107,-1.0223,0.1472,-0.2722,-0.3384
-2.9209,-8.1118,-0.9911,0.1277,-0.1684,-0.1765
-2.6431,-8.6122,-1.4221,0.1314,0.1571,0.0439
-2.7724,-8.6864,-1.5945,0.1472,0.352,0.1637
-1.8148,-9.2634,-1.5634,0.1466,0.57,0.2553
-0.7972,-9.7111,-1.4724,0.1069,0.691,0.3921
-0.2346,-10.7071,-1.9129,0.0574,0.6415,0.4349
-0.2106,-10.7358,-1.8459,-0.0176,0.4222,0.3921
-0.565,-10.9657,-1.2042,-0.1263,0.1711,0.3506
-0.6464,-11.0399,-0.8259,-0.2503,0.1351,0.3127
-0.3088,-11.1716,-0.2035,-0.2289,0.3489,0.372
-0.158,-11.4924,-0.1651,-0.2015,0.6189,0.4434
-0.4165,-11.6433,0.7805,-0.1886,0.735,0.4514
-1.956,-10.7191,0.4453,-0.2155,0.6623,0.3139
-3.0047,-9.2538,0.8307,-0.2051,0.3239,0.1099
-2.557,-9.0288,0.3423,-0.1831,-0.092,0.2009
-2.2002,-9.4358,-0.7565,-0.0793,-0.0499,0.3921
-2.3343,-10.0128,-1.4939,0.0287,0.1327,0.4923
-2.7653,-10.5012,-1.0749,0.0788,0.424,0.4734
-2.6695,-10.4749,-1.233,0.041,0.6116,0.4037
-2.6695,-10.4749,-1.233,-0.086,0.0716,0.4587
-2.7509,-10.032,-2.363,-0.086,0.0716,0.4587
-1.1779,-10.0008,-0.5626,-0.1422,-0.0542,0.5693
-1.1779,-9.996,-0.5626,-0.2479,0.1907,0.6853
-2.0709,-9.7854,-0.5434,-0.2552,0.2292,0.6126
-2.4396,-9.3592,-0.3088,-0.2845,0.2481,0.4844
-2.6288,-8.6074,-0.972,-0.3242,0.1858,0.507
-2.6288,-8.6074,-0.972,-0.2955,0.1211,0.5864
-3.1268,-9.0551,-2.205,-0.2247,0.0258,0.6554
-2.3702,-8.8708,-0.711,-0.268,0.027,0.755
-2.8993,-9.0048,-1.0845,-0.3585,0.1003,0.7977
-2.7892,-9.3161,-1.1013,-0.3499,0.1608,0.7721
-2.0638,-9.8021,-0.7685,-0.3407,0.322,0.9126
-2.1906,-10.2187,-1.221,-0.3487,0.2616,1.0024
-1.64,-10.6521,-0.6009,-0.3914,0.1968,1.0451
-1.6041,-10.8723,-0.6631,-0.4635,0.2707,1.1044
-1.5514,-11.2386,-0.6464,-0.48,0.2872,1.1294
-1.5346,-11.2267,-0.802,-0.4751,0.2078,1.0464
-2.1691,-10.4198,-1.1683,-0.4647,0.0966,0.9327
-2.1739,-10.2833,-1.1444,-0.466,-0.0242,0.81
-2.2888,-9.6393,-1.2138,-0.4623,-0.1269,0.7483
-3.0741,-9.364,-2.047,-0.4501,-0.2063,0.7281
-5.1047,-8.672,-4.0222,-0.4226,-0.2478,0.6945
-5.2747,-8.5739,-4.1347,-0.4941,-0.0071,0.7507
-5.3585,-8.3943,-4.1299,-0.6187,0.3208,0.8827
-5.2268,-8.7008,-4.0988,-0.7097,0.6788,1.0042
-6.2659,-10.0343,-4.5801,-0.7738,1.0386,1.0311
-6.2731,-10.1349,-4.6136,-0.882,1.2188,0.9859
-6.297,-11.0758,-4.6232,-1.144,1.2414,0.9847
-4.7477,-11.5307,-2.1499,-1.615,0.8859,1.163
-4.7477,-11.5307,-2.1499,-1.8551,-0.0853,1.2522
-3.9217,-12.1508,-1.2138,-1.8551,-0.0853,1.2522
-4.0581,-12.4716,-0.7134,-1.8031,-0.4274,1.1618
-5.1382,-12.1819,-1.154,-1.7555,-0.2289,1.091
-5.2795,-11.2889,-0.565,-1.5448,0.5487,1.0036
-5.2172,-10.8747,-0.9074,-1.3994,0.8975,1.0616
-4.7572,-10.1972,-0.1173,-1.2705,0.8547,1.1514
-4.5801,-9.9482,-0.1532,-1.2002,0.4802,1.2577
-4.4819,-9.1246,-0.7829,-1.0952,-0.0853,1.2932
-4.4675,-9.0575,-1.0342,-0.9944,-0.5648,1.2504
-4.7884,-8.6864,-1.7764,-0.7885,-0.538,1.2174
-4.695,-8.4231,-1.403,-0.6394,-0.2386,1.2767
-4.1874,-8.7702,-1.7118,-0.5454,0.0062,1.3426
-4.3909,-8.7965,-2.0661,-0.455,-0.0994,1.342
-4.8554,-8.8253,-3.3518,-0.3407,-0.2814,1.3213
-3.3542,-8.1908,-2.7126,-0.3462,-0.2148,1.3652
-0.7805,-6.7112,0.1125,-0.3884,-0.1324,1.4373
-0.9002,-6.6657,-0.1005,-0.3658,-0.0835,1.4031
-2.7676,-5.9355,-1.1372,-0.1611,-0.2228,1.287
-3.9624,-6.376,-3.1866,0.0556,-0.2356,1.0183
-3.5649,-5.878,-5.1621,0.2242,-0.1519,0.8509
-1.8004,-5.2819,-3.3255,0.1955,0.0649,0.8405
-1.2976,-4.9155,-1.5849,0.0226,0.151,0.8637
-0.881,-4.446,-1.2737,-0.0854,0.1369,0.7531
-2.3918,-4.7453,-1.4053,-0.072,-0.0181,0.5736
-1.8028,-4.6806,-0.7469,-0.0298,0.0478,0.3671
-3.0933,-5.368,-3.529,0.1112,0.4607,0.1105
-2.0973,-6.0097,-3.4668,0.2071,0.5896,-0.0403
-2.4995,-5.7344,-1.5131,0.1631,0.7961,-0.0977
-3.0382,-5.6266,-0.656,0.0978,0.7515,-0.2193
-3.5625,-6.0336,0.1412,0.0122,0.5389,-0.4667
-3.7708,-6.4718,-0.3591,0.1063,0.2976,-0.6475
-3.7708,-6.4718,-0.3591,0.628,0.8541,-0.7434
-2.4851,-6.6513,-5.1023,0.628,0.8541,-0.7434
-2.1499,-6.8668,-4.7141,0.5975,0.9921,-0.7751
-4.1419,-6.2826,-3.9719,0.4044,1.2053,-0.9401
-3.7995,-7.2307,-0.3136,0.2548,0.9964,-1.1881
-3.7995,-7.2307,-0.3136,0.1607,0.5175,-1.2443
-2.2505,-7.0679,0.0598,0.3812,0.713,-1.0971
-2.3271,-7.1062,-0.9409,0.6854,0.8749,-1.141
-3.0741,-6.6585,-1.8387,0.9169,0.8901,-1.3994
-2.5019,-6.2994,-1.4149,1.0055,0.793,-1.5931
-1.956,-5.9642,-1.8914,1.0464,0.5994,-1.5888
-2.059,-6.3616,-4.6974,1.2144,0.3898,-1.5888
-3.4141,-6.637,-2.4612,1.1509,0.7111,-1.7971
-4.2544,-7.0751,-2.8802,0.9695,0.9928,-2.1319
-2.7174,-7.9275,-2.8107,0.9145,0.7918,-2.2418
-0.5674,-9.3831,-3.8331,0.9408,0.972,-1.8723
-2.4492,-12.0024,-3.0502,0.9829,1.143,-1.5644
-3.2537,-12.6464,-2.5761,0.9279,1.2841,-2.0274
-4.9993,-14.9188,-2.442,0.9658,1.0948,-2.4569
-5.5859,-15.6562,-3.0693,1.0929,0.5743,-2.6047
-3.098,-15.2157,-2.3918,1.1417,0.1064,-2.3976
-2.7293,-14.8302,-1.968,1.0489,0.071,-1.9834
-2.0087,-12,0.2513,0.6463,-0.0578,-1.5656
-1.8171,-9.2347,0.9959,0.4734,-0.4604,-1.4892
-0.2896,-7.3169,1.482,0.5492,-0.5374,-1.4618
-0.2394,-7.3983,1.5298,0.7642,-0.1934,-1.4288
-0.8403,-8.3704,0.7134,1.0697,0.2475,-1.4978
-3.1771,-10.2139,-3.4644,1.4649,0.5572,-1.7385
-4.9036,-12.9026,-6.2659,2.0385,0.9085,-2.1142
-6.1007,-14.2984,-8.2267,2.1692,1.4595,-2.2113
-8.0328,-15.7041,-11.3799,2.0867,1.5126,-2.1966
-7.6162,-15.4767,-9.9146,1.6286,1.0343,-1.9236
-5.5093,-13.0894,-3.9073,0.8772,0.5389,-1.3866
-4.0318,-12.3064,-2.7676,0.1839,-0.403,-0.8588
-2.1883,-11.8515,-0.0263,-0.3591,-1.7933,-0.3042
-1.7549,-11.5164,2.1404,-0.4818,-1.4579,-0.1887
-2.229,-10.6784,0.0071,-0.243,-0.5606,-0.1197
-2.2146,-10.5587,-0.1771,0.2303,0.3642,-0.0256
-2.3247,-9.7877,-1.3263,0.5816,0.983,0.0476
-1.98,-9.2395,-1.1468,0.7037,0.4766,0.1698
-2.6839,-9.3831,-4.0629,0.6225,-0.1006,0.2571
-2.6048,-9.4406,-3.96,0.5858,-0.5679,0.2962
-2.5402,-10.0679,-3.6272,0.4667,-0.5545,0.361
-2.8921,-10.1636,-3.0119,0.3317,-0.2515,0.4593
-3.3063,-9.9506,-1.5562,0.1863,-0.0236,0.5406
-3.2441,-9.8859,-1.6136,-0.0555,-0.3132,0.6951
-2.6767,-9.4023,-2.114,-0.1648,-0.5856,0.8283
-2.2433,-8.842,-0.9457,-0.2375,-0.5807,0.8985
-1.8698,-8.7846,-1.0558,-0.2937,-0.2997,0.9822
-1.7956,-9.5699,-0.905,-0.2369,-0.1488,1.1313
-1.6376,-10.3839,-1.4245,-0.1868,0.0337,1.2589
-1.5993,-10.9418,-1.4125,-0.1453,0.2377,1.3384
-1.5634,-12.0503,-2.3582,-0.1074,0.228,1.4104
-1.3479,-12.7182,-2.5929,-0.0744,0.0911,1.5406
-1.3575,-13.4126,-2.7293,-0.1074,-0.0041,1.6694
-2.0231,-13.8028,-2.612,-0.1355,-0.0291,1.7507
-2.8634,-12.9074,-1.7334,-0.2558,-0.3028,1.7788
-2.8634,-12.9074,-1.7334,-0.5845,-0.6186,1.7165
-2.8299,-12.7589,-1.5658,-0.6706,-0.5343,1.7684
-2.0207,-11.1955,-1.0678,-0.6706,-0.5343,1.7684
-1.5729,-10.3193,-0.723,-0.6541,-0.4195,1.7544
-1.5849,-10.3001,-0.7158,-0.5912,-0.2826,1.6291
-2.2697,-10.281,-0.8523,-0.4666,-0.0474,1.2296
-3.6798,-10.6568,-1.13,-0.392,-0.0328,0.912
-5.0089,-10.5156,-1.1109,-0.3468,-0.0957,0.7342
-5.0089,-10.5156,-1.1109,-0.3823,-0.2961,0.8772
-4.0031,-9.8356,-0.1149,-0.3823,-0.2961,0.8772
-4.1323,-9.0024,-0.7086,-0.4403,-0.3046,1.1472
-3.7062,-8.4494,-0.6009,-0.3994,-0.3926,1.2956
-3.6272,-8.0974,-0.893,-0.342,-0.2246,1.4752
-2.703,-8.4853,-2.703,-0.232,0.1101,1.6358
-2.5163,-8.5068,-1.5729,-0.1526,0.4943,1.7782
-1.3048,-9.2969,-1.3096,-0.1666,0.9188,1.8619
-1.3048,-9.2969,-1.3096,-0.1605,0.3275,1.7043
-1.4341,-9.3712,-2.7748,-0.1605,0.3275,1.7043
-2.7461,-8.7271,-4.7907,-0.2424,0.2121,1.5008
-2.3582,-7.3744,-2.4636,-0.4299,0.4418,1.3695
-2.5306,-7.2786,-2.3295,-0.7011,0.8352,1.3872
-3.055,-7.3074,-1.7549,-0.863,1.0697,1.2956
-2.7413,-7.4726,-1.3455,-0.8203,0.9292,1.1508
-5.7679,-7.9251,-4.6567,-0.6785,0.6427,0.9737
-5.7679,-7.9251,-4.6567,-0.5545,-0.0438,0.769
-6.5101,-8.6481,-5.7822,-0.5545,-0.0438,0.769
-6.3233,-9.5531,-4.7979,-0.7048,0.0044,0.8698
-4.3095,-10.0846,-1.5753,-1.0512,-0.1733,1.0097
-4.3095,-10.0846,-1.5753,-1.1416,-0.4842,1.0005
-3.5697,-10.4725,-1.5466,-1.0805,-0.7762,0.9462
-3.8522,-9.7806,-0.6416,-0.9913,-0.8355,0.8472
-4.0438,-8.7223,-0.6919,-0.9547,-0.7133,0.7422
-3.517,-7.7407,0.2873,-0.8569,-0.571,0.6591
-3.9073,-6.9195,-0.4046,-0.6529,-0.4683,0.5681
-4.2018,-6.3473,-0.1867,-0.4635,-0.3174,0.4587
-5.6218,-6.0672,-3.0693,-0.3071,-0.0584,0.3378
-4.8988,-6.6466,-2.8179,-0.1373,0.03,0.3414
-5.1382,-7.1637,-3.1459,-0.1214,0.2915,0.5283
-4.5537,-7.0943,-2.3654,-0.2076,0.3404,0.5351
-4.8578,-7.2236,-3.5146,-0.3346,0.2499,0.5015
-4.2497,-7.3624,-4.0054,-0.3084,-0.0047,0.4056
-4.2712,-7.4031,-2.2792,-0.2748,0.0423,0.3268
-2.4612,-7.3983,-0.6129,-0.3401,0.1125,0.3036
-4.1683,-6.8525,-1.695,-0.2705,0.151,0.3921
-4.6471,-6.6896,-1.98,-0.0744,0.2518,0.1117
-5.2962,-6.0983,-1.6304,-0.0176,0.2683,-0.0952
-3.7349,-5.9403,-2.5689,0.0373,0.333,-0.1172
-1.1755,-5.6458,-3.5913,0.1833,0.2915,0.0452
-1.4053,-5.5356,-3.5649,0.2328,0.3391,0.2058
-2.6623,-4.8722,-2.1691,0.1253,0.5835,-0.0916
-5.0305,-5.4949,-3.1172,0.1411,0.5615,-0.2803
-5.5644,-6.5053,-3.2058,0.2505,0.5493,-0.4911
-3.4476,-6.9602,-3.3135,0.2694,0.7466,-0.5308
-2.0422,-7.4247,-1.7501,0.2841,0.7631,-0.4098
-1.628,-7.3552,-2.8802,0.2566,0.6934,-0.2779
-3.6511,-6.3018,-2.6216,0.2413,0.7173,-0.5082
-3.5027,-6.4311,-3.1292,0.2059,0.8352,-0.6786
-4.865,-6.6082,-3.0478,0.2767,0.7826,-0.7257
-5.2795,-6.8165,-4.8674,0.3299,0.9372,-0.8417
-4.4556,-8.3249,-2.6839,0.4081,1.118,-0.8839
-4.3119,-8.5236,-2.7317,0.3482,1.173,-0.78
-3.6224,-8.7127,-2.4684,0.3048,0.8181,-0.7904
-4.1395,-9.2419,-5.6386,0.3238,0.7221,-0.9303
-3.201,-8.6433,-1.4796,0.3549,0.7258,-0.9883
-3.2106,-8.6625,-1.6328,0.2383,1.0337,-0.9498
-3.28,-8.7582,-2.6551,0.3311,0.8462,-0.9761
-4.0174,-8.7558,-1.8962,0.4429,0.5407,-1.1844
-3.711,-8.3488,-1.3934,0.4661,0.4912,-1.3017
-3.5841,-8.3584,-1.6065,0.6494,0.4411,-1.339
-3.1866,-8.5356,-3.0909,0.9108,0.4021,-1.2852
-2.4684,-8.0783,-3.3901,1.0599,0.4686,-1.2009
-1.8028,-7.7359,-2.0326,1.1014,0.6232,-1.1374
-2.7892,-7.8748,-2.6336,1.1039,0.6513,-1.2803
-2.9017,-8.5045,-3.5553,1.1283,0.4094,-1.5161
-3.462,-9.0743,-2.6671,1.1087,0.366,-1.6786
-3.2441,-10.4869,-3.1627,1.0532,0.2188,-1.7403
-2.9544,-11.0639,-4.7572,1.1497,0.1919,-1.6084
-2.1404,-11.8324,-4.0102,1.2279,0.432,-1.3597
-2.1404,-11.8324,-4.0102,0.832,0.2017,-1.5558
-3.7876,-11.9497,-1.0079,0.832,0.2017,-1.5558
-3.8211,-11.8037,-1.4149,0.7783,-0.2105,-1.5821
-3.0837,-11.2913,-3.0071,0.8149,-0.5697,-1.4734
-1.379,-10.9825,-0.7374,0.8277,-0.5392,-1.2034
-1.2258,-11.3799,-1.2521,0.7807,0.129,-0.8991
-1.2785,-11.5044,-1.2449,0.9469,0.3801,-1.0274
-2.0661,-11.8563,-0.5746,1.0892,0.457,-1.2693
-3.0861,-12.4453,-2.4947,1.1643,0.2897,-1.4294
-3.043,-12.7829,-5.9067,1.2731,0.0038,-1.3994
-3.043,-12.7829,-5.9067,1.256,0.0025,-1.0787
-2.8012,-13.1396,-4.6016,1.1032,0.3006,-0.8784
-2.3175,-12.9601,-3.5051,0.9072,0.4955,-0.8161
-3.0119,-10.9585,-3.1292,0.7092,0.2805,-0.8741
-2.7581,-10.3001,-3.8259,0.5119,-0.2069,-0.882
-1.786,-9.9434,-3.3231,0.3403,-0.5838,-0.689
-0.9816,-9.9098,-0.4572,0.0214,-0.1159,-0.4667
-2.3223,-9.2203,0.067,-0.0029,0.3061,-0.5418
-2.3223,-9.2203,0.067,0.3397,0.2353,-0.777
-2.5234,-8.7774,1.0534,0.3397,0.2353,-0.777
-2.5354,-9.4669,-0.0311,0.4783,-0.1427,-0.6444
-4.0342,-9.2275,-3.3542,0.5865,-0.5899,-0.5277
-4.0677,-9.3041,-3.4596,0.6207,-0.8831,-0.5167
-4.5513,-9.7183,-3.2561,0.4637,-0.7493,-0.3402
-5.0305,-9.7016,-1.8028,0.2914,-0.2509,-0.1802
-3.9695,-9.6369,-1.8148,0.1601,0.1846,-0.0103
-3.9695,-9.6369,-1.8148,-0.0671,-0.18,0.5674
-2.6527,-9.7542,-1.47,-0.0671,-0.18,0.5674
-2.6527,-9.7542,-1.47,-0.2503,-0.4738,0.9443
-1.5682,-10.8101,-2.5498,-0.2503,-0.4738,0.9443
-1.4867,-10.8747,-2.4133,-0.2625,-0.3681,1.0641
-1.1707,-11.3176,-0.5099,-0.287,-0.1006,1.1166
-1.0366,-11.7582,0.4525,-0.3731,0.2982,1.1649
-0.9097,-12.1077,0.5793,-0.3493,0.3685,1.2479
-0.6081,-12.1604,0.4165,-0.257,0.1583,1.2424
-1.0295,-12.3064,-0.8236,-0.1569,-0.009,1.2205
-2.5594,-12.1891,-2.4732,-0.0756,-0.0884,1.1649
-2.3056,-10.743,-0.8643,-0.0793,0.0441,1.0879
-2.2002,-10.5994,-1.0989,-0.1135,0.5096,1.1569
-2.6216,-10.9657,-1.9632,-0.097,0.1736,1.2614
-3.4213,-11.1117,-3.3303,-0.1135,-0.2906,1.3506
-3.6798,-11.6456,-1.9129,-0.1947,-0.5813,1.3206
-3.8546,-11.7294,-1.9608,-0.3212,-0.5441,1.317
-3.9001,-11.4685,-2.1883,-0.3481,-0.2722,1.3078
-2.6479,-10.6161,-0.5865,-0.3725,0.1534,1.3775
-2.6479,-10.6161,-0.5865,-0.3169,0.0423,1.4269
-2.3654,-9.7399,-1.4077,-0.3169,0.0423,1.4269
-2.77,-9.3783,-1.3311,-0.3413,-0.1207,1.3884
-2.2433,-9.2778,-1.2306,-0.4037,-0.0731,1.3872
-2.8419,-10.2642,-2.4061,-0.3811,0.1528,1.422
-2.8419,-10.2642,-2.4061,-0.2845,0.3715,1.2883
-3.3518,-10.9729,-1.6711,-0.378,0.3355,1.1203
-2.3367,-11.1979,-0.5506,-0.4641,0.2487,1.0855
-1.8579,-10.7861,-1.4724,-0.4721,0.2499,1.2076
-1.1324,-9.6537,-1.1228,-0.4177,0.3202,1.3457
-1.3455,-9.4621,-2.0542,-0.4464,0.4149,1.4789
-2.1308,-9.3257,-1.2952,-0.5429,0.4021,1.284
-2.2792,-8.3225,-0.1316,-0.6773,0.4637,1.006
-1.6831,-8.0089,-0.1244,-0.6737,0.5248,0.9217
-1.4891,-7.6808,-0.7972,-0.5527,0.6214,1.025
-2.6024,-7.8125,-2.5163,-0.3817,0.5621,1.0341
-6.1486,-8.5523,-4.1659,-0.3627,0.5615,0.7006
-6.2563,-8.8013,-3.2513,-0.4941,0.6464,0.4697
-7.3481,-10.0008,-3.1986,-0.6822,0.8205,0.4337
-6.5077,-10.3336,-2.229,-0.6816,0.7496,0.5442
-5.1095,-10.087,-4.0318,-0.7036,0.4155,0.8295
-5.1095,-10.087,-4.0318,-0.9168,-0.6791,1.0378
-5.1023,-9.6082,-1.5227,-0.9168,-0.6791,1.0378
-4.0797,-9.5795,0.1101,-0.9883,-0.7279,0.8118
-4.8674,-10.0056,-2.5115,-0.8496,-0.8428,0.7507
-4.8674,-10.0056,-2.5115,-0.6205,-0.7658,0.7678
-4.2137,-9.7877,-4.173,-0.4354,-0.5313,0.8949
-3.9671,-8.7127,-2.2026,-0.5209,0.1595,1.1673
-2.3558,-7.4797,0.328,-0.6608,0.3685,1.2516
-2.3487,-6.9889,0.3375,-0.6352,0.0398,1.1551
-4.2568,-7.6593,-2.4468,-0.4464,-0.4531,0.9486
-6.1414,-7.4797,-5.2579,-0.2057,-0.6522,0.7861
-5.2747,-7.0536,-2.9257,-0.0952,-0.34,0.7996
-4.9539,-6.5197,-2.0494,-0.3126,0.1339,0.9108
-3.6176,-6.3856,-0.8259,-0.4489,-0.1183,0.9236
-2.363,-6.5436,-3.9647,-0.4641,-0.582,1.0561
-2.1859,-5.562,-1.0917,-0.4244,-0.5758,1.207
-2.5641,-5.5644,-1.1779,-0.5069,-0.0621,1.1582
-3.6391,-5.8972,-2.0949,-0.4037,0.1553,0.758
-4.3406,-6.3616,-2.6072,-0.3151,0.3648,0.5595
-1.9919,-7.9897,-2.5522,-0.2265,0.413,0.4434
-1.9919,-7.9897,-2.5522,-0.108,0.0478,0.4105
-1.9728,-7.36,-2.5665,-0.108,0.0478,0.4105
-2.7796,-6.534,-0.0263,-0.0359,-0.001,0.262
-3.4907,-6.3904,-1.5107,0.044,0.2628,-0.1295
-3.2585,-6.3138,-1.7836,0.3048,0.0905,-0.3207
-0.8858,-5.9235,-2.6168,0.5584,0.2457,-0.1936
-0.5099,-5.6793,-4.6088,0.6353,0.6085,-0.0616
-2.9999,-4.8793,-2.7772,0.573,0.7557,-0.2266
-3.1148,-4.9969,-3.8163,0.3812,0.8107,-0.6017
-3.1148,-4.9969,-3.8163,0.2994,0.9579,-0.6566
-2.7724,-6.5867,-3.9911,0.2994,0.9579,-0.6566
-3.675,-7.4295,-1.7238,0.1717,1.0716,-0.7501
-4.0366,-7.7623,-2.782,0.0782,1.0441,-0.9169
-3.96,-7.767,-0.6967,0.135,1.0942,-1.025
-4.0007,-8.0591,1.6711,0.19,1.2322,-1.0519
-3.936,-8.5452,-1.2234,0.4594,0.7576,-1.0561
-3.8666,-8.5643,-1.4915,0.7606,0.5487,-1.1001
-3.6032,-8.4638,-3.3542,1.0135,0.8724,-1.1331
-3.3446,-8.0017,-2.7006,1.1674,1.3019,-1.1331
-3.2752,-8.2507,-4.9682,1.1747,1.3208,-1.1881
-3.3997,-8.2483,-4.9515,1.1766,0.6275,-1.2162
-3.5506,-8.4111,-4.5537,1.0483,0.3898,-1.2901
-3.1699,-8.4398,-4.7357,0.9505,0.4088,-1.3579
-2.4947,-8.4015,-2.7269,0.8888,0.5242,-1.3463
-2.5306,-8.4542,-2.9712,0.8137,0.6586,-1.295
-1.7525,-8.8301,-2.6048,0.8748,0.6256,-1.3603
-2.5043,-9.419,-2.636,0.829,0.7276,-1.4599
-3.7995,-9.9625,-2.0829,0.8363,0.4845,-1.6609
-4.1108,-10.4629,-2.1404,0.832,0.2573,-1.8759
-3.9767,-10.7382,-2.8347,0.8326,0.0881,-1.9639
-3.213,-11.1117,-2.4756,0.8766,0.1363,-1.8478
-2.284,-10.8029,-2.1236,0.9353,0.0899,-1.579
-2.6719,-10.676,-2.0709,0.8668,0.107,-1.5332
-2.9161,-11.0399,-3.0669,0.8412,0.0282,-1.6371
-3.2632,-11.095,-3.7684,0.8974,0.0728,-1.7385
-3.9312,-10.992,-4.4484,0.92,0.2047,-1.777
-3.7612,-11.004,-4.3143,0.8546,0.2524,-1.6303
-3.2034,-11.1477,-4.0821,0.6982,0.2732,-1.3909
-2.9927,-11.2961,-2.8491,0.573,0.184,-1.2125
-2.3989,-11.9042,-1.1994,0.4405,0.2402,-1.1423
-2.4636,-12.0503,-1.1683,0.3885,0.2316,-1.1276
-3.11,-12.0096,-0.6751,0.3751,0.0985,-1.138
-2.9041,-11.3679,-1.233,0.4618,-0.2893,-1.0506
-2.9041,-11.3679,-1.233,0.7013,-0.0481,-0.6414
-0.4955,-11.0878,0.0646,0.9353,-0.0395,-0.6285
-0.3974,-11.1285,-0.2442,0.9353,-0.0395,-0.6285
-2.4612,-11.2338,-2.6695,1.1216,-0.1043,-0.7672
-2.6455,-10.6928,-4.2353,1.2114,-0.4146,-0.945
-2.6455,-10.6928,-4.2353,0.8913,-0.2551,-0.6829
-2.284,-10.1421,-4.4029,0.8913,-0.2551,-0.6829
-2.2577,-9.5028,-3.1004,0.6952,0.1198,-0.5717
-1.8866,-9.1006,-2.5737,0.5278,0.2842,-0.4935
-1.9632,-9.1006,-2.7437,0.3714,0.0056,-0.3762
-1.6759,-8.9546,-2.521,0.1442,-0.1562,-0.2009
-1.4389,-9.1198,-2.5713,0.0385,-0.031,-0.0507
-3.8786,-9.9482,0.4716,-0.0255,0.0966,0.0287
-4.2544,-9.7782,0.4046,-0.0304,0.0765,-0.047
-3.7158,-9.0048,-0.6919,0.0593,-0.1421,-0.1087
-2.9472,-9.534,-1.0654,0.1369,-0.1861,0.0659
-1.9752,-10.4869,-0.1029,0.1448,0.289,0.4526
-1.5251,-10.7215,0.0598,0.0495,0.559,0.5595
-1.4484,-12.2657,-1.0582,-0.0231,0.5261,0.6762
-2.2242,-12.7685,-0.2896,0.0159,0.0319,0.6658
-3.0334,-11.6313,-4.3311,-0.0121,-0.1495,0.6206
-3.0334,-11.5379,-4.3311,0.0422,-0.29,0.7648
-0.9959,-11.3224,-0.7565,-0.0017,-0.1238,0.9633
-0.6057,-10.8795,0.1029,-0.2063,0.2561,1.2431
-1.1611,-10.257,0.2226,-0.2235,0.0893,1.1887
-2.1308,-9.8811,0.3399,-0.2821,-0.3364,0.9505
-3.4428,-9.3807,0.3998,-0.2919,-0.7084,0.7159
-4.7046,-9.1246,-2.8514,-0.1446,-0.5893,0.722
-2.3391,-9.4214,0.407,0.0226,-0.0261,0.9431
-2.1332,-9.2993,0.9385,0.0037,0.7203,1.1362
-2.4157,-8.8612,0.2801,0.0666,0.4418,1.0958
-3.2824,-9.1461,-1.8962,0.1454,-0.2564,1.0739
-4.3071,-10.0008,-5.064,0.1839,-0.6626,1.1716
-4.5418,-9.8069,-5.6697,0.0892,-0.5771,1.3891
-1.719,-9.9769,-1.6424,-0.0994,-0.18,1.466
-2.3606,-9.3305,-0.814,-0.32,0.1724,1.5155
-1.5753,-9.2874,-0.8523,-0.2674,-0.0035,1.4355
-1.2306,-9.3376,-0.7781,-0.1801,-0.3443,1.5406
-1.0319,-9.7518,-1.2761,-0.1031,-0.5276,1.6792
-2.0757,-9.7973,-2.3798,-0.0518,-0.4213,1.5326
-3.0454,-10.4031,-3.4308,-0.0842,-0.2069,1.3536
-3.0454,-10.4031,-3.4308,-0.2015,0.3727,1.2589
-2.8586,-10.3073,-1.6519,-0.2015,0.3727,1.2589
-3.9983,-10.5874,-3.2178,-0.3151,0.6189,1.2504
-3.9983,-10.518,-4.1826,-0.3084,0.559,1.3115
-3.1411,-9.8596,-2.7222,-0.4385,0.622,1.4257
-2.9209,-9.5962,-2.8514,-0.6004,0.5841,1.4856
-4.2257,-9.4621,-4.6662,-0.6303,0.4161,1.4862
-4.9778,-8.866,-6.7639,-0.695,0.4796,1.4801
-5.0472,-8.8301,-6.6753,-1.1092,0.5926,1.6114
-4.8099,-9.3328,-5.4854,-1.4916,0.7136,1.7263
-3.1675,-10.0703,-4.0964,-1.7726,0.9237,1.8313
-2.9879,-11.9449,-3.0334,-1.8484,1.0319,1.7696
-3.1483,-12.1843,-2.9855,-1.7573,0.7429,1.4911
-3.1004,-12.6943,-1.9752,-1.6535,0.1125,1.1007
-3.2034,-11.9641,-1.118,-1.7415,-1.2576,0.5766
-3.3854,-9.9841,-1.9632,-1.8349,-1.9332,0.4575
-3.4763,-9.692,-1.7334,-1.918,-2.2624,0.5112
-3.6415,-8.8564,0.5003,-2.0029,-2.0926,0.5106
-2.8371,-8.0855,4.197,-1.9681,-1.4414,0.4373
-2.8371,-8.0855,4.197,-0.7488,-0.001,0.1918
-4.695,-8.1669,2.3319,-0.3432,-0.3883,0.2186
-6.3305,-8.5739,-0.1508,-0.3432,-0.3883,0.2186
-7.4749,-7.6785,-1.5634,-0.1508,-0.7579,0.2522
-5.5835,-7.0512,1.0319,-0.1019,-0.8245,0.3964
-4.3598,-7.0823,-0.3471,-0.0836,-0.6699,0.6517
-2.308,-6.8548,-1.4221,0.2083,-0.822,0.9944
-2.2242,-7.0512,-2.1978,0.2676,-0.4457,1.1386
-2.4037,-6.467,-3.9312,0.3207,-0.1446,1.0048
-2.4684,-6.0839,-4.3909,0.278,0.0105,0.8026
-2.3535,-5.72,-2.2218,0.1986,0.1186,0.7043
-2.1691,-6.2515,-2.5617,0.08,0.2432,0.6841
-4.1563,-6.4407,-1.3168,0.1014,0.1669,0.4514
-3.9959,-6.7016,-1.1563,0.0941,0.1211,0.1655
-4.7022,-7.9562,-2.0685,0.1308,-0.0499,-0.0024
-3.6367,-8.1334,-2.5881,0.2761,-0.1434,-0.1288
-1.3311,-6.4861,-1.2952,0.3427,0.1327,-0.0812
-1.5658,-6.2946,-1.4437,0.3439,0.5517,0.0507
-2.4301,-5.8613,-3.4668,0.3873,0.4864,-0.0751
-3.7804,-5.1238,-2.2816,0.3922,0.5645,-0.3677
-2.8323,-6.1773,-3.2321,0.3452,0.7606,-0.5748
-2.8323,-6.1773,-3.2321,0.4893,0.7771,-0.4612
-3.0837,-6.2012,-3.8738,0.6414,0.7386,-0.4227
-3.5242,-6.5843,-3.7277,0.6286,0.964,-0.6487
-3.2704,-6.2659,-1.0654,0.5394,0.983,-0.7422
-3.7421,-6.6154,-1.5179,0.5461,0.8425,-0.8429
-3.675,-7.214,-4.3622,0.6915,0.4973,-0.9321
-2.7964,-7.5994,-3.0071,0.7642,0.4809,-0.9334
-3.4069,-7.7168,-2.2649,0.6469,0.7002,-0.9633
-3.8857,-7.53,-1.5801,0.6249,0.6769,-1.1062
-3.7397,-7.5683,-3.3566,0.664,0.6299,-1.1753
-3.8642,-7.2834,-2.1715,0.6982,0.534,-1.1655
-3.517,-7.87,-2.0997,0.6995,0.3886,-1.1172
-3.3662,-7.9179,-2.0039,0.7544,0.2432,-1.0091
-4.1754,-7.9298,-3.7995,0.8143,0.4497,-1.0378
-4.0294,-8.21,-3.766,0.8479,0.4069,-1.1765
-3.5673,-8.7774,-2.8083,0.7789,0.5505,-1.2082
-3.3087,-8.8444,-2.9688,0.7978,0.4564,-1.2101
-3.2776,-9.1868,-3.0071,0.7978,0.3202,-1.1875
-2.9879,-9.5603,-2.7796,0.7948,0.3483,-1.1972
-3.019,-10.5323,-1.7046,0.7031,0.3043,-1.3054
-2.9903,-10.5539,-1.4556,0.6286,0.2475,-1.422
-3.098,-10.7335,-0.79,0.5999,0.0942,-1.4978
-3.6367,-11.0854,-1.0175,0.6769,-0.2484,-1.5063
-3.1172,-11.253,-2.1906,0.7709,-0.5105,-1.4471
-2.7198,-10.6784,-1.8411,0.8882,-0.1244,-1.2632
-2.8443,-10.3624,-2.9089,0.9365,0.1718,-1.2235
-3.2561,-9.9051,-2.4205,0.9792,0.1944,-1.2504
-3.2585,-10.1373,-2.2673,0.9224,0.14,-1.2736
-3.2178,-10.3264,-2.2409,0.9487,0.0355,-1.262
-3.4261,-10.8939,-2.1212,0.9976,-0.0407,-1.2455
-3.6631,-11.2195,-2.6671,0.9805,-0.2191,-1.1875
-2.9281,-11.2578,-1.3575,0.9279,-0.2222,-1.0885
-2.8036,-11.3512,-1.1109,0.8467,-0.1879,-0.9334
-2.6671,-11.7773,-1.7549,0.8332,-0.1861,-0.7806
-1.9105,-12.0263,-1.9823,0.8687,-0.1941,-0.6841
-2.3008,-10.573,-1.221,0.8424,-0.2869,-0.7006
-2.1571,-10.3504,-1.3048,0.796,-0.4634,-0.758
-1.2928,-9.7901,-0.7445,0.8161,-0.6119,-0.6835
-1.1611,-9.5627,-0.8547,0.829,-0.4934,-0.5784
-1.3359,-9.1126,-0.395,0.8858,-0.3657,-0.5845
-1.3359,-9.1126,-0.395,0.978,-0.3303,-0.6798
-1.786,-9.7087,-2.5474,1.143,-0.7017,-0.7971
-2.0446,-10.2019,-3.7014,1.1692,-0.8642,-0.8258
-2.7509,-10.2355,-3.6487,1.0764,-0.6638,-0.8069
-2.9592,-10.1612,-3.4931,0.9328,-0.3962,-0.7495
-3.1938,-9.7949,-2.8562,0.7868,-0.1647,-0.6597
-2.9951,-9.3664,-1.7357,0.6256,0.1272,-0.5882
-3.2465,-9.3999,-2.363,0.3568,0.0447,-0.4379
-3.0621,-9.285,-2.2553,0.2419,-0.4146,-0.364
-2.6408,-9.419,-1.4772,0.1081,-0.6009,-0.2467
-2.7605,-9.9649,-1.8291,0.0098,-0.4586,-0.1154
-2.7748,-10.8651,-1.1348,-0.0109,-0.2716,-0.003
-2.6623,-11.162,-0.723,-0.0243,0.278,0.1728
-1.968,-11.569,0.8978,-0.0384,0.5737,0.2828
-2.4253,-10.9106,0.7709,-0.0451,0.3984,0.2852
-3.5027,-9.5914,0.0167,-0.0377,-0.2735,0.2217
-3.3303,-9.364,-0.0837,-0.0567,-0.8214,0.2822
-3.3303,-9.364,-0.0837,0.0544,0.0001,0.6499
-2.1954,-9.3544,-1.1731,0.0544,0.0001,0.6499
-2.9065,-10.1086,-0.0766,0.1246,0.14,0.6352
-2.9065,-10.1086,-0.0766,0.0507,0.173,0.6352
-2.5905,-9.9865,0.6775,-0.0005,0.3019,0.6988
-2.9831,-9.8284,-0.7996,0.0141,0.1937,0.7483
-3.5482,-9.8883,-1.446,0.0605,-0.3211,0.8582
-4.0342,-9.8979,-2.7916,-0.0121,-0.5929,0.9932
-3.596,-9.759,-1.9704,-0.0823,-0.4189,1.105
-2.3415,-9.5244,0.1125,-0.2088,0.03,1.2211
-1.7597,-9.8356,-1.5514,-0.2503,0.3465,1.3035
-1.7118,-10.0032,-2.205,-0.2051,0.3733,1.3041
-2.0159,-10.0583,-0.2968,-0.3487,0.2035,1.1832
-1.8052,-10.1062,0.8954,-0.4818,0.0135,1.1435
-2.3463,-11.0854,0.2106,-0.4092,-0.3156,1.1355
-2.2194,-11.2769,0.3806,-0.2448,-0.53,1.1435
-2.1691,-11.5044,0.2202,-0.141,-0.4647,1.185
-2.5857,-11.423,-0.3351,-0.0439,-0.2356,1.171
-3.1938,-10.0631,-1.1204,0.0067,0.041,1.0696
-3.0047,-9.9051,-1.0055,0.0019,0.0093,1.0195
-2.9328,-9.3951,-1.2521,-0.0072,-0.1678,1.0384
-2.4947,-9.0024,-1.0223,0.0006,-0.2759,1.0549
-2.5258,-8.7319,-1.0606,0.0086,-0.2686,1.0348
-2.5258,-8.7319,-1.0606,0.1442,-0.6705,0.8155
-2.9376,-8.787,-2.3151,0.1442,-0.6705,0.8155
-4.173,-8.9234,-4.4364,0.1466,-0.7829,0.8313
-4.8674,-9.2131,-4.7261,0.0287,-0.7182,0.9016
-4.4987,-9.1293,-3.8546,-0.2473,-0.3944,1.0189
-4.1754,-8.5188,-3.3255,-0.4922,0.052,1.1044
-4.3885,-8.1357,-3.7612,-0.6975,0.7771,1.1355
-4.6998,-7.7263,-3.2034,-0.8649,1.0416,1.237
-4.4053,-7.8508,-3.5506,-1.05,1.2805,1.4062
-3.2609,-8.1405,-2.9209,-1.2112,1.5132,1.6328
-2.9065,-8.5404,-2.1811,-1.3853,1.6226,1.7776
-3.1148,-10.9777,-2.3726,-1.4678,1.435,1.6059
-2.8514,-11.241,-2.3008,-1.48,1.1479,1.4129
-3.6798,-12.5219,-3.6727,-1.4122,0.9054,1.182
-4.762,-12.9098,-4.367,-1.3358,0.4198,0.8643
-4.5848,-11.8803,-1.3934,-1.5435,-0.26,0.6346
-4.3454,-11.5427,-1.0007,-1.8783,-0.8831,0.4642
-3.0669,-10.0391,0.4572,-2.0939,-1.3913,0.4935
-2.2649,-9.3161,2.1452,-2.0793,-1.3138,0.5931
-4.5202,-7.8939,2.7102,-1.9308,-1.0108,0.4856
-4.5202,-7.8939,2.7102,-1.5942,-0.5276,0.2406
-5.2651,-7.3457,1.731,-1.1465,-0.0126,0.1508
-5.8732,-7.5755,0.4309,-0.6627,0.154,0.2138
-6.9051,-7.4989,-0.8092,-0.2778,-0.1452,0.3457
-6.8884,-7.36,-0.1939,-0.1727,-0.5251,0.3872
-6.2587,-7.6114,-2.1883,-0.0836,-0.665,0.5186
-4.0964,-7.5444,-4.1323,0.0281,-0.6162,0.7684
-1.5873,-7.4342,-3.5865,-0.0041,-0.3608,1.0525
-0.6799,-7.4079,0.4261,-0.3627,0.3795,1.193
0.0766,-7.4342,-0.7158,-0.5564,0.2725,1.0543
-0.5458,-7.463,-3.3303,-0.3908,-0.5435,0.8405
-0.5458,-7.463,-3.3303,-0.3371,0.0264,0.3078
-2.4612,-7.0895,0.6823,-0.1184,0.1583,0.2486
-3.4476,-6.8381,-1.0773,-0.1184,0.1583,0.2486
-2.1811,-6.2419,-0.7326,0.154,0.0129,0.1362
-0.9337,-6.3784,-3.6607,0.2364,-0.0175,0.1325
-1.1899,-6.1845,-2.9903,0.3128,-0.1275,0.1466
-2.9209,-6.23,-2.1499,0.278,0.1424,0.135
-4.8267,-6.7782,-2.952,0.2273,0.2463,0.0219
-4.8338,-8.2938,-3.438,0.2432,0.4088,-0.2113
-4.8338,-8.2938,-3.438,0.1613,0.5615,-0.1655
-2.6431,-8.0591,-3.766,0.1527,0.4436,-0.0262
-3.5913,-7.87,-0.8307,0.1069,0.2823,-0.0012
-5.8253,-7.9514,-3.5793,0.0122,0.1107,-0.182
-5.2005,-7.5851,0.0646,0.0739,-0.2283,-0.3371
-4.5801,-8.016,-1.9704,0.1002,0.0997,-0.2089
-5.1262,-8.1501,-2.691,0.2761,0.0221,-0.2064
-5.8253,-7.6952,-2.8538,0.3006,0.0496,-0.3036
-5.6721,-7.9777,-4.1898,0.3024,0.1559,-0.3048
-4.4651,-7.8317,-3.6439,0.3061,0.2603,-0.3194
-4.0318,-8.4231,-2.5594,0.2658,0.6354,-0.3029
-4.0701,-8.3033,-2.6384,0.2444,0.4363,-0.2736
-4.1419,-8.5883,-4.3382,0.2749,0.1333,-0.3451
-4.7046,-7.8173,-0.8834,0.3403,-0.2802,-0.474
-4.8219,-7.2068,-1.4245,0.2328,0.1473,-0.6181
-4.8219,-7.2068,-1.4245,0.5345,0.2383,-0.4569
-2.9424,-6.1486,-4.6926,0.5345,0.2383,-0.4569
-2.4396,-5.7607,-2.4396,0.4502,0.5291,-0.5033
-2.8371,-5.8924,0.3184,0.3,0.8211,-0.6359
-4.8817,-7.0009,-4.1874,0.38,0.7099,-0.8668
-4.8817,-7.1541,-4.7884,0.5956,0.3795,-1.014
-3.5098,-8.0615,-3.3087,0.6811,0.2994,-1.0586
-3.4787,-8.6505,-1.3599,0.5351,0.6885,-0.8808
-3.4284,-9.5172,-1.1516,0.5626,0.5645,-0.9236
-3.9312,-10.4102,-4.4077,0.6561,0.3208,-1.0341
-3.7804,-10.3863,-4.1683,0.6982,0.0251,-1.1948
-4.4029,-10.0487,-5.3872,0.5345,0.3416,-1.2486
-3.5553,-9.1868,-0.7038,0.3384,0.3379,-1.1728
-3.0765,-9.2323,-2.3032,0.1613,0.2939,-1.0427
-3.1292,-9.0599,-2.2888,0.245,0.1944,-1.0177
-2.9185,-9.5651,-0.1556,0.1924,0.3037,-1.0458
-2.9161,-9.9529,-0.4477,0.2413,0.3159,-1.0708
-2.8419,-10.2091,-1.2761,0.4124,0.2817,-1.1032
-2.3175,-10.5371,1.3958,0.6127,0.1577,-1.1875
-2.7796,-10.4892,1.1731,0.6463,-0.0554,-1.3011
-4.0701,-10.4964,-3.0334,0.8717,-0.3889,-1.3695
-3.8474,-10.427,-2.7269,1.0678,-0.5233,-1.2828
-3.2704,-10.1828,-1.6998,1.1399,-0.2564,-1.0903
-2.5641,-10.087,-2.0614,1.102,-0.1647,-0.8338
-1.7405,-9.5747,-2.0231,1.0446,-0.3517,-0.7281
-1.7334,-9.5579,-2.0973,0.9536,-0.384,-0.7147
-1.0462,-9.7279,-2.77,0.9102,-0.3773,-0.7788
-1.4077,-10.0679,-3.031,0.8595,-0.497,-0.8729
-3.0837,-10.5299,-3.6583,0.763,-0.7976,-1.0451
-3.3303,-10.7119,-4.3622,0.5449,-0.8923,-1.2266
-2.794,-10.4438,-2.3822,0.3818,-0.4702,-1.1417
-2.8945,-10.087,-1.118,0.2688,0.0795,-1.0122
-3.1292,-10.2139,-0.2585,0.3641,0.2512,-0.9224
-3.2417,-9.917,-0.0502,0.5229,0.3245,-0.8448
-2.7006,-8.945,-0.6655,0.5217,0.0178,-0.7776
-1.1563,-8.3081,-0.7948,0.4472,-0.7903,-0.4673
-1.1492,-8.7032,-1.9895,0.4398,-1.191,-0.2981
-1.1492,-8.7032,-1.9895,0.3867,-1.0096,-0.3524
-1.1947,-10.0774,-1.9823,0.3867,-1.0096,-0.3524
-2.0231,-10.8436,0.0143,0.3751,-0.3339,-0.4123
-2.3295,-11.8348,-2.8347,0.606,0.9854,-0.4428
-2.3295,-11.8348,-2.8347,0.7172,0.7551,-0.3536
-1.8698,-11.3583,-0.9337,0.7172,0.7551,-0.3536
-1.3479,-11.0375,-1.2689,0.4215,-0.2362,-0.3145
-1.695,-10.9825,-1.3862,0.237,-1.2759,-0.2773
-1.7956,-11.0136,-1.3407,0.0935,-1.5202,-0.229
-1.6089,-10.7311,-1.707,-0.0823,-0.3071,-0.1404
-0.4381,-9.7063,0.8978,0.0067,0.4466,-0.1075
-0.0454,-11.1309,1.5011,0.1051,0.6091,-0.1221
-0.5267,-11.4421,0.1915,0.2651,0.1534,-0.1857
-1.3982,-10.7526,-1.1085,0.4179,-0.505,-0.3029
-2.5402,-10.1732,-2.7293,0.4111,-0.6046,-0.5064
-2.5402,-10.1732,-2.7293,0.1301,0.1107,-0.2455
-2.4947,-9.4358,0.0047,0.1301,0.1107,-0.2455
-2.0446,-9.5842,-0.3471,0.2987,0.1516,-0.0952
-0.9097,-9.0958,-1.1659,0.3861,0.1669,-0.0213
0.5099,-9.783,-0.2082,0.3708,-0.0676,0.0409
1.1396,-9.8524,1.1444,0.1375,-0.8184,0.1783
-0.2849,-10.6281,1.9584,-0.0298,-0.5038,0.2076
-1.81,-10.3863,1.4173,0.1051,-0.3266,-0.0323
-1.81,-10.3863,1.4173,0.4191,0.2945,-0.0561
-2.8754,-9.2538,-1.0271,0.4356,0.5474,0.1203
-0.1556,-9.3544,1.2425,0.4356,0.5474,0.1203
0.9289,-10.0846,-0.1292,0.3427,0.1235,0.444
-2.9951,-10.9441,-3.019,0.405,-0.7854,0.3365
-2.9951,-10.9441,-3.019,0.2688,-1.1238,0.0684
-3.3279,-10.3671,-1.8483,0.1582,-0.6015,-0.0256
-1.1109,-10.2283,1.4317,-0.0213,0.2035,0.1704
-2.4301,-9.2802,0.7302,0.0599,0.3471,0.3775
-3.019,-8.9833,0.3303,0.121,-0.0969,0.2834
-2.0661,-8.3512,-1.1372,0.0519,-0.5111,0.3463
-2.4301,-8.8061,-2.5258,0.0074,-0.8208,0.488
-1.9057,-9.8883,1.7381,-0.1153,-0.7402,0.507
-2.138,-10.2187,2.0853,-0.2253,0.0129,0.5057
-3.2297,-10.834,0.3926,0.1338,0.3947,0.3878
-2.1092,-11.3895,-0.6584,0.2987,0.2273,0.4813
-1.798,-11.004,-2.5689,0.2981,0.1039,0.6181
-0.8834,-10.9274,-1.1899,0.1637,0.0044,0.6291
-0.5434,-11.0902,0.3567,-0.0903,-0.0126,0.7635
-2.0254,-10.3815,1.3551,-0.2247,-0.6217,0.5186
-4.3358,-9.4789,-2.5043,-0.2668,-0.6229,0.3255
-4.0653,-9.2443,-1.8602,-0.2461,-0.362,0.3842
-1.956,-8.8875,0.2226,-0.3878,0.154,0.5742
-1.1731,-8.7558,2.6072,-0.4128,0.7221,0.7318
-3.8091,-9.1676,-5.8373,-0.3084,0.6128,0.6988
-3.9049,-9.3496,-5.8158,0.066,-1.0267,0.6658
-3.9671,-10.8795,-0.6703,-0.1074,-1.1684,0.5839
-2.794,-11.1213,1.865,-0.4324,-0.3211,0.6542
-2.4468,-10.5395,1.2737,-0.2418,-0.0755,0.7079
-3.1411,-10.6688,-0.2035,0.03,0.0105,0.7189
-1.81,-10.2403,-1.944,0.1277,-0.0407,0.7324
-0.6464,-9.1222,-2.0159,0.0727,-0.439,0.8985
-1.209,-8.842,0.0071,-0.1007,-0.4488,0.9321
-1.7836,-9.1437,-0.213,-0.2522,-0.5245,0.8026
-1.7836,-9.1437,-0.213,-0.1135,-0.2564,0.7232
-3.2154,-9.3017,-2.9879,-0.1135,-0.2564,0.7232
-1.3575,-10.1708,-1.0582,-0.2149,0.793,0.8271
-1.3623,-10.4078,-0.7829,-0.1764,1.3373,0.8912
-0.8188,-9.9003,0.9241,-0.0463,1.1192,0.7971
-1.2114,-9.8428,-0.4644,-0.0903,0.4008,0.6615
-2.8275,-9.9362,-1.5011,-0.017,-0.5557,0.4923
-3.3877,-9.8404,-2.2146,-0.141,-0.9369,0.3836
-4.446,-8.957,-3.347,-0.4635,-0.5306,0.3817
-3.4572,-8.7223,-0.735,-0.6364,0.1913,0.5864
-1.6903,-10.427,0.5698,-0.7207,0.6727,0.791
-1.6041,-10.3528,0.5291,-0.601,0.9836,0.8246
-2.624,-10.3767,-1.6974,-0.5252,1.0245,0.7116
-2.703,-10.7335,-0.5985,-0.5014,0.6336,0.5424
-3.5242,-10.8795,-0.2585,-0.6584,0.5462,0.4159
-4.5896,-10.1948,-0.6392,-0.7073,0.5713,0.2981
-5.6482,-10.609,-2.0111,-0.739,0.7075,0.2968
-4.4771,-9.9003,-0.2418,-0.7024,0.7924,0.3781
-4.1515,-9.6465,0.4716,-0.7268,0.8266,0.4465
-5.1621,-9.261,-0.1771,-0.717,0.2878,0.386
-5.7679,-9.1605,-1.9416,-0.6321,-0.155,0.3604
-5.3393,-8.8253,-2.4061,-0.5869,-0.29,0.5039
-3.8929,-8.2602,0.0718,-0.6052,-0.1128,0.6798
-3.2896,-8.277,0.474,-0.648,0.0416,0.7971
-4.5944,-9.7854,-1.561,-0.6071,0.2157,0.882
-5.1454,-9.2514,0.1053,-0.4794,0.1027,0.6988
-3.8857,-9.5004,-0.2489,-0.5448,0.151,0.711
-3.8857,-9.5004,-0.2489,-0.3731,-0.2264,0.9926
-1.9057,-8.3536,1.233,-0.3731,-0.2264,0.9926
-2.3175,-8.7343,-2.375,-0.2577,-0.3798,1.0592
-2.217,-8.0591,-1.9728,-0.1043,-0.3895,0.8472
-2.217,-8.0591,-1.9728,-0.0756,-0.2081,0.7067
-3.517,-8.0112,-1.1923,0.0336,-0.1189,0.6139
-4.4388,-8.2076,-3.778,0.132,-0.0218,0.5503
-5.0664,-9.0503,-2.8443,0.1705,-0.1134,0.4764
-5.2651,-8.8612,-2.1404,0.0043,0.0563,0.4013
-2.9544,-8.38,-3.2537,-0.1508,-0.1715,0.4703
-0.9002,-7.9921,-3.6798,-0.1691,-0.4549,0.5845
-0.1508,-6.7615,-3.0861,-0.3316,-0.3291,0.5907
-0.4046,-6.6657,-1.4891,-0.5106,-0.2283,0.5308
-1.6017,-6.1246,-1.0151,-0.6627,-0.1983,0.3982
-2.5426,-6.3784,-1.8387,-0.5997,-0.4799,0.0555
-2.7246,-8.3153,-0.5841,-0.5576,-0.4182,-0.1276
-2.8012,-8.4949,-0.4333,-0.4409,-0.3223,-0.1936
-3.2537,-8.9594,-0.6368,-0.2864,-0.2851,-0.2162
-3.8905,-9.1844,-0.7948,-0.152,-0.0694,-0.2522
-3.8905,-9.1844,-0.7948,-0.0133,-0.3022,-0.4312
-4.4651,-8.6505,-1.7525,-0.0133,-0.3022,-0.4312
-3.2992,-8.7223,-1.3527,0.0587,-0.4451,-0.3634
-2.7413,-8.1812,0.2106,0.0678,-0.0707,-0.2681
-2.7413,-8.1812,0.2106,0.2914,-0.2918,-0.4514
-4.8027,-8.7319,-1.8674,0.3305,-0.0774,-0.3732
-3.8474,-8.9929,-2.1859,0.3305,-0.0774,-0.3732
-3.4835,-8.8564,-2.6623,0.3763,0.0905,-0.284
-4.0007,-9.3017,-2.861,0.3531,0.3636,-0.2907
-4.8314,-9.364,-2.3654,0.2053,0.4344,-0.35
-4.7788,-9.2921,-1.2354,0.0184,0.198,-0.4214
-4.173,-9.5483,-0.5051,-0.0066,-0.2991,-0.3359
-5.1574,-10.494,-2.4971,0.0788,-0.5893,-0.2474
-5.5332,-10.7191,-3.0669,0.1399,-0.5789,-0.2095
-5.7727,-10.4581,-2.0805,0.132,-0.2429,-0.171
-5.4111,-10.4462,-1.3766,0.0935,0.2554,-0.1038
-6.5699,-10.4102,-3.6631,0.1179,0.3312,-0.0311
-6.4718,-10.415,-3.711,0.1485,0.085,0.0342
-5.732,-10.4653,-1.6687,0.0593,-0.1299,0.1313
-5.732,-10.4653,-1.6687,0.0177,-0.6198,0.0494
-5.9977,-8.7463,-0.7805,0.0177,-0.6198,0.0494
-6.0288,-8.6577,-0.723,0.0452,-0.8495,-0.0164
-5.7942,-8.0567,-0.4189,0.0519,-0.8196,0.0268
-6.0815,-7.4055,-1.5849,0.1851,-0.5991,0.1863
-6.4885,-7.9969,-2.5234,0.2725,-0.2698,0.3292
-6.5771,-8.0496,-2.7557,0.3067,0.0496,0.4477
-6.4407,-8.1022,-1.6615,0.3427,0.1363,0.4893
-6.0696,-7.8149,-2.2864,0.248,0.0917,0.54
-4.2449,-7.7718,-3.9791,0.2358,-0.144,0.6359
-5.0448,-7.2978,-2.0422,0.1479,-0.3785,0.8326
-4.1635,-7.2427,-1.9273,0.0074,-0.2521,0.8454
-2.9113,-6.9363,-3.055,0.0147,-0.3773,0.8778
-3.7948,-6.4311,-2.7772,0,-0.4335,0.8216
-4.0988,-6.5675,-2.9592,-0.1025,-0.4384,0.7122
-4.4819,-6.6753,-2.1811,-0.2491,-0.3914,0.5919
-4.7931,-7.53,-3.0645,-0.2864,-0.2564,0.4746
-3.3925,-7.0344,-2.7844,-0.1972,-0.0719,0.4208
-3.2776,-6.8118,-3.2154,-0.2491,0.0404,0.3738
-2.4325,-6.9961,-3.9336,-0.32,-0.2698,0.3194
-4.3574,-6.7806,-4.1132,-0.4574,-0.2655,0.2791
-4.513,-7.9873,-1.2713,-0.7525,-0.1183,-0.0146
-4.513,-7.9873,-1.2713,-0.7763,-0.3498,-0.2431
-3.8786,-8.6792,-2.2864,-0.7763,-0.3498,-0.2431
-1.798,-8.368,0.6272,-0.6969,-0.147,-0.149
-1.798,-8.368,0.6272,-0.3872,0.4063,-0.1472
-1.9225,-7.7862,1.3623,-0.086,0.2945,-0.7079
-2.284,-7.7551,1.5203,0.0703,0.0856,-0.8087
-1.8267,-6.2755,-1.5131,0.0703,0.0856,-0.8087
0.9097,-6.1869,-2.9568,0.1625,0.0166,-0.521
0.6991,-6.8405,-5.1238,0.2829,0.2616,-0.1863
-3.055,-7.5899,-3.1579,0.3158,0.7386,-0.2614
-5.0831,-9.0791,-0.6967,-0.0744,1.2664,-1.094
-7.2236,-9.4166,-5.1167,-0.0035,0.6519,-1.4929
-5.5596,-9.522,-5.3082,0.1295,0.2793,-1.5131
-2.5761,-9.3113,-3.7732,0.0232,0.5254,-1.1368
-0.2681,-8.605,-3.1292,-0.2357,0.611,-0.6963
-0.0742,-8.0352,-0.1987,-0.4318,0.4925,-0.4349
-1.4532,-8.2052,-0.3447,-0.6181,0.3953,-0.8607
-4.288,-8.9833,1.7118,-0.5368,0.3642,-1.4037
-4.9658,-9.8117,2.7581,-0.2742,0.5768,-1.6627
-4.6447,-10.2762,0.0981,0.2193,0.6183,-1.5784
-4.1802,-10.0942,0.2849,0.7117,0.5401,-1.3512
-3.2728,-9.7016,-0.62,0.9823,0.1553,-1.006
-2.8969,-9.0527,-2.8945,1.0611,-0.0035,-0.9364
-2.6288,-7.5324,-1.3024,1.0525,0.0985,-0.9566
-2.6839,-7.4917,-1.2904,0.9304,0.0679,-0.9963
-1.9249,-7.7144,-4.2664,0.8668,-0.1629,-0.9724
