correr
8.4177,22.3714,6.5301,-1.8887,3.1938,1.3238
3.1693,15.3644,6.209,-1.8887,3.1938,1.3238
1.2288,12.2002,5.2699,-1.6224,3.5709,1.4154
1.2288,12.2002,5.2699,-1.0057,3.6806,1.7318
-0.1795,9.4741,4.1656,-0.783,3.7594,1.8191
-1.6145,5.4665,0.5749,-0.783,3.7594,1.8191
-1.6145,5.4665,0.5749,-0.6328,3.8169,1.6881
-3.0876,2.2349,-1.8611,-0.6328,3.8169,1.6881
-3.0876,2.2349,-1.8611,-0.5998,3.5496,1.4484
-4.2688,0.7472,-2.5079,-0.5487,3.3589,1.4175
-6.5038,-1.4134,-3.4709,-0.5487,3.3589,1.4175
-7.0066,-1.9521,-4.0243,-0.4837,3.1224,1.4495
-7.0739,-2.2445,-4.3119,-0.4262,2.8092,1.4974
-6.7959,-2.4504,-4.3622,-0.3793,2.4171,1.5198
-5.9959,-2.6375,-3.8352,-0.3346,1.9612,1.4921
-5.9959,-2.6375,-3.8352,-0.1833,1.0941,1.2588
-3.8615,-3.1525,-1.5786,-0.1833,1.0941,1.2588
-3.8615,-3.1525,-1.5786,0.2194,0.4549,0.8071
-2.896,-3.3153,-0.5485,0.4985,0.1588,0.5259
-1.8228,-2.9966,0.1795,0.4985,0.1588,0.5259
-1.8635,-2.6351,0.1053,0.7797,-0.1202,0.2181
-1.8635,-2.6351,0.1053,1.2591,-0.6027,-0.4306
-2.8841,-1.9788,-0.6419,1.2591,-0.6027,-0.4306
-3.2124,-1.4757,-1.133,1.4284,-0.8392,-0.7428
-3.2124,-0.5006,-1.3724,1.5424,-1.1417,-1.0571
-2.9224,1.4829,-0.8553,1.5935,-1.5689,-1.432
-2.2301,5.4426,1.4996,1.4774,-2.0887,-1.9252
-0.0023,12.1068,5.6485,1.1099,-2.6375,-2.5399
-0.0023,12.1068,5.6485,0.7318,-4.0446,-4.1356
5.7682,22.4456,9.2344,0.7339,-4.997,-5.6153
14.8952,46.0075,12.7727,0.7339,-4.997,-5.6153
-2.762,44.1248,26.5633,0.4133,-5.3314,-7.1727
-2.762,44.1248,26.5633,1.127,-0.8094,-4.0312
-4.6279,30.7651,19.3218,1.127,-0.8094,-4.0312
-1.9835,27.9529,12.1595,2.0239,-1.326,-1.1689
0.0622,25.052,2.6806,2.3701,-1.7649,-0.0908
4.8844,22.6036,-1.5834,1.8162,-0.5175,0.1925
7.656,19.2044,0.3283,0.9661,0.0203,0.2894
6.4053,14.229,5.7323,0.2481,-0.6485,0.2724
6.4053,14.229,5.7323,-0.1716,-0.2416,0.1051
-0.9798,6.7935,7.8499,-0.1716,-0.2416,0.1051
-2.4384,5.5671,4.6878,-0.0725,0.7521,0.2937
-2.6446,4.6447,2.1152,-0.0246,1.2677,0.5568
-2.6446,4.6447,2.1152,-0.2206,0.8352,0.7667
-2.4959,3.7825,0.3714,-0.5029,0.5902,0.6196
-0.8023,1.5547,-1.9593,-0.5029,0.5902,0.6196
-0.8023,1.5547,-1.9593,-1.1133,-0.182,-0.046
0.4599,-2.3068,-2.9679,-1.1133,-0.182,-0.046
0.4599,-2.3068,-2.9679,-1.387,-0.9138,-0.5137
2.0027,-5.313,-0.594,-1.387,-0.9138,-0.5137
2.0027,-5.313,-0.594,-1.0888,-1.0864,-0.6426
3.6843,-5.2771,0.9654,-1.0888,-1.0864,-0.6426
4.0506,-4.0506,0.6539,-0.8107,-1.1151,-0.6426
4.0506,-2.5297,-0.1005,-0.5519,-1.1055,-0.5872
4.0506,-2.5297,-0.1005,-0.2792,-0.9585,-0.3166
3.7394,-0.4336,-0.5581,-0.2792,-0.9585,-0.3166
3.8878,0.0215,-0.0957,-0.1886,-0.8829,-0.1089
4.1057,0.1963,0.5892,-0.08,-0.8872,0.0945
4.1057,0.1963,0.5892,0.2492,-0.9809,0.3395
4.2497,0.2418,1.0564,0.4133,-0.8989,0.381
4.1919,0.2274,1.1019,0.5251,-0.6912,0.4087
4.0219,0.1053,0.9822,0.5645,-0.4653,0.4428
4.3406,0.3235,0.6706,0.5645,-0.4653,0.4428
4.3406,0.3235,0.6706,0.5251,-0.493,0.4087
5.6317,1.382,2.2996,0.6348,-0.8318,0.1968
7.8619,3.9429,6.6738,1.0748,-1.1417,-0.1707
10.9618,9.3783,14.1356,1.9568,-0.9617,-0.6798
14.4448,22.6347,20.7831,2.4425,0.0384,-0.9196
6.7576,44.5821,18.0881,1.2303,1.2475,0.6612
-8.892,32.4276,17.5061,1.2303,1.2475,0.6612
4.7261,21.4682,23.2671,0.1331,1.4648,2.8119
4.7261,21.4682,23.2671,-0.1375,0.2579,2.3922
9.9245,18.687,19.7003,-0.6339,1.1037,1.6263
13.5942,22.9199,8.4464,-0.6339,1.1037,1.6263
13.5942,22.9199,8.4464,-1.616,1.8397,0.5728
8.1013,18.2414,6.2401,-1.616,1.8397,0.5728
8.1013,18.2414,6.2401,-1.7013,2.6122,0.4151
4.5346,15.5299,6.6211,-1.485,3.3078,0.5483
2.132,13.6637,6.0917,-1.1953,3.6774,0.7677
-0.3067,9.9652,3.2483,-1.1953,3.6774,0.7677
-0.3067,9.9652,3.2483,-0.7191,3.6678,1.1981
-2.4097,6.2138,-0.2418,-0.7191,3.6678,1.1981
-2.4097,6.2138,-0.2418,-0.6328,3.7062,1.4633
-4.2832,3.1597,-2.4887,-0.6328,3.7062,1.4633
-4.9562,1.7773,-2.5079,-0.6627,3.5741,1.5656
-5.3297,0.5916,-2.2014,-0.6552,3.3184,1.6572
-5.3297,0.5916,-2.2014,-0.5018,2.6718,1.7658
-5.2364,-0.2585,-2.0147,-0.4123,2.3713,1.7307
-4.7285,-1.0396,-2.8003,-0.4123,2.3713,1.7307
-4.7309,-1.394,-3.1693,-0.3708,2.0794,1.6423
-4.7309,-1.394,-3.1693,-0.3772,1.4264,1.4484
-4.4699,-2.6949,-2.4791,-0.3772,1.4264,1.4484
-4.4699,-2.6949,-2.4791,-0.2408,0.8576,1.2641
-3.9501,-3.3943,-1.581,-0.0704,0.6818,1.0969
-2.7452,-3.9477,-0.3163,-0.0704,0.6818,1.0969
-2.2924,-3.4805,-0.2418,0.147,0.505,0.8625
-2.2924,-3.4805,-0.2418,0.6231,-0.0669,0.2095
-2.0865,-2.7069,-0.5892,0.8159,-0.46,-0.144
-2.2445,-1.9764,-1.1498,0.9523,-0.852,-0.4583
-2.7404,-1.3772,-1.5523,1.0343,-1.2163,-0.7151
-3.4255,-0.9032,-1.8444,1.0652,-1.5614,-0.9196
-4.3574,0.1484,-1.9716,1.0652,-1.5614,-0.9196
-4.3574,0.1484,-1.9716,0.882,-2.1357,-1.3223
-3.1741,3.1932,2.1871,0.882,-2.1357,-1.3223
-1.3245,7.9888,6.9922,0.7456,-2.3989,-1.6376
2.5055,16.9814,11.6732,0.7105,-2.7291,-2.1255
2.5055,16.9814,11.6732,1.356,-3.9669,-4.4488
10.7101,44.1056,6.3048,1.356,-3.9669,-4.4488
10.7101,44.1056,6.3048,-0.1023,-3.56,-6.6827
-20.1795,34.5644,24.7955,-0.1023,-3.56,-6.6827
-20.1795,34.5644,24.7955,0.5251,0.4496,-2.2554
-12.8613,26.5418,22.9582,1.4124,-0.8722,-1.2957
-2.2397,24.6159,19.1087,1.9898,-2.1581,-1.4022
-1.5044,22.9175,6.8629,1.9898,-2.1581,-1.4022
-2.671,23.0708,3.6074,1.8439,-2.1986,-1.676
-2.671,23.0708,3.6074,0.8862,-1.9993,-1.2903
-0.9199,18.1312,3.277,0.8862,-1.9993,-1.2903
-0.9199,18.1312,3.277,0.4974,-2.2465,-0.4242
0.1412,11.4071,4.1033,0.4974,-2.2465,-0.4242
0.1412,11.4071,4.1033,0.1874,-0.7135,0.152
1.5954,6.7097,2.2469,0.1874,-0.7135,0.152
1.5954,6.7097,2.2469,-0.0203,-0.1436,0.2394
2.4983,2.6494,-0.0933,-0.0203,-0.1436,0.2394
2.4049,0.6898,-0.8143,-0.1098,-0.3428,0.0956
2.4049,0.6898,-0.8143,-0.3495,-0.5729,-0.4242
3.1908,-2.6973,-1.9569,-0.3495,-0.5729,-0.4242
3.1908,-2.6973,-1.9569,-0.5508,-0.9106,-0.9367
4.513,-5.3468,-1.8851,-0.5508,-0.9106,-0.9367
4.8581,-6.2258,-1.4062,-0.5668,-1.1375,-1.1093
4.8341,-6.5684,-0.5557,-0.5157,-1.2429,-1.1806
4.8341,-6.5684,-0.5557,-0.194,-0.9074,-0.8685
4.5322,-4.8509,0.9056,-0.194,-0.9074,-0.8685
4.513,-2.9224,1.4254,0.0383,-0.7018,-0.4924
4.6088,-0.9199,1.569,0.2918,-0.6315,-0.1046
4.6088,-0.9199,1.569,0.7179,-0.836,0.3544
4.2951,1.9883,0.7688,0.7179,-0.836,0.3544
4.2951,1.9883,0.7688,0.9139,-0.9457,0.5643
3.5978,2.6806,0.2226,0.8575,-0.9244,0.7422
2.8889,2.8625,-0.3953,0.6742,-0.9085,0.9722
2.5944,2.568,-0.5557,0.4335,-0.8999,1.1629
4.7644,2.2709,2.6686,0.4335,-0.8999,1.1629
4.7644,2.2709,2.6686,0.2109,-0.9543,1.0457
7.3301,3.4255,6.0773,0.4122,-0.9404,0.6836
13.35,14.8808,16.0234,0.4122,-0.9404,0.6836
14.4496,34.2194,18.7301,0.8958,-0.6177,0.266
14.4496,34.2194,18.7301,0.7882,2.2467,0.4971
-11.5798,44.4145,10.0538,0.7882,2.2467,0.4971
-2.6686,25.9166,20.3519,-0.587,3.1672,2.3869
-2.6686,25.9166,20.3519,-0.8011,1.8994,3.2391
7.5168,18.6032,15.98,-0.8011,1.8994,3.2391
7.3038,21.4706,9.51,-0.8938,1.8408,2.4284
6.2665,22.8912,6.6929,-1.2741,2.0443,1.7808
3.9573,21.3101,6.8677,-1.599,1.7801,1.4356
3.9573,21.3101,6.8677,-1.7875,2.2467,1.4772
1.066,16.0905,5.6868,-1.7875,2.2467,1.4772
0.8167,13.5416,3.9644,-1.7119,2.985,1.6156
0.8167,13.5416,3.9644,-1.4243,3.6731,1.7264
-1.3126,8.5781,1.121,-1.4243,3.6731,1.7264
-3.1621,6.7408,-0.2394,-1.2528,3.7797,1.7531
-3.1621,6.7408,-0.2394,-0.9737,3.8553,1.9107
-5.9433,3.9525,-2.1559,-0.9737,3.8553,1.9107
-5.9433,3.9525,-2.1559,-0.7298,3.3461,2.1035
-6.2641,1.0588,-2.4097,-0.7298,3.3461,2.1035
-6.2641,1.0588,-2.4097,-0.4773,2.6388,2.16
-5.7682,-0.0694,-2.6662,-0.3878,2.3489,2.111
-5.1717,-0.9894,-2.9367,-0.3058,2.0752,2.0204
-4.5082,-1.8157,-3.2124,-0.2035,1.8088,1.8798
-3.3417,-3.1669,-3.3512,-0.2035,1.8088,1.8798
-3.3584,-3.6433,-3.0493,-0.0778,1.5575,1.6657
-3.3584,-3.6433,-3.0493,0.2183,1.1644,1.1714
-3.8304,-3.4829,-1.3461,0.2183,1.1644,1.1714
-4.0411,-3.0205,-0.7137,0.4111,0.9492,0.9499
-4.1943,-2.5872,-0.5198,0.6444,0.6296,0.7283
-4.1943,-2.5872,-0.5198,1.0662,-0.2555,0.2553
-4.0482,-1.9497,-1.2671,1.0662,-0.2555,0.2553
-4.0363,-1.7917,-1.605,1.1685,-0.7359,-0.0109
-4.0363,-1.7917,-1.605,1.2335,-1.7553,-0.6021
-4.2521,-0.9247,-1.6552,1.2335,-1.7553,-0.6021
-3.8854,0.1963,-1.1354,1.2111,-2.1709,-0.8941
-3.8854,0.1963,-1.1354,0.9938,-2.8409,-1.5705
-0.7113,6.0366,4.1344,0.9938,-2.8409,-1.5705
2.1392,12.8589,8.1758,0.931,-3.2233,-2.0797
8.1878,24.6614,9.4885,1.1674,-3.7315,-2.8019
8.1878,24.6614,9.4885,1.4817,-4.5794,-5.7613
14.1739,38.9767,7.6656,0.8127,-3.9573,-6.6763
8.0175,46.8793,2.9104,0.0223,-1.2866,-5.0176
-14.1596,28.6355,25.0616,0.0223,-1.2866,-5.0176
-14.1596,28.6355,25.0616,1.6266,1.4477,-0.5264
-4.077,23.6888,17.1011,1.8236,0.717,-0.6884
-0.594,22.2732,9.6297,1.4966,0.473,-1.5119
-0.7137,23.4446,5.6006,1.0375,-0.4632,-2.0637
-7.1338,21.9449,8.2453,1.0375,-0.4632,-2.0637
-7.1338,21.9449,8.2453,0.7339,-2.2625,-1.5417
-6.1587,17.439,6.5086,0.7339,-2.2625,-1.5417
-6.1587,17.439,6.5086,0.2726,-2.011,-0.86
-0.146,13.4314,3.5787,0.2726,-2.011,-0.86
0.8215,10.6574,2.6399,-0.0065,-1.7383,-0.8003
0.8215,10.6574,2.6399,-0.3889,-1.5401,-0.7492
0.8696,5.052,1.3341,-0.3889,-1.5401,-0.7492
1.2336,2.5127,0.4695,-0.5018,-1.4507,-0.683
2.1679,0.1771,-0.424,-0.5987,-1.3441,-0.6074
3.4997,-1.9788,-1.0348,-0.6946,-1.2802,-0.5744
3.4997,-1.9788,-1.0348,-0.831,-1.3228,-0.6981
5.7514,-5.1837,-1.6145,-0.831,-1.3228,-0.6981
5.7514,-5.1837,-1.6145,-0.7926,-1.2525,-0.9047
6.3527,-5.9289,-1.7582,-0.6957,-1.1034,-0.9069
6.2904,-5.6365,-1.5858,-0.6957,-1.1034,-0.9069
5.9816,-4.5489,-1.3054,-0.5402,-0.8754,-0.7641
5.9816,-4.5489,-1.3054,-0.0619,-0.4302,0.0252
5.143,-1.4134,-0.0598,-0.0619,-0.4302,0.0252
4.9251,-0.0071,0.2828,0.246,-0.3183,0.5824
4.7839,0.8601,-0.0909,0.5326,-0.2491,1.0873
4.7839,0.8601,-0.0909,0.8276,-0.2203,1.6199
4.422,1.133,-1.3628,0.8276,-0.2203,1.6199
4.422,1.133,-1.3628,0.6764,-0.477,1.6891
4.2137,1.0013,-1.1761,0.4995,-0.6741,1.6668
4.2015,1.1905,0.0981,0.3685,-0.7838,1.5879
4.7022,1.9114,3.3201,0.3525,-0.6432,1.425
5.7203,3.4302,7.7326,0.4868,-0.1458,1.18
9.6632,15.4892,19.3795,0.4868,-0.1458,1.18
9.6632,15.4892,19.3795,1.34,1.7045,0.6335
-6.3168,49.088,7.9864,1.34,1.7045,0.6335
-6.3168,49.088,7.9864,-0.488,1.0877,2.176
-0.5461,19.3361,18.1983,-0.488,1.0877,2.176
5.5647,15.4363,20.7496,-1.0227,0.0896,2.6074
5.5647,15.4363,20.7496,-1.0163,0.0011,1.7871
10.0753,22.0526,12.3917,-1.0163,0.0011,1.7871
10.0753,22.0526,12.3917,-1.2379,0.7884,1.5123
10.9738,24.235,9.7087,-1.3135,1.4168,1.3216
10.1831,22.709,8.8968,-1.2421,2.2562,1.1352
5.6461,17.53,8.4464,-1.2421,2.2562,1.1352
3.289,15.3237,6.8127,-0.995,2.919,1.0628
1.2479,13.0552,4.8701,-0.7095,3.2652,1.1171
1.2479,13.0552,4.8701,-0.2909,3.4952,1.4537
-0.9558,8.6236,0.9534,-0.2909,3.4952,1.4537
-0.9558,8.6236,0.9534,-0.0629,3.5783,1.7839
-1.2024,6.7696,-0.4958,-0.015,3.5762,1.8511
-1.2455,5.2172,-1.3628,0.017,3.5954,1.8457
-1.5571,4.0075,-1.8564,0.0106,3.6561,1.7967
-2.3834,3.0708,-2.3906,-0.0427,3.72,1.7499
-5.0305,1.4493,-3.5859,-0.0427,3.72,1.7499
-6.2665,0.4336,-4.0147,-0.1364,3.7062,1.7381
-6.2665,0.4336,-4.0147,-0.3559,3.3685,1.8266
-7.0955,-0.7113,-4.2114,-0.4049,3.0159,1.8692
-7.1912,-1.7007,-4.2063,-0.3953,2.5685,1.8447
-6.6451,-2.4265,-3.9884,-0.3058,2.1242,1.7328
-5.8065,-2.9343,-3.0301,-0.1183,1.7322,1.5709
-5.2052,-3.277,-1.7678,0.1672,1.3529,1.4218
-5.6293,-3.2028,-0.2777,0.1672,1.3529,1.4218
-5.7993,-2.6686,-0.9439,0.4974,0.9769,1.311
-5.7442,-2.3427,-1.7869,0.7978,0.5519,1.2045
-5.6676,-2.5393,-2.1942,1.0247,0.032,1.0564
-5.7323,-2.8793,-2.3714,1.1941,-0.623,0.8508
-5.7418,-2.6279,-2.7763,1.3379,-1.4102,0.5792
-5.7418,-2.6279,-2.7763,1.4071,-2.809,-0.324
-5.0041,-0.2633,-3.3512,1.4071,-2.809,-0.324
-3.986,2.2565,-0.8191,1.1717,-3.283,-0.9516
-3.986,2.2565,-0.8191,0.4324,-3.9818,-2.4674
3.2148,17.6931,10.6024,0.4324,-3.9818,-2.4674
3.2148,17.6931,10.6024,0.9171,-5.5871,-5.3788
12.9858,37.0772,11.8216,0.3153,-5.5562,-6.8446
14.5956,55.7474,6.5613,-0.619,-3.3192,-5.4438
-3.5643,51.8979,16.8617,-0.3846,-0.199,-2.5026
-0.5581,24.3858,18.8693,-0.3846,-0.199,-2.5026
4.8868,24.8865,12.0682,0.3323,0.6605,-0.8983
4.8868,24.8865,12.0682,0.3121,1.125,-1.4459
4.1129,24.8194,4.5753,0.3121,1.125,-1.4459
4.1129,24.8194,4.5753,-0.6818,-0.0456,-2.1361
-1.605,20.6993,8.2118,-0.6786,-0.0446,-1.8869
-5.9193,16.7875,8.9567,-0.6254,0.1098,-1.4448
-6.4341,14.6052,6.8534,-0.6786,0.0416,-1.1018
-4.7022,13.084,4.6615,-0.783,-0.2395,-0.9378
-2.3786,9.0668,3.0852,-0.783,-0.2395,-0.9378
-2.3786,9.0668,3.0852,-0.8842,-0.6613,-0.8536
-2.1416,6.6091,2.1009,-0.913,-0.7444,-0.7993
-0.8505,1.9692,-0.6299,-0.913,-0.7444,-0.7993
-0.8505,1.9692,-0.6299,-1.0003,-0.982,-0.7077
1.933,-1.9692,-2.4839,-1.0003,-0.982,-0.7077
3.5667,-3.605,-2.8912,-1.0259,-1.1417,-0.7343
5.421,-4.8748,-2.8625,-1.0078,-1.2397,-0.8099
7.1673,-5.7802,-2.6566,-0.9322,-1.2717,-0.9271
7.1673,-5.7802,-2.6566,-0.5668,-1.1354,-1.1242
8.2357,-5.8903,-2.841,-0.3846,-0.885,-1.1082
8.2501,-5.1478,-2.7835,-0.2003,-0.4536,-0.9623
7.5168,-4.0698,-2.302,0.0191,-0.0648,-0.6617
4.791,-1.9138,-0.333,0.0191,-0.0648,-0.6617
4.791,-1.9138,-0.333,0.5944,-0.0083,0.2138
3.0277,-0.4911,0.7664,0.5944,-0.0083,0.2138
3.0277,-0.4911,0.7664,1.0716,-0.4994,0.7635
2.3618,-0.2442,0.3737,1.176,-0.7444,0.8945
2.5321,0.1149,-0.4312,1.176,-0.7444,0.8945
3.3033,0.9558,-0.8047,1.1824,-0.9777,0.9605
3.3033,0.9558,-0.8047,0.7456,-1.5913,0.7869
4.3861,1.8204,1.6433,0.7105,-1.9087,0.5387
5.5096,2.6949,7.0404,1.0215,-2.0919,0.2362
9.7183,11.3377,16.888,1.0215,-2.0919,0.2362
12.6722,27.8978,19.4178,1.5307,-1.8768,-0.1462
12.6722,27.8978,19.4178,1.7693,0.9918,-0.5009
0.9343,48.5466,13.8339,0.164,2.1114,1.6614
-10.7005,23.332,21.303,0.164,2.1114,1.6614
3.5643,18.5457,26.8964,-0.668,2.0954,3.8494
8.0319,20.3854,22.8984,-0.7042,1.5234,3.8313
7.5001,25.0999,15.1059,-0.7862,1.1111,2.797
4.8796,27.8403,11.6947,-1.2144,0.9311,1.9288
1.6528,25.5958,12.4947,-1.7055,0.5561,1.4612
0.5437,21.6361,12.1499,-1.9058,0.4517,1.4793
1.4876,18.4093,9.1338,-1.778,0.9737,1.8138
2.4289,15.4773,5.6485,-1.534,1.6736,2.1174
2.4289,15.4773,5.6485,-1.2283,2.5685,2.2186
2.2541,12.2577,3.2387,-1.1175,2.9072,2.1962
0.0191,6.9132,0.4456,-1.1175,2.9072,2.1962
0.0191,6.9132,0.4456,-0.8672,3.4228,2.2441
-2.2828,3.8639,-1.4517,-0.8672,3.4228,2.2441
-3.066,2.8003,-1.8157,-0.7564,3.4952,2.2729
-3.066,2.8003,-1.8157,-0.5721,3.2801,2.1738
-4.422,0.9822,-2.053,-0.5721,3.2801,2.1738
-5.076,0.1819,-2.3834,-0.4837,3.1054,2.0545
-5.5599,-0.6515,-2.738,-0.407,2.8987,1.931
-5.6844,-1.5738,-2.9343,-0.3431,2.6313,1.8372
-5.4019,-2.5656,-2.8051,-0.2866,2.3074,1.7637
-5.0329,-3.4973,-2.3068,-0.2195,1.9644,1.6742
-4.6232,-4.1201,-1.7247,-0.1119,1.6288,1.5507
-4.2928,-4.3478,-1.3054,0.0575,1.322,1.3813
-4.0195,-4.0698,-1.0037,0.2513,1.0334,1.1619
-4.0195,-4.0698,-1.0037,0.622,0.3282,0.6218
-3.3512,-2.4361,-0.963,0.622,0.3282,0.6218
-2.6087,-1.6433,-1.411,0.7563,-0.0062,0.2756
-2.1464,-1.1354,-1.9402,0.8191,-0.3141,-0.1099
-2.4025,-1.0827,-2.4672,0.8447,-0.7007,-0.5382
-3.1645,-0.9894,-2.987,0.8362,-1.1737,-0.9793
-4.1727,-0.7329,-2.9176,0.7403,-1.6115,-1.4182
-4.1727,-0.7329,-2.9176,0.3472,-2.2795,-2.0712
-4.5848,1.7726,0.8167,0.3472,-2.2795,-2.0712
-3.435,5.7873,6.5804,0.131,-2.6364,-2.3098
-3.435,5.7873,6.5804,0.3717,-3.5163,-3.2419
9.3352,28.7863,15.2304,0.3717,-3.5163,-3.2419
13.2327,45.5954,14.8976,0.8553,-4.3749,-4.5627
13.2327,45.5954,14.8976,0.7499,-3.2755,-6.067
-12.7129,33.7833,21.5065,0.7499,-3.2755,-6.067
-2.8362,25.6843,20.1795,0.5571,-0.6965,-3.5092
-2.8362,25.6843,20.1795,1.3272,-0.9042,-1.4917
2.7691,23.6936,18.6295,1.618,-1.5103,-1.6003
-2.2134,21.437,7.6919,1.618,-1.5103,-1.6003
-2.2134,21.437,7.6919,0.7861,-0.1916,-1.1167
-1.6912,21.5376,4.5226,0.3696,-0.2651,-0.8856
-0.3642,19.3146,4.4196,0.2396,-0.6709,-0.7258
-0.4887,11.8504,7.548,0.2396,-0.6709,-0.7258
-0.9439,9.0812,7.4163,0.3248,-0.8073,-0.5904
-0.9439,9.0812,7.4163,0.6497,-0.3268,-0.3624
-1.1976,6.8031,5.7107,0.6806,-0.1085,-0.2772
-1.1689,4.7982,2.9343,0.5581,-0.1255,-0.2111
-0.7592,3.0349,0.1675,0.3248,-0.3844,-0.209
0.7712,-0.2633,-2.3092,0.3248,-0.3844,-0.209
0.7712,-0.2633,-2.3092,-0.2089,-1.0256,-0.4551
1.6864,-2.0123,-2.0266,-0.4091,-1.1513,-0.6628
2.7069,-3.7322,-1.1809,-0.5071,-1.1545,-0.8547
3.7155,-5.2028,-0.1484,-0.4762,-1.1354,-0.9665
4.7261,-6.1204,0.2489,-0.3772,-1.1247,-0.9772
5.5264,-6.2306,0.1292,-0.2547,-1.0214,-0.8983
5.8544,-5.3995,0.0191,-0.1428,-0.8009,-0.7439
5.749,-3.7322,-0.1819,-0.0576,-0.5633,-0.5328
5.4617,-1.7654,-0.4121,0.0149,-0.395,-0.2623
4.592,1.3054,-0.0814,0.0149,-0.395,-0.2623
4.592,1.3054,-0.0814,0.1917,-0.2949,0.3906
4.2784,3.0277,0.5054,0.1917,-0.2949,0.3906
4.2784,3.0277,0.5054,0.3387,-0.3109,0.8487
4.0602,3.3704,0.3809,0.3248,-0.3141,0.9744
3.737,3.2938,0.3139,0.2354,-0.3087,1.0607
3.4925,2.8889,0.1915,0.0713,-0.3279,1.1043
3.5236,2.3211,0.3546,-0.113,-0.345,1.1011
3.749,1.8516,1.37,-0.2291,-0.3684,1.0585
4.4125,1.9497,3.5476,-0.1162,-0.4259,0.9531
8.5062,8.7627,15.3166,-0.1162,-0.4259,0.9531
12.2457,23.1498,19.8368,0.3579,-0.379,0.7304
5.2005,47.7777,17.8775,1.1142,0.0981,0.3746
5.2005,47.7777,17.8775,-0.1908,2.7453,1.9576
-14.0087,47.1669,14.0805,-0.7181,2.4576,3.9219
-8.9327,25.6508,24.75,-0.6499,1.3455,3.9357
8.8776,19.1039,20.5581,-0.6499,1.3455,3.9357
8.8776,19.1039,20.5581,-1.4648,1.3188,2.1557
8.9375,23.871,12.6048,-1.4648,1.3188,2.1557
8.9375,23.871,12.6048,-1.8941,1.2997,1.3302
5.8185,22.1317,12.9595,-1.6981,1.9271,1.3824
1.1665,17.609,8.1157,-1.6981,1.9271,1.3824
0.0526,16.1264,5.0999,-1.4616,2.6718,1.5517
-1.1115,14.2098,3.1142,-1.2581,3.1107,1.7041
-2.3283,11.6516,1.9545,-1.1026,3.2854,1.817
-2.3283,11.6516,1.9545,-0.8118,3.4154,1.9949
-3.3153,8.8705,0.9487,-0.6722,3.3387,2.046
-4.4795,4.1153,-0.9343,-0.6722,3.3387,2.046
-4.8341,2.3834,-1.6481,-0.5604,3.1586,2.0492
-5.0017,1.1737,-2.2732,-0.472,2.8913,2.0119
-5.0017,1.1737,-2.2732,-0.3122,2.2424,1.8393
-4.9826,-0.3522,-3.2148,-0.3122,2.2424,1.8393
-4.6255,-1.0755,-3.4733,-0.2632,1.9761,1.7392
-4.6255,-1.0755,-3.4733,-0.1865,1.55,1.5517
-4.168,-1.83,-3.6266,-0.1386,1.403,1.4154
-3.7609,-3.119,-3.1549,-0.1386,1.403,1.4154
-3.7609,-3.119,-3.1549,0.0308,1.2134,1.0202
-4.2209,-3.9644,-1.8947,0.0308,1.2134,1.0202
-4.2209,-3.9644,-1.8947,0.3898,0.8171,0.6047
-4.0985,-3.6146,-1.1162,0.3898,0.8171,0.6047
-4.0985,-3.6146,-1.1162,0.8106,0.0043,0.0988
-3.6532,-2.9224,-1.37,0.8106,0.0043,0.0988
-3.6532,-2.9224,-1.37,1.1152,-1.0075,-0.4828
-3.8783,-2.4552,-1.6505,1.1152,-1.0075,-0.4828
-3.8783,-2.4552,-1.6505,1.323,-1.9897,-1.0134
-4.065,-2.2086,-1.8994,1.4007,-2.4937,-1.2637
-3.8591,-0.9151,-1.9138,1.4007,-2.4937,-1.2637
-3.8591,-0.9151,-1.9138,1.3038,-3.5035,-1.8901
-1.5978,4.5633,2.4313,1.3038,-3.5035,-1.8901
1.0564,11.6037,7.5791,1.0716,-3.8955,-2.3428
1.0564,11.6037,7.5791,1.2686,-4.9117,-4.0557
7.6201,25.0807,10.6215,1.2559,-5.259,-5.8859
12.9427,54.4923,8.9614,1.2559,-5.259,-5.8859
-9.2392,42.8502,21.1425,0.6391,-4.3568,-7.1759
-9.2392,42.8502,21.1425,0.4516,1.4935,-3.1225
-10.7341,29.498,22.2134,1.2463,0.848,-1.7164
-3.4566,26.4364,19.2787,2.0335,-0.5591,-1.2754
-5.9026,21.6528,7.1817,2.0335,-0.5591,-1.2754
-5.9026,21.6528,7.1817,1.5147,-0.3066,-0.7609
-2.3139,20.0765,3.38,1.5147,-0.3066,-0.7609
-2.3139,20.0765,3.38,0.7861,-2.0376,-0.4796
-0.8912,13.1606,8.1205,0.7861,-2.0376,-0.4796
-0.8912,13.1606,8.1205,0.8276,-1.9417,-0.2292
-1.1139,8.6834,4.8389,0.8276,-1.9417,-0.2292
-1.1139,8.6834,4.8389,0.5262,-0.6517,-0.0908
0.0454,6.9922,1.5355,0.2194,-0.5921,-0.1802
1.0803,5.4354,-0.9175,-0.1162,-0.7519,-0.3411
1.4254,3.8184,-1.7965,-0.4294,-0.8659,-0.5435
1.3628,2.0817,-1.8468,-0.7127,-0.9319,-0.7492
1.4565,0.1628,-2.1344,-0.9577,-1.0565,-0.925
1.7678,-1.7319,-2.1751,-1.0994,-1.2515,-1.0443
2.2852,-3.4542,-1.8157,-1.1175,-1.4794,-1.0954
2.9679,-4.8485,-1.3413,-1.0238,-1.6371,-1.0848
3.7322,-5.7634,-0.8358,-0.848,-1.6477,-1.0017
4.4819,-5.7754,-0.5868,-0.848,-1.6477,-1.0017
4.4819,-5.7754,-0.5868,-0.4347,-1.4176,-0.52
5.3803,-2.75,-0.6922,-0.4347,-1.4176,-0.52
5.3803,-2.75,-0.6922,-0.0693,-1.3708,0.217
6.1204,0.8601,0.7137,-0.0693,-1.3708,0.217
6.1611,2.0937,0.951,0.1118,-1.3303,0.5376
6.1611,2.0937,0.951,0.3579,-0.9841,0.9211
5.9648,2.6423,0.4025,0.3387,-0.7785,1.0266
5.4067,2.4432,-0.4121,0.2322,-0.6081,1.1288
4.9179,1.8133,-0.582,0.1075,-0.4568,1.2087
5.7897,0.9678,2.7117,0.1075,-0.4568,1.2087
7.8021,2.2158,7.275,0.0596,-0.3652,1.213
10.8777,6.3431,12.7584,0.2396,-0.4142,1.0575
10.8777,6.3431,12.7584,1.6628,-0.4131,0.0327
14.2027,17.082,17.0437,2.3126,0.3846,-0.4902
11.5678,35.8603,14.8374,1.1504,1.5298,0.3651
-5.9624,47.5958,6.4365,-0.1758,1.975,2.65
-12.5929,33.5918,15.688,-0.1077,1.1037,3.8164
1.2767,21.4442,26.1755,0.1129,0.4006,3.5043
10.5712,19.8679,24.7404,-0.2089,1.1761,2.8726
14.0829,27.9026,9.5723,-0.2089,1.1761,2.8726
14.0829,27.9026,9.5723,-1.7375,2.5696,1.8191
11.5822,27.1837,5.5216,-2.1274,2.8273,1.573
3.7298,19.1949,6.9898,-2.1274,2.8273,1.573
1.2168,16.8545,5.8759,-2.1018,3.4782,1.5432
-0.6754,14.955,3.8423,-1.8898,4.1578,1.6391
-0.6754,14.955,3.8423,-1.3902,4.6137,2.0002
-3.8687,11.388,-0.0454,-1.3902,4.6137,2.0002
-5.5862,9.4957,-1.1593,-1.2475,4.504,2.1536
-7.1457,7.2152,-1.4805,-1.1718,4.2878,2.2601
-8.0606,4.6184,-1.3796,-1.1143,3.9799,2.3315
-8.0606,4.6184,-1.3796,-0.8629,3.0116,2.4178
-7.9553,2.1057,-1.0612,-0.6765,2.4885,2.3858
-7.0883,0.2202,-1.2288,-0.5327,2.0688,2.2793
-5.2268,-2.0195,-2.2134,-0.5327,2.0688,2.2793
-5.2268,-2.0195,-2.2134,-0.3836,1.5798,1.9831
-4.3837,-2.9846,-2.6494,-0.3388,1.4488,1.8031
-3.7131,-3.8735,-3.0349,-0.3069,1.3785,1.5869
-3.3249,-4.4819,-3.2938,-0.2728,1.3338,1.3163
-3.1741,-4.6303,-3.3345,-0.194,1.2581,1.0106
-3.1166,-3.7131,-1.9521,-0.194,1.2581,1.0106
-3.1166,-3.7131,-1.9521,0.1427,0.9439,0.3778
-3.0397,-2.9918,-1.4781,0.3334,0.6211,0.07
-2.8553,-2.3283,-1.3652,0.5091,0.1641,-0.2303
-2.726,-1.9018,-1.3533,0.671,-0.3418,-0.5211
-2.7572,-1.8037,-1.3509,0.8234,-0.8467,-0.8003
-3.3441,-1.526,-1.5092,0.8234,-0.8467,-0.8003
-3.8016,-1.0061,-1.8204,0.9757,-1.342,-1.0848
-3.8016,-1.0061,-1.8204,1.1568,-2.3243,-1.66
-4.3454,-0.1053,-1.6385,1.1142,-2.7408,-1.9284
-4.5058,1.411,-0.1651,1.0364,-3.1104,-2.2203
-0.582,9.3712,6.5325,1.0364,-3.1104,-2.2203
-0.582,9.3712,6.5325,1.4987,-4.3514,-3.26
3.2148,17.7362,10.0969,1.8471,-4.9661,-4.5287
15.1585,44.266,7.0979,1.8471,-4.9661,-4.5287
15.1585,44.266,7.0979,0.8468,-3.8976,-6.7125
-14.8808,34.8709,21.0947,0.8468,-3.8976,-6.7125
-14.8808,34.8709,21.0947,1.2697,0.2472,-2.2789
-7.8643,27.6293,19.2619,2.1123,-0.9127,-1.3106
-0.1077,25.2172,17.003,2.4851,-1.4166,-1.2179
-1.9378,22.7452,2.3594,2.4851,-1.4166,-1.2179
-0.3283,23.078,0.0191,2.0026,-0.6571,-1.2147
1.2527,20.5557,1.4158,1.2878,-0.5228,-1.1252
1.2527,20.5557,1.4158,0.4782,-1.9865,-0.9058
-1.212,13.2997,7.8978,0.4782,-1.9865,-0.9058
-2.053,11.6349,6.9874,0.4942,-1.8565,-0.7556
-1.6457,10.5832,4.513,0.5411,-1.3772,-0.5403
-1.6457,10.5832,4.513,0.3525,-0.8797,-0.2292
-0.1771,8.075,0.5892,0.3525,-0.8797,-0.2292
0.2852,6.4077,-0.3474,0.1448,-0.967,-0.1952
0.2852,6.4077,-0.3474,-0.3537,-1.2856,-0.3315
0.7999,4.5609,-0.7999,-0.5838,-1.4113,-0.4785
1.4853,2.659,-1.0923,-0.7841,-1.5167,-0.6468
3.2363,-0.8984,-1.605,-0.7841,-1.5167,-0.6468
4.1033,-2.4815,-1.4876,-0.9396,-1.6254,-0.8067
4.1033,-2.4815,-1.4876,-1.0685,-1.831,-1.0358
4.8174,-3.84,-1.1905,-1.0461,-1.7606,-1.0666
5.694,-5.6652,-0.448,-1.0461,-1.7606,-1.0666
5.8041,-5.7227,-0.1891,-0.9662,-1.5359,-1.0176
5.8041,-5.7227,-0.1891,-0.6786,-0.9852,-0.6394
5.8903,-4.906,-0.237,-0.538,-0.8882,-0.3752
5.9121,-3.2579,0.1244,-0.374,-0.8957,-0.111
5.5216,-1.37,0.7712,-0.1876,-0.9266,0.1595
4.4101,1.6552,1.3437,-0.1876,-0.9266,0.1595
4.4101,1.6552,1.3437,0.0745,-0.8051,0.7262
4.6591,2.6806,-0.3618,0.0745,-0.8051,0.7262
5.5814,2.4911,0.0454,0.0181,-0.7902,0.9765
6.7815,2.4696,2.1966,-0.1258,-0.8392,1.1342
6.7815,2.4696,2.1966,-0.1109,-0.8637,1.0298
9.4334,6.851,12.2194,-0.1109,-0.8637,1.0298
9.4334,6.851,12.2194,1.144,-0.3141,0.5099
10.8562,15.4821,15.2854,1.6585,0.505,0.2734
-0.7688,39.044,7.1577,1.6585,0.505,0.2734
-5.7395,28.7432,12.4037,0.9235,1.4275,0.7794
-5.7395,28.7432,12.4037,-0.048,1.1697,3.0441
2.9319,18.6511,20.3159,0.0436,0.8789,2.7672
10.1568,17.1302,20.8334,-0.1482,1.1591,2.1099
12.9714,20.2681,17.4486,-0.5263,1.7236,1.523
11.3281,24.8242,12.7248,-0.9577,2.0304,1.2609
7.1003,26.0004,8.7002,-1.2709,2.2009,1.3355
3.7107,23.066,7.6225,-1.2911,2.5119,1.5272
2.5704,19.6285,7.5408,-1.1228,2.8923,1.6316
2.4169,17.0125,6.4053,-0.9396,3.1821,1.638
0.9319,12.7727,2.7979,-0.9396,3.1821,1.638
-0.6395,10.8897,1.3796,-0.8182,3.3568,1.6231
-2.3235,9.1506,0.2466,-0.7457,3.4952,1.6455
-2.3235,9.1506,0.2466,-0.6893,3.6976,1.8244
-3.749,7.4283,-0.5701,-0.6424,3.6284,1.9363
-5.2555,3.9357,-1.3293,-0.6424,3.6284,1.9363
-5.2555,3.9357,-1.3293,-0.4997,3.1299,2.0545
-5.4378,2.4935,-1.6217,-0.4432,2.8199,2.0375
-5.3588,1.3676,-1.8899,-0.4145,2.514,1.9736
-5.1262,-0.3139,-2.4384,-0.4145,2.514,1.9736
-5.1262,-0.3139,-2.4384,-0.3985,1.9271,1.7978
-4.5585,-1.9306,-2.2038,-0.3985,1.9271,1.7978
-4.5585,-1.9306,-2.2038,-0.3356,1.4509,1.573
-3.6556,-3.7801,-1.2814,-0.3356,1.4509,1.573
-3.5164,-4.2784,-1.1546,-0.2302,1.2709,1.4228
-3.6074,-4.2521,-1.4134,-0.0693,1.1207,1.246
-3.6074,-4.2521,-1.4134,0.2695,0.6829,0.8465
-3.9692,-2.6399,-2.3523,0.2695,0.6829,0.8465
-3.9692,-2.6399,-2.3523,0.4484,-0.1415,0.3246
-4.1201,-0.9726,-2.4552,0.4484,-0.1415,0.3246
-4.1201,-0.9726,-2.4552,0.556,-1.2206,-0.3038
-4.2928,-0.4288,-1.9234,0.556,-1.2206,-0.3038
-4.2928,-0.4288,-1.9234,0.6402,-2.0696,-0.9218
-4.6471,-0.2011,-1.9545,0.6178,-2.4084,-1.1785
-4.9706,0.1795,-1.6145,0.5667,-2.7238,-1.4128
-4.6351,1.1115,-0.2801,0.5752,-3.0668,-1.6941
-0.0837,7.3564,6.379,0.5752,-3.0668,-1.6941
-0.0837,7.3564,6.379,1.3922,-4.2204,-2.8712
10.9304,25.1837,6.7672,1.3922,-4.2204,-2.8712
10.9304,25.1837,6.7672,1.7224,-5.5487,-6.1384
14.5812,39.5252,4.1057,0.8436,-5.2057,-7.423
9.9939,49.0975,-0.0095,-0.3463,-3.1221,-6.4089
-9.3209,42.8047,7.5866,-0.1918,0.0789,-3.4879
-0.6323,22.5653,20.5605,-0.1918,0.0789,-3.4879
-0.6323,22.5653,20.5605,2.2103,-1.1268,-1.2563
4.132,20.3183,14.3251,2.3807,-1.0981,-1.5939
2.6997,20.74,5.761,1.8854,-0.6326,-1.8986
1.3437,22.7619,-0.3714,1.1504,-1.016,-1.9306
-1.0013,19.2715,1.4493,1.1504,-1.016,-1.9306
-2.5848,14.8808,5.6293,0.6252,-1.6179,-1.6749
-2.5848,14.8808,5.6293,0.523,-0.9543,-0.7194
-1.2743,9.9652,5.0137,0.523,-0.9543,-0.7194
-1.2743,9.9652,5.0137,0.4101,-0.0648,-0.1983
-0.1125,7.9792,2.7572,0.1651,0.0874,-0.2378
0.987,3.9166,-0.9463,0.1651,0.0874,-0.2378
1.1833,2.0554,-1.8085,-0.1407,-0.0563,-0.3794
1.6792,0.2923,-2.12,-0.4603,-0.4504,-0.5637
2.4744,-1.3245,-2.2756,-0.7671,-0.8904,-0.778
2.4744,-1.3245,-2.2756,-1.2294,-1.4389,-1.1796
3.4829,-2.6135,-2.1679,-1.321,-1.5551,-1.2541
4.4173,-3.6385,-1.6313,-1.2901,-1.5614,-1.1828
5.2005,-4.3335,-0.8529,-1.1654,-1.4208,-0.9665
5.9864,-3.8926,1.1617,-1.1654,-1.4208,-0.9665
5.9864,-3.8926,1.1617,-0.7159,-0.8829,-0.2314
6.1755,-1.0324,1.3868,-0.7159,-0.8829,-0.2314
5.7371,0.3067,0.9127,-0.4869,-0.6901,0.1573
4.9275,0.9582,0.4958,-0.3473,-0.5399,0.4982
4.9275,0.9582,0.4958,-0.3069,-0.2693,1.0713
3.7849,0.7089,0.6491,-0.3228,-0.1788,1.3461
2.8266,-0.1268,0.9415,-0.3399,-0.1724,1.572
2.9032,-1.1953,1.7414,-0.3399,-0.1724,1.572
4.0052,-0.6227,2.5198,-0.3527,-0.2107,1.687
4.0052,-0.6227,2.5198,-0.2547,-0.4355,1.4154
8.0582,4.3837,11.1509,-0.2547,-0.4355,1.4154
8.0582,4.3837,11.1509,0.9118,-0.8637,0.478
10.9714,12.6264,15.283,1.8045,-0.6922,-0.193
-2.7883,46.8147,5.9768,1.8045,-0.6922,-0.193
-17.0078,38.5505,8.4967,1.4316,0.2366,-0.1291
-17.0078,38.5505,8.4967,-0.4113,0.3932,3.6023
-3.4326,22.1293,22.2541,0.0532,-0.3247,3.4766
9.6225,16.572,26.3,0.2077,-0.1063,2.7459
15.8627,17.6521,20.752,-0.097,0.9609,1.9373
18.5745,23.3249,13.8675,-0.5561,1.6608,1.2204
16.0833,27.706,7.972,-1.0227,2.1614,0.8764
10.2813,26.0961,4.6399,-1.2943,3.0329,0.9062
5.1382,22.2205,5.1957,-1.2379,3.9597,1.0915
0.5078,17.0676,5.9911,-1.2379,3.9597,1.0915
0.5078,17.0676,5.9911,-0.6254,4.536,1.4686
-1.2575,14.9048,4.671,-0.3878,4.3751,1.6242
-5.4737,11.4215,1.1162,-0.3878,4.3751,1.6242
-7.3109,9.5459,-0.1077,-0.2696,4.1131,1.7552
-7.3109,9.5459,-0.1077,-0.1844,3.3205,2.0119
-7.5336,4.8605,-0.831,-0.1844,3.3205,2.0119
-7.5336,4.8605,-0.831,-0.0011,2.3116,2.1046
-6.0271,1.3413,-1.0181,-0.0011,2.3116,2.1046
-5.7442,0.5126,-1.5667,0.1214,1.9921,2.0705
-5.7442,0.5126,-1.5667,0.2567,1.6469,1.9107
-5.9385,-0.0119,-2.0362,0.2886,1.4456,1.8191
-6.3862,-0.4671,-2.3139,0.3248,1.1378,1.719
-6.7097,-0.963,-2.3834,0.3664,0.7308,1.5848
-6.7432,-1.5475,-2.2804,0.4111,0.3005,1.4037
-6.4245,-2.1272,-1.9162,0.4569,-0.101,1.1746
-4.7213,-2.6351,-1.303,0.4569,-0.101,1.1746
-4.7213,-2.6351,-1.303,0.5347,-0.8978,0.5174
-3.8615,-2.7596,-0.9175,0.5762,-1.3069,0.1286
-3.3656,-2.6925,-1.4589,0.5762,-1.3069,0.1286
-3.3512,-2.4025,-2.1631,0.5837,-1.6914,-0.2474
-3.4805,-1.8994,-2.7548,0.5581,-2.076,-0.6127
-3.4805,-1.8994,-2.7548,0.3781,-2.8186,-1.3117
-3.4877,-0.213,-2.9224,0.3781,-2.8186,-1.3117
-3.0253,0.975,-2.1799,0.213,-3.152,-1.6429
-2.278,2.4911,-0.7568,0.0138,-3.3672,-1.9636
-1.0947,4.9323,2.46,-0.1684,-3.3746,-2.2608
0.9846,9.4765,7.0212,-0.2792,-3.2372,-2.558
5.0975,18.4835,10.1496,-0.0906,-3.1861,-2.9202
5.0975,18.4835,10.1496,1.3837,-3.9797,-4.7928
16.5095,49.1143,-0.2681,1.3837,-3.9797,-4.7928
16.5095,49.1143,-0.2681,-0.3708,-2.728,-6.9831
1.9114,48.839,-7.0596,-1.763,-0.3908,-5.0858
-14.416,36.0734,8.7843,-1.0025,1.9271,-2.6219
-2.6518,20.4982,23.0157,-1.0025,1.9271,-2.6219
0.0311,19.5926,13.9273,0.784,1.1218,-1.1604
0.0311,19.5926,13.9273,1.8183,-0.6997,-1.1891
-1.5954,21.3652,0.8023,1.8183,-0.6997,-1.1891
-1.5954,21.3652,0.8023,0.7339,-1.8938,-1.3777
-2.0769,15.4988,2.1344,0.7339,-1.8938,-1.3777
-1.6552,12.0973,3.4829,0.4133,-2.6204,-1.1423
-0.6587,9.6321,3.1358,0.3046,-2.663,-0.8248
-0.6587,9.6321,3.1358,0.1331,-1.6925,-0.2367
0.8672,7.6823,2.1392,0.0159,-1.1907,-0.0673
2.3523,5.7706,1.2288,-0.0864,-0.7998,-0.0045
3.3369,4.0147,0.4504,-0.1908,-0.5644,-0.0332
3.9597,0.9056,-1.2838,-0.1908,-0.5644,-0.0332
4.0842,-0.7425,-1.9788,-0.309,-0.4632,-0.1206
4.0842,-0.7425,-1.9788,-0.5284,-0.443,-0.3475
4.5777,-2.1918,-2.841,-0.6083,-0.5644,-0.4636
6.0917,-3.8543,-2.5896,-0.6083,-0.5644,-0.4636
6.0917,-3.8543,-2.5896,-0.521,-0.6613,-0.5712
6.7025,-3.9764,-0.1053,-0.521,-0.6613,-0.5712
5.9217,-3.3033,1.2407,-0.3484,-0.6145,-0.4519
5.9217,-3.3033,1.2407,0.0884,-0.5484,0.3715
5.2627,-2.1104,2.4097,0.278,-0.574,0.7667
5.1286,0.1675,1.6528,0.278,-0.574,0.7667
5.1286,0.1675,1.6528,0.3738,-0.7167,1.1331
4.7453,0.4144,0.7377,0.3099,-0.689,1.3163
5.2747,-0.2059,0.9726,0.3099,-0.689,1.3163
6.4221,0.3139,3.5284,0.2098,-0.6091,1.5357
6.4221,0.3139,3.5284,0.3557,-0.3897,1.752
10.3893,8.087,15.0149,0.3557,-0.3897,1.752
11.7402,20.4788,18.3997,0.9086,-0.1841,1.6146
4.7309,39.269,8.9447,1.8535,0.3122,1.3025
-11.6971,44.6422,-3.7801,2.2178,1.077,1.1555
-6.7696,27.433,10.1807,0.5677,1.2411,2.1003
7.0404,20.371,28.4918,-1.1228,-0.0691,3.6652
7.0404,20.371,28.4918,-0.6595,-0.4472,3.2273
14.5741,22.8816,27.354,-1.0429,1.1878,2.8151
15.2495,30.3315,17.0365,-1.861,1.6555,2.8343
15.8867,32.1544,8.0415,-1.861,1.6555,2.8343
15.8867,32.1544,8.0415,-2.5172,1.8877,2.3815
12.9236,26.6881,12.0973,-2.2754,2.838,2.0684
5.6676,19.2715,9.9485,-2.2754,2.838,2.0684
3.0732,16.6869,6.7791,-1.9473,3.507,1.981
0.7137,13.822,4.0722,-1.6523,3.7424,2.0769
-1.0516,11.0695,2.0554,-1.4275,3.8649,2.258
-2.3475,8.7771,0.2394,-1.2421,4.0705,2.4529
-3.4111,6.8222,-0.8457,-1.0653,4.193,2.6138
-4.0578,5.0161,-1.4637,-0.8906,4.0811,2.7331
-4.4268,3.3201,-1.7917,-0.7085,3.7988,2.7778
-5.0065,1.7199,-1.8947,-0.5593,3.4335,2.7022
-5.0065,1.7199,-1.8947,-0.2845,2.6729,2.3496
-6.5972,-0.7018,-2.0697,-0.2845,2.6729,2.3496
-7.196,-1.4254,-2.1224,-0.1215,2.35,2.2282
-7.196,-1.4254,-2.1224,0.2737,1.6352,2.1547
-6.5349,-2.1392,-2.1583,0.2737,1.6352,2.1547
-6.5349,-2.1392,-2.1583,0.7264,0.701,1.9246
-4.5705,-2.4528,-1.3628,0.7264,0.701,1.9246
-3.919,-2.4576,-0.7185,0.9363,0.2707,1.6689
-3.919,-2.4576,-0.7185,1.3326,-0.4813,0.9786
-3.6748,-2.4696,-0.3187,1.4828,-0.8115,0.6069
-3.6026,-2.5968,-0.4528,1.5765,-1.1343,0.2319
-3.7346,-2.6734,-1.1785,1.5829,-1.4784,-0.1451
-4.0506,-2.1918,-3.538,1.5829,-1.4784,-0.1451
-4.1153,-1.7319,-4.0052,1.4796,-1.8714,-0.5105
-4.1153,-1.7319,-4.0052,1.0886,-2.7962,-1.1721
-3.1812,0.0861,-4.4508,1.0886,-2.7962,-1.1721
-1.8899,1.3796,-2.7955,0.752,-3.1541,-1.4885
-1.8899,1.3796,-2.7955,0.033,-3.1126,-2.0978
-0.4599,2.7763,-0.134,-0.0608,-3.0657,-2.2981
2.5752,8.5589,6.3958,-0.0608,-3.0657,-2.2981
2.5752,8.5589,6.3958,0.5656,-3.3395,-2.5313
5.682,13.8555,8.6691,1.0215,-3.6047,-2.9777
10.4108,23.5547,6.9802,1.0215,-3.6047,-2.9777
10.4108,23.5547,6.9802,1.029,-3.6313,-4.469
9.8383,26.1946,7.5791,0.9267,-3.1967,-4.943
8.7843,27.1167,8.3123,0.932,-2.6758,-5.0069
3.5069,25.9357,10.219,0.932,-2.6758,-5.0069
3.1142,25.5308,10.1017,1.0716,-2.0953,-4.501
3.1142,25.5308,10.1017,1.3634,-0.443,-2.8861
3.8854,24.2038,8.9399,1.2037,0.456,-2.5175
2.9319,22.3905,6.6355,0.9927,0.8938,-2.3343
1.6409,21.6863,4.3813,0.8713,0.7639,-2.1351
-0.9798,21.3892,4.077,0.8319,0.3814,-1.7314
-4.6232,19.8081,4.8892,0.7957,0.0331,-1.122
-7.1745,17.0389,5.8903,0.7584,-0.2938,-0.5509
-4.3215,11.2491,4.5657,0.7584,-0.2938,-0.5509
-2.2828,8.7077,3.0038,0.6817,-0.6571,-0.2442
-2.2828,8.7077,3.0038,0.2865,-1.4379,-0.274
-0.7927,6.4245,1.3198,-0.0235,-1.733,-0.3858
0.6084,4.4723,0.1292,-0.3623,-1.7724,-0.4934
1.818,2.6327,-0.4719,-0.6946,-1.619,-0.5659
3.2435,0.7401,-0.9582,-0.9918,-1.4634,-0.6138
6.6139,-2.7524,-1.1115,-0.9918,-1.4634,-0.6138
6.6139,-2.7524,-1.1115,-1.3199,-1.2621,-0.8046
8.0415,-4.1249,-0.5844,-1.2986,-1.0917,-0.9463
9.68,-5.2603,0.3809,-1.2986,-1.0917,-0.9463
9.6082,-4.6639,0.3809,-1.1537,-0.8073,-1.0688
8.9926,-3.2219,0.1436,-0.9322,-0.4909,-1.0858
8.9926,-3.2219,0.1436,-0.5199,0.1354,-0.6692
8.0846,-1.49,-0.2035,-0.4006,0.4507,-0.2846
7.117,0.1436,-0.2971,-0.3143,0.6829,0.152
4.9323,2.108,-0.0981,-0.3143,0.6829,0.152
4.9323,2.108,-0.0981,-0.2121,0.8118,0.969
3.7777,2.2325,0.0191,-0.2174,0.8086,1.2982
2.7284,1.7941,-0.1077,-0.2888,0.7809,1.5688
2.4983,0.5174,0.4599,-0.2888,0.7809,1.5688
2.4983,0.5174,0.4599,-0.538,0.6424,1.8191
4.2999,1.6624,4.8222,-0.538,0.6424,1.8191
5.773,4.6375,9.2464,-0.6169,0.6126,1.7552
5.773,4.6375,9.2464,-0.0278,0.8469,1.2886
8.087,11.5247,14.8015,0.7392,1.2794,0.9019
2.6614,43.3173,8.1639,0.7392,1.2794,0.9019
2.6614,43.3173,8.1639,-0.5785,1.9303,2.2132
-5.1885,20.0741,21.7725,-0.5785,1.9303,2.2132
4.7982,14.756,25.538,-0.9481,1.599,3.663
4.7982,14.756,25.538,-0.3154,1.0493,3.0441
9.4597,16.7372,21.1234,-0.5093,1.4903,2.4913
9.9652,26.6328,8.4536,-0.5093,1.4903,2.4913
8.3075,23.7893,7.9098,-0.9013,1.3636,2.1749
7.0114,18.8357,9.8503,-1.2773,1.2134,2.0939
7.0114,18.8357,9.8503,-1.2826,2.7549,2.0183
4.9299,13.7451,6.8222,-1.2826,2.7549,2.0183
4.9299,13.7451,6.8222,-0.9279,3.9725,1.6977
-0.2681,11.4191,1.4517,-0.9279,3.9725,1.6977
-0.2681,11.4191,1.4517,-0.6243,4.2143,1.7861
-5.3731,8.4464,-1.5523,-0.6243,4.2143,1.7861
-6.2832,6.4918,-1.9402,-0.5125,4.1131,2.0343
-6.2832,6.4918,-1.9402,-0.2621,3.4675,2.4135
-6.59,4.4268,-1.8899,-0.1258,3.0393,2.4465
-6.6355,2.5752,-1.818,0.0085,2.626,2.3943
-6.6187,1.1354,-1.7678,0.1427,2.2403,2.2846
-6.5732,0.0095,-1.8372,0.2769,1.8397,2.1589
-6.3694,-1.9306,-2.3523,0.2769,1.8397,2.1589
-6.3694,-1.9306,-2.3523,0.5113,1.0248,1.8969
-4.8988,-3.0951,-2.9559,0.5113,1.0248,1.8969
-3.6819,-3.4374,-2.3666,0.5549,0.7127,1.6678
-3.6819,-3.4374,-2.3666,0.6828,0.2973,0.8657
-2.369,-4.2039,-1.0468,0.6828,0.2973,0.8657
-2.6063,-4.0411,-1.2838,0.8607,-0.0126,0.3651
-2.6063,-4.0411,-1.2838,1.1664,-0.7497,-0.6031
-3.9621,-2.4768,-2.2804,1.1664,-0.7497,-0.6031
-4.5082,-1.5283,-2.1487,1.1802,-1.0629,-0.9995
-4.5082,-1.5283,-2.1487,1.0354,-1.5508,-1.579
-4.683,-0.6754,-1.7295,0.9576,-1.767,-1.7804
-4.3191,0.2035,-1.0995,0.9139,-1.9833,-1.9881
-2.053,2.8218,0.2394,0.9139,-1.9833,-1.9881
-2.053,2.8218,0.2394,0.7669,-2.2913,-2.624
0.5389,7.8571,4.1775,0.7669,-2.2913,-2.624
2.8841,13.3045,8.2261,0.6806,-2.271,-3.0885
7.6416,23.6074,10.0035,0.8415,-2.2146,-3.7425
11.1557,37.9109,7.3828,1.2058,-2.4127,-4.8163
11.1557,37.9109,7.3828,0.4548,-1.8714,-6.9469
-19.2475,37.0197,14.2529,0.4548,-1.8714,-6.9469
-13.7621,27.4905,21.885,-0.3197,0.3356,-4.8812
-2.3786,24.9152,20.3782,0.0543,2.138,-2.2182
-1.054,23.1139,13.3117,1.0694,0.9982,-1.2136
-1.054,23.1139,13.3117,1.5605,-0.7892,-1.775
-7.9577,23.593,2.8625,1.5605,-0.7892,-1.775
-7.9577,23.593,2.8625,0.5113,-1.1907,-1.2073
-6.9228,21.8491,2.6734,0.2897,-2.0131,-0.6127
-5.2747,17.7865,5.6269,0.377,-2.4052,-0.1504
-3.7107,14.1955,7.7374,0.5283,-2.2732,0.1243
-0.9917,9.7638,4.3478,0.5283,-2.2732,0.1243
0.448,7.838,1.9617,0.5794,-1.9343,0.2713
1.7534,5.8639,0.1268,0.5336,-1.6637,0.332
1.7534,5.8639,0.1268,0.2588,-1.4283,0.2607
2.6877,3.8615,-0.8553,0.05,-1.3143,0.1392
3.9214,-0.1651,-1.3054,0.05,-1.3143,0.1392
3.9214,-0.1651,-1.3054,-0.3761,-1.1258,-0.1983
4.9634,-4.1751,-1.0492,-0.3761,-1.1258,-0.1983
4.9634,-4.1751,-1.0492,-0.5402,-1.048,-0.4934
5.579,-5.7993,-0.7736,-0.4826,-0.9702,-0.6085
6.6666,-7.0284,-0.9774,-0.4826,-0.9702,-0.6085
6.6666,-7.0284,-0.9774,-0.2834,-0.6113,-0.617
5.3154,-4.7165,-1.1282,-0.2834,-0.6113,-0.617
5.3154,-4.7165,-1.1282,-0.1748,-0.1053,-0.0173
4.4819,-2.9463,-0.5916,-0.0725,-0.036,0.4077
3.9668,0.5581,1.2455,-0.0725,-0.036,0.4077
3.9668,0.5581,1.2455,0.2737,-0.3311,1.0553
4.0147,2.1272,1.4062,0.3557,-0.4898,1.2077
3.9788,3.3201,0.5461,0.2567,-0.639,1.3035
4.2353,3.8328,-1.0755,0.2567,-0.639,1.3035
5.313,3.5763,0.3498,-0.0129,-0.8019,1.4037
5.313,3.5763,0.3498,-0.5157,-1.1471,1.5262
10.2717,4.9155,9.0309,-0.5157,-1.1471,1.5262
14.3634,9.34,16.0306,-0.4059,-1.1918,1.4399
14.3634,9.34,16.0306,1.1142,0.1535,0.8199
10.31,44.8984,17.9445,1.1142,0.1535,0.8199
-8.0367,50.1851,8.9782,1.5754,1.8855,0.8966
-8.0367,50.1851,8.9782,-0.4368,3.0415,3.8548
-6.0917,28.7049,17.518,-0.3239,2.2648,3.9389
8.8106,19.3074,20.1986,-0.3239,2.2648,3.9389
8.0415,24.2852,11.2874,-0.2941,2.0166,3.0207
8.0415,24.2852,11.2874,-1.3359,2.4277,1.9033
6.6235,27.0353,5.9552,-1.6405,2.2041,1.9874
4.9132,18.8166,8.4344,-1.6405,2.2041,1.9874
4.9132,18.8166,8.4344,-1.223,2.8923,2.3017
3.2722,15.034,4.7165,-1.223,2.8923,2.3017
3.2722,15.034,4.7165,-1.0834,4.242,1.9139
1.2024,13.5032,1.66,-1.1441,4.405,1.8276
-1.5475,11.6804,-0.3043,-1.1878,4.3357,1.8979
-4.2281,9.498,-1.3198,-1.1644,4.1578,2.0439
-7.4977,4.4843,-2.029,-1.1644,4.1578,2.0439
-7.4977,4.4843,-2.029,-0.9599,3.5751,2.2548
-7.9888,2.1918,-2.5369,-0.8352,3.1064,2.2569
-8.0511,0.0143,-2.9104,-0.6872,2.5951,2.1973
-6.6618,-3.6939,-3.435,-0.6872,2.5951,2.1973
-5.2914,-4.422,-3.9285,-0.5039,2.0847,2.0769
-5.2914,-4.422,-3.9285,-0.1268,1.2176,1.4857
-3.7131,-4.1201,-4.1608,-0.1268,1.2176,1.4857
-3.7131,-4.1201,-4.1608,0.2055,0.6754,0.6836
-3.7155,-2.7715,-1.9764,0.2055,0.6754,0.6836
-3.7155,-2.7715,-1.9764,0.7254,0.1737,0.0615
-3.8854,-2.2421,-1.0492,0.9874,-0.1053,-0.1707
-4.0626,-1.9569,-0.7257,1.1866,-0.3684,-0.372
-4.2928,-1.8587,-0.7879,1.3219,-0.6006,-0.5531
-4.4029,-1.8324,-1.0827,1.3901,-0.852,-0.746
-4.0435,-0.7832,-2.0769,1.3901,-0.852,-0.746
-3.725,0.2923,-1.7582,1.3762,-1.1545,-0.9953
-2.9487,1.8372,-0.448,1.274,-1.4784,-1.3148
-1.3916,4.264,1.6337,1.1152,-1.7979,-1.6898
1.0205,8.3003,5.2603,0.9406,-2.1507,-2.1329
1.0205,8.3003,5.2603,1.1046,-3.3863,-3.5614
13.0816,29.8093,9.2464,1.1046,-3.3863,-3.5614
13.0816,29.8093,9.2464,0.9991,-4.8084,-7.3314
-2.9032,44.4528,11.5029,0.9991,-4.8084,-7.3314
-2.9032,44.4528,11.5029,0.2513,-0.0786,-4.3007
-18.8166,30.3937,27.2534,1.1834,0.6435,-1.5567
2.9128,25.0831,16.6845,1.1834,0.6435,-1.5567
2.9128,25.0831,16.6845,2.1059,-1.2419,-1.3724
-1.2431,25.5452,0.6419,2.1059,-1.2419,-1.3724
-1.2431,25.5452,0.6419,0.5166,-0.231,-1.5385
-0.6108,21.4322,4.0123,0.5166,-0.231,-1.5385
-0.6108,21.4322,4.0123,0.1597,-1.6978,-0.617
-2.8314,13.7573,10.298,0.1597,-1.6978,-0.617
-2.8314,13.7573,10.298,0.5762,-0.9585,0.1978
-3.0181,12.1715,7.0332,0.4559,-0.6059,0.445
-0.7664,8.6714,1.1785,0.4559,-0.6059,0.445
0.2059,6.4029,-0.2394,0.2247,-0.5963,0.5898
1.0181,3.9692,-0.9822,-0.0597,-0.7636,0.6495
1.0181,3.9692,-0.9822,-0.7085,-0.9702,0.4865
2.92,-1.2934,-1.2934,-0.7085,-0.9702,0.4865
4.0435,-3.7178,-1.054,-1.0451,-0.9383,0.2852
4.9443,-5.7083,-0.4192,-1.3274,-0.934,0.0316
5.6413,-6.918,0.3785,-1.4658,-0.9649,-0.2314
5.6413,-6.918,0.3785,-1.1963,-0.885,-0.6671
6.0199,-7.2607,0.4432,-0.9428,-0.8041,-0.7141
5.4905,-4.827,-0.5222,-0.9428,-0.8041,-0.7141
5.0568,-3.0903,-1.1809,-0.7489,-0.6624,-0.5978
4.5154,-1.7869,-1.423,-0.6616,-0.4643,-0.3944
4.5154,-1.7869,-1.423,-0.6445,-0.2288,0.0743
3.3345,-0.6539,0.146,-0.6445,-0.2288,0.0743
3.3345,-0.6539,0.146,-0.3591,-0.3077,0.4908
2.8051,-0.1939,0.7832,-0.1961,-0.3247,0.6569
2.4648,0.3235,0.9032,-0.1237,-0.3428,0.7784
3.1358,1.4254,0.3019,-0.1237,-0.3428,0.7784
3.7107,1.9764,1.5068,-0.1652,-0.4153,0.8295
4.1656,3.1214,5.3396,-0.2536,-0.5473,0.821
4.1656,3.1214,5.3396,0.1139,-0.6528,0.7528
5.2819,13.4218,15.597,0.1139,-0.6528,0.7528
4.9299,27.1239,16.3538,0.7499,-0.4589,0.7113
4.9299,27.1239,16.3538,0.9672,0.211,1.1224
2.0458,27.7012,15.0819,0.9672,0.211,1.1224
2.0458,27.7012,15.0819,0.0042,-0.0456,2.274
9.5459,18.517,21.279,0.0639,0.2983,1.899
15.7239,21.9234,17.1972,0.0639,0.2983,1.899
15.7239,21.9234,17.1972,-0.3079,1.665,1.3131
9.8093,25.8543,9.3017,-0.3079,1.665,1.3131
6.9539,22.1508,8.8058,-0.7021,2.3297,1.3973
5.4282,18.7516,8.2046,-0.9673,3.0617,1.5656
5.4282,18.7516,8.2046,-0.7585,4.0289,1.6742
3.895,16.5262,6.5852,-0.5625,4.1653,1.622
-0.7736,13.4386,1.9162,-0.5625,4.1653,1.622
-3.1262,11.8767,-0.1915,-0.4933,4.2271,1.5986
-3.1262,11.8767,-0.1915,-0.6456,4.1919,1.7222
-6.6977,7.3349,-2.1392,-0.6456,4.1919,1.7222
-6.6977,7.3349,-2.1392,-0.6861,3.5624,1.9618
-7.3756,4.7692,-2.4001,-0.6137,3.0542,2.0321
-7.6057,2.4456,-2.6063,-0.5306,2.5749,2.063
-7.5575,0.6539,-2.841,-0.473,2.1966,2.0694
-6.6666,-1.6552,-2.817,-0.473,2.1966,2.0694
-6.6666,-1.6552,-2.817,-0.2813,1.7268,2.0385
-5.6509,-2.3882,-2.8841,-0.1513,1.583,1.9192
-4.0195,-2.5704,-3.7346,-0.1513,1.583,1.9192
-4.0195,-2.5704,-3.7346,0.0862,1.2975,1.3877
-3.9477,-2.2206,-4.1823,0.1778,1.1143,1.083
-4.4939,-1.9425,-4.0315,0.2769,0.8267,0.8359
-5.9864,-2.3355,-2.1224,0.2769,0.8267,0.8359
-5.9864,-2.3355,-2.1224,0.5965,-0.1117,0.4556
-5.9648,-3.0038,-0.9343,0.5965,-0.1117,0.4556
-5.9648,-3.0038,-0.9343,0.9086,-1.2376,-0.0865
-5.1047,-2.6207,-1.7366,0.9086,-1.2376,-0.0865
-4.6088,-1.9641,-1.6385,0.9555,-1.8395,-0.4572
-4.6088,-1.9641,-1.6385,0.9416,-2.8835,-1.2541
-3.8064,-0.9558,-1.0947,0.9011,-3.2798,-1.6664
-1.0061,2.8601,2.3977,0.9011,-3.2798,-1.6664
-1.0061,2.8601,2.3977,1.1174,-4.0393,-2.6347
1.4493,7.354,5.4426,1.5605,-4.8116,-3.4741
12.454,32.4516,6.3407,1.5605,-4.8116,-3.4741
12.454,32.4516,6.3407,1.3816,-6.2039,-7.0768
16.8833,50.4009,0.6922,-0.0406,-4.9586,-7.3485
4.8653,51.4908,0.0814,-0.7841,-1.6573,-5.0421
-9.3472,37.1729,22.0957,0.5624,0.7223,-2.4014
4.8078,22.7066,20.74,0.5624,0.7223,-2.4014
4.8078,22.7066,20.74,2.6833,-0.4866,-1.2989
1.8276,23.5954,10.7101,2.1805,0.4677,-1.4267
1.2791,26.592,-3.3201,2.1805,0.4677,-1.4267
1.2791,26.592,-3.3201,0.5219,-0.8222,-1.2872
0.7999,20.7855,2.144,0.4143,-1.293,-1.1103
-2.3714,11.4742,9.51,0.4143,-1.293,-1.1103
-2.6734,9.2607,6.5182,0.5805,-1.1748,-0.8951
-2.6734,9.2607,6.5182,0.4122,-0.4845,-0.5499
-2.2804,7.5288,3.0062,0.1011,-0.2629,-0.4338
-1.4302,4.1871,-1.9668,0.1011,-0.2629,-0.4338
-1.4302,4.1871,-1.9668,-0.5135,-0.46,-0.2122
-0.606,2.4504,-3.2315,-0.7745,-0.7391,-0.1973
0.6419,0.7688,-3.538,-0.9907,-0.9649,-0.3209
3.1932,-2.5608,-2.2206,-0.9907,-0.9649,-0.3209
4.0554,-4.0698,-1.3724,-1.1378,-1.1204,-0.5659
4.0554,-4.0698,-1.3724,-1.06,-1.3931,-1.1295
4.6662,-5.7131,-0.4432,-1.06,-1.3931,-1.1295
4.144,-5.3202,-0.1556,-0.8288,-1.4848,-1.2637
3.6218,-4.2377,0.0119,-0.5561,-1.4251,-1.1913
3.6218,-4.2377,0.0119,-0.1375,-1.1268,-0.5275
3.8974,-1.3652,-0.1484,-0.1375,-1.1268,-0.5275
4.3933,-0.2947,0.0766,-0.0075,-1.1844,-0.1504
4.8557,0.5509,0.1221,0.1225,-1.3346,0.1264
5.0065,1.2479,-0.1843,0.2503,-1.4123,0.2713
4.8892,1.6026,-0.3115,0.3025,-1.3836,0.3299
4.4843,1.5355,-0.1628,0.2396,-1.3037,0.3821
4.4053,1.6265,0.3306,0.0916,-1.211,0.5099
5.143,2.1296,2.5417,-0.1311,-1.1055,0.7134
6.4389,3.5811,6.7097,-0.3612,-0.9159,0.8806
8.4296,7.4546,12.2218,-0.4251,-0.6294,0.9137
8.4296,7.4546,12.2218,0.5592,0.1886,0.4758
10.0514,36.282,14.4998,0.5592,0.1886,0.4758
-4.3909,44.6901,7.3804,1.0631,0.9162,0.1403
-8.0726,27.2148,14.8757,0.328,1.5053,0.7709
3.6652,17.8056,23.5499,-0.4975,1.4563,2.5136
10.6048,18.3734,22.1364,-0.1663,0.8544,3.1986
12.9595,23.7271,16.8019,0.2098,0.3516,2.7192
10.8753,28.7792,10.3722,0.1438,0.62,2.0748
7.0643,27.5048,7.9433,-0.2973,1.1186,1.6625
5.5958,22.8816,8.8561,-0.8938,1.468,1.6945
5.682,19.5399,8.8872,-1.2219,2.0144,1.9768
5.682,19.5399,8.8872,-0.9844,3.1427,2.291
4.264,16.2724,4.5777,-0.9844,3.1427,2.291
2.2278,14.586,2.2469,-0.8533,3.5911,2.225
2.2278,14.586,2.2469,-0.9535,4.4572,2.0023
-3.0086,10.5425,-1.7295,-0.9535,4.4572,2.0023
-5.7227,8.4248,-3.0684,-1.0781,4.7554,1.9736
-5.7227,8.4248,-3.0684,-1.2102,4.5413,2.1184
