repouso
0.4453,6.2108,7.4558,-0.0275,-0.0316,0.0063
0.5147,6.1797,7.5611,-0.0336,-0.0346,0.01
0.4955,6.1869,7.6018,-0.0373,-0.0322,0.0136
0.4979,6.1581,7.7024,-0.0324,-0.0077,0.0112
0.5171,6.151,7.7096,-0.0177,0.0025,0.0118
0.5578,6.2156,7.5899,0.0035,0.0172,0.0124
0.5626,6.2252,7.5396,0.0219,0.0245,0.0118
0.5817,6.218,7.4366,0.0329,0.0233,0.0093
0.5722,6.2156,7.4079,0.031,0.0129,0.0069
0.4979,6.1701,7.5587,0.009,0.0007,0.0026
0.5051,6.1917,7.5851,-0.0019,-0.0059,0.0014
0.541,6.1845,7.6473,-0.008,-0.0157,0.0038
0.5626,6.1677,7.6282,-0.0043,-0.0193,0.0063
0.6009,6.1797,7.4726,0.0084,-0.0169,0.0069
0.5913,6.1893,7.3983,0.0243,-0.012,0.0063
0.5937,6.2132,7.2858,0.0304,-0.0053,0.0038
0.6033,6.1988,7.2212,0.0261,-0.0047,0.0014
0.5937,6.1893,7.3241,0.0121,-0.0059,0.0026
0.5746,6.1701,7.3504,-0.0049,-0.0053,0.002
0.577,6.1653,7.4438,-0.0171,-0.0071,0.0014
0.5482,6.1701,7.5492,-0.03,-0.0145,0.0002
0.5554,6.1342,7.554,-0.0281,-0.0175,-0.0003
0.5817,6.1366,7.5468,-0.0171,-0.0151,-0.0003
0.5865,6.194,7.4845,-0.0037,-0.0071,0.0002
0.6105,6.1917,7.4558,0.0035,0.0007,0.0002
0.5722,6.1821,7.4917,0.0054,0.0068,-0.0028
0.5865,6.1797,7.4941,0.0011,0.0148,-0.004
0.6584,6.1749,7.4534,-0.0006,0.0087,-0.0016
0.723,6.1605,7.4271,-0.0037,0.0007,0.0014
0.6655,6.1701,7.5827,-0.0104,-0.0035,-0.0022
0.6655,6.1701,7.5827,-0.0361,-0.0157,-0.0242
0.5626,6.2036,7.7048,-0.0361,-0.0157,-0.0242
0.4836,6.2132,7.7862,-0.0306,-0.02,-0.0278
0.5027,6.2443,7.7168,-0.0196,-0.0169,-0.0248
0.5698,6.2587,7.6473,-0.0031,-0.0138,-0.0156
0.6105,6.2371,7.5947,0.0103,-0.0181,-0.0077
0.5985,6.2156,7.5635,0.0133,-0.0181,-0.0064
0.5626,6.2228,7.5635,0.0176,-0.0102,-0.0125
0.4955,6.1988,7.5516,0.0194,-0.0029,-0.0168
0.4381,6.2036,7.4965,0.0213,0.0013,-0.0199
0.3854,6.23,7.4702,0.0237,-0.0022,-0.0193
0.3519,6.2371,7.451,0.0219,-0.0108,-0.0162
0.3591,6.2252,7.4534,0.0121,-0.0175,-0.0119
0.3591,6.2252,7.4534,-0.0025,-0.0255,0.0075
0.5003,6.2084,7.4438,-0.0025,-0.0255,0.0075
0.5099,6.2132,7.4773,-0.0006,-0.0193,0.01
0.5075,6.2132,7.4821,0.0011,-0.0132,0.0069
0.4764,6.2371,7.5133,0.0072,-0.0102,0.0051
0.4932,6.206,7.4342,0.0182,-0.0035,0.0057
0.4932,6.206,7.4342,0.0335,0.0025,0.0136
0.5841,6.1893,7.2116,0.0335,0.0025,0.0136
0.5937,6.1988,7.2188,0.0274,0.0135,0.0142
0.553,6.1869,7.3241,0.0096,0.0221,0.0106
0.553,6.1869,7.3241,-0.0281,0.0135,0.0032
0.5267,6.2012,7.5396,-0.0281,0.0135,0.0032
0.5626,6.206,7.5875,-0.0287,0.0032,0.0075
0.6009,6.2228,7.5635,-0.0257,-0.001,0.0075
0.6224,6.2348,7.6018,-0.022,-0.0022,0.0069
0.6296,6.2156,7.6641,-0.019,0.0056,0.0051
0.5578,6.1964,7.7479,-0.0104,0.0215,-0.0028
0.5506,6.2132,7.7072,0.0023,0.027,-0.0077
0.5123,6.2348,7.5037,0.0213,0.0227,-0.0083
0.5123,6.2348,7.5037,0.0329,0.0074,-0.0132
0.3687,6.2491,7.4199,0.0329,0.0074,-0.0132
0.3543,6.2778,7.4031,0.0292,0.0013,-0.0132
0.4572,6.2635,7.3672,0.0182,-0.0022,0.002
0.4572,6.2635,7.3672,0.0005,0.0044,0.0258
0.4716,6.2587,7.3672,-0.0031,0.0074,0.0307
0.6105,6.1725,7.4175,-0.0031,0.0074,0.0307
0.5482,6.1701,7.5994,-0.0104,0.0129,0.0283
0.5482,6.1701,7.5994,-0.0165,0.0129,0.0197
0.5171,6.1581,7.5803,-0.0129,0.0032,0.0106
0.553,6.1773,7.4989,-0.0012,0.0013,0.0106
0.553,6.1773,7.4989,0.0115,0.0001,0.0093
0.5865,6.2012,7.3361,0.0115,0.0001,0.0093
0.5722,6.1917,7.3672,0.0048,0.0025,0.0069
0.5913,6.1797,7.4342,-0.0098,0.0019,0.0112
0.6775,6.1414,7.4845,-0.0153,0.0019,0.0148
0.6847,6.139,7.4917,-0.0165,0.0007,0.0155
0.6991,6.139,7.4534,-0.0153,-0.0053,0.0124
0.6488,6.1222,7.5109,-0.0159,-0.0083,0.0063
0.5075,6.1725,7.5133,-0.0159,-0.0035,-0.0022
0.5075,6.1797,7.5061,-0.0098,-0.0035,-0.0083
0.553,6.2036,7.4438,-0.0025,-0.0059,-0.0022
0.5889,6.1917,7.3983,-0.0006,-0.0035,0.0032
0.7038,6.1869,7.3816,-0.0037,-0.0004,0.0069
0.7062,6.194,7.3912,-0.0086,0.0019,0.0038
0.6392,6.1869,7.4606,-0.0171,0.005,-0.0034
0.5889,6.2228,7.5587,-0.0239,0.0056,-0.0138
0.4525,6.218,7.5611,-0.0281,-0.0035,-0.0217
0.4333,6.2156,7.5635,-0.0269,-0.0157,-0.0242
0.4237,6.2252,7.5994,-0.0257,-0.0206,-0.0193
0.4477,6.2084,7.5851,-0.0208,-0.0157,-0.0119
0.4548,6.2012,7.554,-0.0061,-0.0029,-0.0034
0.4644,6.2156,7.5396,0.0035,0.0154,0.0008
0.4812,6.2276,7.4462,0.0115,0.0221,0.0032
0.4644,6.2132,7.3672,0.0121,0.0172,0.0032
0.4285,6.2252,7.3744,0.0023,0.0068,0.002
0.4764,6.2156,7.3983,-0.0129,-0.0047,0.0038
0.5171,6.1869,7.4199,-0.0422,-0.0206,0.0075
0.4812,6.1749,7.5635,-0.0538,-0.0291,0.0093
0.5937,6.1893,7.6617,-0.0617,-0.0328,0.0045
0.6368,6.1869,7.6378,-0.0513,-0.0065,0.0093
0.7158,6.1701,7.5779,-0.0208,-0.0108,0.0191
0.656,6.1366,7.542,-0.0037,0.0123,0.0142
0.6607,6.1055,7.5516,0.0035,0.0209,0.0051
0.6584,6.1174,7.5659,0.0023,0.0203,0.0045
0.6751,6.0959,7.6162,-0.0055,0.0148,0.0032
0.7158,6.0935,7.5827,-0.0074,0.0019,0.0002
0.7158,6.0935,7.5827,-0.0031,-0.0206,-0.0034
0.7637,6.1126,7.4678,-0.0031,-0.0248,-0.0089
0.7613,6.1438,7.4414,-0.0031,-0.0248,-0.0089
0.711,6.127,7.4893,-0.0116,-0.0145,-0.015
0.6584,6.115,7.5971,-0.0147,-0.0053,-0.0205
0.5865,6.1222,7.6425,-0.0159,-0.0022,-0.026
0.5123,6.151,7.633,-0.0135,-0.0065,-0.0333
0.4525,6.1845,7.6162,-0.008,-0.0151,-0.0352
0.3471,6.2036,7.5707,-0.0055,-0.0218,-0.0364
0.3064,6.2108,7.5971,-0.0055,-0.0279,-0.0345
0.3184,6.2348,7.5683,-0.0061,-0.0236,-0.0297
0.328,6.2276,7.518,-0.0031,-0.0181,-0.0211
0.3806,6.2204,7.554,0.0011,-0.009,-0.0071
0.3806,6.2204,7.554,-0.0012,-0.0145,0.0026
0.4596,6.1845,7.5731,-0.0012,-0.0145,0.0026
0.5171,6.151,7.5013,-0.0012,-0.023,0.0057
0.5817,6.1342,7.3145,0.006,-0.0248,0.0069
0.5817,6.1342,7.3145,0.0133,0.0019,-0.0009
0.5913,6.1414,7.2667,0.0133,0.0019,-0.0009
0.565,6.218,7.2547,0.0017,0.0062,-0.0058
0.5937,6.2252,7.3912,-0.0129,0.0007,-0.0083
0.5937,6.2252,7.3912,-0.0293,-0.0071,-0.0028
0.6584,6.1773,7.4678,-0.0397,-0.0096,0.0051
0.7038,6.1486,7.4917,-0.0397,0.0038,0.0136
0.7158,6.1557,7.5396,-0.0336,0.0105,0.013
0.6655,6.1749,7.5659,-0.0287,0.0209,0.0075
0.5147,6.1701,7.6306,-0.0245,0.027,-0.0016
0.4261,6.1533,7.6545,-0.0245,0.027,-0.0089
0.4429,6.1677,7.6952,-0.0232,0.0154,-0.0077
0.4692,6.1557,7.712,-0.0239,0.0007,0.0045
0.553,6.115,7.7527,-0.022,0.0032,0.0142
0.6344,6.0696,7.7287,-0.0129,0.0044,0.0216
0.632,6.0719,7.6952,0.0005,0.0154,0.0234
0.6464,6.0911,7.6737,0.0109,0.0276,0.0203
0.6392,6.1103,7.6138,0.0188,0.0233,0.0087
0.6392,6.1533,7.5779,0.0182,0.0117,0.0026
0.5865,6.1294,7.6066,0.0133,-0.0022,-0.0016
0.5985,6.1366,7.6042,0.0109,-0.0083,-0.0071
0.5793,6.1294,7.5228,0.017,-0.0059,-0.0107
0.4955,6.1701,7.5085,0.0261,0.005,-0.0119
0.4405,6.2228,7.5276,0.0322,0.0264,-0.015
0.4405,6.2324,7.5252,0.031,0.0355,-0.0138
0.4501,6.2395,7.5037,0.0261,0.0319,-0.0095
0.4955,6.2515,7.4821,0.0182,0.0233,-0.004
0.5602,6.2395,7.4893,0.0133,0.0123,0.0014
0.5482,6.23,7.4965,0.0029,0.0001,0.0026
0.5051,6.2036,7.5396,-0.0025,-0.0029,0.0002
0.4836,6.1701,7.5851,-0.0049,-0.0004,0.0002
0.4908,6.1462,7.5683,-0,0.0044,0.002
0.5075,6.1007,7.5109,0.009,0.008,0.0069
0.565,6.0959,7.4199,0.0188,0.0154,0.0118
0.5841,6.1366,7.3552,0.0194,0.0184,0.013
0.5339,6.1055,7.451,0.0072,0.0166,0.0093
0.5506,6.1007,7.4726,-0.0098,0.0117,0.0057
0.5363,6.1294,7.5635,-0.0239,0.0038,0.0045
0.6009,6.0983,7.5372,-0.0281,-0.0029,0.0051
0.6655,6.0887,7.4917,-0.0239,-0.0059,0.0087
0.6536,6.0959,7.4989,-0.0159,0.0013,0.0032
0.6153,6.0911,7.53,-0.0147,0.0074,-0.0052
0.5674,6.1103,7.5899,-0.0147,0.0123,-0.0101
0.5722,6.1103,7.6186,-0.0129,0.0142,-0.0119
0.5698,6.1103,7.6066,-0.0074,0.0166,-0.0101
0.6368,6.0959,7.5109,0.0084,0.0105,-0.0046
0.6631,6.0719,7.4366,0.0115,0.0087,-0.0034
0.6631,6.0719,7.4366,-0.0092,0.0044,-0.0187
0.5003,6.0983,7.5563,-0.0092,0.0044,-0.0187
0.462,6.1318,7.6234,-0.0214,-0.0041,-0.0266
0.4022,6.1629,7.6689,-0.0263,-0.0138,-0.0278
0.3926,6.1893,7.6665,-0.0202,-0.0187,-0.0199
0.4046,6.2228,7.6258,-0.0122,-0.0169,-0.0144
0.4285,6.2036,7.6401,-0.0049,-0.012,-0.0095
0.4501,6.1893,7.6497,0.0005,-0.0022,-0.0064
0.4501,6.1893,7.6497,0.0182,0.0129,0.0002
0.5051,6.1917,7.5348,0.0182,0.0129,0.0002
0.4501,6.2348,7.5037,0.0176,0.0074,-0.0028
0.383,6.2371,7.53,0.0109,-0.0016,-0.0064
0.3399,6.2898,7.5516,0.0029,-0.0114,-0.0077
0.3399,6.2898,7.5516,-0.0012,-0.0138,0.01
0.4118,6.2371,7.5731,-0.0012,-0.0138,0.01
0.4955,6.194,7.5827,0.0017,-0.0059,0.0258
0.5626,6.1486,7.5611,0.0066,-0.0035,0.0295
0.5626,6.1486,7.5611,0.0121,0.0019,0.0264
0.5458,6.1821,7.5348,0.0164,0.0087,0.0191
0.4836,6.1797,7.5372,0.0151,0.008,0.0136
0.4908,6.1749,7.5109,0.0158,0.008,0.0106
0.462,6.1629,7.5372,0.0139,0.0019,0.0142
0.4884,6.1486,7.5348,0.009,-0.001,0.0173
0.5195,6.1318,7.5276,0.0066,-0.0053,0.0197
0.5865,6.0863,7.4749,0.006,-0.0059,0.0216
0.6105,6.0959,7.4989,0.0041,-0.0029,0.0216
0.6129,6.1031,7.5276,0.0029,0.0001,0.0161
0.5961,6.1079,7.5444,-0,0.0007,0.0112
0.6153,6.1174,7.5061,0.0023,-0.0016,0.0093
0.6129,6.1222,7.5013,0.0078,-0.0022,0.0081
0.5961,6.1462,7.4941,0.0078,-0.0047,0.0038
0.5793,6.1462,7.4821,0.009,-0.0041,-0.0003
0.5889,6.1174,7.4271,0.0139,0.0032,0.0014
0.5889,6.1174,7.4271,0.017,0.0197,0.002
0.5937,6.1174,7.4175,0.009,0.0203,-0.004
0.5099,6.1773,7.518,0.009,0.0203,-0.004
0.4548,6.2228,7.5492,-0.0012,0.0087,-0.0083
0.4548,6.2228,7.5492,-0.0092,-0.0096,-0.004
0.4908,6.2156,7.5563,-0.0104,-0.0157,0.002
0.5267,6.2108,7.5156,-0.0116,-0.0236,0.0063
0.5434,6.1893,7.4941,-0.0067,-0.0267,0.01
0.5458,6.1486,7.4438,-0,-0.0126,0.0112
0.5051,6.1653,7.4462,0.0072,0.0044,0.0106
0.4668,6.1821,7.451,0.0066,0.016,0.0075
0.4477,6.1845,7.5013,0.0011,0.0105,0.0069
0.4812,6.1653,7.5228,-0.0067,0.0038,0.0112
0.565,6.1557,7.554,-0.0129,-0.0016,0.0179
0.6081,6.1342,7.6306,-0.0129,-0.012,0.024
0.5363,6.1055,7.6042,-0.0153,-0.0175,0.0228
0.565,6.0983,7.5947,-0.0031,-0.0126,0.0148
0.5482,6.1198,7.5372,0.0109,0.0013,0.0124
0.5578,6.1581,7.4989,0.0176,0.0148,0.0093
0.4644,6.206,7.4941,0.02,0.0197,0.0038
0.4644,6.206,7.4941,-0.0006,0.0056,0.0038
0.4764,6.23,7.5061,-0.0006,0.0056,0.0038
0.5075,6.2324,7.554,-0.0086,-0.012,0.0081
0.5889,6.1605,7.5707,-0.0184,-0.0242,0.013
0.5913,6.1581,7.5707,-0.0208,-0.0285,0.0167
0.6057,6.1581,7.6114,-0.0159,-0.02,0.0179
0.6033,6.151,7.5947,-0.0061,-0.0035,0.0179
0.5458,6.1773,7.5396,0.0103,0.0123,0.0142
0.5315,6.2108,7.5133,0.0164,0.0123,0.013
0.5147,6.206,7.4989,0.0151,0.008,0.0142
0.5315,6.1988,7.4965,0.0103,-0.0029,0.0185
0.6153,6.151,7.4773,0.0041,-0.0138,0.0246
0.6751,6.1103,7.4773,0.0011,-0.0193,0.0332
0.7398,6.1079,7.4773,-0.0006,-0.0102,0.0332
0.7015,6.0911,7.5133,-0.0019,-0.0004,0.0258
0.6081,6.1438,7.5923,-0.0055,0.0056,0.0155
0.6105,6.1605,7.5947,-0.008,0.0013,0.0093
0.6272,6.1605,7.5971,-0.0129,-0.0132,0.0081
0.7062,6.1198,7.4534,-0.008,-0.0322,0.0155
0.8092,6.0528,7.3552,-0,-0.0346,0.0197
0.7924,6.0696,7.3696,0.0035,-0.0212,0.0161
0.6536,6.0791,7.4702,-0,-0.0004,0.0038
0.5554,6.1174,7.6066,-0.0067,0.0135,-0.0095
0.5554,6.1174,7.6066,0.0035,0.0105,-0.0138
0.4764,6.1557,7.5875,0.0072,0.0038,-0.0125
0.4668,6.1605,7.518,0.0072,0.0038,-0.0125
0.3974,6.1869,7.5252,0.0041,0.0013,-0.0132
0.3687,6.2395,7.5851,-0.0019,-0.0004,-0.0119
0.3854,6.2132,7.6234,-0.0098,-0.001,-0.0064
0.474,6.1773,7.6569,-0.0116,-0.0022,0.0081
0.5626,6.1605,7.6138,-0.0043,-0.0016,0.0179
0.6057,6.1893,7.5899,0.0054,-0.0022,0.0216
0.6081,6.2204,7.6306,0.0072,-0.0022,0.0161
0.5458,6.2132,7.5803,0.0109,0.0007,0.0075
0.5482,6.2204,7.5156,0.0194,0.0038,0.0051
0.6081,6.1869,7.4534,0.0261,0.0123,0.0148
0.6153,6.1797,7.451,0.0219,0.0111,0.0191
0.6488,6.1605,7.4965,0.0139,0.0038,0.024
0.6703,6.1581,7.542,0.0041,0.0001,0.0252
0.7182,6.1055,7.4869,-0.0006,0.0007,0.0234
0.7206,6.1246,7.5013,0.0041,-0.0022,0.0209
0.7015,6.1031,7.4797,0.0054,-0.001,0.0179
0.6775,6.1079,7.5156,0.0029,-0.0016,0.0112
0.6607,6.0911,7.6042,-0.0025,0.0001,0.0075
0.6607,6.0911,7.6042,-0.0025,-0.0053,0.0038
0.6536,6.0791,7.5994,-0.0025,-0.0053,0.0038
0.6177,6.0672,7.5492,0.006,-0.0016,-0.0003
0.6129,6.1174,7.4821,0.0115,0.0001,-0.0028
0.6129,6.1198,7.4606,0.0121,0.0007,-0.0034
0.6009,6.1557,7.4247,0.0096,-0.0004,-0.0034
0.6009,6.1557,7.4247,-0.0074,-0.0035,-0.004
0.4908,6.1557,7.6186,-0.0074,-0.0035,-0.004
0.5051,6.1725,7.6761,-0.022,-0.0138,-0.0058
0.5434,6.1725,7.6785,-0.0184,-0.0157,-0.0022
0.5937,6.1581,7.5971,-0.0104,-0.0169,0.0038
0.6224,6.1749,7.5923,0.0005,-0.0102,0.0063
0.6153,6.1917,7.5875,0.0072,-0.0004,0.0057
0.6248,6.2204,7.5707,0.0139,0.0111,0.0057
0.6727,6.218,7.4702,0.0182,0.0056,0.0063
0.6464,6.2228,7.4606,0.0231,0.0013,0.0087
0.6392,6.2156,7.4749,0.0115,-0.0029,0.0087
0.5961,6.2012,7.5683,-0.0074,-0.0145,0.0051
0.6224,6.1533,7.6018,-0.0196,-0.0267,0.0045
0.6536,6.1318,7.6545,-0.0141,-0.0267,0.0093
0.656,6.127,7.6545,-0.0049,-0.0151,0.01
0.6009,6.1581,7.5947,0.0048,-0.0102,0.0045
0.5865,6.1749,7.5827,0.0139,-0.0041,-0.0009
0.5434,6.1533,7.6282,0.0182,0.0038,-0.0009
0.5578,6.151,7.5994,0.0255,0.0074,0.0026
0.5889,6.1605,7.5013,0.0286,-0.0022,0.0069
0.6488,6.1581,7.4223,0.0298,-0.0114,0.0106
0.6631,6.1318,7.3097,0.031,-0.0071,0.0106
0.6631,6.139,7.3002,0.0298,-0.0035,0.0081
0.6584,6.1773,7.3481,0.0188,0.0025,0.0008
0.5985,6.1821,7.4031,0.0011,0.0074,-0.0064
0.5793,6.206,7.4941,-0.0067,0.0093,-0.0077
0.5841,6.2084,7.5013,-0.011,0.005,-0.0052
0.6057,6.2084,7.5204,-0.0153,-0.0035,-0.0034
0.656,6.1773,7.554,-0.0165,-0.009,0.0008
0.6943,6.1533,7.5707,-0.0147,-0.0108,0.0032
0.6967,6.1653,7.5707,0.0005,0.0068,0.0014
0.6703,6.1557,7.5587,0.0127,0.0184,-0.0009
0.6177,6.2012,7.5228,0.0206,0.0239,-0.0058
0.553,6.2539,7.4702,0.0249,0.0282,-0.0083
0.5506,6.2491,7.463,0.0231,0.0209,-0.0095
0.5817,6.2324,7.4534,0.0078,-0.0016,-0.0016
0.6296,6.2156,7.4414,-0,-0.012,0.0038
0.6775,6.1605,7.5156,-0.0061,-0.0157,0.0063
0.6655,6.1486,7.5396,-0.0098,-0.0138,0.0069
0.6512,6.151,7.4965,-0.0043,-0.0035,0.0032
0.6105,6.1749,7.4773,0.0048,0.0032,0.0002
0.6248,6.1773,7.4031,0.0127,0.0074,0.002
0.6775,6.1414,7.3816,0.0109,0.0032,0.0045
0.6775,6.1414,7.3816,-0.0031,-0.0029,0.0057
0.7637,6.0863,7.4486,-0.0031,-0.0029,0.0057
0.723,6.0959,7.4319,-0.0025,0.0013,0.0002
0.7086,6.0935,7.4342,0.0029,0.0135,-0.0119
0.6153,6.1725,7.4295,0.0054,0.0221,-0.0205
0.5793,6.2204,7.4486,0.0005,0.0172,-0.0242
0.6153,6.1964,7.5252,-0.0122,0.0032,-0.0223
0.632,6.2204,7.5252,-0.0202,-0.0096,-0.0156
0.7038,6.1821,7.5133,-0.0208,-0.0187,-0.0077
0.7206,6.1797,7.5133,-0.0147,-0.0138,-0.0064
0.5889,6.1964,7.5204,-0.011,-0.0029,-0.0138
0.5961,6.1964,7.5204,-0.0074,0.0062,-0.0211
0.474,6.2228,7.5755,-0.0043,0.0154,-0.0254
0.395,6.2611,7.6234,-0.008,0.0178,-0.0278
0.3495,6.3018,7.688,-0.0141,0.005,-0.0278
0.328,6.2563,7.6952,-0.0184,-0.0181,-0.0199
0.4261,6.1964,7.609,-0.0122,-0.023,-0.0071
0.5003,6.1438,7.5252,0.0023,-0.0181,0.0051
0.5434,6.1821,7.3888,0.0164,-0.0059,0.0118
0.5315,6.1893,7.3768,0.0213,0.0111,0.0106
0.4548,6.206,7.4438,0.0121,0.0197,0.002
0.4525,6.2108,7.4869,-0,0.0135,0.002
0.4812,6.2276,7.4773,-0.0092,0.0032,0.0057
0.5123,6.2084,7.4582,-0.0141,-0.009,0.0124
0.6009,6.1964,7.4606,-0.0135,-0.0132,0.0185
0.5913,6.218,7.5563,-0.0135,-0.0096,0.0209
0.5339,6.1964,7.5611,-0.0153,0.0019,0.0142
0.5291,6.206,7.5372,-0.0025,0.005,0.0124
0.5363,6.23,7.3959,0.0139,0.0056,0.0161
0.5171,6.23,7.3409,0.0225,0.0135,0.0179
0.5003,6.2204,7.5156,0.0151,0.0203,0.0179
0.5003,6.2204,7.5156,-0.0061,0.0184,0.0234
0.5889,6.1677,7.5659,-0.0135,0.0135,0.0338
0.656,6.115,7.5611,-0.0122,0.0117,0.0423
0.6943,6.0935,7.5276,-0.008,0.0062,0.0436
0.7374,6.1007,7.5204,-0.0043,0.0099,0.0374
0.7278,6.139,7.5156,-0.0006,0.0111,0.0313
0.7254,6.151,7.5563,-0.0037,0.0142,0.0228
0.7733,6.1438,7.6521,-0.0086,0.016,0.0191
0.7733,6.1294,7.6569,-0.0086,0.0142,0.0173
0.7972,6.1079,7.5779,-0.0025,0.0074,0.0161
0.7829,6.0983,7.4893,0.0084,0.0074,0.0124
0.6943,6.115,7.5061,0.0121,0.0062,0.0045
0.6847,6.1222,7.5276,0.0005,0.0044,-0.0083
0.644,6.0959,7.5923,-0.0092,-0.0022,-0.0125
0.62,6.0935,7.6282,-0.0135,-0.0016,-0.0119
0.62,6.1055,7.5611,-0.011,-0.0016,-0.0089
0.632,6.1126,7.5563,-0.0049,-0.0022,-0.0064
0.5841,6.1246,7.4821,-0,-0.001,-0.0071
0.5626,6.1749,7.5635,-0.0012,0.0013,-0.0113
0.5027,6.1797,7.6785,-0.0098,0.0038,-0.0144
0.5003,6.1629,7.6713,-0.0098,0.0025,-0.0113
0.5267,6.1677,7.5923,0.0029,-0.001,-0.0071
0.5123,6.1893,7.554,0.0139,-0.0004,-0.0046
0.5123,6.1893,7.554,0.02,0.0062,-0.0083
0.5482,6.1581,7.463,0.02,0.0062,-0.0083
0.5219,6.1318,7.451,0.0145,0.0074,-0.0089
0.541,6.1533,7.4534,0.0109,0.0044,-0.0083
0.5889,6.1725,7.4342,0.006,0.0019,-0.0071
0.5554,6.2012,7.4103,0.0035,-0.0065,-0.0058
0.5554,6.2012,7.4103,-0,-0.0126,-0.0009
0.577,6.1557,7.3481,-0,-0.0126,-0.0009
0.6775,6.1557,7.4654,-0.0025,-0.0083,0.0045
0.6823,6.1605,7.4869,-0.0074,0.0001,0.0106
0.7254,6.1845,7.5803,-0.0153,0.0068,0.013
0.7613,6.1749,7.6234,-0.0141,0.0074,0.0124
0.7254,6.1964,7.6186,-0.0098,0.0062,0.0106
0.7254,6.194,7.609,-0.0043,0.0007,0.0069
0.7158,6.1964,7.5396,0.0017,-0.0071,0.0051
0.7637,6.1725,7.5013,0.0048,-0.0126,0.0057
0.7422,6.0959,7.6545,-0.0006,-0.0187,0.0045
0.7493,6.0959,7.6617,-0.0129,-0.0224,-0.0016
0.735,6.0815,7.6856,-0.0129,-0.0255,-0.0064
0.6775,6.0839,7.6641,-0.008,-0.0236,-0.0107
0.6775,6.0839,7.6641,0.0072,-0.0206,-0.0193
0.6177,6.0959,7.5971,0.0072,-0.0206,-0.0193
0.5889,6.127,7.5755,0.0127,-0.0193,-0.0229
0.5626,6.139,7.5468,0.0139,-0.0206,-0.0266
0.5363,6.1605,7.4797,0.017,-0.02,-0.0278
0.5099,6.1725,7.4319,0.0176,-0.0212,-0.029
0.4692,6.2419,7.4462,0.0158,-0.02,-0.0303
0.4764,6.2443,7.4319,0.0133,-0.0218,-0.0315
0.4405,6.2539,7.3816,0.0133,-0.0181,-0.0284
0.4405,6.2539,7.3816,0.0188,0.0068,-0.0235
0.4357,6.2563,7.3696,0.0188,0.0068,-0.0235
0.4357,6.2563,7.3696,0.0096,0.0129,-0.0144
0.3758,6.3162,7.4151,0.0096,0.0129,-0.0144
0.3806,6.3257,7.4271,-0.0019,0.0038,-0.0046
0.4189,6.3401,7.4558,-0.0098,-0.001,0.0045
0.4716,6.3329,7.4965,-0.0129,-0.0029,0.0136
0.5841,6.2491,7.5899,-0.0104,0.0044,0.0246
0.5841,6.2491,7.5899,-0.0055,0.0166,0.0338
0.62,6.2252,7.5851,0.0035,0.0245,0.0368
0.6464,6.2012,7.542,0.017,0.0239,0.0344
0.6368,6.2036,7.4893,0.0231,0.0178,0.0319
0.6057,6.1964,7.4534,0.0249,0.0148,0.0295
0.632,6.2108,7.4223,0.0231,0.0166,0.0295
0.6703,6.1869,7.4175,0.017,0.0148,0.0332
0.6679,6.206,7.4917,0.0103,0.0129,0.0356
0.6967,6.1821,7.5061,-0.0037,0.0105,0.0368
0.7278,6.1557,7.4726,-0.0061,0.0038,0.0381
0.7996,6.1055,7.4941,-0.008,-0.0016,0.0399
0.7972,6.036,7.5252,-0.011,-0.0041,0.0381
0.7805,6.048,7.5348,-0.0092,-0.0047,0.0301
0.7182,6.0815,7.5276,-0.0037,-0.0004,0.0142
0.6248,6.1486,7.5683,-0,0.0062,0.0075
0.6991,6.1893,7.5348,0.0035,0.0142,0.0075
0.7062,6.1821,7.5324,0.0084,0.016,0.0142
0.7685,6.1605,7.4941,0.0127,0.0129,0.0197
0.6943,6.1318,7.53,0.0121,0.0117,0.0191
0.6272,6.1174,7.554,0.0029,0.005,0.0057
0.6248,6.1222,7.5587,0.0023,-0.0016,-0.0009
0.5889,6.1438,7.5875,0.0048,-0.0029,-0.0028
0.5291,6.1438,7.5923,0.0078,-0.0022,-0.0058
0.5147,6.1629,7.4989,0.0151,0.0013,-0.0058
0.62,6.2204,7.4486,0.028,0.0025,0.0045
0.6991,6.2132,7.3097,0.0322,0.0062,0.013
0.7469,6.2036,7.2283,0.0329,0.0099,0.0173
0.7469,6.1893,7.2978,0.0243,0.019,0.0161
0.7685,6.1557,7.3528,0.0096,0.0276,0.0124
0.7278,6.1677,7.4989,-0.0061,0.027,0.0057
0.6488,6.1701,7.6138,-0.0214,0.0129,-0.0071
0.5386,6.2108,7.5899,-0.0184,0.0007,-0.0156
0.5482,6.2204,7.5587,-0.008,-0.0071,-0.018
0.5171,6.2898,7.5013,0.0048,-0.0016,-0.0156
0.4979,6.2731,7.4965,0.0103,0.0019,-0.0101
0.6129,6.2563,7.4702,0.009,0.0074,-0.0034
0.6416,6.2491,7.4702,0.0078,0.0123,0.0106
0.6967,6.194,7.518,0.0029,0.0203,0.0155
0.6919,6.1366,7.5324,-0,0.0197,0.0118
0.6464,6.151,7.5204,0.0023,0.0203,0.0051
0.6344,6.1486,7.5204,0.0103,0.0184,-0.0028
0.5793,6.1605,7.4486,0.017,0.0221,-0.0107
0.6009,6.2371,7.3648,0.0206,0.0276,-0.0125
0.5793,6.2371,7.463,0.0127,0.0233,-0.0095
0.5913,6.2252,7.518,-0.0067,0.0264,-0.0058
0.6081,6.2012,7.5755,-0.0159,0.0227,-0.004
0.6679,6.1701,7.6593,-0.0226,0.0215,0.0002
0.6344,6.1629,7.7359,-0.0214,0.0123,-0.0009
0.5913,6.1821,7.7431,-0.0196,-0.001,-0.0095
0.5027,6.2156,7.7455,-0.011,-0.0035,-0.0187
0.4094,6.2252,7.6545,0.0029,0.0001,-0.0235
0.3567,6.2755,7.5037,0.0225,0.0135,-0.0223
0.3567,6.2683,7.4821,0.0426,0.0313,-0.0107
0.3998,6.2635,7.4175,0.0451,0.038,-0.0009
0.474,6.2443,7.3816,0.0396,0.0374,0.0112
0.5626,6.2012,7.4151,0.0304,0.0343,0.0209
0.5913,6.1917,7.4223,0.0164,0.027,0.0246
0.6224,6.1845,7.5228,0.0011,0.0178,0.0258
0.632,6.1988,7.6234,-0.0129,0.0001,0.0197
0.6057,6.1797,7.5516,-0.0092,-0.0041,0.0136
0.6033,6.1677,7.53,0.0078,0.0007,0.01
0.6009,6.1845,7.4007,0.0304,0.0166,0.01
0.5386,6.23,7.3912,0.0426,0.0288,0.0087
0.5602,6.2395,7.3768,0.0396,0.0368,0.0075
0.5746,6.2515,7.4151,0.0268,0.0368,0.0161
0.6799,6.2084,7.4965,0.0151,0.0233,0.0258
0.7374,6.1533,7.5061,0.0041,0.0123,0.0313
0.8068,6.127,7.4702,0.0048,0.0019,0.0307
0.7948,6.151,7.4534,0.0096,0.0013,0.0258
0.7326,6.2012,7.4151,0.017,0.0068,0.0106
0.6895,6.1988,7.4079,0.0164,0.0148,-0.0009
0.577,6.2443,7.4989,0.0158,0.019,-0.0071
0.5722,6.2443,7.5252,0.0121,0.0203,-0.0071
0.5434,6.2467,7.542,0.0084,0.0203,-0.0046
0.5458,6.2587,7.5348,0.0017,0.0142,-0.0016
0.6105,6.1869,7.5324,-0.0043,-0.0047,0.0045
0.6129,6.1893,7.5348,-0.0025,-0.0096,0.0051
0.6057,6.1893,7.5156,0.0011,-0.0047,0.0032
0.553,6.2156,7.5372,0.0035,-0.0053,-0.0046
0.3926,6.2276,7.4893,0.0041,-0.0065,-0.0132
0.3926,6.2276,7.4893,0.0127,-0.0016,-0.0162
0.4022,6.2371,7.439,0.0194,0.0019,-0.0095
0.4046,6.2371,7.3864,0.0213,0.0044,-0.0028
0.4812,6.2635,7.4055,0.0219,0.0068,0.0045
0.5123,6.2802,7.4558,0.0182,0.0166,0.0118
0.541,6.285,7.5228,0.0121,0.0215,0.0179
0.5841,6.285,7.554,0.0066,0.019,0.0209
0.6871,6.2659,7.5252,0.0066,0.0135,0.0228
0.7158,6.2371,7.5252,0.0084,0.005,0.0234
0.7254,6.2419,7.5563,0.0096,0.0013,0.0185
0.6368,6.2467,7.5659,0.0115,-0.0035,0.0081
0.5291,6.2371,7.463,0.017,-0.0035,-0.0022
0.5099,6.2539,7.4319,0.0353,0.0093,-0.0083
0.4429,6.2994,7.3648,0.0396,0.0166,-0.0064
0.4381,6.2731,7.3528,0.0329,0.0129,-0.0016
0.5027,6.2252,7.4127,0.0243,0.0074,0.0051
0.5051,6.2324,7.4007,0.0182,0.0019,0.0148
0.5841,6.2276,7.3792,0.009,0.0056,0.0258
0.5865,6.2228,7.4199,0.0035,0.0019,0.0264
0.6129,6.2156,7.542,-0.0019,0.0062,0.0234
0.6033,6.2132,7.554,-0.0055,0.0032,0.0191
0.6129,6.2395,7.6018,-0.0049,-0.0065,0.0173
0.632,6.2156,7.5492,0.0017,-0.012,0.0148
0.6296,6.2108,7.4055,0.0249,-0.0102,0.0112
0.6224,6.1964,7.3289,0.0377,-0.001,0.0106
0.5961,6.2228,7.3002,0.0414,0.0142,0.0081
0.5674,6.2324,7.2762,0.0371,0.0209,0.0063
0.62,6.2419,7.2882,0.0292,0.0233,0.0069
0.62,6.2324,7.3337,0.0084,0.0178,0.0087
0.6296,6.2587,7.4534,-0.0135,0.0013,0.0075
0.5937,6.2348,7.5348,-0.0269,-0.02,0.0051
0.6703,6.2324,7.4702,-0.0287,-0.0322,0.0038
0.6799,6.2491,7.4821,-0.0196,-0.0322,0.0069
0.6512,6.2252,7.4917,-0.0092,-0.0255,0.0069
0.6105,6.2324,7.4558,0.0066,-0.0059,0.0008
0.6105,6.2611,7.3864,0.017,0.008,-0.0016
0.6009,6.2683,7.3768,0.0237,0.0148,-0.0003
0.6009,6.2683,7.3768,0.0139,0.0025,-0.0022
0.5793,6.2515,7.3121,0.0139,0.0025,-0.0022
0.5746,6.2515,7.4319,0.0011,-0.0114,-0.0022
0.5817,6.2467,7.4342,-0.0196,-0.031,-0.0003
0.6153,6.218,7.4151,-0.0257,-0.0395,-0.0003
0.6272,6.1988,7.4031,-0.0232,-0.0358,0.0008
0.656,6.2228,7.4223,-0.019,-0.0224,0.0014
0.6392,6.2395,7.4438,-0.0159,-0.0114,-0.0009
0.5985,6.2467,7.4678,-0.0153,-0.001,-0.0083
0.5554,6.2683,7.5228,-0.0153,-0.0041,-0.0125
0.4836,6.285,7.6066,-0.0202,-0.0145,-0.0138
0.4692,6.2826,7.6162,-0.019,-0.0218,-0.0138
0.5003,6.285,7.5875,-0.0141,-0.0255,-0.0101
0.5386,6.2731,7.5396,-0.0061,-0.0236,-0.0034
0.5722,6.285,7.4295,0.0072,-0.0163,0.002
0.6009,6.2731,7.3983,0.0109,-0.012,0.0014
0.6057,6.2491,7.3792,0.0084,-0.0108,0.0014
0.6224,6.2491,7.3768,0.0048,-0.0145,0.0008
0.6296,6.23,7.3744,-0.0031,-0.0193,0.0008
0.6296,6.2276,7.372,-0.0074,-0.023,0.0057
0.6464,6.2228,7.4127,-0.0086,-0.0145,0.0075
0.62,6.218,7.4893,-0.0129,-0.0053,0.0057
0.5865,6.2276,7.5516,-0.0122,0.0019,0.0014
0.5865,6.2276,7.5516,-0.011,0.0068,-0.0022
0.5961,6.2324,7.5204,-0.0061,0.0025,-0.0009
0.5602,6.2563,7.5372,0.0011,-0.0053,-0.0028
0.565,6.2994,7.5659,-0.0006,-0.0047,-0.004
0.5698,6.3233,7.5516,0.0035,-0.0029,-0.0028
0.5817,6.309,7.5156,0.0078,-0.0035,-0.0028
0.5865,6.2898,7.4223,0.0145,0.0007,-0.0028
0.5817,6.2707,7.3433,0.02,0.0019,-0.0028
0.5674,6.297,7.3552,0.0151,0.0025,-0.0046
0.5027,6.2946,7.4462,0.0041,-0.0047,-0.0083
0.4908,6.297,7.439,-0.0043,-0.0096,-0.0077
0.5147,6.2587,7.4366,-0.0037,-0.0181,-0.0022
0.5147,6.2587,7.4366,0.0048,0.0068,0.0124
0.5889,6.2539,7.3888,0.0048,0.0068,0.0124
0.5793,6.2036,7.4845,0.0048,0.0111,0.0161
0.7206,6.1869,7.4414,0.0029,0.0209,0.0179
0.7445,6.2012,7.4366,0.0078,0.0239,0.0228
0.7924,6.1964,7.4797,0.0066,0.0209,0.0264
0.7733,6.1964,7.554,-0.0037,0.0154,0.0228
0.8523,6.127,7.5971,-0.0184,-0.0059,0.013
0.8595,6.1294,7.5851,-0.0171,-0.0145,0.0075
0.8092,6.127,7.5492,-0.0074,-0.0138,-0.0009
0.7374,6.1749,7.4941,0.0041,-0.0083,-0.0119
0.5961,6.1749,7.4342,0.0096,-0.0029,-0.0223
0.5554,6.2228,7.4223,0.0084,-0.0022,-0.0284
0.5434,6.206,7.4726,0.0017,-0.0047,-0.0235
0.5267,6.1964,7.5827,-0.0104,-0.0114,-0.0187
0.5386,6.1605,7.6306,-0.0202,-0.0218,-0.015
0.5817,6.1629,7.6066,-0.0171,-0.0358,-0.0119
0.6344,6.1629,7.4749,-0.0031,-0.0377,-0.0095
0.7278,6.1869,7.3002,0.0243,-0.0297,-0.0071
0.7733,6.2108,7.0943,0.0353,-0.0126,-0.0095
0.7733,6.2108,7.0943,0.028,0.0148,-0.0193
0.7805,6.2419,7.0823,0.028,0.0148,-0.0193
0.7637,6.2683,7.1661,0.009,0.016,-0.0235
0.7757,6.2491,7.3552,-0.0342,-0.0138,-0.0272
0.7924,6.2348,7.3528,-0.0501,-0.0383,-0.0303
0.8283,6.2204,7.3816,-0.0556,-0.0542,-0.0297
0.79,6.194,7.4702,-0.0544,-0.0566,-0.0327
0.6703,6.2659,7.4438,-0.0489,-0.0456,-0.0388
0.6703,6.2707,7.451,-0.0355,-0.0358,-0.048
0.577,6.3401,7.439,-0.0202,-0.0169,-0.0535
0.4932,6.364,7.5085,-0.0196,-0.0071,-0.0516
0.5339,6.3856,7.5228,-0.0232,-0.0071,-0.0455
0.5554,6.3473,7.5085,-0.0263,-0.0169,-0.0345
0.5865,6.3281,7.5085,-0.0269,-0.0273,-0.026
0.5865,6.3281,7.5085,-0.0397,-0.0346,-0.0266
0.4429,6.3401,7.7359,-0.0397,-0.0346,-0.0266
0.4285,6.3162,7.7431,-0.0385,-0.0377,-0.0278
0.4213,6.3209,7.6976,-0.0232,-0.0352,-0.0229
0.474,6.3114,7.5707,-0.0043,-0.0279,-0.0138
0.4429,6.309,7.3864,0.0115,-0.0181,-0.0077
0.4429,6.2874,7.384,0.0206,-0.0041,-0.0071
0.4213,6.2802,7.4079,0.0109,0.0007,-0.0046
0.4572,6.2132,7.3959,-0.0006,-0.0016,0.0026
0.5554,6.1605,7.5396,-0.0086,-0.0114,0.0106
0.5554,6.1653,7.5611,-0.0177,-0.0145,0.0173
0.5626,6.1462,7.5803,-0.019,-0.0108,0.0185
0.5889,6.1605,7.542,-0.0025,-0.0096,0.0155
0.644,6.1533,7.3313,0.0133,-0.001,0.0155
0.644,6.1533,7.3313,0.0237,0.0093,0.0142
0.6943,6.1725,7.2595,0.0255,0.0154,0.013
0.711,6.218,7.2738,0.017,0.019,0.0118
0.7493,6.1845,7.3864,-0.0086,0.0166,0.0112
0.7541,6.1605,7.451,-0.0269,0.0013,0.0075
0.7517,6.127,7.53,-0.0416,-0.0218,0.0032
0.7565,6.1342,7.5899,-0.0465,-0.0371,-0.0034
0.7086,6.1605,7.6042,-0.0391,-0.0407,-0.0089
0.711,6.1605,7.5396,-0.0245,-0.0334,-0.0144
0.7158,6.1988,7.4319,0.0096,-0.0163,-0.0168
0.7062,6.2012,7.3313,0.0255,0.0019,-0.015
0.7565,6.1725,7.2164,0.0353,0.019,-0.0132
0.7541,6.1773,7.2188,0.0316,0.0276,-0.0095
0.7541,6.1773,7.2188,0.0005,0.027,-0.0119
0.8188,6.1557,7.269,0.0005,0.027,-0.0119
0.7398,6.1845,7.3648,-0.0226,0.0068,-0.0168
0.7206,6.1797,7.3648,-0.0403,-0.0114,-0.0254
0.6991,6.2204,7.3864,-0.0556,-0.0334,-0.0339
0.6751,6.2252,7.4438,-0.0623,-0.045,-0.0352
0.5913,6.2036,7.6162,-0.0648,-0.0395,-0.0327
0.5913,6.2036,7.6162,-0.041,0.0099,-0.0303
0.5889,6.1462,7.6138,-0.041,0.0099,-0.0303
0.5937,6.1629,7.5947,-0.0257,0.0233,-0.0266
0.5339,6.1581,7.6473,-0.0226,0.0239,-0.026
0.5003,6.1581,7.6928,-0.03,0.0166,-0.0315
0.5315,6.1893,7.6928,-0.0367,-0.0035,-0.0321
0.5458,6.2036,7.7,-0.0361,-0.0218,-0.0284
0.5602,6.2348,7.7168,-0.0293,-0.0218,-0.0266
0.553,6.2276,7.6904,-0.0208,-0.0126,-0.0254
0.553,6.2443,7.6282,-0.008,-0.0047,-0.0242
0.5602,6.2228,7.5803,0.0023,0.0068,-0.0223
0.5099,6.2156,7.5994,0.006,0.0129,-0.0199
0.4908,6.2084,7.6138,0.0029,0.0056,-0.0205
0.4908,6.2084,7.6138,-0.0043,-0.0108,-0.0193
0.4596,6.218,7.5947,-0.0043,-0.0108,-0.0193
0.395,6.2395,7.6282,-0.0049,-0.0102,-0.0187
0.3974,6.2419,7.6234,-0.0019,-0.0059,-0.018
0.462,6.2563,7.5563,0.0115,-0.0047,-0.0089
0.462,6.2563,7.5563,0.0298,0.0135,0.0063
0.6129,6.2132,7.3552,0.0298,0.0135,0.0063
0.6057,6.2132,7.3528,0.0335,0.0184,0.0075
0.5937,6.2371,7.3528,0.031,0.019,0.0057
0.5793,6.2395,7.36,0.0219,0.0148,0.0026
0.5386,6.2252,7.3337,0.0066,0.0013,-0.0009
0.5339,6.2108,7.3145,-0.0006,-0.009,0.0008
0.5147,6.2228,7.3552,-0.0055,-0.0132,0.0032
0.4908,6.2204,7.3959,-0.0129,-0.0041,0.0075
0.5506,6.2228,7.4821,-0.0171,0.0038,0.0124
0.6009,6.194,7.5276,-0.0147,0.0142,0.0234
0.6224,6.1342,7.5324,-0.0122,0.0245,0.0289
0.6751,6.1342,7.518,-0.008,0.0251,0.0307
0.5961,6.1462,7.6473,-0.0086,0.019,0.0264
0.5674,6.1605,7.6737,-0.0141,0.0111,0.0179
0.5363,6.1438,7.6761,-0.0165,0.0019,0.0106
0.5913,6.1701,7.6282,-0.0031,-0.0022,0.0148
0.7182,6.1342,7.4965,0.0078,-0.001,0.0216
0.7158,6.1198,7.4917,0.0139,0.005,0.0234
0.7015,6.1246,7.5085,0.0151,0.0142,0.0185
0.723,6.1581,7.5133,0.0103,0.019,0.0112
0.711,6.127,7.554,0.0005,0.0013,0.0063
0.711,6.127,7.554,-0.0055,-0.0151,0.0045
0.7445,6.0959,7.4965,-0.0055,-0.0279,0.0038
0.7685,6.1031,7.4007,0.0011,-0.0322,0.0014
0.6751,6.1318,7.4031,0.0054,-0.0285,-0.0052
0.5674,6.1605,7.4199,0.009,-0.0108,-0.0144
0.5099,6.2084,7.4582,0.0084,0.0111,-0.0193
0.4692,6.2156,7.4702,0.0023,0.0129,-0.0138
0.541,6.2108,7.5779,-0.0061,0.0025,-0.0052
0.5841,6.1988,7.6018,-0.0141,-0.0102,0.002
0.6584,6.1653,7.6018,-0.0153,-0.02,0.0093
0.7038,6.1677,7.6162,-0.0129,-0.0248,0.0124
0.6607,6.2036,7.6306,-0.0067,-0.0267,0.0051
0.6655,6.2084,7.6234,-0.0031,-0.0273,-0.0028
0.6177,6.2132,7.5492,0.006,-0.0212,-0.0071
0.5913,6.2156,7.4175,0.0194,-0.0151,-0.0101
0.5434,6.23,7.293,0.0292,-0.0108,-0.0107
0.5363,6.2491,7.305,0.0249,-0.0059,-0.0107
0.4381,6.2371,7.3696,0.0115,-0.0065,-0.0101
0.4357,6.2324,7.4534,-0.0043,-0.0102,-0.0071
0.486,6.218,7.5492,-0.0141,-0.0145,0.0014
0.486,6.218,7.5492,-0.0184,-0.0206,0.0124
0.5386,6.1749,7.5563,-0.0159,-0.0193,0.0197
0.6248,6.1533,7.5707,-0.0074,-0.0126,0.0234
0.6464,6.1749,7.5348,-0,-0.0035,0.0216
0.6296,6.1845,7.4965,0.0066,-0.0004,0.0161
0.6488,6.206,7.463,0.0127,0.0007,0.0118
0.6248,6.2012,7.463,0.017,0.0062,0.0106
0.6368,6.194,7.4342,0.0133,0.008,0.0093
0.6392,6.1701,7.4295,0.0115,0.0025,0.0112
0.6177,6.1677,7.4582,0.0048,0.0007,0.0106
0.5985,6.1725,7.4462,0.0011,0.0013,0.0087
0.6033,6.1893,7.4989,-0.0031,-0.0041,0.0081
0.6177,6.194,7.4941,-0.0067,-0.0071,0.0093
0.6679,6.1845,7.4678,-0.0067,-0.0053,0.013
0.711,6.2036,7.4749,-0.0012,0.0007,0.0161
0.6727,6.2826,7.5133,0.0017,0.0105,0.0148
0.6655,6.2874,7.518,0.0011,0.016,0.0118
0.6512,6.2707,7.5156,0.0005,0.0129,0.0087
0.6751,6.2348,7.4941,-0.0006,0.0025,0.0106
0.6823,6.1749,7.4917,-0.0025,-0.0071,0.0142
0.6823,6.1749,7.4917,-0.0061,-0.0071,0.0124
0.656,6.1414,7.5228,-0.0061,-0.0071,0.0124
0.6248,6.1414,7.5324,-0.0061,-0.0035,0.0112
0.6296,6.1318,7.5085,-0.0037,-0.0022,0.0106
0.6129,6.1486,7.5204,0.0005,-0.001,0.0142
0.6392,6.1318,7.53,-0.0006,0.0019,0.0179
0.7422,6.1438,7.5109,-0.0031,-0.0022,0.0216
0.8188,6.1174,7.5659,-0.008,-0.0102,0.0277
0.8331,6.1246,7.5659,-0.0122,-0.0163,0.0264
0.8188,6.1366,7.5755,-0.0122,-0.0181,0.0173
0.7972,6.1414,7.5228,-0.0012,-0.0163,0.0008
0.644,6.1893,7.4438,0.0103,-0.0102,-0.0089
0.6105,6.1845,7.4319,0.0164,-0.001,-0.018
0.5458,6.2132,7.3912,0.0176,0.0032,-0.0217
0.541,6.1988,7.3313,0.0158,0.0007,-0.0174
0.5937,6.1845,7.3768,0.0048,0.0044,-0.0064
0.6057,6.1701,7.3696,-0.0061,0.005,0.0002
0.6464,6.1749,7.4319,-0.0129,0.0032,0.0057
0.6105,6.1917,7.5252,-0.0226,-0.001,0.0063
0.6703,6.1869,7.5252,-0.0263,-0.0029,0.0038
0.6751,6.1821,7.5228,-0.0239,-0.0071,0.0051
0.6847,6.1773,7.4869,-0.0153,-0.009,0.0087
0.6775,6.1581,7.4893,-0.011,-0.0035,0.0081
0.6775,6.1701,7.4821,-0.008,0.0074,0.0051
0.6871,6.1821,7.4821,-0.0049,0.0142,0.0045
0.6536,6.1773,7.4965,-0.0049,0.0178,0.0014
0.6272,6.1797,7.5204,-0.0092,0.016,-0.0016
0.6584,6.2108,7.5133,-0.0147,0.0099,-0.0034
0.6679,6.2036,7.5156,-0.0129,0.008,-0.0003
0.6655,6.206,7.5587,-0.0147,0.0062,0.0026
0.6536,6.1917,7.6282,-0.0184,0.0099,0.0014
0.6727,6.1821,7.6761,-0.0171,0.0093,-0.0009
0.6727,6.1821,7.6761,-0.0025,-0.0053,-0.0016
0.6488,6.1725,7.5755,-0.0025,-0.0053,-0.0016
0.6344,6.1677,7.53,0.0023,-0.009,-0.004
0.6392,6.1964,7.4654,0.0041,-0.0041,-0.0046
0.6416,6.1845,7.4702,0.0066,0.0056,-0.0016
0.6057,6.1701,7.4941,0.0072,0.0142,0.0002
0.5554,6.1486,7.53,0.0029,0.0294,0.0008
0.577,6.1725,7.6378,-0.0019,0.0251,0.0014
0.577,6.1725,7.6378,-0.008,0.0093,0.0051
0.6631,6.1318,7.6425,-0.0129,-0.0035,0.0093
0.6631,6.1055,7.6186,-0.011,-0.0138,0.0118
0.6823,6.1486,7.6186,-0.0019,-0.0083,0.0093
0.6416,6.1677,7.621,0.0041,0.0025,0.0038
0.5937,6.1821,7.6258,0.0109,0.0111,-0.0009
0.5817,6.1533,7.53,0.02,0.0166,0.0002
0.6679,6.115,7.4702,0.0243,0.0135,0.0063
0.7015,6.0911,7.4558,0.0206,0.0038,0.013
0.7493,6.0839,7.4558,0.0133,-0.009,0.0136
0.7685,6.1007,7.4917,0.0096,-0.0126,0.01
0.6967,6.1533,7.4582,0.0072,-0.009,0.0038
0.711,6.1749,7.4654,0.0078,-0.009,-0.004
0.6871,6.2012,7.451,0.0109,-0.0053,-0.0083
0.6679,6.2371,7.3792,0.0139,-0.0029,-0.0095
0.6655,6.2036,7.3074,0.0145,0.0025,-0.0077
0.644,6.2084,7.3241,0.0078,0.0062,-0.0046
0.6177,6.2036,7.4534,-0.0061,0.0062,-0.0046
0.5865,6.2204,7.5492,-0.022,0.0019,-0.0046
0.6703,6.1533,7.6354,-0.0269,0.0001,-0.0003
0.6703,6.1486,7.633,-0.0159,-0.001,0.0075
0.7062,6.139,7.5803,-0.0043,-0.0004,0.0081
0.6919,6.1677,7.554,0.0054,0.0044,0.0038
0.6919,6.1677,7.554,0.0048,0.0007,-0.0107
0.6057,6.1869,7.554,0.0048,0.0007,-0.0107
0.5985,6.1773,7.5779,0.0023,-0.0041,-0.0119
0.5746,6.1821,7.5923,0.0035,-0.0041,-0.0101
0.5722,6.206,7.5276,0.0109,-0.0035,-0.0077
0.5626,6.2228,7.4941,0.0182,0.0019,-0.0071
0.5506,6.2348,7.3959,0.0225,0.0074,-0.0034
0.5506,6.2515,7.4199,0.0194,0.0093,0.0002
0.6009,6.2731,7.4797,0.006,0.0068,0.0038
0.6009,6.2731,7.4797,-0.0061,-0.0102,0.0118
0.6655,6.23,7.4845,-0.0061,-0.0102,0.0118
0.6416,6.2084,7.5037,-0.0037,-0.0114,0.0124
0.6009,6.1964,7.451,-0,-0.0077,0.0106
0.5841,6.2036,7.4342,0.0078,0.0013,0.0063
0.5602,6.2276,7.372,0.0225,0.0197,0.0063
0.5123,6.2348,7.372,0.02,0.0276,0.0075
0.553,6.2587,7.4247,0.0096,0.027,0.01
0.577,6.2515,7.4319,-0.0031,0.0184,0.0167
0.6871,6.1869,7.463,-0.0122,0.008,0.0271
0.711,6.139,7.4917,-0.0214,0.0032,0.0344
0.6943,6.0863,7.5875,-0.0232,0.0038,0.0313
0.6368,6.0863,7.6354,-0.0184,0.0093,0.0222
0.5674,6.127,7.6401,-0.0086,0.0123,0.0155
0.5793,6.1318,7.5156,0.0078,0.0123,0.0124
0.6631,6.1581,7.3026,0.0261,0.016,0.0185
0.7038,6.1964,7.2714,0.0359,0.0306,0.0301
0.7398,6.1869,7.3026,0.0188,0.03,0.0319
0.7733,6.1462,7.4127,-0.0049,0.0203,0.0307
0.8427,6.115,7.6066,-0.0281,0.0074,0.0295
0.8403,6.0887,7.6138,-0.0379,-0.0047,0.0258
0.802,6.0983,7.633,-0.0391,-0.0157,0.0197
0.7637,6.1222,7.6593,-0.0239,-0.0175,0.0026
0.6057,6.1845,7.6282,-0.008,-0.0065,-0.0052
0.5937,6.2036,7.5851,0.0066,0.0068,-0.0113
0.5482,6.2228,7.5037,0.02,0.0184,-0.0119
0.6057,6.218,7.4103,0.0249,0.0166,-0.0052
0.644,6.1869,7.3792,0.0188,0.0062,0.0057
0.6416,6.1845,7.384,0.0035,-0.001,0.0075
0.656,6.1677,7.4606,-0.0122,-0.012,0.0057
0.644,6.1797,7.542,-0.0226,-0.0157,0.0051
0.5841,6.1773,7.542,-0.0232,-0.0145,0.0026
0.6177,6.1845,7.4989,-0.0165,-0.0077,0.0014
0.6751,6.1821,7.4271,0.0035,0.0038,0.0075
0.7278,6.1533,7.3792,0.0035,0.0093,0.0112
0.7876,6.139,7.4175,-0.0025,0.0099,0.0112
0.8427,6.1103,7.451,-0.0116,0.0074,0.0087
0.8379,6.0911,7.4702,-0.0196,0.005,0.0051
0.8164,6.0815,7.5156,-0.0257,0.0019,-0.0009
0.7445,6.151,7.5851,-0.0275,0.0038,-0.0101
0.6967,6.1557,7.5947,-0.0269,0.0019,-0.0174
0.6703,6.1869,7.6138,-0.0281,0.0007,-0.0235
0.6105,6.1917,7.6785,-0.0281,-0.0035,-0.0242
0.6919,6.1581,7.5994,-0.0251,-0.009,-0.0199
0.7015,6.1486,7.5923,-0.011,-0.0047,-0.0119
0.723,6.151,7.5803,0.0017,0.0062,-0.0113
0.6392,6.1869,7.5755,0.0023,0.0111,-0.0168
0.4884,6.3018,7.6378,-0.0031,0.005,-0.0266
0.4884,6.3018,7.6378,-0.0086,-0.0065,-0.0309
0.4788,6.2755,7.5899,-0.0086,-0.0187,-0.026
0.4955,6.2228,7.5204,-0.0055,-0.0316,-0.0119
0.5171,6.1701,7.4726,-0.0012,-0.0279,-0.0034
0.5195,6.1605,7.5156,0.0023,-0.0145,0.0032
0.5458,6.1366,7.5276,0.0035,0.0038,0.0075
0.5913,6.1342,7.5563,0.0096,0.0148,0.0142
0.6129,6.1581,7.4869,0.0133,0.0178,0.0191
0.6272,6.1462,7.4438,0.0133,0.0117,0.0203
0.7182,6.1462,7.4414,0.0078,0.0025,0.0216
0.7469,6.1414,7.5109,-0.0031,-0.0071,0.024
0.79,6.1126,7.6282,-0.0135,-0.0157,0.0234
0.79,6.1126,7.6282,-0.0067,-0.0077,0.0142
0.8355,6.0504,7.633,-0.0067,-0.0077,0.0142
0.8451,6.0528,7.5803,0.0084,0.0074,0.0081
0.7445,6.1007,7.4869,0.0219,0.0172,-0.0003
0.735,6.1103,7.4773,0.0255,0.0166,-0.0095
0.6512,6.1342,7.4582,0.0219,0.0111,-0.0174
0.6296,6.151,7.4558,0.0127,-0.0004,-0.0205
0.6919,6.1318,7.5013,-0.0031,-0.0193,-0.0168
0.7015,6.127,7.5013,-0.0116,-0.0248,-0.0101
0.7374,6.139,7.554,-0.0153,-0.0291,-0.0064
0.7134,6.1438,7.5659,-0.0147,-0.0255,-0.0071
0.6895,6.1845,7.5204,-0.0049,-0.012,-0.0125
0.6895,6.2324,7.4366,0.017,0.0074,-0.015
0.6536,6.2419,7.3935,0.0206,0.0166,-0.0144
0.6057,6.2587,7.4534,0.0158,0.0135,-0.0156
0.6129,6.2443,7.5348,0.0011,0.0025,-0.0144
0.6344,6.2276,7.5324,-0.0122,-0.0132,-0.0101
0.6631,6.2228,7.5755,-0.0196,-0.0267,-0.0058
0.6655,6.1893,7.6138,-0.0196,-0.0279,-0.004
0.6655,6.1893,7.6138,-0,-0.0065,-0.0083
0.6033,6.1701,7.6569,0.0133,0.0056,-0.0058
0.5985,6.1749,7.5635,0.0133,0.0056,-0.0058
0.6177,6.1462,7.4558,0.0268,0.0099,-0.0028
0.6703,6.1366,7.3888,0.0292,0.0068,0.0026
0.6655,6.139,7.3768,0.0206,-0.0004,0.0026
0.6631,6.1246,7.4079,0.0096,-0.0083,0.0002
0.6296,6.139,7.4797,-0.0037,-0.0145,-0.004
0.632,6.1725,7.5252,-0.011,-0.0157,-0.0071
0.632,6.1725,7.5252,-0.0055,-0.0102,0.0002
0.6703,6.1701,7.4893,-0.0055,-0.0102,0.0002
0.6703,6.1366,7.463,0.0011,0.0038,-0.0003
0.6416,6.1126,7.4319,0.0054,0.0142,-0.0034
0.6129,6.1414,7.4845,0.006,0.0197,-0.0077
0.5865,6.1629,7.5492,-0.0006,0.0209,-0.0113
0.5865,6.194,7.5899,-0.008,0.0129,-0.0119
0.565,6.2156,7.5133,-0.0049,-0.001,-0.0064
0.6033,6.1917,7.4366,0.0017,0.0013,-0.0022
0.656,6.1773,7.4223,0.0078,0.0087,0.0026
0.6536,6.1653,7.4749,0.0041,0.0197,0.0051
0.632,6.1629,7.6952,-0.0043,0.0239,0.0032
0.6488,6.151,7.688,-0.0135,0.0178,0.0002
0.6727,6.1701,7.6785,-0.0055,0.0135,0.0014
0.7086,6.151,7.542,0.009,0.0074,0.0051
0.6751,6.1988,7.4103,0.02,0.0074,0.0045
0.6751,6.1988,7.4103,0.0133,0.0074,-0.0058
0.6177,6.1893,7.4749,0.0133,0.0074,-0.0058
0.6248,6.1462,7.5228,-0.0019,0.0074,-0.0028
0.7134,6.1174,7.5875,-0.0043,0.0087,0.0045
0.7134,6.1174,7.5875,0.0005,0.0032,0.0069
0.7852,6.1462,7.5587,0.0005,0.0032,0.0069
0.7757,6.1773,7.4773,0.0072,0.0001,0.0026
0.7589,6.1701,7.384,0.017,0.0056,-0.0034
0.7445,6.1725,7.3792,0.0194,0.0129,-0.0064
0.711,6.1581,7.3504,0.0164,0.0135,-0.0089
0.656,6.1701,7.4103,0.0078,0.0172,-0.0125
0.5961,6.1605,7.53,-0.0055,0.0129,-0.0162
0.5722,6.151,7.5348,-0.0153,0.0105,-0.018
0.5674,6.1198,7.5492,-0.0141,0.0099,-0.0156
0.5913,6.1318,7.5228,-0.0092,0.0135,-0.0113
0.6464,6.1773,7.5468,-0.008,0.0172,-0.0107
0.6488,6.2012,7.554,-0.0055,0.0166,-0.0119
0.6296,6.1988,7.5755,-0.0086,0.0154,-0.0125
0.6296,6.1988,7.5755,-0.0086,0.0093,-0.0187
0.5291,6.1414,7.5635,-0.0086,0.0093,-0.0187
0.5219,6.1581,7.5635,-0.0061,0.0074,-0.0193
0.4932,6.139,7.5492,-0.0006,0.0123,-0.0193
0.4668,6.151,7.5755,0.0029,0.0178,-0.0168
0.4692,6.1917,7.4821,0.0054,0.019,-0.0156
0.4692,6.1988,7.4845,0.0103,0.0178,-0.0119
0.4429,6.2252,7.4606,0.0078,0.0184,-0.0083
0.4525,6.2204,7.5037,0.0005,0.0178,-0.0046
0.5099,6.1988,7.5324,-0.0037,0.016,0.0014
0.5674,6.1845,7.542,-0.0055,0.0166,0.0106
0.632,6.1342,7.5923,-0.0049,0.0166,0.0191
0.632,6.1342,7.5923,0.0072,0.0123,0.0148
0.6272,6.127,7.5276,0.0072,0.0123,0.0148
0.5937,6.1773,7.5324,0.0103,0.0129,0.0045
0.5075,6.2395,7.5156,0.0103,0.0117,-0.0046
0.5267,6.2324,7.5037,0.0078,0.0038,-0.004
0.735,6.206,7.4893,0.0072,-0.0004,0.0112
0.79,6.2156,7.4869,0.0103,0.0038,0.0222
0.8331,6.1797,7.4845,0.0133,0.0142,0.0228
0.8164,6.1917,7.4869,0.0164,0.0233,0.0142
0.6727,6.2012,7.4534,0.0145,0.0245,0.0008
0.6584,6.1701,7.4342,0.0121,0.0227,-0.0083
0.6057,6.1893,7.4199,-0,-0.001,-0.0138
0.6033,6.1533,7.4007,-0.0116,-0.0163,-0.0125
0.5482,6.1366,7.6066,-0.0226,-0.0285,-0.0101
0.5458,6.1342,7.609,-0.033,-0.0267,-0.0095
0.5482,6.127,7.6665,-0.0318,-0.0145,-0.0101
0.5698,6.1414,7.6473,-0.0184,0.0032,-0.0058
0.6081,6.1557,7.5276,0.0072,0.0233,0.0002
0.5626,6.1533,7.4989,0.0151,0.027,-0.0034
0.5219,6.1797,7.4773,0.0109,0.0221,-0.0095
0.5051,6.2036,7.5013,-0.0006,0.0123,-0.0113
0.4548,6.2419,7.5755,-0.0129,-0.0029,-0.0119
0.4668,6.2276,7.5827,-0.0232,-0.0206,-0.0064
0.5315,6.2084,7.5899,-0.0214,-0.0175,-0.0009
0.5363,6.218,7.5923,-0.0159,-0.0022,0.0069
0.565,6.1773,7.5611,-0.0067,0.0074,0.01
0.5889,6.1797,7.5563,-0.0012,0.0105,0.0118
0.5841,6.1342,7.5396,0.0041,0.0099,0.013
0.5817,6.1318,7.5085,0.0041,0.0025,0.013
0.5841,6.1222,7.554,-0.0012,-0.0077,0.0106
0.5961,6.1126,7.5611,-0.0067,-0.0163,0.0124
0.6105,6.0983,7.5372,-0.0061,-0.0187,0.013
0.6248,6.1007,7.5109,0.0017,-0.0126,0.0142
0.6081,6.139,7.4414,0.009,-0.0004,0.0118
0.6177,6.1366,7.4342,0.0127,0.0019,0.01
0.6536,6.1342,7.4127,0.0103,-0.001,0.0106
0.6919,6.1366,7.3624,0.0054,-0.0016,0.0124
0.7086,6.1438,7.4127,-0,-0.0047,0.0124
0.6847,6.151,7.4295,-0.008,-0.0096,0.0087
0.6416,6.1725,7.5324,-0.0202,-0.0096,-0.0028
0.5985,6.206,7.5707,-0.0226,-0.0083,-0.0058
0.6153,6.1845,7.542,-0.0202,-0.0108,-0.0034
0.6224,6.1725,7.5252,-0.011,-0.0132,-0.0009
0.6033,6.1869,7.4869,-0.0037,-0.0083,0.0002
0.5554,6.1557,7.5468,-0.0043,-0.0065,-0.0016
0.4788,6.194,7.6258,-0.0098,-0.0016,-0.004
0.4788,6.1893,7.609,-0.0092,-0.0022,-0.0009
0.5339,6.2036,7.5851,-0.0074,-0.0053,0.0069
0.5626,6.1845,7.5156,-0.0055,-0.0096,0.0136
0.5722,6.1893,7.5611,-0.0025,-0.0077,0.0185
0.5865,6.2036,7.5755,-0.0067,-0.0029,0.0185
0.5937,6.1821,7.5851,-0.0104,-0.0029,0.0167
0.6488,6.1964,7.5731,-0.0067,-0.0071,0.0179
0.7469,6.1486,7.4678,-0.0031,-0.009,0.0203
0.7469,6.1486,7.4678,0.0023,-0.0047,0.0209
0.7805,6.1366,7.3912,0.0121,-0.0004,0.0203
0.7302,6.1342,7.3648,0.0109,0.0105,0.0124
0.6081,6.1797,7.4917,0.0017,0.0154,0.0032
0.5865,6.194,7.5492,-0.0116,0.0142,-0.0022
0.6081,6.1845,7.6186,-0.0226,0.0007,0.0008
0.6727,6.1342,7.6234,-0.0275,-0.012,0.01
0.7493,6.1055,7.6138,-0.0232,-0.02,0.0179
0.7781,6.0887,7.5947,-0.0153,-0.0212,0.0173
0.7278,6.0648,7.5707,-0.0061,-0.0096,0.0106
0.6607,6.1246,7.5348,0.0041,0.005,0.002
0.6057,6.139,7.5061,0.0096,0.0105,-0.0028
0.5985,6.139,7.5061,0.009,0.0111,-0.0046
0.5889,6.1462,7.5348,0.0005,-0.0004,-0.0022
0.6081,6.1366,7.5204,-0.0037,-0.0071,-0.0003
0.6727,6.1222,7.5133,-0.0049,-0.0132,0.0026
0.6584,6.1007,7.5109,-0.0061,-0.0163,0.0051
0.6799,6.0648,7.5061,-0.0049,-0.0126,0.0045
0.6368,6.1007,7.4797,0.0011,-0.0053,0.0002
0.5961,6.1869,7.4342,0.006,0.0074,-0.0052
0.5961,6.1869,7.4342,0.0054,0.0135,-0.0089
0.5817,6.1725,7.4175,0.0054,0.0135,-0.0089
0.5889,6.1773,7.4223,-0.0012,0.0056,-0.0046
0.6177,6.1605,7.4917,-0.008,0.0019,0.0008
0.5913,6.1893,7.609,-0.0202,0.0038,0.0063
0.6272,6.1821,7.6641,-0.0239,0.0013,0.0069
0.6488,6.1366,7.6234,-0.0184,-0.0041,0.0112
0.6847,6.1318,7.5971,-0.0086,-0.0065,0.0155
0.6751,6.115,7.5731,-0.0019,0.0019,0.0148
0.6775,6.1342,7.6066,0.0011,0.0044,0.0118
