bicicleta
3.4093,-11.1357,0.4213,0.8699,-0.4115,2.3005
2.9592,-9.2945,-1.1659,0.9359,-0.2735,2.2321
2.6839,-8.4326,-1.5873,0.829,0.03,2.1789
2.7557,-7.8437,-1.4413,0.5584,0.3996,2.1416
2.7269,-7.6497,-0.8475,0.1784,0.6916,2.1013
2.9759,-8.4661,1.2713,-0.243,0.9054,2.0292
3.3303,-9.1341,2.4181,-0.7799,1.2169,1.9969
3.9719,-10.2043,4.1371,-0.9571,1.5499,2.0592
4.7884,-10.9082,5.8613,-0.9473,1.9793,2.1252
5.4327,-11.921,4.8099,-0.7567,2.2151,2.1172
5.392,-11.8994,4.209,-0.4122,1.7014,1.9816
4.4747,-11.3583,1.9416,-0.1434,0.7118,1.7256
3.3375,-10.8939,0.4955,0.0532,-0.4567,1.2095
1.3551,-10.6042,-0.5123,0.0324,-0.5086,0.8943
1.2162,-10.6688,-0.3064,-0.083,-0.0071,0.6908
1.1827,-11.2027,1.6184,-0.3432,0.6647,0.6108
1.3,-11.751,3.6942,-0.6504,1.2206,0.5955
1.367,-12.1101,4.604,-0.871,1.4332,0.5558
1.367,-12.1101,4.604,-0.8019,1.1974,0.4685
0.5195,-11.4541,3.4476,-0.626,0.8003,0.3158
-0.541,-10.7382,2.0374,-0.4482,0.4033,0.1447
-0.8954,-10.3983,0.8092,-0.2943,0.206,0.0659
-0.4836,-10.494,1.1707,-0.2216,0.2286,0.1533
0.656,-10.8675,2.5809,-0.3798,0.5413,0.5167
1.9728,-11.3559,4.2712,-0.5497,0.8657,0.78
3.5146,-11.5954,5.55,-0.6682,0.9958,0.9095
3.8331,-11.4733,5.5787,-0.6578,0.738,0.8478
3.9145,-11.004,4.3358,-0.5032,0.0887,0.5968
3.7277,-10.427,1.8555,-0.0689,-0.7151,0.1227
3.529,-9.4454,0.2466,0.099,-0.7884,-0.0794
3.5577,-9.3113,0.3184,0.0122,-0.6101,-0.1795
3.5386,-8.7989,1.0869,-0.2198,-0.3675,-0.2364
3.3351,-8.3991,2.3343,-0.4751,-0.3407,-0.3042
1.5538,-7.4797,3.6439,-0.637,-0.4152,-0.3866
1.4341,-7.4606,3.6798,-0.6205,-0.5282,-0.5638
0.6655,-7.4223,3.1172,-0.5087,-0.5752,-0.6719
0.0837,-7.8389,2.7413,-0.3285,-0.5007,-0.7312
0.0837,-7.8389,2.7413,-0.2155,-0.629,-0.7263
0.4405,-9.7423,2.6479,-0.2155,-0.629,-0.7263
0.5602,-10.597,2.9903,-0.2173,-0.5264,-0.6731
0.723,-11.1692,2.8395,-0.2601,-0.2087,-0.7092
0.8355,-11.32,2.0709,-0.2534,0.0093,-0.7892
1.0917,-11.2913,1.786,-0.2705,-0.0444,-0.8985
1.3886,-11.0854,1.7501,-0.3096,-0.4824,-0.9902
1.9033,-10.5467,1.6903,-0.3358,-1.0816,-1.0519
2.7844,-9.5244,1.2497,-0.3108,-1.6021,-1.047
3.1555,-9.3448,1.3311,-0.2992,-1.4866,-1.0305
3.7948,-9.443,2.059,-0.3487,-1.0816,-1.0262
4.9706,-9.9865,3.4021,-0.4458,-0.5703,-1.0305
7.1541,-11.7055,6.0312,-0.5692,-0.1476,-1.0238
7.3026,-11.8803,6.1342,-0.6608,0.0679,-1.0622
6.4909,-12.158,5.6554,-0.502,0.1815,-1.3524
4.2521,-11.9832,4.1659,-0.2577,0.0832,-1.7006
4.2521,-11.9832,4.1659,0.1289,-0.5038,-2.1581
1.3527,-12.0287,2.1811,0.1289,-0.5038,-2.1581
0.6392,-11.9449,1.403,0.2493,-0.957,-2.1966
0.4692,-11.4254,0.893,0.3678,-1.5367,-2.0445
1.8243,-10.4054,0.2729,0.3965,-1.6577,-1.8344
1.9369,-10.3288,0.2777,0.3684,-1.5178,-1.5839
3.1555,-9.8308,0.8714,0.2841,-1.2319,-1.3958
4.0557,-9.5962,1.5634,0.157,-0.9173,-1.2834
4.6471,-9.1676,1.8291,0.0629,-0.5984,-1.2712
4.5729,-8.7894,1.9464,-0.0219,-0.2246,-1.4025
4.3287,-8.0496,2.229,-0.0701,-0.0957,-1.5363
3.9647,-7.5156,2.8083,-0.0884,-0.0536,-1.6493
3.9001,-7.3265,3.5936,-0.0115,-0.0798,-1.7079
4.1036,-7.4726,3.6655,0.1815,-0.1446,-1.6859
4.2401,-7.621,3.28,0.5956,-0.1776,-1.6255
3.5745,-7.6186,2.5187,0.84,-0.1372,-1.6615
2.7054,-7.7168,2.6001,0.9542,-0.1782,-1.7867
2.7653,-7.8652,2.9233,0.9175,-0.3584,-1.8448
3.1244,-8.2626,3.857,0.807,-0.6571,-1.766
3.5529,-8.5667,3.881,0.7606,-0.9271,-1.6029
3.7493,-8.3823,2.9496,0.9041,-1.0603,-1.2736
3.7684,-8.3584,2.873,1.0342,-0.932,-1.0445
3.3566,-8.1046,2.3032,1.1411,-0.7658,-0.8772
2.3846,-7.8269,1.1204,1.2914,-0.5954,-0.7696
1.5035,-8.5811,-1.142,1.413,-0.5972,-0.7171
1.5035,-8.5811,-1.142,1.3959,-0.8171,-0.6267
1.5035,-8.5811,-1.142,0.9353,-0.8764,-0.0568
3.189,-9.0048,-1.9776,0.9353,-0.8764,-0.0568
3.8283,-7.7934,-0.9648,0.6726,-0.486,0.1209
3.9743,-6.8357,0.0119,0.3708,-0.1812,0.215
2.8586,-5.1502,0.7781,0.1362,-0.092,0.2651
1.9608,-4.0797,0.8643,-0.0109,-0.2087,0.2742
1.3215,-3.3686,1.4604,0.0184,-0.2148,0.3781
1.3215,-3.3686,1.4604,0.1002,0.1296,0.601
0.7015,-2.7461,2.2601,0.1002,0.1296,0.601
0.5243,-2.7078,2.3415,0.1876,0.4222,0.7122
1.4939,-3.8857,1.1468,0.2841,0.6,0.8356
1.6519,-4.1419,1.0462,0.3965,0.6256,1.0201
2.8634,-5.5596,1.221,0.3757,0.3697,1.1826
3.8355,-6.9051,1.4844,0.3146,0.0966,1.3506
4.5753,-8.4829,1.5705,0.2981,0.1247,1.4294
4.5489,-8.6888,1.5155,0.2865,0.3911,1.4269
4.3742,-9.4933,1.2713,0.259,0.7887,1.419
4.2185,-10.099,1.0414,0.2596,0.8901,1.4856
3.517,-10.2331,0.6464,0.2309,0.8565,1.5888
3.4644,-10.19,0.6416,0.1827,0.7124,1.6817
2.8778,-9.8045,0.9241,0.1014,0.5908,1.7391
2.1404,-9.285,2.1643,-0.0213,0.622,1.7342
1.6304,-9.0791,4.0246,-0.2308,0.903,1.7232
1.5658,-9.2275,4.8338,-0.2766,1.1333,1.8038
1.9297,-9.838,5.2268,-0.2283,1.3629,1.9413
2.1763,-10.755,5.4782,-0.097,1.6348,2.0885
2.7437,-12.2753,5.459,0.0465,1.8504,2.1997
3.0286,-12.8691,5.0664,0.1772,1.9023,2.2846
3.4284,-13.8459,4.1922,0.3452,1.3452,2.2846
3.5817,-14.1189,3.1699,0.3934,0.5878,2.1679
3.1579,-12.8236,1.221,0.3959,-0.1501,1.9877
3.1004,-12.5483,0.881,0.3898,-0.5966,1.8044
2.9089,-11.3703,-0.1771,0.4374,-0.5209,1.6694
2.7916,-10.2618,-0.7254,0.361,0.1473,1.5766
2.5617,-8.4302,-0.4692,0.1448,0.6122,1.5106
2.5713,-8.2626,-0.3375,-0.1477,0.9604,1.4367
2.6982,-7.7742,0.6895,-0.4391,1.176,1.3732
2.9951,-7.8125,1.9273,-0.6614,1.2701,1.3316
4.1587,-8.8516,4.0821,-0.7726,1.2341,1.3237
4.185,-8.8803,4.1635,-0.7292,1.0349,1.364
4.4532,-9.1222,4.015,-0.6101,0.903,1.3548
4.3047,-9.1485,3.4668,-0.4592,0.8608,1.2699
3.517,-9.5483,2.2673,-0.3413,0.7759,1.0946
2.6815,-10.0918,1.2808,-0.2412,0.6537,0.8546
1.5131,-11.5978,0.3327,-0.133,0.7038,0.4526
0.735,-13.6233,-0.2011,-0.1013,0.9359,0.2382
0.905,-16.3793,1.8315,-0.1385,1.1186,0.1429
1.6376,-17.1789,3.8522,-0.3071,1.1846,0.1649
2.6934,-17.1646,5.8349,-0.4525,1.3153,0.2186
3.4021,-15.4144,4.9778,-0.4385,1.4399,0.2058
2.3367,-10.901,1.4963,-0.3004,0.611,-0.0183
2.272,-10.4916,1.2114,-0.3255,-0.5141,-0.2553
1.9728,-9.0719,1.1587,-0.4092,-1.2368,-0.3921
1.8818,-8.368,1.4125,-0.5271,-1.3932,-0.4386
1.98,-9.0455,2.3989,-0.6272,-1.136,-0.474
1.9297,-9.2275,2.6479,-0.7158,-0.7225,-0.5119
1.7477,-10.4366,3.7134,-0.8325,-0.1519,-0.6017
1.6041,-11.0447,4.2377,-0.8203,0.0447,-0.6579
2.3247,-9.3688,1.6112,-0.7231,0.027,-0.6768
2.3247,-9.3688,1.6112,-0.5875,-0.2655,-0.6572
1.9416,-7.8724,1.8267,-0.5411,-0.7041,-0.6456
1.4125,-6.7711,1.9488,-0.5099,-0.9699,-0.6487
0.8259,-6.3664,2.3319,-0.4537,-0.8709,-0.6597
0.6679,-6.3473,1.4365,-0.4,-0.7212,-0.6713
0.6033,-6.8141,0.9289,-0.3554,-0.5716,-0.6652
1.3694,-7.8173,0.4261,-0.4311,-0.5801,-0.642
3.019,-9.34,1.9177,-0.5289,-0.5593,-0.5833
3.8474,-9.7566,3.1076,-0.7097,-0.4677,-0.5558
5.2412,-10.2403,4.9251,-0.7409,-0.3113,-0.5992
5.9451,-10.1852,5.2507,-0.6712,-0.2075,-0.7318
4.6662,-9.7518,3.7708,-0.5301,-0.235,-0.9828
4.4484,-9.771,3.632,-0.4153,-0.4231,-1.2913
3.8474,-10.4414,3.3351,-0.3536,-0.6931,-1.6493
3.699,-11.6792,3.2561,-0.2839,-0.695,-1.7763
3.1651,-13.0271,2.6336,-0.1532,-0.6327,-1.8704
2.9544,-13.0606,2.5067,-0.0115,-0.6186,-1.9486
2.2912,-12.9744,2.2601,0.1081,-0.6418,-2.0195
1.5562,-12.4262,1.5538,0.1986,-0.6809,-2.0457
1.1947,-10.8268,1.5227,0.2737,-0.7689,-1.9498
1.1947,-10.7598,1.5442,0.2407,-0.9179,-1.7983
1.537,-10.3073,1.7094,0.1888,-1.0694,-1.6249
2.6216,-10.0631,2.0757,0.1399,-1.2081,-1.4514
3.711,-9.6944,2.3726,0.0862,-1.3865,-1.3213
4.2401,-9.4406,2.4061,0.0623,-1.4103,-1.3078
4.7788,-9.352,2.6958,0.0532,-1.2405,-1.3848
4.8674,-9.34,2.9185,0.03,-1.0034,-1.5033
4.2449,-9.1485,3.4452,0.0171,-0.7371,-1.6426
3.9217,-9.103,3.517,0.0629,-0.4867,-1.7867
3.3542,-9.1581,3.1196,0.226,-0.29,-1.9187
3.5577,-10.0511,3.4883,0.6054,-0.1043,-2.0598
3.8953,-11.6816,3.8833,0.7984,-0.0786,-2.0879
3.8474,-11.6768,3.6296,0.9444,-0.1556,-2.017
3.6559,-11.7869,2.0709,1.0721,-0.2557,-1.8283
3.1914,-11.5068,-0.0526,1.2328,-0.2014,-1.557
1.2138,-10.1349,-2.5378,1.3604,-0.1232,-1.3121
0.9648,-9.9314,-2.9735,1.4655,0.1052,-1.2718
0.2896,-8.5404,-4.0988,1.5284,0.4008,-1.2522
0.1747,-6.9386,-4.3358,1.2273,0.14,-1.1136
0.9864,-5.1262,-3.9025,0.7013,-0.3901,-0.9187
0.9864,-5.1262,-3.9025,-0.2039,-0.395,-0.3738
2.806,-5.4303,-1.7453,-0.2039,-0.395,-0.3738
4.5489,-6.1917,1.1755,-0.4476,-0.1843,-0.1618
5.4734,-6.4646,4.0198,-0.5723,-0.009,-0.0891
4.8458,-6.0193,3.4069,-0.4806,0.1803,-0.1924
3.2776,-5.2268,1.3455,-0.2742,0.1736,-0.3005
1.2401,-5.2412,-0.4477,-0.1563,-0.1372,-0.3145
0.0502,-4.7836,-1.2282,-0.2528,-0.6327,-0.1637
0.237,-4.4603,-0.7445,-0.3688,-0.5062,0.0855
1.2378,-4.4484,0.0933,-0.5258,-0.1855,0.3897
2.0757,-4.4795,1.2976,-0.6828,0.0013,0.7434
3.5697,-5.3393,3.0837,-0.7879,0.0917,0.9896
3.8211,-5.5069,3.4668,-0.8166,0.1046,1.2363
4.8003,-6.0648,4.9323,-0.7396,0.1186,1.411
4.8291,-6.218,4.961,-0.4886,0.2524,1.5247
4.9658,-6.6561,4.3047,-0.1489,0.399,1.5705
4.8674,-6.6753,4.2209,0.1589,0.468,1.6065
4.2951,-6.7136,4.0318,0.4142,0.487,1.59
3.7181,-6.5652,3.2417,0.6934,0.3312,1.5063
3.3446,-6.6513,2.2313,0.8314,0.3159,1.5033
3.3446,-6.6513,2.2313,0.9004,0.2982,1.557
3.2225,-7.0464,1.7573,0.9383,0.2628,1.6291
3.0095,-7.5803,0.9409,0.9933,0.2273,1.7018
3.0166,-8.4566,0.4716,1.0373,0.1828,1.7696
3.031,-9.1269,0.0598,0.9982,0.1589,1.8558
3.0406,-10.0056,0.0119,0.9194,0.228,1.9028
3.1411,-10.8532,-0.0933,0.7746,0.3135,1.9529
3.268,-11.7223,0.1436,0.5901,0.4198,2.0176
3.4356,-12.0096,0.2322,0.3824,0.5786,2.0891
3.4261,-12.2442,1.0007,0.102,0.9201,2.1905
3.4452,-12.328,1.6807,-0.0665,1.0783,2.2094
3.1268,-12.3088,2.6862,-0.1587,1.1424,2.182
3.0741,-12.2705,2.7724,-0.188,1.1039,2.0977
2.9257,-12.1867,2.8778,-0.1874,0.964,1.9792
2.8538,-12.3017,2.9137,-0.1624,0.7722,1.8661
2.7389,-12.4932,2.3702,-0.1392,0.5682,1.7348
2.7174,-12.5291,2.1906,-0.1196,0.523,1.6316
2.5641,-12.6823,0.9457,-0.1104,0.4308,1.5118
2.3798,-12.6799,-0.2825,-0.0982,0.319,1.3811
1.4484,-11.514,-1.1061,-0.1324,0.2499,1.2608
1.4484,-11.3943,-1.1061,-0.3554,0.2793,1.069
1.0031,-10.664,-0.4548,-0.5832,0.4094,0.9553
0.9576,-9.9936,0.881,-0.8142,0.5432,0.8875
0.96,-9.534,2.0015,-0.9809,0.5902,0.8747
1.0199,-9.5004,2.3151,-1.0298,0.5096,0.8478
1.2378,-9.6154,2.8251,-1.0096,0.2915,0.8167
1.537,-9.4621,3.043,-0.8917,0.0581,0.7703
1.7645,-9.0408,3.881,-0.7842,0.1565,0.7147
1.9656,-8.8732,4.4196,-0.6999,0.3446,0.6524
2.3535,-8.4518,5.2028,-0.6004,0.6036,0.6151
2.8419,-8.5811,5.7703,-0.4336,0.8046,0.6041
4.1228,-9.8907,4.8626,-0.1886,0.6928,0.6218
4.3718,-10.1373,4.4532,0.2248,0.06,0.6206
4.8602,-10.6329,3.0095,0.4203,-0.3462,0.5345
4.3981,-10.4007,2.5258,0.4307,-0.4298,0.3109
4.3981,-10.4007,2.5258,0.1338,0.1217,-0.4245
1.288,-10.9082,3.0741,-0.02,0.1571,-0.7067
0.7493,-11.9042,3.2944,-0.02,0.1571,-0.7067
0.5841,-12.5818,3.3806,-0.0005,-0.1568,-0.6835
0.5698,-12.4549,2.2888,0.11,-0.5386,-0.6359
0.7086,-12.4166,2.2529,0.2303,-0.8104,-0.623
2.6431,-12.261,1.4939,0.2645,-0.9576,-0.6102
4.276,-12.1365,1.1683,0.234,-1.0175,-0.5815
5.7631,-11.5331,1.6472,0.0067,-1.0792,-0.7531
5.7392,-11.3057,2.3606,-0.1679,-0.9326,-0.9731
4.8003,-11.4206,2.5546,-0.2839,-0.8605,-1.276
3.1435,-11.3368,2.9472,-0.3346,-0.9332,-1.6077
0.4285,-10.7311,3.2944,-0.3902,-1.1116,-1.8496
-0.1891,-10.4438,3.3734,-0.4458,-1.191,-1.995
-0.8236,-9.8428,3.055,-0.4605,-1.1201,-1.9474
-1.2186,-9.3927,3.0813,-0.455,-0.9876,-1.8496
-1.0486,-9.4214,3.1196,-0.4428,-0.8587,-1.7482
-0.6727,-9.5699,2.8299,-0.356,-0.6498,-1.6297
0.9768,-10.269,2.0422,-0.1972,-0.4195,-1.4715
2.5546,-11.241,2.0542,-0.1056,-0.6644,-1.3213
4.9802,-12.589,2.782,-0.1147,-0.9515,-1.2895
4.9802,-12.589,2.782,-0.0555,-1.0505,-1.2858
5.5452,-12.3471,2.794,-0.0555,-1.0505,-1.2858
5.5907,-11.6049,2.4803,0.0605,-0.7713,-1.3213
5.6913,-10.7311,3.1028,0.1356,-0.3755,-1.4312
5.6913,-10.7311,3.1028,0.1081,-0.2979,-1.5399
5.6817,-10.6042,3.5122,0.0904,-0.3474,-1.6597
5.5787,-10.7694,3.5338,0.1338,-0.4842,-1.7672
5.2268,-11.435,3.4093,0.2413,-0.6113,-1.8478
5.0137,-12.0455,3.4165,0.3531,-0.6644,-1.9138
4.4723,-12.2466,3.1316,0.4435,-0.7841,-1.9981
3.5984,-11.9593,2.557,0.4814,-0.8825,-2.0341
2.284,-10.9896,1.7956,0.5144,-0.9925,-2.0396
1.8746,-10.269,1.3886,0.5596,-1.0914,-1.9865
1.2928,-8.8923,0.8834,0.6121,-1.1519,-1.9077
0.9888,-7.7335,0.5961,0.6622,-1.1562,-1.8503
1.2521,-6.2946,0.577,0.7117,-1.0126,-1.8448
1.2569,-6.2515,0.7015,0.6934,-0.8837,-1.857
1.8387,-6.4814,1.0678,0.6146,-0.7848,-1.8417
2.7796,-7.2307,2.0973,0.4447,-0.7267,-1.747
3.7541,-7.5085,4.4627,0.2181,-0.6644,-1.5827
3.5745,-7.1326,4.6519,0.0336,-0.3785,-1.3347
2.4349,-5.7463,5.0424,0.1619,-0.1061,-1.2602
1.4077,-5.1741,4.2856,0.5022,-0.0609,-1.2308
0.5267,-5.8349,1.6112,1.0287,-0.392,-1.1502
0.5267,-5.8349,1.6112,1.4869,-0.8691,-0.97
0.4046,-6.1653,1.2808,1.6408,-1.1983,-0.7422
0.407,-6.0648,0.8331,1.4887,-1.1745,-0.3995
1.2617,-6.5699,-0.1244,1.4276,-0.7701,-0.1924
2.2313,-7.4917,-0.565,1.4215,-0.2478,0.0671
3.0789,-8.4781,-1.1611,1.3757,0.1534,0.3933
3.1866,-9.0312,-1.7717,1.256,0.33,0.5962
3.1986,-8.4518,-2.387,0.9725,0.2249,0.6811
3.1531,-8.0639,-2.5713,0.7325,0.0862,0.7574
2.8227,-7.2307,-2.2912,0.4808,0.0429,0.8753
2.4181,-6.5556,-1.8986,0.2297,0.1461,0.9718
2.126,-6.036,-0.7924,0.0129,0.253,1.083
2.0159,-5.969,-0.5458,-0.1947,0.2561,1.24
1.7429,-5.7775,0.9121,-0.4757,0.3984,1.3726
1.9919,-5.8182,1.8602,-0.5472,0.5108,1.5106
1.9081,-5.3321,3.45,-0.5075,0.6421,1.6475
1.8866,-5.2771,3.5506,-0.3853,0.9213,1.6963
1.968,-5.2412,3.6487,-0.1899,1.3043,1.7183
2.1212,-5.4016,3.9097,0.0104,1.6482,1.7739
3.2513,-6.6801,3.3446,0.2596,1.9995,1.9162
3.2513,-6.6801,3.3446,0.3653,1.7887,2.1838
4.2161,-8.2722,4.3287,0.3653,1.7887,2.1838
5.0305,-9.6561,5.3297,0.3555,1.3574,2.3182
5.301,-10.7119,4.2688,0.4545,0.9469,2.4459
5.1669,-11.1764,3.1172,0.7893,0.5047,2.4611
4.707,-11.7486,2.1284,0.9218,0.3086,2.3451
4.4963,-12.5147,1.458,0.9133,0.0893,2.1997
4.3766,-13.2402,-0.4261,0.8937,-0.0823,2.105
4.4532,-13.2809,-1.0654,0.9737,0.0868,2.0714
4.6232,-12.802,-2.1523,0.9566,0.4656,2.061
4.2784,-11.8827,-2.5354,0.592,1.0923,1.9456
3.3494,-11.0878,-1.8555,0.1118,1.2799,1.7599
3.3207,-11.1141,-1.6831,-0.4049,1.3202,1.5906
3.3877,-11.2769,-0.6967,-0.8099,1.3177,1.5002
3.6224,-11.0255,0.3567,-1.0872,1.2738,1.4587
3.4284,-10.2738,2.4061,-1.392,0.9628,1.3158
3.268,-10.1588,2.7269,-1.5667,0.6427,1.1502
2.6455,-9.9673,4.0246,-1.6565,0.3691,0.9957
2.5163,-10.2738,4.906,-1.5961,0.2927,0.9144
2.8874,-10.415,4.7668,-1.4183,0.4106,0.934
2.8874,-10.415,4.7668,-1.1978,0.5816,0.9498
2.7222,-10.3456,4.7165,-0.9437,0.5725,0.8277
2.4301,-10.2019,4.6136,-0.7769,0.4949,0.6976
1.6807,-10.178,3.6391,-0.612,0.3819,0.5839
1.1204,-10.3025,2.9735,-0.4537,0.2939,0.5021
0.565,-10.6568,2.3942,-0.3664,0.2322,0.444
0.158,-10.8915,2.2361,-0.3633,0.2261,0.4245
0.1292,-10.8292,2.7413,-0.4452,0.4583,0.4691
0.5123,-10.518,3.1627,-0.5008,0.7594,0.5442
1.2521,-10.1014,3.6248,-0.499,1.0282,0.6554
2.2098,-9.771,3.7852,-0.422,1.0899,0.777
3.2896,-9.9913,2.8754,-0.3181,0.8217,0.8729
3.347,-10.087,2.5833,-0.1813,-0.0267,0.8753
3.4045,-10.5395,1.6352,-0.1172,-0.5856,0.755
3.3399,-11.1285,1.2808,-0.097,-1.0248,0.5351
2.7006,-11.1165,1.1444,-0.0897,-1.1494,0.2687
2.5881,-11.004,1.0223,-0.0744,-0.9515,-0.0134
2.0805,-10.7287,1.2401,-0.0897,-0.7292,-0.2901
1.4532,-10.3647,1.1947,-0.1856,-0.7249,-0.6401
0.4836,-9.1629,1.4796,-0.2503,-0.8575,-0.8057
0.4836,-9.1629,1.4796,-0.3444,-1.0236,-0.8936
0.3878,-8.538,1.5227,-0.4501,-1.1458,-0.904
0.5003,-7.9753,1.4748,-0.5209,-1.1177,-0.8674
0.9648,-7.7934,1.616,-0.5881,-0.9399,-0.799
1.0342,-7.5803,1.6687,-0.5784,-0.7518,-0.7593
1.1779,-7.3648,1.7357,-0.5307,-0.6314,-0.7385
1.6927,-7.4342,1.8052,-0.4434,-0.5978,-0.7104
2.8993,-8.3393,1.4149,-0.3249,-0.7053,-0.6615
3.5673,-9.0216,1.5658,-0.2131,-0.9454,-0.6126
5.2843,-10.5419,2.3223,-0.1306,-1.1763,-0.5968
6.728,-11.8875,3.0334,-0.0603,-1.1146,-0.6847
4.4412,-11.2626,1.0845,0.0935,-0.8666,-0.9437
4.0988,-11.1165,0.9385,0.3012,-0.4714,-1.3408
2.9688,-10.7287,0.6727,0.3953,-0.1195,-1.6872
2.2864,-10.6568,0.7086,0.2767,0.1779,-1.9309
2.9664,-12.2538,2.6623,0.1295,0.217,-1.9523
3.1579,-12.5602,2.9209,0.0263,0.1736,-1.8949
3.9528,-13.5873,3.5458,0.0355,0.0899,-1.8332
3.857,-13.628,3.2273,0.143,-0.0523,-1.8099
2.9999,-12.1077,2.1092,0.2505,-0.2521,-1.8246
2.9688,-12.0407,2.0877,0.3036,-0.6681,-1.8558
2.8083,-11.241,1.7214,0.2902,-0.9466,-1.8374
2.873,-10.5754,1.6543,0.2645,-1.1171,-1.7989
3.3806,-9.9649,1.7405,0.2205,-1.1934,-1.744
3.8642,-9.8955,1.98,0.179,-1.1519,-1.6933
4.3335,-9.7016,2.4013,0.1589,-0.9802,-1.6817
4.5944,-9.206,2.7844,0.2047,-0.5667,-1.7788
4.3957,-8.9689,3.3327,0.3158,-0.1971,-1.9175
4.1802,-9.0048,3.2441,0.4844,0.2151,-2.0641
3.7828,-9.1724,2.7916,0.6726,0.5639,-2.1618
3.2489,-9.5747,2.4875,0.8039,0.7588,-2.1679
3.3087,-10.0535,2.94,0.7972,0.7356,-1.9981
3.3159,-10.075,3.0861,0.7367,0.578,-1.8185
2.7269,-9.7255,3.8379,0.7606,0.4039,-1.7067
1.9201,-9.273,2.6312,0.9469,0.1675,-1.6517
1.0582,-8.672,0.5291,1.3232,-0.3003,-1.5552
1.1013,-8.6385,0.4572,1.5712,-0.8556,-1.3921
1.1204,-7.7287,-0.4046,1.4704,-1.4561,-1.0989
1.2832,-6.558,-1.2832,1.2419,-1.5978,-0.9059
2.2433,-5.2531,-0.6895,1.0086,-1.3553,-0.7269
2.2433,-5.2531,-0.6895,0.8284,-0.7597,-0.5644
2.5043,-5.0257,-0.055,0.7398,-0.0474,-0.455
2.2266,-4.6255,0.0287,0.7062,0.5126,-0.419
0.6703,-3.857,-0.2537,0.675,0.319,-0.4605
-0.134,-3.4572,-0.6488,0.6249,-0.0224,-0.4581
-0.304,-3.3327,-0.7302,0.54,-0.0755,-0.35
0.2992,-3.9887,-0.0287,0.3867,0.1522,-0.1734
1.3814,-5.1789,0.8954,0.1967,0.4326,0.0568
1.7453,-5.5811,0.8355,0.0904,0.7466,0.419
2.296,-6.2228,0.8044,0.0831,0.7759,0.6432
2.5857,-6.8884,0.7685,0.066,0.6543,0.8649
2.6575,-7.8652,0.4501,0.0428,0.6299,1.025
2.7102,-8.0472,0.4644,0.0391,0.7619,1.1594
3.1435,-8.8229,0.6488,0.011,0.9659,1.3121
4.2616,-10.0511,0.9672,-0.13,1.0661,1.5937
4.9706,-10.6137,1.3263,-0.2204,1.0728,1.7403
4.9706,-10.6137,1.3263,-0.3261,1.1852,1.7605
4.906,-10.2331,1.4556,-0.3261,1.1852,1.7605
3.8163,-9.1389,1.5035,-0.3676,1.1247,1.744
2.3487,-7.8341,2.1763,-0.4134,1.1614,1.6548
2.284,-7.7958,2.2218,-0.4244,1.2292,1.634
1.9776,-7.5659,2.4636,-0.4232,1.2615,1.6859
1.7764,-7.439,2.7174,-0.3731,1.3428,1.7831
1.7597,-7.5276,3.3039,-0.3163,1.4772,1.8918
1.8938,-7.7575,3.6679,-0.2906,1.6384,2.0054
2.4947,-8.04,4.3023,-0.2858,1.9017,2.171
2.8778,-8.344,4.6471,-0.2931,2.1534,2.2504
3.1651,-9.3568,5.8445,-0.2998,2.3715,2.2907
3.5051,-9.8213,6.0288,-0.2662,2.3293,2.3237
4.1994,-10.9274,6.0624,-0.0921,1.8651,2.3878
5.0209,-12.4932,5.866,0.2816,0.694,2.4507
6.218,-14.6169,4.0462,0.5345,0.0777,2.4324
6.2563,-14.6839,3.5362,0.8223,0.0294,2.3335
6.048,-14.6743,1.2904,1.0929,0.5273,2.13
5.6554,-14.6288,-0.7015,1.1228,0.8907,1.849
3.6343,-13.6975,-4.1587,0.9511,0.8486,1.5125
3.6343,-13.6975,-4.1587,-0.1337,0.0618,0.7831
2.8467,-12.838,-3.7588,-0.1337,0.0618,0.7831
2.1092,-11.9784,-1.8962,-0.7164,-0.0591,0.6377
2.0518,-11.095,3.881,-1.2552,0.0099,0.5235
2.0518,-11.095,3.881,-1.7793,0.3006,0.4135
2.0087,-10.5659,6.4167,-1.7793,0.3006,0.4135
1.8674,-10.1301,7.1876,-1.579,0.3184,0.331
1.288,-9.1653,6.7687,-1.2454,0.1473,0.2425
1.1563,-9.1054,6.0241,-0.8569,-0.1623,0.207
1.3575,-9.2491,4.9108,-0.4861,-0.4243,0.262
2.114,-9.601,3.5051,-0.177,-0.5325,0.3701
3.1196,-10.1852,1.3455,0.091,-0.4109,0.4874
3.2393,-10.2043,0.8451,0.1454,-0.2136,0.4709
3.2321,-10.1684,1.1061,0.0947,-0.0224,0.3616
2.6503,-10.0535,1.8698,0.0135,0.1119,0.1673
1.2856,-10.5826,2.6408,-0.0249,0.1992,-0.0873
1.1587,-10.7694,2.7509,-0.0292,0.2188,-0.3188
1.0917,-11.4062,2.6719,-0.0371,0.1278,-0.4972
1.6448,-11.7797,2.126,-0.0451,0.0068,-0.5106
1.8076,-10.8819,1.7094,-0.0787,-0.2368,-0.5412
1.731,-10.6449,1.5753,-0.1129,-0.5056,-0.6371
1.1563,-9.589,1.3766,-0.1092,-0.6754,-0.78
0.7685,-8.5787,1.4867,-0.1043,-0.8086,-0.9682
0.5841,-7.7239,1.5729,-0.0891,-0.7212,-1.0231
0.6536,-7.7239,1.4939,-0.0695,-0.5447,-1.0439
1.1851,-8.1022,1.549,-0.0335,-0.2515,-1.0177
2.0518,-9.1102,2.1883,-0.0915,-0.0725,-0.9712
4.0031,-10.6999,3.5194,-0.199,0.0123,-0.9205
5.3321,-11.6145,4.3766,-0.3059,-0.1159,-0.9108
6.2922,-12.1891,4.6303,-0.2595,-0.3181,-1.0329
6.0696,-12.0479,4.1299,-0.1104,-0.4598,-1.2742
4.4029,-11.4469,3.0047,0.0764,-0.5093,-1.5546
3.3327,-11.0495,2.2888,0.2517,-0.5019,-1.7476
3.055,-11.1644,1.4341,0.4221,-0.6522,-1.7495
3.3949,-11.5786,0.6751,0.435,-0.8752,-1.598
4.4891,-12.6991,0.2896,0.3433,-1.0248,-1.4685
4.6303,-12.9409,0.2992,0.1387,-1.0529,-1.4306
4.7261,-13.2713,0.4381,-0.1098,-0.9112,-1.488
4.7524,-13.3168,1.3599,-0.3285,-0.5313,-1.5894
4.7165,-13.0702,3.5266,-0.5002,0.1754,-1.7556
4.616,-13.0654,3.5936,-0.5106,0.3233,-1.9113
4.0629,-12.8978,3.5865,-0.4672,-0.0108,-2.0891
3.8355,-12.6919,3.9097,-0.4024,-0.6174,-2.2418
3.5817,-12.0766,3.4548,-0.3297,-1.1824,-2.3561
3.5817,-12.0766,3.4548,-0.196,-1.5184,-2.4342
3.596,-12.0718,3.2537,0.0043,-1.5819,-2.4269
3.7158,-11.9473,2.9185,0.1002,-1.4537,-2.3096
3.8115,-11.3943,2.2457,0.1882,-1.1586,-2.13
3.7924,-10.8364,1.8052,0.3195,-0.662,-1.9413
2.9903,-9.5483,1.1755,0.4918,-0.0163,-1.8057
1.8195,-8.2411,0.4884,0.6543,0.6244,-1.8423
1.0175,-6.8525,0.5698,0.6842,0.6647,-1.8796
1.0103,-6.2587,0.2873,0.7123,0.5151,-1.7635
1.1204,-5.5548,-0.3567,0.8247,0.2524,-1.5161
1.0821,-4.9539,-0.9576,0.8956,-0.0407,-1.251
0.8595,-3.7852,-1.537,0.8937,-0.1965,-1.0934
0.735,-3.6008,-1.6519,0.7813,-0.0798,-1.0922
0.5171,-2.952,-1.6783,0.6781,0.1797,-1.1575
0.3303,-2.4372,-1.2713,0.5394,0.5004,-1.2052
0.9002,-2.3247,-0.3088,0.3714,0.7631,-1.1881
1.0223,-2.4205,-0.1939,0.2077,0.8822,-1.0256
1.5897,-3.019,0.2896,-0.0188,0.9042,-0.6493
1.5682,-3.9743,1.0558,-0.144,0.9329,-0.4709
0.4213,-6.4861,2.1236,-0.2424,0.9537,-0.3836
0.5195,-6.6849,2.0518,-0.2925,0.8926,-0.2913
1.9177,-8.2195,1.2234,-0.2454,0.8101,-0.0665
3.1292,-9.4717,0.6272,-0.2131,0.7032,0.3255
4.4101,-10.9657,0.5243,-0.3866,0.6,0.86
4.5322,-11.1716,0.6105,-0.5723,0.6971,1.0567
4.6327,-10.9968,0.5386,-0.6938,0.8101,1.1246
3.1651,-9.1844,0.802,-0.7464,0.7936,1.1233
1.8962,-7.0727,1.5227,-0.8056,0.7057,1.0433
1.889,-6.5197,1.8291,-0.8563,0.6049,1.0885
2.1332,-5.9594,2.6479,-0.8954,0.6672,1.3536
2.6001,-5.9187,3.4644,-0.8899,0.8449,1.5485
3.6559,-6.1246,4.4843,-0.8325,1.1186,1.7507
3.7397,-6.0767,4.4101,-0.7219,1.515,1.9095
3.7421,-6.0073,4.5777,-0.56,1.9793,1.992
3.3758,-6.1222,4.7189,-0.4104,2.264,1.9999
2.7796,-7.1206,4.3047,-0.323,2.0257,1.9859
2.7796,-7.1206,4.3047,-0.21,1.5554,1.9993
2.8682,-8.0903,4.0485,-0.0842,1.041,2.061
3.1962,-9.1389,3.8618,0.0177,0.6409,2.1496
3.6583,-10.8149,3.2585,0.1136,0.4161,2.2253
3.6942,-10.8891,3.1483,0.2853,0.4247,2.2443
4.4005,-11.5475,1.7836,0.4539,0.7099,2.2351
4.8988,-12.2131,1.4939,0.5541,1.1125,2.254
4.9634,-13.0103,2.1164,0.4447,1.3263,2.276
5.1334,-13.5897,2.3678,0.2884,1.4509,2.2821
5.1861,-14.1165,1.7573,0.1338,1.5603,2.2168
5.0448,-14.4924,0.7781,0.0373,1.413,2.0549
4.6064,-14.744,-0.4333,-0.1104,1.0648,1.8075
4.0964,-14.4157,-0.7398,-0.3242,0.6372,1.5204
3.098,-13.2929,-0.5865,-0.5802,0.2817,1.2034
1.9081,-11.502,0.1915,-0.8551,0.1015,0.8765
0.7589,-8.8803,2.4923,-1.224,0.1211,0.5516
0.6488,-8.5164,3.0502,-1.3566,0.2335,0.4966
0.7086,-8.2626,4.5705,-1.3707,0.3666,0.5448
1.233,-8.3919,5.7368,-1.2919,0.4912,0.62
2.1116,-8.4973,6.0097,-1.1086,0.5969,0.7171
2.1116,-8.4973,6.0097,-0.4116,0.319,0.8772
2.8083,-9.3328,5.0616,-0.4116,0.319,0.8772
3.4428,-10.3647,3.7038,-0.0872,0.1669,0.8998
3.6439,-11.2889,0.2777,0.1833,0.0636,0.9071
3.6224,-11.3559,0.2561,0.3177,0.0337,0.8527
3.8402,-12.0287,0.644,0.2767,0.2218,0.7629
3.924,-12.1772,2.2194,-0.0597,0.5676,0.5852
3.2058,-11.0184,2.8514,-0.3016,0.4063,0.3793
2.2481,-10.3552,1.8459,-0.3468,0.1369,0.0842
1.3024,-10.4462,2.4325,-0.257,-0.1317,-0.229
0.9169,-10.0008,2.7964,-0.2057,-0.3132,-0.4239
0.7517,-9.8835,2.4827,-0.0878,-0.1861,-0.4844
1.4053,-10.0774,2.4085,0.0196,0.0239,-0.5119
2.9975,-10.4653,2.1021,-0.0072,0.0813,-0.4544
4.4029,-10.8005,2.5019,-0.0756,-0.1177,-0.4404
5.313,-10.0248,2.7748,-0.1465,-0.3889,-0.4673
5.0376,-9.7901,2.7964,-0.1556,-0.4341,-0.5674
3.711,-9.1653,2.387,-0.1599,-0.4659,-0.8649
2.6479,-9.0072,2.2864,-0.1642,-0.5288,-1.039
1.9177,-9.2491,2.0183,-0.1795,-0.6357,-1.1429
1.9177,-9.2491,2.0183,-0.1734,-0.7994,-1.2602
1.6879,-9.3927,2.1021,-0.1734,-0.7994,-1.2602
1.2641,-9.6082,1.5538,-0.2027,-0.9301,-1.3353
0.3423,-10.0008,1.1755,-0.2253,-1.0835,-1.411
0.3423,-10.0008,1.1755,-0.2882,-1.0297,-1.2687
0.8475,-9.9458,0.9241,-0.2882,-1.0297,-1.2687
0.8475,-9.9458,0.9241,-0.5246,-0.8202,-0.9669
3.9887,-10.4007,3.9911,-0.5246,-0.8202,-0.9669
5.0879,-10.5084,3.766,-0.5552,-0.6595,-0.8197
6.4526,-10.6784,3.9767,-0.4617,-0.7683,-0.8729
6.4526,-10.6784,3.9767,-0.3737,-1.0059,-1.3475
6.4143,-11.4924,3.8738,-0.3737,-1.0059,-1.3475
6.1773,-11.8108,3.6942,-0.2955,-0.8074,-1.6206
5.7846,-12.8044,3.9935,-0.2326,-0.5648,-1.8435
4.9946,-13.4174,4.2401,-0.1446,-0.2325,-2.1123
2.9328,-13.0582,2.5857,-0.0103,-0.1763,-2.2644
2.7461,-12.9768,2.4205,0.176,-0.3431,-2.3506
2.0709,-12.5459,1.731,0.2981,-0.6076,-2.3383
1.6879,-12.0886,1.0917,0.3617,-0.8605,-2.2742
1.8411,-11.1572,0.0718,0.3751,-1.0609,-2.1691
1.9393,-11.0303,0.1197,0.2957,-1.1983,-1.9028
2.6527,-10.1732,0.6177,0.1857,-1.0425,-1.6786
2.9759,-9.0862,0.9313,0.1033,-0.7512,-1.507
3.0957,-7.8077,1.561,0.0788,-0.4696,-1.4569
3.0765,-7.7694,1.6256,0.0929,-0.2454,-1.5063
3.1052,-7.7431,1.9608,0.1326,-0.0939,-1.6328
3.3734,-7.8796,2.4013,0.1521,-0.1317,-1.6493
4.276,-8.0974,3.1124,0.1668,-0.2759,-1.5674
4.7093,-8.1238,2.9855,0.2517,-0.4158,-1.4318
4.6543,-7.9777,2.4492,0.4435,-0.5141,-1.3249
3.7612,-7.4151,1.5849,0.6286,-0.5856,-1.3225
1.9967,-6.4191,0.4525,0.8216,-0.6296,-1.4917
1.1444,-5.7966,0.0957,0.8504,-0.6351,-1.6114
0.462,-4.9754,-0.0359,0.7685,-0.7139,-1.6487
0.2849,-4.1323,-0.1675,0.606,-0.8422,-1.5253
0.5051,-2.9879,-0.1292,0.4258,-0.9301,-1.262
0.5003,-2.9448,-0.1292,0.2297,-0.7958,-0.802
0.1316,-2.7748,0.2226,0.1949,-0.4989,-0.5723
-0.8092,-2.873,0.7422,0.1851,-0.1684,-0.4483
-1.7357,-3.6966,1.4748,0.2126,0.1803,-0.3652
-1.4173,-3.9647,1.5658,0.2615,0.4949,-0.2034
0.632,-5.3154,1.7908,0.2945,0.7002,0.1386
1.9416,-6.2707,2.0446,0.2908,0.8712,0.6921
3.6679,-8.0927,3.1938,0.2389,0.8688,0.9309
3.7708,-8.2387,3.2561,0.1986,0.7796,1.1533
4.2281,-8.9689,3.201,0.2413,0.6592,1.3518
3.9863,-8.9785,1.9967,0.3953,0.5871,1.5149
3.7948,-8.8899,0.7733,0.5981,0.5926,1.6328
3.7924,-8.957,0.2298,0.7557,0.5963,1.7867
3.9217,-9.1772,-0.2202,0.7514,0.6537,1.8765
4.4005,-9.5316,-0.1197,0.6537,0.7545,1.9627
5.1047,-9.9506,0.3423,0.5083,0.9164,2.0451
5.2364,-10.0104,0.4477,0.3513,1.1406,2.0891
5.1526,-9.8931,0.9672,0.1173,1.4784,2.0512
4.5968,-9.7159,1.561,-0.0164,1.6293,1.9822
3.8163,-9.431,2.1212,-0.0946,1.702,1.9339
3.7612,-9.4526,2.2433,-0.1288,1.7093,1.9333
3.5841,-9.4526,2.2457,-0.1618,1.6128,1.9401
3.7565,-9.5747,1.9033,-0.1917,1.4472,1.9358
3.3734,-10.1565,2.4205,-0.2418,1.2505,1.8985
3.3734,-10.1565,2.4205,-0.2888,1.2121,1.8203
3.3662,-10.5491,2.2505,-0.2888,1.2121,1.8203
3.4883,-10.8388,2.2122,-0.2974,1.2762,1.8411
4.3766,-11.1405,1.3311,-0.3462,1.2622,1.871
4.4005,-11.1477,1.2689,-0.4299,1.0392,1.871
4.264,-11.0926,0.5746,-0.4812,0.8492,1.7696
3.9145,-10.9489,-0.1651,-0.5515,0.6995,1.6022
3.4165,-10.9848,-0.3423,-0.6474,0.6611,1.4269
3.1627,-11.2075,-0.0047,-0.7879,0.7619,1.2644
2.9305,-11.751,1.3958,-0.9595,1.0337,1.1129
2.6839,-12.0479,2.6144,-1.2045,1.4283,0.9266
2.3822,-11.9018,3.8139,-1.2515,1.4943,0.8063
2.1571,-11.739,4.0581,-1.2076,1.3019,0.6756
1.4796,-11.3607,4.1084,-1.0842,0.975,0.5296
0.7733,-11.3943,4.4603,-0.9253,0.6244,0.4074
0.2418,-11.6887,3.8594,-0.6297,0.2897,0.3506
0.3447,-11.6959,3.6607,-0.3688,0.2677,0.4239
1.4006,-11.4014,2.6288,-0.1471,0.3013,0.5583
2.3535,-11.0758,1.9057,-0.009,0.4802,0.7092
4.2856,-11.5475,3.2178,0.0037,0.804,0.7904
4.4508,-11.5714,3.5386,-0.1037,1.0679,0.8014
4.7788,-11.2075,3.6655,-0.2894,1.1895,0.6065
3.9887,-10.9561,2.3151,-0.2913,1.0123,0.3371
2.4947,-10.8173,1.6519,-0.2931,0.6042,0.039
2.521,-10.767,1.6879,-0.334,0.1876,-0.1331
3.4668,-10.2307,0.9528,-0.3493,-0.1415,-0.1704
4.3191,-9.7375,1.0438,-0.3102,-0.2759,-0.1679
4.3239,-8.7558,2.9089,-0.4385,-0.3052,-0.2669
4.1778,-7.9298,3.45,-0.5839,-0.29,-0.3659
3.5745,-7.3169,4.2449,-0.6059,-0.1061,-0.4508
3.2561,-7.5563,4.6519,-0.5753,-0.1195,-0.5687
2.4205,-8.1549,4.264,-0.4501,-0.2264,-0.6719
1.9416,-8.6194,3.2106,-0.1618,-0.6418,-0.7635
1.3886,-9.364,1.1659,0.0202,-0.7127,-0.7831
1.3958,-10.281,0.9816,0.0269,-0.6748,-0.7733
1.9345,-11.4661,2.8514,-0.1373,-0.753,-0.7367
1.956,-11.4038,2.7676,-0.3004,-0.9534,-0.7177
1.8579,-10.8316,1.8387,-0.3358,-1.1592,-0.7501
1.7238,-9.8907,1.0342,-0.3377,-1.5355,-0.8448
1.1109,-8.3895,0.8259,-0.4177,-1.7457,-0.8698
1.1492,-8.1956,0.7805,-0.5356,-1.7066,-0.8167
1.616,-7.4797,0.8882,-0.6529,-1.4915,-0.6933
1.9488,-7.2954,1.8459,-0.7622,-1.293,-0.6175
3.1651,-8.2531,2.5282,-0.9278,-1.0462,-0.6994
3.3446,-8.3536,2.4779,-0.9235,-0.7451,-0.8087
5.0975,-9.2419,2.8347,-0.8496,-0.4164,-0.9101
6.7447,-10.4054,4.0653,-0.83,-0.3181,-1.0781
6.7447,-10.4054,4.0653,-0.67,-0.6003,-1.6071
6.8237,-11.3081,4.525,-0.67,-0.6003,-1.6071
5.4183,-11.1093,3.5458,-0.2693,-0.6382,-2.025
4.8458,-11.5331,3.1028,-0.017,-0.4824,-2.1679
4.7285,-13.154,3.2345,0.1277,-0.3932,-2.1948
4.8554,-13.9441,3.3303,0.2205,-0.3822,-2.1612
4.8362,-14.9835,2.8251,0.3378,-0.4298,-2.0787
4.5489,-15.1989,1.9009,0.5822,-0.3608,-1.9627
3.4859,-14.0805,0.4405,0.9456,-0.1421,-1.7715
3.3446,-13.6879,0.328,1.047,-0.0939,-1.6792
2.9975,-12.5195,-0.1532,1.0391,-0.1672,-1.5864
2.8586,-11.0399,-0.4932,0.9823,-0.2887,-1.4886
2.7748,-8.8109,-0.9193,0.8656,-0.472,-1.3823
2.7844,-8.5475,-0.9385,0.6439,-0.6901,-1.2498
2.7916,-7.4773,-0.905,0.4973,-0.7377,-1.1869
2.7676,-6.4383,-0.8331,0.3562,-0.7139,-1.1227
3.0861,-5.4566,-0.225,0.2499,-0.582,-1.0757
3.0861,-5.4566,-0.225,0,-0.2881,-1.0067
3.9193,-5.7415,0.6967,0,-0.2881,-1.0067
4.6136,-6.4407,1.8602,-0.2186,-0.2289,-0.9584
4.9155,-6.9817,3.4284,-0.3071,-0.1953,-0.9737
4.1563,-6.6466,4.1323,-0.323,-0.1598,-1.0641
1.7405,-5.5356,4.1778,-0.2112,-0.0737,-1.2412
-0.1197,-4.4244,3.7852,0.0165,0.0893,-1.3994
-1.5777,-3.0693,2.794,0.4661,0.3202,-1.4184
-1.786,-2.5115,2.205,0.7489,0.2695,-1.3035
-1.7525,-2.1499,1.2497,0.9072,0.0728,-1.0934
-1.1635,-2.4205,1.5562,0.8901,-0.1201,-0.81
1.3383,-5.483,2.703,0.7239,-0.3278,-0.4734
1.6855,-6.0552,2.8036,0.5883,-0.5593,-0.0989
2.5426,-7.9442,2.0518,0.6372,-0.7536,0.383
2.4181,-8.6002,0.0215,0.8045,-0.7793,0.4868
2.0805,-8.3249,-1.8555,0.9524,-0.5905,0.5009
2.193,-8.265,-1.9201,0.9359,-0.26,0.5326
2.8036,-7.8987,-1.6783,0.7648,0.0862,0.6414
3.1771,-7.5994,-0.9026,0.3311,0.4723,0.8423
3.5386,-8.0304,2.1499,0.0306,0.6165,1.16
3.4739,-8.0448,2.3367,-0.2088,0.669,1.3481
2.9496,-8.0735,2.9448,-0.3163,0.7185,1.4679
2.4636,-8.3153,2.9831,-0.2632,0.848,1.5515
2.3822,-8.7343,3.1172,-0.1685,0.9085,1.6267
2.4013,-8.9617,3.28,-0.0329,0.925,1.7421
2.4923,-9.2658,3.2776,0.0715,0.8987,1.8002
2.5402,-9.5244,3.2441,0.2016,0.8602,1.86
2.2792,-9.2969,2.7509,0.3458,0.8804,1.915
2.2553,-9.0024,2.3008,0.504,1.0233,1.962
2.0877,-8.4398,1.8195,0.6201,1.1821,2.0085
1.9728,-8.04,1.4269,0.5932,1.2298,2.0488
2.6144,-8.8277,1.9536,0.4631,1.1455,2.1111
2.6815,-8.9139,1.9895,0.2957,1.041,2.2003
3.2489,-9.7566,2.363,0.1674,1.0514,2.298
3.9264,-10.3264,2.7916,0.0917,1.1797,2.3744
4.6758,-11.1165,3.3518,0.03,1.3739,2.3921
4.6758,-11.1165,3.3518,-0.0445,1.0905,2.218
5.1262,-11.2769,4.0869,-0.0445,1.0905,2.218
5.0807,-11.2937,4.6327,-0.0622,0.8333,2.0567
4.7788,-12.158,5.3417,-0.0426,0.6635,1.8454
4.7692,-12.158,5.4159,-0.0304,0.5755,1.6218
5.3345,-13.549,5.6051,-0.0603,0.567,1.3726
5.3345,-14.7057,4.1347,-0.02,0.7374,1.2644
4.1946,-14.8709,0.4381,0.0752,0.917,1.1117
3.1627,-14.4756,-1.1348,0.0367,0.8187,0.8936
1.9584,-13.4317,-1.0414,-0.1862,0.523,0.6652
1.2521,-12.3184,-0.292,-0.5802,0.5096,0.372
0.3303,-11.3344,2.035,-0.7995,0.6385,0.2241
0.0933,-11.1524,2.6599,-0.9528,0.6953,0.1172
-0.2968,-10.9226,2.8107,-0.962,0.7606,0.0781
-0.6153,-10.8556,2.8395,-0.8911,0.7423,0.0769
-0.3998,-10.1541,3.3016,-0.8276,0.6617,0.1056
-0.3064,-9.7758,3.1076,-0.6853,0.6201,0.207
0.0814,-8.7127,2.5617,-0.5564,0.512,0.2809
0.7015,-7.779,2.5785,-0.436,0.3245,0.3463
2.229,-7.3576,3.8163,-0.3481,0.1779,0.4037
2.4181,-7.3648,3.8618,-0.254,0.1766,0.444
3.1627,-7.4702,3.7086,-0.1288,0.264,0.4355
4.2257,-7.882,3.4596,0.055,0.355,0.3341
6.151,-10.2043,4.0102,0.077,0.3104,0.2156
6.151,-10.2043,4.0102,0.0507,0.2127,0.0513
6.1797,-10.9777,3.2968,0.0599,0.1638,-0.1661
5.4231,-11.2362,3.0454,0.0281,-0.0945,-0.4624
3.3973,-10.3264,2.5785,0.0159,-0.3999,-0.882
2.6886,-9.8548,2.5929,-0.0054,-0.5422,-1.1233
1.8962,-9.2131,2.7676,-0.0109,-0.5936,-1.2828
1.6519,-8.8803,2.8323,0.0092,-0.5881,-1.3878
1.3479,-9.091,2.6791,0.055,-0.5844,-1.4459
1.4245,-9.3041,2.2553,0.1063,-0.5911,-1.4776
1.8579,-9.9553,1.561,0.1228,-0.607,-1.4526
2.6647,-10.9058,1.5897,0.0281,-0.7744,-1.4043
3.8833,-11.8827,1.9464,-0.1049,-1.0413,-1.3542
3.9719,-11.8276,1.9536,-0.1673,-1.3516,-1.3011
4.9347,-11.4038,2.0685,-0.1416,-1.5575,-1.2241
5.6554,-11.1955,2.3942,-0.0646,-1.5575,-1.1129
5.1286,-10.4294,2.8682,0.008,-1.2392,-1.1582
4.9299,-10.3647,2.8658,0.0556,-0.8941,-1.3213
4.1515,-10.2881,2.9065,0.0391,-0.7457,-1.5173
3.7325,-10.5946,2.8467,-0.02,-0.7866,-1.6841
3.5601,-11.8851,3.6535,-0.0933,-0.9228,-1.7861
3.5601,-11.8851,3.6535,-0.1159,-1.1433,-1.8423
3.2656,-12.3041,4.1539,-0.1159,-1.1433,-1.8423
2.9712,-12.1149,3.8642,0.0416,-1.1965,-1.7959
2.5833,-11.5188,2.77,0.2651,-1.2533,-1.6975
2.7605,-11.1548,2.229,0.4631,-1.2887,-1.5674
3.3303,-10.7909,1.8507,0.5761,-1.2698,-1.4251
3.6439,-10.6544,1.9009,0.5724,-1.1317,-1.3335
3.0071,-10.1684,1.7262,0.5064,-0.9595,-1.3982
2.7102,-9.759,1.798,0.4545,-0.7072,-1.5125
2.2313,-8.9857,2.138,0.4331,-0.3669,-1.6114
1.9823,-8.6146,2.4756,0.4826,-0.0236,-1.6853
2.2313,-9.0288,2.2194,0.6671,0.2273,-1.7049
2.3247,-9.0958,2.0542,0.8033,0.2176,-1.6016
2.794,-9.1988,1.1468,0.8748,0.0954,-1.422
3.6966,-9.4023,1.1133,0.8094,-0.1262,-1.2486
3.8211,-7.8269,2.2313,0.5889,-0.428,-1.1551
3.608,-7.4654,2.4205,0.3665,-0.6901,-1.2082
2.3415,-6.0719,1.98,0.3745,-0.819,-1.4587
1.9967,-5.5979,0.7757,0.7447,-0.5679,-1.4715
2.533,-5.5572,0.1149,1.0483,-0.227,-1.273
2.533,-5.5572,0.1149,0.8412,-0.1623,-0.879
2.4684,-5.5692,0.4668,0.8412,-0.1623,-0.879
2.0542,-5.7655,0.8355,0.5498,-0.0865,-0.8625
1.8531,-6.127,0.1316,0.5229,0.0337,-0.8552
2.1859,-6.4311,-0.292,0.5449,0.0618,-0.733
2.3702,-6.5747,-0.6679,0.4704,0.0135,-0.576
2.0661,-6.2467,-0.7302,0.2798,-0.0273,-0.4679
1.8866,-5.8804,-0.4548,0.0617,0.0319,-0.4227
1.3335,-5.5596,0.1508,-0.1947,0.2872,-0.2669
1.4389,-5.7128,1.2785,-0.3554,0.4558,-0.1252
2.3463,-6.2755,1.8267,-0.4654,0.5878,0.16
3.687,-7.451,2.2266,-0.5154,0.6977,0.5076
3.9791,-7.6617,2.138,-0.5619,0.6983,0.86
4.2688,-8.0184,1.5993,-0.549,0.5535,1.3054
3.9552,-7.8652,1.1707,-0.4849,0.4473,1.4214
1.5394,-6.0815,0.5506,-0.3853,0.4277,1.3915
1.3479,-5.9044,0.5722,-0.2882,0.5352,1.2962
1.0534,-5.3226,0.8403,-0.2583,0.7069,1.2754
1.4341,-5.1071,1.5753,-0.3059,0.881,1.3775
3.4165,-6.297,2.964,-0.4153,1.2035,1.6792
3.5146,-6.297,2.964,-0.4501,1.4931,1.8967
4.2832,-7.2738,3.5506,-0.4635,1.7881,2.0439
4.75,-8.3632,3.5051,-0.447,2.0282,2.1484
4.7261,-9.4478,3.6104,-0.4226,2.1308,2.2498
4.2233,-10.3169,4.0869,-0.4305,1.9897,2.3371
3.7756,-11.6696,4.094,-0.3273,1.4998,2.3994
3.7086,-12.9912,3.9145,-0.1434,1.1699,2.4587
4.2401,-14.5091,3.0502,0.0226,0.8614,2.5222
4.604,-14.9068,2.3702,0.1546,0.6684,2.5424
4.8769,-14.938,0.984,0.2254,0.655,2.4758
4.5872,-14.1284,-0.1077,0.1546,0.7655,2.1533
3.2992,-12.6416,-0.6248,-0.0103,0.8126,1.849
3.1699,-12.4764,-0.553,-0.2619,0.8046,1.5803
2.7964,-11.8348,-0.2226,-0.5741,0.7808,1.4104
2.636,-11.4733,0.6272,-0.8881,0.7203,1.3188
2.2577,-9.9673,2.4372,-1.1654,0.5994,1.2565
2.2577,-9.9673,2.4372,-1.3896,0.2451,1.1038
1.8435,-8.8971,3.7062,-1.3896,0.2451,1.1038
1.6041,-8.2459,4.4125,-1.2906,0.2347,1.0739
2.3726,-8.0543,6.0743,-1.1489,0.289,1.1123
2.4277,-8.0472,6.1557,-0.9883,0.3434,1.1966
2.8371,-8.1621,6.2826,-0.7818,0.3843,1.2889
3.3159,-8.459,6.0648,-0.3542,0.3904,1.3536
3.2513,-9.0599,4.5729,-0.075,0.2591,1.3096
3.0573,-9.6321,3.0023,0.1998,0.0893,1.1979
2.9783,-10.8005,1.3072,0.4038,-0.0853,1.039
3.0813,-11.6313,0.0407,0.4814,-0.2423,0.8686
3.0693,-11.6983,-1.1683,0.4234,-0.1941,0.6389
3.1316,-11.4062,-1.0319,0.2511,-0.1238,0.5094
3.4907,-11.0902,0.7589,-0.0158,-0.0352,0.3921
3.3877,-10.7766,2.1643,-0.2332,0.1076,0.2663
3.3877,-10.7766,2.1643,-0.2491,0.2506,-0.0116
2.806,-11.1093,2.8131,-0.2491,0.2506,-0.0116
2.1619,-11.6265,1.8698,-0.0848,0.0154,-0.1734
1.5155,-12.2226,0.4644,0,-0.0872,-0.2663
0.6464,-12.8308,0.3639,-0.0017,-0.1055,-0.3512
0.5698,-12.7111,0.4572,-0.1043,-0.1934,-0.4221
0.3423,-11.7821,0.5267,-0.2247,-0.3492,-0.463
0.237,-10.5084,0.9361,-0.3249,-0.6363,-0.5222
0.3687,-8.6649,1.9704,-0.3762,-0.8049,-0.5644
0.3734,-8.5859,1.9895,-0.3884,-0.8849,-0.612
0.3136,-7.8915,2.3271,-0.3517,-0.8672,-0.6591
0.5219,-7.5348,2.2816,-0.3102,-0.8061,-0.6805
1.9225,-7.8149,1.7429,-0.279,-0.6717,-0.6475
3.0286,-8.0759,1.4532,-0.3236,-0.5337,-0.5167
4.0629,-8.6457,2.1523,-0.4605,-0.5832,-0.4825
4.8482,-9.1461,2.8227,-0.6315,-0.6223,-0.5308
5.5261,-9.1269,2.2984,-0.7073,-0.4763,-0.6224
5.2531,-8.9402,2.0925,-0.6999,-0.3223,-0.7672
4.5633,-8.7056,1.8315,-0.6938,-0.4775,-1.1142
3.8283,-8.6002,1.5179,-0.6663,-0.654,-1.3402
2.861,-9.3903,1.1324,-0.5955,-0.7151,-1.5149
2.8754,-9.7877,1.1468,-0.5142,-0.5783,-1.634
3.134,-11.0088,1.5035,-0.4568,-0.304,-1.6945
3.9528,-12.4118,2.3894,-0.4611,-0.0212,-1.7134
5.7607,-13.7478,4.1299,-0.5124,0.2939,-1.7012
5.7607,-13.7741,4.1826,-0.4739,0.3795,-1.7476
5.4471,-13.8387,4.422,-0.3297,0.4735,-1.8973
4.9323,-13.7597,4.4196,-0.1434,0.5645,-2.0665
3.9193,-13.7286,4.616,0.0489,0.6183,-2.1887
3.8498,-13.7286,4.616,0.2163,0.5242,-2.2571
3.098,-13.6592,4.1347,0.4759,0.0972,-2.2583
2.5402,-13.5514,3.0047,0.727,-0.3058,-2.2156
2.6431,-13.2809,1.4006,1.0025,-0.6272,-2.1013
2.8083,-12.7757,0.6248,1.2193,-0.8006,-1.9419
2.375,-11.5547,0.4429,1.2822,-0.8385,-1.8435
2.1284,-10.2115,0.6009,1.1417,-0.6907,-1.879
2.1619,-8.7702,0.8068,0.9854,-0.6162,-1.893
2.1883,-8.1956,0.9624,0.8149,-0.6559,-1.8924
2.5689,-7.2547,1.2617,0.6359,-0.7634,-1.8668
3.5745,-6.7495,1.9847,0.4869,-0.855,-1.7684
4.9012,-5.7104,3.0765,0.3733,-0.8636,-1.5815
4.9371,-5.4878,3.0765,0.2877,-0.6864,-1.3255
4.4412,-4.1611,3.019,0.2951,-0.5795,-1.2583
3.4955,-3.1483,3.0813,0.3464,-0.5777,-1.298
0.3567,-2.4779,1.0319,0.5296,-0.7927,-1.4373
0.0071,-2.5187,0.7805,0.862,-1.2606,-1.6151
-1.1396,-2.7317,-0.0718,1.2144,-1.8208,-1.7415
-1.6543,-2.8083,-0.5219,1.204,-1.8073,-1.6505
-0.0646,-4.9299,-0.869,1.0452,-1.5215,-1.419
0.1628,-5.2388,-0.7852,0.8326,-1.0725,-1.0366
1.6519,-7.6856,-0.1723,0.6756,-0.4207,-0.5033
2.4827,-9.8237,0.3902,0.5474,0.1901,-0.0568
2.8323,-11.4254,0.1987,0.4392,0.5352,0.2693
3.4021,-12.0862,-0.565,0.4533,0.3477,0.4746
4.1443,-12.1939,-1.6376,0.4447,-0.0029,0.7489
4.75,-11.5259,-2.0422,0.3439,-0.1507,0.9993
4.6878,-8.6361,-1.6807,0.154,-0.0316,1.138
4.0007,-7.0679,-1.2473,-0.144,0.3116,1.0891
2.9161,-5.1478,-0.1029,-0.3236,0.4344,0.9987
2.4133,-4.1706,1.2114,-0.4629,0.4821,1.0482
2.2744,-3.687,2.3056,-0.5503,0.6042,1.1716
2.3008,-3.6631,2.3726,-0.5625,0.8614,1.2986
2.4181,-3.8019,2.7581,-0.5216,1.2249,1.4282
2.4899,-4.3622,3.6104,-0.444,1.7289,1.5815
2.6599,-5.2938,3.778,-0.3291,2.074,1.6627
2.715,-5.4566,3.8714,-0.1862,2.391,1.7354
3.1579,-6.5221,3.9695,-0.0909,2.5034,1.8185
3.9863,-7.8963,4.2329,-0.0023,2.3904,1.9413
6.0624,-10.1397,3.9767,0.0519,1.9243,2.1068
6.1725,-10.269,3.8786,0.0886,0.8413,2.3054
6.6705,-11.0902,2.8969,0.1057,0.1492,2.2944
6.3545,-11.7606,1.6256,0.1399,-0.3071,2.1728
5.2388,-12.3304,-0.735,0.2151,-0.4616,1.9999
4.3071,-12.5028,-1.7094,0.4899,0.1742,1.8484
3.1268,-12.8427,-1.9847,0.5504,1.4888,1.6413
2.4253,-13.2641,-1.2162,0.2419,2.1051,1.5332
2.1595,-14.1189,0.462,-0.2381,2.3336,1.4752
1.9536,-14.3104,1.0534,-0.6847,2.1082,1.4343
1.4317,-14.2577,1.6184,-0.9883,1.5016,1.3377
0.79,-13.8818,2.3487,-1.1654,0.8407,1.204
0.1819,-12.2705,4.2521,-1.3603,0.3514,1.047
0.158,-11.8444,4.4005,-1.4177,0.5236,1.0494
0.3926,-10.7143,4.434,-1.3743,0.8944,1.1117
0.7852,-9.4837,4.0869,-1.2784,1.0099,1.1753
0.6919,-7.4965,3.1411,-1.1556,0.6873,1.2058
0.656,-7.4151,3.1364,-0.9528,-0.1372,1.2431
0.79,-6.9889,3.0885,-0.8117,-0.5025,1.3548
1.2737,-6.6106,3.778,-0.6669,-0.5569,1.5479
2.8634,-6.9219,5.2579,-0.5173,-0.3492,1.758
2.8634,-6.9219,5.2579,-0.3285,0.0649,1.9394
3.6391,-6.9698,4.9778,-0.1104,0.4827,2.0445
4.5202,-6.9386,4.355,0.143,0.8009,2.0036
6.5149,-9.2826,3.7588,0.2541,0.7124,1.8344
7.7551,-11.897,2.7868,0.3739,0.4937,1.5497
7.3169,-14.2314,1.1779,0.507,0.4607,1.0995
6.2611,-15.6969,0.5315,0.562,0.5792,0.565
5.1574,-16.1734,2.861,0.5058,0.7564,0.1569
4.5968,-15.6371,3.8115,0.2212,0.589,-0.182
3.2728,-13.9896,4.015,0.0794,0.2078,-0.3769
1.6998,-12.7542,3.3638,0.0336,-0.1024,-0.5986
-0.1891,-12.5554,1.6687,0.0074,-0.2692,-0.7947
-0.2226,-12.7566,1.5873,-0.0549,-0.2997,-0.8949
0.067,-12.8882,1.5634,-0.2668,-0.2771,-0.8588
0.5458,-12.2705,0.5386,-0.3646,-0.3077,-0.7996
0.5913,-10.4078,0.2322,-0.4391,-0.6382,-0.8087
0.5339,-10.1541,0.3351,-0.5558,-1.194,-0.8729
0.1628,-8.8732,0.4213,-0.6303,-1.6045,-0.9443
-0.237,-7.621,0.4165,-0.6443,-1.7432,-1.0048
-0.4955,-5.3657,0.972,-0.6553,-1.5905,-1.0482
-0.4955,-5.3657,0.972,-0.7164,-0.8373,-0.981
-0.1987,-5.1047,1.2713,-0.7164,-0.8373,-0.981
0.0718,-4.8434,1.877,-0.7494,-0.4402,-0.8998
0.4644,-4.8698,2.9257,-0.7818,-0.1812,-0.802
1.118,-5.3202,3.5865,-0.7354,0.0429,-0.631
2.4923,-6.2994,4.094,-0.6004,0.2237,-0.5302
4.2114,-7.3624,4.5298,-0.414,0.4289,-0.518
7.3576,-9.8117,7.6378,-0.2607,0.5077,-0.6157
8.7535,-11.2961,8.8061,-0.1361,0.3404,-0.8063
9.9913,-13.8076,8.5116,0.1204,-0.1446,-1.0781
9.0479,-14.8733,6.1581,0.8033,-1.2087,-1.6175
4.9012,-14.9667,0.3687,1.1729,-1.6394,-1.9712
4.4771,-15.0098,-0.1101,1.4087,-1.6589,-2.2351
2.9305,-15.2923,-1.6376,1.4514,-1.3913,-2.386
1.5514,-15.1558,-2.2337,1.2871,-0.9912,-2.4269
0.7781,-12.9002,-1.6376,0.9249,-0.2044,-2.262
0.8283,-12.4764,-1.5275,0.6793,0.2231,-1.9602
1.3694,-10.585,-0.9528,0.4093,0.3636,-1.6206
2.5258,-10.0679,-0.0335,0.0959,0.2011,-1.3579
5.2843,-11.2482,2.3104,-0.2283,-0.1232,-1.1997
5.5141,-11.3799,2.5234,-0.491,-0.4408,-1.1594
7.5516,-12.4501,4.7189,-0.6895,-0.7145,-1.2235
8.6266,-12.3878,5.9187,-0.5997,-0.6021,-1.3585
7.439,-10.6209,5.8924,-0.3132,-0.2185,-1.5998
6.0839,-9.7423,5.3202,0.0617,0.154,-1.9028
5.0065,-9.2395,4.9299,0.4209,0.3422,-2.1068
4.3143,-9.0264,4.355,0.7196,0.3355,-2.1252
2.8131,-9.0072,2.9305,1.0996,-0.1,-2.0103
2.1092,-8.9641,2.229,1.2364,-0.7261,-1.9749
0.8762,-8.6361,1.5227,1.2248,-1.4891,-1.9333
-0.4357,-7.9825,0.6943,1.1106,-2.136,-1.8716
-1.3527,-5.5285,-1.3814,1.0012,-2.3877,-1.7763
-1.4437,-4.9467,-1.7046,0.945,-1.618,-1.5913
-1.6232,-3.4021,-1.9009,0.829,-0.8996,-1.4972
-1.3623,-2.4971,-1.6807,0.6274,-0.3767,-1.3616
-1.0462,-2.1452,-0.3064,0.4093,-0.1556,-1.1551
-1.0319,-2.1021,-0.0981,0.176,-0.2564,-0.934
-0.9911,-2.0518,0.6991,-0.0377,-0.4763,-0.7965
-0.1747,-2.7246,1.5586,-0.1611,-0.6498,-0.6328
3.6248,-5.7463,2.9568,-0.1129,-0.6125,-0.3848
3.7469,-5.9379,3.1196,-0.0048,-0.4757,-0.0329
4.3718,-7.2283,4.1706,0.0984,-0.1354,0.1808
4.0725,-7.9035,3.4955,0.2523,0.3556,0.2797
3.9025,-8.7798,1.3886,0.6072,0.5865,0.5503
3.596,-9.2802,-0.3734,0.7434,0.2933,0.8888
3.0717,-9.4023,-1.9153,0.752,0.1217,1.16
2.8275,-8.9617,-2.4636,0.6756,0.2383,1.3506
2.6096,-7.9538,-2.2457,0.5107,0.3911,1.4978
2.6886,-7.6234,-2.126,0.2767,0.4564,1.6077
2.9209,-7.214,-1.7357,-0.1074,0.4326,1.7861
3.4356,-7.1637,-0.7876,-0.3988,0.3911,1.8582
3.7205,-7.5013,2.7653,-0.6779,0.3953,1.8875
3.6463,-7.5061,3.3303,-0.8655,0.5682,1.8613
3.7469,-7.8221,5.0831,-0.9156,0.9738,1.8063
4.0677,-8.3967,5.3657,-0.8019,1.5853,1.788
4.0557,-9.5244,4.9395,-0.4195,2.5883,1.8619
3.7756,-9.6249,5.0568,-0.2851,2.7221,1.9425
3.3279,-9.8739,4.7333,-0.2118,2.1424,2.0616
2.9712,-9.8213,3.5122,-0.0005,1.2976,2.2088
2.9305,-9.1317,1.5538,0.2425,0.5108,2.3109
2.9185,-9.0647,1.4844,0.4252,-0.2576,2.2809
2.6551,-8.3632,0.8834,0.424,-0.4763,2.1759
2.5067,-7.6737,0.1005,0.4056,-0.4561,2.0812
2.4684,-7.4031,-0.3663,0.3977,-0.0218,2.0451
2.4684,-7.4031,-0.3663,0.0177,0.9964,1.9932
2.5809,-7.7144,0.3639,0.0177,0.9964,1.9932
2.9257,-8.5906,1.5945,-0.4482,1.4705,1.9529
3.4715,-10.2546,3.2728,-0.6608,1.7172,1.937
3.7253,-10.9848,4.1635,-0.7164,1.9653,1.9083
4.0845,-12.2801,5.4495,-0.6431,2.0838,1.8435
4.4244,-13.3407,5.8828,-0.4348,1.8724,1.7617
4.1443,-13.7023,4.4699,-0.0292,1.0129,1.6236
3.936,-13.6041,3.8331,0.226,0.5279,1.4789
2.9664,-13.4197,1.0055,0.4221,0.3147,1.2779
1.8698,-14.0398,-0.9361,0.4423,0.2194,1.0451
1.403,-15.8837,1.5227,0.2926,0.3752,0.8448
1.4867,-15.9603,2.284,-0.0188,0.6641,0.7202
1.5131,-15.3234,4.4795,-0.5387,1.0257,0.6053
1.0773,-14.2074,4.762,-0.6254,1.0856,0.455
0.0047,-11.1836,2.4444,-0.5313,0.7783,0.2528
0.0047,-11.1836,2.4444,-0.3114,-0.1843,0.1521
0.8212,-10.7789,1.731,-0.3114,-0.1843,0.1521
