andar
0.2178,-8.722,-9.1099,0.6527,1.6958,0.087
0.2178,-8.722,-9.1099,1.018,0.9523,0.2053
0.2178,-8.722,-9.1099,0.9893,1.5051,-0.1344
0.2178,-8.722,-9.1099,1.7264,3.0275,-0.5435
0.2178,-8.722,-9.1099,1.3802,1.4529,-0.3858
0.2178,-8.722,-9.1099,1.2162,1.0066,-0.046
0.2178,-8.722,-9.1099,1.3642,1.3837,0.2788
0.2178,-8.722,-9.1099,1.4441,1.52,0.4141
0.2178,-8.722,-9.1099,1.4591,1.5765,0.2255
0.2178,-8.722,-9.1099,1.4079,1.421,0.1041
0.2178,-8.722,-9.1099,1.3856,1.1632,0.1999
0.2178,-8.722,-9.1099,1.3696,0.9959,0.3075
0.2178,-8.722,-9.1099,1.2716,0.6817,0.3203
0.2178,-8.722,-9.1099,1.2172,0.4708,0.2766
0.2178,-8.722,-9.1099,1.246,0.3153,0.2074
0.2178,-8.722,-9.1099,1.2769,0.3078,0.2053
0.2178,-8.722,-9.1099,1.2631,0.4207,0.2703
0.2178,-8.722,-9.1099,1.2375,0.5145,0.332
0.2178,-8.722,-9.1099,1.23,0.475,0.3374
0.2178,-8.722,-9.1099,1.1768,0.4601,0.4077
0.2178,-8.722,-9.1099,0.9776,0.4697,0.4258
0.2178,-8.722,-9.1099,0.6995,0.474,0.4055
0.2178,-8.722,-9.1099,0.5014,0.5517,0.2969
0.2178,-8.722,-9.1099,0.3043,0.5571,0.2415
0.2178,-8.722,-9.1099,0.1275,0.6274,0.2617
0.2178,-8.722,-9.1099,-0.0077,0.6508,0.2745
0.2178,-8.722,-9.1099,-0.1579,0.6636,0.3352
0.2178,-8.722,-9.1099,-0.3432,0.6263,0.5185
0.2178,-8.722,-9.1099,-0.6276,0.2173,0.5632
0.2178,-8.722,-9.1099,-1.0079,-0.1619,0.348
0.2178,-8.722,-9.1099,-1.6973,-0.6785,-0.0343
0.2178,-8.722,-9.1099,-2.3311,-1.0545,-0.2974
0.2178,-8.722,-9.1099,-2.8818,-0.8404,-0.2559
0.2178,-8.722,-9.1099,-3.0331,-0.6881,-0.0226
0.2178,-8.722,-9.1099,-2.8946,-0.1331,0.0316
0.2178,-8.722,-9.1099,-2.5516,0.3813,-0.0471
0.2178,-8.722,-9.1099,-2.3417,0.1384,-0.225
0.2178,-8.722,-9.1099,-2.4184,-0.8053,-0.2974
0.2178,-8.722,-9.1099,-2.6027,-1.6223,-0.2495
0.2178,-8.722,-9.1099,-2.6091,-1.862,-0.0844
0.2178,-8.722,-9.1099,-2.3481,-1.6564,0.0252
0.2178,-8.722,-9.1099,-2.0136,-1.454,-0.0673
0.2178,-8.722,-9.1099,-1.7814,-1.4114,-0.1312
0.2178,-8.722,-9.1099,-1.5929,-1.3528,-0.1728
0.2178,-8.722,-9.1099,-1.2955,-1.1856,-0.2324
0.2178,-8.722,-9.1099,-0.8822,-0.9022,-0.2665
0.2178,-8.722,-9.1099,-0.4508,-0.5347,-0.209
0.2178,-8.722,-9.1099,-0.1238,-0.2865,-0.1952
0.2178,-8.722,-9.1099,0.0956,-0.0692,-0.2058
0.2178,-8.722,-9.1099,0.2692,0.1746,-0.1962
0.2178,-8.722,-9.1099,0.2948,0.3472,-0.1749
0.2178,-8.722,-9.1099,0.3864,0.3142,-0.2133
0.2178,-8.722,-9.1099,0.577,0.3163,-0.3113
0.2178,-8.722,-9.1099,0.8039,0.4452,-0.4327
0.2178,-8.722,-9.1099,0.968,0.6508,-0.487
0.2178,-8.722,-9.1099,1.0202,0.638,-0.4796
0.2178,-8.722,-9.1099,1.0138,0.6039,-0.3901
0.2178,-8.722,-9.1099,0.9115,0.8543,-0.2335
0.2178,-8.722,-9.1099,0.7517,1.03,-0.1504
0.2178,-8.722,-9.1099,0.8572,0.5635,-0.013
0.2178,-8.722,-9.1099,1.2396,0.6082,0.4002
0.2178,-8.722,-9.1099,-0.0641,1.471,0.4705
0.2178,-8.722,-9.1099,-1.3541,1.2921,-0.3986
0.2178,-8.722,-9.1099,0.2213,2.4022,0.103
0.2178,-8.722,-9.1099,1.1874,1.9152,0.3587
0.2178,-8.722,-9.1099,0.4247,1.8013,0.3768
0.2178,-8.722,-9.1099,1.2322,4.1321,0.1509
0.2178,-8.722,-9.1099,0.8359,2.5865,0.0029
0.2178,-8.722,-9.1099,0.7038,1.7512,0.0306
0.2178,-8.722,-9.1099,0.9243,1.9919,0.184
0.2178,-8.722,-9.1099,0.9722,2.334,0.3661
0.2178,-8.722,-9.1099,0.8966,2.6461,0.445
0.2178,-8.722,-9.1099,0.7943,2.5055,0.4641
0.2178,-8.722,-9.1099,0.6559,2.2839,0.5131
0.2178,-8.722,-9.1099,0.5802,2.1752,0.5461
0.2178,-8.722,-9.1099,0.5504,2.156,0.5664
0.2178,-8.722,-9.1099,0.4577,2.0175,0.5675
0.2178,-8.722,-9.1099,0.2948,1.7224,0.5547
0.2178,-8.722,-9.1099,0.2202,1.4348,0.5653
0.2178,-8.722,-9.1099,0.1989,1.2836,0.5824
0.2178,-8.722,-9.1099,0.1946,1.1919,0.5856
0.2178,-8.722,-9.1099,0.2255,1.1525,0.5898
0.2178,-8.722,-9.1099,0.2223,1.0247,0.6122
0.2178,-8.722,-9.1099,0.2575,0.8021,0.6665
0.2178,-8.722,-9.1099,0.3256,0.637,0.7422
0.2178,-8.722,-9.1099,0.3214,0.2876,0.822
0.2178,-8.722,-9.1099,0.2798,0.1235,0.8764
0.2178,-8.722,-9.1099,0.2553,0.098,0.7997
0.2178,-8.722,-9.1099,0.3256,0.2034,0.805
0.2178,-8.722,-9.1099,0.3097,0.2588,0.9073
0.2178,-8.722,-9.1099,0.2671,0.1533,0.9616
0.2178,-8.722,-9.1099,0.1669,-0.1629,0.7986
0.2178,-8.722,-9.1099,-0.0386,-0.1129,0.4439
0.2178,-8.722,-9.1099,-0.3485,-0.0074,0.3746
0.2178,-8.722,-9.1099,-1.0569,-0.3738,0.3576
0.2178,-8.722,-9.1099,-1.8294,-0.621,0.5195
0.2178,-8.722,-9.1099,-2.5005,-0.9885,0.5057
0.2178,-8.722,-9.1099,-2.8211,-0.8841,0.2127
0.2178,-8.722,-9.1099,-2.6858,-0.8031,-0.095
0.2178,-8.722,-9.1099,-2.0701,-0.8394,-0.4806
0.2178,-8.722,-9.1099,-1.5033,-1.3315,-0.7139
0.2178,-8.722,-9.1099,-1.4117,-1.9003,-0.7171
0.2178,-8.722,-9.1099,-1.4202,-2.2572,-0.7033
0.2178,-8.722,-9.1099,-1.3754,-2.3264,-0.9142
0.2178,-8.722,-9.1099,-1.3083,-2.0878,-1.1826
0.2178,-8.722,-9.1099,-1.173,-1.7022,-1.45
0.2178,-8.722,-9.1099,-0.9323,-1.6031,-1.6513
0.2178,-8.722,-9.1099,-0.8396,-1.928,-1.7493
0.2178,-8.722,-9.1099,-0.8822,-2.2636,-1.76
0.2178,-8.722,-9.1099,-0.8279,-2.3285,-1.7376
0.2178,-8.722,-9.1099,-0.6244,-2.1102,-1.6673
0.2178,-8.722,-9.1099,-0.4497,-1.8705,-1.5139
0.2178,-8.722,-9.1099,-0.3816,-1.6841,-1.3158
0.2178,-8.722,-9.1099,-0.2974,-1.5328,-1.1816
0.2178,-8.722,-9.1099,-0.1504,-1.5392,-1.025
0.2178,-8.722,-9.1099,-0.0055,-1.6383,-0.8684
0.2178,-8.722,-9.1099,0.0274,-1.6649,-0.7448
0.2178,-8.722,-9.1099,-0.1131,-1.6532,-0.6724
0.2178,-8.722,-9.1099,-0.2026,-1.536,-0.568
0.2178,-8.722,-9.1099,-0.1323,-1.3613,-0.4434
0.2178,-8.722,-9.1099,-0.0279,-1.323,-0.4114
0.2178,-8.722,-9.1099,0.0636,-1.1834,-0.4412
0.2178,-8.722,-9.1099,0.1179,-0.9097,-0.4615
0.2178,-8.722,-9.1099,0.103,-0.6881,-0.4742
0.2178,-8.722,-9.1099,0.1584,-0.5624,-0.4465
0.2178,-8.722,-9.1099,0.38,-0.5464,-0.3699
0.2178,-8.722,-9.1099,0.625,-0.2929,-0.3113
0.2178,-8.722,-9.1099,0.7624,0.0873,-0.3038
0.2178,-8.722,-9.1099,0.8678,-0.0862,-0.1387
0.2178,-8.722,-9.1099,0.8508,1.5744,0.5696
0.2178,-8.722,-9.1099,-0.4529,1.2527,0.641
0.2178,-8.722,-9.1099,-0.6852,0.7627,-0.4892
0.2178,-8.722,-9.1099,1.2045,1.1856,-0.2527
0.2178,-8.722,-9.1099,0.6644,0.5081,0.3011
0.2178,-8.722,-9.1099,1.5155,2.5865,0.054
0.2178,-8.722,-9.1099,1.4026,1.8556,-0.2079
0.2178,-8.722,-9.1099,1.376,0.6849,-0.5946
0.2178,-8.722,-9.1099,1.5677,1.4497,-0.3954
0.2178,-8.722,-9.1099,1.5059,1.6638,0.0657
0.2178,-8.722,-9.1099,1.556,1.731,0.2894
0.2178,-8.722,-9.1099,1.6401,1.7182,0.103
0.2178,-8.722,-9.1099,1.556,1.4593,0.0029
0.2178,-8.722,-9.1099,1.4665,1.0726,0.0902
0.2178,-8.722,-9.1099,1.4431,0.9757,0.1691
0.2178,-8.722,-9.1099,1.474,0.8862,0.1637
0.2178,-8.722,-9.1099,1.458,0.9107,0.1339
0.2178,-8.722,-9.1099,1.4601,0.9512,0.1616
0.2178,-8.722,-9.1099,1.3696,0.8734,0.3075
0.2178,-8.722,-9.1099,1.3525,0.8244,0.4599
0.2178,-8.722,-9.1099,1.3941,0.785,0.4929
0.2178,-8.722,-9.1099,1.3685,0.8234,0.5185
0.2178,-8.722,-9.1099,1.1768,0.735,0.4833
0.2178,-8.722,-9.1099,0.8423,0.7659,0.5185
0.2178,-8.722,-9.1099,0.5312,0.7818,0.4119
0.2178,-8.722,-9.1099,0.2756,0.964,0.3896
0.2178,-8.722,-9.1099,0.0828,0.9469,0.2639
0.2178,-8.722,-9.1099,-0.0471,1.0151,0.2596
0.2178,-8.722,-9.1099,-0.1845,0.9416,0.3406
0.2178,-8.722,-9.1099,-0.4764,0.6135,0.5046
0.2178,-8.722,-9.1099,-0.8162,0.0394,0.4119
0.2178,-8.722,-9.1099,-1.335,-0.393,0.0647
0.2178,-8.722,-9.1099,-2.0296,-1.2559,-0.1579
0.2178,-8.722,-9.1099,-2.542,-1.7533,-0.2708
0.2178,-8.722,-9.1099,-2.9191,-1.7128,-0.2229
0.2178,-8.722,-9.1099,-2.8243,-1.6905,-0.0993
0.2178,-8.722,-9.1099,-2.4152,-1.5893,-0.1142
0.2178,-8.722,-9.1099,-2.2373,-1.2271,-0.29
0.2178,-8.722,-9.1099,-2.2927,-1.1227,-0.3528
0.2178,-8.722,-9.1099,-2.493,-1.47,-0.2687
0.2178,-8.722,-9.1099,-2.7028,-1.8322,-0.1898
0.2178,-8.722,-9.1099,-2.6496,-1.6042,-0.0588
0.2178,-8.722,-9.1099,-2.3556,-1.5786,-0.1185
0.2178,-8.722,-9.1099,-2.1521,-1.8215,-0.2708
0.2178,-8.722,-9.1099,-2.0499,-2.0921,-0.2995
0.2178,-8.722,-9.1099,-1.8112,-2.2199,-0.3485
0.2178,-8.722,-9.1099,-1.4734,-1.8641,-0.3784
0.2178,-8.722,-9.1099,-1.0729,-1.2601,-0.3709
0.2178,-8.722,-9.1099,-0.7129,-0.8042,-0.4018
0.2178,-8.722,-9.1099,-0.4146,-0.4527,-0.4508
0.2178,-8.722,-9.1099,-0.1483,-0.1075,-0.4647
0.2178,-8.722,-9.1099,0.0434,0.0862,-0.4316
0.2178,-8.722,-9.1099,0.1201,0.0596,-0.3848
0.2178,-8.722,-9.1099,0.1861,-0.0085,-0.29
0.2178,-8.722,-9.1099,0.282,-0.0564,-0.1952
0.2178,-8.722,-9.1099,0.4002,-0.0521,-0.2324
0.2178,-8.722,-9.1099,0.5142,-0.0085,-0.3326
0.2178,-8.722,-9.1099,0.6782,0.0404,-0.3592
0.2178,-8.722,-9.1099,0.8391,0.3483,-0.3635
0.2178,-8.722,-9.1099,0.7901,0.6497,-0.3677
0.2178,-8.722,-9.1099,0.4492,0.6061,-0.2037
0.2178,-8.722,-9.1099,-0.1834,1.1419,0.331
0.2178,-8.722,-9.1099,-0.683,0.6082,-0.0002
0.2178,-8.722,-9.1099,0.5515,1.2633,-0.0854
0.2178,-8.722,-9.1099,0.9499,0.9235,0.43
0.7065,-10.2573,-9.8527,0.9499,0.9235,0.43
0.8167,-9.7614,-8.6307,0.9499,0.9235,0.43
-0.2059,-7.5288,-7.2176,0.9499,0.9235,0.43
-0.2633,-5.7562,-6.7217,0.9499,0.9235,0.43
-1.4541,-6.0678,-5.5024,0.9499,0.9235,0.43
-9.1554,-16.6151,1.3844,0.9499,0.9235,0.43
-0.8649,-21.9401,-6.8222,0.9499,0.9235,0.43
1.1881,-15.2304,-8.9207,0.9499,0.9235,0.43
1.4829,-3.21,6.9084,0.9499,0.9235,0.43
-0.0335,0.3761,3.2722,0.9499,0.9235,0.43
1.0732,-6.3287,-3.7514,0.9499,0.9235,0.43
7.0308,-13.3069,2.2517,0.9499,0.9235,0.43
4.5465,-14.0662,-2.108,0.9499,0.9235,0.43
-0.4144,-9.1386,-2.0482,0.9499,0.9235,0.43
-2.0314,-6.6977,-1.066,0.9499,0.9235,0.43
-0.7903,-8.3147,-0.2154,0.9499,0.9235,0.43
1.6935,-10.2382,0.1963,0.9499,0.9235,0.43
2.3594,-9.97,0.0646,0.9499,0.9235,0.43
1.9569,-8.8609,0.0766,0.9499,0.9235,0.43
1.9668,-8.6547,0.1316,0.9499,0.9235,0.43
2.46,-9.0931,0.5342,0.9499,0.9235,0.43
2.6446,-9.6513,0.6682,0.9499,0.9235,0.43
2.369,-9.4597,0.4958,0.9499,0.9235,0.43
1.8683,-9.0429,0.3091,0.9499,0.9235,0.43
0.8239,-9.1602,-0.0933,0.9499,0.9235,0.43
1.0133,-9.5076,-0.2681,0.9499,0.9235,0.43
0.7113,-9.6489,0.0957,0.9499,0.9235,0.43
0.7688,-9.6321,0.0909,0.9499,0.9235,0.43
0.752,-9.8359,-0.5677,0.9499,0.9235,0.43
1.2,-10.4444,-1.0995,0.9499,0.9235,0.43
1.7845,-11.127,-0.908,0.9499,0.9235,0.43
1.4206,-11.733,-0.5389,0.9499,0.9235,0.43
1.5068,-11.7354,-0.6419,0.9499,0.9235,0.43
1.5786,-11.7043,-0.7592,0.9499,0.9235,0.43
2.0554,-11.7067,-1.2048,0.9499,0.9235,0.43
2.4815,-12.0682,-1.0444,0.9499,0.9235,0.43
4.5944,-13.9369,-0.752,0.9499,0.9235,0.43
4.2473,-14.5717,-1.3437,0.9499,0.9235,0.43
1.5595,-12.9906,-2.3331,0.9499,0.9235,0.43
1.9449,-10.8226,-1.3964,0.9499,0.9235,0.43
0.5342,-10.9064,-1.4661,0.9499,0.9235,0.43
-0.9917,-12.7057,0.4839,0.9499,0.9235,0.43
-1.4422,-13.0361,2.3834,0.9499,0.9235,0.43
-1.7414,-11.5415,1.909,0.9499,0.9235,0.43
-1.315,-11.5918,0.5725,0.9499,0.9235,0.43
-0.6778,-12.1092,-0.4504,0.9499,0.9235,0.43
0.9247,-11.0552,-0.7377,0.9499,0.9235,0.43
0.4336,-10.1448,-0.3785,0.9499,0.9235,0.43
-0.213,-9.7806,0.158,0.9499,0.9235,0.43
-0.7281,-9.4693,-0.0885,0.9499,0.9235,0.43
-1.2982,-8.8992,-0.503,0.9499,0.9235,0.43
-1.2384,-7.8452,-0.1077,0.9499,0.9235,0.43
-1.4829,-6.0534,0.1747,0.9499,0.9235,0.43
-1.4876,-4.5202,0.436,0.9499,0.9235,0.43
-1.2695,-4.1632,-0.1867,0.9499,0.9235,0.43
-0.951,-4.6567,-1.303,0.9499,0.9235,0.43
-1.0253,-5.2052,-2.4624,0.9499,0.9235,0.43
-1.0971,-5.6916,-4.3023,0.9499,0.9235,0.43
-1.0181,-6.1899,-5.6676,0.9499,0.9235,0.43
-1.0324,-6.6618,-6.2569,0.9499,0.9235,0.43
-0.9343,-7.5408,-8.3961,0.9499,0.9235,0.43
0.2418,-9.498,-10.8993,0.9499,0.9235,0.43
2.6231,-10.3794,-10.9184,0.9499,0.9235,0.43
2.568,-8.0439,-7.8092,0.9499,0.9235,0.43
0.2657,-5.6197,-7.2343,0.9499,0.9235,0.43
-0.4049,-5.9433,-7.3516,0.9499,0.9235,0.43
-5.1574,-12.3055,-4.604,0.9499,0.9235,0.43
-7.0596,-21.279,-5.9026,0.9499,0.9235,0.43
1.0755,-12.0132,-4.4532,0.9499,0.9235,0.43
4.5489,-4.525,4.592,0.9499,0.9235,0.43
-0.3354,-3.1477,0.1771,0.9499,0.9235,0.43
1.4613,-8.1926,0.3546,0.9499,0.9235,0.43
5.2364,-13.1558,-0.1963,0.9499,0.9235,0.43
3.5212,-13.3548,-1.8707,0.9499,0.9235,0.43
-0.0526,-9.0931,-1.4302,0.9499,0.9235,0.43
-1.4039,-7.208,-1.5379,0.9499,0.9235,0.43
-1.2814,-8.377,-0.7209,0.9499,0.9235,0.43
0.685,-9.8718,-0.4336,0.9499,0.9235,0.43
1.5714,-9.982,-0.6754,0.9499,0.9235,0.43
1.7917,-8.9207,-0.4264,0.9499,0.9235,0.43
1.4158,-8.3578,-0.2876,0.9499,0.9235,0.43
1.1162,-8.7579,-0.6012,0.9499,0.9235,0.43
1.5762,-9.2706,-0.6754,0.9499,0.9235,0.43
1.8013,-9.3712,-0.5701,0.9499,0.9235,0.43
2.144,-9.0788,-0.3259,0.9499,0.9235,0.43
1.7007,-9.208,-0.146,0.9499,0.9235,0.43
0.8262,-9.2754,0.5054,0.9499,0.9235,0.43
0.2753,-9.6225,1.0013,0.9499,0.9235,0.43
1.0396,-10.2334,0.1268,0.9499,0.9235,0.43
1.0923,-10.2166,-0.6706,0.9499,0.9235,0.43
1.2743,-10.3603,-0.9319,0.9499,0.9235,0.43
1.6624,-11.4981,-0.6634,0.9499,0.9235,0.43
0.9175,-12.2696,-0.4168,0.9499,0.9235,0.43
1.2791,-11.8839,-0.7041,0.9499,0.9235,0.43
1.7295,-11.8791,-0.4097,0.9499,0.9235,0.43
1.6145,-12.1475,-1.1186,0.9499,0.9235,0.43
0.963,-12.533,-2.0937,0.9499,0.9235,0.43
3.1094,-13.7765,-2.3738,0.9499,0.9235,0.43
3.7801,-14.3227,-2.9104,0.9499,0.9235,0.43
3.5116,-13.048,-3.1741,0.9499,0.9235,0.43
3.9381,-11.364,-1.423,0.9499,0.9235,0.43
2.0242,-8.8776,-0.987,0.9499,0.9235,0.43
-0.7161,-10.6622,2.3882,0.9499,0.9235,0.43
-1.1713,-13.4721,2.4049,0.9499,0.9235,0.43
-0.7808,-14.0327,-0.5725,0.9499,0.9235,0.43
-1.5738,-13.7163,-1.0253,0.9499,0.9235,0.43
-1.3198,-13.1007,-0.8358,0.9499,0.9235,0.43
-0.3905,-10.8131,-0.1077,0.9499,0.9235,0.43
0.3235,-9.4334,0.2274,0.9499,0.9235,0.43
1.1162,-9.0907,-0.2828,0.9499,0.9235,0.43
0.7113,-8.7172,-0.7425,0.9499,0.9235,0.43
-0.3474,-7.9146,-0.4935,0.9499,0.9235,0.43
-1.0037,-6.4655,-0.3666,0.9499,0.9235,0.43
-1.2551,-4.7285,0.4719,0.9499,0.9235,0.43
-1.7654,-3.6604,0.4049,0.9499,0.9235,0.43
-1.0324,-3.5691,-0.4408,0.9499,0.9235,0.43
-0.5078,-4.0818,-1.4805,0.9499,0.9235,0.43
-0.2274,-5.2364,-3.4542,0.9499,0.9235,0.43
-0.2995,-6.3287,-6.3551,0.9499,0.9235,0.43
-0.5916,-7.4115,-7.905,0.9499,0.9235,0.43
-0.7544,-8.1639,-8.626,0.9499,0.9235,0.43
-0.884,-9.1865,-9.2921,0.9499,0.9235,0.43
-0.4144,-9.8551,-9.3735,0.9499,0.9235,0.43
-0.6443,-7.9577,-7.9768,0.9499,0.9235,0.43
-0.8047,-5.579,-7.1888,0.9499,0.9235,0.43
-2.3283,-6.3335,-8.8633,0.9499,0.9235,0.43
-8.746,-13.2471,-3.8016,0.9499,0.9235,0.43
-8.1591,-21.727,-3.0445,0.9499,0.9235,0.43
6.4703,-14.2865,-4.3957,0.9499,0.9235,0.43
2.1009,-3.1238,7.3038,0.9499,0.9235,0.43
-3.0828,-2.7213,-2.7045,0.9499,0.9235,0.43
2.0913,-8.971,2.4193,0.9499,0.9235,0.43
5.3779,-14.8446,-1.8037,0.9499,0.9235,0.43
3.8854,-13.69,-2.0123,0.9499,0.9235,0.43
0.6227,-8.59,-1.3844,0.9499,0.9235,0.43
-1.4781,-6.6187,-1.7175,0.9499,0.9235,0.43
-0.1651,-8.2166,-0.8481,0.9499,0.9235,0.43
2.5222,-10.6479,-0.5629,0.9499,0.9235,0.43
3.4638,-10.7748,-0.9558,0.9499,0.9235,0.43
2.7237,-9.1003,-0.7975,0.9499,0.9235,0.43
2.2972,-8.2668,-0.8382,0.9499,0.9235,0.43
2.1894,-8.456,-0.7784,0.9499,0.9235,0.43
2.3594,-8.8346,-0.5533,0.9499,0.9235,0.43
2.5127,-8.9279,-0.1412,0.9499,0.9235,0.43
2.2972,-8.6116,0.1819,0.9499,0.9235,0.43
1.6816,-8.3674,-0.067,0.9499,0.9235,0.43
1.0971,-8.7002,-0.225,0.9499,0.9235,0.43
0.8239,-9.1602,-0.1867,0.9499,0.9235,0.43
0.7999,-9.2631,0.0646,0.9499,0.9235,0.43
1.3581,-9.153,0.043,0.9499,0.9235,0.43
1.514,-9.6656,-0.1077,0.9499,0.9235,0.43
1.1378,-10.6886,-0.2466,0.9499,0.9235,0.43
1.1689,-11.7809,-0.1795,0.9499,0.9235,0.43
0.9127,-12.4253,-0.1388,0.9499,0.9235,0.43
1.7151,-12.4803,-0.4432,0.9499,0.9235,0.43
2.0817,-12.5186,-0.5102,0.9499,0.9235,0.43
2.5872,-12.6386,-1.0181,0.9499,0.9235,0.43
3.3201,-13.2399,-1.1569,0.9499,0.9235,0.43
4.2712,-14.5693,-0.6443,0.9499,0.9235,0.43
2.2828,-14.4591,-2.29,0.9499,0.9235,0.43
1.3605,-12.4995,-3.3153,0.9499,0.9235,0.43
1.8276,-9.747,-2.1559,0.9499,0.9235,0.43
2.4001,-9.4142,-0.776,0.9499,0.9235,0.43
1.1162,-11.2108,0.3761,0.9499,0.9235,0.43
-0.1915,-13.2231,3.5356,0.9499,0.9235,0.43
-1.4469,-12.3127,2.2852,0.9499,0.9235,0.43
-2.381,-11.7833,-0.0766,0.9499,0.9235,0.43
-1.145,-11.4766,-1.1498,0.9499,0.9235,0.43
1.3102,-10.6503,-1.066,0.9499,0.9235,0.43
1.2048,-9.9676,-0.4216,0.9499,0.9235,0.43
0.4791,-9.8982,-0.5078,0.9499,0.9235,0.43
0.7113,-10.049,-0.9032,0.9499,0.9235,0.43
0.2971,-9.747,-0.6754,0.9499,0.9235,0.43
-0.3761,-8.4823,0.0622,0.9499,0.9235,0.43
-1.3269,-7.2104,0.0598,0.9499,0.9235,0.43
-2.1559,-5.8424,-0.2442,0.9499,0.9235,0.43
-1.6552,-5.6868,-1.133,0.9499,0.9235,0.43
-1.0301,-6.0151,-2.2732,0.9499,0.9235,0.43
-0.4863,-6.1492,-2.9152,0.9499,0.9235,0.43
-0.4647,-5.8065,-3.0951,0.9499,0.9235,0.43
-0.6898,-5.6341,-3.5523,0.9499,0.9235,0.43
-0.8529,-5.8472,-4.0028,0.9499,0.9235,0.43
-1.2024,-6.7169,-5.0376,0.9499,0.9235,0.43
-1.0301,-7.8428,-6.4077,0.9499,0.9235,0.43
-1.0348,-8.1663,-6.7576,0.9499,0.9235,0.43
-1.411,-7.6967,-7.299,0.9499,0.9235,0.43
-1.5906,-6.8031,-7.8164,0.9499,0.9235,0.43
-1.1186,-6.3503,-7.9553,0.9499,0.9235,0.43
-1.1737,-6.9084,-8.4655,0.9499,0.9235,0.43
-2.053,-9.443,-9.7566,0.9499,0.9235,0.43
-4.8605,-15.2735,-11.7857,0.9499,0.9235,0.43
-9.0237,-19.8416,-10.0323,0.9499,0.9235,0.43
0.7496,-1.5331,5.1382,0.9499,0.9235,0.43
-2.5297,0.1747,-0.3163,0.9499,0.9235,0.43
-2.3523,-10.1041,-3.078,0.9499,0.9235,0.43
3.2339,-13.7573,3.7298,0.9499,0.9235,0.43
0.8792,-13.2135,-5.1191,0.9499,0.9235,0.43
0.9965,-10.2908,-2.7715,0.9499,0.9235,0.43
1.1857,-8.2477,-1.8348,0.9499,0.9235,0.43
0.8071,-7.8954,-1.6385,0.9499,0.9235,0.43
2.2014,-8.7939,-1.6241,0.9499,0.9235,0.43
2.2924,-10.4204,-1.7845,0.9499,0.9235,0.43
1.9066,-10.6359,-1.502,0.9499,0.9235,0.43
1.6912,-9.7638,-1.2216,0.9499,0.9235,0.43
1.0229,-8.9184,-1.0133,0.9499,0.9235,0.43
1.5786,-8.4871,-0.7137,0.9499,0.9235,0.43
1.8109,-8.3267,-0.9439,0.9499,0.9235,0.43
2.1272,-8.4392,-0.7185,0.9499,0.9235,0.43
2.2661,-8.9902,-0.7616,0.9499,0.9235,0.43
2.1128,-9.2009,-0.7329,0.9499,0.9235,0.43
1.933,-8.5709,-0.0718,0.9499,0.9235,0.43
1.7438,-8.365,0.213,0.9499,0.9235,0.43
1.3174,-8.813,-0.3546,0.9499,0.9235,0.43
1.2862,-9.1673,-0.2971,0.9499,0.9235,0.43
1.2455,-8.9136,0.0646,0.9499,0.9235,0.43
1.9788,-9.431,-0.4312,0.9499,0.9235,0.43
2.199,-9.9772,-1.0684,0.9499,0.9235,0.43
1.3389,-10.2094,-0.7736,0.9499,0.9235,0.43
0.9965,-10.9184,-0.503,0.9499,0.9235,0.43
1.3437,-11.9844,-0.3354,0.9499,0.9235,0.43
1.7223,-12.6192,0.055,0.9499,0.9235,0.43
2.1511,-13.2016,-0.6491,0.9499,0.9235,0.43
1.7175,-13.1558,-1.9473,0.9499,0.9235,0.43
2.3403,-12.0996,-2.2182,0.9499,0.9235,0.43
4.3358,-11.2323,-2.2014,0.9499,0.9235,0.43
6.1132,-14.0686,-1.4493,0.9499,0.9235,0.43
4.7429,-15.4916,-0.3714,0.9499,0.9235,0.43
1.1234,-14.2601,0.0239,0.9499,0.9235,0.43
-2.041,-10.7795,0.3522,0.9499,0.9235,0.43
-1.8085,-8.3147,-0.2394,0.9499,0.9235,0.43
-0.5533,-9.352,-0.4815,0.9499,0.9235,0.43
0.7161,-11.8049,1.3652,0.9499,0.9235,0.43
0.1292,-12.5665,2.0817,0.9499,0.9235,0.43
-1.0492,-12.6793,0.7089,0.9499,0.9235,0.43
-1.1857,-12.3319,-0.0718,0.9499,0.9235,0.43
0.2274,-11.206,-0.6802,0.9499,0.9235,0.43
0.7736,-10.2262,-0.4121,0.9499,0.9235,0.43
0.5725,-9.8069,-0.213,0.9499,0.9235,0.43
0.1412,-9.747,-0.9247,0.9499,0.9235,0.43
-0.0143,-9.68,-1.2312,0.9499,0.9235,0.43
-0.3283,-9.1889,-0.7041,0.9499,0.9235,0.43
-0.8071,-7.6608,-0.1436,0.9499,0.9235,0.43
-1.2623,-5.4833,0.0359,0.9499,0.9235,0.43
-1.7462,-4.1823,-0.2298,0.9499,0.9235,0.43
-1.3652,-4.2521,-0.9941,0.9499,0.9235,0.43
-1.2336,-4.906,-1.7989,0.9499,0.9235,0.43
-1.0995,-5.1861,-2.5297,0.9499,0.9235,0.43
-0.6754,-5.3468,-3.6987,0.9499,0.9235,0.43
-0.4575,-5.5575,-4.343,0.9499,0.9235,0.43
-0.2657,-6.0294,-4.3071,0.9499,0.9235,0.43
-0.6419,-6.748,-5.1262,0.9499,0.9235,0.43
-1.3533,-7.4714,-7.9984,0.9499,0.9235,0.43
-1.4469,-8.5206,-9.9413,0.9499,0.9235,0.43
-0.8262,-8.9758,-9.6034,0.9499,0.9235,0.43
-0.5342,-8.2501,-8.0271,0.9499,0.9235,0.43
-0.5294,-6.5086,-6.6139,0.9499,0.9235,0.43
-0.2753,-4.6016,-6.3814,0.9499,0.9235,0.43
-2.3139,-4.9347,-3.1118,0.9499,0.9235,0.43
-9.5938,-16.4927,4.3454,0.9499,0.9235,0.43
-2.6518,-28.2282,-8.8705,0.9499,0.9235,0.43
8.0151,-27.0808,-16.9359,0.9499,0.9235,0.43
1.8468,-0.4935,15.4315,0.9499,0.9235,0.43
-4.1344,3.6002,-0.0359,0.9499,0.9235,0.43
1.6074,-4.3813,-2.053,0.9499,0.9235,0.43
8.2285,-14.2362,5.5383,0.9499,0.9235,0.43
5.1478,-17.1035,-2.0769,0.9499,0.9235,0.43
0.0119,-10.2765,-1.5571,0.9499,0.9235,0.43
-2.817,-5.7179,-0.975,0.9499,0.9235,0.43
-0.776,-7.2224,-0.2322,0.9499,0.9235,0.43
2.6494,-10.0586,0.3737,0.9499,0.9235,0.43
3.0349,-9.8886,-0.0311,0.9499,0.9235,0.43
2.3139,-8.5062,0.0119,0.9499,0.9235,0.43
2.5007,-8.3243,0.4144,0.9499,0.9235,0.43
3.0157,-9.2535,0.067,0.9499,0.9235,0.43
2.908,-10.0323,-0.2106,0.9499,0.9235,0.43
2.5055,-9.668,-0.2154,0.9499,0.9235,0.43
1.8109,-9.1195,-0.3402,0.9499,0.9235,0.43
1.0205,-9.2464,-0.333,0.9499,0.9235,0.43
0.7568,-9.2969,-0.1244,0.9499,0.9235,0.43
0.9894,-9.4023,0.0239,0.9499,0.9235,0.43
1.1761,-9.4621,-0.4097,0.9499,0.9235,0.43
1.9907,-9.5076,-1.0779,0.9499,0.9235,0.43
2.2852,-9.9078,-1.1258,0.9499,0.9235,0.43
2.3786,-10.7197,-0.7209,0.9499,0.9235,0.43
1.6672,-11.2635,-0.7951,0.9499,0.9235,0.43
2.0195,-11.0671,-0.2753,0.9499,0.9235,0.43
2.1655,-11.2156,-0.0885,0.9499,0.9235,0.43
1.423,-11.309,-0.697,0.9499,0.9235,0.43
0.5796,-10.8322,-1.3964,0.9499,0.9235,0.43
2.4983,-10.6574,-1.8372,0.9499,0.9235,0.43
5.2436,-13.0696,-2.4001,0.9499,0.9235,0.43
4.7453,-15.149,-1.6313,0.9499,0.9235,0.43
0.9223,-14.8254,0.2035,0.9499,0.9235,0.43
-2.6997,-11.5726,0.6108,0.9499,0.9235,0.43
-5.0592,-10.4659,0.6084,0.9499,0.9235,0.43
-2.5007,-12.6602,0.1651,0.9499,0.9235,0.43
-1.1761,-14.0805,0.3187,0.9499,0.9235,0.43
-0.3737,-13.271,0.1053,0.9499,0.9235,0.43
-0.0981,-12.9666,0.3139,0.9499,0.9235,0.43
0.6132,-11.3257,0.1364,0.9499,0.9235,0.43
0.9223,-9.2754,-0.1244,0.9499,0.9235,0.43
0.7113,-8.6068,-0.2971,0.9499,0.9235,0.43
0.2801,-8.3985,-0.3977,0.9499,0.9235,0.43
-1.2479,-8.2046,-0.7951,0.9499,0.9235,0.43
-1.9955,-7.9361,-0.9534,0.9499,0.9235,0.43
-1.9473,-6.9994,-0.6251,0.9499,0.9235,0.43
-1.3557,-5.5431,-0.4671,0.9499,0.9235,0.43
-1.1976,-4.8557,-0.8095,0.9499,0.9235,0.43
-0.697,-5.1502,-1.7582,0.9499,0.9235,0.43
-0.5916,-5.524,-2.8266,0.9499,0.9235,0.43
-0.9391,-5.7323,-3.5452,0.9499,0.9235,0.43
-1.0612,-6.2856,-4.9108,0.9499,0.9235,0.43
-0.8143,-6.0989,-5.3492,0.9499,0.9235,0.43
-0.3306,-6.1132,-5.131,0.9499,0.9235,0.43
-0.3211,-6.3766,-5.3492,0.9499,0.9235,0.43
-0.7664,-6.6211,-6.1683,0.9499,0.9235,0.43
-0.9391,-7.5671,-7.7326,0.9499,0.9235,0.43
-0.4192,-8.5254,-8.353,0.9499,0.9235,0.43
-0.4551,-8.9327,-7.7685,0.9499,0.9235,0.43
-1.133,-8.1687,-6.5445,0.9499,0.9235,0.43
-3.5859,-8.6068,-5.3492,0.9499,0.9235,0.43
-6.4365,-15.518,-3.7418,0.9499,0.9235,0.43
-2.5393,-29.3397,-6.657,0.9499,0.9235,0.43
8.8465,-21.3844,-5.0664,0.9499,0.9235,0.43
-4.7453,1.0588,8.3554,0.9499,0.9235,0.43
-4.9515,5.7993,7.8619,0.9499,0.9235,0.43
-1.3221,-4.5729,-5.7969,0.9499,0.9235,0.43
7.1505,-16.833,5.6533,0.9499,0.9235,0.43
6.748,-20.9316,-1.9545,0.9499,0.9235,0.43
1.3054,-9.2607,-1.2216,0.9499,0.9235,0.43
-1.0061,-5.3899,0.0502,0.9499,0.9235,0.43
0.7209,-7.2726,0.1819,0.9499,0.9235,0.43
2.2182,-9.668,-0.0071,0.9499,0.9235,0.43
1.3245,-10.7867,-0.2202,0.9499,0.9235,0.43
0.7448,-10.2549,-0.1963,0.9499,0.9235,0.43
1.2647,-9.0596,-0.4551,0.9499,0.9235,0.43
2.5007,-8.6762,-0.582,0.9499,0.9235,0.43
3.9908,-9.2057,-0.8864,0.9499,0.9235,0.43
4.9682,-9.51,-1.2216,0.9499,0.9235,0.43
4.5465,-9.6273,-1.2192,0.9499,0.9235,0.43
3.5835,-9.4717,-1.1953,0.9499,0.9235,0.43
2.5608,-9.431,-1.2527,0.9499,0.9235,0.43
2.1248,-9.5411,-1.1474,0.9499,0.9235,0.43
2.3499,-9.5675,-1.605,0.9499,0.9235,0.43
2.6686,-9.1602,-1.7726,0.9499,0.9235,0.43
3.1453,-9.0141,-1.411,0.9499,0.9235,0.43
3.5739,-8.892,-1.4613,0.9499,0.9235,0.43
3.6337,-9.2706,-1.1282,0.9499,0.9235,0.43
3.883,-9.443,-0.8792,0.9499,0.9235,0.43
2.302,-10.0179,-0.5246,0.9499,0.9235,0.43
1.3437,-10.2597,-1.2384,0.9499,0.9235,0.43
2.0314,-10.0801,-2.0745,0.9499,0.9235,0.43
3.1597,-10.3917,-2.5513,0.9499,0.9235,0.43
2.7979,-12.4612,-2.8984,0.9499,0.9235,0.43
1.7917,-14.4041,-3.7992,0.9499,0.9235,0.43
2.5896,-14.0997,-4.6806,0.9499,0.9235,0.43
1.4637,-14.2098,-3.9908,0.9499,0.9235,0.43
1.0755,-13.5152,-4.0626,0.9499,0.9235,0.43
-0.5318,-10.8131,-2.9391,0.9499,0.9235,0.43
-2.0985,-8.8705,-2.6375,0.9499,0.9235,0.43
-1.7247,-9.7949,-1.1976,0.9499,0.9235,0.43
-0.3833,-9.6249,0.1987,0.9499,0.9235,0.43
1.5762,-8.2836,0.2466,0.9499,0.9235,0.43
2.3307,-8.2573,-0.6443,0.9499,0.9235,0.43
1.5906,-8.4344,-1.7295,0.9499,0.9235,0.43
0.5222,-8.722,-2.381,0.9499,0.9235,0.43
-0.0167,-9.3712,-1.9114,0.9499,0.9235,0.43
-0.7903,-9.6944,-1.0636,0.9499,0.9235,0.43
-0.963,-9.9413,-1.0708,0.9499,0.9235,0.43
-0.7041,-10.1352,-1.382,0.9499,0.9235,0.43
-0.2561,-9.8742,-1.4972,0.9499,0.9235,0.43
-0.7305,-8.995,-1.3964,0.9499,0.9235,0.43
-1.6983,-8.0367,-1.6026,0.9499,0.9235,0.43
-2.1272,-7.6057,-2.0458,0.9499,0.9235,0.43
-1.4733,-7.5216,-2.4169,0.9499,0.9235,0.43
-1.1905,-7.0955,-2.592,0.9499,0.9235,0.43
-1.1426,-7.0308,-2.5704,0.9499,0.9235,0.43
-1.212,-7.2391,-3.1358,0.9499,0.9235,0.43
-0.831,-8.2429,-4.5872,0.9499,0.9235,0.43
-0.9415,-8.5565,-5.0376,0.9499,0.9235,0.43
-1.5044,-7.5985,-4.9036,0.9499,0.9235,0.43
-1.3676,-7.1936,-5.2076,0.9499,0.9235,0.43
-0.6754,-7.4977,-5.8089,0.9499,0.9235,0.43
-0.2585,-8.2381,-6.3359,0.9499,0.9235,0.43
-0.9846,-8.3913,-6.8941,0.9499,0.9235,0.43
-2.0362,-7.6129,-6.7887,0.9499,0.9235,0.43
-2.2421,-6.6115,-6.0965,0.9499,0.9235,0.43
-1.5978,-5.6964,-5.5383,0.9499,0.9235,0.43
-1.1402,-4.961,-5.8855,0.9499,0.9235,0.43
-2.5585,-5.0041,-5.4282,0.9499,0.9235,0.43
-9.7447,-13.9896,-1.042,0.9499,0.9235,0.43
-4.7022,-31.7785,-12.4492,0.9499,0.9235,0.43
12.3558,-18.6487,-4.053,0.9499,0.9235,0.43
1.1474,4.0459,13.1797,0.9499,0.9235,0.43
-5.7969,1.502,-7.3038,0.9499,0.9235,0.43
4.0315,-8.4009,5.1214,0.9499,0.9235,0.43
5.222,-18.9722,-1.8611,0.9499,0.9235,0.43
3.8088,-15.5826,-2.4863,0.9499,0.9235,0.43
-0.3259,-7.3564,-0.5605,0.9499,0.9235,0.43
-2.7141,-4.6974,-1.4326,0.9499,0.9235,0.43
-0.4504,-7.4402,-0.1771,0.9499,0.9235,0.43
2.8984,-10.7963,-0.2947,0.9499,0.9235,0.43
3.5523,-10.4707,-0.8286,0.9499,0.9235,0.43
2.7404,-8.5996,-0.4168,0.9499,0.9235,0.43
2.5031,-7.9816,-0.3474,0.9499,0.9235,0.43
2.6806,-8.7555,-0.1987,0.9499,0.9235,0.43
2.7739,-9.5076,0.067,0.9499,0.9235,0.43
2.1942,-9.0716,0.3953,0.9499,0.9235,0.43
0.896,-8.4895,-0.0287,0.9499,0.9235,0.43
0.0239,-8.7555,0.0095,0.9499,0.9235,0.43
0.3187,-9.3568,0.2466,0.9499,0.9235,0.43
0.9941,-10.0059,0.1077,0.9499,0.9235,0.43
2.3427,-10.4468,-0.9032,0.9499,0.9235,0.43
2.6494,-10.9184,-1.1258,0.9499,0.9235,0.43
2.6542,-11.3377,-1.2312,0.9499,0.9235,0.43
1.3557,-11.915,-1.1689,0.9499,0.9235,0.43
1.7654,-11.8384,-0.6754,0.9499,0.9235,0.43
1.8013,-11.7426,-0.4384,0.9499,0.9235,0.43
1.2144,-11.5176,-1.5882,0.9499,0.9235,0.43
2.041,-11.3975,-2.7931,0.9499,0.9235,0.43
5.6078,-13.204,-2.7883,0.9499,0.9235,0.43
5.852,-14.5381,-3.2052,0.9499,0.9235,0.43
3.1262,-13.4745,-2.6446,0.9499,0.9235,0.43
3.7274,-12.2768,-0.7353,0.9499,0.9235,0.43
1.9859,-10.4946,0.0957,0.9499,0.9235,0.43
-0.9487,-11.6612,1.0181,0.9499,0.9235,0.43
-1.526,-13.429,1.7414,0.9499,0.9235,0.43
-1.0923,-12.7679,-0.0191,0.9499,0.9235,0.43
-1.4206,-11.575,-0.6371,0.9499,0.9235,0.43
-1.0277,-11.1605,-0.2082,0.9499,0.9235,0.43
0.5126,-10.4779,-0.527,0.9499,0.9235,0.43
0.4647,-9.7854,-0.4001,0.9499,0.9235,0.43
0.8358,-9.5028,-0.5294,0.9499,0.9235,0.43
0.6682,-9.3017,-1.2551,0.9499,0.9235,0.43
-0.3378,-9.1171,-1.3485,0.9499,0.9235,0.43
-0.6347,-8.6379,-0.515,0.9499,0.9235,0.43
-1.3485,-7.5767,-0.0119,0.9499,0.9235,0.43
-1.8803,-6.0941,-0.0526,0.9499,0.9235,0.43
-1.6241,-5.2459,-0.8672,0.9499,0.9235,0.43
-1.4398,-5.1095,-1.8707,0.9499,0.9235,0.43
-1.6074,-4.961,-2.7691,0.9499,0.9235,0.43
-1.6816,-4.8916,-4.0506,0.9499,0.9235,0.43
-1.1929,-5.5192,-5.2723,0.9499,0.9235,0.43
-1.2407,-6.3383,-5.8328,0.9499,0.9235,0.43
-1.6792,-6.5086,-6.367,0.9499,0.9235,0.43
-1.6624,-6.6187,-6.9276,0.9499,0.9235,0.43
-1.4613,-6.6067,-7.3708,0.9499,0.9235,0.43
-1.4733,-6.6044,-7.735,0.9499,0.9235,0.43
-1.1593,-6.7983,-7.4905,0.9499,0.9235,0.43
-0.9463,-6.4918,-7.5192,0.9499,0.9235,0.43
-2.4193,-9.0452,-10.049,0.9499,0.9235,0.43
-6.9635,-20.0239,-8.0558,0.9499,0.9235,0.43
0.1436,-26.815,-10.5066,0.9499,0.9235,0.43
2.4552,-2.2637,5.3612,0.9499,0.9235,0.43
-3.5978,2.0099,2.108,0.9499,0.9235,0.43
0.7137,-2.8912,-1.9668,0.9499,0.9235,0.43
4.2425,-8.0223,3.4087,0.7432,0.9682,0.446
5.9959,-12.6216,3.0564,1.0298,1.6085,0.2884
5.5886,-17.0125,-2.3953,1.507,2.4043,0.1446
5.5886,-17.0125,-2.3953,1.4367,1.8812,-0.0332
3.737,-16.7564,-3.1812,1.4367,1.8812,-0.0332
3.737,-16.7564,-3.1812,1.409,0.7264,-0.4657
0.1388,-8.5805,-1.133,1.409,0.7264,-0.4657
0.1388,-8.5805,-1.133,1.5922,1.5136,-0.4093
-2.1559,-5.7538,-2.0673,1.5922,1.5136,-0.4093
-2.3235,-6.0534,-1.5188,1.5389,1.8258,-0.2399
-1.2216,-7.1673,-0.9151,1.4772,1.9525,-0.0023
0.6419,-8.5398,-0.7113,1.4686,1.9397,0.2063
0.1939,-8.7244,-0.5557,1.5144,1.8673,0.2969
-0.9391,-8.1782,-0.7472,1.5144,1.8673,0.2969
-1.4876,-7.3876,-0.3594,1.5144,1.8673,0.2969
-1.4134,-6.1348,0.1029,1.5144,1.8673,0.2969
-1.3054,-5.3468,0.213,1.5144,1.8673,0.2969
-0.7855,-4.985,-0.2657,1.5144,1.8673,0.2969
-0.6443,-5.052,-1.0301,1.5144,1.8673,0.2969
-1.0085,-5.3516,-1.6313,1.5144,1.8673,0.2969
-1.121,-5.7897,-2.0937,1.5144,1.8673,0.2969
-1.0372,-6.5756,-3.0445,1.5144,1.8673,0.2969
-0.5174,-8.087,-5.234,1.5144,1.8673,0.2969
1.7821,-10.4037,-8.8178,1.5144,1.8673,0.2969
3.5284,-13.4482,-10.5282,1.5144,1.8673,0.2969
1.5643,-13.3141,-9.9006,1.5144,1.8673,0.2969
-1.1402,-9.8311,-9.2464,1.5144,1.8673,0.2969
-2.75,-6.6331,-6.1755,1.5144,1.8673,0.2969
-2.3307,-6.6522,-3.8735,1.5144,1.8673,0.2969
-4.8988,-12.8182,-0.9894,1.5144,1.8673,0.2969
-3.3441,-17.9972,-0.9798,1.5144,1.8673,0.2969
0.213,-25.3106,-10.0538,1.5144,1.8673,0.2969
4.1775,-10.1424,-4.7548,1.5144,1.8673,0.2969
-0.2801,5.4234,15.6425,1.5144,1.8673,0.2969
-0.2082,3.5547,-1.49,1.5144,1.8673,0.2969
4.6327,-10.9016,-3.0756,1.5144,1.8673,0.2969
8.6619,-20.6921,2.0745,1.5144,1.8673,0.2969
4.0866,-14.6195,-3.4302,1.5144,1.8673,0.2969
-3.4949,-6.0414,-1.3341,1.5144,1.8673,0.2969
-3.131,-4.9706,-0.5485,1.5144,1.8673,0.2969
1.6121,-9.0644,-0.0167,1.5144,1.8673,0.2969
3.4063,-12.375,-0.2899,1.5144,1.8673,0.2969
3.0493,-10.9594,-0.1364,1.5144,1.8673,0.2969
1.6576,-8.377,-0.1388,1.5144,1.8673,0.2969
1.4086,-8.0774,-0.3594,1.5144,1.8673,0.2969
2.0626,-9.2535,-0.3857,1.5144,1.8673,0.2969
2.2709,-9.4861,-0.2082,1.5144,1.8673,0.2969
1.8204,-8.7508,0.3498,1.5144,1.8673,0.2969
1.2503,-8.1325,0.5773,1.5144,1.8673,0.2969
0.6946,-8.2094,0.0981,1.5144,1.8673,0.2969
0.1604,-8.6906,-0.0167,1.5144,1.8673,0.2969
0.4456,-8.7867,-0.2442,1.5144,1.8673,0.2969
0.7712,-8.7939,-0.2923,1.5144,1.8673,0.2969
1.8276,-9.9149,-1.2407,1.5144,1.8673,0.2969
1.7295,-10.7293,-1.8587,1.5144,1.8673,0.2969
1.6361,-11.3018,-2.2206,1.5144,1.8673,0.2969
2.1966,-11.6852,-2.0386,1.5144,1.8673,0.2969
2.9511,-11.678,-1.9402,1.5144,1.8673,0.2969
2.0266,-11.3688,-2.393,1.5144,1.8673,0.2969
1.0636,-11.2922,-2.7859,1.5144,1.8673,0.2969
4.0842,-13.0624,-3.1142,1.5144,1.8673,0.2969
5.2483,-14.0925,-2.9703,1.5144,1.8673,0.2969
5.1047,-13.9561,-0.2947,1.5144,1.8673,0.2969
2.5872,-14.5238,1.382,1.5144,1.8673,0.2969
-4.9371,-13.3811,1.4158,1.5144,1.8673,0.2969
-4.9036,-13.9297,1.1713,1.5144,1.8673,0.2969
-2.2301,-15.2663,0.7137,1.5144,1.8673,0.2969
-0.4073,-13.8483,0.4168,1.5144,1.8673,0.2969
0.1388,-12.5043,-0.1364,1.5144,1.8673,0.2969
1.2479,-11.0288,-0.7808,1.5144,1.8673,0.2969
2.2565,-8.9064,-0.9463,1.5144,1.8673,0.2969
2.2613,-7.536,0.3522,1.5144,1.8673,0.2969
1.2575,-6.8557,0.8406,1.5144,1.8673,0.2969
-0.237,-6.7193,-0.0526,1.5144,1.8673,0.2969
-1.3341,-6.93,-0.3043,1.5144,1.8673,0.2969
-2.0362,-6.8964,0.1891,1.5144,1.8673,0.2969
-1.9859,-6.379,0.7089,1.5144,1.8673,0.2969
-1.6457,-6.0773,0.5892,1.5144,1.8673,0.2969
-1.4182,-5.9313,-0.6299,1.5144,1.8673,0.2969
-1.0324,-5.8951,-2.0841,1.5144,1.8673,0.2969
-1.2838,-6.039,-3.2579,1.5144,1.8673,0.2969
-1.4182,-6.2473,-3.5308,1.5144,1.8673,0.2969
-1.2336,-6.7959,-3.5164,1.5144,1.8673,0.2969
-1.1833,-7.5456,-4.2087,1.5144,1.8673,0.2969
-0.0071,-8.892,-5.9433,1.5144,1.8673,0.2969
2.2349,-11.1677,-9.2945,1.5144,1.8673,0.2969
3.9644,-13.7451,-9.4717,1.5144,1.8673,0.2969
2.12,-13.0026,-8.9519,1.5144,1.8673,0.2969
0.4384,-9.5818,-8.8561,1.5144,1.8673,0.2969
-1.1593,-5.0999,-5.0257,1.5144,1.8673,0.2969
-2.3499,-3.2842,-1.1282,1.5144,1.8673,0.2969
-3.919,-8.6212,0.2226,1.5144,1.8673,0.2969
-2.4049,-15.7119,0.1029,1.5144,1.8673,0.2969
0.8529,-20.5221,-2.4696,1.5144,1.8673,0.2969
0.2082,-18.6726,-9.9006,1.5144,1.8673,0.2969
-1.5499,-5.4689,1.3389,1.5144,1.8673,0.2969
0.4025,0.697,8.681,1.5144,1.8673,0.2969
2.4935,-5.5168,0.6323,1.5144,1.8673,0.2969
5.0831,-12.2672,-5.0137,1.5144,1.8673,0.2969
5.0472,-13.1366,0.4168,1.5144,1.8673,0.2969
1.1378,-9.8503,0.4432,1.5144,1.8673,0.2969
-2.0075,-7.4259,-0.0311,1.5144,1.8673,0.2969
-0.2585,-7.9744,0.0526,1.5144,1.8673,0.2969
2.8075,-10.2429,0.2274,1.5144,1.8673,0.2969
2.841,-10.9618,-0.6874,1.5144,1.8673,0.2969
1.9545,-10.2118,-0.4456,1.5144,1.8673,0.2969
1.6792,-9.4597,-0.6036,1.5144,1.8673,0.2969
1.9497,-9.6465,-0.424,1.5144,1.8673,0.2969
1.8204,-10.1256,0.0502,1.5144,1.8673,0.2969
1.3557,-9.4957,-0.1484,1.5144,1.8673,0.2969
1.1953,-8.6092,-0.1388,1.5144,1.8673,0.2969
0.9726,-8.4177,0.1244,1.5144,1.8673,0.2969
0.8023,-8.6619,0.3043,1.5144,1.8673,0.2969
0.9558,-8.5278,0.4097,1.5144,1.8673,0.2969
1.5164,-8.4679,0.2995,1.5144,1.8673,0.2969
1.3748,-8.7532,0.2971,1.5144,1.8673,0.2969
1.1785,-9.1817,0.2729,1.5144,1.8673,0.2969
1.9979,-9.6154,0.0742,1.5144,1.8673,0.2969
2.1511,-10.1065,-0.7137,1.5144,1.8673,0.2969
2.1296,-10.7604,-1.382,1.5144,1.8673,0.2969
2.2086,-11.4454,-1.9931,1.5144,1.8673,0.2969
2.4001,-11.5511,-2.0841,1.5144,1.8673,0.2969
3.1358,-12.4468,-1.9473,1.5144,1.8673,0.2969
3.593,-14.4903,-2.0266,1.5144,1.8673,0.2969
2.9607,-15.6042,-2.2804,1.5144,1.8673,0.2969
0.8984,-13.6158,-2.6734,1.5144,1.8673,0.2969
1.0995,-11.2611,-2.5441,1.5144,1.8673,0.2969
-0.3594,-9.4358,-1.411,1.5144,1.8673,0.2969
-1.3413,-10.2741,0.6922,1.5144,1.8673,0.2969
-1.8468,-12.9738,0.5701,1.5144,1.8673,0.2969
-1.435,-13.1295,-0.4911,1.5144,1.8673,0.2969
-1.3245,-12.4827,-0.4456,1.5144,1.8673,0.2969
-0.2274,-12.5091,-0.8143,1.5144,1.8673,0.2969
1.7917,-10.7676,-1.0755,1.5144,1.8673,0.2969
2.2397,-8.7053,-0.618,1.5144,1.8673,0.2969
1.1378,-8.2884,-0.3187,1.5144,1.8673,0.2969
0.3402,-9.0189,-1.0564,1.5144,1.8673,0.2969
-0.8553,-9.3735,-1.4493,1.5144,1.8673,0.2969
-1.6816,-8.4823,-1.0085,1.5144,1.8673,0.2969
-1.763,-6.2856,-0.4288,1.5144,1.8673,0.2969
-1.6241,-4.156,-0.0047,1.5144,1.8673,0.2969
-0.9654,-3.4829,-0.3642,1.5144,1.8673,0.2969
-0.6299,-4.1775,-1.3628,1.5144,1.8673,0.2969
-0.3187,-4.7141,-2.2517,1.5144,1.8673,0.2969
-0.3091,-4.8581,-3.1046,1.5144,1.8673,0.2969
-0.0167,-5.1238,-3.9333,1.5144,1.8673,0.2969
0.6251,-6.0342,-5.0712,1.5144,1.8673,0.2969
2.1727,-8.456,-7.469,1.5144,1.8673,0.2969
3.5907,-12.6072,-11.0959,1.5144,1.8673,0.2969
2.2158,-15.8244,-13.1103,1.5144,1.8673,0.2969
-0.582,-13.1582,-11.4047,1.5144,1.8673,0.2969
-2.8098,-7.5647,-7.7637,1.5144,1.8673,0.2969
-3.265,-5.1262,-3.3441,1.5144,1.8673,0.2969
-6.1779,-11.8839,0.9463,1.5144,1.8673,0.2969
-2.683,-17.1924,-1.042,1.5144,1.8673,0.2969
5.7371,-22.7377,-8.8609,1.5144,1.8673,0.2969
0.0718,-7.7661,4.1536,1.5144,1.8673,0.2969
-5.1598,3.8711,12.3175,1.5144,1.8673,0.2969
-2.3331,-0.9223,-6.0318,1.5144,1.8673,0.2969
6.5876,-14.9024,4.827,1.5144,1.8673,0.2969
8.6643,-21.3915,-0.908,1.5144,1.8673,0.2969
1.9859,-10.1328,-1.2192,1.5144,1.8673,0.2969
-3.1453,-5.4952,-0.4121,1.5144,1.8673,0.2969
-1.9497,-6.3096,-0.6012,1.5144,1.8673,0.2969
1.9668,-10.3315,-0.0215,1.5144,1.8673,0.2969
3.3488,-10.7005,-0.345,1.5144,1.8673,0.2969
2.7069,-9.0788,-0.594,1.5144,1.8673,0.2969
2.302,-8.1277,-0.4551,1.5144,1.8673,0.2969
2.5198,-8.6571,-0.2274,1.5144,1.8673,0.2969
2.3307,-9.0524,-0.2561,1.5144,1.8673,0.2969
1.7007,-8.6619,-0.0694,1.5144,1.8673,0.2969
1.0301,-9.0117,0.4216,1.5144,1.8673,0.2969
0.6251,-9.7087,0.0071,1.5144,1.8673,0.2969
0.3283,-9.7854,-0.2106,1.5144,1.8673,0.2969
0.0239,-9.5459,-0.6227,1.5144,1.8673,0.2969
0.5413,-9.8431,-0.7065,1.5144,1.8673,0.2969
1.4996,-10.8298,-0.9846,1.5144,1.8673,0.2969
1.9883,-11.127,-1.8587,1.5144,1.8673,0.2969
2.0913,-11.3209,-1.2168,1.5144,1.8673,0.2969
3.2818,-11.2946,-0.9989,1.5144,1.8673,0.2969
2.8075,-11.7881,-0.7281,1.5144,1.8673,0.2969
1.6169,-11.4766,-1.7558,1.5144,1.8673,0.2969
0.7448,-11.1318,-2.3953,1.5144,1.8673,0.2969
3.2124,-11.9533,-3.0732,1.5144,1.8673,0.2969
4.8126,-13.0169,-3.0325,1.5144,1.8673,0.2969
4.6351,-12.6817,-1.2838,1.5144,1.8673,0.2969
3.1956,-12.7727,0.1532,1.5144,1.8673,0.2969
-2.8529,-11.6875,1.3916,1.5144,1.8673,0.2969
-3.5523,-12.272,2.6662,1.5144,1.8673,0.2969
-1.6145,-13.4362,-0.5581,1.5144,1.8673,0.2969
0.582,-13.4649,-1.0684,1.5144,1.8673,0.2969
-0.3306,-13.0552,-0.9343,1.5144,1.8673,0.2969
-0.2971,-11.6995,-1.1881,1.5144,1.8673,0.2969
1.2527,-9.5842,-0.3618,1.5144,1.8673,0.2969
1.6289,-8.9758,0.5581,1.5144,1.8673,0.2969
0.9917,-9.1865,0.3737,1.5144,1.8673,0.2969
-0.7137,-8.904,-0.8505,1.5144,1.8673,0.2969
-1.974,-8.4584,-1.739,1.5144,1.8673,0.2969
-2.0913,-7.2678,-1.5547,1.5144,1.8673,0.2969
-1.9042,-5.3755,-0.606,1.5144,1.8673,0.2969
-1.593,-4.5729,-0.0957,1.5144,1.8673,0.2969
-1.0444,-4.2353,-0.5294,1.5144,1.8673,0.2969
-0.7496,-3.9118,-1.1929,1.5144,1.8673,0.2969
-1.0516,-4.0123,-2.6877,1.5144,1.8673,0.2969
-1.2743,-5.1885,-4.6016,1.5144,1.8673,0.2969
-0.8119,-6.1587,-5.67,1.5144,1.8673,0.2969
-0.1053,-7.3684,-6.5158,1.5144,1.8673,0.2969
0.3785,-8.6714,-7.9481,1.5144,1.8673,0.2969
0.3833,-9.8237,-9.0692,1.5144,1.8673,0.2969
-0.2489,-9.4861,-9.5747,1.5144,1.8673,0.2969
-0.9798,-7.6033,-8.2644,1.5144,1.8673,0.2969
-1.0205,-5.972,-6.4413,1.5144,1.8673,0.2969
-0.5677,-4.8557,-6.2617,1.5144,1.8673,0.2969
-2.9343,-8.0726,-6.3479,1.5144,1.8673,0.2969
-9.5244,-24.4651,-5.7682,1.5144,1.8673,0.2969
-1.1043,-33.7833,-8.1133,1.5144,1.8673,0.2969
7.5985,-4.4747,11.3281,1.5144,1.8673,0.2969
-1.9569,4.3095,3.9812,1.5144,1.8673,0.2969
0.4168,-1.4613,0.872,1.5144,1.8673,0.2969
4.6064,-11.1294,3.7083,1.5144,1.8673,0.2969
2.9032,-19.6932,-4.0961,1.5144,1.8673,0.2969
2.2158,-14.4424,-1.49,1.5144,1.8673,0.2969
-1.1139,-6.8174,-1.9593,1.5144,1.8673,0.2969
-1.5331,-5.433,-1.8659,1.5144,1.8673,0.2969
1.7558,-9.0788,-0.3067,1.5144,1.8673,0.2969
3.8902,-10.7436,-0.6515,1.5144,1.8673,0.2969
2.8194,-9.2009,-0.7879,1.5144,1.8673,0.2969
1.5762,-7.7494,-0.6299,1.5144,1.8673,0.2969
1.3748,-8.3889,-0.7209,1.5144,1.8673,0.2969
1.7797,-9.2392,-0.9774,1.5144,1.8673,0.2969
1.9402,-9.1243,-0.8382,1.5144,1.8673,0.2969
1.7678,-8.207,-0.1484,1.5144,1.8673,0.2969
1.2575,-8.063,0.7353,1.5144,1.8673,0.2969
1.1043,-8.4296,0.606,1.5144,1.8673,0.2969
1.7319,-8.6691,-0.146,1.5144,1.8673,0.2969
2.0434,-9.1865,-0.4815,1.5144,1.8673,0.2969
2.6015,-9.9724,-0.527,1.5144,1.8673,0.2969
2.0697,-11.4335,-1.0181,1.5144,1.8673,0.2969
1.0324,-12.3008,-1.4948,1.5144,1.8673,0.2969
1.1139,-11.9988,-1.2072,1.5144,1.8673,0.2969
2.4863,-11.836,-0.5246,1.5144,1.8673,0.2969
3.4494,-11.8791,-0.7808,1.5144,1.8673,0.2969
3.011,-11.2874,-1.751,1.5144,1.8673,0.2969
4.1895,-12.4923,-1.854,1.5144,1.8673,0.2969
4.0674,-14.0877,-2.7931,1.5144,1.8673,0.2969
3.265,-13.5128,-2.6255,1.5144,1.8673,0.2969
4.0052,-14.1883,-1.3461,1.5144,1.8673,0.2969
0.661,-11.6157,0.3283,1.5144,1.8673,0.2969
-4.6351,-10.7077,2.6806,1.5144,1.8673,0.2969
-3.8854,-12.2289,1.6888,1.5144,1.8673,0.2969
-0.7568,-13.1127,-0.987,1.5144,1.8673,0.2969
0.0957,-13.2255,0.0335,1.5144,1.8673,0.2969
-0.9175,-12.8326,-0.333,1.5144,1.8673,0.2969
0.6826,-11.1797,-0.4551,1.5144,1.8673,0.2969
2.2349,-9.68,0.146,1.5144,1.8673,0.2969
1.8875,-9.1961,0.9654,1.5144,1.8673,0.2969
0.6036,-9.1458,0.9534,1.5144,1.8673,0.2969
-1.1139,-8.4919,-0.0263,1.5144,1.8673,0.2969
-1.684,-7.4666,-0.3283,1.5144,1.8673,0.2969
-1.4469,-6.221,-0.0694,1.5144,1.8673,0.2969
-1.2671,-4.9443,0.4863,1.5144,1.8673,0.2969
-1.0324,-4.276,0.5246,1.5144,1.8673,0.2969
-0.6419,-4.132,-0.0407,1.5144,1.8673,0.2969
-0.8601,-4.4125,-1.1665,1.5144,1.8673,0.2969
-1.2934,-4.803,-2.6758,1.5144,1.8673,0.2969
-1.3485,-5.4976,-3.9166,1.5144,1.8673,0.2969
-1.0061,-6.499,-5.0065,1.5144,1.8673,0.2969
-1.0157,-8.3626,-6.8629,1.5144,1.8673,0.2969
-0.0814,-11.1102,-8.8513,1.5144,1.8673,0.2969
1.0277,-13.6924,-9.5795,1.5144,1.8673,0.2969
0.0957,-12.2074,-8.3291,1.5144,1.8673,0.2969
-1.4613,-8.8633,-8.3003,1.5144,1.8673,0.2969
-1.1929,-6.1683,-7.8308,1.5144,1.8673,0.2969
-2.5031,-8.7268,-4.0722,1.5144,1.8673,0.2969
-5.325,-16.2222,1.6672,1.5144,1.8673,0.2969
1.2407,-23.5763,-6.9611,1.5144,1.8673,0.2969
3.9214,-17.5659,-6.9635,1.5144,1.8673,0.2969
-1.9788,1.7965,13.1654,1.5144,1.8673,0.2969
-3.1932,1.6528,-1.569,1.5144,1.8673,0.2969
2.4552,-8.2836,1.2312,1.5144,1.8673,0.2969
7.8763,-17.7482,3.459,1.5144,1.8673,0.2969
5.3297,-16.4688,-2.9128,1.5144,1.8673,0.2969
-0.2923,-8.2836,-0.7329,1.5144,1.8673,0.2969
-2.4648,-5.6269,-0.2154,1.5144,1.8673,0.2969
0.1101,-7.8595,0.1029,1.5144,1.8673,0.2969
2.3906,-10.6024,0.4168,1.5144,1.8673,0.2969
2.2589,-10.1304,-0.0574,1.5144,1.8673,0.2969
1.8492,-8.4512,-0.158,1.5144,1.8673,0.2969
2.1104,-8.1133,0.5509,1.5144,1.8673,0.2969
2.7548,-8.8082,0.6467,1.5144,1.8673,0.2969
2.4911,-8.6547,0.2298,1.5144,1.8673,0.2969
1.9186,-8.4991,0.3714,1.5144,1.8673,0.2969
1.5355,-8.5709,-0.0885,1.5144,1.8673,0.2969
1.0372,-8.8417,-0.7664,1.5144,1.8673,0.2969
0.4599,-9.05,-0.5964,1.5144,1.8673,0.2969
-0.1484,-9.0333,0.1508,1.5144,1.8673,0.2969
0.5701,-9.4765,-0.3283,1.5144,1.8673,0.2969
1.7055,-10.9546,-1.3317,1.5144,1.8673,0.2969
2.9535,-11.2515,-1.5068,1.5144,1.8673,0.2969
2.3092,-11.6636,-0.9056,1.5144,1.8673,0.2969
2.2637,-11.3952,-1.0708,1.5144,1.8673,0.2969
2.3379,-11.5271,-1.0061,1.5144,1.8673,0.2969
0.134,-11.6516,-1.9955,1.5144,1.8673,0.2969
0.448,-11.2036,-2.9798,1.5144,1.8673,0.2969
3.7585,-12.8206,-2.7045,1.5144,1.8673,0.2969
4.8748,-13.2231,-2.3546,1.5144,1.8673,0.2969
6.0965,-13.6182,0.0359,1.5144,1.8673,0.2969
2.8865,-13.8196,0.7496,1.5144,1.8673,0.2969
-4.1512,-13.2662,1.5858,1.5144,1.8673,0.2969
-3.804,-14.5262,1.4757,1.5144,1.8673,0.2969
-0.8433,-14.4328,0.2729,1.5144,1.8673,0.2969
0.7353,-13.259,0.4288,1.5144,1.8673,0.2969
0.685,-12.6072,-0.369,1.5144,1.8673,0.2969
0.5725,-11.4406,-0.7784,1.5144,1.8673,0.2969
0.7832,-9.5579,0.1867,1.5144,1.8673,0.2969
0.9295,-8.7843,0.9822,1.5144,1.8673,0.2969
0.9103,-8.3506,0.9175,1.5144,1.8673,0.2969
-0.2442,-8.5924,0.225,1.5144,1.8673,0.2969
-1.7821,-8.353,-0.0023,1.5144,1.8673,0.2969
-2.0578,-6.8845,-0.1699,1.5144,1.8673,0.2969
-2.0626,-4.8461,-0.079,1.5144,1.8673,0.2969
-1.1378,-3.7777,-0.1173,1.5144,1.8673,0.2969
-0.8262,-3.9118,-0.4647,1.5144,1.8673,0.2969
-0.7975,-4.0746,-1.0348,1.5144,1.8673,0.2969
-0.8601,-4.4412,-2.6279,1.5144,1.8673,0.2969
-0.9439,-5.0113,-4.791,1.5144,1.8673,0.2969
-0.9941,-5.4545,-5.8376,1.5144,1.8673,0.2969
-0.618,-6.4532,-6.9755,1.5144,1.8673,0.2969
0.3905,-8.5206,-7.8188,1.5144,1.8673,0.2969
1.2743,-11.036,-8.916,1.5144,1.8673,0.2969
0.9151,-11.8599,-8.4871,1.5144,1.8673,0.2969
-1.1785,-10.1759,-8.4129,1.5144,1.8673,0.2969
-4.4268,-9.6058,-8.4009,1.5144,1.8673,0.2969
-8.6882,-16.2341,-4.7309,1.5144,1.8673,0.2969
-3.3871,-24.0722,-5.6245,1.5144,1.8673,0.2969
2.2565,-20.6323,-9.7399,1.5144,1.8673,0.2969
4.3933,0.7496,15.1298,1.5144,1.8673,0.2969
-1.2384,3.6771,-0.1268,1.5144,1.8673,0.2969
4.1775,-4.4532,1.7797,1.5144,1.8673,0.2969
6.0534,-15.5036,4.6255,1.5144,1.8673,0.2969
5.21,-21.1018,-3.7562,1.5144,1.8673,0.2969
0.4192,-10.6215,-0.7592,1.5144,1.8673,0.2969
-4.2233,-5.4641,-0.6299,1.5144,1.8673,0.2969
-3.6002,-5.3827,-0.5964,1.5144,1.8673,0.2969
1.0181,-9.9173,0.4958,1.5144,1.8673,0.2969
3.816,-11.0097,0.3737,1.5144,1.8673,0.2969
2.8122,-9.1602,0.1053,1.5144,1.8673,0.2969
1.4733,-7.5528,-0.1244,1.5144,1.8673,0.2969
2.0649,-8.6643,0.3235,1.5144,1.8673,0.2969
2.58,-9.9939,0.1388,1.5144,1.8673,0.2969
