andar
0.6967,1.8579,8.6002,-0.164,0.3126,-0.2619
0.6368,1.8962,8.4231,-0.015,0.3969,-0.257
0.5291,1.968,8.1142,0.0888,0.4049,-0.254
0.4118,2.0614,7.8173,0.0875,0.3261,-0.2522
0.3495,2.1475,7.5444,-0.0083,0.2296,-0.2063
0.2896,2.2505,7.3744,-0.1469,0.1312,-0.141
0.2274,2.3104,7.3672,-0.3009,0.0494,-0.0891
0.1556,2.3008,7.5013,-0.4114,0.0384,-0.0622
0.0766,2.3774,7.6952,-0.4542,0.1031,-0.0096
0.0311,2.4564,7.8652,-0.4285,0.3151,0.0868
0.0215,2.5139,8.028,-0.3852,0.444,0.121
0.0191,2.5594,8.2076,-0.3546,0.5154,0.1344
-0.0143,2.6072,8.4326,-0.3302,0.5668,0.1417
-0.0718,2.6527,8.6553,-0.2819,0.6095,0.146
-0.1723,2.7054,8.854,-0.194,0.6144,0.146
-0.2896,2.7629,8.9857,-0.0266,0.5631,0.1448
-0.4046,2.8395,9.036,0.0747,0.5277,0.1527
-0.5123,2.9305,9.0384,0.1505,0.5209,0.1686
-0.6129,3.0286,8.9977,0.1883,0.5423,0.1876
-0.6129,3.0286,8.9977,0.1138,0.7237,0.2383
-0.8355,3.122,9.036,0.1138,0.7237,0.2383
-0.9648,3.0837,9.1413,0.0527,0.8734,0.2731
-1.1683,3.0262,9.2514,0.0191,1.0396,0.3287
-1.4772,2.9568,9.2969,0.0228,1.1575,0.3934
-1.8914,2.8921,9.2251,0.0619,1.2686,0.493
-2.2697,2.8802,9.0934,0.0985,1.4385,0.6677
-2.5258,2.9352,8.9115,0.0936,1.5997,1.0342
-2.624,3.0142,8.7104,0.0655,1.5649,1.2584
-2.6384,3.0358,8.4614,0.0362,1.4623,1.4014
-2.6312,3.043,8.1908,0.01,1.3169,1.4685
-2.5163,3.0406,7.8221,-0.0339,1.1782,1.5272
-2.2984,3.0166,7.3289,-0.1433,1.0335,1.5968
-2.0015,2.9807,6.7711,-0.5342,0.9296,1.6365
-1.7022,2.9161,6.3138,-0.9863,0.9033,1.6207
-1.4341,2.7365,6.1821,-1.5458,0.8368,1.573
-1.2689,2.1499,9.4837,-2.1487,0.7592,1.4924
-0.3088,2.0446,9.8021,-2.5715,0.3737,1.4093
0.7733,1.8698,11.5475,-1.9081,-0.6646,1.1057
1.8698,1.9943,12.5291,-1.4084,0.1666,0.7489
1.889,2.6024,11.6768,-0.3614,0.4873,0.2163
1.0414,3.1268,10.9657,0.3087,0.8148,-0.2992
0.3064,3.2728,10.5204,0.2775,0.7409,-0.3261
-0.1891,3.031,10.269,0.0796,0.3578,-0.0268
-0.5698,2.7916,10.1349,0.1004,0.2949,0.5632
-0.8451,2.6431,10.1205,0.2018,0.3224,0.9017
-1.2425,2.5474,9.8691,0.2531,0.0915,1.2297
-1.5131,2.387,9.5795,0.2641,-0.1564,1.4924
-1.6208,2.1715,9.0839,0.3227,0.1862,1.8357
-1.6424,1.6855,8.7175,0.5591,0.7549,2.1668
-1.6112,1.1875,8.672,0.666,1.199,2.1179
-1.4987,0.7972,9.0431,0.7528,1.5594,1.8491
-1.4604,0.4812,9.3496,0.6398,1.3022,1.5602
-1.2473,0.3591,9.455,0.6361,1.188,1.2529
-1.2785,0.2705,8.9857,0.9244,1.5924,0.8962
-1.3455,0.2896,8.7367,1.2274,1.1691,0.3659
-1.3192,0.4309,8.629,1.1773,0.9418,0.1503
-1.3479,0.6919,8.8612,1.1223,1.0921,0.0465
-1.5394,0.9169,9.1796,1.0588,1.3768,0.0361
-1.8171,0.9552,9.3017,0.9098,1.1966,0.1821
-1.8195,0.9361,9.2107,0.5536,0.6132,0.5461
-1.7046,0.9576,8.6577,-0.2826,0.254,1.0342
-1.7046,0.9576,8.6577,-1.0272,1.2534,0.6976
-1.9895,0.7613,7.9849,-1.0272,1.2534,0.6976
-2.1332,0.6967,8.0136,-1.3027,1.4684,0.5303
-2.2146,0.7852,8.1525,-1.4572,1.5619,0.4606
-2.2649,0.9145,8.3728,-1.4798,1.6046,0.292
-2.3726,0.9696,8.6744,-1.3601,1.557,0.0703
-2.636,0.9983,8.7511,-1.1353,1.2955,-0.1795
-2.8586,1.1731,8.605,-0.8696,0.7696,-0.4024
-3.0789,1.3862,8.4638,-0.6869,0.3261,-0.5716
-3.3016,1.5682,8.2938,-0.6026,0.0732,-0.703
-3.3949,1.6017,8.1094,-0.5697,-0.1234,-0.7683
-3.4596,1.4365,7.961,-0.6179,-0.1943,-0.7989
-3.3566,1.233,7.8963,-0.7095,-0.2267,-0.8471
-3.3063,1.0606,7.7479,-0.7865,-0.2957,-0.7977
-3.3063,1.0606,7.7479,-0.3442,-0.7099,-0.2796
-2.8706,0.2801,7.3504,-0.3442,-0.7099,-0.2796
-2.6216,-0.1197,7.1829,-0.4896,-0.3165,-0.4892
-2.3151,-0.462,7.135,-0.7517,-0.0825,-0.7763
-2.035,-0.5961,7.1493,-0.9356,0.2186,-1.0151
-2.0494,-0.4836,6.9889,-1.0773,0.4647,-1.2399
-2.217,-0.3303,6.5484,-1.1598,0.5423,-1.4269
-2.5977,-0.4453,6.0528,-1.2831,0.3975,-1.4861
-2.715,-0.8403,5.7463,-1.5104,0.3639,-1.3047
-2.5905,-1.4724,5.6386,-1.7755,0.4599,-1.0616
-2.2122,-2.1739,6.3377,-2.0107,0.5032,-0.9748
-1.6496,-2.8107,6.1126,-2.1787,0.3169,-0.9913
-1.6496,-2.8107,6.1126,-2.2159,-0.259,-1.444
-0.5123,-3.6391,5.7008,-2.2159,-0.259,-1.444
-0.1125,-4.0198,5.7846,-2.4774,0.1398,-1.7592
-0.0263,-4.458,6.0097,-2.6716,0.4831,-2.213
-0.3399,-4.9347,6.2611,-2.7926,0.7598,-2.75
-1.0941,-5.5261,6.4598,-2.8543,1.0353,-3.2533
-1.9536,-6.1222,6.534,-2.8598,1.4696,-3.7549
-1.9536,-6.1222,6.534,-2.8671,1.67,-4.0169
-3.7756,-7.2619,6.3449,-2.8671,1.67,-4.0169
-4.6878,-7.7575,6.4335,-2.9844,1.7079,-4.0805
-5.4854,-8.1956,6.6609,-3.1609,1.8166,-4.0921
-6.2491,-8.5715,6.977,-3.3021,1.8813,-4.0884
-7.1015,-8.9282,7.2619,-3.3754,1.706,-4.0597
-8.2411,-9.2802,7.4702,-3.354,1.3725,-3.9467
-9.34,-9.5411,7.4941,-3.3399,0.995,-3.7316
-10.3528,-9.7351,7.4558,-3.3595,0.7525,-3.4354
-11.2147,-10.0104,7.6641,-3.4505,0.7543,-3.1018
-11.9641,-10.3432,8.0974,-3.671,0.8313,-2.7152
-12.6249,-10.5491,8.5045,-3.6729,0.9198,-2.5881
-13.1851,-10.6185,8.8061,-3.481,1.1422,-2.5374
-13.5873,-10.6042,8.9881,-3.1781,1.5716,-2.4873
-13.992,-10.3169,9.1246,-2.8555,2.2253,-2.4183
-14.4684,-9.8668,9.2083,-2.5562,2.7946,-2.3603
-15.1223,-9.2491,9.273,-2.1194,3.0823,-2.1721
-15.7903,-8.6002,9.4478,-1.8781,3.1275,-1.8716
-16.092,-8.0855,9.7327,-1.6558,3.1648,-1.436
-16.0297,-7.7239,10.0104,-1.4023,3.2045,-0.9278
-15.6299,-7.5492,10.1469,-1.0889,3.2753,-0.4244
-15.1582,-7.4821,10.0942,-0.58,3.279,0.2022
-14.768,-7.4821,9.838,-0.3168,3.0689,0.5376
-14.3966,-7.4678,9.6082,-0.1775,2.7182,0.8754
-13.7789,-7.4606,9.4597,-0.1934,2.2894,1.2657
-12.8906,-7.4247,9.4334,-0.31,1.8068,1.7056
-11.7199,-7.2858,9.4669,-0.4249,1.411,2.0904
-10.5635,-7.123,9.4957,-0.4481,1.0536,2.4026
-9.5292,-6.9482,9.4573,-0.3559,0.893,2.4307
-8.7056,-6.8165,9.3185,-0.1934,0.7769,2.3574
-8.0448,-6.7926,8.9689,0.0032,0.7103,2.2547
-7.4941,-6.8453,8.5284,0.1938,0.6614,2.1753
-6.9291,-6.9817,7.9634,0.3539,0.5723,2.1179
-6.2683,-7.1038,7.2212,0.4962,0.2888,2.058
-5.5404,-7.056,6.3928,0.4858,0.0689,1.9841
-4.9395,-6.9267,5.6458,0.36,-0.1436,1.8607
-4.5346,-6.7758,4.9227,0.1773,-0.3714,1.6878
-4.3885,-6.6944,4.2664,-0.0003,-0.6341,1.526
-4.4364,-6.6202,3.6966,-0.2343,-1.0629,1.4368
-4.4843,-6.5604,3.2034,-0.3595,-1.3506,1.4551
-4.4939,-6.5149,2.7605,-0.4664,-1.6139,1.5009
-4.422,-6.479,2.3894,-0.5819,-1.7294,1.5357
-4.434,-6.2659,2.284,-0.7181,-1.6793,1.5406
-4.3885,-5.9762,2.3654,-0.8928,-1.6139,1.5174
-4.1754,-5.6721,2.5905,-1.084,-1.7147,1.5284
-3.7972,-5.4854,2.8491,-1.131,-1.8937,1.5309
-3.7972,-5.4854,2.8491,-1.0339,-2.1032,1.4007
-3.9695,-5.2986,2.9879,-1.0339,-2.1032,1.4007
-3.7253,-5.6075,2.3319,-0.9227,-2.1191,1.4056
-3.7253,-5.6075,2.3319,-1.4322,-2.5198,1.0483
-4.5202,-5.8253,2.1643,-1.4322,-2.5198,1.0483
-5.7368,-5.4878,3.0765,-1.8806,-2.4795,0.8021
-6.1845,-5.4303,3.596,-1.7382,-1.9175,1.1008
-6.4143,-5.4207,4.0509,-1.2294,-1.7447,1.4557
-6.2922,-5.4878,4.2616,-0.8678,-1.6622,1.4032
-6.0863,-5.5835,4.4891,-0.4872,-0.9927,1.1619
-5.9163,-5.6937,4.5394,-0.3235,-0.2309,0.8986
-5.9163,-5.6937,4.5394,-0.0449,0.7592,0.2102
-5.5021,-5.6458,4.0988,-0.0449,0.7592,0.2102
-5.6865,-5.4471,3.6727,-0.0498,0.8667,-0.1624
-6.3449,-5.1598,3.0933,-0.1549,0.8288,-0.4568
-7.1158,-4.9227,2.4588,-0.4518,0.8129,-0.5497
-7.7503,-4.8314,1.7214,-0.6662,0.7573,-0.3475
-8.186,-4.9179,0.9193,-0.8152,0.4458,-0.0457
-8.4446,-5.1861,-0.0215,-0.9331,-0.1601,0.267
-8.6218,-5.5332,-0.9648,-1.1029,-0.8015,0.5425
-8.854,-5.7056,-1.5825,-1.6729,-1.4698,0.9548
-9.0599,-5.7439,-1.6998,-2.2416,-1.7025,1.193
-9.0455,-5.6075,-0.8164,-2.8195,-1.9188,1.3971
-8.9234,-5.4016,0.4955,-3.1719,-1.9383,1.5535
-8.7104,-5.1813,2.4133,-3.23,-1.8632,1.6121
-8.4805,-4.9946,3.9552,-3.0394,-1.7404,1.6011
-8.2866,-4.9946,4.8267,-2.161,-1.2053,1.4881
-8.1477,-5.3585,4.4292,-1.5544,-0.6842,1.3934
-7.7072,-5.8636,3.4715,-1.2526,-0.267,1.3403
-7.2547,-6.4047,2.6001,-1.4377,-0.1167,1.259
-6.8309,-7.0153,1.968,-1.8482,-0.1417,1.0568
-6.5771,-7.6545,1.8291,-2.4389,-0.435,0.7221
-6.2707,-8.1884,2.0638,-2.5666,-0.6072,0.5235
-5.7894,-8.5739,2.6839,-2.4035,-0.818,0.3403
-5.0784,-8.7654,3.7158,-2.0461,-0.9359,0.0764
-4.7788,-8.4805,3.4069,-1.4114,-1.0061,-0.3536
-5.1598,-7.8724,1.7142,-0.5379,-0.8027,-0.9064
-5.8014,-7.767,0.2035,-0.2465,0.4006,-1.254
-6.5556,-8.4039,-0.4908,-0.8152,1.0658,-1.0866
-7.4271,-9.0336,-0.5865,-1.4689,1.1727,-0.805
-8.2698,-9.0288,-0.4644,-1.7792,0.9394,-0.4843
-8.6122,-8.8492,-0.1987,-1.7993,0.5484,-0.0335
-8.6505,-8.708,0.3327,-1.7596,0.0524,0.5217
-8.3847,-8.6697,0.7852,-1.77,-0.2908,1.0464
-8.1693,-8.7367,0.96,-1.6869,-0.1136,1.0464
-8.2052,-8.7846,0.9504,-1.5574,0.2008,0.796
-8.5835,-8.7511,0.7781,-1.4328,0.5106,0.4576
-9.4933,-8.617,0.4525,-1.3051,0.7757,0.2077
-10.7191,-8.2124,0.1077,-1.1714,1.1239,0.2645
-12.5147,-7.3026,1.4724,-1.1231,1.3059,0.7099
-13.2186,-7.032,2.466,-0.9337,1.3132,1.4411
-12.9002,-7.1613,2.873,-0.0431,1.0133,2.6658
-11.0495,-7.2714,3.134,0.6966,1.0695,3.5253
-8.2195,-7.0655,3.4428,1.1468,1.4018,3.7849
-3.9073,-6.2922,2.5163,1.5707,1.5838,3.1802
-0.7398,-5.8038,0.1819,1.7442,1.3731,1.978
0.6153,-5.7128,-2.1619,1.3905,0.5796,0.2945
0.9552,-5.4303,-3.3782,0.3856,-0.5437,-0.951
0.6368,-4.762,-3.3494,-0.6906,-0.9267,-1.5093
-0.1053,-3.9791,-2.4779,-1.5324,-0.898,-1.5344
-1.1827,-3.2082,-1.2449,-1.5715,-0.8058,-1.5472
-2.1021,-2.6575,-0.3878,-1.3302,-0.6207,-1.5955
-2.9424,-2.545,0.0861,-0.946,-0.4032,-1.5955
-3.6631,-2.7533,0.4333,-0.6008,-0.1112,-1.546
-4.1036,-3.1579,0.6392,-0.489,-0.0129,-1.4128
-4.4101,-3.5817,0.7469,-0.5764,-0.2132,-1.2418
-4.422,-3.9025,0.8978,-0.6387,-0.2151,-1.2662
-4.6184,-4.2329,1.0295,-0.6894,-0.1411,-1.4067
-5.1981,-4.5896,0.9433,-0.6973,-0.2096,-1.6064
-5.5931,-4.9012,0.8116,-0.5874,-0.2462,-1.7158
-5.5428,-5.1023,0.7805,-0.4072,0.1758,-1.5557
-5.1813,-5.1693,0.6416,-0.3363,0.6333,-1.4085
-4.0869,-4.9658,-0.3184,-0.2575,0.761,-1.3945
-3.0717,-5.0281,-2.885,-0.2331,0.8478,-1.6327
-3.8402,-5.5452,-3.9049,-0.5159,0.874,-2.3511
-3.8402,-5.5452,-3.9049,-3.1842,0.9858,-3.0829
-6.1893,-7.1733,-2.3199,-3.1842,0.9858,-3.0829
-7.4582,-8.131,-1.0582,-3.3662,1.0206,-2.5594
-9.0408,-9.1916,0.6679,-3.0724,1.0365,-2.0475
-10.4509,-9.9386,3.1172,-2.3644,1.0658,-1.4281
-11.1285,-9.7542,3.5482,-1.1433,1.367,-0.7488
-11.6217,-9.5435,3.6798,0.5371,1.6865,-0.2302
-11.7678,-9.2562,3.3303,2.2359,1.6413,0.0251
-11.6816,-9.1006,3.1723,2.509,2.02,0.0269
-11.4948,-9.0001,3.5841,2.4204,2.6962,-0.0188
-11.3464,-8.9187,3.9145,2.2182,3.5319,-0.0359
-11.3703,-8.9689,3.9432,2.0283,3.9076,-0.0781
-11.4852,-9.4095,3.4237,1.9287,3.0817,-0.0677
-11.5379,-10.0487,2.9185,1.8884,1.976,0.0391
-11.5571,-10.5395,2.5522,1.7301,0.9809,0.1827
-11.4374,-10.7143,2.4732,1.5897,0.1208,0.3036
-11.2291,-10.6928,2.296,1.622,-0.5009,0.3024
-10.6712,-10.6784,1.9704,1.7436,-0.9915,0.2706
-9.8931,-10.7358,1.6208,1.8138,-1.6219,0.2315
-8.9713,-10.8173,1.0773,1.7411,-2.1118,0.1613
-7.9873,-10.767,0.4381,1.6092,-2.4068,-0.0035
-7.9873,-10.767,0.4381,1.0496,-2.7483,-0.4727
-6.8118,-10.7957,-0.4118,1.0496,-2.7483,-0.4727
-7.0823,-10.9944,-0.5841,0.4345,-3.0324,-0.8832
-7.6162,-11.1596,-0.0814,0.1688,-2.8467,-1.0903
-7.9418,-11.2578,1.2521,0.1902,-2.2413,-1.2613
-8.0855,-11.2769,2.3271,0.5683,-1.5199,-1.3933
-7.9203,-11.2243,3.1914,1.1999,-0.8375,-1.4831
-7.5516,-11.3009,3.7062,1.8878,-0.1448,-1.48
-6.7351,-12.158,2.9352,2.8376,0.5142,-1.2418
-6.0456,-12.8858,2.229,3.1932,0.5216,-0.9876
-5.21,-13.7621,1.0271,3.0808,0.1899,-0.725
-4.3263,-14.5618,-0.2202,2.5695,-0.1784,-0.5008
-3.7828,-14.5402,-0.2849,1.7815,-0.5327,-0.334
-3.3494,-14.5235,-0.3351,0.9482,-0.8552,-0.2112
-3.043,-13.8268,0.0119,0.2176,-1.0745,0.0416
-2.6934,-12.5794,0.4237,0.2787,-0.9579,0.3305
-2.2768,-11.1093,0.5554,0.6898,-0.8149,0.7496
-1.9871,-9.7518,0.5793,1.2696,-0.7227,1.1356
-1.8483,-8.5547,0.4141,1.6825,-0.7685,1.3561
-1.8363,-7.5276,0.1268,1.776,-1.3482,1.438
-1.7549,-6.4,-0.1556,1.531,-2.1069,1.3549
-1.6543,-5.4327,-0.3758,1.0936,-2.6713,1.1735
-1.4484,-4.5992,-0.5746,0.5909,-2.6976,0.9591
-1.2785,-4.0246,-0.8595,0.1474,-2.3164,0.7367
-0.6464,-3.632,-1.2904,-0.1738,-1.7373,0.5351
-0.1005,-3.3327,-1.6496,-0.5581,-1.0617,0.2621
0.4094,-3.0789,-1.8626,-0.8232,-0.9401,0.0055
0.8643,-2.7724,-1.8722,-1.0816,-0.9316,-0.2118
0.7709,-2.4636,-1.3431,-1.3131,-1.0403,-0.4293
0.6512,-2.2361,-0.8164,-1.5196,-1.2492,-0.6902
0.3902,-2.1188,-0.0047,-1.8965,-1.7392,-1.0958
0.0885,-2.0685,1.0414,-2.0938,-1.9725,-1.2937
-1.2234,-2.2505,3.845,-2.1365,-1.7874,-1.4055
-2.272,-2.3942,6.0887,-2.0828,-1.5058,-1.4598
-4.0557,-3.4859,9.1533,-1.7993,-1.3794,-1.3456
-5.6147,-5.6027,12.1939,-1.0284,-1.383,-0.9931
-7.0416,-7.9801,13.6017,0.5842,-1.4527,-0.4831
-8.2028,-9.9506,13.2809,1.5835,-1.5376,-0.2638
-8.6816,-11.3296,11.2722,1.9873,-1.0513,0.1088
-7.9729,-12.2322,8.8444,1.6232,0.2235,0.6915
-5.8756,-11.7414,7.4797,0.7674,1.4214,1.267
-3.8929,-11.1189,6.5843,-0.3027,2.1923,1.463
-2.0757,-10.6592,6.0456,-1.4524,0.6688,1.0697
-0.7757,-10.8173,5.9881,-1.6735,-0.8693,0.6066
-1.2569,-11.3081,4.3454,-1.3265,-1.5315,0.0691
-1.8962,-11.7151,2.8562,-0.5727,-1.5296,-0.4556
-3.0382,-11.9545,1.6208,0.0014,-1.3549,-0.7115
-3.4237,-11.8252,0.9744,0.0735,-0.1851,-0.2021
-2.9664,-12.1724,0.6488,0.3459,1.3536,-0.064
-2.4779,-12.3855,0.1244,0.7057,2.0499,-0.615
-1.5538,-11.9593,-1.0702,0.925,1.6077,-1.1477
-0.4836,-11.0519,-1.6687,0.4767,1.4721,-1.4018
0.5506,-10.178,-1.1611,-0.1689,1.8936,-1.6211
1.3527,-9.5052,-0.8092,-0.701,2.0805,-1.907
1.6543,-9.3807,-1.2401,-0.8116,1.728,-1.9528
1.4293,-9.5483,-1.9321,-0.9918,1.7017,-1.9479
0.6272,-9.7806,-2.4396,-1.2221,2.2356,-2.0041
-0.3208,-10.0224,-2.7796,-1.354,2.6804,-2.0316
-1.288,-10.3049,-2.8251,-1.4261,2.4085,-1.8184
-2.1859,-10.609,-2.4803,-1.5629,1.8221,-1.5783
-2.8443,-10.8149,-1.9081,-1.7602,1.2705,-1.367
-3.3159,-10.9489,-1.4891,-1.9301,0.9595,-1.2094
-3.5506,-10.9561,-1.2545,-2.0223,1.0286,-1.1025
-3.5362,-10.8053,-1.1707,-2.0638,1.422,-1.0054
-3.3135,-10.3432,-1.3192,-2.0962,2.1465,-0.8746
-3.1268,-9.9482,-1.4724,-2.1158,2.4763,-0.8783
-2.9568,-9.5028,-1.8483,-2.1799,2.6419,-0.943
-2.6934,-9.0623,-2.0015,-2.3173,2.6846,-0.9333
-2.6934,-9.0623,-2.0015,-2.8604,2.7842,-0.5747
-2.0709,-8.9019,-1.537,-2.5953,2.2161,-0.4898
-1.1252,-8.9881,-0.9528,-2.5953,2.2161,-0.4898
-0.8762,-9.2969,-0.9074,-2.2483,1.8606,-0.6541
-0.711,-9.4837,-1.0558,-1.9673,1.6724,-0.8368
-0.5937,-9.6273,-1.1827,-1.7773,1.6193,-0.9962
-0.6344,-9.6848,-1.446,-1.588,1.6743,-1.1996
-0.8762,-9.7207,-1.7932,-1.3314,2.0402,-1.5179
-1.2162,-9.7399,-2.059,-1.2752,2.3328,-1.615
-1.5682,-9.7159,-2.1763,-1.2691,2.5857,-1.5826
-1.7956,-9.5938,-1.9632,-1.2483,2.6193,-1.4873
-1.8794,-9.3879,-1.8315,-1.1573,2.4708,-1.3511
-2.0757,-9.6465,-1.9656,-0.85,2.133,-1.2387
-2.1835,-9.9146,-2.1188,-0.5464,2.0976,-1.2448
-2.138,-10.008,-2.2026,-0.6369,2.3285,-1.1294
-1.9704,-9.8452,-2.138,-0.8427,2.414,-1.0121
-1.458,-9.4669,-1.9081,-1.0675,2.1843,-0.9614
-1.0079,-9.1389,-1.7477,-1.2227,1.6785,-0.9101
-0.5195,-8.7846,-1.6615,-1.2917,0.9559,-0.8307
-0.1077,-8.5763,-1.5729,-1.3803,0.8502,-0.8074
0.1149,-8.7487,-1.6136,-1.497,0.9602,-0.7641
0.2753,-8.921,-1.6663,-1.5232,1.1306,-0.7335
0.3184,-9.1676,-1.7405,-1.456,1.3053,-0.7439
0.1843,-9.4645,-1.6735,-1.362,1.4,-0.7824
-0.4213,-9.8883,-1.4389,-1.2453,1.323,-0.8252
-0.9265,-10.245,-1.2569,-1.1274,1.1581,-0.8068
-1.4915,-10.6712,-1.154,-0.938,1.0102,-0.7066
-1.9656,-11.1764,-1.0965,-0.7248,1.0267,-0.5356
-2.0925,-11.7007,-0.9672,-0.4902,1.1593,-0.3139
-1.9871,-12.1748,-0.7206,-0.2459,1.2912,-0.0976
-1.6591,-12.6177,-0.2418,0.0765,1.3609,0.1295
-1.3192,-13.0127,0.4357,0.2616,1.276,0.1943
-1.2234,-13.1277,1.288,0.4156,1.1013,0.2108
-1.2737,-13.221,1.8052,0.6611,0.8453,0.2438
-1.537,-13.3192,1.8674,1.2977,0.4745,0.3684
-2.0063,-13.3575,1.6783,1.6831,0.8142,0.4851
-2.9137,-13.415,1.8004,1.3624,1.4409,0.4661
-3.6463,-13.4293,1.8794,1.0264,1.8044,0.4753
-4.2257,-13.2138,1.8435,1.126,1.659,0.6347
-4.7979,-12.8547,1.8531,1.5273,1.2094,0.8418
-5.7392,-12.802,1.8746,1.9427,0.6663,1.0519
-6.5077,-12.8308,1.8387,2.3398,-0.3122,1.424
-6.9171,-13.2522,1.288,2.5481,-0.9921,1.7856
-6.7375,-13.7765,0.3782,2.7533,-1.5443,2.1594
-5.2771,-14.4804,-0.2705,2.8651,-1.7489,2.3732
-4.0342,-15.0625,-0.7589,2.8315,-1.5791,2.3818
-2.557,-15.7424,-0.9026,2.6709,-0.9163,2.2052
-0.8834,-16.3913,-1.0797,2.495,-0.6927,2
0.6248,-16.7863,-1.5466,2.2787,-0.8058,1.7605
1.731,-16.9347,-2.0638,2.0246,-0.9872,1.46
2.3774,-16.7815,-2.4013,1.8401,-0.9487,1.2144
2.6264,-16.3913,-2.4013,1.7393,-0.6775,1.0666
2.5713,-15.7616,-1.7956,1.9055,-0.0122,1.1124
2.4756,-15.1056,-1.1013,2.137,0.4342,1.3042
2.4253,-14.3894,-0.6248,2.3972,0.6682,1.482
2.2529,-13.7262,-0.4118,2.586,0.6107,1.5602
1.9728,-13.0846,-0.395,2.5237,0.1056,1.5315
1.7214,-12.5435,-0.4022,2.2964,-0.4649,1.4869
1.4652,-11.9808,-0.474,1.9293,-0.7654,1.4435
1.233,-11.3488,-0.5889,1.7228,-0.6683,1.4734
0.9983,-10.4916,-0.7326,1.5573,-0.4594,1.529
0.8044,-9.7901,-0.8595,1.4412,-0.1802,1.5895
0.6392,-9.0934,-1.0462,1.3618,-0.0416,1.6506
0.5961,-8.4661,-1.2354,1.2659,-0.2181,1.7257
0.6296,-7.7862,-1.3551,1.184,-0.5522,1.7483
0.6488,-7.2331,-1.4556,1.1382,-1.0177,1.694
0.6153,-6.7064,-1.5562,1.1639,-1.4826,1.5516
0.5817,-6.206,-1.6759,1.2146,-1.9181,1.3739
0.7158,-5.7032,-1.865,1.2543,-2.292,1.1888
0.9888,-5.2699,-2.0733,1.2213,-2.6292,0.8363
1.3742,-4.8817,-2.3008,1.1071,-2.6628,0.5235
1.8626,-4.4891,-2.5234,0.9055,-2.5754,0.2089
2.3798,-4.0318,-2.6623,0.641,-2.3995,-0.053
2.7988,-3.5889,-2.7437,0.3581,-2.0941,-0.2778
3.0286,-3.1364,-2.7844,-0.0064,-1.6805,-0.5142
3.0142,-2.7389,-2.7581,-0.2013,-1.4637,-0.6175
2.6743,-2.4827,-2.4564,-0.3913,-1.3042,-0.6572
2.3367,-2.2984,-2.1212,-0.5916,-1.1729,-0.6443
1.8483,-2.2529,-1.4891,-0.7737,-1.0196,-0.5997
1.8483,-2.2529,-1.4891,-0.9863,-0.7905,-0.4153
-0.4668,-3.189,2.3918,-0.9863,-0.7905,-0.4153
-1.7932,-3.9217,4.8482,-0.9423,-0.829,-0.2583
-3.4596,-5.222,7.3289,-0.7095,-0.807,-0.0164
-4.9682,-7.1709,9.1988,-0.3943,-0.4337,0.3042
-5.8565,-9.941,8.6385,-0.2025,-0.0324,0.5755
-5.8565,-9.941,8.6385,-0.7468,-1.223,0.8326
-6.7208,-13.8411,7.53,-0.7468,-1.223,0.8326
-6.3545,-14.4397,7.0823,-1.0865,-1.2523,0.6805
-5.4016,-14.1667,6.8477,-1.0877,-0.7593,0.4478
-4.3454,-13.6185,6.8141,-0.8189,-0.3165,0.303
-3.1699,-12.7542,6.8572,-0.4121,0.0329,0.234
-1.944,-11.7247,6.625,0.2311,-0.0465,0.2731
-0.6631,-10.8388,6.0719,0.4803,-0.4771,0.3562
0.3926,-10.269,5.5021,0.4681,-0.7679,0.369
1.1683,-10.2187,4.9515,0.195,-0.7514,0.2065
1.482,-10.5922,4.5441,-0.2502,-0.7508,-0.1318
1.063,-12.225,4.9658,-0.7212,-0.821,-0.4733
0.6631,-13.585,5.3489,-1.1622,-0.5095,-0.7274
-0.2609,-14.8566,5.72,-1.139,-0.1582,-0.739
-0.5554,-15.3905,4.6758,-0.5617,0.3285,-0.557
0.1747,-13.6687,1.7453,0.4223,1.3016,-0.1013
0.8283,-12.1341,-0.6009,0.8511,2.4244,0.2596
1.6424,-10.4007,-2.1092,0.1596,2.4586,0.3024
2.4349,-8.775,-2.7269,-0.5287,2.0231,0.1069
2.4708,-7.6282,-2.8347,-1.1408,1.5832,-0.2222
2.4372,-6.7878,-2.964,-1.5709,1.2393,-0.5704
2.0039,-6.8501,-3.5697,-1.7816,1.1837,-0.8227
1.4676,-7.3552,-4.3789,-1.8293,1.5942,-0.9321
0.8762,-8.265,-4.7213,-1.9459,2.0762,-0.951
0.304,-9.2586,-4.3622,-2.1121,2.0487,-0.8569
-0.644,-10.3719,-2.7198,-2.139,1.9345,-0.7421
-0.644,-10.3719,-2.7198,-1.1891,1.5252,-0.433
-2.3439,-11.6696,0.2609,-1.1891,1.5252,-0.433
-2.5474,-11.6672,0.4213,-0.1805,0.9858,-0.1477
-2.4492,-11.2434,-0.0933,-0.0449,0.7256,-0.2253
-2.3511,-10.676,-0.7852,-0.3027,0.5209,-0.5313
-2.2433,-10.19,-1.2162,-0.715,0.3756,-0.8361
-2.138,-9.8069,-1.5298,-1.1029,0.2913,-0.9644
-1.9345,-9.5244,-1.6089,-1.3565,0.3218,-0.9382
-1.6232,-9.3472,-1.5538,-1.489,0.5753,-0.7628
-1.2569,-9.2443,-1.3934,-1.4853,0.816,-0.6425
-0.9624,-9.1653,-1.2641,-1.4481,1.0096,-0.5802
-0.7685,-9.1485,-1.1755,-1.3986,1.1416,-0.5814
-0.7062,-9.182,-1.0965,-1.3693,1.2259,-0.6364
-0.8786,-9.2179,-1.0869,-1.3809,1.2167,-0.7237
-1.0319,-9.2491,-1.0749,-1.4621,1.1,-0.8282
-1.2952,-9.2706,-0.9935,-1.5556,0.9492,-0.8697
-1.5825,-9.2993,-0.8619,-1.6228,0.8697,-0.8697
-1.7764,-9.3472,-0.6823,-1.6142,0.9766,-0.8172
-1.889,-9.3903,-0.5147,-1.5452,1.1758,-0.7244
-1.9369,-9.4214,-0.3878,-1.3723,1.4562,-0.6113
-1.9704,-9.4286,-0.3327,-1.2508,1.6022,-0.5759
-1.9153,-9.3592,-0.3519,-1.1433,1.7531,-0.5539
-1.8195,-9.2634,-0.3615,-1.0626,1.9009,-0.5338
-1.6759,-9.1293,-0.3687,-1.007,1.9943,-0.5411
-1.4149,-8.9641,-0.4118,-0.9417,2.0212,-0.568
-1.0773,-8.8325,-0.62,-0.8201,1.8881,-0.6547
-0.7948,-8.7391,-0.8331,-0.7615,1.6535,-0.7555
-0.5889,-8.7511,-1.0989,-0.7529,1.359,-0.8594
-0.5003,-8.9139,-1.3407,-0.814,1.0829,-0.9522
-0.7326,-9.3185,-1.2234,-0.9319,0.9027,-1.0383
-0.9672,-9.6465,-1.063,-1.1323,0.9669,-1.1055
-1.391,-9.9314,-0.5746,-1.1872,1.1764,-1.0787
-1.8387,-10.1397,0.2059,-1.1591,1.389,-0.973
-1.956,-10.439,1.1061,-1.0351,1.5063,-0.7867
-2.0494,-10.6784,1.8267,-0.803,1.5136,-0.5704
-1.8962,-10.9418,1.9632,-0.4615,1.4226,-0.3823
-0.5434,-11.9976,-0.5195,0.1315,1.2509,-0.2723
-0.7374,-12.2035,-3.0214,0.4321,1.1104,-0.312
-1.6927,-12.7015,-3.7205,0.5732,0.9149,-0.4079
-3.6679,-13.6568,-3.3806,0.5622,0.7732,-0.5167
-5.8708,-14.3631,-2.2625,0.4382,0.7201,-0.5753
-8.1884,-14.3822,-0.8571,0.2531,0.6553,-0.5503
-8.9043,-14.071,-0.4596,0.0454,0.3224,-0.378
-9.7039,-13.1708,0.2035,0.0607,0.0481,-0.2118
-10.0296,-12.7877,1.1516,0.203,-0.1723,-0.0109
-9.024,-13.7358,4.1347,0.4131,-0.2627,0.2419
-8.593,-13.64,4.2975,0.652,-0.3305,0.5596
-6.6513,-12.5291,4.5801,1.112,-0.6976,1.0568
-5.4111,-11.5882,4.7237,1.4589,-0.9139,1.292
-2.7772,-11.6959,1.7286,1.7937,-1.0306,1.4582
-2.7772,-11.6959,1.7286,2.4626,-1.3091,1.7007
-1.2042,-13.4844,-0.5434,2.4626,-1.3091,1.7007
0.395,-15.242,-1.3096,2.6104,-1.2376,1.7819
3.845,-18.6131,-3.7828,2.6208,-0.9713,1.9133
4.0246,-18.7112,-4.0557,2.5518,-0.9609,1.9633
5.0065,-19.0704,-6.0911,2.3813,-1.1295,1.9426
5.1143,-18.4551,-6.886,2.0722,-1.3397,1.8345
4.2521,-17.2867,-4.7429,1.7167,-1.424,1.6756
3.5362,-16.6522,-2.4109,1.4021,-1.1466,1.5125
2.193,-15.1056,1.1779,1.4559,-0.8216,1.496
1.2521,-13.6352,3.2417,1.699,-0.5541,1.5473
1.6879,-12.0742,2.5187,2.0435,-0.3415,1.6579
2.059,-11.5068,1.1827,2.3373,-0.1375,1.7398
2.4875,-10.7311,-2.2577,2.4375,0.2002,1.7233
1.1492,-10.3456,-1.8339,1.9531,0.3212,1.5192
-0.7062,-9.103,-0.8523,1.3502,-0.0855,1.3537
-0.7972,-8.7989,-0.6919,0.9666,-0.2535,1.2999
-1.4532,-7.5683,-0.6751,0.768,-0.3635,1.3671
-1.9512,-6.443,-0.7972,0.7656,-0.4282,1.471
-1.3048,-5.6554,-1.2641,0.9049,-0.5058,1.5889
-1.1013,-5.6577,-1.3503,1.1804,-0.6567,1.7666
0.0478,-5.5955,-1.695,1.3221,-0.8015,1.8119
0.5841,-5.4183,-1.9033,1.3801,-0.9786,1.7514
0.5315,-5.2507,-1.6567,1.3765,-1.1662,1.5785
0.5291,-5.2459,-1.6065,1.3129,-1.4026,1.358
0.2274,-5.1598,-1.3311,1.1828,-1.8412,1.0458
0.1843,-5.0831,-1.3527,1.1187,-2.1313,0.8821
0.656,-4.9969,-1.798,1.0704,-2.3653,0.7661
1.1683,-4.8003,-2.2768,1.0051,-2.5913,0.705
2.0087,-4.5633,-2.7557,0.9146,-2.7459,0.6653
2.7198,-4.0629,-2.9257,0.8175,-2.6585,0.6084
3.1842,-3.2728,-2.6168,0.6599,-2.1582,0.435
3.1842,-2.9975,-2.2697,0.5054,-1.7502,0.2865
2.885,-2.77,-1.8195,0.2812,-1.4716,0.1503
2.0997,-2.8107,-0.96,0.0222,-1.3445,0.0318
-0.1675,-3.869,2.1475,-0.2587,-1.3421,-0.0628
-0.656,-4.0078,2.8419,-0.6259,-1.4588,-0.1324
-3.6727,-4.7764,9.091,-0.7554,-1.5718,-0.1165
-6.6896,-6.0935,15.3665,-0.7309,-1.6866,0.0025
-9.2778,-11.7223,15.9124,-0.42,-1.7434,0.2395
-9.2778,-12.1245,15.9124,0.0643,-1.4331,0.548
-9.7423,-15.0984,12.5866,0.3355,-0.7661,0.8094
-10.2929,-17.8948,10.3647,0.2714,-0.5797,0.7697
-6.4263,-19.2044,7.9035,-0.0016,-1.4783,0.7092
-6.1701,-19.0656,7.8389,-0.1023,-1.73,0.7129
-4.1132,-16.7887,7.7072,-0.0016,-1.2022,0.6671
-2.2673,-13.6592,7.7742,0.1523,-0.8736,0.5834
-1.1085,-10.2642,8.2722,0.3239,-1.0519,0.562
-0.7374,-8.2483,7.3792,0.6562,-1.5571,0.5913
-0.3687,-6.5388,5.4111,0.8743,-1.7251,0.6152
0.4596,-7.2978,4.5729,0.8646,-1.6652,0.6286
-0.1532,-12.9074,5.1095,0.5188,-1.4319,0.6023
-1.1037,-15.1056,5.3513,-0.004,-0.9835,0.4264
-4.0916,-18.5628,4.6064,-0.6845,-1.0067,0.1827
-5.6051,-18.0337,-1.7022,-0.8891,-1.416,0.1918
4.5729,-6.5484,-10.5347,-0.7926,-0.8827,0.3867
5.7344,-5.3776,-10.7071,-0.3168,1.1446,0.4533
10.3432,-2.3319,-8.7846,0.0729,2.7317,0.1228
14.8829,-0.656,-0.3375,-0.1396,2.7665,-0.3603
12.0048,0.8427,5.957,-0.6662,1.5044,-1.4201
10.8173,0.6368,6.7758,-0.6613,-0.0855,-2.3047
4.3358,-5.313,3.213,-0.6753,-1.3549,-2.9565
0.2849,-12.1963,-9.194,-0.839,-1.3635,-3.0047
-3.7995,-13.8986,-10.9106,-1.4236,0.4067,-2.3572
-3.7995,-13.8986,-10.9106,-3.0455,3.7323,-1.2063
-4.9179,-14.7225,1.7334,-3.66,4.4067,-0.5759
-4.9179,-14.7225,1.7334,-2.4291,3.5026,0.5345
-5.2555,-12.972,2.6886,-2.4291,3.5026,0.5345
-4.6303,-12.3232,0.5363,-1.0907,2.6113,0.9658
-4.3287,-10.7694,-0.9648,-0.4365,1.8135,1.1136
-4.1443,-9.6585,-2.1811,-0.4701,1.1532,0.6207
-4.2377,-8.9833,-2.3319,-0.8348,1.0903,0.0727
-4.5298,-8.775,-1.7717,-1.2758,1.122,-0.5252
-4.2425,-8.9761,-0.6368,-1.6686,1.1281,-1.0609
-4.2425,-8.9761,-0.6368,-1.8983,1.1636,-1.5063
-2.4325,-10.0296,0.3351,-1.8983,1.1636,-1.5063
-2.2505,-10.0272,0.3639,-1.7016,0.904,-1.4403
-1.4772,-9.9386,0.4213,-1.5257,0.5454,-1.309
-1.039,-9.6417,0.2609,-1.3632,0.2509,-1.1538
-1.1516,-9.0767,-0.5698,-1.2508,0.064,-1.0231
-1.1516,-9.0408,-0.62,-1.2007,-0.0605,-0.9595
-1.2952,-8.8037,-0.8403,-1.2343,-0.1723,-0.9638
-1.2713,-8.6601,-0.9121,-1.3149,-0.1485,-0.9699
-1.2521,-8.6625,-0.9241,-1.4157,0.0274,-0.9522
-1.2449,-8.6768,-0.9097,-1.5067,0.3212,-0.9241
-1.0917,-8.8779,-0.6655,-1.5568,0.6211,-0.8917
-0.9888,-9.0671,-0.4525,-1.5611,0.871,-0.8453
-0.893,-9.2083,-0.4309,-1.486,1.1092,-0.7799
-0.7326,-9.3448,-0.565,-1.4102,1.254,-0.7256
-0.4668,-9.4502,-0.8044,-1.3455,1.3841,-0.6645
-0.2442,-9.5555,-0.8499,-1.3076,1.4507,-0.6285
-0.0646,-9.6537,-0.7278,-1.2825,1.4678,-0.623
-0.0837,-9.5795,-0.7541,-1.2196,1.5796,-0.6327
0.1915,-9.2251,-0.9552,-1.1512,1.728,-0.6315
0.6536,-8.8037,-1.0127,-1.1029,1.8398,-0.6217
0.9792,-8.3656,-0.5195,-1.0981,1.8514,-0.6602
0.9792,-8.3656,-0.5195,-1.0651,1.8111,-0.9259
0.2968,-8.775,-0.5578,-1.0651,1.8111,-0.9259
-0.7326,-9.419,-0.5482,-0.971,1.8019,-1.1678
-3.4021,-9.996,0.2274,-0.927,1.7311,-1.2784
-3.8211,-10.0272,0.2753,-0.8934,1.5893,-1.3328
-5.6577,-10.1924,0.0407,-0.8525,1.4018,-1.323
-6.9363,-10.7574,-0.6488,-0.8329,1.243,-1.2595
-8.1262,-11.8132,-0.8571,-0.8635,1.1966,-1.1465
-8.1262,-11.8132,-0.8571,-0.9062,1.1666,-0.8814
-8.21,-12.4693,0.3615,-0.8726,1.0695,-0.67
-5.7751,-12.6991,1.4844,-0.8,0.9883,-0.4605
-0.8044,-12.9577,2.2936,-0.6943,0.808,-0.2564
2.2337,-13.5035,2.4229,-0.5874,0.3994,-0.0652
4.3837,-14.3295,2.114,-0.4151,-0.2108,-0.0432
4.4508,-14.8518,1.6855,-0.2599,-0.2786,-0.2259
1.3263,-15.3641,0.4477,-0.0645,-0.0709,-0.4269
-0.7924,-15.6706,0.0861,0.1498,0.2625,-0.5552
-4.0725,-15.7999,-0.9552,0.3594,0.549,-0.6175
-6.4023,-14.9092,-1.5705,0.5811,0.5875,-0.5759
-8.016,-12.6943,-0.4884,0.8884,0.2131,-0.334
-8.2052,-12.5459,-0.2394,1.057,-0.08,-0.1416
-8.9522,-12.1987,0.6416,1.1682,-0.3287,0.0239
-9.1605,-11.7294,1.2258,1.2097,-0.6091,0.1931
-4.9778,-11.5235,3.3183,1.2488,-1.011,0.4423
-4.2928,-11.6863,3.7253,1.5041,-1.5974,1.0238
-1.446,-12.7757,4.3861,1.8071,-1.774,1.4007
0.7613,-13.9345,3.2321,2.151,-1.9633,1.6359
3.7086,-15.4623,-1.6089,2.4827,-2.036,1.6769
3.7086,-15.4623,-1.6089,2.8468,-1.2071,1.339
3.9671,-16.3817,-3.8546,2.8468,-1.2071,1.339
3.5075,-16.7408,-5.1621,2.7161,-0.3201,0.9994
2.8131,-16.1686,-5.6601,2.421,0.0439,0.8864
2.3678,-15.5126,-5.574,2.068,0.1593,0.8858
1.4508,-14.2314,-4.9946,1.7619,0.1178,0.9884
0.8954,-12.8858,-3.8642,1.5719,0.0701,1.154
-0.2753,-11.6433,-1.8052,1.5512,0.1074,1.3574
-0.5291,-11.4158,-1.0893,1.6483,0.1233,1.4111
-0.8978,-11.107,-0.3687,1.7613,0.0237,1.4563
-0.9193,-11.1644,-0.6464,1.8358,-0.1564,1.4832
-2.4684,-10.9082,-0.0095,1.8114,-0.3708,1.4924
-2.6072,-10.7622,0.1388,1.6226,-0.6934,1.4679
-2.9999,-9.9984,0.7062,1.1877,-1.234,1.5211
-3.0382,-9.4334,0.6344,1.0222,-1.3409,1.6323
-2.0685,-8.5068,-0.8427,0.9739,-1.2144,1.7673
-1.9273,-8.4015,-0.9313,0.9812,-0.9194,1.8986
-1.1707,-8.0903,-1.379,0.9489,-0.6109,1.9859
-0.577,-7.7766,-1.6041,0.8621,-0.5266,2.0189
0.2346,-6.2228,-1.9584,0.6953,-0.967,1.945
0.2346,-6.2228,-1.9584,0.6336,-1.3561,1.8387
-0.0407,-5.7703,-2.2098,0.6269,-1.5919,1.7117
0.2418,-5.4207,-2.1523,0.6624,-1.719,1.6029
0.2418,-5.4207,-2.1523,0.7748,-1.9725,1.4447
0.4022,-5.3465,-2.1308,0.7748,-1.9725,1.4447
0.711,-5.2795,-2.1308,0.7796,-2.1234,1.3647
1.3311,-5.3465,-2.3319,0.7552,-2.2865,1.2828
1.9105,-5.2364,-2.6671,0.7234,-2.3128,1.1784
1.9823,-5.1454,-2.6839,0.6654,-2.1991,1.0434
1.968,-4.8602,-2.442,0.5732,-2.0305,0.9011
2.0183,-4.6351,-1.865,0.4009,-1.818,0.7105
2.1236,-4.5657,-0.8331,0.2958,-1.785,0.603
2.0781,-4.6208,-0.6847,0.2195,-1.821,0.4912
1.6567,-4.8889,0.1651,0.1395,-1.8784,0.3684
1.0678,-5.4806,1.5801,0.0509,-1.9334,0.2297
-0.2896,-6.8405,6.6777,-0.0828,-1.9976,0.0611
-0.6607,-7.0177,7.3983,-0.1427,-2.0483,-0.0145
-3.2178,-7.8437,9.4214,-0.0914,-2.1881,-0.1043
-5.9738,-8.775,10.3217,0.0894,-2.237,-0.1654
-7.7383,-10.5108,9.8284,0.3136,-2.0892,-0.119
-7.7383,-10.5108,9.8284,0.539,-1.6585,0.0251
-7.87,-11.162,8.7415,0.7418,-1.1961,0.2792
-7.2595,-11.1692,6.5268,0.619,-1.6097,0.4661
-5.3417,-10.6185,4.1563,0.4198,-1.9591,0.6756
-3.9815,-10.2283,3.6463,0.1578,-1.7734,0.8339
-2.7054,-9.8739,4.4388,-0.1445,-1.3549,0.8852
-2.1715,-9.5435,5.2148,-0.3791,-0.9463,0.8381
-1.7764,-8.4302,5.6841,-0.307,-0.3867,0.7514
-1.7094,-7.8724,5.313,-0.059,-0.0794,0.7868
-1.4628,-6.9339,4.5896,0.159,-0.0318,0.8723
-1.9656,-5.617,4.1132,0.1755,-0.2994,0.9102
-1.9153,-4.9826,3.9815,-0.0297,-0.6512,0.832
-1.8818,-5.2675,3.9432,-0.5794,-1.0605,0.5486
-1.798,-7.1829,3.5649,-1.0009,-1.1784,0.2034
-1.2808,-11.4206,1.5753,-1.3791,-1.1839,-0.1844
-1.5083,-24.7617,-4.9682,-1.6943,-1.0623,-0.4788
-1.4915,-25.6882,-4.7836,-1.9655,-0.7587,-0.6932
-1.5442,-32.5093,8.2459,-2.2013,-0.2205,-0.8685
-5.5979,-30.4455,17.5788,-1.9093,1.0151,-0.874
7.9011,-10.3456,-5.3776,0.1407,0.9944,-0.4709
8.6146,-9.6273,-7.2571,2.3392,1.2393,0.372
11.1692,-3.517,-15.2013,3.1553,1.4012,0.5516
12.4286,0.9744,-5.89,2.3758,1.4354,0.0122
10.2259,3.6463,0.5985,-0.0333,0.6608,-1.1312
7.6258,4.5058,1.7477,-1.2392,-1.1961,-1.8319
3.0813,4.8267,2.0374,-2.0345,-2.4227,-2.2546
-1.6065,-2.533,-6.7256,-2.3845,-1.7899,-2.3077
-1.8722,-6.285,-12.5578,-2.4242,0.7213,-1.9339
-2.5378,-7.5827,-11.6217,-2.638,3.4659,-1.3664
-3.7253,-10.1421,-8.9881,-3.3082,4.9131,-0.8545
-4.6327,-13.3192,-3.4931,-3.5977,4.6437,-0.4672
-8.7942,-16.7719,7.9897,-3.6796,4.1348,-0.0261
-8.289,-16.6355,6.6178,-3.1451,3.4549,0.4014
-5.2292,-15.9555,1.5346,-1.7749,2.5276,0.865
-4.6327,-15.6802,-0.2753,-0.6136,1.7787,1.0452
-4.6303,-12.0311,-0.0837,0.1291,1.0909,0.4777
-4.1539,-11.4206,0.1077,0.1529,0.8887,-0.0713
-3.0286,-9.9889,0.4764,-0.1995,0.4788,-0.6639
-2.3199,-9.419,0.6248,-0.6723,-0.0104,-1.2851
-1.4604,-8.8684,0.0694,-1.0779,-0.3342,-1.659
-1.3383,-8.8037,0.0215,-1.3748,-0.6133,-1.7494
-0.2418,-8.1884,-0.4022,-1.3943,-0.6744,-1.5881
0.2825,-7.7335,-0.7182,-1.3308,-0.5968,-1.3957
0.3303,-7.439,-1.0558,-1.2679,-0.4191,-1.2466
0.1963,-7.5204,-1.2545,-1.2379,-0.289,-1.1397
0.0287,-7.9275,-1.5705,-1.2654,-0.2627,-1.0487
-0.2585,-8.514,-1.8459,-1.398,-0.2053,-0.8844
-1.1133,-9.3281,-1.5921,-1.5183,-0.0391,-0.8019
-1.6136,-9.5531,-1.2425,-1.632,0.2723,-0.7598
-2.2888,-9.6034,-0.8786,-1.6888,0.5778,-0.7561
-2.4492,-9.5435,-1.1444,-1.6686,0.6895,-0.7488
-2.4444,-9.5052,-1.7669,-1.5244,0.6798,-0.6792
-2.3487,-9.4837,-1.8459,-1.4304,0.6969,-0.6089
-1.1204,-9.1341,-1.7046,-1.3754,0.7928,-0.4898
0.5961,-8.696,-0.8619,-1.3784,0.9754,-0.3774
2.3032,-8.3512,0.6177,-1.3968,1.2259,-0.3444
2.3175,-8.3632,0.62,-1.3705,1.4385,-0.4434
2.2649,-8.6553,0.055,-1.2184,1.4794,-0.6596
1.7549,-9.3688,-1.1204,-1.0974,1.4183,-0.805
-0.0263,-11.3607,-2.9352,-0.9783,1.2967,-0.9314
-0.1867,-11.4733,-2.9113,-0.902,1.1367,-1.0383
-1.482,-11.8444,-1.9536,-0.8934,1.0102,-1.1343
-2.4396,-11.3009,-0.1795,-0.949,0.9986,-1.1813
-3.8211,-10.3719,2.9113,-1.0657,1.1514,-1.1373
-4.8147,-10.2714,4.2018,-1.1445,1.2387,-1.0719
-5.4231,-10.8388,3.3327,-1.1378,1.2131,-0.9748
-5.2531,-11.5475,1.0749,-0.9661,1.0713,-0.819
-2.1619,-13.0079,-1.7836,-0.7089,0.8759,-0.6199
-0.4213,-13.3767,-1.8842,-0.3546,0.7745,-0.3566
1.8866,-13.6592,-1.6687,-0.2642,0.7659,-0.2803
2.4516,-13.8172,-0.7757,-0.2819,0.6034,-0.3383
0.3734,-13.9153,-2.0111,-0.3888,0.3004,-0.5038
-0.0287,-13.8746,-2.2816,-0.456,-0.102,-0.6566
-2.2744,-13.8723,-3.7469,-0.3693,-0.4197,-0.7207
-5.1167,-14.3319,-3.5769,-0.1983,-0.2743,-0.6718
-6.2898,-15.0026,-2.5187,-0.0138,0.0335,-0.5863
-5.8541,-14.7512,-1.9656,0.2348,0.21,-0.4605
-3.9193,-13.0343,1.7118,0.4125,0.3572,-0.3304
-2.5378,-11.6792,4.9251,0.4528,0.612,-0.2308
-2.9903,-11.1189,3.5529,0.5836,0.4592,0.0275
-2.9903,-11.1189,3.5529,1.3875,-0.3372,0.5272
-4.0078,-11.5092,2.3223,1.3875,-0.3372,0.5272
-4.9778,-11.9377,2.059,1.7314,-0.6469,0.8394
-4.9706,-12.3567,0.7565,1.9812,-0.8186,1.1185
-4.4101,-12.5411,-0.6584,2.2182,-0.7905,1.3659
-2.9807,-12.8811,-2.6791,2.4724,-0.424,1.642
-1.6184,-13.7094,-3.2249,2.4369,-0.121,1.7624
0.9552,-15.2277,-2.7557,2.2433,0.0115,1.818
0.9552,-15.2277,-2.7557,1.7644,-0.2694,1.788
3.0238,-16.1399,-2.7557,1.7644,-0.2694,1.788
3.28,-15.6299,-2.6575,1.5579,-0.54,1.683
3.0645,-13.1181,-2.3271,1.4033,-0.8998,1.4905
2.9831,-12.7925,-2.1356,1.4204,-0.9432,1.4001
2.4444,-11.5331,-1.063,1.4919,-0.8412,1.336
1.9153,-10.9394,0.4118,1.5848,-0.6408,1.3146
1.9967,-10.2331,0.474,1.7002,-0.4105,1.3488
2.0661,-10.1253,0.2801,1.9104,-0.0202,1.4759
2.2337,-9.6082,-0.4955,1.9659,0.2479,1.5486
1.5131,-9.0839,-0.8786,1.8462,0.4079,1.5516
-0.0574,-8.7774,-0.1053,1.5567,0.3102,1.5125
-0.1244,-8.7606,-0.0359,1.2024,-0.0538,1.4924
-0.4572,-8.4326,0.1532,0.9403,-0.3311,1.4789
-1.2066,-8.0017,0.1723,0.8139,-0.4124,1.5174
-2.1978,-7.87,-0.043,0.8334,-0.4087,1.5528
-2.5234,-7.8413,-0.4405,0.8933,-0.4704,1.6316
-2.6312,-7.858,-0.9528,0.9782,-0.5455,1.7337
-1.6759,-7.8317,-1.0486,1.0356,-0.6304,1.8302
-0.4812,-7.6306,-1.2761,1.0606,-0.7667,1.89
-0.2394,-7.4678,-1.2689,1.0784,-0.8791,1.7856
0.0335,-6.9219,-1.4508,1.0863,-1.0416,1.6023
0.4477,-6.5005,-1.6663,1.079,-1.2694,1.4105
1.2617,-5.7511,-2.3942,1.0423,-1.5504,1.2755
1.4844,-5.6362,-2.545,0.9947,-1.7569,1.1717
2.0853,-5.2914,-2.8826,0.8878,-1.8302,1.0391
2.8514,-4.7357,-2.8586,0.7845,-1.7159,0.9371
3.4476,-3.9145,-2.3223,0.652,-1.5199,0.8247
3.4476,-3.9145,-2.3223,0.5139,-1.3054,0.6824
3.3638,-3.5266,-1.8531,0.3698,-1.237,0.5388
2.8969,-3.3614,-1.458,0.1535,-1.358,0.347
1.8076,-3.5458,-0.8475,0.0112,-1.4814,0.2535
1.719,-3.5793,-0.802,-0.1353,-1.5803,0.1876
1.2545,-3.7756,-0.3232,-0.2923,-1.6597,0.1191
0.1628,-3.9336,0.2561,-0.4524,-1.7025,0.0293
-1.6759,-4.3143,1.9823,-0.6039,-1.6927,-0.0756
-2.7198,-4.8793,3.924,-0.8012,-1.6579,-0.166
-4.1994,-6.151,7.9083,-0.88,-1.6769,-0.1422
-6.8046,-7.8676,12.3328,-0.8617,-1.7416,-0.0878
-11.6576,-11.4397,13.2689,-0.654,-1.7269,-0.0035
-12.4046,-13.8387,11.9952,-0.2373,-1.4459,0.1912
-12.2203,-17.0257,9.5004,0.1052,-0.876,0.5345
-10.2331,-19.4223,6.5316,0.1297,-0.3134,0.9499
-7.0679,-16.5373,6.7806,-0.1078,-0.5046,0.9744
-6.8285,-15.7544,6.9937,-0.4121,-0.6897,0.7569
-4.7812,-12.9553,7.2523,-0.442,-0.4936,0.4802
-2.5474,-10.9896,7.0177,-0.1683,-0.5125,0.4063
-0.2585,-7.4103,5.6147,0.3979,-0.942,0.4313
-0.0023,-6.8884,5.2268,0.6471,-1.1851,0.457
1.5969,-5.0568,3.1579,0.644,-1.438,0.5211
3.3997,-4.4915,1.8171,0.363,-1.5351,0.5675
5.1837,-10.2139,2.9759,-0.0804,-1.1759,0.4899
5.1837,-10.2139,2.9759,-0.5061,-0.4973,0.2572
5.3345,-15.5246,4.3837,-0.8708,0.2332,-0.3029
3.28,-22.4175,3.7421,-0.9435,0.3365,-0.673
-6.4287,-26.871,3.5769,-0.9789,-0.0385,-0.9259
-10.0631,-22.2331,0.2681,-0.8635,-0.581,-0.9363
-1.9871,-11.7534,-5.3393,-0.1512,-0.5449,-0.3126
3.6942,-6.1222,-9.8476,1.1303,1.8025,1.0477
7.7383,-1.1133,-3.869,1.0057,2.5032,0.9053
8.6266,0.0526,0.3854,0.258,2.4079,0.383
8.617,0.5147,1.391,-0.4756,1.7775,-0.2027
7.4175,-0.9816,-1.8363,-0.9056,0.6889,-0.7757
2.2744,-8.2483,-8.5883,-1.2239,0.1593,-1.2412
1.81,-8.8037,-8.866,-1.6772,1.6584,-1.6223
0.5003,-11.1261,-8.4638,-2.0095,2.929,-1.6278
-0.6703,-13.6352,-5.4566,-2.3381,3.5056,-1.4971
-5.0975,-16.3051,2.9927,-2.5611,3.4586,-1.2998
-5.0975,-16.3051,2.9927,-2.1384,2.2497,-0.7812
-6.9746,-15.2851,2.9544,-2.1384,2.2497,-0.7812
-6.1629,-13.5993,0.4716,-1.106,1.2986,-0.3334
-4.3502,-10.0296,-2.284,-0.5837,0.9907,-0.166
-4.3502,-10.0296,-2.284,-0.343,0.973,-0.2332
-3.5793,-8.5068,-2.4133,-0.3852,1.0897,-0.4544
-2.7174,-8.0352,-2.1045,-0.6399,1.1886,-0.6944
-1.6208,-8.5021,-1.5849,-1.1164,1.3536,-0.9602
-1.0558,-8.8109,-1.3263,-1.329,1.4385,-1.0188
-0.4716,-9.0815,-1.0726,-1.4084,1.5014,-1.0206
-0.1915,-9.261,-0.9648,-1.3815,1.538,-0.9919
0.0837,-9.2898,-0.8547,-1.3027,1.5185,-0.9437
-0.0502,-9.2562,-0.8379,-1.2245,1.3994,-0.8862
-0.577,-9.0048,-0.8307,-1.142,1.2076,-0.8954
-1.233,-8.7678,-0.9768,-1.1048,1.2033,-0.9657
-1.9033,-8.7702,-1.2066,-1.0901,1.2809,-1.0298
-1.9201,-8.7439,-1.2425,-1.1048,1.3719,-1.0622
-2.0446,-8.9426,-1.3982,-1.1268,1.4635,-1.0634
-1.9081,-8.9498,-1.5514,-1.1378,1.5997,-1.0188
-1.4125,-8.9977,-1.9201,-1.1237,1.7024,-0.9559
-1.4125,-8.9977,-1.9201,-1.1029,1.7732,-0.9015
-1.2737,-8.9737,-1.9177,-1.0816,1.8105,-0.8716
-1.2569,-8.9857,-1.5849,-1.0651,1.8386,-0.8679
-1.2952,-8.8325,-0.9552,-1.0492,1.8618,-0.8899
-1.2737,-8.8157,-0.9193,-0.9759,1.9272,-0.9302
-1.0773,-8.8205,-0.8643,-0.905,1.9113,-0.9516
-0.8379,-8.8899,-1.1899,-0.8244,1.786,-0.9742
-0.4261,-9.012,-1.719,-0.7645,1.5533,-0.9913
-0.4141,-9.1485,-1.8459,-0.7749,1.298,-1.0096
-0.8786,-9.4597,-1.6998,-0.858,1.0805,-1.0591
-1.5538,-9.692,-1.3958,-1.0223,0.9192,-1.1764
-2.4995,-9.759,-0.158,-1.1127,0.943,-1.2295
-2.9281,-9.8189,0.5027,-1.172,1.0994,-1.235
-3.8474,-10.032,2.0805,-1.183,1.3633,-1.1966
-4.5082,-10.1732,3.4596,-1.1274,1.6242,-1.1129
-4.1754,-10.5347,2.715,-0.872,1.7353,-0.8954
-3.9288,-10.6233,2.3391,-0.5807,1.494,-0.7085
-2.8275,-11.016,0.2561,-0.2471,1.1086,-0.5154
-2.0949,-11.3488,-1.7022,0.0527,0.8117,-0.3633
-1.5562,-12.0287,-3.0119,0.2555,0.739,-0.2858
-1.5658,-12.1029,-2.9807,0.3588,0.7812,-0.2693
-1.8243,-12.6799,-1.9919,0.3154,0.9479,-0.2894
-2.0566,-12.6177,0.0311,0.1737,1.1544,-0.2656
-4.2353,-12.4621,3.3806,0.013,1.3499,-0.188
-4.2353,-12.4621,3.3806,0.0717,1.2027,-0.0866
-7.9466,-13.9201,2.3271,0.0717,1.2027,-0.0866
-10.3552,-14.7153,-0.0335,0.5658,0.5851,0.0159
-11.004,-13.7142,-1.3048,0.8517,0.1446,0.256
-10.2331,-12.7709,0.4357,0.9562,-0.0868,0.5865
-9.4693,-12.2729,3.8043,0.9678,0.0219,0.873
-7.8772,-12.4932,4.3813,1.1168,0.0695,1.0904
-4.3694,-13.5131,0.8619,1.5078,-0.3384,1.3592
-2.4923,-14.15,-0.5746,2.1284,-1.1949,1.7282
0.3256,-14.8446,-1.2521,2.3117,-1.6756,1.8491
2.7461,-15.6898,-1.3383,2.3196,-1.898,1.9108
5.3058,-18.728,-1.8531,2.2842,-1.7532,1.9377
5.8325,-19.0129,-2.0207,2.2695,-1.3397,1.9188
7.1302,-19.3792,-3.5146,2.2182,-0.9194,1.9139
7.518,-18.7448,-4.1754,2.0056,-0.5174,1.879
6.206,-15.2708,-1.7621,1.7729,-0.234,1.7954
6.0767,-15.0649,-1.4748,1.5506,-0.0208,1.7068
4.9443,-13.4317,0.7469,1.4229,0.0041,1.6579
3.6343,-12.0622,2.0542,1.4229,-0.1527,1.6402
0.96,-10.8867,1.1731,1.6342,-0.3403,1.6231
0.96,-10.8867,1.1731,1.8059,-0.256,1.6225
0.4453,-10.6018,-1.142,1.8963,-0.0293,1.6231
-1.1252,-10.6305,-2.7054,1.8358,0.1465,1.5895
-3.2393,-10.6473,-2.0638,1.5054,-0.0519,1.4936
-3.6918,-10.4892,-0.7206,1.0551,-0.5034,1.5009
-3.043,-9.8332,-0.1508,0.6526,-1.0025,1.7428
-1.5418,-9.1485,-0.6392,0.7442,-0.989,1.8876
0.6919,-8.5164,-1.3263,0.9715,-0.8265,1.9016
1.3192,-8.2698,-1.786,1.184,-0.6469,1.8076
2.0374,-7.8053,-2.4516,1.2818,-0.7343,1.6439
2.1595,-7.3912,-2.5761,1.2641,-1.2456,1.3427
1.7741,-6.5652,-2.2457,1.2066,-1.5822,1.1631
1.719,-6.4191,-2.2242,1.1706,-1.8516,1.0409
1.4365,-5.9235,-2.2697,1.1718,-2.0128,0.9695
1.5538,-5.653,-2.3942,1.1871,-2.0996,0.9322
2.6455,-5.1693,-2.8251,1.1694,-2.1234,0.9224
2.7772,-5.1502,-2.9137,1.0283,-2.0031,0.854
3.5194,-4.7644,-3.0382,0.8548,-1.8057,0.7349
4.2497,-4.1754,-2.9855,0.6306,-1.6042,0.5687
4.6327,-2.6336,-2.4851,0.3954,-1.4136,0.3727
4.6232,-2.5617,-2.4516,0.1834,-1.2303,0.1668
4.5753,-1.944,-2.2577,0.0026,-1.1112,-0.0139
3.881,-1.6424,-2.2744,-0.2563,-1.0373,-0.2076
2.9712,-1.6376,-1.8531,-0.4475,-1.0605,-0.301
2.1212,-1.9512,-1.2258,-0.6759,-1.1405,-0.3701
0.0047,-2.8323,0.2753,-0.913,-1.2572,-0.436
-1.9129,-3.6248,2.3032,-1.1091,-1.383,-0.4739
-4.695,-5.6554,8.5212,-1.2361,-1.3745,-0.3823
-6.2826,-7.0344,13.2498,-1.1634,-1.2499,-0.2027
-11.1165,-10.2283,17.6985,-0.847,-1.0361,0.0403
-13.719,-14.2936,16.7791,-0.1512,-0.4851,0.3739
-13.1133,-20.2028,8.7965,0.5048,0.1624,0.8797
-12.7135,-20.5931,7.8389,0.7338,0.3591,1.3513
-10.0056,-20.2531,5.6913,0.2067,-0.2242,1.4869
-8.629,-16.7671,6.455,-0.3785,-0.5657,1.1362
-3.9504,-11.3464,6.8261,-0.6369,-0.3861,0.5535
-3.9504,-11.3464,6.8261,-0.4347,-0.4246,0.1601
-1.5466,-9.1198,5.7799,0.0283,-0.7129,-0.0011
1.1276,-6.9674,4.4292,0.575,-1.0782,0.0532
5.1933,-4.5058,2.1499,0.6,-1.2676,0.1656
5.3633,-4.5202,2.1116,0.382,-1.2706,0.2096
7.2379,-6.6992,2.2337,0.0252,-0.9145,0.1259
8.775,-11.569,2.3439,-0.3271,-0.212,-0.064
8.7032,-22.87,1.9201,-0.6191,0.4727,-0.3713
8.7032,-22.87,1.9201,-1.3778,0.6914,-1.5631
-9.0168,-29.3992,5.1262,-1.3778,0.6914,-1.5631
-9.9721,-20.4494,-7.5923,-0.8543,-0.1595,-1.4574
2.1332,-7.0871,-13.4317,0.2335,0.5442,0.0135
3.5386,-4.0485,-11.6648,0.7412,2.6846,1.1588
4.9682,0.0909,-4.4939,0.473,3.0915,1.1594
5.8613,2.6072,2.5115,-0.4518,2.0603,0.5712
4.5154,2.1428,-2.636,-0.9502,0.8032,0.1595
4.0821,0.2944,-4.5992,-1.2465,-0.4301,-0.2082
2.308,-4.2808,-7.3935,-1.4469,-0.2914,-0.5124
1.3742,-6.3712,-7.7239,-1.6405,1.279,-0.7543
-1.0079,-13.8172,-2.1428,-1.8855,3.0701,-1.0078
-1.0079,-13.8172,-2.1428,-1.9795,3.2301,-1.0719
-3.2513,-16.7863,0.565,-1.905,2.8514,-1.0817
-6.5484,-18.4311,2.2002,-1.6081,2.2143,-1.0463
-6.5173,-15.3474,0.5985,-1.2153,1.5704,-0.8667
-6.4,-14.9547,0.3495,-0.8372,1.163,-0.5454
-5.0257,-11.5523,-1.3766,-0.5006,1.2986,-0.2986
-3.3446,-9.3448,-2.0207,-0.6289,1.5393,-0.3493
-1.8004,-8.1166,-1.5538,-0.9435,1.4928,-0.4592
-1.0486,-7.8221,-1.2497,-1.2587,1.2491,-0.5784
-0.1819,-7.5492,-1.0797,-1.4157,1.0524,-0.637
0.292,-7.4558,-1.0031,-1.3485,0.9663,-0.6743
0.6943,-7.7287,-1.2066,-1.2282,0.9711,-0.6847
0.6296,-8.1764,-1.3215,-1.1036,1.0255,-0.6834
0.0574,-8.9977,-1.4413,-1.0211,1.1263,-0.6865
-0.6895,-9.3664,-1.6903,-0.9808,1.2222,-0.736
-1.6974,-9.8715,-2.1475,-0.9435,1.3487,-0.8111
-1.786,-9.917,-2.1092,-0.927,1.6382,-0.8893
-2.0661,-9.9242,-1.8483,-0.949,1.7805,-0.9052
-2.1452,-9.7614,-1.5801,-0.9631,1.852,-0.9015
-2.4492,-9.3113,-1.6136,-0.9539,1.8752,-0.8826
-2.4516,-9.2802,-1.6376,-0.9307,1.8587,-0.8569
-2.1883,-9.0982,-1.5251,-0.9325,1.7482,-0.7702
-1.944,-9.1006,-0.9768,-0.9649,1.6132,-0.7024
-1.3958,-8.9282,-0.5219,-0.9826,1.5331,-0.6792
-1.3527,-8.945,-0.5674,-0.9502,1.5472,-0.6627
-0.8834,-8.9474,-1.063,-0.8794,1.5612,-0.6303
-0.1149,-8.8803,-1.4341,-0.8085,1.5087,-0.5796
0.1221,-8.7415,-1.1707,-0.8103,1.3138,-0.538
-0.0957,-8.9187,-0.9241,-0.8604,1.2552,-0.5875
-0.395,-9.3999,-0.7015,-0.9087,1.3108,-0.6608
-0.4812,-9.7614,-0.5722,-0.9203,1.4458,-0.7066
-0.4908,-10.1804,0.2298,-0.8983,1.6223,-0.7207
-0.5434,-10.2522,0.9433,-0.8769,1.7763,-0.7225
-0.8547,-10.3743,2.3056,-0.8824,1.9009,-0.7274
-1.3311,-10.3528,2.6671,-0.8494,1.8209,-0.7366
-2.3942,-9.6249,-1.1851,-0.6808,1.6028,-0.736
-2.4875,-9.5842,-1.8531,-0.3461,1.3352,-0.7152
-2.7485,-9.668,-3.7876,-0.0095,1.0933,-0.6608
-3.0741,-9.9841,-4.0198,0.1724,1.108,-0.5106
-3.766,-10.5252,-4.0198,0.145,1.3334,-0.422
-3.8019,-10.5587,-4.0892,0.1272,1.4757,-0.3481
-4.2736,-10.8484,-4.0605,0.1333,1.4177,-0.2589
-4.1635,-10.8843,-3.1435,0.0955,1.3487,-0.1727
-3.9911,-11.7989,-0.0143,-0.026,1.5148,-0.0933
-4.0581,-11.9306,0.0837,-0.2037,1.9662,0.0324
-4.8434,-13.1324,0.0718,-0.1219,2.0328,0.1118
-5.2914,-13.6759,-0.6607,0.0704,1.8587,0.1949
-6.1653,-13.4413,-1.3168,0.2457,1.4916,0.2859
-7.5156,-13.731,-1.2593,0.3319,0.9895,0.3293
-8.7582,-14.4876,-1.0414,0.4382,0.2063,0.4063
-7.9203,-14.756,-0.1029,0.5836,-0.292,0.6243
-2.9664,-13.9177,4.0438,0.7485,-0.6335,0.9805
-0.2202,-13.3934,7.1852,0.9006,-0.5773,1.3476
3.529,-12.7566,9.5124,1.09,-0.3275,1.5968
5.7775,-12.589,7.4342,1.4204,-0.3195,1.7251
8.1597,-13.4293,1.6112,2.1187,-0.7129,1.7166
8.1908,-13.5969,1.0702,2.451,-0.7441,1.5901
6.886,-14.3655,-0.9385,2.6104,-0.4447,1.3733
5.1933,-15.2085,-2.3247,2.6373,0.061,1.2028
5.0927,-15.9507,-2.9257,2.5768,0.6388,1.2401
5.1598,-15.9387,-2.9759,2.4699,1.1324,1.4588
4.8219,-15.4958,-3.4141,2.3068,1.3725,1.6769
3.2728,-14.6384,-3.4308,2.1773,1.4776,1.5596
0.9265,-13.5945,0.1508,2.0136,1.64,1.3293
0.9265,-13.5945,0.1508,1.8102,1.6779,1.1619
0.0909,-13.64,2.4684,1.6275,1.4934,1.1057
0.1843,-13.5873,3.8115,1.6312,0.9846,1.226
0.802,-12.8332,3.1004,1.8047,0.6523,1.4123
0.8427,-12.2298,1.9584,2.0148,0.4085,1.5467
0.9265,-11.6672,0.632,2.1174,0.2186,1.5913
1.3096,-11.5164,-0.4141,2.0564,0.017,1.5877
1.9249,-11.071,-1.5298,1.9152,-0.0379,1.5199
2.0901,-10.4916,-1.7381,1.7509,0.2955,1.2663
2.3391,-9.2107,-1.8411,1.743,0.5796,1.0562
2.545,-8.0591,-1.3599,1.7931,0.7311,0.8821
3.0119,-6.9147,-0.1987,1.8847,0.7427,0.7685
3.0717,-6.7998,-0.055,2.0258,0.692,0.7153
3.2489,-6.8213,0.1149,2.2408,0.6407,0.7056
3.4093,-7.1015,0.1197,2.2885,0.5851,0.7477
2.9735,-7.4319,1.0797,2.206,0.56,0.7954
2.9735,-7.4319,1.0797,1.6556,0.6394,0.8369
1.9129,-7.1445,2.7222,1.6556,0.6394,0.8369
0.8523,-6.7423,3.0358,1.3862,0.6016,0.8253
-1.4006,-5.7152,1.1276,1.2299,0.2155,0.7215
-1.4484,-5.629,0.972,1.2085,-0.146,0.6042
-1.1947,-5.0975,-0.0311,1.1706,-0.4203,0.4783
-0.4309,-4.4627,-0.7182,1.0832,-0.4899,0.336
-0.1699,-3.711,-0.632,0.9617,-0.3751,0.1246
-0.1987,-3.3399,-0.4165,0.8303,-0.1766,-0.1392
-0.213,-3.1124,-0.2059,0.6691,0.0353,-0.4605
0.0526,-3.0382,-0.0191,0.575,0.1697,-0.5594
0.3064,-3.0885,-0.0143,0.4559,0.2913,-0.5832
0.2681,-3.2178,0.1628,0.3062,0.3798,-0.5802
-0.1436,-3.5649,0.6703,0.1217,0.4916,-0.5661
-1.0031,-4.3598,1.6184,-0.1579,0.7164,-0.5264
