bicicleta
-6.2084,-16.0345,-3.1172,1.7001,0.1479,-1.0244
-4.173,-10.9896,-5.7008,1.7001,0.1479,-1.0244
-3.8594,-7.882,-6.9267,1.6029,0.2719,-1.2009
-3.699,-7.5061,-6.7064,1.4154,0.5615,-1.3127
-3.699,-7.5061,-6.7064,0.9524,1.0984,-1.364
-3.2082,-4.3382,-5.4111,0.9524,1.0984,-1.364
-3.7708,-3.4931,-4.7668,0.7752,1.0343,-1.3787
-3.7708,-3.4931,-4.7668,0.4979,0.5878,-1.4025
-5.6554,-3.8905,-3.11,0.2981,0.2463,-1.4795
-8.7582,-5.4135,-2.4851,0.176,-0.2277,-1.532
-13.7669,-8.7463,-0.8954,0.1295,-0.7359,-1.4978
-13.7669,-8.7463,-0.8954,-0.1092,-0.1146,-0.4166
-10.9944,-8.7798,-1.1396,-0.1092,-0.1146,-0.4166
-7.5348,-9.0001,-2.3558,-0.0738,0.2707,0.2816
-4.1826,-9.498,-3.4093,0.0031,0.3477,0.7819
-2.8538,-9.7087,-3.8259,0.0324,0.3129,1.1007
-1.8387,-9.8069,-3.8115,0.0141,0.1968,1.3249
-1.1156,-9.7758,-3.4404,-0.0481,-0.0126,1.4709
-1.1156,-9.7758,-3.4404,-0.1831,-0.7499,1.4831
0.0718,-9.2706,-3.541,-0.1831,-0.7499,1.4831
-0.1675,-9.4214,-4.2999,-0.1862,-0.888,1.3219
-1.4269,-9.747,-3.8235,-0.1868,-0.8776,1.0769
-4.0366,-9.3975,-1.9393,-0.243,-0.7518,0.8252
-4.4053,-9.3855,-1.8938,-0.268,-0.7402,0.6218
-5.8708,-9.7183,-2.1332,-0.21,-0.8037,0.5998
-6.7304,-9.9386,-2.6001,-0.1618,-0.8397,0.6737
-6.3616,-9.9027,-2.6791,-0.166,-0.9472,0.8161
-6.3976,-9.8213,-2.5187,-0.1776,-1.0969,0.9761
-5.5069,-9.2969,-1.9225,-0.1642,-1.2105,1.1136
-4.7141,-8.3656,-1.7741,-0.0787,-1.2545,1.1875
-5.5141,-6.9698,-2.7509,-0.0017,-1.2447,1.1478
-5.5141,-6.9698,-2.7509,0.0556,-1.1849,1.0574
-6.534,-6.5364,-3.5697,0.0794,-1.089,0.9889
-7.4845,-6.139,-4.0916,0.0507,-0.968,0.992
-8.6577,-6.0911,-5.052,-0.0206,-0.8587,1.0769
-9.5795,-6.7112,-5.7439,-0.1666,-0.7322,1.306
-9.4837,-8.1836,-5.7128,-0.3194,-0.6247,1.5259
-8.9761,-9.9889,-4.7165,-0.499,-0.4897,1.788
-9.1581,-12.9409,-4.8075,-0.6156,-0.3932,1.9883
-9.5268,-14.162,-5.0807,-0.6193,-0.3712,2.083
-9.5411,-15.9483,-5.3321,-0.6315,-0.2649,2.1337
-9.5004,-17.0137,-5.1574,-0.7256,-0.0694,2.1294
-7.3912,-14.6911,-2.2673,-0.885,0.2041,2.0879
-7.0871,-14.2362,-1.9249,-1.0493,0.3788,2.0164
-6.3976,-12.2634,-1.0247,-1.1116,0.2347,1.8777
-5.5285,-10.5778,-0.292,-1.0231,-0.235,1.6945
-3.8426,-6.795,1.0845,-0.8258,-0.7328,1.5375
-3.596,-6.3209,1.1492,-0.6908,-0.8013,1.4856
-2.9041,-4.3598,0.79,-0.5472,-0.9063,1.4575
-2.5282,-3.1268,0.1077,-0.3358,-1.1488,1.4282
-0.3112,-1.3479,-3.6942,-0.1355,-1.4298,1.4349
-0.3112,-1.2545,-3.8714,0.091,-1.6247,1.4978
0.4261,-0.6488,-4.9347,0.1283,-1.2899,1.4819
1.3575,0.0574,-4.9203,0.0556,-0.6467,1.455
2.272,0.2633,-3.9097,-0.1172,0.0875,1.3946
2.7844,0.0023,-3.1124,-0.3694,0.6354,1.2999
3.1962,-0.6392,-1.6759,-0.6517,0.8009,1.1942
3.3255,-1.5035,-1.2306,-0.8545,0.5578,0.9743
3.8762,-3.0071,-1.8555,-0.7787,0.3269,0.7819
4.0294,-3.5027,-2.0805,-0.725,0.1797,0.5638
3.869,-3.9049,-1.7118,-0.8105,0.1882,0.2492
3.0238,-4.3287,-0.6177,-0.9602,0.3886,-0.1918
-0.1843,-6.3042,0.4381,-0.987,0.9812,-0.9645
-0.6392,-6.7687,0.3208,-0.7952,1.319,-1.5234
-2.7653,-9.6034,-0.6057,-0.4935,1.4411,-2.0409
-2.7653,-9.6034,-0.6057,0.0067,1.3593,-3.0109
-9.522,-15.1271,-2.4492,0.0067,1.3593,-3.0109
-9.6202,-15.1271,-2.4205,0.0403,1.2518,-3.3096
-9.9841,-14.7752,-2.2433,0.0055,1.1131,-3.2302
-8.7487,-14.1667,-2.557,0.0666,1.0624,-3.0311
-7.384,-13.1803,-3.0454,0.1753,1.0997,-2.8197
-7.4127,-13.1277,-2.94,0.3116,1.2444,-2.6884
-7.6928,-12.6584,-2.4372,0.4563,1.3715,-2.6212
-7.8413,-11.9593,-2.0733,0.6121,1.3605,-2.5656
-7.202,-10.846,-1.9752,0.8894,1.162,-2.408
-6.6968,-10.2594,-2.0973,1.047,1.0887,-2.2748
-6.0719,-9.7135,-2.2074,1.1735,1.0685,-2.1704
-5.6003,-9.3999,-2.3487,1.2773,1.0337,-2.0885
-5.2914,-9.1772,-2.2673,1.3555,0.9622,-2.05
-5.459,-9.1605,-2.5234,1.4411,0.8333,-2.0873
-5.9738,-9.3328,-3.5266,1.5089,0.727,-2.1801
-6.8501,-9.4502,-5.0568,1.5565,0.578,-2.265
-7.9682,-9.2514,-7.7072,1.5229,0.457,-2.2968
-8.1764,-9.1629,-7.9682,1.4014,0.3996,-2.2565
-9.115,-8.5978,-8.0136,1.1814,0.4124,-2.1795
-9.3664,-7.4127,-6.6489,0.661,0.5554,-1.9645
-8.2171,-5.4423,-3.0526,0.2945,0.5291,-1.6865
-8.0424,-5.2771,-2.8275,-0.0127,0.228,-1.3829
-8.0543,-4.8865,-2.5713,-0.1618,-0.1818,-1.1362
-8.2411,-4.9012,-3.6703,-0.1599,-0.2582,-0.9425
-6.8429,-6.965,-3.2058,-0.0573,0.3367,-0.5913
-6.7208,-6.965,-2.9496,-0.1251,0.7301,-0.2321
-5.1262,-9.1509,-2.0925,-0.2687,0.6287,0.1631
-4.367,-11.8085,-1.6519,-0.436,0.3159,0.4667
-4.3095,-14.2625,-2.8658,-0.48,0.2463,0.6676
-4.2856,-15.2372,-4.0318,-0.3572,0.3416,0.8295
-3.7948,-15.5629,-4.8793,-0.1159,0.1986,1.1496
-2.7509,-15.2444,-3.9504,-0.0316,-0.1788,1.4007
-0.8954,-13.3168,-3.7301,-0.0549,-0.6901,1.6004
-0.6631,-12.1317,-3.711,-0.0695,-1.235,1.5992
-0.7805,-9.8141,-3.0861,-0.0298,-1.4964,1.3707
-1.5777,-7.9514,-2.8491,0.041,-1.4256,1.0567
-1.5777,-7.9514,-2.8491,0.2548,-1.2209,0.5766
-3.1651,-5.3585,-2.6743,0.2548,-1.2209,0.5766
-3.9552,-4.8865,-3.383,0.3152,-1.2014,0.5253
-4.9371,-4.8674,-3.8522,0.3452,-1.1769,0.5436
-6.5723,-6.4143,-4.2114,0.2951,-1.0719,0.6285
-6.6968,-6.558,-4.2425,0.1259,-0.9454,0.8277
-7.7072,-7.7838,-4.6064,0.0147,-0.924,0.9437
-8.3656,-8.9426,-4.6088,-0.0805,-0.891,1.047
-8.2626,-10.5778,-2.9975,-0.1599,-0.8269,1.1606
-8.2626,-10.5778,-2.9975,-0.1575,-0.8477,1.3939
-8.5212,-11.0375,-2.9879,-0.1575,-0.8477,1.3939
-8.3297,-11.004,-3.347,-0.0164,-1.0438,1.6126
-7.2044,-10.6544,-3.5003,0.0202,-1.0682,1.8209
-7.2044,-10.6544,-3.5003,-0.0579,-0.7316,2.1325
-5.6745,-9.7686,-3.3806,-0.0579,-0.7316,2.1325
-5.1645,-9.2347,-3.0406,-0.1337,-0.4683,2.1801
-5.0592,-9.51,-2.4588,-0.2815,-0.0364,2.1673
-5.3345,-9.9051,-2.3319,-0.3652,0.184,2.1361
-6.0815,-10.8268,-2.5977,-0.4134,0.264,2.0928
-7.53,-12.0024,-3.4428,-0.4281,0.1736,2.0213
-10.2786,-13.561,-5.4662,-0.4482,-0.0548,1.9291
-10.4198,-13.6496,-5.5811,-0.5167,-0.3767,1.8735
-9.8596,-13.0965,-5.0544,-0.7683,-0.9265,1.9394
-8.605,-11.9617,-3.5218,-0.9614,-1.3303,1.9908
-5.1119,-7.8101,-1.3527,-1.031,-1.8122,1.9242
-4.8913,-7.5492,-1.2425,-0.9565,-2.1904,1.7989
-2.6719,-5.3489,-0.2896,-0.816,-2.1702,1.6731
-1.537,-3.7588,0.3854,-0.6761,-1.6375,1.5216
-0.2226,-1.446,-0.0718,-0.4018,-0.3517,1.2773
-0.1436,-1.3287,-0.2513,-0.1398,0.2958,1.1942
0.5506,-0.3687,-2.0087,0.1442,0.6446,1.1557
1.0773,0.3615,-3.462,0.3232,0.895,1.1441
2.1332,0.0191,-4.0126,0.2041,1.0783,1.1563
3.122,-1.1923,-3.2848,-0.5179,0.8413,1.2247
3.122,-1.1923,-3.2848,-1.0658,0.355,0.8271
2.9209,-4.2161,-2.1739,-1.0658,0.355,0.8271
2.9209,-4.2161,-2.1739,-0.9412,0.1027,0.1203
1.8794,-6.3185,-1.2785,-0.9412,0.1027,0.1203
1.6424,-6.546,0.2202,-1.0255,0.118,-0.1685
0.9145,-6.8357,1.549,-1.1318,0.4931,-0.6682
-1.6089,-7.7192,1.5658,-0.9424,0.7997,-1.1698
-1.8938,-7.9083,1.4437,-0.557,0.9524,-1.6957
-3.5721,-9.0862,0.0335,-0.1208,0.964,-2.1563
-5.4111,-10.1565,-1.6855,0.2529,0.8969,-2.5546
-6.7375,-10.9968,-3.7876,0.4759,0.8846,-2.9779
-6.7304,-10.9968,-3.7876,0.4185,1.0074,-3.0372
-6.6753,-11.0902,-4.906,0.2877,1.1485,-2.9455
-6.6537,-10.7454,-3.7517,0.1014,1.3904,-2.8221
-5.6434,-9.0862,-2.3798,-0.0762,1.6946,-2.6664
-5.5524,-8.9953,-2.3702,-0.0958,1.727,-2.4709
-4.961,-8.3752,-2.387,0.099,1.3471,-2.2644
-4.9251,-8.4159,-2.1763,0.2389,1.162,-2.2632
-5.4423,-9.1892,-1.5346,0.3733,1.1174,-2.3377
-6.2946,-9.9577,-1.4365,0.5284,1.1552,-2.4342
-7.7934,-11.4685,-1.6735,0.7361,1.1632,-2.5381
-9.3951,-12.7733,-1.9488,0.9585,1.0819,-2.6187
-9.3951,-12.7733,-1.9488,1.3885,0.7185,-2.3939
-11.1357,-13.1444,-4.3861,1.3885,0.7185,-2.3939
-10.0511,-11.9377,-5.8206,1.5083,0.6305,-2.058
-9.0431,-10.6928,-6.8429,1.4887,0.7405,-1.6963
-6.7974,-8.5643,-5.8565,1.3445,0.9182,-1.422
-6.4933,-8.4207,-5.5356,0.9908,1.1204,-1.0305
-5.7392,-7.9059,-4.6064,0.7404,1.041,-0.8405
-5.2723,-7.6521,-3.9073,0.5791,0.7643,-0.7141
-4.1515,-8.3009,-2.885,0.496,0.5126,-0.6145
-4.1515,-8.3009,-2.885,0.3207,0.3874,-0.3555
-3.1938,-9.5651,-1.5969,0.3207,0.3874,-0.3555
-2.557,-10.3121,-1.0558,0.2236,0.6727,-0.1979
-2.691,-9.9218,-1.7381,0.2468,0.837,-0.1802
-2.7724,-9.8715,-1.7621,0.289,0.8565,-0.2052
-3.3901,-9.3209,-2.6336,0.3201,0.79,-0.2296
-4.3694,-9.0144,-3.8618,0.3531,0.6666,-0.2388
-5.1071,-8.4422,-3.3758,0.3122,0.4851,-0.1881
-4.9347,-8.0208,-3.4356,0.2334,0.3116,-0.039
-4.276,-7.4103,-4.2592,0.2328,-0.0523,0.1795
-3.9336,-7.0224,-4.5753,0.234,-0.3315,0.4147
-4.276,-6.2563,-4.6926,0.1711,-0.4121,0.5937
-4.4388,-5.9139,-3.869,0.0703,-0.3553,0.6945
-4.6686,-5.7392,-3.4404,-0.1361,-0.2069,0.8484
-5.7152,-6.5221,-2.035,-0.2222,-0.3242,0.9291
-8.6481,-9.7566,-1.5586,-0.3291,-0.4842,0.9511
-9.0479,-10.1445,-1.7956,-0.3774,-0.877,0.9657
-10.6209,-11.3655,-3.0023,-0.3603,-1.1904,0.9944
-10.913,-11.976,-3.2992,-0.3035,-1.2435,1.0769
-7.0584,-12.723,-2.7485,-0.1556,-1.0236,1.452
-6.8261,-12.7135,-2.8036,0.0318,-0.9363,1.7684
-5.3345,-12.4309,-3.4548,0.2767,-0.9179,1.959
-4.8099,-11.7534,-3.5482,0.4765,-0.924,1.9956
-4.7333,-10.3432,-3.7924,0.5535,-0.9216,1.9327
-4.707,-10.2594,-3.8474,0.5046,-1.1372,1.8393
-4.6255,-9.6992,-3.8546,0.3898,-1.3596,1.7959
-4.3861,-9.1389,-3.4572,0.2181,-1.5172,1.7293
-4.3191,-8.1836,-2.9496,0.0348,-1.64,1.6468
-4.4125,-7.6306,-2.6695,-0.1135,-1.7328,1.5412
-4.3095,-6.783,-2.3798,-0.2167,-1.7817,1.4544
-4.7285,-6.2994,-2.6958,-0.3169,-1.7823,1.4532
-5.9307,-6.5891,-3.2441,-0.3609,-1.7359,1.518
-6.6537,-7.0009,-3.8331,-0.4134,-1.6369,1.6291
-8.6744,-8.0903,-5.2507,-0.4501,-1.5178,1.7623
-10.5371,-9.6393,-6.9075,-0.48,-1.3773,1.8894
-11.4972,-11.0471,-7.5061,-0.5435,-1.2215,2.0714
-11.2458,-11.0208,-7.2954,-0.5973,-1.2435,2.0995
-9.5364,-10.573,-5.0616,-0.681,-1.2783,2.0702
-7.1852,-9.8859,-2.6024,-0.7848,-1.1653,2.1001
-3.1052,-7.9418,-0.4788,-0.7934,-0.9625,2.171
-2.5378,-7.5228,-0.3519,-0.6798,-0.7243,2.218
-0.6775,-5.6817,0.3208,-0.4727,0.1272,2.1429
-0.2226,-4.4699,0.5267,-0.4147,1.11,1.926
-1.4676,-3.5625,-0.723,-0.3291,1.892,1.5906
-1.5442,-3.5913,-0.8044,-0.243,2.2988,1.2626
-1.1827,-4.4149,-3.1699,-0.3438,2.1326,1.1307
0.5937,-5.4614,-5.9786,-0.5955,1.3287,1.185
2.0302,-6.443,-4.9946,-1.1147,0.2524,1.1905
0.9097,-6.8309,-1.8124,-1.4159,0.3599,0.8613
0.2489,-8.3704,-0.3902,-1.4818,0.5719,0.342
-0.225,-9.9649,0.6512,-1.2778,0.3892,-0.1227
-1.7932,-10.5084,3.0047,-1.1336,0.2909,-0.576
-2.9233,-9.7423,3.596,-0.9357,0.6281,-1.3035
-3.9097,-8.5595,3.6703,-0.5735,0.7362,-1.6982
-4.4795,-7.0871,3.1148,-0.1275,0.7447,-1.9077
-4.0102,-4.1539,1.9393,0.2932,0.702,-1.9975
-3.79,-3.5817,1.6831,0.6317,0.6568,-1.9792
-2.5402,-2.4588,1.0079,0.9029,0.6385,-1.8655
-1.6615,-1.6711,0.3543,1.2175,0.6201,-1.6487
-0.8619,-1.8938,-5.0448,1.372,0.6256,-1.5143
-0.7469,-1.9823,-5.7799,1.4557,0.6733,-1.3897
-0.3663,-3.1962,-7.7982,1.3293,0.9573,-1.2986
-0.2609,-5.404,-8.6002,0.8809,1.6226,-1.3041
-4.027,-10.8699,-4.9275,0.0562,2.6476,-1.6646
-4.3933,-11.1644,-4.616,-0.3719,3.0239,-2.1856
-8.0089,-13.3503,-3.3159,-0.4763,2.6604,-2.7659
-10.6209,-14.5067,-3.9911,-0.1764,1.2976,-3.1184
-9.7351,-13.992,-3.5601,0.1863,-0.3627,-3.0915
-9.7351,-13.992,-3.5601,0.4203,-1.2698,-2.3487
-7.2331,-10.2331,-1.3359,0.4203,-1.2698,-2.3487
-6.9458,-8.4159,1.1779,0.3439,0.6965,-2.3298
-6.364,-7.6545,0.5171,0.4417,2.8553,-2.3096
-6.0839,-7.5899,-0.9337,0.8736,3.6635,-2.1539
-5.7224,-7.4031,-3.8163,1.4197,3.4209,-1.9492
-6.3209,-8.0065,-6.6968,1.8717,2.3953,-1.714
-10.6904,-12.3783,-12.34,1.6408,1.3098,-1.766
-11.8276,-13.2043,-12.6823,1.0861,0.3367,-1.8979
-13.4605,-16.3913,-9.9146,0.3788,-0.1464,-1.9205
-13.3024,-17.7559,-5.1789,-0.2332,-0.1971,-1.6853
-6.3856,-17.167,3.3039,-0.4421,-0.1953,-1.2131
-5.2507,-16.6881,3.7373,-0.1141,0.005,-0.2089
-2.2002,-14.2841,3.3231,0.2578,0.4283,0.2974
-1.7214,-11.6361,0.3423,0.7196,0.3123,0.3652
-1.7214,-11.6361,0.3423,1.3122,-0.4353,0.0329
-2.8682,-7.6162,-4.6327,1.3122,-0.4353,0.0329
-3.1052,-6.1462,-6.0097,1.3305,-0.5569,-0.0317
-2.7509,-4.9395,-5.471,1.0525,-0.4201,-0.0091
-2.2122,-3.45,-3.6679,0.7172,-0.2136,0.0568
-1.8507,-2.8179,-2.5929,0.3855,-0.1647,0.1209
-1.7645,-2.4301,-1.4628,0.1344,-0.2796,0.1802
-3.2609,-3.0119,-0.5722,0.0104,-0.4262,0.2052
-6.0719,-6.0408,-3.0071,0.1014,-0.5398,0.1869
-6.7064,-7.0584,-4.3287,0.2908,-0.7041,0.2822
-7.1398,-7.7335,-5.5165,0.3849,-0.7878,0.5009
-6.5556,-7.8077,-5.5668,0.3152,-0.7933,0.7721
-5.8517,-8.1238,-4.3933,0.1491,-0.742,1.0403
-5.8397,-8.2435,-4.3454,-0.0286,-0.6327,1.2186
-6.0672,-9.0886,-4.2137,-0.2131,-0.5771,1.3726
-6.8429,-10.4222,-4.1036,-0.2986,-0.5557,1.455
-7.9083,-13.1612,-3.6463,-0.3762,-0.5404,1.5528
-7.9083,-13.1612,-3.6463,-0.5307,-0.695,1.86
-7.9514,-13.5083,-3.4955,-0.5839,-0.8672,2.0922
-6.5963,-14.7009,-1.3239,-0.5839,-0.8672,2.0922
-4.4125,-12.9433,0.0095,-0.5106,-0.9637,2.1954
-4.3287,-12.8044,0.0023,-0.3285,-1.0706,2.2327
-3.62,-11.4996,-0.2202,-0.075,-1.2191,2.2174
-3.8355,-10.5132,-0.7781,0.19,-1.395,2.1453
-4.4939,-9.4238,-2.0805,0.4301,-1.5557,2.0128
-5.2076,-8.9522,-3.2489,0.6689,-1.7261,1.8173
-6.4047,-8.8325,-4.343,0.7068,-1.7518,1.7458
-6.9339,-8.775,-4.8913,0.6249,-1.6614,1.7256
-7.4654,-8.7032,-5.4303,0.4582,-1.527,1.7513
-8.131,-8.7989,-5.7463,0.2535,-1.3547,1.7434
-9.0479,-9.0934,-6.5292,0.033,-1.1385,1.6792
-9.601,-9.3448,-6.5747,-0.3426,-0.7884,1.6884
-9.0623,-9.2347,-5.1358,-0.6333,-0.5618,1.7849
-8.8779,-9.1653,-4.8267,-0.8777,-0.4659,1.8698
-8.2315,-8.8229,-3.7493,-1.0176,-0.5526,1.9058
-7.4438,-8.7558,-2.6839,-1.0219,-0.8318,1.8875
-5.6721,-8.2004,-0.96,-0.8441,-1.4433,1.89
-5.3369,-7.937,-0.802,-0.6346,-1.7725,1.8894
-2.8036,-6.0169,-0.9744,-0.3658,-1.8825,1.8759
-0.9433,-4.6686,-0.8643,-0.1178,-1.4598,1.8533
0.0023,-3.8953,-1.3287,-0.0365,-0.0597,1.7861
0.0311,-3.8738,-1.4365,-0.0182,1.4876,1.692
0.225,-3.8786,-2.9735,0.0953,2.6372,1.5057
0.7948,-3.9576,-5.1047,0.1387,2.8192,1.3591
2.3247,-4.8482,-4.1252,-0.254,2.5132,1.3023
1.9201,-5.1358,-2.3056,-1.0469,1.6244,1.2412
0.4237,-5.2819,-0.7661,-1.6071,0.5994,0.8717
-0.8283,-5.8828,-1.1468,-1.5063,-0.7304,-0.0519
-2.0087,-6.8596,0.3208,-1.21,-1.1006,-0.5882
-2.3511,-6.2395,2.1619,-1.1587,-0.6491,-0.9437
-2.5306,-4.6423,3.8187,-1.2161,0.6623,-1.2296
-3.0334,-3.4668,3.5697,-0.9406,1.5865,-1.43
-3.0645,-2.6096,1.9632,-0.4971,1.5212,-1.5888
-2.8036,-2.8251,1.5729,0.0037,0.6214,-1.5925
-2.885,-3.6224,0.5434,0.2352,0.1852,-1.5314
-2.6575,-5.0329,-2.5546,0.4105,0.0612,-1.6145
-1.8148,-7.7144,-7.9562,0.5144,0.2347,-1.7049
-1.8028,-7.8125,-7.9682,0.4038,0.8663,-1.7531
-2.0111,-8.6768,-7.0177,-0.0817,2.1308,-1.9071
-3.7972,-9.5555,-4.0749,-0.3517,2.556,-2.1508
-5.9307,-11.186,-2.4803,-0.4177,2.2908,-2.4336
-6.0456,-11.3105,-2.4133,-0.3688,1.4106,-2.681
-7.1445,-12.316,-1.2952,-0.3701,0.5621,-2.8484
-7.9275,-12.4094,0.9911,-0.4818,0.3251,-2.8722
-6.376,-10.6473,2.4851,-0.5295,1.2151,-2.5534
-4.9946,-9.4071,2.4109,-0.2076,1.6464,-2.1887
-4.9946,-9.4071,2.4109,0.8632,1.4472,-1.9511
-3.3662,-7.4654,-0.7469,0.8632,1.4472,-1.9511
-3.4691,-7.8628,-2.8323,1.3109,1.1858,-2.0592
-3.7014,-8.265,-3.5745,1.5907,0.9494,-2.2003
-4.7309,-9.3257,-4.8267,1.7465,0.5884,-2.4697
-6.6466,-10.8651,-5.5021,1.7312,0.4106,-2.7036
-11.897,-13.7837,-10.2139,1.6762,0.2805,-2.9132
-12.6153,-14.0231,-10.6353,1.5675,0.2066,-3.0097
-14.4038,-14.2649,-9.9218,1.2425,0.5438,-2.8783
-12.1843,-12.5076,-5.7439,0.5193,1.3367,-2.0616
-6.297,-8.7558,-1.8315,0.2163,1.4521,-1.2724
-5.878,-8.5643,-1.6112,0.0684,0.8736,-0.6829
-4.6662,-8.028,-0.869,-0.0219,0.2121,-0.4495
-4.8793,-7.8101,-1.0271,-0.0219,-0.0481,-0.4654
-6.3592,-8.1381,-3.3446,0.1362,0.0502,-0.5852
-6.4167,-8.1214,-3.4644,0.493,0.3856,-0.6188
-6.3784,-7.9705,-4.3023,0.6683,0.5725,-0.4514
-5.6482,-7.9538,-4.5346,0.7215,0.633,-0.2101
-4.3239,-8.7918,-4.5801,0.5791,0.5053,0.0403
-3.7301,-9.9458,-4.6974,0.3036,0.1944,0.2235
-3.7636,-11.5379,-4.4891,-0.009,-0.1708,0.3029
-4.3837,-12.3376,-3.2752,-0.3682,-0.4353,0.2852
-5.7104,-12.067,-1.9823,-0.3963,-0.3779,0.2809
-5.7104,-11.7606,-2.5163,-0.2137,-0.5209,0.3824
-5.5548,-10.7933,-3.3734,0.033,-0.9906,0.6298
-4.9132,-9.1246,-3.5434,0.1552,-1.3785,0.8704
-3.1747,-6.8046,-3.7014,0.1986,-1.6357,1.1746
-2.9376,-6.6106,-3.675,0.237,-1.6058,1.3347
-2.0685,-5.8732,-3.7158,0.278,-1.4078,1.4343
-1.6136,-5.4925,-3.5362,0.2994,-1.1611,1.4764
-2.5737,-6.5484,-2.9712,0.281,-0.8807,1.4575
-2.7054,-6.692,-2.9257,0.2358,-0.6186,1.4031
-3.8307,-8.1477,-2.77,0.1497,-0.417,1.3536
-4.5513,-9.4837,-2.9759,0.1124,-0.4958,1.4007
-4.6375,-10.9394,-2.5905,0.088,-0.6803,1.4911
-4.6208,-10.9561,-2.533,0.0599,-0.7964,1.5974
-4.3143,-10.9322,-2.2146,0.0361,-0.7426,1.6817
-4.2616,-10.6449,-2.3032,0.0574,-0.4091,1.7165
-4.6303,-9.8668,-2.6503,0.0788,-0.1134,1.6792
-5.3321,-9.4885,-3.1603,0.0843,0.1021,1.6212
-5.9929,-9.0503,-3.9719,0.0605,0.1705,1.5674
-6.443,-8.8468,-4.3502,-0.0145,0.1363,1.5766
-6.4263,-8.6146,-3.5984,-0.1459,0.0936,1.623
-6.3497,-8.7008,-3.1675,-0.3493,-0.0358,1.6835
-6.8357,-9.1557,-2.6647,-0.3994,-0.2136,1.6591
-7.6378,-9.7087,-2.6886,-0.3768,-0.4451,1.5876
-9.7734,-10.9609,-3.8618,-0.3102,-0.6779,1.5167
-10.0176,-11.1548,-4.2185,-0.2693,-0.7976,1.4874
-10.0367,-11.1884,-4.7022,-0.3071,-0.7249,1.5546
-9.1054,-10.755,-4.3813,-0.5881,-0.238,1.7898
-8.3153,-9.5507,-3.4021,-0.8331,0.041,1.8515
-8.3153,-9.5507,-3.4021,-1.0096,0.0447,1.744
-8.1836,-8.8468,-3.2154,-1.0695,-0.2331,1.5534
-7.7527,-7.8939,-3.031,-1.0151,-0.7286,1.3494
-3.8594,-4.8722,-1.6352,-0.8349,-1.4756,1.0965
-3.8594,-4.8722,-1.6352,-0.7482,-1.5025,1.0213
-2.2625,-3.9145,-0.2585,-0.7244,-0.8868,0.9804
-1.7022,-3.7876,0.7182,-0.8459,0.1846,0.9443
-1.5083,-3.96,0.893,-0.9082,0.7893,0.9279
-1.0199,-4.0007,0.3208,-0.8282,0.6788,0.926
0.1939,-4.2664,-1.1947,-0.5857,-0.2753,0.9786
1.367,-4.4053,-2.8036,-0.469,-0.8184,0.9865
2.0326,-4.209,-2.9041,-0.4623,-0.8972,0.8784
2.0973,-4.0054,-2.2768,-0.5533,-0.4787,0.6572
2.3151,-3.5984,-1.2378,-0.6309,0.176,0.4031
2.8682,-3.2321,-0.9026,-0.6144,0.9335,0.0952
1.9393,-3.4332,-0.328,-0.5808,1.1388,-0.1331
1.5825,-3.6056,-0.2035,-0.5668,1.1443,-0.5308
0.079,-4.6447,-0.0766,-0.5356,1.0477,-1.0372
-1.2856,-5.9738,-1.0749,-0.4018,0.961,-1.441
-4.4244,-8.8851,-3.6391,-0.1923,0.8657,-1.7715
-4.7979,-9.2083,-3.9743,-0.0133,0.8981,-2.149
-6.0432,-10.1876,-4.8841,-0.0292,1.016,-2.2925
-6.2108,-10.2929,-4.6303,-0.1538,1.2139,-2.3487
-5.6961,-9.2131,-1.944,-0.3462,1.5218,-2.317
-5.6984,-9.1605,-1.7645,-0.4812,1.8975,-2.2479
-5.89,-8.9354,-0.474,-0.4379,2.1925,-2.1313
-5.89,-8.9354,-0.474,-0.0866,1.8541,-1.9449
-6.3066,-8.7774,0.4548,-0.0866,1.8541,-1.9449
-6.4502,-8.9881,0.304,0.1515,1.5798,-1.8723
-6.5053,-9.5076,-0.055,0.4111,1.4253,-1.8044
-6.4383,-10.1612,-0.62,0.6995,1.3855,-1.7085
-6.3904,-11.2099,-1.5586,1.1906,1.3642,-1.5564
-6.4526,-11.7749,-2.1284,1.5364,1.2334,-1.4874
-6.9219,-12.9649,-4.1108,1.8485,1.041,-1.4569
-7.9011,-14.3894,-6.637,2.0574,0.903,-1.4697
-9.1198,-15.4192,-7.7838,2.0959,1.0099,-1.4874
-9.0982,-15.3594,-7.7742,1.9719,1.3208,-1.4489
-8.2674,-14.3295,-6.8309,1.7056,1.6452,-1.1893
-6.8979,-12.3639,-5.6194,1.5254,1.7343,-0.9327
-4.9539,-9.5579,-3.6535,1.3959,1.6177,-0.7257
-4.9539,-9.5579,-3.6535,1.0684,0.8596,-0.5839
-4.3789,-8.5954,-3.3973,1.0684,0.8596,-0.5839
-4.3215,-8.0615,-3.1483,0.9017,0.454,-0.6298
-4.6423,-7.123,-4.0174,0.8858,0.3428,-0.678
-4.6423,-7.123,-4.0174,1.0018,0.2408,-0.7183
-5.0113,-6.5723,-4.5346,1.0018,0.2408,-0.7183
-5.471,-6.0672,-4.3933,0.9817,0.3061,-0.7043
-5.9451,-5.3393,-4.0222,0.8919,0.4497,-0.6499
-6.3449,-5.5356,-3.7229,0.548,0.3819,-0.4673
-7.0344,-6.5412,-2.9257,0.2303,0.1424,-0.2968
-7.4295,-7.4055,-2.2098,-0.0213,-0.023,-0.094
-7.4486,-8.5811,-2.4468,-0.1074,-0.0963,0.1563
-6.9386,-9.0001,-2.952,-0.0286,-0.1226,0.4355
-5.8636,-9.5268,-3.2178,0.2144,-0.1183,0.9187
-4.537,-9.9865,-3.687,0.3244,-0.1959,1.2498
-2.5713,-10.166,-2.715,0.3555,-0.351,1.5375
-2.4037,-10.1493,-2.782,0.3048,-0.4378,1.6884
-1.8435,-10.1493,-3.2752,0.2633,-0.4915,1.6969
-2.0829,-10.2881,-3.5194,0.2438,-0.4812,1.6303
-4.3837,-10.1541,-2.6743,0.0923,-0.3712,1.4245
-4.3837,-10.1541,-2.6743,-0.0237,-0.4842,1.3017
-6.0504,-10.2498,-2.9927,-0.0915,-0.6913,1.2308
-7.36,-10.5228,-3.1387,-0.1324,-0.8501,1.2247
-7.7168,-10.6066,-2.7413,-0.1721,-0.935,1.2944
-7.6425,-10.5754,-2.7461,-0.1721,-0.9784,1.4031
-7.2762,-10.4988,-2.5498,-0.009,-0.9607,1.5216
-6.6418,-10.2953,-2.4588,0.1595,-0.9472,1.4984
-6.4215,-9.9721,-2.4516,0.3299,-1.0059,1.4049
-6.5125,-9.5411,-2.6384,0.4789,-1.0939,1.2657
-7.0584,-8.9929,-3.359,0.5785,-1.2075,1.1349
-7.858,-8.2986,-4.2664,0.5816,-1.3498,1.0476
-8.5236,-7.6186,-5.2196,0.4539,-1.3626,1.1105
-8.4374,-7.5827,-5.1334,0.226,-1.2961,1.2748
-7.5587,-7.384,-4.3478,-0.0646,-1.1965,1.507
-6.4359,-6.7663,-3.7301,-0.3395,-1.1696,1.714
-5.1693,-5.8636,-3.596,-0.5271,-1.26,1.8399
-5.2555,-5.9139,-3.7421,-0.7347,-1.3773,1.9297
-6.1342,-6.4,-4.537,-0.8496,-1.4078,1.9089
-7.6569,-7.3385,-5.6147,-0.9773,-1.4109,1.857
-9.4095,-8.9689,-6.3712,-1.1013,-1.4537,1.7611
-9.2658,-8.9641,-6.2108,-1.2253,-1.6198,1.6572
-7.9251,-8.5619,-4.3502,-1.3627,-2.2221,1.5198
-6.2802,-7.5683,-2.6216,-1.3413,-2.7291,1.4483
-2.4899,-5.5644,-1.379,-1.21,-2.9668,1.4208
-2.2936,-5.4638,-1.403,-1.0225,-2.8483,1.4532
-1.3239,-4.9658,-1.7022,-0.8117,-2.4329,1.452
-1.1659,-4.9826,-2.138,-0.648,-1.5679,1.3854
-1.5418,-5.4279,-3.1818,-0.5118,0.253,1.273
-1.8507,-5.8828,-4.0821,-0.4537,1.2701,1.2064
-1.9919,-6.6274,-5.392,-0.4342,2.0844,1.1252
-1.8124,-7.1015,-5.2364,-0.5051,2.7337,1.0415
-0.2274,-7.2355,-3.4284,-0.6834,3.154,0.948
0.8475,-7.2882,-1.3215,-0.9351,3.1271,0.8637
2.0326,-7.0512,1.1516,-1.9858,1.1039,0.7641
2.2625,-6.783,2.3702,-2.213,-0.3669,0.499
1.6998,-7.1829,3.5003,-1.9852,-0.7841,0.1276
1.4269,-7.0727,3.4476,-1.5032,-0.0914,-0.2528
-0.0957,-6.4335,2.964,-0.8991,1.0679,-0.6603
-1.0199,-6.1629,2.2385,-0.1422,1.7166,-1.3109
-1.8243,-6.5699,1.1204,0.1607,1.3544,-1.5937
-1.9177,-6.6801,0.9265,0.3696,0.8254,-1.8209
-2.636,-7.4773,-1.5179,0.559,0.443,-2.025
-2.806,-8.2076,-5.076,0.7373,0.319,-2.2119
-5.0161,-8.5811,-7.2882,0.7856,0.5682,-2.3756
-5.1861,-8.5835,-7.1038,0.4728,1.5157,-2.634
-6.3664,-8.5523,-6.0815,0.1515,2.016,-2.7427
-6.6753,-8.3033,-5.8253,-0.1062,2.1308,-2.7507
-6.4359,-7.8149,-4.3358,-0.2845,1.9249,-2.7049
-6.3545,-7.6928,-3.4811,-0.4403,1.647,-2.6645
-6.5268,-7.8125,-2.7964,-0.5283,1.3104,-2.659
-6.9961,-8.3871,-1.1899,-0.5295,1.3843,-2.6456
-7.7048,-9.34,-0.0885,-0.4678,1.7441,-2.5992
-7.8293,-9.7327,0.5363,-0.2723,2.151,-2.4978
-7.779,-9.9362,0.5506,0.0306,2.4637,-2.3322
-7.3481,-9.9386,0.0383,0.4276,2.4405,-2.119
-6.953,-9.7135,-1.4556,0.9963,1.8474,-1.8057
-6.9458,-9.7135,-1.6352,1.2425,1.3495,-1.6817
-6.9506,-9.6992,-2.0183,1.3671,0.9524,-1.5974
-6.8046,-9.6537,-2.5115,1.4258,0.6629,-1.5082
-5.7942,-9.3831,-4.0845,1.4777,0.4393,-1.3713
-5.6697,-9.3017,-4.3215,1.5284,0.2561,-1.1832
-5.155,-9.1293,-4.9299,1.5241,0.06,-0.9517
-5.0017,-9.1317,-6.0432,1.4178,0.0398,-0.8521
-5.3202,-9.2036,-6.7471,1.2963,0.0264,-0.7929
-5.2795,-9.1868,-6.7471,1.1295,0.1174,-0.7428
-5.3202,-9.2969,-7.1493,0.9542,0.2322,-0.6579
-5.4806,-9.3735,-7.3696,0.7862,0.308,-0.5112
-5.7751,-9.2754,-6.9219,0.7025,0.4295,-0.4367
-6.1725,-9.024,-5.8038,0.6433,0.6617,-0.3811
-6.6681,-8.605,-4.0773,0.6097,1.0031,-0.3268
-7.1541,-9.0168,-3.0166,0.482,1.1003,-0.2266
-6.1845,-9.2706,-1.1276,0.0391,0.498,-0.05
-5.3441,-9.1222,-1.1635,-0.4183,-0.3627,0.3445
-3.936,-9.0216,-2.5498,-0.3688,-0.7096,0.5962
-3.0765,-9.2155,-3.7349,-0.2008,-0.7738,0.7959
-2.77,-9.9075,-5.064,-0.075,-0.6131,0.9364
-2.8012,-10.0942,-5.4878,-0.0035,-0.4659,1.003
-3.1842,-10.5276,-6.206,0.0593,-0.4366,1.0152
-4.5561,-10.9322,-4.5992,0.0483,-0.4659,1.0329
-5.4997,-11.2482,-3.0526,0.0049,-0.5648,1.102
-5.5524,-11.2722,-3.0047,0.0715,-0.9442,1.2724
-5.6745,-11.2961,-2.8945,0.1857,-1.2032,1.4135
-5.2795,-11.1333,-2.5594,0.2486,-1.227,1.4929
-3.9647,-9.9242,-1.889,0.2731,-1.1812,1.5919
-3.9647,-9.9242,-1.889,0.2932,-1.1873,1.6053
-3.5577,-9.1389,-1.6974,0.3482,-1.1946,1.565
-3.5362,-8.538,-1.889,0.4215,-1.1507,1.4892
-4.0007,-8.0136,-2.4013,0.5046,-1.0908,1.4172
-4.1778,-7.8939,-2.7748,0.5669,-1.0279,1.3665
-4.6615,-7.9873,-3.3542,0.5871,-0.9393,1.3304
-5.5045,-8.2315,-3.8977,0.5443,-0.8782,1.306
-6.3688,-8.6457,-4.5154,0.4631,-0.8196,1.2705
-6.5101,-8.8205,-4.434,0.336,-0.7805,1.262
-6.2731,-9.0743,-3.9384,0.1778,-0.7365,1.2779
-6.1126,-9.1844,-3.5075,-0.0384,-0.7414,1.3084
-6.8716,-8.8995,-3.2417,-0.1233,-0.775,1.2828
-7.0248,-8.7918,-3.268,-0.1697,-0.8306,1.2498
-7.6593,-8.0903,-3.7684,-0.1996,-0.899,1.2565
-8.0543,-7.5085,-4.2904,-0.2619,-0.9387,1.3384
-7.6904,-6.8525,-4.5777,-0.3994,-0.8752,1.488
-7.7192,-6.8548,-4.5441,-0.7402,-0.5685,1.7873
-7.4893,-7.0344,-4.1898,-0.9846,-0.3291,1.9407
-7.882,-7.4582,-4.3047,-1.155,-0.216,1.9688
-9.783,-8.8037,-5.2962,-1.2222,-0.3089,1.8716
-9.8931,-8.8971,-5.392,-1.2045,-0.6131,1.7049
-9.7159,-9.3927,-5.3561,-1.0994,-1.1855,1.4624
-7.7287,-9.3664,-3.948,-1.0512,-1.2765,1.4489
-4.276,-8.8756,-1.8626,-1.0017,-0.9179,1.554
-2.2337,-8.5092,-0.3926,-0.9088,-0.1055,1.7092
-0.7733,-8.1549,0.1268,-0.8325,1.2505,1.912
0.984,-7.7192,0.96,-0.6755,2.4094,2.047
3.1435,-5.6865,1.8004,-0.8606,2.0667,2.1978
3.4955,-4.9419,1.3335,-1.0823,0.3868,2.0757
3.9169,-4.276,-0.5243,-0.9565,-0.9161,1.7061
3.9624,-4.2329,-1.8435,-0.6394,-1.1299,1.3029
3.9169,-4.6279,-1.2593,-0.3853,-0.4189,0.9059
3.632,-4.5872,-1.0199,-0.257,0.581,0.5296
1.9943,-4.3335,0.1651,-0.188,1.2994,-0.2217
0.6895,-4.5681,0.656,-0.1764,1.0948,-0.7715
-0.6967,-5.6937,0.4501,-0.1098,0.6818,-1.2522
-0.6967,-5.6937,0.4501,0.1002,0.3287,-1.9339
-0.8667,-5.8493,0.4405,0.2358,0.6128,-2.3646
-2.624,-6.9722,0.3974,0.2358,0.6128,-2.3646
-4.7692,-8.0304,-2.7533,0.3617,0.8694,-2.5925
-4.7692,-8.0304,-2.7533,0.5046,1.0911,-2.7586
-5.7104,-8.6433,-4.434,0.5901,1.3293,-2.8539
-6.4598,-8.9977,-5.3154,0.5663,1.6317,-2.9009
-6.9003,-9.2826,-4.9562,0.4704,1.9359,-2.8722
-6.8285,-9.3113,-4.2185,0.2914,2.176,-2.6798
-6.7854,-9.4454,-3.4548,0.2541,2.0563,-2.5063
-6.8979,-9.7782,-3.3542,0.3097,1.7374,-2.3548
-7.7599,-11.0423,-3.96,0.4154,1.3361,-2.2504
-8.4254,-11.6624,-3.7253,0.496,1.0257,-2.2192
-9.6944,-12.3998,-2.7676,0.4563,1.0642,-2.2791
-10.6544,-12.6249,-1.3599,0.435,1.2597,-2.2644
-10.4797,-13.3072,-2.0207,0.5388,1.2835,-2.0818
-10.2618,-13.3934,-2.3989,0.7697,1.0526,-1.7379
-10.2618,-13.3934,-2.3989,1.2682,0.881,-1.0079
-8.7056,-13.6161,-4.7141,1.2682,0.881,-1.0079
-7.3097,-14.6169,-5.8636,1.4759,1.0038,-0.6133
-7.1637,-14.7201,-5.6601,1.4423,0.9133,-0.4312
-6.1964,-14.4445,-4.9586,1.2651,0.5914,-0.2999
-5.5117,-13.5634,-4.6471,1.0617,0.2029,-0.2388
-4.4627,-10.5084,-2.7844,0.9408,-0.0267,-0.2425
-4.4627,-10.5084,-2.7844,0.9078,-0.0041,-0.2736
-4.2473,-8.6026,-2.7102,1.0422,0.1699,-0.3414
-3.8594,-6.7998,-3.2537,1.1607,0.1235,-0.3536
-3.5529,-5.1789,-3.3423,1.1631,0.0881,-0.3543
-3.5362,-4.1659,-3.517,1.0452,0.1046,-0.3616
-3.4572,-2.9257,-3.687,0.8705,0.1284,-0.3622
-3.1531,-1.8914,-3.881,0.54,0.1565,-0.2785
-3.0406,-1.1635,-3.3446,0.2658,0.1675,-0.1771
-3.1459,-1.2785,-3.0645,0.0202,0.1669,-0.061
-3.8331,-2.7916,-3.0095,-0.1385,0.1791,0.0763
-4.9227,-5.7703,-2.4205,-0.1935,0.107,0.2461
-5.9115,-9.1844,-3.9025,-0.1673,-0.1409,0.4789
-6.1126,-9.4454,-4.0438,0.0538,-0.7072,0.8222
-6.7327,-10.4629,-4.2616,0.1625,-0.7377,0.9431
-6.3449,-11.1165,-4.0797,0.1949,-0.6186,1.0757
-4.197,-11.2698,-3.3423,0.1753,-0.5117,1.2351
-4.094,-11.2362,-3.2609,0.1088,-0.3932,1.3591
-3.6176,-11.0878,-2.7269,-0.0823,-0.2936,1.4001
-3.9121,-11.0303,-2.1715,-0.2552,-0.3846,1.3646
-6.2036,-11.8659,-1.7764,-0.3975,-0.5569,1.3096
-6.3521,-11.9641,-1.7836,-0.4177,-0.6925,1.2681
-7.3241,-12.826,-2.1308,-0.2949,-0.7377,1.2785
-8.095,-13.6975,-2.7772,-0.0689,-0.7854,1.3445
-8.2674,-13.9872,-3.3614,0.2829,-0.8959,1.4697
-7.5923,-13.494,-3.3039,0.4325,-0.9082,1.5277
-6.2659,-12.4621,-2.8419,0.5132,-0.8776,1.5326
-5.5213,-11.0998,-2.5115,0.5413,-0.8061,1.4422
-4.8865,-9.4023,-2.1356,0.5443,-0.7567,1.3005
-4.8099,-8.854,-2.0183,0.4997,-0.775,1.1734
-5.1047,-8.1836,-2.217,0.4618,-0.8623,1.003
-5.5907,-7.7,-2.5977,0.4099,-0.9668,0.9327
-6.4311,-7.044,-3.3087,0.3336,-1.0236,0.9065
-6.558,-6.9817,-3.3806,0.2175,-1.0212,0.9224
-7.2786,-6.6657,-3.6894,0.0648,-0.9424,0.9712
-7.9179,-6.3712,-3.9504,-0.1899,-0.7994,1.1117
-8.0232,-5.5165,-4.1611,-0.3688,-0.7121,1.2602
-8.0232,-5.5165,-4.1611,-0.5442,-0.6284,1.4569
-7.1422,-5.2627,-3.6798,-0.714,-0.5062,1.6933
-6.3449,-5.2938,-3.1531,-0.8783,-0.348,1.937
-5.8206,-6.1845,-2.715,-1.0017,-0.2173,2.0922
-5.8206,-6.1845,-2.715,-1.0475,-0.1739,2.0885
-5.5069,-6.8644,-2.2002,-1.0475,-0.1739,2.0885
-5.143,-7.281,-2.2673,-0.9046,-0.3547,1.9999
-3.9193,-7.1805,-2.8682,-0.6633,-0.6681,1.8991
-2.6958,-6.8022,-3.0933,-0.4238,-0.8684,1.8283
-1.5298,-6.2898,-2.8275,-0.2644,-0.403,1.7678
-0.5267,-6.2204,-2.0207,-0.3511,0.6342,1.7489
1.1085,-6.6274,-1.3239,-0.4904,1.8315,1.7507
2.1404,-6.7232,-0.9481,-0.6266,2.3458,1.7446
3.3183,-6.7687,-0.5793,-0.9052,1.6836,1.6829
2.8898,-6.8501,-0.8236,-1.1611,0.3966,1.3451
-0.7924,-7.2643,0.3567,-1.111,-0.8031,0.3677
-0.8762,-7.2499,0.5889,-0.94,-0.6876,-0.1624
-1.0941,-6.8357,1.1013,-0.7488,-0.2845,-0.4508
-1.5945,-6.2036,1.2449,-0.5588,0.1498,-0.7751
-2.1332,-5.2268,1.1731,-0.3609,0.5468,-1.1441
-2.1308,-5.1502,1.1755,-0.0591,0.9628,-1.5393
-2.1883,-5.0927,0.9433,0.1393,1.1094,-1.7171
-2.4133,-5.5261,0.4884,0.3329,1.1223,-1.8894
-3.6248,-8.2555,-3.3231,0.4918,1.0752,-2.05
-3.6248,-8.2555,-3.3231,0.6188,1.0331,-2.1936
-4.6016,-10.5635,-5.8636,0.6811,1.0593,-2.3383
-6.3712,-12.9505,-7.4678,0.482,1.4582,-2.6065
-9.1341,-14.6504,-6.5029,0.2267,1.8064,-2.8179
-10.585,-14.8853,-5.6937,-0.0225,2.0098,-2.9633
-10.585,-14.8853,-5.6937,-0.1092,1.3617,-2.7036
-9.1892,-12.1484,-3.1004,-0.1092,1.3617,-2.7036
-8.356,-9.6968,-0.2513,-0.0536,1.1864,-2.4623
-8.0831,-8.7726,0.723,0.011,1.7111,-2.276
-7.4342,-7.53,1.7788,0.1442,2.1198,-2.1807
-6.6609,-6.8501,1.7501,0.3989,2.1949,-2.0323
-4.865,-6.3377,-0.158,0.7288,1.884,-1.838
-4.6567,-6.3018,-0.5243,1.0868,1.3837,-1.6297
-4.2137,-6.2802,-2.3606,1.5926,0.8211,-1.4563
-4.4173,-6.5819,-4.5322,1.8002,0.727,-1.466
-5.1789,-7.5444,-6.8141,1.8534,0.793,-1.5045
-5.2436,-7.6354,-6.9051,1.7489,0.9604,-1.5088
-5.9259,-8.5452,-8.5116,1.5687,1.0147,-1.4752
-7.0536,-10.4054,-9.941,1.3378,0.8999,-1.4227
-9.4119,-15.2444,-6.0217,0.7514,0.6238,-1.3616
-9.3257,-15.3665,-5.6123,0.2022,0.3923,-1.2327
-8.1836,-15.491,-1.0582,-0.2919,-0.0212,-0.9334
-5.5165,-14.0207,2.9352,-0.5723,-0.3877,-0.5564
-3.6583,-10.9346,3.0597,-0.4947,-0.3071,-0.2474
-3.7205,-9.2754,0.8427,0.2749,0.2548,-0.1356
-3.7038,-7.0272,-2.7796,0.8186,0.4277,-0.1282
-3.8115,-5.5716,-5.1693,1.0568,0.3856,-0.0604
-3.6846,-4.5681,-4.6543,0.9163,0.2805,0.0012
-3.4356,-4.3742,-3.9983,0.504,0.1223,0.0464
-3.0885,-4.8362,-2.8012,0.0532,-0.111,0.0861
-3.7277,-6.8644,-2.3343,-0.378,-0.2289,0.0934
-6.443,-11.095,-1.9919,-0.4354,-0.1336,0.1062
-6.5771,-11.4781,-2.1045,-0.3273,-0.0572,0.251
-7.0248,-12.3878,-2.9951,-0.1013,-0.2124,0.5088
-6.6561,-11.8037,-3.7062,0.1479,-0.4781,0.7159
-4.2688,-9.4669,-3.9624,0.2987,-0.6693,0.868
-4.015,-9.103,-3.8929,0.358,-0.6827,1.1007
-3.0621,-7.7862,-3.6176,0.3824,-0.5746,1.182
-2.4085,-7.0081,-4.2137,0.4075,-0.4836,1.2186
-2.3104,-6.1869,-3.5697,0.3971,-0.4396,1.2302
-2.3535,-6.1677,-3.4979,0.2865,-0.3517,1.2089
-2.9807,-6.0983,-2.8299,0.0501,-0.4604,1.1667
-3.7972,-6.3329,-2.6264,-0.0555,-0.6742,1.152
-5.1143,-7.0727,-2.5785,-0.1043,-0.8782,1.1704
-5.8469,-7.7407,-2.9305,-0.1196,-1.0114,1.2308
-6.6705,-8.5978,-3.3638,-0.1172,-1.0835,1.3249
-7.1805,-9.2969,-3.9193,-0.1098,-1.0609,1.4165
-7.3481,-10.02,-4.2951,-0.1117,-0.9002,1.5338
-7.281,-10.2786,-4.2281,-0.133,-0.7524,1.5949
-7.1852,-10.6592,-3.9671,-0.1587,-0.6198,1.6285
-7.2331,-11.0543,-3.6966,-0.1599,-0.5184,1.631
-7.1158,-11.4062,-3.5098,-0.1318,-0.4457,1.6139
-7.0392,-11.3919,-3.5075,-0.1092,-0.3162,1.6096
-6.9027,-11.2745,-3.3111,-0.133,-0.1641,1.6291
-6.9027,-11.2745,-3.3111,-0.2461,0.0759,1.7098
-7.3864,-11.4948,-3.098,-0.2461,0.0759,1.7098
-7.4199,-11.5523,-3.0741,-0.2974,0.0606,1.7574
-7.7814,-11.8228,-3.0071,-0.3218,-0.0737,1.7959
-7.8796,-11.7678,-3.0933,-0.3273,-0.4115,1.8643
-5.9067,-10.4246,-2.114,-0.3328,-0.571,1.9254
-5.9067,-10.4246,-2.114,-0.3914,-0.5172,2.003
-5.1143,-10.3217,-0.9864,-0.4843,-0.2985,2.0421
-5.1382,-10.19,-0.5746,-0.5087,-0.1769,1.9694
-5.6577,-9.9601,-1.221,-0.3884,-0.3474,1.7806
-5.8206,-9.6632,-2.0111,-0.0133,-0.9741,1.4703
-4.7237,-8.0998,-2.7006,0.2242,-1.3443,1.3377
-2.6192,-6.1174,-2.2313,0.3244,-1.3419,1.3115
-0.6057,-3.9528,-0.2849,0.2279,-0.8055,1.3072
-0.2513,-3.3758,-0.0407,0.0403,-0.0804,1.2266
0.1867,-2.6408,-0.0981,0.0287,0.2732,0.9957
0.6081,-2.2074,-0.6224,0.1582,0.1638,0.8368
1.4006,-2.0207,-2.6264,0.281,0.0985,0.7147
1.4006,-2.0207,-2.6264,0.226,0.3233,0.5839
1.8339,-2.5378,-2.9903,0.226,0.3233,0.5839
1.9895,-3.6152,-2.0159,0.008,0.5755,0.521
0.0407,-4.8434,0.0646,-0.309,0.7625,0.1789
0.0407,-4.8434,0.0646,-0.2894,0.0319,-0.5613
-0.6943,-5.6338,-0.1747,-0.2894,0.0319,-0.5613
-1.3527,-5.811,-0.6991,-0.1911,-0.4702,-0.9071
-2.8945,-5.2148,-1.0414,-0.1715,-0.7646,-1.2791
-2.9951,-5.1813,-1.0749,-0.2913,-0.5258,-1.8044
-3.9959,-5.2675,-2.3918,-0.3578,-0.1006,-2.0476
-4.3382,-5.8613,-4.9682,-0.3945,0.319,-2.2107
-5.4806,-7.0392,-6.5101,-0.5044,0.8107,-2.3212
-6.285,-7.767,-5.4614,-0.7347,1.435,-2.4324
-7.7048,-9.0408,-3.6104,-1.0054,1.9915,-2.521
-8.7702,-10.3288,-2.9233,-1.1092,2.0263,-2.5699
-9.1557,-11.2745,-2.205,-0.954,1.5706,-2.5008
-9.2012,-11.4493,-1.1755,-0.7738,1.2945,-2.3634
-9.7542,-11.2027,1.6136,-0.6486,1.6684,-2.2174
-9.8524,-10.2331,3.869,-0.6168,2.6684,-2.1429
-8.1166,-8.8971,4.6064,-0.5454,3.3281,-2.0421
-7.7838,-8.7175,4.3095,-0.1153,2.6006,-1.6774
-6.479,-8.0448,1.6304,0.5077,1.5596,-1.441
-5.7008,-8.0256,-1.8052,1.226,0.6989,-1.2473
-5.4255,-9.0168,-5.9139,1.7874,0.4143,-1.1264
-5.4088,-9.0551,-5.9834,2.0611,0.7111,-1.0757
-5.3968,-9.4717,-6.1246,2.0751,1.4613,-1.0238
-5.3609,-9.7806,-6.5699,1.967,1.7612,-0.9822
-5.131,-9.7566,-6.5556,1.8271,1.8168,-0.9272
-5.1238,-9.7303,-6.479,1.6378,1.7545,-0.8936
-4.9969,-9.8261,-5.6697,1.3616,1.4888,-0.882
-5.1933,-10.1325,-4.7644,0.956,0.9158,-0.9138
-5.5189,-10.6664,-2.8419,0.416,0.0697,-1.0714
-5.981,-10.8747,-1.8339,0.2144,-0.1061,-1.1514
-6.4622,-10.7311,-2.3558,0.2096,-0.0053,-1.1777
-6.8932,-10.4845,-2.636,0.3702,0.3202,-1.1203
-6.9674,-9.8524,-3.5793,0.5571,0.6831,-0.9822
-6.6585,-9.5435,-3.7158,0.7972,0.5933,-0.6591
-5.9067,-8.8684,-4.6806,0.8546,0.2341,-0.4373
-5.5835,-8.6673,-5.0233,0.7825,-0.0536,-0.2883
-4.4532,-8.933,-2.2744,0.6091,-0.1098,-0.1734
-4.3646,-9.0072,-1.9536,0.402,-0.1305,-0.0476
-4.1994,-9.1676,-1.13,0.2786,-0.337,0.0476
-3.8618,-8.945,-1.0342,0.3378,-0.6412,0.174
-2.9472,-8.1453,-3.0214,0.4515,-0.6681,0.3188
-2.8754,-8.119,-3.2082,0.559,-0.6583,0.4721
-2.9544,-8.0639,-3.4859,0.5858,-0.6094,0.6035
-2.3798,-7.5061,-4.0342,0.5425,-0.5105,0.7214
-1.5777,-7.2427,-4.6375,0.5125,-0.4262,0.835
-1.5514,-7.2427,-4.6902,0.4166,-0.1183,0.8894
-1.5945,-7.6928,-4.5585,0.3036,0.0618,0.8527
-2.3774,-8.763,-3.3901,0.1436,0.1088,0.78
-3.9695,-10.1588,-2.2649,-0.0585,-0.1207,0.7159
-5.5524,-10.7071,-1.9776,-0.2479,-0.6656,0.6774
-7.6306,-11.1931,-2.1284,-0.4385,-1.2747,0.5919
-8.3871,-11.2865,-2.1811,-0.4611,-1.2844,0.6743
-7.5516,-10.8627,-1.9345,-0.4189,-1.1311,0.9004
-6.7758,-10.6784,-1.8914,-0.2986,-0.9821,1.1746
-5.866,-10.4605,-1.7932,-0.1227,-0.8978,1.3884
-4.9922,-10.2426,-1.5035,0.0709,-0.8739,1.4935
-4.3646,-9.2945,-2.0446,0.3598,-0.9485,1.4789
-4.5274,-9.091,-2.296,0.5327,-1.0566,1.3341
-5.6984,-8.6002,-3.5769,0.6365,-1.1696,1.1221
-7.5396,-8.5523,-5.3273,0.5968,-1.2252,0.9468
-11.5427,-9.8356,-6.6944,0.4001,-1.1989,0.8332
-11.5427,-9.8356,-6.6944,-0.1508,-0.9894,0.8014
-11.1907,-9.9146,-4.4173,-0.5716,-0.9167,0.9242
-9.2562,-8.7798,-2.0015,-0.8807,-1.0407,1.1453
-5.2747,-6.5532,-0.4261,-0.9504,-1.3926,1.4434
-5.1119,-6.5149,-0.4213,-0.8826,-1.6717,1.8649
-3.292,-6.3688,-0.4764,-0.772,-1.7206,2.3133
-1.458,-6.8716,-1.8531,-0.5631,-1.4671,2.8118
-0.7278,-7.6641,-4.6782,-0.425,-1.1586,2.9052
-0.9624,-7.9251,-5.3273,-0.3316,-0.7689,2.703
-0.9624,-7.9251,-5.3273,-0.4073,-0.0688,1.8423
-3.1842,-7.2667,-3.9432,-0.4073,-0.0688,1.8423
-2.3056,-6.1414,-4.1156,-0.3902,-0.2961,1.5302
-2.7772,-5.9546,-4.3861,-0.389,-0.6424,1.3445
-3.857,-6.1821,-3.924,-0.4733,-0.4689,1.2589
-4.0126,-6.7351,-3.6367,-0.637,-0.125,1.215
-5.9115,-8.8756,-2.1571,-0.8001,0.1039,1.1636
-6.2898,-9.1988,-2.1883,-0.9272,0.2371,0.9993
-7.1374,-10.1876,-2.9568,-0.9485,0.0997,0.7428
-6.4191,-9.8404,-2.557,-1.0047,0.22,0.6621
-5.7559,-6.5053,1.1013,-1.2576,1.1919,0.4752
-5.7559,-6.5053,1.1013,-1.4892,2.1534,0.0818
-5.5356,-5.8589,1.9991,-1.4745,2.1326,-0.2028
-4.7955,-5.6266,1.9488,-1.3664,1.3006,-0.3121
0.0766,-6.4335,1.6998,-0.9876,-0.3938,-0.1203
0.1819,-6.5484,1.5634,-0.6981,-0.9937,0.1142
-0.6847,-7.02,0.1628,-0.3585,-0.976,-0.025
-1.5562,-7.2595,-1.9081,0.0636,-0.6467,-0.4166
-1.0702,-7.0368,-4.7237,0.4056,-0.0334,-0.6469
-0.9145,-6.7208,-4.4795,0.5394,1.1779,-0.6707
-1.2018,-6.3688,-3.1579,0.3684,1.702,-0.8191
-1.695,-6.297,-1.6232,0.1375,1.6995,-1.0274
-1.695,-6.297,-1.6232,-0.2473,0.644,-1.3939
-2.8347,-7.0631,-0.6272,-0.2473,0.644,-1.3939
-3.7038,-7.8532,-1.4484,-0.2961,0.0997,-1.5454
-4.6136,-8.5356,-2.2816,-0.2974,-0.3046,-1.7507
-6.6825,-9.1533,-3.4284,-0.3157,-0.2374,-1.8753
-6.9674,-9.1796,-3.5984,-0.3652,-0.0077,-1.9908
-7.7431,-9.3137,-4.0318,-0.4305,0.3019,-2.0451
-7.8676,-9.1078,-3.7972,-0.466,0.5468,-1.9889
-6.8908,-7.6401,-3.4332,-0.4446,0.7771,-1.8002
-6.8908,-7.6401,-3.4332,-0.3646,0.8828,-1.6572
-6.0696,-6.8764,-3.3207,-0.2558,1.0593,-1.5314
-5.3609,-6.3305,-2.5234,-0.1416,1.3642,-1.4288
-4.4771,-6.0193,-1.6831,-0.0225,1.7631,-1.3463
-4.4771,-6.0193,-1.6831,0.4802,2.3929,-1.2443
-4.2616,-6.2491,-1.8195,0.4802,2.3929,-1.2443
-4.2904,-6.7351,-2.2888,0.716,2.4436,-1.2266
-4.6591,-7.7503,-3.6296,0.934,2.38,-1.2479
-5.3848,-8.6361,-4.9371,1.1142,2.2414,-1.3255
-6.9267,-10.1253,-5.9522,1.2181,2.0691,-1.4483
-7.9059,-11.2386,-6.8237,1.2132,1.9475,-1.5515
-8.5499,-11.672,-7.3433,1.0617,1.7405,-1.5192
-8.1908,-11.411,-6.5723,0.862,1.7001,-1.3701
-6.9003,-10.5228,-4.5082,0.6274,1.771,-1.1276
-5.7966,-9.5507,-2.7748,0.471,1.7905,-0.871
-4.4388,-8.4614,-0.9241,0.4441,1.7038,-0.686
-4.1898,-8.4087,-0.6536,0.4692,1.3684,-0.4923
-3.6966,-8.514,-0.2561,0.4625,1.1155,-0.3946
-3.845,-9.0288,-0.5458,0.5535,1.0202,-0.3292
-3.2321,-9.5196,-2.2242,0.7465,0.9518,-0.2712
-3.1268,-9.5675,-2.4301,0.9493,0.7771,-0.1734
-2.9975,-9.7255,-3.8474,1.0953,0.5798,-0.0891
-3.0238,-9.7758,-4.9754,1.135,0.3061,-0.058
-3.8642,-9.4119,-5.6697,1.008,0.1241,-0.0916
-3.9863,-9.3616,-5.6721,0.821,0.0172,-0.1734
-5.4279,-8.9929,-5.6961,0.6341,-0.0022,-0.2809
-6.7734,-8.5452,-5.2172,0.4374,0.0697,-0.3365
-7.7239,-8.2602,-2.3271,0.0953,0.1864,-0.2321
-7.4678,-8.4997,-1.1587,-0.1587,0.1345,-0.0482
-6.3449,-9.1341,-1.5155,-0.2742,-0.1501,0.1795
-5.3513,-9.3927,-0.7278,-0.2577,-0.3321,0.3799
-3.5817,-9.4933,-1.1252,-0.2289,-0.3785,0.5772
-2.7796,-9.4933,-1.3144,-0.1184,-0.5636,0.7965
-1.719,-9.6345,-2.545,0.0355,-0.6766,1.05
-1.3838,-9.917,-3.3494,0.0862,-0.6858,1.1258
-0.9361,-9.012,-3.845,0.0605,-0.6827,1.127
-0.9864,-8.8612,-3.936,0.0086,-0.7286,1.072
-1.4676,-8.38,-4.3813,-0.0048,-0.7585,0.9468
-2.7174,-8.3225,-3.9719,-0.0023,-0.662,0.7733
-4.2568,-8.4661,-3.9695,0.008,-0.4995,0.5571
-4.3215,-8.4781,-4.0318,0.0458,-0.5948,0.5589
-4.7237,-8.5571,-3.5745,0.0825,-0.651,0.6151
-4.9323,-8.4829,-3.5482,0.1008,-0.6614,0.6927
-5.0113,-8.4733,-3.4668,0.157,-0.7677,0.7977
-5.0089,-8.4781,-3.4596,0.256,-0.9045,0.9889
-5.1598,-8.5428,-3.6104,0.303,-1.0016,1.1074
-5.6218,-8.5643,-3.6894,0.3586,-1.1262,1.1985
-6.5939,-8.8516,-4.2257,0.4044,-1.1806,1.2406
-7.2738,-9.0671,-4.6806,0.4398,-1.1867,1.2498
-7.7862,-9.2275,-5.4064,0.4441,-1.1067,1.2321
-7.5803,-9.1269,-5.0736,0.3452,-0.8037,1.1863
-7.1589,-8.6337,-3.9576,0.2028,-0.4427,1.1588
-7.1158,-8.5045,-3.6367,0.066,-0.0493,1.1496
-6.6849,-8.3536,-3.1627,-0.0512,0.2866,1.2113
-5.9905,-8.3081,-2.442,-0.1495,0.5395,1.3573
-5.3369,-8.6505,-1.7693,-0.2442,0.7423,1.59
-5.2843,-8.7175,-1.7549,-0.2296,0.6983,1.7079
-5.4016,-9.3041,-1.9201,-0.163,0.5291,1.7977
-5.6554,-9.9936,-2.2122,-0.0695,0.3214,1.8387
-6.4383,-11.2698,-2.6695,0.0184,0.1198,1.849
-6.4909,-11.3152,-2.6719,0.0837,-0.0316,1.824
-6.467,-11.2674,-2.5019,0.1106,-0.0981,1.7452
-6.3664,-10.7502,-2.1978,0.0862,-0.031,1.653
-6.9291,-9.0048,-2.4301,0.0636,0.038,1.5112
-6.9458,-8.8827,-2.4684,0.0562,0.0386,1.3188
-6.7447,-7.7215,-2.8491,0.0318,-0.0132,1.1649
-6.3329,-7.0464,-3.1699,-0.0561,-0.0945,1.1252
-6.6561,-6.7495,-3.6152,-0.268,-0.2967,1.1142
-7.4199,-6.9674,-3.9887,-0.4116,-0.5184,1.047
-8.3416,-7.3409,-4.7237,-0.5191,-0.8544,0.9773
-8.5068,-7.2786,-4.6926,-0.5912,-1.3138,0.9468
-6.2683,-6.0265,-3.2824,-0.6346,-1.8269,0.9737
-4.2353,-5.0616,-2.3127,-0.637,-2.2857,1.072
-2.059,-3.9312,-1.4508,-0.5778,-2.023,1.1117
-0.5961,-3.1028,-0.905,-0.4849,-1.216,1.0751
0.1149,-2.6743,-1.118,-0.3988,-0.0303,1.0109
0.1149,-2.6743,-1.118,-0.0616,1.3788,0.8735
0.5602,-2.533,-3.1292,-0.0616,1.3788,0.8735
0.7709,-2.4851,-4.4292,0.1314,1.4546,0.791
-0.3806,-5.0065,-2.9376,-0.1275,1.2542,0.733
-0.8116,-5.3896,-2.8036,-0.612,0.6757,0.6059
-2.4301,-6.9003,-2.3032,-0.9418,-0.1061,0.2846
-2.6743,-7.7886,-1.8315,-1.0603,-0.8416,0.0305
-2.545,-7.7958,1.7022,-1.1862,-1.183,-0.1637
-2.5713,-7.7958,1.8602,-1.2833,-0.4494,-0.3817
-3.134,-7.2092,2.5809,-1.1239,0.5914,-0.6951
-3.6559,-7.0679,2.2361,-0.6895,1.2652,-1.0012
-4.1635,-7.4342,1.3694,-0.2112,1.4375,-1.2229
-4.5394,-7.6258,0.7613,0.154,1.2114,-1.408
-4.8698,-7.9921,-0.9624,0.4686,0.4802,-1.6768
-4.7884,-8.5188,-3.5362,0.5785,0.0868,-1.7776
-5.1981,-8.9833,-5.1191,0.5681,0.0551,-1.8655
-5.1981,-8.9833,-5.1191,0.2077,0.859,-2.1001
-5.7511,-9.3376,-5.0376,0.2077,0.859,-2.1001
-6.1701,-9.3903,-5.1334,0.0361,1.1693,-2.1923
-6.3928,-9.0671,-4.6854,-0.1483,1.3281,-2.2479
-6.2755,-8.9881,-4.2688,-0.2326,1.3092,-2.2217
-6.2755,-8.9881,-4.2688,-0.2827,1.187,-2.2033
-6.4598,-8.7271,-3.1124,-0.2827,1.187,-2.2033
-7.7551,-9.5699,-1.8387,-0.2277,1.195,-2.2437
-7.8341,-9.6058,-1.7621,-0.0958,1.4833,-2.3011
-8.5667,-9.7447,-1.1061,0.0556,1.7398,-2.2895
-8.8803,-9.5914,-0.5889,0.2523,1.9353,-2.1966
-8.0208,-8.6266,-0.9361,0.507,1.9585,-2.0128
-8.0208,-8.5523,-0.9361,0.7862,1.8248,-1.7745
-7.135,-8.2052,-1.7405,1.0336,1.6348,-1.5228
-5.9331,-7.7168,-2.3439,1.3103,1.4155,-1.1966
-5.0017,-7.202,-3.1052,1.4282,1.3617,-1.0372
-4.7046,-7.0584,-3.62,1.5131,1.3232,-0.9511
-4.4149,-6.9458,-3.8426,1.5394,1.3135,-0.8869
-4.3047,-7.02,-4.1467,1.493,1.3434,-0.8271
-4.1635,-7.5659,-4.5082,1.3708,1.2591,-0.7079
-4.1539,-7.8628,-4.4939,1.2291,1.1467,-0.6126
-4.1994,-8.7271,-4.5825,1.0532,0.9274,-0.5308
-4.2784,-9.7686,-4.7907,0.8626,0.6036,-0.4544
-3.9695,-10.6975,-4.5968,0.6891,0.3599,-0.3787
-3.8402,-10.8603,-4.4268,0.5455,0.311,-0.2889
-3.8402,-10.8603,-4.4268,0.4527,0.4466,-0.1166
-3.4045,-11.6169,-3.8115,0.4527,0.4466,-0.1166
-5.0185,-10.6497,-4.2042,0.4631,0.3251,-0.1209
-5.0185,-10.6497,-4.2042,0.3195,0.2787,-0.1362
-5.6673,-9.4597,-4.1922,0.3195,0.2787,-0.1362
-5.3417,-8.8109,-3.3877,0.2291,0.3202,-0.0103
-4.906,-9.0767,-1.0989,0.0739,0.1974,0.2577
-4.8817,-9.1293,-0.984,0.0257,-0.0847,0.3805
-4.6662,-9.4813,-1.7022,-0.0164,-0.2698,0.4251
-4.3071,-9.4023,-1.8076,-0.0176,-0.4567,0.5027
-3.4763,-9.285,-2.0135,-0.031,-0.5135,0.6261
-2.7102,-8.9641,-2.533,-0.0182,-0.7188,0.8772
-1.8171,-8.4709,-3.529,0.0006,-0.8544,1.0103
-2.0159,-8.2219,-3.9983,0.0019,-0.8856,1.0213
-3.1914,-8.2219,-5.0329,-0.0158,-0.8709,0.9046
-4.2544,-8.2004,-4.2928,0,-0.957,0.7489
-5.3082,-8.1166,-4.7285,0.0025,-0.9821,0.6047
-5.641,-7.9394,-4.2137,0.0923,-1.1549,0.5894
-5.1119,-7.3289,-4.5489,0.0599,-0.9338,0.634
-5.0113,-7.269,-4.4747,0.1063,-0.8874,0.7128
-4.786,-7.1565,-3.8043,0.1411,-0.7854,0.7984
-5.0041,-7.2068,-3.596,0.1271,-0.6217,0.8338
-6.479,-8.3776,-3.4237,0.1387,-0.6626,0.871
-6.479,-8.3776,-3.4237,0.1472,-0.7279,0.9297
-7.2475,-9.3472,-3.6272,0.1729,-0.8263,1.0439
-7.7215,-10.2786,-3.6774,0.1876,-0.9625,1.2003
-6.4143,-10.7574,-2.9903,0.1918,-1.0963,1.3665
-6.3592,-10.7502,-2.9568,0.1955,-1.2111,1.521
-6.0983,-10.6114,-3.3111,0.2328,-1.2686,1.6151
-6.0336,-10.3193,-3.6296,0.2572,-1.2252,1.6224
-5.2436,-9.747,-3.5793,0.2193,-1.0865,1.6444
-4.7788,-9.3688,-3.4739,0.1369,-0.9216,1.6646
-4.8434,-9.0695,-3.4691,0.0471,-0.7695,1.631
-5.2459,-8.9857,-3.6152,-0.0286,-0.6491,1.546
-5.4016,-8.7343,-3.4907,-0.1294,-0.5441,1.4159
-5.6745,-8.6912,-3.4883,-0.1929,-0.5374,1.3646
-6.3952,-8.854,-3.8857,-0.2406,-0.5826,1.3133
-7.1374,-9.0384,-4.173,-0.2809,-0.6357,1.273
-7.9131,-9.4286,-4.0916,-0.3487,-0.6369,1.2834
-7.9849,-9.5723,-4.0629,-0.4751,-0.5593,1.3952
-7.712,-9.6082,-3.3734,-0.5442,-0.5001,1.4923
-7.2978,-9.2706,-2.9185,-0.5778,-0.4305,1.5656
-5.4495,-8.3919,-1.3862,-0.5845,-0.3028,1.6145
-5.4495,-8.3536,-1.3024,-0.6034,-0.0462,1.6627
-4.6806,-8.0184,-0.6009,-0.6107,0.2524,1.6475
-4.4364,-7.6162,-0.1125,-0.5246,0.5126,1.4642
-5.8589,-7.1685,-1.8171,-0.3646,0.413,1.2712
-6.0001,-7.1445,-2.0781,-0.152,0.1174,1.0647
-7.1015,-6.8908,-4.1228,0.0324,-0.2722,0.9162
-6.5628,-5.969,-4.6279,0.0782,-0.6125,0.8839
-4.1108,-4.8003,-4.8698,-0.1666,-0.833,0.9993
-2.0135,-4.1946,-4.5274,-0.3896,-0.7603,1.0702
-0.7254,-3.7181,-3.8977,-0.6254,-0.4268,1.0702
0.1101,-3.2058,-3.5697,-0.7989,-0.0126,0.9957
1.0702,-2.3918,-3.6056,-0.8752,0.2994,0.8998
1.3646,-2.0685,-3.4811,-0.904,0.5743,0.8087
1.4556,-1.8291,-3.1028,-0.9754,1.0532,0.6951
1.7477,-2.9592,-1.6759,-1.0866,1.2652,0.6261
-0.814,-5.8301,0.0095,-1.2668,1.1302,0.4984
-1.0007,-6.3042,-0.1125,-1.3377,0.534,0.1404
-2.193,-8.435,-0.7158,-1.2601,-0.2655,-0.182
-3.0358,-9.534,0.2849,-1.2106,-0.7725,-0.7244
-3.4811,-9.6489,2.2337,-1.2851,-0.0462,-1.0604
-3.5098,-9.6249,2.2361,-1.1367,0.9133,-1.3054
-3.6942,-9.6106,2.0446,-0.7671,1.4986,-1.5027
-4.0318,-9.6896,1.7214,-0.4024,1.7197,-1.744
-6.3688,-10.1684,0.6895,-0.1239,1.6055,-2.0335
-6.5508,-10.2115,0.5722,0.1472,1.0129,-2.4538
-7.7766,-10.427,-0.9504,0.2969,0.6476,-2.6028
-7.9155,-10.7167,-3.7828,0.4276,0.4839,-2.5925
-7.2259,-9.8907,-6.4502,0.4857,0.5755,-2.4904
-6.8668,-9.4358,-5.8229,0.3953,0.9653,-2.397
-6.613,-9.0815,-4.7716,0.1735,1.4735,-2.3145
-6.4047,-8.8468,-4.5561,-0.0121,1.6531,-2.1936
-5.8924,-8.2507,-4.2353,0.0061,1.3941,-2.1154
-5.8325,-7.9083,-4.3263,0.0538,1.1168,-2.0647
