bicicleta
0.1723,-10.348,3.0023,0.2016,-0.5783,-1.9999
-0.0646,-9.9793,2.6479,0.3867,-0.5447,-2.0451
-0.1604,-10.1493,2.2433,0.5119,-0.5227,-2.0482
0.0335,-10.3049,2.0231,0.5504,-0.5593,-1.9981
0.158,-10.0798,2.5546,0.383,-0.7787,-1.7953
0.0047,-9.364,2.4636,0.2633,-1.0187,-1.623
-0.3567,-8.7295,1.9847,0.2731,-1.2191,-1.4825
-1.0773,-7.5563,1.1109,0.4124,-1.2093,-1.4275
-1.9057,-6.3018,0.0837,0.5767,-1.0664,-1.4324
-2.1835,-4.2497,-0.8762,0.6744,-0.8446,-1.4049
-2.0566,-4.1132,-0.9241,0.6036,-0.6333,-1.3219
-1.5466,-3.8546,-0.735,0.4282,-0.461,-1.1997
-1.3551,-3.9073,-0.2753,0.1924,-0.4696,-1.0384
-2.0494,-4.5106,2.1691,-0.042,-0.5123,-0.8228
-2.3319,-4.6806,2.4516,-0.2198,-0.4195,-0.6249
-3.3207,-5.9522,2.4229,-0.1062,-0.2423,-0.4392
-1.4197,-7.4989,1.3694,0.1436,-0.0108,-0.2547
-0.5051,-8.4326,0.2011,0.2676,0.0606,0.1343
-0.5099,-8.4566,0.1556,0.1967,-0.0792,0.4214
-0.4381,-8.3752,-0.0359,0.0917,-0.0071,0.5907
-0.5147,-7.6354,-0.1867,0.0177,0.264,0.8038
-0.2609,-6.7327,0.0454,-0.0347,0.3685,0.9346
-0.134,-6.3162,0.3854,-0.1013,0.4051,1.1032
-0.3687,-5.878,0.9241,-0.1495,0.4747,1.2363
-0.79,-5.8253,2.1332,-0.1648,0.68,1.2614
-0.237,-6.5628,2.6695,-0.155,0.9152,1.2974
-0.0263,-7.0751,3.371,-0.0103,1.11,1.5155
0.2059,-8.0567,5.0592,0.0727,1.1998,1.6475
0.5506,-9.4454,5.1095,0.2279,1.3165,1.7336
0.1508,-11.2602,3.7995,0.5193,1.5236,1.8008
-0.0622,-11.5499,4.0677,0.7123,1.5945,1.8368
-0.6607,-11.9042,3.9408,0.6927,1.2652,1.8765
-0.9959,-11.9856,2.9472,0.7483,0.6745,1.9981
-1.5418,-10.9729,0.3854,0.9518,0.5774,2.0543
-1.6328,-10.8891,0.1532,1.1808,0.793,2.0378
-1.9249,-10.5395,-0.2705,1.27,1.1308,1.9663
-1.9967,-10.2714,-0.0933,1.1662,1.3397,1.9083
-1.4628,-10.5323,1.0079,0.8027,1.4307,1.9394
-1.4628,-10.5323,1.0079,0.54,1.4051,2.0121
-1.3072,-11.1022,1.4293,0.2963,1.3642,2.0598
-1.391,-11.9976,2.7892,0.0739,1.2866,2.0744
-1.2258,-13.1013,3.6822,-0.0952,1.2163,2.0726
-0.8451,-13.6113,4.0701,-0.1098,1.2267,2.0836
-0.304,-13.6233,3.7205,0.0141,1.1687,2.0726
0.0454,-13.2665,3.1507,0.0703,1.049,1.981
0.7661,-12.6249,2.1811,0.0593,0.8681,1.857
1.0941,-12.4788,1.6017,0.008,0.6843,1.7427
1.4987,-12.1867,0.6296,-0.039,0.509,1.6108
1.5945,-12.0072,-0.0861,-0.1324,0.4228,1.2901
1.3359,-11.5164,2.0087,-0.3297,0.5749,1.0152
1.2808,-11.3344,2.1691,-0.6394,0.7649,0.7562
0.7469,-10.913,3.3327,-0.8942,0.9488,0.529
-0.055,-10.6736,3.8163,-1.0414,0.9115,0.2834
-1.537,-10.2283,4.1347,-1.0396,0.7637,0.0702
-1.7142,-10.2522,4.2281,-0.9168,0.592,-0.1313
-2.0015,-9.9984,4.1587,-0.8019,0.509,-0.1936
-2.1188,-9.6752,4.1299,-0.6816,0.3733,-0.2089
-2.466,-8.7822,3.1675,-0.557,0.1797,-0.2278
-2.466,-8.7822,3.1675,-0.3694,-0.1818,-0.3164
-2.4971,-8.6433,2.77,-0.3694,-0.1818,-0.3164
-2.6719,-8.8708,3.5314,-0.3249,-0.2124,-0.3793
-3.3399,-8.9019,3.6846,-0.3242,-0.1733,-0.4624
-3.7708,-9.1293,3.3566,-0.2418,-0.155,-0.5674
-3.9863,-9.3544,2.4588,-0.1538,-0.3242,-0.6511
-3.7325,-9.3951,2.1332,-0.0878,-0.4897,-0.6493
-3.1052,-9.1748,2.1811,-0.0787,-0.7389,-0.5668
-2.6862,-8.9833,1.6232,-0.0793,-0.8074,-0.5106
-2.229,-8.8588,0.8331,-0.086,-0.8171,-0.4734
-1.8794,-8.9761,1.2354,-0.1929,-0.9253,-0.4673
-1.039,-9.0671,1.561,-0.334,-0.9369,-0.4398
-1.0917,-9.0982,2.1164,-0.4073,-0.8086,-0.4117
-0.8523,-9.2275,3.0789,-0.5741,-0.8495,-0.518
-0.4477,-9.206,2.8131,-0.4959,-0.7506,-0.5943
0.067,-9.6824,1.7022,-0.3933,-0.7823,-0.6951
0.1651,-9.7925,1.5705,-0.3377,-0.9027,-0.7965
0.6703,-10.6425,1.7357,-0.3242,-0.9527,-0.86
1.0558,-11.5379,2.3391,-0.4776,-0.9393,-0.9492
0.7398,-12.5866,2.5809,-0.5271,-0.7108,-1.0616
0.6536,-12.6321,2.557,-0.5185,-0.4757,-1.2492
-0.0622,-12.972,2.4396,-0.4892,-0.3547,-1.4782
-0.6057,-13.1731,2.3367,-0.4311,-0.304,-1.656
-0.9313,-13.1875,2.3918,-0.3566,-0.3236,-1.7592
-1.0869,-13.1133,2.7461,-0.2595,-0.3791,-1.8142
-1.2018,-13.1468,2.7317,-0.2039,-0.4017,-1.8338
-1.1899,-13.3168,2.5689,-0.13,-0.3816,-1.846
-1.6376,-13.0894,1.8818,-0.0897,-0.3859,-1.8533
-1.5586,-13.1923,2.0877,-0.1074,-0.4066,-1.8496
-1.0965,-13.1348,2.5546,-0.188,-0.4592,-1.7898
-0.4836,-11.7582,2.3798,-0.2008,-0.483,-1.6865
-0.4716,-9.8763,2.6096,-0.0952,-0.3938,-1.7226
-0.553,-9.7327,2.7269,0.0458,-0.3315,-1.8619
-0.7326,-9.7447,2.9113,0.1888,-0.4011,-1.9981
-0.8092,-10.3312,3.098,0.3048,-0.5612,-2.0641
-0.2873,-11.4421,4.3382,0.369,-0.8184,-2.0421
-0.2873,-11.4421,4.3382,0.2651,-0.9686,-1.8112
0.3088,-10.5922,4.288,0.2651,-0.9686,-1.8112
0.5195,-9.2826,3.9815,0.2719,-1.0303,-1.6823
-0.328,-6.8429,1.8435,0.3592,-1.114,-1.6126
-0.328,-6.8429,1.8435,0.5797,-1.1556,-1.6035
-0.905,-6.0001,0.6607,1.0141,-0.9356,-1.6322
-1.1348,-5.3321,0.1388,1.1332,-0.7188,-1.6285
-1.4125,-4.6232,-0.1005,1.0342,-0.6522,-1.5748
-1.3934,-4.2497,-0.0359,0.8204,-0.7163,-1.4282
-1.2904,-4.458,0.577,0.6139,-0.6711,-1.2113
-1.6065,-5.4806,0.881,0.5449,-0.3498,-0.8936
-2.8874,-7.5204,0.2442,0.617,-0.1965,-0.7434
-2.5546,-7.7431,-0.2466,0.6604,-0.205,-0.5687
-2.1475,-7.5085,-0.8212,0.5981,-0.3425,-0.2376
-1.8722,-7.1062,-0.9385,0.4496,-0.3969,-0.0164
-1.1133,-5.7559,-0.0885,0.3146,-0.3065,0.1368
-1.2306,-5.6027,-0.0742,0.1039,-0.0823,0.3995
-0.9385,-5.3944,0.3495,-0.0066,0.0917,0.518
0.2801,-5.5404,1.4987,-0.1153,0.2078,0.7984
0.1173,-6.309,2.6024,-0.2118,0.2567,1.1056
0.0981,-6.3784,2.6168,-0.1954,0.4326,1.2089
0.2849,-7.269,2.8275,-0.05,0.7081,1.4086
0.3998,-7.8652,2.7317,0.03,0.7179,1.6554
-0.0478,-9.1964,2.0231,0.1045,0.6922,1.8014
-0.0742,-9.3113,1.968,0.1845,0.6806,1.8735
-0.0311,-10.0415,2.0039,0.2761,0.6885,1.97
-0.1149,-10.5276,1.8124,0.3916,0.7276,2.0659
-0.4381,-10.7502,1.3958,0.6335,1.0221,2.1252
-0.6823,-10.8029,1.4604,0.7215,1.245,2.116
-0.8547,-10.9154,1.3527,0.7062,1.3452,2.1276
-1.118,-11.1261,1.6304,0.6304,1.3568,2.1575
-1.312,-11.5547,1.7836,0.5138,1.3232,2.1868
-1.3766,-11.7893,1.628,0.4362,1.3116,2.2418
-1.4484,-12.0191,1.3144,0.4014,1.3428,2.3341
-1.5083,-11.9737,0.8762,0.3555,1.3672,2.364
-1.5729,-12.3088,0.8379,0.2731,1.3501,2.3805
-1.4867,-12.3615,0.905,0.1619,1.2658,2.4202
-0.6823,-12.4693,1.0821,0.0733,1.2603,2.5155
0.225,-12.4477,1.6089,-0.0329,1.4888,2.6688
1.0845,-12.5315,2.7341,-0.1214,1.6348,2.6328
1.0845,-12.5315,2.7341,-0.3084,1.5829,2.1875
1.2378,-12.5219,3.3063,-0.3084,1.5829,2.1875
1.0319,-12.6704,3.8762,-0.3975,1.4051,1.879
-0.1125,-12.8188,3.1651,-0.4458,1.2041,1.5454
-0.1125,-12.8188,3.1651,-0.3676,0.7985,0.6963
-0.8595,-12.6584,2.4229,-0.3676,0.7985,0.6963
-1.2593,-12.1197,2.0278,-0.378,0.7136,0.4483
-1.7836,-10.573,1.3407,-0.4599,0.6482,0.2571
-1.9632,-9.9362,2.4947,-0.6101,0.5419,0.1221
-1.5466,-9.1605,4.3095,-0.9009,0.457,0.1099
-1.5562,-8.6744,5.3513,-0.9534,0.4601,0.1679
-0.9768,-7.6449,5.0017,-0.8649,0.4271,0.2052
-0.881,-7.4438,4.5585,-0.6785,0.2958,0.2547
-1.0271,-7.2667,3.2585,-0.4574,0.0129,0.259
-1.0797,-7.8269,1.4676,-0.2454,-0.3022,0.24
-1.2904,-9.7159,0.6536,-0.0866,-0.5569,0.1912
-1.2904,-9.7159,0.6536,-0.1923,-0.4017,-0
-1.7884,-10.075,2.1715,-0.1923,-0.4017,-0
-2.2577,-10.0224,3.3854,-0.2375,-0.235,-0.1496
-2.9903,-9.6561,3.0669,-0.2161,-0.2148,-0.3145
-3.0502,-9.6609,2.8682,-0.1275,-0.3535,-0.4544
-3.1316,-10.0631,1.7477,-0.0127,-0.6827,-0.5613
-3.0597,-10.6568,1.3144,0.0055,-0.7866,-0.5723
-2.9855,-11.3176,1.695,-0.0316,-0.7212,-0.5729
-2.9855,-11.3176,1.695,-0.0732,-0.5648,-0.5955
-2.8514,-11.2506,1.0702,-0.072,-0.4763,-0.6566
-2.7174,-10.9777,0.5219,-0.0878,-0.6956,-0.7819
-2.5953,-10.4677,0.984,-0.1721,-0.8801,-0.8436
-2.4181,-10.1636,1.4006,-0.2968,-0.9216,-0.8668
-1.9632,-9.8356,1.4796,-0.3872,-0.7756,-0.8607
-1.5777,-9.6489,1.1156,-0.4446,-0.5899,-0.857
-1.2713,-9.9242,1.6615,-0.5435,-0.5777,-0.8753
-1.0654,-10.1804,2.0997,-0.8026,-0.8092,-0.8833
-0.565,-10.5323,2.6144,-0.9217,-0.7903,-0.8613
0.1221,-10.6928,2.8993,-0.9681,-0.6046,-0.8558
1.3814,-10.9274,4.8698,-0.9479,-0.4011,-0.893
1.6089,-10.8795,5.131,-0.871,-0.3492,-0.9926
2.2242,-10.6066,5.2459,-0.5466,-0.4567,-1.2382
2.466,-10.3695,4.5585,-0.2809,-0.5954,-1.4666
0.6799,-11.6337,3.0502,-0.0836,-0.753,-1.725
0.5985,-11.8228,3.0573,-0.0164,-0.8147,-1.9407
0.4548,-13.4461,3.7086,-0.053,-0.786,-2.0292
1.1444,-14.1787,4.355,-0.0738,-0.6253,-1.9871
1.2785,-13.7621,4.0246,0.2297,-0.2118,-1.9645
1.1276,-13.64,3.936,0.5358,-0.1195,-2.1624
1.1276,-13.64,3.936,0.9432,-0.5086,-2.7592
-1.9249,-13.7478,2.454,0.9432,-0.5086,-2.7592
-2.8514,-14.0063,2.3822,0.9353,-0.7206,-2.8564
-3.3111,-13.7478,2.2744,0.8571,-0.855,-2.769
-3.4237,-12.9888,2.3415,0.6946,-1.034,-2.4434
-2.7102,-11.2626,1.9991,0.6048,-1.1696,-2.1783
-0.814,-8.8109,1.798,0.5797,-1.3358,-1.9468
-0.3878,-8.0232,1.391,0.5779,-1.4036,-1.7831
-0.328,-7.032,0.6895,0.6121,-1.403,-1.6957
-0.395,-6.1821,0.3687,0.6402,-1.3095,-1.6426
-0.5482,-5.5763,0.2849,0.606,-1.056,-1.6041
-0.5363,-5.5716,0.2753,0.5516,-0.7707,-1.5112
-0.5458,-5.5021,0.6392,0.4405,-0.549,-1.3646
-0.8355,-5.3776,1.2689,0.2627,-0.4408,-1.2009
-2.4779,-5.9211,0.5386,0.1069,-0.5233,-1.0494
-2.4779,-5.9211,0.5386,0.3421,-0.8856,-0.6456
-3.3734,-6.1438,-0.4381,0.3421,-0.8856,-0.6456
-3.7445,-5.8828,-0.292,0.4331,-0.5398,-0.4599
-2.4301,-6.5675,0.316,0.3757,-0.1757,-0.2516
-2.1739,-6.6513,0.3375,0.2639,-0.0016,-0.0054
-0.0502,-7.5587,0.1891,0.1301,-0.1098,0.5992
0.4764,-7.803,0.7589,0.0562,-0.0322,0.9401
0.6823,-6.728,1.628,-0.0066,0.2872,1.0134
-0.4501,-5.0999,2.1045,-0.0243,0.5505,0.9505
-1.3479,-4.0414,1.9201,-0.0011,0.5597,0.8405
-1.3168,-3.9408,1.3862,0.0892,0.4882,0.8546
-0.3303,-4.6615,0.9289,0.292,0.5444,1.2058
0.134,-5.1693,1.4293,0.3586,0.6586,1.4947
0.7637,-6.1773,2.7078,0.3476,0.8071,1.7281
0.9337,-7.5348,2.9759,0.3488,1.0062,1.904
0.9696,-10.7287,3.7541,0.4124,1.2469,2.0445
1.1492,-11.2889,4.1922,0.3843,1.3232,2.2974
0.9792,-12.8739,3.2728,0.3275,1.1485,2.4929
0.5458,-13.98,2.4061,0.4398,0.9298,2.5699
0.2202,-13.6831,0.79,0.5388,0.8211,2.6022
0.0502,-13.4533,0.7158,0.6384,0.9952,2.546
-0.6009,-12.5363,0.7733,0.6304,1.1724,2.331
-0.8092,-11.6576,1.1875,0.4716,1.3574,2.0085
-0.8834,-10.4462,1.8459,0.322,1.4534,1.8863
-0.8834,-10.4462,1.8459,0.1479,1.4607,1.8148
-0.9888,-10.494,2.4612,-0.0567,1.3177,1.7562
-1.2425,-10.8819,2.6312,-0.21,1.1424,1.703
-1.5322,-11.9425,2.545,-0.276,1.1137,1.6639
-2.0254,-13.1205,2.8251,-0.3481,1.2793,1.6365
-2.3558,-14.9859,3.019,-0.455,1.2316,1.6615
-1.7908,-16.3817,2.1452,-0.5057,0.9909,1.78
-0.3184,-15.898,0.7469,-0.5014,0.6452,1.9046
0.1915,-14.8781,0.5985,-0.5845,0.2927,1.8771
0.5817,-12.1508,0.5339,-0.8154,0.0478,1.5247
0.6248,-10.1732,1.6496,-0.9033,0.3116,1.2113
-0.0766,-8.9833,3.3446,-0.9345,0.6824,0.9297
-0.0311,-8.9522,3.924,-0.9424,0.8003,0.7165
0.7685,-9.1222,6.6178,-1.1141,0.8743,0.6524
2.0302,-9.2658,8.0807,-1.1397,1.1021,0.7312
2.3008,-9.8189,5.6099,-0.7775,1.1809,0.7092
2.0901,-9.8045,4.9539,-0.5008,0.7661,0.5516
0.5746,-9.4023,2.2481,-0.3664,0.0508,0.3353
-0.8834,-9.1988,0.4596,-0.2894,-0.4176,0.1105
-2.4301,-9.3664,0.7374,-0.268,-0.5001,-0.0922
-2.4301,-9.3664,0.7374,-0.3456,-0.1818,-0.2932
-2.782,-9.3735,1.13,-0.4073,-0.0908,-0.3958
-3.0909,-9.4382,2.1188,-0.3609,-0.2044,-0.4685
-3.3135,-9.8476,2.8083,-0.2778,-0.4323,-0.5161
-3.5051,-10.1301,2.8874,-0.133,-0.4408,-0.5467
-3.9624,-10.4366,2.0877,-0.0353,-0.3052,-0.6035
-4.3742,-10.8196,1.8315,-0.0475,-0.0694,-0.7409
-3.9097,-10.6928,2.2984,-0.1734,-0.0041,-0.799
-3.7134,-10.2642,2.5905,-0.3157,-0.0682,-0.7947
-3.2489,-9.3137,2.6886,-0.4147,-0.3095,-0.7611
-2.6623,-8.6912,2.1045,-0.4373,-0.6669,-0.6878
-2.0494,-8.368,1.7334,-0.4147,-1.0462,-0.5998
-1.889,-8.3919,1.6974,-0.4183,-1.5404,-0.4294
-0.9888,-8.6601,1.5346,-0.4092,-1.6161,-0.2596
-0.1244,-8.8684,0.9121,-0.3872,-1.5074,-0.1331
0.7398,-9.34,0.1077,-0.3743,-1.2698,-0.1221
0.7733,-9.3927,0.1173,-0.447,-1.0853,-0.2437
1.1587,-9.9027,0.711,-0.6242,-0.9088,-0.5283
1.5035,-10.3049,1.2258,-0.648,-0.6876,-0.7177
1.6496,-10.4629,2.1715,-0.5704,-0.4433,-0.9248
1.6184,-10.4318,2.2122,-0.4635,-0.2362,-1.1582
1.4365,-10.1205,2.8275,-0.3615,-0.0865,-1.3787
1.4437,-9.8476,3.3566,-0.2699,-0.0407,-1.576
1.209,-9.8428,3.4572,-0.1459,-0.0817,-1.7928
1.0462,-10.2881,3.3518,-0.0695,-0.1036,-1.893
0.9792,-11.5427,3.5458,-0.028,-0.0969,-1.9248
0.9289,-13.4844,3.8402,-0.0341,-0.0884,-1.8741
0.9241,-16.1375,4.3694,-0.0628,-0.0542,-1.7617
0.802,-16.8462,4.4388,-0.0579,-0.1122,-1.6456
0.2609,-17.3465,4.343,0.0526,-0.359,-1.7122
-0.9433,-16.1901,2.7246,0.3586,-0.629,-1.8771
-1.4149,-13.0199,1.6041,0.7086,-0.8361,-2.0512
-1.4149,-12.7039,1.458,0.8949,-0.9772,-2.1123
-1.2282,-11.5283,1.1037,0.9554,-1.0548,-2.0787
-0.5817,-11.0998,1.3096,0.8668,-1.0102,-1.8912
0.4668,-10.9346,2.0015,0.7068,-0.8403,-1.7458
0.5123,-10.937,2.0494,0.4912,-0.7133,-1.6542
0.9576,-11.083,2.8898,0.27,-0.7603,-1.6206
0.7254,-10.5802,3.3518,0.113,-0.9931,-1.5827
-1.3407,-8.2579,1.9464,0.2352,-1.4915,-1.579
-1.4532,-8.1477,1.8291,0.5193,-1.4683,-1.6664
-2.5809,-6.9099,1.1085,0.7862,-1.1513,-1.7104
-3.1483,-5.3704,0.395,0.9664,-0.7548,-1.6969
-3.1842,-3.7732,-0.0263,1.0177,-0.4439,-1.5955
-3.0717,-2.794,-0.3375,0.953,-0.3364,-1.441
-2.8706,-2.1954,-0.5267,0.7587,-0.4561,-1.1716
-2.8131,-2.0446,-0.6679,0.6414,-0.4738,-0.9883
-3.4715,-2.7988,-0.6799,0.5193,-0.3633,-0.8118
-4.0701,-3.711,-0.6009,0.3849,-0.2331,-0.6181
-4.0988,-4.683,-0.2873,0.2419,-0.1238,-0.3897
-2.8802,-5.1286,0.1436,0.1283,-0.0426,-0.1014
-1.3934,-5.902,0.3711,0.1417,0.1834,0.3897
-1.2473,-6.0624,0.4955,0.1576,0.3306,0.6377
-0.5793,-6.8094,1.3886,0.0733,0.3862,0.9217
-0.1987,-7.5252,2.4851,-0.0176,0.4894,1.1985
0.1628,-8.459,2.5354,0.0019,0.7484,1.3946
0.1819,-8.4901,2.5115,0.2004,1.0832,1.6707
0.2202,-9.0455,3.1076,0.2945,1.0673,1.8674
-0.0047,-9.4861,2.4061,0.3403,1.0056,2.0091
-0.1532,-10.9394,2.5139,0.4215,1.027,2.105
-0.158,-11.0591,2.5833,0.4484,1.0007,2.1856
-0.5171,-11.514,3.4835,0.4967,0.9689,2.2485
-0.8283,-11.581,3.8139,0.6689,1.1168,2.2608
-1.2018,-11.3129,2.9257,0.8656,1.2518,2.2375
-1.2066,-11.2841,2.4923,1.0031,1.2658,2.2162
-0.9983,-11.3129,1.5179,1.0324,1.2151,2.2504
-0.7613,-11.751,0.9504,0.9872,1.2249,2.3237
-0.4453,-12.3088,0.0837,0.7948,1.1797,2.4214
-0.3208,-12.4645,-0.1364,0.6518,1.2206,2.4501
-0.2035,-12.5746,-0.3758,0.5199,1.3232,2.4416
-0.1891,-12.8715,-0.1292,0.3562,1.4827,2.4
-0.2513,-13.5921,0.8307,0.146,1.578,2.3109
-0.2298,-13.6376,0.8762,-0.0805,1.4882,2.1911
-0.1843,-13.5299,1.3168,-0.3163,1.2249,1.9566
-0.1843,-12.8834,2.193,-0.3994,1.1797,1.7287
-0.7134,-11.2314,4.0653,-0.4684,1.2634,1.4373
-0.7134,-11.2314,4.0653,-0.4275,1.3752,1.0103
-0.4788,-10.1756,3.8905,-0.4275,1.3752,1.0103
-0.9888,-9.9673,3.1866,-0.3187,1.286,0.8949
-1.1971,-9.7662,2.0781,-0.2381,0.9995,0.7055
-1.2066,-9.7255,1.9919,-0.2931,0.8565,0.6737
-1.1276,-9.8428,2.0781,-0.3866,0.7002,0.6444
-0.9768,-10.0583,2.9065,-0.4947,0.6085,0.6194
-0.8619,-9.8332,4.6375,-0.5918,0.7063,0.5656
-0.9193,-9.5435,5.0784,-0.6156,1.0123,0.4086
-1.0199,-9.5747,4.4316,-0.4611,1.0978,0.3176
-1.0749,-10.1301,2.8275,-0.1972,1.0398,0.2993
-0.4764,-12.0167,2.3056,0.0452,0.9359,0.3127
-0.4189,-12.3543,2.9424,0.1014,0.9091,0.2779
-0.9361,-11.8683,3.7349,0.0452,0.8859,0.0879
-2.0518,-11.2195,4.4651,0.0574,0.6122,-0.4025
-2.6048,-11.1812,0.6703,0.1802,0.4137,-0.6316
-2.6551,-11.2865,0.2274,0.3354,0.2383,-0.7128
-2.4899,-11.7486,0.7398,0.292,-0.1171,-0.7275
-1.8626,-11.5331,1.3742,0.0581,-0.3394,-0.6676
-1.9752,-9.6249,2.1499,-0.0927,-0.3333,-0.6676
-1.9752,-9.6249,2.1499,-0.1795,-0.4579,-0.7935
-1.6543,-8.6864,1.9776,-0.2381,-0.4983,-0.8735
-1.5179,-7.9131,1.695,-0.2033,-0.4555,-0.9034
-1.4652,-7.5947,0.4884,-0.2277,-0.5929,-0.9352
-1.47,-7.6162,0.4405,-0.2845,-0.8055,-0.9315
-1.5658,-8.0974,0.4357,-0.466,-1.1018,-0.8344
-1.1851,-8.7175,0.6248,-0.6272,-1.111,-0.7214
-0.577,-9.5316,1.5705,-0.7573,-0.9204,-0.6047
-0.3016,-10.0966,2.8586,-0.9272,-0.7823,-0.5809
0.4261,-10.6928,3.2225,-1.0347,-0.6253,-0.6279
0.8619,-11.253,3.9169,-0.9834,-0.4506,-0.6982
1.6663,-12.4788,4.0533,-0.8838,-0.6455,-0.8772
1.8124,-12.8571,3.8019,-0.7702,-0.844,-0.9822
1.9847,-13.3623,3.4572,-0.6614,-0.9796,-1.0977
1.5083,-13.2737,2.964,-0.5497,-0.8886,-1.2589
-0.5291,-12.7949,2.0853,-0.4324,-0.5972,-1.4892
-0.7613,-12.7542,2.1045,-0.2454,-0.2918,-1.8533
-1.4365,-12.5339,1.6376,-0.1367,-0.4732,-2.025
-1.8339,-12.2131,1.0199,-0.0048,-0.786,-2.1471
-1.5346,-12.1628,1.6448,0.0642,-0.913,-2.2027
-1.4963,-12.2035,1.7693,0.0587,-0.7524,-2.2137
-1.5298,-12.553,2.1667,0.0556,-0.417,-2.2125
-2.0063,-12.8475,2.4301,0.1753,0.0716,-2.2437
-2.4133,-12.7781,1.9081,0.3354,0.228,-2.2131
-2.4133,-12.7781,1.9081,0.5101,0.206,-2.0806
-1.5969,-12.3184,1.9249,0.6494,0.0868,-1.8295
-0.6392,-11.3464,2.2888,0.7612,-0.1495,-1.6151
0.1436,-10.1732,2.3367,0.8577,-0.6003,-1.4569
0.4453,-9.5842,1.8986,0.9371,-0.8184,-1.4721
0.3926,-8.5021,1.3814,1.0092,-0.8959,-1.5332
0.2585,-7.4869,0.9097,1.0238,-0.8764,-1.6096
0.2585,-7.4869,0.9097,0.9066,-0.6992,-1.5998
0.3088,-6.2778,0.5913,0.9066,-0.6992,-1.5998
0.2681,-5.8277,0.407,0.7496,-0.6583,-1.4227
0.2418,-5.3609,0.3327,0.6591,-0.6424,-1.2925
-0.3902,-4.7668,0.1675,0.6023,-0.5575,-1.207
-0.6057,-4.671,0.146,0.5608,-0.4842,-1.1985
-1.9393,-4.0533,-0.0574,0.4783,-0.5044,-1.1966
-2.5953,-3.6631,0.2082,0.3134,-0.4781,-1.0152
-2.7964,-3.711,0.0957,0.2633,-0.3633,-0.7391
-2.7964,-3.711,0.0957,0.2994,-0.0621,-0.1912
-2.363,-5.957,-0.225,0.2994,-0.0621,-0.1912
-1.0917,-7.4893,0.2274,0.2322,0.082,0.1795
-1.3335,-7.7646,3.0765,0.0532,0.173,0.5387
-1.4628,-7.6473,3.1627,-0.2253,0.1937,0.7257
-1.4221,-6.8094,2.9975,-0.1905,0.1986,0.7586
-0.9983,-6.3904,2.2242,0.0165,0.2023,0.9682
-0.079,-6.4119,1.7022,0.1979,0.2646,1.1777
0.1125,-6.4981,1.6879,0.2877,0.3404,1.3744
0.0407,-6.4023,1.9416,0.3097,0.4051,1.5454
-0.3567,-6.4885,3.0071,0.2896,0.6513,1.7067
-0.3423,-7.0248,3.2968,0.336,0.8578,1.8154
-0.4141,-7.2595,3.4572,0.4527,1.0703,1.9394
-0.5123,-7.8077,3.5625,0.5553,1.1174,2.0433
-0.8307,-8.4398,3.2441,0.6482,1.0392,2.1325
-1.0462,-9.5411,2.1763,0.7862,0.9543,2.2235
-1.051,-9.7159,2.1356,0.7838,0.9427,2.2327
-1.0271,-10.6999,2.0446,0.7184,0.9347,2.2198
-1.0055,-11.8707,1.877,0.6579,0.975,2.2363
-0.8738,-13.9584,2.7509,0.5828,1.0832,2.273
-0.8738,-13.9584,2.7509,0.5364,1.6085,2.4141
-0.146,-14.3463,3.1818,0.5364,1.6085,2.4141
-0.146,-14.3463,3.1818,0.5107,1.724,2.1258
-0.8523,-13.664,2.77,0.5107,1.724,2.1258
-0.869,-13.664,2.7102,0.4356,1.5798,1.8478
-1.0319,-13.5802,1.9201,0.3427,1.4552,1.6444
-1.1635,-13.5179,0.6584,0.212,1.3464,1.441
-1.4484,-13.3024,-0.9241,0.0758,1.2041,1.2822
-1.6328,-13.0534,-1.0965,-0.1343,1.0899,1.0928
-1.616,-12.6321,-0.5937,-0.4171,1.0398,0.9004
-1.5969,-11.8755,0.8307,-0.6944,1.1357,0.7403
-1.6567,-10.3863,3.1818,-0.9467,1.264,0.5955
-1.8363,-9.8404,4.1084,-1.1397,1.4338,0.4196
-2.1667,-9.9649,5.064,-1.1324,1.4356,0.3622
-2.1236,-10.4725,5.5955,-1.0671,1.4393,0.3793
-2.6455,-10.6449,4.5106,-0.9852,1.3574,0.4227
-2.7605,-10.7311,4.3933,-0.8447,1.099,0.3988
-3.0142,-10.8412,4.185,-0.6492,0.8333,0.3268
-2.3511,-10.1708,3.5098,-0.3988,0.6702,0.2956
-0.134,-8.6385,3.292,-0.2619,0.6403,0.32
-0.0191,-8.5547,3.2585,-0.1581,0.6293,0.3628
0.9576,-8.1693,2.8874,-0.0359,0.5676,0.3781
1.5298,-8.3991,2.8036,0.0739,0.4271,0.3439
2.0278,-9.9027,2.4851,0.1931,0.3452,0.2547
2.0159,-9.9027,2.4851,0.2114,0.3226,0.1533
1.3215,-11.15,2.4636,0.1735,0.2096,-0.0427
0.6991,-11.9377,0.8044,0.1204,0.0227,-0.2871
-0.0526,-12.3974,-0.1101,0.0984,-0.1928,-0.4996
-0.3926,-12.2274,0.237,-0.0316,-0.5288,-0.6792
-0.893,-11.2195,1.1587,-0.2809,-0.8068,-0.857
-1.3503,-9.8213,1.5466,-0.3841,-0.7695,-0.9669
-2.0374,-8.3297,1.8722,-0.4159,-0.6455,-1.069
-2.3391,-7.8891,2.2313,-0.4537,-0.6143,-1.1447
-2.624,-7.6282,3.2656,-0.4837,-0.6382,-1.1691
-2.6144,-7.8197,2.8275,-0.4531,-0.6125,-1.1001
-2.2888,-9.9218,1.6496,-0.3621,-0.4818,-1.0213
-2.1595,-10.2762,1.6065,-0.3652,-0.3779,-0.9474
-1.4676,-11.7606,1.695,-0.4861,-0.3633,-0.871
-0.8547,-12.9289,2.5522,-0.6859,-0.5111,-0.8063
0.2011,-13.4748,2.8299,-0.9009,-0.8147,-0.7806
0.2633,-13.3719,2.8012,-1.0261,-1.3144,-0.8246
0.4165,-12.5411,2.4636,-1.0029,-1.5899,-0.9224
0.328,-11.5235,1.8531,-0.885,-1.6809,-1.0531
0.3447,-10.1349,1.628,-0.7085,-1.5526,-1.1893
0.3471,-10.1014,1.6567,-0.5472,-1.2105,-1.3115
0.2849,-9.9769,1.719,-0.469,-0.7713,-1.4159
0.5003,-10.4342,2.4827,-0.447,-0.1635,-1.5473
0.7541,-11.6241,3.7038,-0.4867,0.1107,-1.5925
0.7852,-12.3567,4.264,-0.4782,0.2719,-1.6273
0.7948,-12.9984,4.6806,-0.3994,0.2396,-1.6639
0.237,-12.9696,4.2401,-0.2632,-0.0267,-1.7043
0.3663,-12.0718,3.1842,-0.0035,-0.7725,-1.7586
0.225,-11.6409,2.5402,0.2273,-1.235,-1.8154
-0.0957,-11.5188,1.8028,0.5138,-1.3406,-1.9694
-0.407,-12.4333,1.8339,0.7135,-1.0853,-2.1404
-1.1109,-13.664,2.6767,0.7667,-0.6858,-2.2461
-1.1492,-13.7334,2.6934,0.6952,-0.2539,-2.2571
-1.2761,-13.47,2.5306,0.4991,-0.0859,-2.0934
-1.5921,-12.4238,2.2098,0.3763,-0.4977,-1.9431
-2.4636,-9.5627,-0.6368,0.3836,-0.9845,-1.8509
-2.454,-9.17,-0.9864,0.6097,-1.216,-1.8057
-2.2505,-7.4295,-2.0614,0.7954,-1.1562,-1.714
-1.8626,-5.5668,-2.2984,0.4906,-0.9711,-1.5534
-1.209,-3.359,-1.628,0.0965,-0.9088,-1.4373
-1.209,-3.359,-1.628,-0.4562,-0.8471,-1.1734
-0.7829,-2.6048,-0.5458,-0.4562,-0.8471,-1.1734
-0.96,-2.0661,0.4141,-0.6236,-0.7481,-1.058
-1.9871,-1.8267,2.0685,-0.7164,-0.5832,-0.97
-2.6288,-1.8866,3.7397,-0.673,-0.2142,-0.7709
-2.8658,-2.5617,5.2531,-0.4763,0.2188,-0.6023
-1.4676,-4.6447,4.0653,-0.0658,0.7429,-0.3836
-0.0742,-7.0464,1.9991,0.4056,1.1339,-0.0238
-0.0239,-7.7359,2.3151,0.5541,1.0819,0.4037
-1.4724,-7.3888,2.4181,0.2761,0.3452,0.8533
-2.7724,-7.0895,1.8195,0.2083,-0.2594,0.9285
-3.1076,-7.2236,-0.1364,0.2939,-0.6779,1.0256
-2.873,-7.2714,-0.4764,0.4887,-0.5923,1.2205
-1.6591,-7.3433,-0.5913,0.7422,0.1302,1.4764
-0.5698,-7.1781,0.0478,0.8253,0.8871,1.7666
0.1532,-7.19,0.5554,0.6219,1.3416,2.0219
0.1532,-7.19,0.5554,0.19,1.0099,2.0995
0.1699,-8.0448,1.4676,0.19,1.0099,2.0995
0.0215,-9.3496,2.8802,0.0202,0.7735,2.1453
-0.1699,-12.2035,3.6367,0.0037,0.7185,2.2266
-0.1699,-12.2035,3.6367,0.1992,0.997,2.3432
-0.0909,-13.7023,3.0214,0.5773,1.6158,2.5613
-0.1843,-14.7273,3.1723,0.606,1.691,2.67
-0.2513,-14.756,3.0717,0.5174,1.4656,2.7116
-0.1556,-14.0422,2.0949,0.4881,1.0575,2.6627
-0.1795,-12.6464,0.4118,0.5761,0.7063,2.4923
-0.4189,-11.6552,-0.5841,0.606,0.5731,2.0769
-0.7398,-11.1596,-0.5937,0.4753,0.7612,1.8368
-0.8164,-11.1884,-0.3208,0.2743,1.0227,1.6756
-0.881,-11.648,0.5985,0.0403,1.2053,1.5894
-0.632,-12.2298,1.4317,-0.1966,1.2249,1.5564
-0.0622,-11.9737,2.9783,-0.3792,1.1302,1.5625
-0.0694,-11.8492,3.1292,-0.5051,0.9805,1.5082
-0.3519,-11.3607,3.3997,-0.4696,0.9555,1.3732
-0.5841,-11.0758,2.7676,-0.3633,0.9934,1.2131
-0.8379,-12.1628,2.9113,-0.2387,1.0722,1.1123
-0.7948,-12.3448,3.1962,-0.2008,1.0502,1.0726
-0.2873,-13.0534,4.6064,-0.3206,0.8743,1.0726
0.3256,-12.9577,4.9132,-0.3334,0.7594,1.039
-0.2035,-10.5922,3.0837,-0.2106,0.716,0.871
-0.2825,-10.4797,2.8706,-0.0579,0.6018,0.6261
-0.2035,-9.5531,0.6703,0.0715,0.3801,0.4526
0.2178,-9.1269,-0.486,0.1387,0.1101,0.394
0.96,-9.1198,0.2873,-0.0017,-0.2057,0.3652
1.1923,-9.3592,1.1947,-0.2033,-0.2753,0.3048
1.0845,-9.8117,2.5833,-0.367,-0.246,0.2015
0.5195,-10.2618,3.8019,-0.4647,-0.2014,0.0317
-0.4668,-10.8077,4.1156,-0.4953,-0.1262,-0.1563
-0.905,-11.0064,4.1898,-0.4586,-0.0639,-0.3207
-1.7262,-10.9274,2.8778,-0.4085,-0.133,-0.4978
-2.624,-10.3336,1.2449,-0.3475,-0.304,-0.5839
-2.8514,-9.273,1.482,-0.3603,-0.6272,-0.6475
-2.8155,-9.1269,1.5418,-0.4256,-0.8758,-0.6591
-2.7198,-8.5787,1.7693,-0.4519,-0.99,-0.656
-2.7317,-8.1884,1.877,-0.4311,-0.943,-0.6976
-2.3606,-8.2363,1.1468,-0.3969,-0.8306,-0.7079
-2.3367,-8.3201,1.2258,-0.3884,-0.7652,-0.711
-1.9752,-8.5763,1.2186,-0.4507,-0.7579,-0.7177
-1.482,-8.7942,1.7262,-0.4996,-0.6577,-0.6805
-0.2298,-9.7303,3.0023,-0.5692,-0.5581,-0.6389
-0.1651,-9.8284,3.11,-0.6511,-0.4256,-0.6261
0.2681,-10.9896,4.2233,-0.7079,-0.472,-0.6737
0.2681,-10.9896,4.2233,-0.5778,-0.5343,-0.9621
-0.2561,-12.9529,2.7964,-0.5778,-0.5343,-0.9621
-0.6129,-13.3623,2.5905,-0.4012,-0.4775,-1.1746
-1.2713,-13.2234,1.865,-0.1825,-0.4243,-1.4679
-1.9584,-12.8451,1.3048,-0.0732,-0.3718,-1.6377
-2.4756,-12.1819,1.0079,-0.028,-0.2845,-1.7647
-2.5641,-11.8348,0.8978,-0.0145,-0.1696,-1.8087
-2.2385,-11.4517,1.0582,-0.0274,-0.1159,-1.7715
-1.4125,-11.0016,1.5083,-0.0848,-0.1837,-1.6749
0.1053,-10.8292,2.7293,-0.2051,-0.3773,-1.5131
0.3734,-10.9346,3.1052,-0.2803,-0.4604,-1.4477
1.3383,-11.2147,4.2473,-0.312,-0.4494,-1.4275
1.4915,-11.2674,4.434,-0.2607,-0.3987,-1.488
0.8571,-10.8723,4.2497,-0.0787,-0.304,-1.6145
0.7086,-10.8053,4.118,0.3488,-0.1287,-1.7275
0.3399,-11.0184,3.8331,0.6915,-0.2478,-1.8509
-0.2298,-11.4996,2.7748,0.9597,-0.4763,-1.893
-0.972,-13.0774,1.9464,1.0916,-0.706,-1.8894
-1.0103,-13.166,1.8962,1.0269,-0.8776,-1.8173
-1.0534,-13.4269,1.0845,0.8504,-0.9625,-1.7177
-0.9959,-12.5746,0.0478,0.7551,-0.9753,-1.6719
-1.1372,-10.0391,-0.8667,0.8076,-0.7573,-1.6413
-1.1372,-10.0391,-0.8667,0.8497,-0.2197,-1.4905
-0.7805,-8.2315,-1.8579,0.8497,-0.2197,-1.4905
-0.4955,-7.2236,-1.8219,0.5577,-0.4219,-1.3274
0.0454,-6.3521,-0.4381,0.0831,-0.7023,-1.1685
0.1891,-5.9905,0.1771,-0.5619,-0.8819,-1.0488
-0.213,-5.2388,1.1707,-0.7219,-0.8483,-1.0433
-1.063,-4.343,1.8339,-0.6602,-0.7157,-1.0494
-1.9464,-2.9113,2.2864,-0.4709,-0.4592,-0.9908
-1.98,-2.7222,2.2218,-0.2326,-0.1574,-0.8484
-2.1212,-2.3942,2.0231,0.0385,0.0673,-0.5772
-2.4732,-2.7676,2.0638,0.1271,0.1528,-0.4098
-1.6663,-4.0725,1.9656,0.1772,0.2768,-0.2015
-1.5562,-4.1563,2.0446,0.2187,0.3544,0.1154
-1.4915,-4.4173,2.1715,0.2352,0.3171,0.4373
-1.5562,-4.7979,2.1883,0.281,0.3171,0.6731
-0.6272,-6.6609,0.7015,0.4276,0.3514,1.0079
-0.5698,-6.795,0.6129,0.5193,0.3428,1.2834
-0.1699,-7.9705,-0.0742,0.5303,0.3257,1.5552
0.0694,-9.0743,-0.2633,0.496,0.4631,1.7629
0.4357,-10.269,0.7996,0.427,0.7606,1.8881
0.5243,-10.688,0.8643,0.2731,1.0789,1.9993
0.4046,-10.8101,2.0757,0.2004,1.1119,2.017
-0.1292,-10.7478,3.3494,0.11,1.0496,2.0073
-0.7565,-10.3408,3.632,0.1485,1.0783,2.0128
-0.7565,-10.3408,3.632,0.3446,1.2573,2.1019
-0.8714,-10.6616,3.3638,0.3446,1.2573,2.1019
-0.5793,-11.2123,2.7485,0.4411,1.209,2.1936
-0.7733,-12.5722,2.9017,0.3916,1.0997,2.2027
-0.7805,-12.7206,2.9568,0.2816,1.0038,2.1697
-1.154,-13.2593,2.6455,0.2114,0.9549,2.1093
-1.3407,-13.6568,2.1859,0.2248,0.9903,2.0286
-1.5514,-13.2138,1.0941,0.2682,1.0209,1.9425
-1.5777,-13.1013,0.869,0.2822,1.0251,1.827
-1.5107,-12.5818,0.292,0.2224,1.0105,1.7855
-1.1851,-12.328,0.4357,0.1039,1.0813,1.7782
-0.1173,-12.3615,1.7262,-0.0542,1.2603,1.791
-0.0694,-12.3615,1.7549,-0.2167,1.4558,1.7727
0.2226,-12.0718,2.3199,-0.4641,1.4179,1.62
0.3471,-11.5403,2.6575,-0.6333,1.1015,1.4703
0.3471,-10.1972,1.3958,-0.7366,0.8345,1.3115
0.0526,-9.7973,1.5227,-0.7763,0.6604,1.138
-0.0454,-10.1349,2.363,-0.8588,0.5346,0.9834
0.1699,-10.755,3.2489,-0.9394,0.5096,0.9065
0.1963,-11.5786,4.774,-0.9876,0.534,0.8087
0.2346,-11.7127,4.7357,-0.9394,0.4802,0.7263
0.1987,-11.5523,4.3287,-0.8197,0.3935,0.6328
-0.0814,-10.9394,4.0174,-0.7231,0.1675,0.5057
0.292,-10.0894,3.0597,-0.6743,-0.1739,0.3866
0.2777,-9.9984,2.9209,-0.5356,-0.5551,0.2767
-0.0047,-9.6202,2.0302,-0.4195,-0.684,0.1435
-0.5722,-9.6178,1.5107,-0.334,-0.7188,-0.0409
-1.47,-9.9865,1.446,-0.287,-0.7634,-0.2058
-1.5035,-9.9506,1.3934,-0.2497,-0.8147,-0.3323
-1.6496,-9.5818,1.5011,-0.2039,-0.7927,-0.4147
-1.8148,-8.9953,1.9129,-0.221,-0.9246,-0.5216
-1.9488,-8.4422,2.0901,-0.2057,-0.9295,-0.5736
-1.98,-8.4135,1.9895,-0.1581,-0.789,-0.6212
-2.1739,-8.2363,1.9393,-0.1068,-0.6265,-0.6756
-2.4899,-8.3704,2.1547,-0.1385,-0.5923,-0.7177
-2.5617,-8.5188,2.545,-0.1868,-0.6027,-0.7367
-2.6312,-8.617,2.1906,-0.2118,-0.6357,-0.7354
-2.5354,-8.9282,1.1851,-0.1831,-0.6241,-0.7495
-2.6216,-9.3233,0.632,-0.1941,-0.6192,-0.7641
-2.7054,-10.0224,2.3367,-0.2998,-0.6632,-0.7593
-2.2864,-10.1636,2.2984,-0.4336,-0.5978,-0.7049
-2.0757,-10.2283,2.8155,-0.4373,-0.2674,-0.6157
-2.0709,-10.6616,3.8259,-0.491,-0.3413,-0.6499
-0.9026,-12.1293,3.541,-0.4953,-0.4305,-0.6884
-0.6129,-12.4597,3.4237,-0.4305,-0.4732,-0.6982
-0.0167,-13.6831,3.2609,-0.4525,-0.6858,-0.7312
0.5434,-14.6504,3.632,-0.5222,-0.91,-0.8142
0.7661,-13.9369,2.8179,-0.4892,-0.7854,-1.025
0.7062,-13.6831,2.7916,-0.323,-0.4671,-1.2675
0.0071,-12.1652,2.2361,-0.1569,-0.2191,-1.5418
-0.4596,-10.5299,1.4796,-0.0121,-0.1269,-1.7837
-1.1324,-9.5507,1.1707,0.0642,-0.1708,-1.9309
-1.1324,-9.5507,1.1707,0.0574,-0.2808,-2.0262
-1.1276,-10.087,1.5083,0.0574,-0.2808,-2.0262
-0.8738,-10.6808,1.7429,0.0519,-0.2331,-2.0085
-0.4788,-11.4565,2.1811,0.0739,-0.1702,-2.003
-0.4788,-11.4565,2.1811,0.2047,-0.0035,-2.1007
0.1771,-11.7821,3.4739,0.2047,-0.0035,-2.1007
0.1891,-11.6792,3.8929,0.3891,0.0288,-2.2296
0.3543,-11.49,3.8139,0.5107,-0.114,-2.2675
0.4357,-11.7773,4.0031,0.5938,-0.2918,-2.2418
0.4285,-12.3998,4.5082,0.6133,-0.4781,-2.185
0.3615,-11.9856,4.865,0.5755,-0.6308,-2.0879
0.4644,-10.0846,4.1371,0.5125,-1.045,-1.8405
0.3974,-9.7734,3.9935,0.5736,-1.4879,-1.6139
-0.4884,-8.2674,2.2313,0.7355,-1.9735,-1.4049
-1.1156,-7.3504,-0.2873,1.1271,-1.9778,-1.2754
-1.0749,-5.7751,-1.8052,1.5504,-1.2362,-1.1698
-1.1133,-5.6266,-1.8219,1.6268,-0.494,-1.0732
-1.1133,-5.6266,-1.8219,0.9389,-0.6345,-0.9266
-1.7022,-4.3646,-1.9991,0.9389,-0.6345,-0.9266
-2.5258,-4.2497,-0.96,0.6604,-0.8782,-0.8503
-2.6048,-4.2784,-0.9169,0.4508,-0.8092,-0.7232
-3.0047,-4.5753,-0.2011,0.3348,-0.6058,-0.5656
-1.7741,-5.641,0.3878,0.2083,-0.4579,-0.3463
-0.1843,-6.4742,0.5889,0.0135,-0.4317,0.1209
-0.6224,-6.3138,1.4484,-0.0903,-0.4744,0.3378
-0.9888,-5.7176,1.7812,-0.1471,-0.4311,0.4404
-0.5961,-5.3489,1.4077,-0.0555,-0.2154,0.5894
-0.0718,-5.0472,1.5897,0.0526,0.0129,0.8026
-0.0478,-5.052,2.0685,0.0709,0.1687,1.0983
-0.0646,-5.2651,2.0829,0.0831,0.2402,1.2681
-0.0502,-5.7056,1.9464,0.1552,0.3245,1.4355
-0.0933,-6.9075,1.8674,0.2187,0.4729,1.601
-0.1963,-7.0991,2.0207,0.2541,0.6879,1.7275
-0.6488,-7.9777,2.2074,0.2572,0.9164,1.8301
-0.6488,-7.9777,2.2074,0.2798,1.0899,2.2388
-0.5817,-11.15,3.0837,0.2798,1.0899,2.2388
-0.7038,-11.4038,3.1866,0.3079,0.8779,2.3677
-1.2832,-12.5626,3.1747,0.3586,0.7038,2.3994
-1.8028,-13.3192,2.5857,0.4625,0.6855,2.3493
-1.9081,-12.735,2.3056,0.5755,1.0074,2.2247
-1.8866,-12.6823,2.3127,0.5284,1.3055,2.1484
-1.4796,-12.4693,2.6072,0.4301,1.4552,2.1166
-1.3024,-12.6823,2.9544,0.3391,1.5041,2.1478
-1.2808,-13.2569,2.7892,0.2737,1.4857,2.1587
-1.2473,-13.4509,2.533,0.2218,1.3703,2.1252
-1.3072,-13.2665,2.1068,0.0972,1.1375,1.9975
-1.5179,-12.905,2.0087,-0.0029,1.0264,1.8643
-1.3048,-12.5291,2.047,-0.0952,0.9677,1.7397
-1.0486,-12.3878,1.7717,-0.1324,1.0105,1.6865
-0.62,-12.146,1.8363,-0.1324,1.0703,1.6646
-0.2537,-11.7151,2.0063,-0.166,1.0929,1.6022
-0.1508,-10.4797,2.0302,-0.2528,1.074,1.408
-0.079,-10.1421,1.7166,-0.32,0.9787,1.2339
-0.395,-9.5507,0.5985,-0.3853,0.9005,1.0598
-0.9289,-10.0032,1.5131,-0.4861,0.7948,0.8888
-0.632,-10.6114,3.1842,-0.6767,0.7417,0.8014
-0.5722,-10.6185,3.3686,-0.8453,0.9262,0.7599
-0.2681,-10.7454,4.0749,-0.8649,0.975,0.7257
0.2657,-10.494,4.9706,-0.8221,0.8975,0.6896
0.9911,-9.5818,5.3585,-0.7622,0.6256,0.642
0.9911,-9.5818,5.3585,-0.4092,0.165,0.4807
1.3575,-9.0599,4.0438,-0.4092,0.165,0.4807
1.8698,-8.957,3.1387,-0.1074,-0.0517,0.3799
2.3391,-9.6393,2.0805,-0.0481,-0.2002,0.3329
1.6496,-10.5371,1.8315,-0.0634,-0.2784,0.2211
-0.6727,-11.8946,2.0135,-0.1691,-0.3993,-0.0586
-2.557,-12.3663,1.0989,-0.2821,-0.4457,-0.4147
-3.8019,-12.4549,0.8643,-0.3206,-0.4885,-0.7507
-4.2473,-12.1724,0.8906,-0.3756,-0.5496,-0.8558
-4.7213,-11.4038,0.3782,-0.4201,-0.5416,-0.9211
-5.0305,-10.8364,1.1228,-0.4831,-0.5862,-0.9419
-4.4723,-9.6944,2.5378,-0.6004,-0.7884,-0.9217
-4.3358,-9.5268,2.7102,-0.6504,-0.8862,-0.8423
-3.6822,-8.8779,3.0621,-0.615,-0.8477,-0.6945
-2.7413,-8.6649,2.296,-0.4843,-0.6223,-0.6133
-1.7788,-8.8588,1.2761,-0.3554,-0.3449,-0.5644
-1.6304,-8.9139,1.1803,-0.389,-0.3003,-0.5577
-0.905,-9.3688,1.3862,-0.5374,-0.4195,-0.5192
-0.2418,-9.8835,2.3582,-0.7372,-0.6925,-0.4752
0.9385,-10.099,3.1292,-0.943,-1.1904,-0.4752
0.9576,-10.0535,3.1124,-0.8832,-1.3901,-0.5668
0.9145,-9.4047,2.5953,-0.717,-1.3956,-0.7434
0.3399,-8.6505,1.865,-0.5118,-1.1745,-0.9669
-0.1723,-8.7367,1.7549,-0.342,-0.8092,-1.1826
-0.213,-9.4047,1.9536,-0.1899,-0.2301,-1.3542
0.0837,-10.5347,2.5905,-0.1294,0.0972,-1.3426
0.6129,-11.763,3.4859,-0.0988,0.3061,-1.3054
0.7757,-13.0103,3.8498,-0.0469,0.3721,-1.3298
0.6368,-13.5059,4.0126,0.0513,0.2945,-1.466
0.2896,-14.0446,3.9719,0.1417,0.0618,-1.6591
-0.0239,-14.0877,3.6224,0.2505,-0.3694,-1.9168
0.0383,-13.166,3.6583,0.311,-0.5465,-2.0176
-0.0215,-13.1157,3.5817,0.4124,-0.5923,-2.0916
-0.4165,-13.3048,3.347,0.5773,-0.6113,-2.1887
-1.0175,-13.9153,2.8874,0.7044,-0.6913,-2.2828
-1.1971,-14.7536,3.6918,0.7178,-0.8794,-2.2779
-1.1971,-14.7536,3.6918,0.3757,-1.4421,-2.0861
-1.3144,-14.2314,3.5242,0.3757,-1.4421,-2.0861
-0.9528,-12.9074,2.7844,0.2059,-1.8128,-1.9388
-0.6919,-9.6609,1.3144,0.0807,-2.0688,-1.7788
-0.7278,-9.4262,1.154,0.0483,-2.2276,-1.6719
-1.1994,-7.5635,-0.146,0.3048,-2.0816,-1.7037
-1.5179,-5.7631,-0.9672,0.5272,-1.508,-1.7733
-1.4891,-4.015,-1.1994,0.5083,-1.0456,-1.7678
-1.4437,-3.4021,-1.1899,0.2957,-0.8843,-1.6872
-1.4963,-2.8179,-0.7086,0.0061,-1.0022,-1.5302
-1.877,-2.3894,-0.043,-0.4012,-1.1336,-1.2376
-2.4827,-2.6695,0.0287,-0.458,-1.0181,-1.0592
-3.0789,-3.4883,-0.1604,-0.3316,-0.7609,-0.8796
-2.7796,-5.1717,0.1556,-0.1801,-0.3901,-0.6633
-2.2625,-6.3856,0.905,-0.1483,-0.081,-0.3005
-1.8794,-6.9291,1.3982,-0.2027,-0.0749,-0.0116
-1.6615,-6.8525,1.2354,-0.1532,-0.1085,0.207
-1.1683,-6.7519,0.6033,0.0098,0.0361,0.397
-0.9504,-6.9051,0.7374,0.1466,0.242,0.5778
-0.8954,-7.3888,0.4309,0.1943,0.4692,0.7617
-0.9145,-7.4654,0.383,0.2114,0.5994,0.9663
-0.9097,-7.8365,0.1484,0.1796,0.6647,1.1881
-0.62,-8.4326,0.3088,0.0862,0.7246,1.5363
-0.3112,-8.4781,1.0462,0.0379,0.724,1.7495
-0.3112,-8.4781,1.0462,0.0141,0.7576,1.8228
-0.577,-8.1741,1.5346,0.0098,0.8492,1.7568
-0.6991,-7.8053,3.3877,0.0526,0.9915,1.7116
-0.4285,-7.5659,4.1252,0.1576,1.3379,1.769
-0.4525,-7.8221,4.0078,0.3372,1.6507,1.8539
-0.5219,-8.4877,3.3183,0.504,1.8962,1.9474
-0.7278,-9.6321,2.9975,0.5993,2.0502,2.0647
-0.9409,-10.9848,2.806,0.5761,2.0312,2.2003
-0.9193,-11.514,2.6431,0.4765,1.8193,2.3341
-0.9983,-12.2562,2.3127,0.3128,1.2053,2.4269
-1.0702,-12.51,2.1787,0.1973,0.7527,2.375
-1.2066,-12.5746,1.9297,0.0874,0.3654,2.2956
-1.1444,-12.6775,1.9249,0.0513,0.242,2.2589
-0.7565,-13.1372,2.1691,0.1601,0.6342,2.2999
-0.1316,-13.5682,2.4995,0.2474,1.3972,2.3622
0.8331,-14.1524,2.6934,0.1973,1.537,2.339
0.8331,-14.0901,2.5665,0.1204,1.3067,2.1997
0.5626,-13.2354,1.2425,0.0819,0.8999,1.9498
0.1125,-12.7111,0.0909,0.0654,0.5597,1.6157
-0.1556,-11.921,0.2944,0.0165,0.4637,1.2944
-0.1292,-11.842,0.2801,-0.2161,0.7924,0.956
-0.2442,-11.1477,0.8906,-0.4519,1.0453,0.7825
-0.6967,-10.9825,2.4708,-0.684,0.9787,0.5955
-1.1755,-10.7358,3.7469,-0.8716,0.8016,0.4398
-1.446,-10.4557,4.1587,-0.9253,0.7472,0.3274
-1.731,-10.1086,4.6399,-0.8789,0.7673,0.2315
-2.1595,-9.9529,4.9012,-0.6724,0.7973,0.1374
-2.8371,-9.6225,3.9815,-0.4757,0.7057,0.0891
-3.2178,-9.5818,3.5553,-0.2528,0.5377,0.0561
-3.1292,-9.4693,1.889,-0.053,0.3483,0.0788
-3.1292,-9.4693,1.889,-0.0518,0.2921,0.3042
-0.3567,-9.613,3.0382,-0.0518,0.2921,0.3042
-0.3567,-9.613,3.0382,-0.2381,0.1492,0.1942
0.5291,-9.6273,4.0605,-0.2381,0.1492,0.1942
0.7948,-9.4142,4.2257,-0.2192,-0.0713,0.0507
0.5746,-9.5364,3.3734,-0.1202,-0.2912,-0.0861
0.4908,-9.6513,3.0119,-0.0133,-0.4958,-0.229
-0.2657,-10.7526,1.3192,0.0666,-0.6724,-0.4544
-0.9744,-11.7055,0.8307,0.0012,-0.7927,-0.6181
-1.4628,-11.2386,1.7621,-0.1844,-0.9558,-0.7232
-1.5107,-11.1309,1.8866,-0.3468,-1.0499,-0.8124
-1.7956,-10.1062,2.3439,-0.466,-1.1195,-0.9517
-1.9871,-9.0479,2.1092,-0.5222,-1.1348,-1.1129
-2.217,-8.1142,2.4181,-0.5417,-1.1745,-1.1563
-2.3175,-7.949,2.885,-0.5655,-1.2411,-1.1484
-2.2098,-7.9705,3.1555,-0.5405,-1.2331,-1.0934
-1.8507,-8.4063,2.4325,-0.4482,-1.0859,-1.0115
-1.628,-10.257,1.8028,-0.3401,-0.888,-0.9456
-1.6807,-11.3033,2.5929,-0.3957,-0.7958,-0.9462
-1.4484,-13.2881,4.2999,-0.5374,-0.8196,-0.9731
-0.8571,-14.4445,4.2257,-0.5442,-0.7896,-0.9926
-0.6464,-14.387,2.5115,-0.4006,-0.8324,-1.047
-0.7038,-13.98,2.0063,-0.2729,-1.1556,-1.1575
-0.6009,-12.2777,1.233,-0.1825,-1.4903,-1.2541
-0.474,-11.0615,1.3287,-0.2216,-1.439,-1.3243
-0.4955,-9.1605,1.3575,-0.2748,-1.2789,-1.3891
-0.4955,-9.1605,1.3575,-0.3279,-1.001,-1.5534
-0.0861,-9.4238,2.1428,-0.3279,-1.001,-1.5534
0.6631,-10.1014,3.268,-0.3255,-0.8764,-1.5913
1.367,-10.5802,4.6447,-0.1544,-0.497,-1.6591
1.4317,-10.6161,4.6686,0.0764,-0.1947,-1.7476
1.6017,-10.9992,5.143,0.3501,-0.0255,-1.8588
1.2808,-11.4924,4.7093,0.6506,-0.0499,-1.9926
0.4309,-12.316,4.1156,0.9414,-0.2582,-2.1319
-0.0742,-12.9194,3.9384,1.1118,-0.6015,-2.2382
-0.4333,-13.3479,4.1826,1.1039,-1.2521,-2.2223
-0.2585,-13.4988,4.4196,1.0098,-1.7408,-2.1172
-0.6895,-12.5578,3.3375,0.9609,-2.1323,-1.9889
-1.1827,-11.9689,2.636,0.989,-2.2631,-1.8991
-2.0566,-11.2027,0.869,1.0587,-2.1006,-1.8454
-2.8467,-9.9553,-0.5291,1.2749,-1.5777,-1.7776
-2.77,-7.1278,-0.8379,1.2535,-1.2099,-1.6701
-2.7557,-6.8237,-0.9074,1.0971,-0.9338,-1.5173
-2.4372,-5.4399,-1.3479,0.92,-0.9735,-1.3548
-2.1691,-4.4603,-1.7621,0.7331,-1.2264,-1.1649
-1.5394,-3.4308,-1.1611,0.5406,-1.3993,-0.9633
-1.4867,-3.3518,-1.0247,0.2798,-1.1867,-0.6603
-1.482,-3.0765,-0.4094,0.1643,-0.8232,-0.5027
-2.3247,-2.691,1.1707,0.1008,-0.5496,-0.3591
-2.0781,-4.209,1.4484,0.0807,-0.3547,-0.237
-1.9033,-4.3694,1.2856,0.2083,-0.1611,-0.0824
-0.9337,-5.4925,0.5602,0.4814,0.1174,0.4459
-0.2059,-6.5891,0.8858,0.4496,0.2298,0.7849
-0.9624,-6.8884,2.3463,0.347,0.3159,1.0158
-1.7549,-6.4622,1.8698,0.3678,0.4876,1.0512
-2.454,-5.981,1.5011,0.5449,0.7179,0.9969
-2.2864,-5.9786,0.9026,0.6897,0.8138,1.0409
-1.0773,-6.7543,0.6153,0.8265,0.7979,1.4538
-0.6536,-7.202,0.7422,0.8021,0.8425,1.7537
-0.3399,-8.1214,0.5123,0.7111,1.0453,1.9333
-0.3423,-9.3233,1.1851,0.581,1.3306,2.0128
-1.1492,-11.265,2.1308,0.4044,1.49,2.0616
-1.1492,-11.265,2.1308,0.1808,1.5706,2.1826
-1.8555,-12.4621,2.7413,0.1808,1.5706,2.1826
-1.9895,-13.3599,2.7533,0.1906,1.5981,2.2766
-1.7573,-14.162,2.1978,0.1717,1.6562,2.3683
-1.7334,-14.1452,2.1475,0.1393,1.7087,2.4049
-1.3886,-13.8387,1.8124,0.1063,1.6788,2.3732
-1.403,-13.3671,1.6256,0.0306,1.6067,2.2785
-1.3287,-12.474,2.557,-0.0652,1.5615,2.2082
-1.3287,-12.474,2.557,-0.2949,1.5877,2.207
-0.6607,-11.9784,3.4165,-0.2949,1.5877,2.207
-0.0646,-11.5714,3.8091,-0.3493,1.5706,2.2449
0.3184,-10.9034,3.9839,-0.3572,1.4796,2.2149
0.3758,-10.5754,3.6104,-0.2961,1.242,2.0109
0.4405,-10.4054,3.3973,-0.218,1.005,1.8545
0.5841,-10.3791,2.7341,-0.1288,0.8523,1.7153
0.905,-10.597,1.3623,-0.006,0.8767,1.5894
1.1468,-10.7981,1.2713,0.0623,0.9598,1.4605
1.4963,-11.1453,2.1835,-0.1123,1.118,1.2705
1.6591,-11.3416,3.4596,-0.3468,1.184,1.1246
1.0486,-11.6313,4.7716,-0.546,1.143,0.9456
0.8068,-11.7342,4.5801,-0.623,1.0306,0.7348
-0.0837,-12.3256,4.4364,-0.5894,0.8407,0.5112
-1.5035,-13.0271,3.3279,-0.4971,0.6403,0.284
-2.8874,-12.3759,2.1356,-0.3462,0.4473,-0.014
-2.8826,-12.2514,2.0063,-0.3328,0.2701,-0.1386
-2.8443,-11.0878,2.9137,-0.3652,0.0697,-0.1924
-2.3511,-10.2666,3.5458,-0.3975,-0.1018,-0.196
-2.0829,-9.0408,3.2776,-0.3212,-0.155,-0.1795
-2.0829,-9.0408,3.2776,-0.0481,-0.3407,-0.251
-2.3535,-8.7391,2.6743,-0.0481,-0.3407,-0.251
-2.9568,-8.9306,1.0941,0.0544,-0.4048,-0.3164
-3.1962,-10.6497,0.6081,0.088,-0.4586,-0.3646
-2.5043,-10.925,0.8116,-0.0103,-0.4628,-0.3555
-1.616,-10.4653,0.9504,-0.152,-0.381,-0.2858
-1.3263,-9.668,1.3766,-0.3316,-0.6192,-0.3219
-0.8212,-8.4398,1.9464,-0.4537,-0.8275,-0.3964
-0.8523,-7.9849,2.0015,-0.5252,-0.9191,-0.4593
-0.9409,-7.3624,1.6639,-0.5454,-0.9149,-0.5522
-1.2162,-7.1182,1.6232,-0.5442,-0.8452,-0.6414
-1.5897,-7.6785,2.2601,-0.5619,-0.7951,-0.7104
-1.6543,-7.8365,2.2266,-0.5325,-0.6058,-0.747
-1.8363,-8.9282,1.5801,-0.4366,-0.4311,-0.7556
-1.8986,-10.1588,1.2425,-0.3591,-0.3223,-0.7531
-0.8786,-12.2801,1.4987,-0.3639,-0.3095,-0.7397
-0.6536,-12.4788,1.7238,-0.4452,-0.3181,-0.7098
0.2585,-13.391,3.3399,-0.6779,-0.4201,-0.7263
1.154,-13.9369,4.3622,-0.7818,-0.5593,-0.8405
0.632,-12.8619,2.7126,-0.6847,-0.7225,-1.0225
0.5458,-12.7374,2.5163,-0.4208,-0.9106,-1.2376
-0.0981,-11.83,1.3192,-0.1178,-1.0108,-1.4275
-0.5937,-11.2291,0.7206,0.0855,-0.9607,-1.5393
-0.5578,-11.2386,0.9457,0.1234,-0.6223,-1.568
-0.4141,-11.7558,1.5203,0.0135,-0.3407,-1.532
-0.2418,-12.1676,2.3127,-0.1092,-0.1647,-1.5063
0.0143,-12.4453,2.7365,-0.1947,-0.1941,-1.51
0.7661,-12.3088,3.5003,-0.2094,-0.4305,-1.5399
1.3024,-11.8707,3.881,-0.1288,-0.9601,-1.6358
1.7741,-10.7885,4.0342,0.0067,-1.2533,-1.7647
1.7932,-10.0655,3.9719,0.1992,-1.4317,-1.9712
1.1611,-10.075,3.5936,0.3946,-1.549,-2.193
1.1468,-10.2738,3.711,0.5468,-1.6106,-2.378
0.565,-11.071,3.6248,0.6133,-1.5917,-2.488
-0.486,-11.2793,3.6056,0.6042,-1.5477,-2.4862
-0.7038,-10.5587,4.1946,0.5223,-1.4274,-2.331
-0.8355,-10.336,3.9552,0.5162,-1.1323,-2.0763
-2.0254,-9.1629,2.8371,0.697,-0.9619,-1.9016
-2.8419,-8.2387,1.6089,0.9249,-1.1598,-1.8674
-3.5314,-7.056,-0.5434,1.1906,-1.2606,-1.8362
-3.5314,-7.056,-0.5434,1.3959,-0.6986,-1.5564
-3.383,-6.2276,-1.0821,1.3959,-0.6986,-1.5564
-3.4069,-5.6865,-0.5434,1.1558,-0.461,-1.3365
-3.3734,-5.2483,-0.1628,0.887,-0.3449,-1.1123
-3.3303,-4.9658,-0.2609,0.7453,-0.3724,-0.8881
-3.1771,-4.9802,-0.8164,0.7367,-0.4378,-0.5418
-2.4947,-4.9969,-1.2928,0.7691,-0.2936,-0.2547
-1.6017,-5.5213,-1.403,0.7459,0.0496,0.0531
-1.3742,-5.6961,-1.3575,0.6292,0.3709,0.3072
-1.3311,-5.9546,-0.3375,0.4191,0.4503,0.4764
-0.6895,-6.4526,0.5674,0.1723,0.3727,0.532
0.0718,-8.0232,3.359,-0.0145,0.3691,0.7043
0.3926,-8.3871,3.6128,-0.0054,0.6311,0.8704
0.8307,-9.0647,3.4691,0.11,0.9396,1.0592
0.4932,-9.4957,2.1547,0.2315,1.0978,1.215
-0.3232,-9.5268,0.6033,0.2713,1.0196,1.3487
-0.4261,-9.455,0.4932,0.1998,0.8284,1.4355
-1.2186,-8.6673,0.1699,0.2126,0.9225,1.3921
-1.6879,-7.8173,-0.0574,0.2065,1.0655,1.3878
-1.8148,-6.7974,1.0079,0.1619,1.132,1.4086
-1.8148,-6.7974,1.0079,0.0752,1.1369,1.4819
-1.4413,-6.5316,1.5945,0.0019,1.1491,1.6145
-1.4413,-6.5316,1.5945,-0.1025,1.4393,1.9608
-0.8858,-6.7208,3.5266,-0.1025,1.4393,1.9608
-0.9744,-7.0105,3.8211,-0.0524,1.7032,2.0647
-0.7685,-7.5061,3.9743,0.0623,1.9848,2.1594
-0.6871,-8.1094,3.6607,0.1851,2.2322,2.2589
-1.2737,-9.5986,4.0126,0.281,2.41,2.3249
-1.5227,-10.4725,4.5825,0.2926,2.4882,2.3909
-1.7381,-12.5746,5.6147,0.245,2.399,2.4874
-1.4867,-14.7225,7.0823,0.2151,2.1803,2.6371
0.3208,-17.7129,6.9985,0.2034,1.7771,2.7879
0.6272,-18.06,6.783,0.2877,1.2237,2.8698
1.6112,-18.5053,3.5697,0.4576,-0.1605,2.6908
1.7525,-17.6554,-1.5035,0.7135,-1.0432,2.3616
-0.2537,-15.1487,-5.3537,1.0073,-0.7322,1.8405
-0.5219,-14.7632,-5.2507,0.912,0.3214,1.1911
-1.6041,-13.1899,-2.3678,0.4001,1.3996,0.5845
-1.9177,-12.4549,0.8475,-0.301,1.9384,0.1539
-2.1428,-10.9896,5.5979,-1.086,1.807,-0.0855
-2.1428,-10.9896,5.5979,-1.356,1.0813,-0.0519
-1.98,-10.6592,6.8165,-1.356,1.0813,-0.0519
-1.4867,-9.4645,6.9817,-1.2802,0.8028,0.0739
-1.4197,-8.0807,6.9315,-1.1031,0.5529,0.1679
-1.2952,-7.6162,6.4407,-0.7042,0.217,0.2205
-1.4484,-7.0655,4.592,-0.3542,0.1418,0.2577
-1.5107,-7.2379,2.9305,-0.0335,0.1583,0.273
-1.8626,-8.9929,1.8459,0.135,0.2658,0.2907
-2.1715,-9.917,1.3623,0.1827,0.4137,0.259
-2.3798,-10.8173,1.5658,0.1497,0.3813,0.1606
-2.2409,-10.4988,1.2114,0.0678,0.1217,0.0678
-1.4173,-9.5795,1.8124,0.0617,0.0215,0.003
-1.2114,-9.4717,1.628,0.0361,-0.0505,-0.0482
-0.8068,-9.4573,2.2242,0.0324,-0.0719,-0.0525
-0.1723,-9.9122,1.9608,-0.0762,-0.2808,-0.0757
0.3615,-11.3248,2.2984,-0.1599,-0.3755,-0.0714
0.4381,-11.5379,2.1883,-0.3499,-0.5551,-0.1356
0.5315,-12.2466,2.1356,-0.4299,-0.5404,-0.2516
0.0143,-12.4956,2.9233,-0.4867,-0.585,-0.4538
-1.5107,-11.399,1.2593,-0.4935,-0.6919,-0.7049
-1.6208,-11.3152,1.1587,-0.3786,-0.6803,-0.9474
-2.5282,-10.8077,0.7924,-0.3016,-0.7408,-1.2791
-2.8323,-10.5826,0.1628,-0.3585,-0.7457,-1.4165
-3.1914,-10.4797,0.869,-0.4592,-0.6852,-1.4636
-3.0023,-10.3839,1.0558,-0.6242,-0.6876,-1.4385
-2.4181,-10.0679,1.2425,-0.7189,-0.6913,-1.3341
-1.5921,-9.7686,1.5011,-0.7708,-0.7835,-1.1966
-0.0933,-9.2251,2.2242,-0.8624,-0.9656,-1.039
0.5674,-9.2634,2.7317,-0.8911,-0.9045,-0.9902
1.2713,-9.4047,3.3686,-0.8581,-0.6992,-1.0219
1.6543,-9.929,3.9695,-0.7549,-0.3956,-1.1301
1.4676,-10.6281,3.9839,-0.6004,-0.0768,-1.273
1.3527,-10.8029,3.7684,-0.2986,0.2371,-1.4862
1.0486,-11.2338,3.6391,-0.1355,0.2616,-1.5766
0.9552,-11.5978,3.6104,-0.0329,0.2054,-1.6279
1.1611,-12.4381,4.6136,0.0239,0.0691,-1.6639
1.1755,-12.5219,4.6351,0.0739,-0.1702,-1.7348
0.8667,-12.4693,4.3119,0.1845,-0.4561,-1.8503
0.2513,-12.0191,3.5458,0.4429,-0.8385,-2.0824
-0.4548,-13.051,2.7533,0.6017,-0.9491,-2.207
-0.4788,-13.1731,2.7748,0.7331,-0.9143,-2.2785
-0.6224,-14.3894,2.8562,0.8339,-0.7188,-2.287
-0.6296,-15.5724,2.9185,0.8827,-0.5422,-2.2156
-0.3878,-16.1423,3.778,0.7887,-0.5044,-1.9889
-0.3567,-15.9579,3.9983,0.6646,-0.6834,-1.8344
-0.6009,-14.7297,2.7389,0.664,-0.9827,-1.7507
-1.7262,-12.4333,0.632,0.8149,-1.2325,-1.7043
-2.6312,-9.1341,-1.5442,0.9854,-1.2655,-1.6756
-2.5953,-7.8724,-2.138,1.0269,-1.1116,-1.579
-2.1212,-5.8134,-2.7078,0.7618,-0.9802,-1.2547
-1.379,-4.3023,-2.6048,0.4417,-1.0829,-0.9401
-0.0933,-2.9712,-2.2313,0.11,-1.2063,-0.6169
-0.0478,-2.9161,-2.138,-0.1599,-1.2069,-0.383
-0.2753,-2.6767,-1.6591,-0.3572,-0.9967,-0.2724
-1.707,-2.0542,0.0622,-0.5203,-0.6192,-0.2767
-3.8115,-1.403,4.0605,-0.7421,-0.1275,-0.3353
-3.8929,-1.4245,4.6519,-0.7176,0.1009,-0.2217
-3.2968,-1.6208,4.9778,-0.477,0.3171,0.0335
-1.7717,-2.3104,3.8091,-0.039,0.5059,0.3439
-0.5746,-4.7165,1.8962,0.3623,0.5035,0.5589
-0.553,-4.7955,1.9488,0.493,0.0465,0.7195
-0.6344,-5.1741,1.9536,0.3501,-0.3364,0.8875
