andar
-1.7295,-4.6112,-2.0219,1.2087,1.8833,-0.4125
-1.7295,-4.6112,-2.0219,0.74,1.8609,-0.6074
-2.841,-3.4207,-2.2158,0.74,1.8609,-0.6074
-3.0134,-2.8625,-2.0338,0.4375,1.7267,-0.6543
-3.0277,-2.999,-1.8396,0.1158,1.4817,-0.666
-3.0349,-3.4159,-1.4134,-0.1632,1.2569,-0.7171
-2.4169,-3.9668,-0.8286,-0.4018,0.9885,-0.7608
-2.0147,-4.4005,-0.1388,-0.5829,0.6178,-0.7896
-1.5643,-4.8533,0.3881,-0.7416,0.1555,-0.8119
-1.5643,-4.8533,0.3881,-1.1603,-0.6785,-0.8481
-2.0626,-6.5038,2.6135,-1.1603,-0.6785,-0.8481
-2.6255,-7.3564,4.4915,-1.3808,-0.9885,-0.8822
-2.4672,-8.3818,6.8198,-1.5427,-1.1813,-0.9035
-2.6375,-9.6728,9.1697,-1.6195,-1.176,-0.9547
-2.4097,-11.0911,12.0108,-1.5875,-0.9693,-1.0271
-2.4097,-11.0911,12.0108,-1.1187,0.2407,-0.8652
-1.2838,-16.0522,15.5587,-1.1187,0.2407,-0.8652
-1.2838,-16.0522,15.5587,-0.1483,1.4391,-0.2836
-1.1498,-17.2834,11.4813,-0.1483,1.4391,-0.2836
-1.1976,-13.7139,8.8513,0.3778,1.0705,-0.0833
-1.9545,-9.1721,7.4378,0.7645,0.3121,-0.1121
-1.9545,-9.1721,7.4378,0.8125,0.3366,-0.2729
-1.8971,-3.7825,2.4887,0.8125,0.3366,-0.2729
-2.3834,-4.3909,-0.8215,0.4897,0.7552,-0.356
-2.4025,-6.2377,-4.0482,0.0306,0.9086,-0.4455
-2.6734,-9.7111,-6.3622,-0.5115,0.5869,-0.5595
-2.999,-14.9407,-4.592,-1.1145,-0.033,-0.6053
-2.999,-14.9407,-4.592,-0.8993,-1.699,-0.3816
-8.4248,-29.9673,9.7901,-0.8993,-1.699,-0.3816
-8.4248,-29.9673,9.7901,1.4324,0.3344,0.8849
-0.0215,-10.9498,-0.8334,1.4324,0.3344,0.8849
-0.0215,-10.9498,-0.8334,0.528,1.2676,0.3043
8.825,3.4374,-13.8028,0.528,1.2676,0.3043
7.3253,2.0195,-5.3396,-0.7331,-0.524,-0.3901
7.3253,2.0195,-5.3396,-1.5725,-2.0196,-1.2583
-1.9835,-6.1252,3.8687,-1.5725,-2.0196,-1.2583
2.5198,-9.5004,-2.8027,-1.238,-1.535,-0.7991
3.737,-15.362,-4.3335,-1.4287,-1.6841,-0.6468
4.0674,-18.3063,-2.7452,-1.8581,-2.3254,-0.6319
3.0828,-16.4065,-0.9247,-2.0467,-2.693,-0.5691
-0.0742,-12.5258,-0.3043,-1.9455,-2.3168,-0.5936
-3.1717,-9.1721,0.2537,-1.7857,-1.6638,-0.6127
-4.0961,-7.0931,0.5054,-1.7069,-1.16,-0.3858
-3.6891,-5.8687,0.1723,-1.6504,-0.9768,-0.0716
-1.5978,-5.6006,-0.1364,-1.6483,-1.1025,0.1786
0.2322,-6.748,0.0814,-1.7324,-1.2857,0.2937
1.3341,-8.6355,0.6156,-1.8464,-1.4764,0.1872
2.5103,-9.6992,0.4599,-1.8869,-1.7267,0.0966
2.5103,-9.6992,0.4599,-1.8304,-2.1155,-0.1089
3.3752,-10.8609,-0.0526,-1.8304,-2.1155,-0.1089
2.7715,-10.3818,0.0215,-1.7772,-2.0878,-0.193
2.0099,-9.3376,0.0957,-1.6909,-1.9046,-0.2431
1.2479,-8.2525,-0.2442,-1.5939,-1.6212,-0.2282
1.2479,-8.2525,-0.2442,-1.5661,-1.1632,-0.0897
0.3354,-7.39,-0.1867,-1.5661,-1.1632,-0.0897
0.3354,-7.39,-0.1867,-1.6078,-0.7296,0.1723
0.3378,-7.4259,0.4575,-1.5661,-0.5507,0.25
0.0837,-8.0726,1.2431,-1.5661,-0.5507,0.25
0.0837,-8.0726,1.2431,-1.4905,-0.4601,0.3033
-0.0311,-8.3937,1.1617,-1.5597,-0.4612,0.299
-0.158,-9.0285,0.2418,-1.5597,-0.4612,0.299
-0.3163,-9.5459,-0.2585,-1.6291,-0.6157,0.3011
-0.3163,-9.5459,-0.2585,-1.6941,-0.7893,0.3533
-0.8553,-10.4898,0.5629,-1.6941,-0.7893,0.3533
-0.4695,-10.7508,1.6672,-1.6365,-0.6338,0.3991
0.5916,-10.8969,2.683,-1.4777,-0.4175,0.4577
0.5916,-10.8969,2.683,-0.9579,-0.3408,0.5398
1.7678,-11.2252,2.9511,-0.7011,-0.4793,0.527
2.278,-12.1619,2.1823,-0.7011,-0.4793,0.527
1.6744,-12.4253,2.2828,-0.503,-0.6636,0.4567
1.1546,-12.6144,2.6997,-0.3443,-0.7456,0.3672
1.1546,-12.6144,2.6997,0.0977,-0.6455,0.2266
0.6275,-12.8326,2.7141,0.2884,-0.7392,0.1754
-1.3317,-12.6889,2.6614,0.2884,-0.7392,0.1754
-1.3317,-12.6889,2.6614,0.6878,-1.0077,0.217
-0.2777,-12.466,4.5705,0.6878,-1.0077,0.217
1.2168,-13.0983,4.2353,1.0372,-0.9011,0.2543
2.8649,-13.889,2.6279,1.4633,-0.7318,0.2809
4.0171,-14.4519,1.382,1.9288,-0.5379,0.3033
4.0171,-14.4519,1.382,2.9525,0.0809,0.1147
2.7811,-14.8856,0.8816,2.9525,0.0809,0.1147
2.7811,-14.8856,0.8816,3.6472,1.2868,-0.1302
0.4312,-14.9024,-1.4158,3.5438,1.3752,-0.2442
-1.854,-14.0782,-3.7346,3.3042,1.0066,-0.2761
-4.7357,-13.2806,-4.2281,3.3042,1.0066,-0.2761
-5.3492,-14.2481,-1.4158,2.9877,0.4974,-0.1174
-5.3492,-14.2481,-1.4158,2.6617,1.1568,0.4748
-3.1525,-14.5501,1.8372,2.6617,1.1568,0.4748
-1.5355,-14.2457,1.0588,2.7491,1.8556,0.6569
-1.5355,-14.2457,1.0588,2.9344,2.1475,0.5547
-2.0362,-13.9417,1.2958,2.9344,2.1475,0.5547
-2.5321,-13.5392,0.9199,3.0666,1.7863,0.5035
-2.4001,-12.6985,0.4408,3.1071,1.5211,0.4971
-0.7879,-11.3832,0.2681,3.0026,1.3879,0.5046
0.7544,-10.418,-0.2801,2.8481,1.2505,0.4524
1.9641,-9.8982,-0.594,2.6287,1.2058,0.2521
1.9641,-9.8982,-0.594,2.2005,1.3965,-0.2111
1.8061,-9.4645,-0.6658,2.1035,1.4082,-0.241
1.2551,-8.5733,-0.8239,2.0321,1.3358,-0.1802
0.6012,-6.5325,-1.2551,2.0321,1.3358,-0.1802
0.1125,-5.8735,-1.4948,1.9033,1.2718,-0.062
-0.345,-5.4426,-1.5212,1.7243,1.1792,0.0615
-0.345,-5.4426,-1.5212,1.376,1.1536,0.0774
-1.1282,-4.8461,-1.6481,1.376,1.1536,0.0774
-1.1306,-4.3718,-1.8133,1.1821,1.1429,0.0263
-1.1306,-4.3718,-1.8133,0.5856,0.932,-0.1632
-1.1569,-3.8232,-1.8587,0.2521,0.8766,-0.3187
-1.2312,-3.3752,-2.0578,-0.0865,0.8862,-0.4391
-1.1378,-2.4504,-1.9402,-0.0865,0.8862,-0.4391
-1.1378,-2.4504,-1.9402,-0.6617,0.8852,-0.6021
-0.9798,-2.647,-1.1162,-0.6617,0.8852,-0.6021
-0.9798,-2.647,-1.1162,-1.1603,0.5411,-0.764
-1.1617,-3.2794,-0.0694,-1.1603,0.5411,-0.764
-1.4206,-4.0985,1.1067,-1.4255,0.2428,-0.879
-1.9617,-5.3106,2.75,-1.6664,-0.1214,-0.9919
-2.5608,-6.9132,4.7022,-1.8389,-0.5219,-1.0718
-2.5608,-6.9132,4.7022,-1.9188,-1.0876,-1.0505
-3.2243,-8.9231,7.3732,-1.7196,-1.0226,-0.9142
-3.7418,-11.1078,9.8335,-1.3552,-0.6316,-0.6841
-4.2856,-13.4793,12.0781,-0.8684,0.0937,-0.339
-5.0496,-18.8067,14.3442,-0.8684,0.0937,-0.339
-4.4029,-19.2619,13.2686,-0.339,1.0386,0.0774
-4.4029,-19.2619,13.2686,0.6069,1.6947,0.479
-0.8481,-12.7153,8.7819,0.6069,1.6947,0.479
-0.8888,-9.68,6.6929,0.9254,0.9746,0.3022
-0.8888,-9.68,6.6929,0.9105,0.3696,-0.1227
-3.4638,-9.0405,2.6159,0.9105,0.3696,-0.1227
-3.4638,-9.0405,2.6159,0.2117,0.4133,-0.1238
-7.0643,-19.6668,-2.0913,0.2117,0.4133,-0.1238
-7.0643,-19.6668,-2.0913,-0.1621,-0.5411,0.2298
-5.0329,-23.9788,0.6491,0.7507,-0.0777,0.3512
1.6888,-22.0119,9.3616,1.654,0.4889,0.0668
0.4695,-2.0554,-9.5292,1.654,0.4889,0.0668
0.4695,-2.0554,-9.5292,-0.0407,0.3014,-0.3443
2.1224,3.1908,-8.9854,-0.0407,0.3014,-0.3443
0.3139,0.1795,-0.0215,-0.9014,-0.6583,-0.6085
0.3139,0.1795,-0.0215,-0.8631,-1.1121,-0.6095
-0.2852,-8.6427,-1.7678,-0.8631,-1.1121,-0.6095
-0.2852,-8.6427,-1.7678,-1.5961,-2.0644,-0.4316
3.8878,-19.1326,-4.0171,-1.5961,-2.0644,-0.4316
3.8878,-19.1326,-4.0171,-2.1851,-2.1805,-0.5243
4.1368,-14.3682,1.4876,-2.1851,-2.1805,-0.5243
1.0037,-10.1903,0.515,-1.8464,-1.3155,-0.6617
1.0037,-10.1903,0.515,-1.5629,-0.6476,-0.4252
-1.1115,-7.3612,0.3498,-1.5778,-0.801,-0.1856
-2.58,-5.828,0.436,-1.6216,-1.0524,0.0508
-2.0027,-5.7802,1.2288,-1.6216,-1.0524,0.0508
-1.1498,-7.4187,1.2,-1.6941,-1.1781,0.1968
-0.2513,-9.6752,0.9774,-1.7686,-1.4061,0.2138
-0.2513,-9.6752,0.9774,-1.9359,-1.7949,0.0476
1.0444,-11.6636,1.0157,-1.9359,-1.7949,0.0476
1.1043,-11.5966,1.0277,-1.8837,-1.8865,-0.0865
1.1043,-11.5966,1.0277,-1.5597,-1.6351,-0.1717
1.2312,-10.5808,0.8505,-1.4202,-1.3539,-0.1238
1.1091,-8.0463,0.4911,-1.4202,-1.3539,-0.1238
1.1091,-8.0463,0.4911,-1.3019,-1.0183,0.0284
0.8625,-7.3923,0.5916,-1.3019,-1.0183,0.0284
0.9151,-7.6129,0.4288,-1.286,-1.0386,0.1009
0.9151,-7.6129,0.4288,-1.3211,-1.0194,0.1456
0.4144,-8.3626,0.2657,-1.3211,-1.0194,0.1456
0.0215,-8.4703,0.2537,-1.3573,-0.867,0.1509
0.0215,-8.4703,0.2537,-1.4447,-0.5049,0.1829
-0.1723,-8.8034,0.9606,-1.4447,-0.5049,0.1829
-0.1699,-8.8082,1.2527,-1.4713,-0.4005,0.1957
-0.1699,-8.8082,1.2527,-1.5203,-0.4111,0.2319
-0.1412,-8.7771,1.3293,-1.5512,-0.54,0.2681
-0.1987,-8.7316,0.8505,-1.5512,-0.54,0.2681
-0.4001,-8.8537,0.661,-1.5971,-0.6359,0.3203
-0.1963,-9.1889,0.7688,-1.6025,-0.6817,0.4055
0.3881,-9.8117,1.0085,-1.548,-0.6146,0.5067
1.066,-10.4707,1.0827,-1.3989,-0.5272,0.5632
1.5954,-10.8562,1.0851,-1.2029,-0.4303,0.5675
1.9907,-11.1078,1.3916,-1.0175,-0.376,0.5185
2.3331,-11.4167,1.8085,-0.8503,-0.3547,0.4364
2.817,-11.7761,2.1033,-0.6766,-0.2897,0.364
2.817,-11.7761,2.1033,-0.307,-0.2972,0.2458
2.2445,-12.5569,2.5489,-0.307,-0.2972,0.2458
0.4097,-12.5689,3.1142,-0.1515,-0.3898,0.1627
-0.8601,-12.1787,3.605,0.0306,-0.5805,0.1158
-0.3618,-12.3151,4.0842,0.2756,-0.7158,0.1605
1.514,-13.271,4.0075,0.6239,-0.6753,0.2703
3.0038,-14.8015,3.6628,1.0159,-0.4537,0.3171
3.0038,-14.8015,3.6628,1.8681,0.0394,0.2841
3.5859,-16.7564,2.3738,1.8681,0.0394,0.2841
3.5859,-16.7564,2.3738,2.9855,0.7605,0.1467
-3.6433,-13.6996,0.1604,2.9855,0.7605,0.1467
-3.6433,-13.6996,0.1604,3.5417,0.8575,0.0636
-4.0411,-10.6024,-3.265,3.5417,0.8575,0.0636
-4.0411,-10.6024,-3.265,3.1423,-0.1256,-0.1067
-3.2914,-12.0973,-2.9152,2.944,-0.2407,-0.0918
-4.0985,-17.1733,0.3306,2.944,-0.2407,-0.0918
-3.9597,-18.1648,1.0947,2.9046,0.0042,-0.0482
-3.0684,-17.753,0.1221,2.9301,0.5155,-0.0109
-2.3546,-16.2844,-1.3772,2.8343,1.1547,-0.0428
-2.3546,-16.2844,-1.3772,2.3379,2.2818,-0.1952
-1.7582,-14.4184,-0.884,2.4423,2.7995,-0.1983
-2.3116,-13.338,0.8023,2.8044,2.9039,-0.0758
-2.5345,-12.5019,1.1929,3.1337,2.7399,0.1296
0.2681,-9.9365,0.2011,3.1337,2.7399,0.1296
1.3485,-8.9136,-0.8601,3.2775,2.4118,0.2436
1.3485,-8.9136,-0.8601,2.8801,1.8268,0.0689
2.1559,-8.1567,-1.818,2.4881,1.8854,-0.0471
0.1675,-6.8414,-0.8457,2.4881,1.8854,-0.0471
-0.3306,-6.0247,-0.6898,2.225,1.8662,-0.0151
-0.3306,-6.0247,-0.6898,1.8915,1.6596,0.1733
-1.1522,-5.8209,-1.0324,1.8915,1.6596,0.1733
-1.1976,-5.8065,-1.2336,1.7211,1.5136,0.2149
-1.1976,-5.8065,-1.2336,1.328,1.3453,0.0242
-1.2455,-5.1238,-1.6337,1.328,1.3453,0.0242
-1.605,-4.4173,-1.8468,1.1075,1.3581,-0.1323
-2.0721,-3.6409,-2.1296,0.8657,1.3368,-0.2974
-2.4815,-3.2579,-2.3834,0.5813,1.3134,-0.4167
-2.4815,-3.2579,-2.3834,-0.0929,1.1611,-0.5179
-1.8085,-2.9966,-2.108,-0.0929,1.1611,-0.5179
-1.4565,-3.6987,-1.5643,-0.4348,0.9544,-0.568
-1.4565,-3.6987,-1.5643,-0.9323,0.4601,-0.7182
-1.6217,-5.052,0.5509,-0.9323,0.4601,-0.7182
-1.6217,-5.052,0.5509,-1.1326,-0.1736,-0.8236
-1.4493,-5.8376,1.7606,-1.1954,-0.5017,-0.9184
-2.1894,-7.5671,5.1119,-1.1954,-0.5017,-0.9184
-2.1894,-7.5671,5.1119,-1.2327,-1.0982,-0.9941
-3.0612,-8.207,7.1888,-1.1794,-1.1366,-0.9493
-4.4173,-9.6369,10.5832,-1.1794,-1.1366,-0.9493
-4.4173,-9.6369,10.5832,-1.009,-0.1693,-0.7033
-2.829,-11.3257,9.8141,-1.009,-0.1693,-0.7033
-2.829,-11.3257,9.8141,-1.0101,0.931,-0.4029
-2.3475,-13.5583,9.2754,-1.0101,0.931,-0.4029
-3.1884,-13.429,9.4717,-0.8876,0.9938,-0.1845
-3.6508,-12.2481,9.1075,-0.5435,0.5773,0.0252
-3.9812,-10.3028,8.1758,-0.0844,0.0063,0.1051
-5.2579,-9.6297,6.0701,0.3065,-0.2556,0.0988
-7.9625,-12.0634,2.9822,0.5334,-0.099,0.1552
-9.9628,-15.9609,-2.278,0.5973,0.1342,0.3746
-9.9628,-15.9609,-2.278,-0.2346,-0.817,0.8071
-6.6044,-18.4931,-1.5762,-0.2346,-0.817,0.8071
-2.6015,-19.0632,6.6929,-0.5019,-1.1121,0.8007
0.8215,-17.1179,8.3746,0.1456,-0.7573,0.821
3.2387,-11.6205,4.0818,1.0031,-0.1853,0.7624
5.7754,-4.4077,-2.8146,1.2385,0.5539,0.5557
8.6307,-0.4432,-8.3243,0.7208,0.9469,0.2447
7.2918,-0.0933,-7.2535,-0.1291,0.1033,-0.1472
7.2918,-0.0933,-7.2535,-1.1858,-1.2559,-0.7022
3.011,-1.9788,-1.3557,-1.1123,-0.8734,-0.5989
1.2647,-4.4627,0.9223,-1.1571,-0.834,-0.52
1.514,-7.5866,-2.0769,-1.5097,-1.0897,-0.5371
0.5653,-15.518,-2.9822,-1.5097,-1.0897,-0.5371
1.3892,-16.8617,-1.1976,-1.921,-1.1696,-0.5009
1.1641,-15.034,0.3809,-2.1777,-0.9011,-0.5275
-1.3317,-11.9174,1.0348,-2.1244,-0.5635,-0.6564
-1.3317,-11.9174,1.0348,-1.6845,-0.491,-0.4572
-3.67,-7.0883,1.7462,-1.6845,-0.491,-0.4572
-3.6457,-6.233,1.4781,-1.5971,-0.5784,-0.3027
-2.8912,-6.4053,1.1282,-1.6163,-0.6838,-0.2122
-2.8912,-6.4053,1.1282,-1.823,-1.3006,-0.1866
-0.1939,-8.9423,0.9223,-1.823,-1.3006,-0.1866
-0.1939,-8.9423,0.9223,-1.9039,-1.9333,-0.3869
0.9391,-9.9676,0.9846,-1.8656,-1.9632,-0.4647
1.7726,-10.3507,1.0157,-1.7814,-1.7128,-0.5073
2.5031,-10.3028,1.0875,-1.677,-1.226,-0.5403
2.9894,-9.364,0.8382,-1.6163,-0.6796,-0.5382
2.9918,-7.0979,0.1173,-1.6163,-0.6796,-0.5382
2.9918,-7.0979,0.1173,-1.6717,-0.1544,-0.4987
2.7572,-7.0042,-0.9463,-1.6717,-0.1544,-0.4987
2.7572,-7.0042,-0.9463,-1.9007,-0.4005,-0.454
0.9654,-8.1974,-0.0598,-1.9007,-0.4005,-0.454
-0.5509,-8.602,0.2513,-1.9092,-0.3078,-0.3699
-1.6888,-8.7843,0.5126,-1.8326,-0.0394,-0.2537
-1.6888,-8.7843,0.5126,-1.6025,0.5336,0.0093
-2.302,-8.9064,0.5509,-1.4788,0.4974,0.1201
-2.3594,-9.273,-0.1915,-1.4788,0.4974,0.1201
-2.3283,-9.534,-0.3211,-1.401,0.3366,0.201
-2.2325,-9.8551,-0.1508,-1.3754,0.1619,0.2596
-2.2325,-9.8551,-0.1508,-1.3871,-0.2183,0.3193
-1.8779,-10.365,0.2828,-1.3573,-0.3515,0.3139
-0.527,-11.2707,1.1426,-1.3573,-0.3515,0.3139
-0.527,-11.2707,1.1426,-1.1091,-0.5134,0.2617
0.3881,-11.5101,1.1186,-0.9259,-0.5496,0.2063
1.1833,-12.0084,0.6778,-0.9259,-0.5496,0.2063
1.2,-12.3846,0.9367,-0.7363,-0.5667,0.1414
1.4206,-12.6769,1.3413,-0.5435,-0.572,0.0711
1.6792,-12.7823,1.7917,-0.3379,-0.5667,0.005
1.6792,-12.7823,1.7917,0.1158,-0.7648,-0.1057
1.3581,-12.7081,2.1104,0.3065,-0.9853,-0.144
-0.7808,-12.0757,2.7476,0.3065,-0.9853,-0.144
-0.8936,-11.9701,3.0708,0.4961,-1.1749,-0.1217
-0.8936,-11.9701,3.0708,0.9296,-1.0535,-0.0695
1.0564,-12.9906,3.6314,0.9296,-1.0535,-0.0695
2.4025,-13.678,3.0373,1.2151,-0.7584,-0.0758
3.2818,-14.7201,2.5848,1.6018,-0.4601,-0.0599
3.3225,-15.8867,2.2924,2.0503,-0.1715,-0.0535
1.2671,-15.9992,1.1689,2.5232,0.1597,-0.0929
-2.5968,-14.0782,-0.4767,2.9067,0.425,-0.1802
-5.1358,-11.6181,-2.3211,3.1337,0.6327,-0.2186
-5.2555,-9.9868,-4.156,3.2179,0.8042,-0.1323
-5.0329,-10.2214,-4.4532,3.2051,0.6892,0.0125
-4.7887,-11.4861,-3.0373,3.1039,0.3483,0.168
-4.1727,-13.259,-1.6098,2.9919,0.1651,0.397
-3.186,-15.0005,-0.9439,2.9738,0.1896,0.6207
-2.4456,-15.7718,-0.2274,2.9717,0.4356,0.7549
-2.5273,-15.9202,0.6419,2.9568,0.801,0.7464
-3.3441,-15.5563,0.9175,2.9557,1.1813,0.6782
-4.2087,-14.8231,0.7664,2.9557,1.4433,0.642
-4.2087,-14.8231,0.7664,3.0122,1.3549,0.7635
-2.0147,-12.1499,0.6682,3.0122,1.3549,0.7635
0.2777,-10.7963,0.3259,3.0068,1.2825,0.7901
0.2777,-10.7963,0.3259,2.7778,1.1259,0.5536
2.357,-8.5374,-0.8936,2.7778,1.1259,0.5536
2.357,-8.5374,-0.8936,2.2676,0.6753,0.4034
1.3437,-6.5421,-1.1186,2.2676,0.6753,0.4034
1.3437,-6.5421,-1.1186,1.7158,0.556,0.5525
0.7616,-5.828,-0.9032,1.5453,0.4857,0.5941
-0.3905,-5.4521,-0.6275,1.5453,0.4857,0.5941
-0.6706,-5.4641,-0.6132,1.4069,0.4367,0.5749
-1.1019,-5.3875,-0.5964,1.2385,0.3888,0.4822
-1.4829,-5.0161,-0.6419,1.017,0.2833,0.3533
-1.4781,-4.4508,-0.752,0.7507,0.1555,0.2244
-1.5786,-3.9046,-0.9654,0.478,0.0649,0.087
-1.502,-3.2339,-1.1498,0.2106,0.0862,-0.0737
-1.1282,-2.568,-1.0468,-0.0727,0.18,-0.2143
-0.5629,-2.0769,-0.7089,-0.3571,0.1938,-0.3517
-0.1316,-2.1559,-0.1532,-0.6511,0.1363,-0.4828
0.0239,-2.6231,0.5581,-0.9376,0.0351,-0.6191
0.0239,-2.6231,0.5581,-1.4393,-0.3536,-0.8684
-0.0191,-3.3656,1.4469,-1.6589,-0.6263,-0.9834
0.0622,-4.2329,2.3451,-1.8453,-0.9033,-1.107
-0.6515,-6.3598,5.5719,-1.8453,-0.9033,-1.107
-0.6515,-6.3598,5.5719,-1.872,-1.372,-1.1986
-2.7691,-9.9437,12.4468,-1.872,-1.372,-1.1986
-3.3057,-11.8551,14.2553,-1.5757,-1.3123,-1.0793
-3.3057,-11.8551,14.2553,-0.8311,-0.2119,-0.5637
-3.526,-13.7451,14.3298,-0.568,0.7541,-0.209
-3.6074,-15.3932,11.5678,-0.568,0.7541,-0.209
-3.4326,-14.2194,9.0859,-0.3145,1.5403,0.0956
-3.4326,-14.2194,9.0859,0.2724,1.4018,0.2053
-3.3441,-12.6144,7.0835,0.5185,0.9342,0.1456
-3.986,-11.5487,6.3982,0.7411,0.6199,0.1009
-7.6728,-13.6014,4.9562,0.7411,0.6199,0.1009
-12.126,-19.2715,0.3235,0.9328,0.5081,0.1691
-12.126,-19.2715,0.3235,0.0934,-0.3046,0.7326
-9.3807,-21.2647,-4.2999,-0.1387,-1.1824,0.5973
-0.2753,-15.283,-0.4456,-0.1387,-1.1824,0.5973
-1.7917,-9.8189,0.3211,0.2777,-1.2463,0.4993
-2.0075,-3.0134,-3.0732,0.7464,-0.6881,0.5483
1.3652,0.3953,-5.3779,0.5461,-0.1203,0.6143
4.2592,0.2346,-4.6974,-0.1632,0.1054,0.43
4.2592,0.2346,-4.6974,-1.2039,-1.3134,-0.4423
5.1574,-1.6792,-3.8495,-1.3254,-2.0463,-0.7288
4.1895,-6.5493,0.0718,-1.32,-2.2785,-0.7927
2.5079,-15.07,-2.908,-1.32,-2.2785,-0.7927
3.9237,-17.003,-3.2411,-1.5469,-2.5726,-0.7746
3.4757,-16.3107,0.0598,-1.9529,-2.6451,-0.83
0.9774,-13.0816,2.92,-2.1819,-2.2156,-0.9216
-1.6864,-10.037,3.066,-2.0413,-1.682,-0.9579
-3.0951,-7.6225,2.1823,-1.8123,-1.3262,-0.8716
-3.0951,-7.6225,2.1823,-1.7463,-1.731,-0.5009
-2.7356,-5.0329,0.5342,-1.7463,-1.731,-0.5009
-2.7356,-5.0329,0.5342,-2.0094,-2.2977,-0.1291
-0.8553,-6.4846,-0.4935,-2.0094,-2.2977,-0.1291
0.5629,-7.9696,-1.1378,-2.0925,-2.4544,0.0167
0.5629,-7.9696,-1.1378,-2.1564,-2.3147,-0.0045
2.0602,-10.3603,-1.0971,-2.1564,-2.3147,-0.0045
2.0602,-10.3603,-1.0971,-1.9646,-1.9557,-0.1259
2.5417,-10.746,-0.5174,-1.8176,-1.8172,-0.1504
2.6686,-10.2022,0.2801,-1.8176,-1.8172,-0.1504
2.053,-9.4597,0.8071,-1.71,-1.7373,-0.1589
1.0923,-8.9495,1.4565,-1.6568,-1.7065,-0.1621
0.5413,-8.9207,1.4948,-1.6089,-1.7725,-0.1483
0.333,-9.2583,1.2599,-1.5331,-1.9099,-0.1344
0.333,-9.2583,1.2599,-1.3477,-1.8545,-0.1493
0.1723,-9.1841,0.8047,-1.3477,-1.8545,-0.1493
0.1723,-9.1841,0.8047,-1.1773,-1.2569,-0.0492
0.9271,-9.141,0.9558,-1.1773,-1.2569,-0.0492
0.9271,-9.141,0.9558,-1.1475,-0.7147,0.0625
1.2072,-9.3664,1.3102,-1.1475,-0.7147,0.0625
1.4613,-9.4095,1.2479,-1.1624,-0.6061,0.119
1.4613,-9.4095,1.2479,-1.1794,-0.4932,0.184
1.4733,-9.3185,0.8095,-1.2029,-0.4143,0.2458
0.6826,-9.1458,-0.0143,-1.2029,-0.4143,0.2458
0.4073,-9.2464,-0.2322,-1.2316,-0.3579,0.3139
0.3618,-9.6776,0.0766,-1.2891,-0.3035,0.3842
0.3618,-9.6776,0.0766,-1.3094,-0.2183,0.5536
1.2695,-11.0097,1.3293,-1.3094,-0.2183,0.5536
1.6768,-11.1701,1.7893,-1.2103,-0.2865,0.6207
1.6768,-11.1701,1.7893,-0.8066,-0.49,0.641
1.0851,-11.5702,1.2743,-0.8066,-0.49,0.641
1.0851,-11.5702,1.2743,-0.4647,-0.5816,0.4652
0.1221,-11.8839,1.1617,-0.4647,-0.5816,0.4652
0.5222,-11.812,1.0133,-0.2878,-0.589,0.3885
0.8433,-11.6229,0.8095,-0.0886,-0.6189,0.3267
0.5844,-11.6253,1.315,0.07,-0.6306,0.2777
-0.1508,-11.666,1.9449,0.1925,-0.6252,0.2362
-0.4504,-11.6516,2.6399,0.3406,-0.6465,0.2138
0.1819,-12.3223,3.0517,0.5344,-0.5848,0.2639
2.0554,-13.8292,3.356,0.7624,-0.4143,0.332
2.0554,-13.8292,3.356,1.4622,-0.1288,0.234
3.5547,-16.045,2.2828,1.4622,-0.1288,0.234
2.6686,-15.834,2.8601,1.85,0.0255,0.1169
1.9306,-14.1476,2.1368,2.308,0.3089,0.0849
0.1412,-12.5857,1.1689,2.7608,0.7137,0.0679
0.1412,-12.5857,1.1689,3.1966,1.4902,0.0657
-1.6433,-11.2012,-1.2743,3.1966,1.4902,0.0657
-1.2312,-12.1691,-3.1286,3.2722,1.5019,0.1009
-0.9463,-14.1596,-3.38,3.1859,1.2196,0.1243
-1.1569,-15.6018,-2.5465,3.0409,0.9555,0.2607
-1.3006,-15.6018,-1.2862,2.9248,0.9278,0.429
-1.3006,-15.6018,-1.2862,2.8513,1.4061,0.4141
-1.8827,-14.0997,-0.7281,2.8513,1.4061,0.4141
-2.5608,-13.7115,-0.3642,2.7395,1.8535,0.2777
-3.0253,-13.4889,0.2394,2.5903,2.4288,0.185
-3.0445,-13.2375,0.4887,2.5893,2.889,0.1712
-2.3762,-12.4875,0.3929,2.7427,3.1308,0.1957
-1.4398,-11.2946,0.067,2.9578,3.069,0.2468
-1.4398,-11.2946,0.067,3.0741,2.3564,0.1744
0.5868,-9.364,-1.5858,3.0741,2.3564,0.1744
0.5868,-9.364,-1.5858,2.5626,1.7128,-0.0439
0.7927,-8.4009,-1.514,2.5626,1.7128,-0.0439
0.8744,-7.996,-1.0923,2.3219,1.5328,-0.0066
0.6108,-7.7494,-0.6802,2.1909,1.5541,0.1041
0.1843,-7.5145,-0.4504,2.1536,1.6873,0.2394
-0.1651,-7.2032,-0.5054,2.1536,1.8045,0.3597
-0.1651,-7.2032,-0.5054,1.9736,1.9962,0.4045
-1.2384,-5.9289,-0.7568,1.9736,1.9962,0.4045
-1.2503,-5.2675,-1.1234,1.7658,2.0633,0.3533
-1.3892,-4.6208,-1.4039,1.4931,2.0473,0.3001
-1.7295,-3.9788,-1.5236,1.1608,1.9291,0.2458
-1.7295,-3.9788,-1.5236,0.4492,1.3358,0.1627
-1.8109,-3.3177,-1.4853,0.1318,0.9864,0.0806
-1.842,-2.9463,-1.1569,-0.1376,0.6987,-0.0151
-1.842,-2.9391,-0.2489,-0.1376,0.6987,-0.0151
-1.842,-2.9391,-0.2489,-0.5531,0.2055,-0.2399
-1.818,-3.8232,0.9941,-0.5531,0.2055,-0.2399
-1.9545,-4.3789,1.8276,-0.7107,0,-0.3677
-1.9545,-4.3789,1.8276,-0.9738,-0.1832,-0.5893
-2.5728,-5.289,3.5619,-0.9738,-0.1832,-0.5893
-2.5728,-5.289,3.5619,-1.1869,-0.1374,-0.7832
-3.0181,-5.8735,4.75,-1.1869,-0.1374,-0.7832
-3.0181,-5.8735,4.75,-1.3424,0.1352,-0.9121
-3.4159,-6.566,5.658,-1.319,0.3973,-0.8908
-3.538,-8.7172,6.7863,-1.319,0.3973,-0.8908
-3.1741,-9.9772,6.669,-1.2444,0.7019,-0.813
-3.3536,-11.4694,6.9635,-1.1656,0.9576,-0.682
-3.9357,-12.7631,7.5264,-1.0804,1.2015,-0.487
-4.5489,-13.3117,7.9696,-0.9131,1.291,-0.2335
-5.1238,-12.9619,7.7614,-0.6415,1.1792,-0.0247
-5.1238,-12.9619,7.7614,-0.0822,0.4569,-0.0428
-6.499,-10.2094,6.985,-0.0822,0.4569,-0.0428
-7.9194,-10.2645,7.0018,0.1147,0.1746,-0.1547
-7.9194,-10.2645,7.0018,0.6133,0.1256,-0.127
-18.1767,-23.7989,7.2774,0.6133,0.1256,-0.127
-19.3963,-34.0518,3.4925,0.8625,-0.2226,0.2458
-2.9439,-30.5039,7.524,0.7912,-1.3485,0.9605
-2.9439,-30.5039,7.524,2.1898,0.7563,0.8497
14.1643,-5.7538,-8.3267,2.1898,0.7563,0.8497
11.7474,6.6044,-19.2763,2.406,1.3144,0.381
6.5158,9.3137,-21.1425,0.8327,0.4186,-0.3347
6.5158,9.3137,-21.1425,-1.6887,-2.5332,-0.5904
-0.6203,5.9864,-4.7309,-1.2551,-1.2186,-0.1611
-1.4086,2.5537,9.6082,-0.8023,-0.4825,-0.1483
5.2483,-2.6183,-1.0875,-1.66,-1.977,-0.5477
3.1908,-20.9028,-8.7819,-1.66,-1.977,-0.5477
3.1908,-20.9028,-8.7819,-3.0949,-2.9146,-0.5339
2.2685,-28.6116,-0.9582,-2.656,-0.9917,-0.9312
3.629,-16.6414,3.7609,-2.656,-0.9917,-0.9312
3.629,-16.6414,3.7609,-1.4702,0.3344,-1.1134
-4.3933,-5.852,1.921,-1.4702,0.3344,-1.1134
-5.5192,-3.9501,2.0458,-1.4266,-0.3366,-0.7427
-5.5192,-3.9501,2.0458,-1.6344,-1.4998,-0.0119
-5.603,-2.7428,2.8075,-1.6781,-1.8929,0.2734
-1.6289,-4.2712,2.0817,-1.6781,-1.8929,0.2734
0.4001,-8.1085,1.4637,-1.7697,-2.1688,0.3288
0.4001,-8.1085,1.4637,-1.9433,-2.2593,0.0647
3.5093,-12.9858,1.1569,-1.9433,-2.2593,0.0647
4.0052,-13.1366,1.0013,-1.8411,-2.0697,-0.0929
3.6867,-12.2002,0.7233,-1.6163,-1.7235,-0.2207
3.6867,-12.2002,0.7233,-1.2252,-0.6593,-0.3613
1.5451,-8.7196,0.6419,-1.2252,-0.6593,-0.3613
1.5451,-8.7196,0.6419,-1.1517,-0.1842,-0.2335
0.4408,-7.6321,1.1522,-1.1443,-0.1256,-0.127
-0.5605,-7.1769,1.8731,-1.1443,-0.1256,-0.127
-0.582,-7.5528,1.9716,-1.1443,-0.0607,-0.0343
-0.436,-8.0606,1.9234,-1.1507,0.0351,0.0231
-0.1508,-8.5302,1.7534,-1.1698,0.099,0.0476
0.0191,-8.7196,1.4685,-1.2039,0.0926,0.037
0.0191,-8.7196,1.4685,-1.3051,-0.0969,-0.0045
-0.3714,-8.681,0.5725,-1.3051,-0.0969,-0.0045
-0.6587,-8.5972,0.1005,-1.3957,-0.2748,0.0157
-0.7592,-8.7867,-0.0335,-1.5331,-0.4782,0.07
-0.7592,-8.7867,-0.0335,-1.8698,-0.7403,0.2607
-0.8239,-9.0141,0.2633,-1.9497,-0.7435,0.3885
-0.2995,-9.1099,0.9917,-1.9497,-0.7435,0.3885
-0.2995,-9.1099,0.9917,-1.6983,-0.6497,0.6282
0.237,-9.1865,0.9103,-1.6983,-0.6497,0.6282
0.1412,-9.613,0.8262,-1.3935,-0.5049,0.6985
0.0909,-10.1759,1.1115,-1.1059,-0.3483,0.7017
0.6203,-10.7029,1.7534,-0.8929,-0.3025,0.6463
0.6203,-10.7029,1.7534,-0.5254,-0.344,0.495
1.9883,-11.2635,2.4432,-0.2974,-0.2577,0.3821
3.1884,-11.8743,2.726,-0.0801,-0.18,0.282
3.8663,-12.2648,2.9104,0.1563,-0.1491,0.2159
2.7428,-12.6602,3.3249,0.1563,-0.1491,0.2159
2.9343,-13.2686,3.3584,0.4407,-0.1086,0.2095
2.9679,-14.6148,2.738,0.7912,0.0553,0.1723
2.6973,-16.3874,3.0445,1.1374,0.3067,0.0402
2.6973,-16.3874,3.0445,2.0449,0.8457,-0.1227
0.6563,-18.7899,2.7644,2.0449,0.8457,-0.1227
0.6563,-18.7899,2.7644,3.0741,1.3134,-0.0375
-3.6508,-13.3716,0.4719,3.0741,1.3134,-0.0375
-4.6854,-11.4023,-0.8286,3.4,1.2931,0.0828
-4.3335,-10.7795,-1.5499,3.5886,1.0055,0.2394
-3.1358,-11.6756,-2.041,3.6099,0.491,0.3832
-3.1358,-11.6756,-2.041,3.1923,0.0319,0.2649
-3.4566,-14.2505,-2.1224,2.9855,0.083,0.2085
-4.3454,-17.0413,-0.2035,2.9855,0.083,0.2085
-4.3454,-17.0413,-0.2035,2.9056,0.6338,0.0125
-3.435,-16.2557,0.6419,2.7885,1.4093,-0.1451
-1.2575,-13.4721,0.3402,2.7885,1.4093,-0.1451
-0.8119,-12.6889,1.6768,2.6212,2.4736,-0.2378
0.2346,-11.8504,1.6193,2.7629,3.1841,-0.2133
0.2346,-11.8504,1.6193,3.3138,3.3364,-0.0247
2.6231,-10.0442,0.1412,3.3138,3.3364,-0.0247
2.7859,-9.7399,-1.0923,3.367,2.9668,-0.045
2.2134,-9.3807,-1.6816,3.1987,2.5226,-0.1217
2.2134,-9.3807,-1.6816,2.5467,2.2508,-0.2282
0.1508,-8.1423,-1.6457,2.5467,2.2508,-0.2282
0.1508,-8.1423,-1.6457,2.1866,2.2039,-0.1824
-1.4422,-7.3349,-1.4039,2.1866,2.2039,-0.1824
-1.7462,-6.9515,-1.3293,2.112,2.2029,-0.1653
-1.7462,-6.9515,-1.3293,1.9096,2.14,-0.2676
-2.2278,-5.8759,-1.4182,1.9096,2.14,-0.2676
-2.2278,-5.8759,-1.4182,1.4867,2.0335,-0.4977
-2.9128,-4.2425,-1.4876,1.4867,2.0335,-0.4977
-2.9128,-4.2425,-1.4876,0.8497,1.7917,-0.6873
-3.1525,-3.2555,-1.672,0.4716,1.5318,-0.7501
-3.0828,-2.6758,-1.7199,0.0988,1.1973,-0.8045
-2.8936,-2.5103,-1.5762,-0.2335,0.9097,-0.8524
-1.9282,-3.5164,-0.7377,-0.2335,0.9097,-0.8524
-1.6121,-4.2114,0.1412,-0.4998,0.5773,-0.9131
-1.775,-4.9347,1.0684,-0.7118,0.2684,-0.9643
-1.775,-4.9347,1.0684,-0.9643,-0.2737,-0.9717
-1.8516,-5.4785,2.0649,-1.0569,-0.5155,-0.9653
-2.4361,-5.9935,4.0459,-1.0569,-0.5155,-0.9653
-3.2196,-6.2808,5.0855,-1.1624,-0.6977,-0.9824
-3.2196,-6.2808,5.0855,-1.3477,-0.7786,-0.9643
-3.9333,-7.9194,7.7302,-1.3477,-0.7786,-0.9643
-3.658,-9.232,8.7172,-1.3648,-0.5784,-0.9451
-3.0684,-10.7173,9.5579,-1.3456,-0.1746,-0.9184
-3.0684,-10.7173,9.5579,-1.1858,0.7595,-0.7395
-2.6758,-13.2973,10.5305,-1.1858,0.7595,-0.7395
-2.6758,-13.2973,10.5305,-0.6457,0.6966,-0.3752
-3.0349,-12.2601,9.5052,-0.6457,0.6966,-0.3752
-3.0349,-12.2601,9.5052,0.1126,-0.3909,-0.3283
-4.6184,-10.1951,7.9409,0.1126,-0.3909,-0.3283
-5.354,-10.0179,6.7887,0.3544,-0.5251,-0.3496
-6.5469,-11.5894,5.5144,0.4599,-0.1278,-0.3027
-8.5158,-16.3898,2.2421,0.5185,0.4069,-0.2356
-8.5158,-16.3898,2.2421,0.135,0.6796,0.1765
-6.6211,-20.7831,0.1795,0.5525,0.1842,0.3235
-2.1799,-23.4063,7.6584,1.4175,-0.6231,0.4045
1.763,-20.7759,2.8793,1.2098,-0.5453,0.4567
-1.2719,-1.0109,-5.5072,1.2098,-0.5453,0.4567
2.92,0.9415,-7.6584,0.4897,0.2908,0.4407
2.92,0.9415,-7.6584,-0.536,-0.8926,-0.291
3.7155,-0.2466,-4.6279,-0.7288,-0.882,-0.5648
1.0875,-7.4618,0.2059,-0.7288,-0.882,-0.5648
1.0875,-7.4618,0.2059,-1.156,-1.3848,-0.8268
2.357,-10.7963,-4.501,-1.6089,-1.9461,-0.9621
3.3871,-14.4903,-4.1057,-1.8943,-1.976,-0.9909
4.0866,-16.1767,1.5547,-1.8943,-1.976,-0.9909
2.1344,-13.0145,1.8157,-1.8634,-1.5946,-1.0644
-0.4456,-9.9413,1.1091,-1.6621,-1.3081,-1.1038
-2.5103,-7.8571,0.5437,-1.5288,-1.3102,-0.96
-3.8495,-6.7073,1.0444,-1.5448,-1.5051,-0.7427
-3.7633,-6.2258,1.6217,-1.6195,-1.7054,-0.4412
-2.393,-6.4532,1.3126,-1.6238,-1.9067,-0.127
-1.0157,-7.6728,0.7616,-1.6152,-2.0324,0.0721
0.3977,-9.153,0.2923,-1.6813,-2.058,0.0934
1.7726,-10.2382,0.3546,-1.791,-2.058,0.0252
2.7572,-10.837,0.5174,-1.8592,-1.9909,-0.1163
3.2459,-11.0719,0.4887,-1.8272,-1.9163,-0.2378
2.7237,-10.5641,0.8191,-1.7218,-1.8268,-0.3219
2.7237,-10.5641,0.8191,-1.5182,-1.6276,-0.274
1.2216,-8.4847,1.1593,-1.5182,-1.6276,-0.274
0.6515,-7.6967,1.2886,-1.4479,-1.4476,-0.1962
0.4528,-7.5384,1.4398,-1.4074,-1.2623,-0.0822
0.6419,-7.8164,1.2862,-1.368,-1.2015,0.0444
1.0827,-8.2836,0.9774,-1.335,-1.2207,0.1424
1.3485,-8.6307,1.0013,-1.3424,-1.2282,0.2053
1.4565,-8.7771,0.8864,-1.3445,-1.2047,0.2394
1.4086,-8.9519,0.752,-1.3435,-1.127,0.2521
1.2288,-8.7077,0.6275,-1.3733,-0.964,0.2447
0.8505,-8.626,0.7257,-1.4074,-0.834,0.2404
0.831,-8.8848,0.896,-1.4553,-0.6881,0.2532
0.661,-8.7196,0.6347,-1.4852,-0.6274,0.2692
0.4982,-8.8274,0.9199,-1.5427,-0.6774,0.299
0.0646,-8.4464,0.5485,-1.5768,-0.7872,0.3448
-0.1077,-8.6188,0.7544,-1.6057,-0.8244,0.4109
-0.1077,-8.6188,0.7544,-1.4809,-0.7722,0.6133
0.8167,-9.3975,0.7975,-1.4809,-0.7722,0.6133
1.4781,-10.1496,0.8119,-1.3286,-0.7062,0.7091
1.4781,-10.1496,0.8119,-0.9877,-0.6093,0.6228
1.1761,-10.8514,0.6563,-0.9877,-0.6093,0.6228
1.1474,-10.8322,1.2264,-0.8801,-0.5187,0.4886
1.684,-10.981,1.5355,-0.7469,-0.3824,0.3832
2.0841,-11.2108,1.7199,-0.5818,-0.3227,0.3011
1.7534,-11.4861,1.9955,-0.4061,-0.3568,0.233
0.5868,-11.6157,2.4217,-0.2431,-0.5315,0.1818
0.5868,-11.6157,2.4217,0.0732,-0.8937,0.1499
-1.3269,-11.0121,3.84,0.0732,-0.8937,0.1499
-0.831,-11.115,3.9477,0.3203,-0.9927,0.217
0.3737,-11.9629,4.1608,0.6069,-0.948,0.2862
1.4158,-13.5176,4.4388,0.9328,-0.7531,0.3469
2.0985,-14.6579,4.4939,1.3291,-0.4825,0.3565
3.0564,-15.2926,4.1488,1.7999,-0.147,0.3896
3.0564,-15.2926,4.1488,2.8321,0.7424,0.5898
4.4364,-15.4509,1.4924,2.8321,0.7424,0.5898
2.357,-14.9024,0.2035,3.2584,1.1493,0.56
-1.7845,-14.3921,-1.9883,3.579,1.3123,0.4045
-5.2603,-14.0279,-2.6327,3.6823,1.1376,0.2149
-5.131,-14.1859,-2.2541,3.5375,0.7573,0.1914
-5.325,-15.5611,-0.8433,3.2797,0.4484,0.2511
-4.3742,-16.5696,0.9032,2.9717,0.5017,0.3086
-2.2661,-16.1958,0.2418,2.8204,0.8436,0.3501
-2.2661,-16.1958,0.2418,2.715,1.8045,0.038
-0.9367,-15.398,-0.2513,2.7597,2.2593,-0.1398
-1.0803,-14.6219,1.6074,2.7597,2.2593,-0.1398
-1.0803,-14.6219,1.6074,3.1668,2.7867,-0.0844
-0.5653,-13.0002,1.3126,3.1668,2.7867,-0.0844
-0.5653,-13.0002,1.3126,3.2584,2.4704,0.0806
2.3403,-10.3339,0.0622,3.2584,2.4704,0.0806
2.3882,-9.1338,-0.1939,3.1199,2.2337,-0.0396
1.5786,-8.2118,-0.4097,2.9248,2.1144,-0.1983
1.5236,-7.4809,-0.6419,2.7235,2.0676,-0.2505
0.8023,-6.9802,-0.5629,2.4838,2.1219,-0.225
-0.0023,-6.5397,-0.5342,2.258,2.1943,-0.1877
-0.6874,-6.13,-0.5342,2.095,2.1006,-0.1621
-1.0947,-5.8927,-0.6084,1.9405,1.96,-0.1632
-1.0947,-5.8927,-0.6084,1.5603,1.7832,-0.2367
-1.382,-4.961,-1.0588,1.5603,1.7832,-0.2367
-1.382,-4.961,-1.0588,1.0798,1.7757,-0.437
-1.9425,-3.289,-2.0769,1.0798,1.7757,-0.437
-2.053,-2.7715,-2.4169,0.8029,1.7661,-0.5371
-2.223,-2.6375,-2.3331,0.4673,1.6148,-0.6287
-2.1775,-2.817,-1.8109,0.0934,1.3624,-0.7203
-2.1607,-3.2938,-1.0827,-0.2687,1.0524,-0.8247
-2.1607,-3.2938,-1.0827,-0.8375,0.3153,-0.96
-1.9378,-3.8495,-0.2561,-1.0346,-0.0745,-0.9493
-2.2732,-4.2784,0.9439,-1.1443,-0.4079,-0.8716
-2.4768,-5.064,3.8256,-1.1443,-0.4079,-0.8716
-2.4768,-5.064,3.8256,-1.2093,-0.7627,-0.7459
-2.9296,-5.9097,5.2675,-1.2093,-0.7627,-0.7459
-3.3369,-6.4703,6.0582,-1.2401,-0.8223,-0.7416
-3.3177,-7.3014,6.7911,-1.2615,-0.7403,-0.7501
-3.3177,-7.3014,6.7911,-1.2529,0.0713,-0.8002
-2.7907,-8.2429,7.5623,-1.1858,0.6732,-0.8066
-0.8358,-11.0432,9.4502,-1.1858,0.6732,-0.8066
-0.0095,-12.6578,9.589,-1.0505,1.2473,-0.7576
0.043,-13.295,9.273,-0.8652,1.5339,-0.6639
-0.1412,-12.2098,8.2668,-0.6308,1.3421,-0.5371
-0.8119,-10.4515,7.4354,-0.3699,0.7499,-0.4572
-0.8119,-10.4515,7.4354,-0.0535,-0.3131,-0.4924
-2.8889,-7.2966,7.9768,-0.0535,-0.3131,-0.4924
-2.8889,-7.2966,7.9768,-0.1419,0.4559,-0.4742
-3.1908,-6.118,5.0305,-0.1419,0.4559,-0.4742
-3.1908,-6.118,5.0305,-0.1749,0.735,-0.4061
-6.5325,-13.072,-3.5643,-0.1749,0.735,-0.4061
-6.5325,-13.072,-3.5643,-0.7224,-0.6434,-0.1685
-6.4221,-23.4613,4.6543,-0.7224,-0.6434,-0.1685
-6.4221,-23.4613,4.6543,0.8252,-1.4806,0.0817
-9.97,-30.5637,8.9351,1.5389,-0.1374,0.8444
3.0732,-14.2074,5.0688,1.5389,-0.1374,0.8444
3.0732,-14.2074,5.0688,1.2492,1.5392,0.4141
8.8609,2.3642,-16.1455,1.2492,1.5392,0.4141
5.7538,0.7568,-6.9515,0.0263,-0.4388,-0.1195
-0.9606,-2.999,3.2004,-0.8311,-1.4178,-0.5978
-0.9606,-2.999,3.2004,-0.6159,-0.8532,-0.4615
2.7739,-8.5948,-3.131,-0.6159,-0.8532,-0.4615
3.4326,-13.4362,-3.9597,-0.8588,-1.0322,-0.5573
2.4097,-17.7937,-1.7055,-1.4298,-1.6063,-0.8631
2.4097,-17.7937,-1.7055,-1.8336,-1.9302,-1.0665
1.4637,-15.1992,2.2182,-1.8336,-1.9302,-1.0665
-0.9439,-11.0264,1.5906,-1.6451,-1.4178,-1.1443
-2.75,-7.8715,0.8358,-1.4756,-1.127,-1.0473
-3.435,-6.1492,0.8215,-1.4766,-1.1877,-0.7991
-2.841,-5.3923,0.8334,-1.5448,-1.4348,-0.4796
-1.2096,-5.4905,0.8601,-1.5886,-1.6915,-0.177
0.2154,-6.997,0.963,-1.6291,-1.829,0.0157
0.2154,-6.997,0.963,-1.7527,-1.7789,0.0391
2.9319,-9.8021,1.0229,-1.7527,-1.7789,0.0391
3.5883,-10.2549,0.9965,-1.7654,-1.7182,-0.095
3.5883,-10.2549,0.9965,-1.6568,-1.438,-0.3581
3.1573,-9.2057,0.884,-1.6568,-1.438,-0.3581
2.7667,-8.693,0.7018,-1.5736,-1.2505,-0.3965
1.6217,-8.0175,0.9678,-1.516,-1.0449,-0.4039
0.5533,-7.5408,1.593,-1.5001,-0.7989,-0.3805
0.158,-7.3876,1.9473,-1.4607,-0.6977,-0.2623
0.0766,-7.4953,2.3714,-1.4148,-0.735,-0.1142
0.0766,-7.4953,2.3714,-1.3637,-0.8457,0.0977
-0.3211,-8.6212,3.2052,-1.3637,-0.8457,0.0977
-0.3211,-8.6212,3.2052,-1.2806,-0.8457,0.2692
-0.6467,-8.6714,3.38,-1.2636,-0.7659,0.3288
-0.3283,-10.1975,2.9559,-1.2636,-0.7659,0.3288
0.0502,-9.6441,2.8601,-1.2423,-0.7392,0.3597
0.0502,-9.6441,2.8601,-1.0005,-0.8276,0.5099
0.2923,-8.3027,2.8817,-1.0005,-0.8276,0.5099
0.5916,-9.5387,3.2052,-0.7746,-0.8884,0.6047
0.951,-11.3712,2.8936,-0.5318,-0.8191,0.6569
1.4853,-11.273,3.0181,-0.3507,-0.6774,0.6079
1.7319,-10.418,3.6098,-0.2271,-0.5858,0.4918
1.9545,-9.7375,4.0171,-0.0524,-0.5102,0.3917
2.3618,-9.7542,3.6604,0.1776,-0.426,0.3395
2.2876,-9.8958,3.3177,0.413,-0.4058,0.3161
1.8037,-9.9604,3.749,0.5813,-0.4644,0.3065
0.9151,-9.7758,4.1081,0.773,-0.4655,0.3278
0.2011,-9.9269,4.9754,1.0394,-0.3952,0.4066
-0.0407,-10.298,5.8951,1.4271,-0.2599,0.5461
-0.1915,-10.7077,6.0127,1.9267,0.1459,0.707
-0.8358,-11.7642,5.0688,2.4487,0.8053,0.8604
-0.8286,-12.9379,3.3297,2.9717,1.4444,1.0532
0.5988,-13.5775,1.5427,3.4735,1.9483,1.3206
3.1046,-15.4844,-0.2322,3.9135,2.1986,1.5176
3.1046,-15.4844,-0.2322,4.102,2.2572,1.0702
-0.5725,-22.594,1.6672,4.102,2.2572,1.0702
-0.5725,-22.594,1.6672,3.971,1.2271,0.4865
-4.0267,-20.7017,7.0212,3.971,1.2271,0.4865
-1.2024,-18.7085,6.4365,3.9209,0.7935,0.315
1.2407,-17.717,3.6891,3.6504,0.9288,0.038
2.1487,-17.5132,2.5417,3.2062,0.9725,-0.4071
1.9955,-16.7971,3.0397,2.7501,0.8021,-0.8013
1.3054,-15.1107,2.5198,2.5424,0.9043,-1.0335
1.3509,-12.7871,1.5116,2.5903,1.3752,-1.0697
1.1833,-10.6143,0.6132,2.764,2.0942,-0.977
1.1833,-10.6143,0.6132,3.0602,3.1905,-0.634
-0.7592,-7.2248,-0.7975,3.0602,3.1905,-0.634
-0.7592,-7.2248,-0.7975,2.7491,2.9881,-0.1568
-2.5513,-5.0448,0.0837,2.7491,2.9881,-0.1568
-2.5513,-5.0448,0.0837,2.2676,2.2252,0.1776
-3.5021,-4.5202,1.1306,2.1142,1.912,0.3459
-3.9836,-3.3297,-0.0526,2.1142,1.912,0.3459
-3.9836,-3.3297,-0.0526,1.6657,1.9568,0.5898
-0.987,-3.6337,-3.0636,1.6657,1.9568,0.5898
-0.987,-3.6337,-3.0636,0.9051,1.6692,0.3981
-0.1867,-3.8471,-4.3526,0.4151,1.3911,0.2213
-0.2298,-2.7667,-4.0913,0.4151,1.3911,0.2213
-0.8239,-2.3355,-3.0205,-0.0439,1.0694,0.0497
-1.1186,-2.0099,-1.751,-0.471,0.6071,-0.0876
-1.8947,-1.9979,-0.3761,-0.8279,0.0585,-0.2314
-1.8947,-1.9979,-0.3761,-1.2977,-0.9629,-0.4274
-3.0349,-2.568,2.3499,-1.2977,-0.9629,-0.4274
-3.0349,-2.568,2.3499,-1.4798,-1.4476,-0.5222
-2.4935,-4.0578,4.4388,-1.4798,-1.4476,-0.5222
-1.8851,-4.4723,4.7453,-1.4937,-1.4646,-0.5616
-1.8851,-4.4723,4.7453,-1.5128,-0.9576,-0.6734
-0.0837,-5.4402,4.6375,-1.5128,-0.9576,-0.6734
0.3283,-6.2138,4.5418,-1.5587,-0.7605,-0.8023
0.1005,-7.0739,4.6615,-1.628,-0.7637,-0.9536
-0.6299,-8.1013,5.6557,-1.7228,-0.9608,-1.075
-1.5571,-9.6609,7.6201,-1.8283,-1.2378,-1.1379
-2.0985,-11.3712,10.14,-1.8911,-1.4689,-1.1038
-2.0985,-11.3712,10.14,-1.6387,-1.4817,-0.8151
-2.2613,-12.7129,12.3558,-1.3776,-1.2047,-0.699
-2.1368,-13.3883,13.4027,-1.1049,-0.9065,-0.6266
-2.3092,-12.0227,9.9341,-1.1049,-0.9065,-0.6266
-3.1334,-10.5282,6.5421,-0.8844,-0.6604,-0.5733
-3.8735,-9.1027,4.1704,-0.7395,-0.4207,-0.4828
-3.8735,-9.1027,4.1704,-0.5818,0.6391,-0.1483
-3.0157,-5.9385,1.8157,-0.5818,0.6391,-0.1483
-2.8841,-5.1095,-2.2062,-0.5914,1.0215,-0.1099
-2.8841,-5.1095,-2.2062,-1.2007,-0.2716,-0.3624
-7.6033,-8.801,-4.4556,-1.8571,-1.5488,-0.0684
-8.6906,-16.0737,-4.0746,-1.4713,-2.4246,-0.2197
-4.7189,-41.2619,14.0638,-1.4713,-2.4246,-0.2197
2.9727,-28.748,6.3407,-0.0929,-1.9142,-0.5509
3.8807,-8.9375,-5.3348,0.2575,-0.2652,-0.519
3.8807,-8.9375,-5.3348,-0.1515,-1.4497,-0.83
1.2814,-0.1628,-16.6558,-1.0548,-2.2668,-0.4902
-0.6036,3.2722,-10.1161,-1.2721,-1.7523,-0.1589
-5.4593,-1.0899,4.9778,-1.2721,-1.7523,-0.1589
0.515,-4.9874,-2.5321,-0.9398,-0.9054,0.3118
3.0205,-9.8455,-5.0496,-0.9962,-1.1323,0.4971
3.0205,-9.8455,-5.0496,-2.1777,-2.7356,-0.2527
2.7213,-14.6746,-2.5031,-2.3737,-3.1063,-0.6916
2.9343,-18.0834,0.9103,-2.2203,-3.2064,-1.0047
2.0386,-16.1599,2.8027,-2.2203,-3.2064,-1.0047
2.0386,-16.1599,2.8027,-1.6057,-3.46,-0.9216
0.5964,-11.654,2.4025,-1.4372,-3.4237,-0.6095
0.0861,-6.7265,-0.1005,-1.4372,-3.4237,-0.6095
0.6802,-6.523,0.1987,-1.4926,-2.8698,-0.3123
1.7606,-7.2798,1.1426,-1.5789,-2.1656,-0.0908
1.7606,-7.2798,1.1426,-1.4148,-1.6713,0.1339
2.1703,-8.2836,1.6265,-1.3552,-1.8247,0.152
2.975,-9.7159,1.1306,-1.3552,-1.8247,0.152
2.9774,-10.1017,1.0827,-1.3584,-1.9685,0.0743
2.2589,-9.9676,1.0947,-1.3286,-2.075,-0.0354
1.9449,-9.3903,0.3761,-1.1997,-2.304,-0.0609
1.4613,-8.8417,0.1077,-1.0995,-2.464,-0.0439
1.4613,-8.8417,0.1077,-1.1208,-2.3062,-0.0098
1.2384,-8.4823,0.4049,-1.1262,-2.2497,0.0252
0.7736,-8.1372,0.4695,-1.1336,-2.2103,0.1073
0.3929,-7.8667,0.4288,-1.1635,-2.0953,0.2149
0.5653,-7.208,0.6395,-1.1635,-2.0953,0.2149
0.7018,-6.9467,0.5916,-1.1826,-1.8929,0.2607
1.0133,-6.7456,0.436,-1.2188,-1.6947,0.3001
1.4709,-6.8246,0.3761,-1.2689,-1.5946,0.3246
1.5595,-6.9779,0.0526,-1.3381,-1.5286,0.331
1.1354,-7.1505,-0.5102,-1.4276,-1.4966,0.3193
0.6634,-7.3828,-0.515,-1.5491,-1.4987,0.3235
0.6634,-7.3828,-0.515,-1.7495,-1.2484,0.4311
0.1244,-7.8595,-0.2442,-1.7495,-1.2484,0.4311
0.2657,-8.1591,-0.436,-1.7708,-1.0726,0.5227
0.2657,-8.1591,-0.436,-1.6909,-1.0055,0.6857
1.2288,-8.7675,0.0718,-1.6909,-1.0055,0.6857
1.2288,-8.7675,0.0718,-1.5682,-1.16,0.7464
2.3953,-9.8647,0.2585,-1.5682,-1.16,0.7464
2.0458,-10.5018,0.1101,-1.467,-1.2292,0.739
1.3916,-11.3042,0.2154,-1.3669,-1.2516,0.707
0.8262,-11.8144,0.5629,-1.2849,-1.2282,0.6623
0.4049,-11.9365,1.1689,-1.2146,-1.2037,0.6058
0.752,-11.678,1.6792,-1.1027,-1.226,0.5696
0.752,-11.678,1.6792,-0.7874,-1.2548,0.642
1.6648,-12.7392,1.526,-0.6266,-1.1983,0.6346
3.9788,-11.9629,2.144,-0.4508,-1.0013,0.5355
3.2531,-13.0121,2.8051,-0.4508,-1.0013,0.5355
1.6792,-12.835,3.4877,-0.2761,-0.9352,0.4588
1.6792,-12.835,3.4877,0.1147,-1.0865,0.3661
-1.2958,-11.3377,3.5045,0.1147,-1.0865,0.3661
-0.6826,-10.6143,3.1166,0.429,-1.2804,0.4652
-0.6826,-10.6143,3.1166,1.6721,-0.9384,0.8135
5.0784,-14.7177,-0.6994,1.6721,-0.9384,0.8135
7.5528,-18.2489,-2.7715,2.3741,-0.6998,0.7805
4.7022,-21.1162,-2.4217,3.0239,-0.8415,0.4492
4.7022,-21.1162,-2.4217,3.7132,-0.0532,-0.6702
-10.4228,-17.899,-1.4613,3.7132,-0.0532,-0.6702
-10.4228,-17.899,-1.4613,3.3798,0.6338,-0.78
-8.3075,-16.7875,-1.5619,3.1114,0.4825,-0.6852
-5.8639,-16.112,-0.146,3.0217,0.5667,-0.6127
-1.7845,-15.0819,0.987,3.0217,0.5667,-0.6127
-0.776,-16.5984,0.5174,3.0688,0.9352,-0.6223
-0.776,-16.5984,0.5174,3.1646,1.732,-0.5914
0.8912,-18.1217,-0.7951,3.1646,1.732,-0.5914
0.2226,-17.6353,-0.4049,3.0911,1.8971,-0.6021
-3.0062,-17.5587,-0.1795,3.0526,2.1294,-0.7182
-3.0062,-17.5587,-0.1795,3.4096,2.7249,-0.487
-5.9097,-17.2427,-0.8553,3.562,3.1212,-0.2005
-6.4221,-15.6927,-1.6337,3.6738,3.3375,-0.078
-6.8988,-12.811,-0.4887,3.6738,3.3375,-0.078
-6.8988,-12.811,-0.4887,3.9337,2.5002,0.0561
-4.2521,-10.5066,-1.2743,3.9337,2.5002,0.0561
-2.7644,-9.6537,-0.9032,3.8645,1.9568,0.0764
-2.7644,-9.6537,-0.9032,3.5726,1.2399,0.0529
-1.0899,-8.0271,-0.8577,3.5726,1.2399,0.0529
-1.1474,-6.8079,-0.6108,3.3873,1.3208,0.1105
-0.4839,-5.8232,-0.9439,3.2616,1.3752,0.3001
0.0047,-5.0664,-1.3509,3.1614,1.4327,0.5291
0.5988,-4.4149,-1.9692,2.9717,1.4678,0.6932
0.5988,-4.4149,-1.9692,2.1685,1.4156,0.772
1.4805,-3.4255,-2.2254,2.1685,1.4156,0.772
1.2072,-2.8936,-2.3523,1.7073,1.438,0.7049
1.2072,-2.8936,-2.3523,0.8881,1.4284,0.7187
0.7879,-1.818,-2.3523,0.8881,1.4284,0.7187
0.7879,-1.818,-2.3523,0.1616,1.0268,0.5653
-0.4288,-1.5643,-2.3714,0.1616,1.0268,0.5653
-0.4288,-1.5643,-2.3714,-0.5169,0.392,0.201
-1.0612,-1.6265,-2.144,-0.83,0.0213,-0.0002
-2.0051,-2.0769,-0.8888,-0.83,0.0213,-0.0002
-2.3116,-2.2445,0.1532,-1.0942,-0.3632,-0.2207
-2.3953,-2.6231,1.7319,-1.336,-0.6742,-0.4178
-2.4672,-3.3321,4.0626,-1.5373,-0.8031,-0.5904
-2.4672,-3.3321,4.0626,-1.5214,-0.6007,-0.8769
-2.4839,-4.5058,7.2008,-1.2497,-0.2961,-0.944
-2.1272,-7.354,9.0141,-1.2497,-0.2961,-0.944
-2.1272,-7.354,9.0141,-0.8876,0.2311,-0.9472
-2.4241,-10.3459,8.1711,-0.8876,0.2311,-0.9472
-2.841,-11.6468,8.6906,-0.8396,0.5027,-0.8204
-2.841,-11.6468,8.6906,-0.6884,0.6561,-0.323
-3.2531,-12.0805,9.0189,-0.6596,0.7051,-0.1493
-3.7418,-9.5387,8.6403,-0.6596,0.7051,-0.1493
-3.7418,-9.5387,8.6403,-0.6905,0.7254,-0.1877
-3.7202,-8.2596,8.1037,-0.6681,0.7414,-0.2836
-5.2483,-7.8547,9.1865,-0.6681,0.7414,-0.2836
-5.2483,-7.8547,9.1865,0.3001,1.2239,-0.3017
-16.3323,-20.28,4.4077,0.3001,1.2239,-0.3017
-16.3323,-20.28,4.4077,0.8242,-0.1683,1.1182
-20.055,-30.8442,-0.0766,0.5163,-0.7722,1.523
-10.5617,-29.7015,0.1388,0.1371,-0.0713,1.3195
-0.1412,-15.7239,0.4911,0.0189,0.0894,0.7741
6.7887,0.9558,-2.5728,0.0189,0.0894,0.7741
3.8423,-0.1556,-3.3991,-0.0737,-0.6987,0.1147
-0.5006,-3.0397,1.7462,-0.5254,-1.4306,-0.4316
0.2011,-6.3263,1.0181,-0.7736,-1.3794,-0.5573
2.2445,-9.4789,-4.343,-0.8109,-1.2047,-0.4657
2.2445,-9.4789,-4.343,-1.4617,-2.8123,-0.6266
3.7777,-12.4851,-5.2483,-1.7047,-2.8187,-0.8141
0.6515,-17.3025,2.4744,-1.7047,-2.8187,-0.8141
1.6792,-15.7023,1.5978,-1.6919,-1.8982,-0.8503
1.8635,-12.8541,-0.0143,-1.7345,-1.1419,-0.8663
-0.2466,-10.2525,-0.2202,-1.9018,-1.1483,-1.0292
-0.2466,-10.2525,-0.2202,-2.167,-2.1677,-0.878
-1.8971,-6.233,0.8768,-2.167,-2.1677,-0.878
-1.66,-5.4713,1.5355,-2.1851,-2.4629,-0.6234
-0.9558,-5.8978,1.4565,-2.1106,-2.4618,-0.3326
-0.9558,-5.8978,1.4565,-2.0041,-2.0164,0.0625
0.1699,-9.3783,0.5102,-2.0041,-2.0164,0.0625
0.8672,-10.7556,0.5222,-2.0829,-2.0196,0.1488
1.3772,-11.3473,0.7401,-2.1713,-2.1091,0.1371
1.4493,-11.2084,0.9415,-2.2171,-2.1091,0.0348
1.4493,-11.2084,0.9415,-2.1095,-1.7331,-0.1376
1.303,-9.9245,1.4733,-2.1095,-1.7331,-0.1376
1.303,-9.9245,1.4733,-1.8357,-1.2761,-0.1153
1.5475,-8.7915,1.6816,-1.8357,-1.2761,-0.1153
1.5475,-8.7915,1.6816,-1.7175,-1.1525,-0.1259
0.9774,-8.8729,1.7821,-1.7175,-1.1525,-0.1259
0.7185,-8.681,1.9425,-1.7228,-1.1941,-0.1376
0.7185,-8.681,1.9425,-1.6642,-1.3208,-0.1355
0.0359,-8.1061,1.4781,-1.6642,-1.3208,-0.1355
-0.0766,-7.5575,0.685,-1.581,-1.2974,-0.0684
-0.079,-7.1745,-0.2106,-1.5256,-1.2069,0.0252
-0.0909,-6.9324,-0.8143,-1.5352,-1.1376,0.119
-0.0909,-6.9324,-0.8143,-1.6845,-1.03,0.2862
-0.0885,-7.1649,-0.7472,-1.7196,-0.8947,0.3438
-0.2852,-8.5206,0.3235,-1.7196,-0.8947,0.3438
-0.3666,-8.8489,0.8167,-1.7367,-0.7105,0.3842
-0.3666,-8.8489,0.8167,-1.7218,-0.4846,0.4173
-0.3354,-9.0141,1.1641,-1.6706,-0.4942,0.4354
-0.0646,-9.1554,1.4493,-1.5778,-0.4889,0.4577
0.4647,-9.8982,1.9521,-1.5778,-0.4889,0.4577
0.4647,-9.8982,1.9521,-1.2668,-0.3845,0.5142
0.831,-10.8633,1.7917,-1.2668,-0.3845,0.5142
0.4264,-11.3832,1.6241,-1.0878,-0.4729,0.5153
-0.2418,-11.8096,1.8061,-0.9429,-0.5975,0.478
-0.4049,-11.9198,2.2086,-0.8332,-0.6348,0.4173
0.1005,-11.9964,2.2134,-0.6756,-0.6189,0.3704
0.1005,-11.9964,2.2134,-0.2207,-0.6082,0.332
1.6983,-12.2984,1.581,-0.2207,-0.6082,0.332
1.6983,-12.2984,1.581,0.0593,-0.6742,0.2404
0.0885,-12.2481,3.3249,0.0593,-0.6742,0.2404
-1.2503,-11.7354,4.1344,0.2191,-0.735,0.1999
-1.3844,-10.8801,4.5825,0.3981,-0.7797,0.1978
-1.3844,-10.8801,4.5825,1.2055,-0.5145,0.494
3.1645,-12.7727,2.8266,1.2055,-0.5145,0.494
3.1645,-12.7727,2.8266,2.3176,0.2439,0.4258
6.748,-17.3002,2.6351,2.3176,0.2439,0.4258
6.748,-17.3002,2.6351,3.4586,0.8702,-0.0961
4.1249,-17.4558,1.0013,3.4586,0.8702,-0.0961
4.1249,-17.4558,1.0013,3.8219,1.3879,-0.5328
0.3163,-15.7741,-0.2561,3.6621,1.4412,-0.5073
-2.3834,-14.308,-2.2996,3.351,1.1248,-0.4455
-3.0804,-14.9981,-4.4005,2.9855,0.9523,-0.2495
-3.5907,-16.5166,-4.1105,2.7895,1.1611,-0.0396
-2.2732,-16.5597,-0.8239,2.7895,1.1611,-0.0396
-1.0779,-15.7071,-0.6539,2.7608,1.8055,0.0753
-0.8696,-14.9862,0.0191,2.7373,2.8006,0.0242
-0.8696,-14.9862,0.0191,3.0634,3.5122,-0.1898
-1.0779,-14.5477,0.7496,3.3233,3.1713,-0.1504
-1.5307,-13.8004,0.7257,3.3851,2.9593,-0.0354
-1.502,-11.6373,-0.4168,3.3851,2.9593,-0.0354
-0.9917,-10.2166,-0.8864,3.2935,2.8517,0.0444
0.9056,-8.7723,-0.9415,3.1348,2.775,0.038
2.0171,-8.195,-1.0899,2.9781,2.6973,-0.0727
1.4446,-7.8356,-1.0277,2.8183,2.807,-0.2719
1.5786,-7.4139,-1.3628,2.716,2.7878,-0.3496
1.5786,-7.4139,-1.3628,2.487,2.5289,-0.1334
-0.1987,-6.6259,-1.4254,2.487,2.5289,-0.1334
-0.1987,-6.6259,-1.4254,2.3134,2.2657,0.1094
-1.7845,-6.2377,-1.5619,2.3134,2.2657,0.1094
-2.1655,-6.2042,-1.7247,2.1994,2.1815,0.1733
-2.7428,-5.4976,-1.5906,1.9586,2.1709,0.1264
-3.0636,-4.288,-1.6289,1.6167,2.058,0.0828
-3.0636,-4.288,-1.6289,0.8433,1.8843,-0.0322
-3.0852,-3.2435,-1.8731,0.4663,1.7203,-0.1259
-2.2613,-3.011,-2.5465,0.4663,1.7203,-0.1259
-2.0219,-3.2746,-2.4289,0.1126,1.4657,-0.2314
-1.5403,-3.1789,-2.0889,-0.2197,1.0588,-0.3198
-1.2838,-3.4231,-1.6457,-0.4966,0.6327,-0.4103
-1.2838,-3.4231,-1.6457,-0.9994,-0.2652,-0.5637
-1.4086,-4.4771,0.606,-0.9994,-0.2652,-0.5637
-1.4086,-4.4771,0.606,-1.271,-0.9267,-0.6671
-1.9569,-5.0951,3.3704,-1.271,-0.9267,-0.6671
-2.1392,-5.3683,4.525,-1.3669,-1.0886,-0.6937
-2.1392,-5.3683,4.525,-1.531,-1.1483,-0.7885
-2.7356,-6.7935,6.9946,-1.531,-1.1483,-0.7885
-2.7356,-6.7935,6.9946,-1.5661,-0.8223,-0.8694
-3.2148,-9.1482,9.6824,-1.5661,-0.8223,-0.8694
-3.0756,-10.825,9.9844,-1.4937,-0.524,-0.8577
-3.0756,-10.825,9.9844,-1.2242,0.18,-0.584
-2.6638,-14.6435,10.8011,-1.2242,0.18,-0.584
-2.6638,-14.6435,10.8011,-0.5477,0.5091,-0.1462
-2.6279,-15.3692,10.6598,-0.1217,0.3217,-0.1174
-2.8912,-14.61,9.4621,0.1541,0.05,-0.1664
-3.8088,-10.9714,6.9204,0.1541,0.05,-0.1664
-4.9922,-10.9594,6.3096,0.2553,-0.0873,-0.193
-7.0308,-13.0073,5.9121,0.2202,0.115,-0.143
-9.2754,-17.7242,5.155,0.1105,0.4868,-0.0471
-10.2214,-24.3642,3.5212,-0.0258,0.6465,0.1424
-10.2214,-24.3642,3.5212,0.283,-0.4761,0.7113
-5.7586,-28.0295,4.2592,1.2322,-0.1161,0.6985
5.5814,-9.2296,-2.4911,1.2322,-0.1161,0.6985
1.6528,2.4145,-11.9868,1.6551,0.2109,0.2149
1.9569,5.7538,-14.8566,0.8103,-0.0394,-0.1217
1.6935,4.2401,-7.5743,-0.4955,-0.8085,-0.3166
1.6935,4.2401,-7.5743,-1.1986,-1.601,-0.4561
