bicicleta
-5.9642,-10.2091,-0.6607,-0.2845,-0.2441,-2.3396
-4.3718,-7.9538,0.0454,-0.2668,-0.279,-2.2125
-3.7134,-6.7615,0.5458,-0.3218,0.0679,-2.0885
-2.9664,-5.3345,0.5937,-0.2919,0.4821,-2.0781
-2.5737,-4.4651,0.7158,-0.1202,1.0557,-2.1184
-2.0973,-4.2568,1.039,0.0153,1.3953,-2.1331
-1.9776,-4.3837,0.9193,0.1992,1.5627,-2.1355
-2.1284,-4.7357,0.8882,0.4124,1.5199,-2.1392
-2.0661,-5.4088,0.6727,0.5871,1.3208,-2.1807
-3.7086,-7.5133,-0.5363,0.7325,0.9671,-2.2204
-4.4005,-7.7407,-0.6272,0.8351,0.2041,-2.4129
-5.9067,-8.6792,-0.4046,0.7868,-0.2582,-2.5357
-6.3928,-9.7135,-0.2274,0.6976,-0.6094,-2.4813
-7.0153,-10.8364,-0.553,0.6317,-1.0309,-2.3273
-7.1733,-10.8867,-0.8451,0.5889,-1.4543,-2.2424
-6.6561,-11.4565,-0.6368,0.5345,-1.935,-2.284
-6.965,-11.2099,-0.5841,0.3873,-2.1555,-2.3377
-6.7375,-11.7175,0.3064,0.2242,-2.227,-2.2852
-6.7327,-11.8204,0.2418,0.0935,-2.3376,-2.0024
-7.0871,-12.7302,-2.1404,0.0715,-2.7273,-1.6462
-7.1422,-13.8866,-2.4396,0.1204,-3.0547,-1.3072
-7.1422,-13.8866,-2.4396,0.1582,-1.6882,-0.8924
-7.111,-15.7041,-0.3902,0.1582,-1.6882,-0.8924
-6.4766,-16.3099,1.6831,0.4618,-1.133,-0.8906
-7.0224,-17.2532,1.9536,0.876,-0.811,-0.7898
-7.6617,-18.9076,0.3136,1.3873,-1.158,-0.7067
-7.2116,-19.6498,-0.7254,1.8137,-1.6644,-0.4789
-5.6961,-20.1669,-2.138,2.0434,-1.7169,0.1007
-4.8865,-18.7807,-3.6224,1.898,-1.439,0.3304
-3.845,-15.2588,-3.3039,1.6402,-0.8825,0.3268
-3.9743,-14.7584,-2.8898,1.3183,-0.3248,0.1869
-4.0198,-12.7087,-2.6288,1.0287,0.0025,-0.0342
-3.3566,-10.9465,-2.3965,0.7422,0.5401,-0.1343
-1.8267,-9.7183,-1.6663,0.5046,0.7619,-0.0519
-1.8267,-9.7183,-1.6663,0.0129,0.8205,0.0885
-2.2385,-9.5435,-1.7453,0.0129,0.8205,0.0885
-2.0302,-9.4693,-0.6584,-0.5026,1.107,0.1661
-1.5538,-8.514,1.6328,-1.1208,1.3935,0.3072
-1.5705,-8.514,1.6328,-1.7622,1.3238,0.3121
-2.7844,-7.7479,7.0272,-2.053,1.0648,0.1692
-6.1462,-7.3409,15.515,-2.4549,0.6452,-0.0305
-9.194,-6.1366,17.9235,-2.659,-0.0383,-0.2247
-7.3744,-5.981,13.5802,-1.9638,-0.8874,-0.1997
-5.5859,-5.9067,6.9578,0.1442,-2.1751,0.1551
-4.9634,-5.5811,1.1061,1.3219,-2.8984,0.3127
-4.7093,-5.1023,0.1268,2.0379,-3.1366,0.4398
-4.5322,-4.8291,-0.1005,2.2944,-2.9973,0.5888
-4.0916,-4.3478,-0.328,2.46,-2.6448,0.7971
-3.5314,-3.8738,-0.5363,2.5498,-2.3254,1.0299
-2.8371,-3.7158,-1.0127,2.5376,-1.7402,1.3261
-2.6695,-3.7756,-1.1228,2.369,-1.1104,1.4941
-2.3008,-4.2114,-0.9768,2.1014,-0.5007,1.7153
-1.446,-5.0951,-0.5626,1.8491,-0.2521,1.9077
-2.272,-8.5092,-2.6503,1.6646,-0.395,1.9963
-2.3774,-8.7582,-2.7844,1.5559,-0.8269,1.9877
-2.6096,-10.3935,-3.7612,1.27,-1.2716,1.9004
-3.7421,-11.2482,-4.2042,0.7911,-1.0737,1.8002
-7.3097,-11.2745,-3.0669,0.2273,-0.4567,1.5418
-7.4247,-11.2745,-2.8155,-0.3407,0.3263,1.2815
-7.7144,-11.2434,-0.2011,-0.8923,1.2707,1.215
-7.9969,-11.5211,1.5682,-1.2729,2.6678,1.3512
-6.9291,-11.5068,3.6511,-1.2088,3.5523,1.4563
-6.0384,-11.9377,3.3566,-1.0011,4.4784,1.6383
-4.865,-13.3623,4.4173,-0.7323,5.4661,1.9046
-3.3925,-14.3966,7.7215,-0.761,6.3891,2.1862
-4.9826,-15.2947,11.4852,-1.2485,6.3812,2.4275
-6.0288,-15.3546,12.0694,-1.8954,3.964,2.4569
-7.0177,-15.0864,10.6544,-1.6162,1.7337,2.3915
-7.5947,-14.205,5.2172,-0.7665,0.0594,2.2241
-9.2395,-15.0673,-5.4662,0.405,-1.4934,1.9608
-8.6936,-15.0266,-5.7846,1.201,-2.8709,1.9052
-6.2491,-13.628,-1.968,0.5596,-1.4341,2.0604
-5.2675,-13.4652,-0.4955,-0.3236,0.4344,2.1478
-0.8954,-12.7829,-2.1787,-0.3304,0.4002,2.3823
-0.7302,-12.6799,-2.1571,-0.1373,0.2787,2.6352
0.5506,-12.3543,-1.8459,-0.1996,0.8443,2.7531
1.9393,-13.1085,-1.3934,-0.3242,1.4277,2.7281
2.8419,-12.1341,-0.3327,-0.6364,1.8034,2.3054
2.7437,-11.6792,-0.1795,-0.8832,1.8907,1.6456
0.9289,-8.3273,0.0095,-1.1153,1.8193,0.8167
-0.292,-5.2531,-0.2681,-1.2766,1.5254,-0.0134
-0.4405,-2.782,1.3048,-1.3768,1.1528,-0.6084
-0.3016,-1.9823,2.0566,-1.5961,0.9653,-1.0806
-0.0766,-1.3096,2.3343,-1.549,1.0062,-1.2162
-0.2082,-0.9385,2.4468,-1.3371,1.0575,-1.2858
-1.0414,-1.7573,1.9464,-1.0151,1.1119,-1.3457
-1.3742,-2.7293,1.7932,-0.6816,1.206,-1.422
-2.1499,-4.865,1.2306,-0.4055,1.3122,-1.5357
-2.9855,-6.637,0.8978,-0.1104,1.1082,-1.7256
-3.3614,-8.0855,0.8858,-0.0384,0.8089,-1.7745
-3.3662,-8.1286,0.8499,0.0043,0.5273,-1.788
-3.359,-8.0903,0.2035,0.0691,0.1736,-1.8185
-3.687,-7.6306,-0.5961,0.0929,-0.0004,-1.9022
-3.608,-6.8381,0.2202,0.0733,0.0807,-2.0323
-3.608,-6.8381,0.2202,0.179,0.377,-1.9963
-3.5051,-6.8165,-0.146,0.179,0.377,-1.9963
-3.5841,-6.8118,-0.3471,0.3287,0.2762,-1.9309
-3.0645,-6.9937,-0.3256,0.4227,0.154,-1.868
-3.0645,-6.9937,-0.3256,0.4771,0.0142,-1.8075
-3.0597,-7.293,-0.4955,0.5406,-0.1507,-1.8161
-3.3614,-7.4079,-0.2825,0.507,-0.1513,-1.9315
-3.4476,-7.1398,-0.0574,0.4374,-0.0481,-2.0622
-3.3135,-6.704,-0.5027,0.4056,-0.0047,-2.1343
-2.6839,-6.1557,-0.7062,0.4038,-0.0591,-2.1514
-2.4612,-6.0312,-0.8236,0.3806,-0.1678,-2.1508
-3.4045,-6.5388,-1.0941,0.3097,-0.3822,-2.2718
-3.9815,-7.0009,-1.4939,0.2144,-0.6015,-2.3872
-4.5561,-7.9059,-1.7645,0.0727,-0.8544,-2.4288
-5.4279,-8.9378,-1.1731,-0.1159,-1.0847,-2.4055
-6.2276,-11.2913,-1.9201,-0.3279,-1.3486,-2.3707
-6.3401,-11.5211,-2.5067,-0.5222,-1.9375,-2.2333
-5.8565,-12.7039,-1.731,-0.6046,-2.0767,-2.1429
-5.5644,-13.1301,-0.1867,-0.7897,-1.6723,-2.1099
-6.1893,-14.847,2.5905,-0.8789,-1.0792,-2.1025
-6.0767,-15.1678,2.9999,-0.8349,-0.2863,-1.948
-5.7104,-16.6211,4.4891,-0.5894,0.6721,-1.623
-6.1893,-17.6458,5.0233,0.2364,1.9152,-1.1001
-6.1893,-17.6458,5.0233,1.8381,3.0807,-0.2657
-6.388,-18.9363,3.6439,2.5815,2.9652,0.2528
-5.7128,-19.0392,1.7094,2.5815,2.9652,0.2528
-4.8889,-18.7663,-0.3375,3.127,2.4662,0.664
-3.8498,-18.2061,-1.0702,3.3341,1.9628,0.9633
-2.7269,-17.7368,-0.6129,3,1.6042,1.2919
-1.865,-16.5876,-0.0837,2.6243,1.2481,1.2559
-2.2266,-15.4862,-0.3184,2.3897,0.7197,0.9248
-2.9065,-13.9082,-1.1013,2.2407,0.1015,0.4862
-2.6982,-13.4509,-1.7645,2.0464,-0.5251,0.149
-2.2625,-12.0886,-2.1595,1.6976,-1.2429,-0.1307
-1.8722,-10.6449,-2.1164,1.4032,-1.4873,-0.273
-1.8986,-8.6194,-1.7214,1.0623,-1.6461,-0.4544
-2.0231,-8.3871,-1.549,0.7459,-1.7524,-0.6432
-2.6312,-7.8628,-0.8667,0.4625,-1.9576,-0.7794
-3.1771,-7.4462,-0.7278,0.1967,-2.1965,-0.8533
-2.9496,-6.5628,-0.6272,-0.0811,-2.5288,-0.78
-2.9496,-6.5628,-0.6272,-0.4428,-2.9869,-0.5094
-3.3566,-6.8022,-0.8523,-0.4428,-2.9869,-0.5094
-3.5482,-7.5396,-1.2042,-0.6107,-3.0865,-0.3964
-5.3633,-7.8125,0.1604,-0.8288,-3.056,-0.2871
-5.3633,-7.8125,0.1604,-1.4476,-1.8324,-0.3255
-6.2491,-7.9155,1.4844,-1.9003,0.2554,-0.4404
-5.8325,-7.7072,3.0502,-1.8942,1.9341,-0.3927
-5.1693,-7.1781,3.517,-1.6095,2.7459,-0.2541
-4.8267,-6.6274,4.1323,-1.0854,2.8394,-0.1667
-4.973,-5.8876,2.7413,-0.4721,2.4772,-0.1258
-7.4438,-4.9922,0.6416,0.4502,1.9616,-0.1301
-6.6442,-4.3957,0.2873,0.7538,2.1204,0.0274
-5.9929,-4.1108,0.9337,0.8186,2.3037,0.4257
-5.155,-4.2592,1.2593,0.7801,2.1992,0.8002
-4.9371,-4.9969,1.0247,0.7905,2.0673,1.0293
-3.4021,-7.2283,1.7717,0.7679,2.0147,1.2534
-3.2656,-7.5563,1.9201,0.5425,2.0728,1.747
-2.8874,-8.696,2.7748,0.2743,1.9255,1.9376
-2.4684,-9.2706,3.881,-0.0243,1.4491,2.017
-1.9416,-9.7399,5.9618,-0.2461,0.9017,2.0714
-1.9416,-9.7399,5.9618,0.0055,0.2689,2.2333
-2.1116,-9.7447,6.1605,0.0055,0.2689,2.2333
-2.4708,-9.4861,5.2555,0.4099,0.1919,2.3139
-4.0677,-11.1189,1.7812,0.8504,0.0215,2.3903
-4.1443,-11.3344,1.4748,1.2089,-0.2496,2.4892
-4.525,-13.2162,-0.802,1.4453,-0.5019,2.6829
-3.9145,-15.1726,-3.79,1.4514,-0.5581,2.9083
-4.8291,-17.2364,-5.7368,1.0739,-0.1501,3.0512
-4.6184,-18.1486,-5.641,0.5577,0.0288,2.9571
-5.2675,-17.7152,-3.9671,-0.0561,0.1528,2.7598
-6.297,-16.5493,-2.5091,-0.6297,0.5413,2.4422
-6.4598,-15.1918,0.7206,-1.05,1.0355,2.2253
-6.2395,-14.5905,2.3894,-1.2375,1.2139,2.116
-7.0464,-13.9393,2.7246,-0.9467,0.8846,1.9572
-7.0464,-13.9393,2.7246,0.1961,-0.786,1.5589
-3.6535,-9.692,-0.2202,0.1961,-0.786,1.5589
-3.0262,-9.5004,0.316,-0.2778,-0.1409,1.7366
-0.9888,-8.8061,-0.2226,-0.9974,0.3807,1.9657
0.2944,-8.6242,-1.8363,-1.1507,-0.9906,1.9437
1.6615,-8.4374,-0.9935,-1.2332,-1.519,1.8551
1.7908,-8.3105,-0.7924,-1.4452,-1.2973,1.7281
2.0015,-7.5133,-0.0287,-1.5533,-0.7469,1.5369
2.1547,-6.9434,0.0933,-1.5026,-0.2087,1.309
2.7006,-6.151,0.6919,-1.4152,0.3678,1.0891
2.7078,-6.1079,0.7015,-1.3884,1.1546,0.7599
2.8562,-5.8421,1.1109,-1.3218,1.3727,0.4324
2.9089,-5.8469,1.4652,-1.265,1.3965,0.0427
2.3175,-6.6944,1.2378,-1.2002,1.2163,-0.3952
1.2378,-7.2451,1.1611,-1.1391,0.9268,-0.8808
0.1101,-7.7623,1.6543,-1.0945,0.5291,-1.6572
-0.9433,-8.1214,1.7262,-0.9919,0.3165,-2.0647
-2.4875,-8.3416,2.0805,-0.8148,0.1241,-2.3805
-3.1387,-8.2291,1.8339,-0.6511,-0.0303,-2.5864
-3.9097,-7.7575,1.3455,-0.4855,-0.1574,-2.6639
-4.106,-7.372,0.735,-0.3505,-0.2887,-2.6426
-3.9791,-6.1701,0.3663,-0.2131,-0.3712,-2.4978
-3.8426,-5.8852,0.5339,-0.2051,-0.3254,-2.422
-3.3877,-5.1262,0.6368,-0.2473,-0.2099,-2.3445
-3.0238,-4.2664,0.4405,-0.232,-0.1996,-2.2534
-1.8962,-3.3111,0.8044,-0.199,-0.191,-2.1539
-1.8962,-3.3111,0.8044,-0.122,-0.0945,-1.9107
-1.4006,-3.0813,0.316,-0.122,-0.0945,-1.9107
-1.154,-3.0502,0.0837,-0.0359,-0.1678,-1.8515
-1.6232,-4.2209,0.1316,0.0367,-0.2289,-1.8356
-1.6232,-4.2209,0.1316,0.0941,-0.2753,-1.8704
-2.4875,-5.6865,0.134,0.1301,-0.2979,-1.9266
-3.3997,-7.4103,0.1436,0.1631,-0.3266,-1.9901
-4.683,-9.5938,-0.0909,0.1747,-0.4054,-1.9847
-5.7511,-10.8891,-0.6416,0.1747,-0.6345,-1.9468
-6.6777,-12.7278,-1.2018,0.1387,-0.9686,-1.8631
-7.1805,-13.8794,-1.1659,0.0391,-1.2221,-1.7415
-6.3281,-13.5442,0.0622,-0.2406,-1.282,-1.5656
-5.8876,-13.3479,0.4668,-0.3939,-1.2826,-1.4007
-5.5596,-13.4365,0.711,-0.389,-1.3211,-1.2278
-5.1933,-13.9632,0.9911,-0.2705,-1.3205,-1.0702
-4.841,-14.4756,1.5586,-0.1147,-1.1415,-0.9028
-4.9012,-14.5115,1.5634,0.0892,-0.8,-0.7764
-5.0089,-14.569,0.8619,0.5205,-0.4042,-0.7165
-5.3226,-14.8422,0.1604,0.8198,-0.2955,-0.6798
-4.8865,-15.0601,0.8212,1.033,-0.0597,-0.5699
-4.8482,-15.0816,0.7709,1.2138,0.0368,-0.4276
-5.1598,-15.1535,0.0454,1.4527,-0.2863,-0.3469
-5.0927,-15.5293,-0.4309,1.6371,-0.6577,-0.2638
-4.7429,-16.9228,-2.6096,1.6909,-0.9674,-0.0171
-4.8027,-16.9826,-2.6408,1.6268,-1.0291,0.0952
-4.4412,-17.3753,-3.9193,1.5858,-1.1348,0.1087
-4.8386,-17.0904,-3.6583,1.4734,-0.9424,0.0855
-4.5681,-15.9268,-2.2457,1.1827,-0.9112,0.0549
-4.2521,-14.8518,-1.8243,0.7575,-0.8251,0.1563
-3.4668,-13.3024,-1.4006,0.617,-0.6968,0.2211
-2.1978,-12.2945,-1.7932,0.4802,-0.4867,0.2919
-1.8076,-10.8699,-0.5937,0.3067,-0.3236,0.3152
-1.8531,-10.4102,-0.3351,0.0959,-0.158,0.2376
-2.7365,-10.0391,-0.2681,-0.0567,0.0551,0.1594
-2.964,-9.9936,-0.4213,-0.2772,0.3697,0.2693
-2.1092,-10.257,0.4596,-0.4959,0.6226,0.5473
-2.1284,-10.3217,1.0127,-0.8294,0.8773,0.8295
-3.2872,-10.4246,5.1717,-1.2766,1.129,0.9627
-6.2036,-9.5866,10.8029,-1.7463,1.3581,0.868
-6.2946,-7.7551,10.0583,-1.8209,1.6421,0.6224
-5.8182,-7.5516,9.2347,-1.1178,1.7453,0.6762
-3.4907,-6.7256,6.1438,-0.0988,1.5743,0.8515
-2.0518,-5.8517,3.3111,0.8803,1.2408,0.9407
-1.2761,-4.5944,0.407,1.694,0.8883,0.8998
-1.379,-4.5226,0.1508,2.2688,0.5798,0.7874
-2.5378,-4.0485,-3.936,2.733,0.2225,0.6041
-3.4811,-3.5745,-4.9754,2.7709,0.0441,0.5345
-3.5793,-2.8778,-4.0102,2.3842,-0.2423,0.5962
-3.5793,-2.8778,-4.0102,1.3109,-0.8263,0.6927
-2.5426,-3.1627,-2.0853,1.3109,-0.8263,0.6927
-3.2489,-3.9049,-1.3048,0.7734,-0.7053,0.5876
-4.5154,-5.1765,-0.2561,0.2383,-0.0994,0.2864
-5.1071,-5.8134,0.2154,0.0574,0.1913,0.2064
-6.0624,-6.4957,0.4333,0.011,0.3831,0.2296
-6.6609,-6.637,0.4357,0.0874,0.4692,0.3017
-7.123,-6.7806,0.0885,0.2016,0.5169,0.4251
-7.1733,-6.8237,0.0454,0.3549,0.8999,0.6432
-7.1733,-6.8237,0.0454,0.416,1.7386,0.8869
-8.119,-7.3672,-1.2401,0.416,1.7386,0.8869
-7.9227,-8.8277,-1.0869,0.3195,2.0905,1.0158
-7.8604,-8.9665,-1.0175,0.0446,2.2994,1.1954
-7.3002,-10.3983,-0.0694,-0.3413,2.2799,1.4178
-6.1055,-11.9042,0.8212,-0.9149,1.8266,1.7727
-3.5673,-14.4181,2.7653,-1.2314,1.4485,2.0213
-3.5482,-14.5115,2.9544,-1.4782,1.2169,2.1954
-3.7948,-14.8949,4.5585,-1.6358,1.2212,2.2461
-4.1994,-15.1798,4.6232,-1.6553,1.3544,2.2504
-4.7022,-15.3067,4.75,-1.3645,1.2774,2.3634
-4.8554,-15.2301,5.2268,-0.9461,0.6397,2.3414
-4.8554,-15.2301,5.2268,0.2853,-1.9759,1.8429
-7.961,-15.2684,-4.1874,0.2853,-1.9759,1.8429
-4.6495,-12.0694,-2.2002,0.3934,-3.1018,1.6902
-3.4787,-10.9154,-1.3215,-0.3279,-2.4744,1.7482
-2.4827,-10.2235,-2.703,-1.0548,-1.5709,1.8515
-1.944,-10.245,-2.77,-0.8838,-1.6925,1.8283
-0.5339,-11.411,-1.1109,-0.893,-1.1775,1.8185
-0.4141,-11.6911,-0.96,-0.995,-0.3449,1.8148
0.5147,-13.0486,-0.6081,-1.1019,0.5175,1.7757
1.9249,-13.8794,0.1987,-1.1905,1.1797,1.678
3.6008,-10.9346,1.8746,-1.4635,1.7515,1.3274
3.6008,-10.9346,1.8746,-1.7457,1.4045,0.2076
2.6551,-7.7024,2.8036,-1.7457,1.4045,0.2076
2.0494,-5.6841,3.6367,-1.7671,1.0972,-0.3958
0.4596,-4.0509,5.0353,-1.6865,0.9182,-0.8539
0.3375,-4.015,4.9467,-1.3346,0.964,-1.3915
-0.5674,-4.0462,3.9336,-0.8789,1.0141,-1.6694
-1.367,-4.6016,2.6551,-0.3792,0.9848,-1.86
-2.4109,-5.878,1.3239,0.0135,0.8199,-1.9743
-3.2656,-6.7711,0.62,0.2725,0.5407,-2.0751
-4.2544,-8.1573,0.3711,0.4093,0.3031,-2.1881
-4.6758,-9.1796,0.3998,0.4111,0.0679,-2.2999
-5.404,-9.2227,-0.3184,0.3794,-0.1482,-2.3396
-5.4399,-8.7439,-0.237,0.3311,-0.3596,-2.3524
-4.6782,-7.6593,-0.1699,0.2505,-0.4555,-2.2754
-3.3399,-6.5532,-0.1556,0.2126,-0.5239,-2.1007
-2.6048,-5.3992,-0.6607,0.2676,-0.6314,-1.9058
-2.5522,-5.3106,-0.5817,0.3226,-0.607,-1.8955
-2.2505,-4.7405,-0.541,0.3348,-0.4854,-1.8967
-1.9608,-4.501,-0.7086,0.3354,-0.3706,-1.871
-2.0374,-4.4508,-0.8619,0.3415,-0.3407,-1.8582
-2.0374,-4.4508,-0.8619,0.2865,-0.3853,-1.9963
-2.5522,-4.7548,-1.0845,0.2865,-0.3853,-1.9963
-3.1771,-4.9347,-1.7717,0.2432,-0.4384,-2.0812
-3.8762,-6.0001,-1.3623,0.1705,-0.4726,-2.1471
-3.8762,-6.0001,-1.3623,-0.0249,-0.6101,-2.2876
-4.4939,-6.7064,-1.47,-0.0249,-0.6101,-2.2876
-5.4231,-7.4366,-1.6615,-0.1117,-0.7579,-2.4061
-6.5987,-8.4805,-1.209,-0.3065,-0.7951,-2.5405
-7.3169,-9.012,-1.1396,-0.466,-0.8599,-2.5185
-7.3169,-9.012,-1.1396,-0.7183,-1.2808,-2.2174
-7.7431,-9.7159,-0.9457,-0.819,-1.3779,-1.9773
-7.8125,-12.1819,-0.2274,-0.819,-1.3779,-1.9773
-6.7902,-12.8451,-0.0718,-0.9424,-1.2973,-1.4208
-5.8469,-14.4133,0.8714,-1.0066,-1.0658,-0.9065
-5.3154,-15.5246,2.3487,-1.0005,-0.7554,-0.4294
-5.0448,-17.6961,3.9169,-0.8221,-0.3614,-0.0397
-5.0448,-17.6961,3.9169,0.2865,0.9396,0.4208
-4.9826,-18.7448,4.6255,0.2865,0.9396,0.4208
-4.8482,-18.9243,3.778,1.5028,1.9897,0.6768
-4.5202,-18.242,0.1221,2.2663,2.0941,0.8735
-4.537,-18.1893,0.0047,2.7599,1.8333,1.0286
-3.869,-17.7248,-0.9744,2.8809,1.6659,1.1954
-3.0957,-17.2508,-0.9457,2.7972,1.5187,1.3964
-1.6304,-16.0297,-2.0159,2.4508,1.3348,1.3982
-1.6041,-15.8789,-1.9488,2.1588,0.9812,1.1612
-1.5155,-14.7752,-1.2737,1.8283,0.5138,0.8655
-0.9337,-13.2569,-0.7972,1.5192,0.03,0.6194
-0.1149,-11.5235,-1.1779,1.2859,-0.4121,0.4074
-0.5913,-10.415,-1.2162,1.124,-0.8104,0.1905
-1.1563,-9.3879,-1.5394,0.865,-1.3321,-0.1643
-1.4987,-8.9067,-1.4341,0.6976,-1.4421,-0.2681
-1.8986,-8.6673,-0.9792,0.5022,-1.5691,-0.2871
-1.8986,-8.6673,-0.9792,0.1589,-2.0413,-0.1563
-2.8155,-9.2371,0.0383,0.1589,-2.0413,-0.1563
-2.2457,-9.7662,-0.6751,0.055,-2.1855,0.0219
-2.9759,-10.3336,-1.8028,-0.0915,-2.0841,0.2535
-3.2848,-10.3049,-1.6472,-0.4208,-1.8947,0.2229
-4.3023,-10.0535,-0.3663,-0.9748,-1.599,0.1386
-5.2292,-9.7231,1.6376,-1.5869,-1.0743,0.0439
-6.1318,-7.4917,5.1143,-2.0194,-0.3187,0.0329
-6.1318,-7.4917,5.1143,-1.5331,2.5975,0.1966
-5.708,-6.1366,6.0983,-1.5331,2.5975,0.1966
-4.5106,-5.0185,5.4351,-0.808,3.3037,0.317
-3.529,-3.5314,3.3446,0.0636,3.4613,0.4037
-3.632,-3.4931,2.8395,0.8852,3.2365,0.4526
-5.1047,-2.9017,-1.9273,1.5718,2.9042,0.4776
-5.2579,-2.9927,-1.5035,1.9976,2.7087,0.5693
-3.2632,-3.6966,1.1133,1.5877,2.5431,0.7336
-3.8786,-4.3047,1.5993,1.0666,1.8345,0.7672
-4.9012,-5.0736,1.8411,0.7496,1.1754,0.6273
-5.969,-5.4734,2.3654,0.537,0.5016,0.6023
-6.3952,-6.4287,2.8634,0.3397,-0.271,0.8423
-6.5867,-7.032,2.5905,0.3574,-0.3419,1.1301
-7.1805,-8.0232,2.2864,0.4832,-0.0865,1.4117
-7.0775,-9.1748,2.2697,0.6072,0.2261,1.6756
-5.0592,-10.4892,0.972,0.7092,0.3966,1.962
-4.8386,-10.6449,0.7924,0.8113,0.2585,2.2046
-4.6232,-11.1165,0.1388,0.8626,-0.2509,2.3377
-4.6495,-11.9306,-0.4525,0.7483,-0.5526,2.3726
-4.0988,-13.0678,-0.5195,0.5541,-0.5422,2.4404
-4.0054,-13.2067,-0.5698,0.3525,-0.1183,2.5076
-3.9887,-13.6161,-1.3383,0.1986,0.4882,2.4911
-4.0821,-13.6592,-1.6472,0.022,1.1724,2.2247
-5.9355,-11.7989,-0.7805,-0.2705,1.1858,1.9828
-5.9355,-11.7989,-0.7805,-1.2057,0.8657,1.5906
-6.6035,-11.5618,0.4572,-1.2057,0.8657,1.5906
-6.3425,-11.5068,1.7956,-1.3981,0.6372,1.5564
-7.2762,-11.6361,-0.6057,-1.2619,0.1302,1.5143
-7.5707,-12.5866,-6.127,-0.356,-2.2172,1.3915
-7.5276,-12.0886,-6.2778,0.0092,-3.3516,1.4349
-5.8086,-10.9082,-1.8531,-0.8716,-1.5771,1.3316
-3.0478,-10.19,-3.1052,-1.5985,-0.1317,1.4581
-1.6591,-10.5946,-3.1148,-1.5521,-0.4427,1.6316
0.3088,-10.9609,-1.312,-1.6003,-0.3346,1.7116
0.9624,-10.5706,0.3878,-1.9528,0.7234,1.5937
2.7078,-9.3305,3.3662,-2.0939,0.9506,1.3597
2.9712,-8.9881,3.7158,-2.2369,0.87,1.1459
3.5745,-7.0895,4.6375,-2.3157,0.647,0.9162
3.2154,-4.9922,4.3718,-2.1416,0.4674,0.5858
1.4389,-3.359,2.1643,-1.535,0.5603,0.0183
1.1444,-3.3614,1.8842,-1.1587,0.6446,-0.2797
0.4836,-4.0509,1.7788,-0.9174,0.6287,-0.4911
-0.2944,-5.4279,0.8331,-0.7836,0.6061,-0.6976
-2.7796,-8.708,1.1468,-0.6675,0.5248,-1.0183
-2.7796,-8.708,1.1468,-0.5918,0.5933,-1.7678
-4.0797,-10.0822,1.1276,-0.5918,0.5933,-1.7678
-4.7189,-10.0846,1.4341,-0.5142,0.6042,-1.8545
-4.762,-8.9426,1.5897,-0.4715,0.6024,-1.8668
-4.7907,-8.1022,1.6591,-0.4104,0.6012,-1.8478
-4.6926,-7.2451,1.3192,-0.3157,0.5548,-1.8411
-4.2305,-6.6801,1.2066,-0.1947,0.4014,-1.7623
-3.055,-6.2707,0.5075,-0.1428,0.1999,-1.6242
-2.7724,-6.2898,0.6655,-0.0878,0.0172,-1.5045
-2.6886,-6.4909,0.2418,-0.0506,-0.1012,-1.477
-2.7533,-6.5819,-0.0718,0.0019,-0.1751,-1.5302
-3.1364,-6.3473,0.146,0.0507,-0.2344,-1.6004
-3.0813,-6.1964,-0.1699,0.1595,-0.425,-1.6688
-2.7916,-5.653,-0.8379,0.2572,-0.6345,-1.667
-2.8347,-5.1765,-1.8938,0.2774,-0.6479,-1.6792
-2.5665,-4.5106,-1.7621,0.2065,-0.4231,-1.7397
-2.3989,-4.4532,-1.2808,0.0373,0.0624,-1.7867
-2.5522,-4.4771,-0.1173,-0.0982,0.512,-1.777
-2.7796,-4.8075,0.4932,-0.0707,0.5493,-1.8784
-2.8969,-6.7758,0.2035,0.0263,0.3825,-1.904
-2.8969,-6.7758,0.2035,0.1631,0.0985,-1.9101
-3.8977,-8.3416,0.0766,0.2926,-0.3437,-1.9975
-5.3082,-9.862,-0.7086,0.361,-0.8898,-2.0842
-7.0033,-11.672,-2.4277,0.3458,-1.9601,-2.0799
-6.9123,-12.3304,-1.7046,0.1497,-2.238,-1.9327
-6.3257,-12.4956,-0.8762,-0.1618,-1.8941,-1.6737
-6.1055,-12.0934,-0.8451,-0.2943,-1.5202,-1.4147
-5.3369,-12.0862,0.1699,-0.2497,-1.1794,-1.24
-5.1262,-12.5578,0.9768,-0.1275,-0.8605,-1.1172
-5.2268,-14.3367,1.154,0.2713,-0.5484,-1.0091
-5.7583,-16.4535,0.8667,0.5858,-0.5447,-0.89
-6.5963,-18.5939,1.7741,0.7984,-0.3266,-0.6609
-6.7663,-18.7711,1.6807,0.9322,-0.1018,-0.3836
-7.5109,-19.4846,1.2785,1.1766,-0.2735,-0.1698
-6.4957,-19.5636,0.5219,1.6359,-0.7426,0.1178
-4.3813,-17.3082,-0.3327,1.8393,-0.7964,0.3512
-4.2305,-16.9467,-0.3327,1.832,-0.8849,0.4575
-3.8738,-15.7209,-0.3926,1.7648,-1.0609,0.4416
-3.4931,-15.3187,-3.5194,1.7233,-1.2973,0.4098
-2.6312,-15.3019,-2.1954,1.6726,-1.3822,0.4001
-2.6312,-15.3019,-2.1954,1.047,-0.3901,0.4159
-2.138,-14.4876,-2.7102,1.047,-0.3901,0.4159
-0.8259,-12.8499,-2.8419,0.8473,-0.0755,0.4667
0.1939,-10.3671,-2.0278,0.5089,0.4118,0.4831
0.2513,-8.9617,-1.3431,0.0666,0.8706,0.4019
-0.2154,-7.7024,-0.8116,-0.3823,1.1766,0.2205
-1.2521,-7.1733,-0.6871,-1.009,1.3049,-0.0836
-2.7078,-8.4039,0.541,-1.4397,1.1186,-0.1704
-3.4883,-9.4693,1.7381,-1.9253,0.7417,-0.1539
-6.0049,-10.2498,6.5268,-2.4329,0.2078,-0.174
-10.0104,-9.431,15.4048,-2.8679,-0.4708,-0.1875
-6.0193,-7.36,10.1325,-2.7555,-0.9808,-0.0067
-5.3226,-7.135,9.0336,-1.4464,-0.1226,0.3365
-3.2082,-6.1893,4.985,0.0287,0.8871,0.4899
-2.2002,-5.2172,2.4181,1.1888,1.3061,0.4948
-1.9393,-4.3143,0.3016,2.025,1.2634,0.4599
-1.9393,-4.3143,0.3016,3.0146,0.3874,0.4135
-2.9472,-3.9336,-2.3343,3.0146,0.3874,0.4135
-3.7086,-3.7588,-3.2944,2.9694,-0.2551,0.4654
-4.2233,-3.7756,-6.3185,2.661,-0.9479,0.5845
-4.2233,-3.7756,-6.3185,1.0892,-1.4854,0.8723
-3.8833,-4.3071,-4.2856,1.0892,-1.4854,0.8723
-4.8171,-4.9922,-3.3063,-0.1911,-0.7982,0.7006
-5.076,-6.2204,0.0311,-0.703,-0.2851,0.5283
-5.8086,-6.7998,1.8291,-0.9571,0.2078,0.3946
-6.7232,-7.19,2.885,-0.8691,0.7753,0.2388
-8.1788,-7.3074,2.9999,-0.502,1.3941,0.1545
-9.285,-6.9195,2.2984,0,1.9793,0.1948
-9.0408,-7.0655,1.7932,0.8094,2.9634,0.5754
-8.5116,-7.6617,1.0223,1.154,3.41,1.0219
-7.0775,-9.1796,-0.1651,1.2676,3.6787,1.5161
-4.7955,-12.5938,1.233,1.1161,4.0373,1.915
-4.5346,-12.9649,1.6089,0.5828,4.1118,2.1203
-4.5705,-14.5618,3.7349,-0.0939,3.391,2.1514
-4.695,-15.2061,5.9283,-0.9369,1.3562,1.9828
-4.4173,-15.8238,6.5508,-1.0616,0.3422,1.8643
-4.4723,-15.91,6.115,-0.8062,-0.0505,1.8209
-4.9132,-16.2476,3.2992,-0.3291,0.0129,1.777
-4.8314,-14.9021,1.6065,0.0654,0.0526,1.7629
-5.8852,-13.3623,0.9265,0.113,0.341,1.871
-5.8852,-13.3623,0.9265,0.0935,0.319,1.9321
-7.02,-13.0439,0.0957,0.1778,-0.2319,1.9266
-8.6433,-14.0973,-2.1332,0.3702,-1.329,1.7825
-10.4485,-17.2436,-8.0041,0.7593,-3.0358,1.6126
-10.6592,-15.1822,-5.0951,0.9548,-3.9747,1.51
-6.5652,-11.9689,-1.3024,-0.4397,-0.2344,1.342
-2.4803,-11.0543,-1.4796,-0.8814,0.9323,1.8845
0.8044,-10.6473,-2.1571,-0.7885,0.8962,2.3133
1.9943,-10.5539,-1.7812,-0.7861,0.87,2.4685
3.1866,-10.1181,-0.3136,-1.0365,1.0392,2.4043
3.7205,-9.182,-0.0143,-1.4818,1.0734,1.8399
3.6655,-7.9538,3.4021,-1.6236,0.8504,1.2956
3.4739,-7.6856,4.0342,-1.8856,0.771,0.7055
2.6024,-6.2395,6.0767,-1.973,0.7673,0.1117
1.7118,-5.0496,6.8141,-1.6706,0.7606,-0.3677
0.6751,-3.9169,3.1148,-1.1031,0.7967,-0.6884
0.5937,-3.8857,2.5761,-0.1856,0.5102,-0.9169
-0.055,-4.1132,0.7613,0.1589,0.2933,-1.0396
-1.0031,-4.7548,0.3375,0.3024,0.0447,-1.2809
-3.2393,-6.7663,-0.3112,0.3525,-0.166,-1.59
-3.3135,-6.8525,-0.3591,0.402,-0.2594,-1.8771
-3.6846,-7.5755,-0.5315,0.4417,-0.2851,-2.0354
-4.0557,-7.9346,-1.1827,0.4172,-0.5416,-2.083
-4.8075,-7.19,-1.3694,0.3446,-0.8342,-2.1001
-4.9299,-6.5053,-1.1085,0.2114,-0.9851,-2.1062
-4.4101,-5.7392,-1.1396,0.099,-0.9992,-2.0372
-3.3446,-4.9874,-1.0606,0.0465,-0.9326,-1.901
-2.2313,-4.4053,-1.379,-0.0035,-0.7396,-1.769
-2.1284,-4.3981,-1.0749,-0.0542,-0.5557,-1.7867
-2.2266,-4.5274,-0.4309,-0.1251,-0.3407,-1.8594
-2.2266,-4.5274,-0.4309,-0.1831,-0.1476,-1.9718
-2.7485,-5.2172,-0.1556,-0.1831,-0.1476,-1.9718
-2.7629,-5.2507,-0.1795,-0.2192,-0.1006,-1.9724
-2.7916,-5.3202,-0.1388,-0.2839,-0.1305,-1.9028
-2.5881,-5.2866,-0.292,-0.3163,-0.1977,-1.8368
-2.9257,-5.4111,-0.9026,-0.3627,-0.1965,-1.7928
-2.9257,-5.4111,-0.9026,-0.5283,0.1773,-1.7941
-3.0717,-5.9905,-0.4884,-0.5283,0.1773,-1.7941
-3.0813,-6.7471,0.0239,-0.601,0.5951,-1.7812
-4.7357,-8.9522,0.8355,-0.5448,0.6843,-1.8112
-4.7357,-8.9522,0.8355,-0.2112,0.6024,-1.9364
-5.8876,-10.7766,0.6033,-0.2112,0.6024,-1.9364
-6.6896,-12.1125,0.3974,-0.0041,0.5438,-1.948
-6.6633,-12.9601,1.1611,0.1008,0.724,-1.8887
-6.1893,-13.1396,1.482,0.1961,1.0117,-1.6468
-5.957,-13.3671,1.2018,0.3653,0.84,-1.4611
-5.7631,-13.4748,0.8236,0.5639,0.4637,-1.2913
-4.5992,-13.4509,1.1947,0.6976,0.1424,-1.0934
-4.343,-13.6161,1.4341,0.7257,-0.0016,-0.8613
-4.6758,-14.0734,1.482,0.8009,-0.3236,-0.6743
-5.3489,-14.8446,1.2282,0.9206,-0.6736,-0.6163
-6.1318,-16.1806,0.3232,1.033,-1.0407,-0.5015
-6.1318,-16.1806,0.3232,1.1094,-1.7921,-0.0977
-6.1198,-16.9012,0.1005,1.1094,-1.7921,-0.0977
-5.8948,-17.1885,0.0191,1.0648,-2.1256,0.1527
-5.8948,-17.1885,0.0191,1.0086,-2.5691,0.6811
-5.0736,-17.0377,-1.2066,1.0086,-2.5691,0.6811
-4.8506,-16.8557,-0.96,0.9334,-2.4231,0.7764
-4.0102,-16.4391,-0.5051,0.8668,-2.1543,0.8045
-3.2609,-14.7967,-0.8619,0.843,-1.7737,0.813
-3.2609,-14.7967,-0.8619,0.8449,-1.4695,0.7599
-2.4277,-13.1851,-0.383,0.7606,-0.935,0.686
-1.391,-11.6433,-0.225,0.6213,-0.5251,0.6921
-0.6224,-9.8452,-0.1484,0.5278,-0.2008,0.6414
-0.4453,-9.1126,-0.0622,0.4576,0.0966,0.5094
-0.6177,-8.04,-0.0191,0.3763,0.3562,0.3335
-1.1133,-7.19,-0.2896,0.2053,0.6696,0.0812
-2.3247,-7.5324,0.0311,0.0245,0.9017,0.0146
-3.3949,-8.4757,1.1109,-0.3126,1.1656,0.0629
-5.7272,-9.498,4.6902,-0.8697,1.3611,0.1276
-7.123,-9.6441,7.5516,-1.4348,1.3464,0.1099
-5.3154,-8.0591,7.8508,-1.6608,1.1351,0.1863
-4.7189,-7.7982,7.1876,-1.0249,0.7698,0.5088
-3.529,-6.5628,4.8075,-0.166,0.4485,0.645
-2.9783,-5.574,2.9688,0.6952,0.0734,0.6395
-2.7653,-4.1922,0.5458,1.3824,-0.3382,0.5687
-2.7653,-4.1922,0.5458,2.1857,-0.913,0.4159
-2.636,-3.8235,0.4548,2.1857,-0.913,0.4159
-2.6767,-3.8426,-0.3926,2.2902,-0.8599,0.4031
-3.4955,-5.2795,-0.9648,2.3201,-0.6876,0.3714
-3.5913,-5.3872,-0.9528,2.1973,-0.3321,0.3402
-4.2808,-6.2994,-0.7541,1.9548,0.14,0.3139
-4.6639,-7.0775,-0.5674,1.6885,0.5682,0.3323
-5.4135,-7.7048,-0.0263,1.3445,0.9628,0.4288
-5.6817,-7.6928,0.0335,1.1472,1.1137,0.4954
-5.9067,-7.2834,-0.1029,0.9982,1.2084,0.5613
-6.0767,-6.7016,-0.6033,0.8424,1.3037,0.6334
-5.8708,-6.0312,-0.2753,0.6494,1.421,0.736
-5.9283,-5.9403,-0.4836,0.4209,1.4356,0.8845
-5.7008,-5.8756,-0.395,0.1417,1.1229,1.1557
-5.1813,-6.4191,0.3543,-0.0298,0.7338,1.3897
-5.2244,-8.7032,0.6177,-0.1214,0.3452,1.609
-5.3106,-9.0815,0.577,-0.1227,0.162,1.7568
-5.3106,-9.0815,0.577,-0.1807,1.0447,1.6963
-7.2116,-12.5291,-0.1675,-0.1807,1.0447,1.6963
-6.9841,-13.9201,-0.0071,-0.3664,1.625,1.612
-6.9841,-14.205,0.0143,-0.7073,1.9042,1.6572
-6.8501,-15.6347,0.5003,-1.1697,1.6763,1.8264
-7.0631,-16.1351,2.4588,-1.6242,1.0257,1.981
-9.0503,-16.3984,0.0454,-1.9088,0.3135,2.0494
-9.0503,-16.3984,0.0454,-0.736,-1.3663,2.1514
-8.9905,-18.7543,-3.6966,-0.736,-1.3663,2.1514
-7.1948,-17.9762,-2.6623,-0.6437,-0.8684,2.2999
-3.8522,-16.1734,-1.0031,-1.1416,0.6372,2.3115
-1.8602,-15.4839,-0.3327,-1.5912,1.0545,2.3506
0.1316,-14.6192,0.6392,-2.0292,0.2426,2.3335
1.2832,-13.2306,1.8339,-2.2363,-0.1269,2.1453
1.7549,-11.7103,3.3494,-2.2894,-0.0358,1.8301
1.6496,-10.9848,4.2616,-2.2259,0.4558,1.4703
1.6496,-10.9848,4.2616,-1.8264,1.2829,0.7177
1.5155,-8.7942,6.3976,-1.8264,1.2829,0.7177
0.6679,-6.376,5.9881,-1.4073,0.8516,0.2015
0.5865,-6.0049,5.6673,-1.0689,0.2567,-0.1386
0.2705,-4.4101,3.9647,-0.6798,-0.3028,-0.4288
0.146,-2.8993,2.1595,-0.3212,-0.5471,-0.6493
-0.1819,-1.4628,0.383,-0.0457,-0.5575,-0.8051
-0.316,-1.5155,0.1699,0.1167,-0.4665,-0.9077
-1.1851,-1.8962,-0.5363,0.2816,-0.304,-1.0464
-1.7669,-3.1699,-0.8858,0.3293,-0.0969,-1.1514
-2.8921,-7.2355,-1.0079,0.2994,0.1504,-1.2339
-2.8921,-7.2355,-1.0079,0.1979,0.3037,-1.3188
-2.6839,-8.4973,-0.8786,0.0917,0.2597,-1.3658
-2.5306,-8.696,-0.6895,-0.0481,0.1058,-1.4294
-2.1667,-7.6928,0.2466,-0.1392,0.0997,-1.51
-1.8866,-6.7208,0.2944,-0.1917,0.1327,-1.5949
-1.6328,-5.7248,0.1268,-0.141,0.082,-1.6859
-1.3335,-5.2675,0.1053,-0.0518,0.0258,-1.7886
-1.233,-4.8338,0.4141,0.019,0.0245,-1.8912
-1.4053,-4.7213,0.3615,0.1308,-0.0138,-2.1245
-1.6687,-4.671,0.1532,0.2059,-0.1366,-2.3109
-2.1284,-4.7572,-0.2657,0.2401,-0.3058,-2.4721
-3.1579,-5.4495,-0.7326,0.2334,-0.4726,-2.6077
-3.4284,-5.4854,-1.1085,0.1802,-0.5948,-2.6926
-3.9432,-5.9044,-1.2282,0.0715,-0.8397,-2.7275
-4.3885,-6.5244,-1.3431,-0.0451,-0.9906,-2.7091
-7.19,-7.5133,-4.2832,-0.1648,-1.2209,-2.6859
-7.3337,-7.6832,-4.0414,-0.2876,-1.5019,-2.6633
-7.293,-8.2962,-2.6479,-0.5497,-1.5673,-2.5454
-6.795,-8.7295,-1.8076,-0.9088,-1.5056,-2.3127
-6.8596,-9.613,-0.8619,-1.232,-1.6033,-2.0537
-6.8596,-9.7063,-0.7924,-1.381,-1.5056,-1.9834
-7.19,-10.4222,0.0718,-1.5276,-1.1415,-1.9248
-6.941,-11.5978,1.2066,-1.6174,-0.7047,-1.7311
-6.2611,-13.3575,2.2744,-1.5704,-0.3223,-1.419
-5.7152,-14.3559,2.8538,-1.3755,0.0606,-1.0806
-3.9336,-15.7209,4.3287,-0.8826,1.0636,-0.6041
-3.2968,-16.5277,6.1294,-0.3994,2.1235,-0.3909
-3.122,-16.7815,6.0743,0.2896,3.3189,-0.2926
-3.122,-16.7815,6.0743,2.1704,3.8021,-0.1948
-5.1238,-16.6211,1.3503,2.1704,3.8021,-0.1948
-5.5356,-16.9563,-0.7781,3.0629,3.2395,0.1032
-1.9105,-17.1215,0.4213,2.7923,3.0471,0.6157
-1.403,-17.0066,0.5458,2.2236,2.1503,1.028
-1.4772,-15.9842,0.8379,1.8442,0.5963,0.992
-2.7461,-14.9523,0.7134,1.697,-0.9582,0.5131
-4.7261,-13.9273,-0.5099,1.705,-2.3058,0.0195
-4.7165,-13.8507,-0.7302,1.7813,-3.9142,-0.2718
-4.1874,-13.652,-2.7557,1.7178,-4.698,-0.2058
-3.936,-13.1947,-3.4596,1.4905,-5.0694,-0.0946
-3.4237,-11.9018,-3.5506,1.0892,-4.9191,-0.0641
-3.4189,-11.7989,-3.5122,0.6127,-4.6234,-0.0757
-3.4883,-10.9034,-2.9783,-0.0805,-3.9551,-0.0714
-3.0214,-10.336,-0.9888,-0.4739,-3.2911,-0.0177
-2.7509,-9.4286,0.0909,-0.7665,-2.6308,0.0812
-2.8347,-9.0455,-0.0071,-0.8588,-2.1543,0.1826
-2.6072,-8.593,-0.3399,-0.8636,-1.673,0.2938
-2.4013,-8.3081,-0.7709,-0.8985,-1.0884,0.4282
-2.3415,-8.8061,0.7254,-1.1123,0.3489,0.6035
-3.2321,-9.4573,2.8155,-1.3847,1.9103,0.6469
-6.2084,-9.747,6.3545,-1.5838,3.9548,0.5931
-8.8301,-8.7989,12.0191,-1.5429,6.1326,0.5522
-7.7144,-5.8613,12.3807,-1.3438,7.4856,0.6151
-7.1876,-5.4518,11.5164,-0.9046,5.6677,0.7855
-5.4854,-4.4268,7.2212,0.2804,2.796,1.1355
-4.7141,-4.0797,3.8426,0.9927,0.1375,1.35
-4.7141,-4.0797,3.8426,1.6866,-2.4921,1.7201
-3.5218,-5.4518,1.9081,1.6866,-2.4921,1.7201
-3.5146,-6.479,0.7685,1.8577,-2.7884,1.8264
-2.8371,-7.451,0.6177,2.069,-2.3981,1.9547
-2.8371,-7.451,0.6177,2.0971,-0.7371,2.1801
-0.9097,-8.684,0.644,2.014,0.2255,2.1893
-0.3926,-9.2107,0.7541,2.014,0.2255,2.1893
-0.2322,-9.7255,0.7661,1.8668,1.0593,2.0873
-0.4644,-10.1062,0.7589,1.6848,1.6103,1.9071
-0.8906,-10.02,0.9409,1.4447,1.848,1.5473
-1.7549,-9.3472,0.4548,1.3152,1.6531,1.3329
-2.9688,-8.5619,-0.0622,1.2205,1.2866,1.1765
-5.2603,-7.7192,0.9576,1.099,0.9524,1.0806
-6.297,-7.6425,1.3623,0.9353,0.7759,1.0647
-6.297,-7.6425,1.3623,0.7575,1.8486,1.3976
-6.6753,-8.1836,3.687,0.7575,1.8486,1.3976
-6.1533,-9.3712,3.6846,0.8852,2.4362,1.5418
-6.1294,-9.5004,3.4141,1.0135,2.5529,1.6584
-5.8301,-10.0152,1.9776,1.08,2.2585,1.7238
-5.5979,-10.4988,0.3016,1.055,1.6366,1.7525
-7.4486,-11.6911,-2.4875,0.7428,0.4008,1.7061
-7.9155,-11.8755,-2.861,0.3959,-0.1195,1.5906
-8.8971,-12.8499,-2.9544,-0.0579,-0.078,1.4807
-8.9258,-13.6544,-2.8299,-0.5515,0.2658,1.477
-9.8117,-14.7943,-5.483,-0.8374,0.2567,1.5387
-9.7901,-14.7943,-5.483,-0.7158,-0.8379,1.4837
-8.8756,-14.1572,-8.9617,-0.3597,-1.6998,1.4343
-9.3831,-12.3543,-3.5122,-0.8673,-0.5001,1.1826
-6.7256,-9.5148,-2.9041,-1.8086,1.5315,0.9181
-4.9969,-8.5619,-2.7772,-2.1074,1.5444,1.1453
-3.3423,-8.2148,-0.2633,-2.3768,0.9958,1.375
-1.6208,-8.277,1.7501,-3.0023,0.9763,1.3432
-1.6208,-8.277,1.7501,-2.9546,0.7515,1.3005
1.2761,-8.7726,5.2771,-2.9546,0.7515,1.3005
1.5011,-8.5859,5.0927,-2.7439,0.8083,1.0592
0.6057,-7.5013,3.4979,-2.3432,0.6776,0.6621
-0.9959,-5.0831,1.5275,-1.9064,0.3178,0.1991
-1.0175,-4.8964,1.367,-1.5325,-0.0676,-0.295
-0.5554,-4.1347,0.9935,-1.3926,-0.191,-0.4123
-0.5554,-4.1347,0.9935,-1.1593,-0.144,-0.6224
-1.0726,-4.9227,-0.0574,-1.1593,-0.144,-0.6224
-1.233,-5.1837,-0.1963,-1.0414,-0.1098,-0.8295
-2.1452,-6.7687,-0.5937,-0.9797,-0.0432,-1.1667
-2.9592,-8.0208,-0.1221,-1.0292,0.0783,-1.3432
-4.2473,-9.2898,2.0973,-1.1104,0.2897,-1.4288
-4.2473,-9.2898,2.0973,-1.1526,1.0685,-1.375
-4.4532,-9.091,3.3446,-1.1526,1.0685,-1.375
-3.4021,-8.5859,4.0653,-1.0322,1.476,-1.2913
-1.6687,-7.633,4.5346,-0.7195,1.7343,-1.1319
-1.0175,-7.1422,4.3622,-0.4476,1.5749,-1.0897
-0.7709,-6.8381,3.62,-0.1514,1.2359,-1.1081
-0.9097,-6.9315,2.9616,0.1417,0.8449,-1.1808
-1.8363,-7.7431,2.0087,0.4087,0.4925,-1.317
-2.4827,-8.1932,1.6519,0.697,0.1669,-1.6181
-3.5817,-8.9833,0.893,0.8216,0.0019,-1.8026
-4.446,-9.3664,-0.6177,0.8888,-0.1091,-1.9242
-3.7972,-8.8349,-0.6751,0.8882,-0.1769,-1.9645
-3.608,-8.6337,-0.6081,0.8058,-0.1275,-1.9248
-2.8706,-7.5827,-0.5841,0.7544,-0.1201,-1.8857
-2.4756,-6.5556,-0.4955,0.796,-0.3052,-1.9859
-2.5091,-5.6601,-0.4237,0.8369,-0.4683,-2.1575
-2.5091,-5.6601,-0.4237,0.8675,-0.684,-2.5289
-2.6623,-5.6817,-0.2873,0.8675,-0.684,-2.5289
-3.3159,-5.957,-0.6703,0.8962,-0.8886,-2.6749
-4.7117,-7.1709,-1.2018,0.9017,-1.1672,-2.7757
-4.8099,-7.281,-1.1971,0.8265,-1.6021,-2.8105
-5.6865,-8.4063,-1.1683,0.7227,-1.9197,-2.7666
-6.4478,-9.4238,-1.0917,0.5852,-2.2747,-2.6749
-7.3696,-11.0902,-1.118,0.4502,-2.6119,-2.5546
-7.9801,-12.1221,-1.7357,0.3134,-2.8831,-2.433
-8.3584,-13.5754,-1.2904,0.0648,-3.0865,-2.2528
-8.4278,-14.3607,-0.9433,-0.1251,-2.9326,-2.0983
-7.9993,-15.0242,0.0598,-0.2552,-2.6852,-1.9046
-7.5803,-15.2013,0.9361,-0.3206,-2.362,-1.6468
-7.0488,-15.2444,0.6272,-0.2974,-2.0645,-1.3573
-6.4143,-15.1391,0.4525,-0.1398,-1.9582,-1.0946
-5.2843,-15.4958,0.7062,0.0697,-1.6461,-0.7562
-5.0712,-15.4886,0.881,0.154,-1.2209,-0.5534
-5.1861,-15.4455,1.0845,0.2401,-0.6162,-0.372
-5.8134,-15.2947,0.3471,0.4179,-0.1214,-0.2736
-5.8134,-15.2947,0.3471,1.0391,0.7344,0.1007
-5.3417,-14.8997,0.0526,1.2303,1.074,0.3103
-4.5968,-14.5642,-0.8427,1.2303,1.074,0.3103
-3.5003,-13.9896,-1.5682,1.3861,1.3489,0.4508
-2.5187,-13.4197,-1.3599,1.3012,1.6769,0.5522
-2.5163,-13.4197,-1.288,1.0196,1.9836,0.5772
-2.8874,-12.9194,-0.5386,0.661,2.1888,0.5015
-3.2345,-12.1365,-0.3495,0.237,2.1259,0.331
-3.1028,-10.585,-0.2992,-0.0109,1.8669,0.3274
-2.8802,-9.6441,0.0311,-0.3334,1.4607,0.4404
-2.3223,-8.6912,0.7757,-0.7268,0.9579,0.6249
-2.3104,-8.2052,1.7573,-1.111,0.3874,0.7965
-4.094,-8.2243,4.1228,-1.4348,-0.1989,0.8881
-5.5859,-8.4135,5.8589,-1.7353,-1.0016,0.9169
-7.5228,-8.3823,8.4015,-1.8038,-1.1085,0.9291
-6.9937,-8.052,8.1429,-1.5997,-0.5887,1.0396
-4.4651,-7.0943,4.9036,-1.0011,0.2127,1.2651
-4.0198,-6.9171,4.4627,-0.2222,0.6824,1.4734
-3.0454,-6.0911,2.7054,0.8846,0.694,1.6365
-2.4372,-5.5931,1.5729,1.4325,0.5108,1.6542
-1.8195,-5.0137,-0.1795,1.8125,0.3959,1.6285
-1.8195,-5.0137,-0.1795,2.011,-0.0132,1.579
-1.4508,-5.2028,-0.7206,2.011,-0.0132,1.579
-0.8427,-5.5332,-0.7972,1.8864,-0.1623,1.5552
-0.3016,-7.0224,-0.735,1.5657,0.0142,1.557
-0.3208,-7.1445,-0.7086,1.2938,0.2054,1.5076
-0.6416,-8.4015,0.0095,0.9689,0.3929,1.4062
-1.4101,-9.3209,1.221,0.6121,0.6409,1.2632
-3.2944,-10.0607,3.2034,0.2554,0.9305,1.0928
-3.2944,-10.0607,3.2034,-0.0011,1.2939,0.8155
-5.629,-10.4342,5.0831,-0.0011,1.2939,0.8155
-6.1103,-10.269,3.9624,0.3048,1.0044,0.8827
-5.8996,-9.3688,0.6799,0.7514,0.5126,1.0366
-5.9259,-9.2083,-0.9145,1.1326,-0.0377,1.2382
-5.8924,-8.9258,-2.1092,1.2944,-0.516,1.466
-5.2579,-9.1844,-1.2737,1.157,-0.7927,1.8216
-4.7931,-10.4246,-0.7062,1.0318,-0.4799,1.9572
-4.8267,-10.6999,-0.6727,1.0037,0.2982,1.9578
-5.0137,-12.079,-0.7374,0.9957,1.3202,1.8466
-5.6506,-13.3671,-1.1468,0.8919,2.2487,1.6536
-7.858,-14.7656,-0.9504,0.5938,2.8748,1.4135
-8.1836,-14.8614,-0.8044,-0.279,2.9378,1.1398
-8.9234,-14.6623,0.3447,-0.8508,2.2737,1.1465
-9.2826,-14.636,2.1715,-1.1562,1.2487,1.2675
-10.3552,-15.9795,-3.0382,-1.017,0.176,1.4196
-10.4078,-15.9986,-3.6008,-0.3175,-1.0829,1.5076
-10.4078,-15.9986,-3.6008,-0.1923,-0.031,0.9682
-10.2498,-13.1947,-0.9528,-0.1923,-0.031,0.9682
-4.4053,-11.0136,-0.2753,-0.7903,0.3471,1.0971
-1.3239,-10.585,-0.5434,-0.9644,-0.7328,1.6126
1.0031,-10.1469,-0.1987,-0.9791,-1.169,1.9602
2.2912,-9.5579,0.4596,-1.0341,-0.676,2.1032
3.4931,-7.3959,0.6368,-1.0921,0.3807,2.083
3.9384,-6.2922,1.1827,-1.0646,0.8474,1.9413
4.5896,-5.2627,2.1835,-1.174,1.2524,1.7507
4.7309,-4.0462,2.9113,-1.2576,1.4753,1.455
3.7325,-3.359,2.9424,-1.1532,1.4833,0.9486
3.2728,-3.5314,2.5378,-0.8288,1.3025,0.0152
1.5562,-4.4436,1.6184,-0.593,1.0068,-0.6035
0.2346,-5.3106,1.0342,-0.433,0.633,-1.0867
-1.7094,-5.8086,0.4764,-0.3145,0.2939,-1.4886
-1.8339,-5.7846,0.3926,-0.2051,0.0025,-1.8106
-2.1667,-5.5117,-0.0885,-0.1269,-0.2325,-2.0011
-2.4947,-5.2172,-0.1101,-0.061,-0.4415,-2.1355
-2.8634,-5.1574,0.1939,-0.0701,-0.4598,-2.2094
-2.8538,-5.1645,0.1963,-0.064,-0.4812,-2.2553
-2.9448,-5.3082,0.043,-0.0176,-0.5667,-2.2602
-3.1771,-5.4566,-0.4333,0.041,-0.6717,-2.2638
-3.3542,-5.4614,-0.9888,0.0599,-0.7768,-2.2919
-3.2656,-5.4231,-1.8698,-0.0048,-0.7628,-2.3145
-3.5098,-5.1238,-1.9201,-0.1239,-0.651,-2.3273
-2.8227,-4.8913,-1.0773,-0.3255,-0.3981,-2.3017
-2.3415,-4.6208,-0.9816,-0.4647,-0.2551,-2.2253
-2.229,-4.5489,-0.6703,-0.5014,-0.2722,-2.2101
-2.296,-4.5513,-0.4357,-0.5472,-0.2637,-2.2846
-2.7557,-4.9132,-0.213,-0.5692,-0.1678,-2.3701
-3.5793,-6.2755,0.4429,-0.5851,0.0068,-2.4764
-3.8115,-6.6154,0.4357,-0.5686,0.1003,-2.5583
-4.592,-7.6114,0.2513,-0.4965,0.03,-2.6254
-5.5165,-8.5811,0.2753,-0.4049,-0.1269,-2.6884
-7.4079,-10.0942,-0.2202,-0.3267,-0.2997,-2.7378
-7.5372,-10.2379,-0.3327,-0.2876,-0.4543,-2.6774
-7.7814,-10.6808,-0.5602,-0.276,-0.6815,-2.499
-7.6569,-10.8484,-0.3184,-0.3126,-0.9418,-2.2522
-6.4167,-10.6281,0.4979,-0.3786,-1.1684,-1.9981
-6.3281,-10.6329,0.5602,-0.4318,-1.4518,-1.6175
-6.1342,-10.937,0.7757,-0.4024,-1.5966,-1.3683
-5.9762,-11.4493,1.063,-0.3157,-1.7505,-1.1246
-5.9331,-12.3902,1.3311,-0.2033,-1.8623,-0.8338
-5.8804,-12.893,1.2042,-0.0414,-1.9381,-0.5247
-5.9642,-13.5371,1.0534,0.1631,-1.9943,-0.2138
-6.0336,-14.0063,0.8571,0.4991,-1.9014,0.2345
-5.4351,-14.4924,0.4309,0.7202,-1.7432,0.5497
-5.325,-14.9045,0.0095,0.9218,-1.5697,0.8521
-4.7189,-15.6993,-0.5291,1.0886,-1.3938,1.0897
-4.5274,-15.8454,-0.3423,1.1723,-1.067,1.2809
-3.9264,-15.5485,-1.6711,1.2169,-0.4164,1.3738
-3.7565,-15.436,-2.0231,1.3128,-0.092,1.3396
-3.8139,-14.4612,-3.5458,1.3867,0.2835,1.2822
-3.6008,-13.5826,-2.4253,1.314,0.7728,1.1954
-3.9504,-11.0088,-2.3918,1.135,1.3165,1.1404
-4.0174,-10.6114,-2.6575,1.0006,1.6482,1.0818
-3.9432,-9.6178,-3.5386,0.5865,2.1155,1.0946
-4.7788,-10.4964,-2.5881,-0.2216,2.7386,1.1838
-11.8659,-13.6951,7.4654,-1.389,3.4271,1.094
-12.2705,-13.6903,8.0735,-2.5698,4.0605,0.769
-13.4605,-12.1772,11.1285,-3.0799,4.7172,0.4721
-11.15,-9.5507,9.1892,-2.6003,5.0294,0.466
-6.8381,-6.0217,3.4907,-0.8282,4.479,0.981
-6.8381,-6.0217,3.4907,0.3293,3.2633,1.6664
-3.6607,-2.5426,-2.0111,0.3293,3.2633,1.6664
-3.0526,-1.6855,-1.9776,-0.0603,2.713,1.689
-3.1124,-1.2306,0.6751,-0.7854,1.8553,1.5186
-3.0166,-1.0295,2.1212,-1.7372,0.5438,1.2082
-2.8969,-1.2617,4.3598,-1.9479,-0.0389,1.0946
-2.6623,-1.5753,5.2747,-1.7506,-0.1043,1.0751
-3.8331,-3.5051,4.3909,-1.1709,-0.1763,1.16
-4.1946,-4.0725,4.1108,-0.3523,-0.7194,1.3487
-6.0097,-7.1278,2.7174,0.5455,-1.7817,1.725
-7.3002,-12.8643,-0.6368,1.8314,-3.5239,2.6871
-4.6639,-27.5102,-12.5818,2.6286,-4.3003,3.4581
-5.1717,-28.6594,-13.3814,2.8485,-4.1659,3.8533
-11.49,-27.2038,-13.7094,1.8613,-2.8116,3.1789
-11.2841,-18.819,-8.6337,0.3323,-1.3455,1.7916
-8.0328,-11.2722,-3.2632,-1.604,-0.6834,1.014
-8.0184,-11.0639,-3.1076,-2.0493,-0.5374,0.9944
-7.7934,-10.166,-1.2737,-2.1043,-0.1525,0.9511
-8.4518,-10.1205,0.1197,-2.0011,1.0459,0.912
-7.609,-10.8029,0.0861,-1.7469,3.187,0.8735
-7.3217,-11.8899,1.0486,-1.3945,5.4441,0.9083
-6.9746,-12.7015,3.4979,-1.7451,5.4625,0.9431
-7.5923,-13.0415,5.3417,-2.1629,3.0447,0.9859
-7.3361,-12.3902,7.3074,-2.1611,0.7228,1.08
-6.7351,-11.7414,6.2635,-1.5692,-0.0224,1.2657
-6.115,-10.8149,3.3662,-0.5655,0.3153,1.4165
-6.1629,-10.427,1.5562,0.3042,0.5041,1.4282
-7.5707,-8.9426,0.3208,0.785,-0.0584,1.2528
-7.7694,-8.435,0.5195,0.7801,-0.5587,1.0861
-7.9227,-6.6753,0.6033,0.752,-0.8025,0.9633
-7.4917,-5.0688,-0.2059,0.8785,-0.9918,0.9144
-3.7277,-3.2992,-5.131,1.1032,-1.3144,0.995
-3.1699,-3.0502,-5.5883,1.4111,-1.8837,1.3151
-1.5227,-2.1356,-6.285,1.405,-1.8605,1.4813
-0.3303,-1.1444,-5.8014,1.1515,-1.3089,1.5577
1.1348,0.2968,-3.122,0.7196,-0.7664,1.6316
1.1348,0.2968,-3.122,0.1766,-0.4854,1.7373
1.8052,0.5339,-2.6384,-0.2961,-0.3168,1.8283
2.5737,0.462,-1.8028,-0.7079,0.2481,1.8063
2.9544,-0.0694,-0.9648,-0.8429,0.9152,1.6175
2.9544,-0.0694,-0.9648,-0.7451,1.2768,0.6261
-0.632,-1.3551,-2.047,-0.7451,1.2768,0.6261
-3.6535,-4.3646,-4.0892,-0.6633,0.928,0.0836
-8.2746,-8.131,-5.5811,-0.6566,0.3165,-0.554
-9.5675,-8.7151,-4.3287,-0.8618,0.4069,-0.7935
-9.5771,-7.6761,0.7278,-1.1214,0.8804,-0.8332
-8.1956,-5.4518,3.2872,-1.1355,1.0557,-0.7263
-3.6535,-4.2185,0.9864,-0.8429,0.7111,-0.5778
-3.4356,-4.2928,0.9145,-0.4788,0.3135,-0.4715
-3.5577,-4.7046,-0.0359,-0.1147,-0.1721,-0.5876
-3.9959,-5.483,-1.6543,0.0874,-0.4922,-0.813
-3.9671,-7.6832,-2.0877,0.212,-0.5789,-0.995
-4.1012,-7.9897,-2.1236,0.2541,-0.5086,-1.1624
-4.6327,-9.0791,-2.0422,0.2737,-0.3517,-1.4086
-5.3393,-9.4478,-2.7581,0.2383,-0.0926,-1.642
-6.5125,-9.2443,-4.4627,0.168,0.1931,-1.8674
-6.5891,-9.2012,-4.5058,0.0355,0.2518,-1.8857
-6.625,-8.8588,-3.9336,-0.1471,0.3251,-1.8875
-6.2324,-8.2938,-2.5306,-0.309,0.4405,-1.9358
-6.3569,-7.8341,-1.9105,-0.3963,0.5517,-2.0024
-6.151,-7.6497,-1.4891,-0.3859,0.7356,-2.0567
-5.7032,-7.5755,-0.4668,-0.3627,0.881,-2.0195
-5.7008,-7.5563,0.3016,-0.3236,0.8987,-2.0115
-6.2084,-7.5156,0.3471,-0.2412,0.7252,-2.0451
-6.5747,-7.5731,0.3375,-0.1269,0.512,-2.0885
-6.9602,-7.6473,0.3184,0.008,0.3904,-2.105
-6.9458,-7.937,0.1484,0.2853,0.4283,-2.0079
-7.5516,-8.7726,-1.6879,0.5425,0.4387,-1.9278
-7.5851,-8.9354,-1.9273,0.8125,0.4466,-1.8955
-7.7335,-9.9913,-2.9592,1.0037,0.5181,-1.8527
-7.7479,-10.8364,-3.2154,1.08,0.5994,-1.7385
-6.7423,-11.2817,-3.8115,1.0141,0.5468,-1.4202
-6.4814,-11.1836,-3.8043,0.9133,0.4338,-1.1319
-5.4782,-10.688,-2.7892,0.799,0.3434,-0.8662
-4.9946,-10.336,-2.4468,0.7184,0.239,-0.7
-4.7788,-10.4557,-1.1971,0.7257,0.0807,-0.6194
-4.7764,-10.4629,-1.1468,0.7337,0.038,-0.5962
-4.8602,-10.609,-0.8619,0.7551,0.0777,-0.5882
-4.8099,-10.6233,-0.9959,0.8003,0.0697,-0.5693
-4.592,-10.7263,-1.0247,0.8479,0.0423,-0.5332
-4.7117,-10.7837,-1.0199,0.8919,0.0276,-0.5082
-4.9922,-10.9082,-1.3862,0.9371,-0.0792,-0.5106
-4.9682,-10.8292,-1.6352,0.9634,-0.2625,-0.4923
-4.7405,-10.3121,-1.9321,0.9658,-0.4201,-0.3732
-4.5178,-9.9625,-1.9728,0.9597,-0.5044,-0.2467
-4.1587,-9.3209,-2.0063,0.9353,-0.5484,-0.1282
-3.9743,-8.7104,-2.4947,0.9145,-0.5691,-0.0604
-3.8474,-7.4869,-2.6455,0.8711,-0.5991,-0.0488
-3.7972,-7.1805,-2.624,0.7367,-0.4268,-0.1136
-3.8522,-6.613,-2.8107,0.584,-0.4164,-0.1527
-4.0174,-6.23,-3.2225,0.4124,-0.5636,-0.1887
-6.1079,-7.4271,-2.3175,0.2126,-0.709,-0.218
-6.3497,-7.803,-2.2888,-0.0084,-0.7909,-0.2247
-8.4183,-9.4262,-1.9512,-0.1825,-0.8355,-0.196
-8.9737,-11.1979,-1.051,-0.3132,-0.6693,0.1233
-7.1709,-12.4573,0.1197,-0.3249,-0.4097,0.4477
-7.1709,-12.4573,0.1197,-0.2772,-0.111,0.7678
-5.6218,-12.4262,0.2681,-0.1721,0.1021,1.0861
-4.1539,-12.17,0.3256,-0.0677,0.1492,1.3384
-2.9161,-11.4493,-0.0478,0.0727,0.0807,1.532
-2.3822,-10.9441,-0.1484,0.1393,0.0331,1.5234
-1.865,-10.0894,-0.2825,0.1747,0.0624,1.4453
-1.5682,-9.4765,-0.62,0.1906,0.1137,1.3329
-1.7094,-9.1916,-0.5985,0.1839,0.1663,1.2034
-1.9464,-9.3328,-0.4118,0.1399,0.2096,1.0519
-2.5163,-9.9745,0.2633,0.0416,0.1791,0.8374
-2.6312,-10.5419,0.7589,0.0086,0.1235,0.6713
-4.1994,-8.3943,-0.0047,0.0489,0.0508,0.4514
-4.6495,-8.1405,-0.1388,0.1515,-0.0609,0.1154
-5.8277,-7.8125,-0.62,0.2248,-0.1262,-0.1197
-6.7591,-7.949,-1.1109,0.3073,-0.3657,-0.1374
-6.1486,-8.4231,-1.6879,0.3256,-0.5954,-0.0067
-6.2108,-8.4087,-1.8076,0.3091,-0.7451,0.1881
-6.7806,-8.1334,-1.7621,0.2731,-0.6998,0.2541
-6.965,-7.6138,-1.3431,0.1961,-0.4262,0.196
-7.5133,-7.5851,-0.4309,0.1253,-0.0462,0.1759
-7.5659,-7.6497,-0.3687,0.0733,0.5542,0.2858
-7.5659,-7.6497,-0.3687,0.0623,0.9231,0.5717
-8.1764,-8.8396,0,0.0623,0.9231,0.5717
-7.7694,-8.9857,-0.4716,0.0727,0.7338,0.7513
-6.9865,-9.0934,-0.3782,0.0978,0.4589,0.9431
-5.7894,-9.2083,-0.2609,0.1094,0.2518,1.1319
-5.1286,-9.364,-0.7517,0.1894,0.1595,1.3084
-4.985,-9.7423,-1.2904,0.2603,0.1919,1.3274
-5.2651,-9.9865,-1.9393,0.2774,0.2493,1.2864
-6.0001,-10.111,-2.6886,0.2444,0.2725,1.2027
-6.5795,-9.8284,-2.7581,0.132,0.2774,1.1013
-7.0727,-9.3185,-3.0238,-0.086,0.2756,0.9987
-7.1374,-9.2467,-2.9688,-0.2112,0.2884,0.9596
-7.36,-8.6577,-2.782,-0.3224,0.3074,0.89
-7.518,-8.119,-2.6575,-0.4134,0.322,0.7996
-7.1038,-7.0105,-2.4013,-0.5161,0.3605,0.7428
-7.1038,-7.0105,-2.4013,-0.8245,0.363,0.8106
-6.5292,-6.5867,-1.8626,-0.8245,0.363,0.8106
-6.4598,-6.2755,-1.6879,-0.9217,0.2664,0.8546
-6.1605,-5.9451,-0.9696,-1.0121,0.1705,0.9059
-6.151,-5.9451,-0.905,-1.1129,0.1217,0.9889
-5.7008,-5.8613,-0.1699,-1.177,0.107,1.0879
-5.5309,-6.036,-0.1532,-1.0664,0.0184,1.2351
-5.6984,-6.6035,-0.5602,-0.8197,-0.1824,1.2974
-5.6865,-7.2667,-1.1252,-0.5289,-0.436,1.3322
-5.6123,-7.8341,-2.205,-0.3071,-0.717,1.353
-3.9791,-7.3337,-2.4396,-0.2454,-0.9845,1.3469
-2.3151,-6.3305,-0.2513,-0.3804,-0.9955,1.328
-2.4277,-6.1007,0.6057,-0.6926,-0.3804,1.1038
-2.8658,-5.6242,0.7829,-0.7018,-0.1989,0.9169
-3.845,-5.629,-0.3016,-0.5393,-0.4421,0.7446
-6.2898,-6.0288,-2.272,-0.3371,-0.6968,0.5662
-6.4311,-6.1701,-2.3535,-0.2485,-0.6052,0.4318
-6.4478,-6.7375,-2.138,-0.3151,-0.4189,0.4019
-5.1095,-7.1661,-1.6184,-0.5478,-0.3003,0.4642
-4.0605,-6.704,0.9265,-0.6278,-0.1733,0.5357
-4.0988,-6.6729,1.13,-0.6126,-0.0499,0.5094
-4.5298,-6.2922,1.695,-0.4806,-0.0633,0.394
-4.9993,-5.9594,1.1683,-0.2778,-0.1354,0.2687
-4.9993,-5.9594,1.1683,0.1466,-0.2539,0.0079
-4.2473,-5.6984,-0.1963,0.1466,-0.2539,0.0079
-4.2473,-5.6984,-0.1963,0.2713,-0.1837,-0.2241
-4.6208,-5.8325,-0.9624,0.2713,-0.1837,-0.2241
-4.6591,-5.8756,-0.8882,0.2767,-0.1666,-0.3408
-4.2209,-5.8732,-0.881,0.2664,-0.081,-0.397
-3.7852,-5.6314,-1.6065,0.2804,0.1534,-0.3848
-3.3566,-5.4159,-2.205,0.2871,0.2909,-0.3811
-3.6128,-5.301,-2.6288,0.2511,0.468,-0.4184
-3.8786,-5.4542,-2.7557,0.1992,0.611,-0.5296
-4.5441,-5.9283,-2.7844,0.121,0.6922,-0.6719
-5.1861,-6.4478,-2.9233,0.008,0.76,-0.8765
-6.139,-7.6449,-2.035,-0.0439,0.7551,-1.0219
-6.3592,-7.7862,-1.8076,-0.0982,0.7368,-1.2021
-7.044,-8.1597,-1.1396,-0.1269,0.7307,-1.3744
-6.9506,-8.1573,-0.723,-0.0878,0.7374,-1.444
-6.7399,-8.0112,0.4764,-0.0072,0.7722,-1.4062
-6.7399,-8.0112,0.4764,0.2407,0.5774,-1.3261
-6.9195,-8.0543,0.3327,0.2407,0.5774,-1.3261
-6.7758,-8.0807,0.0119,0.4044,0.4973,-1.2315
-5.9379,-8.4877,-0.4094,0.5736,0.5102,-1.102
-5.902,-8.4973,-0.4357,0.7355,0.487,-0.9798
-5.5955,-8.4709,-0.7158,0.8785,0.4008,-0.904
