andar
-0.9175,-3.7609,5.9097,-1.1986,-1.601,-0.4561
-0.9175,-3.7609,5.9097,-0.8141,-1.3677,-0.1579
3.0014,-8.5757,-4.9515,-1.725,-2.3873,-0.3432
4.1536,-15.2974,-8.8441,-2.3939,-2.8059,-0.3304
4.815,-21.1545,2.7476,-2.3939,-2.8059,-0.3304
4.815,-21.1545,2.7476,-1.7814,-0.5443,-0.6287
3.8902,-15.0197,2.7428,-1.5693,-0.1587,-0.5893
0.6922,-9.903,0.951,-1.58,-0.3866,-0.421
-2.6159,-5.1286,0.5964,-1.58,-0.3866,-0.421
-3.1334,-4.6519,1.1809,-1.66,-0.8436,-0.2015
-3.1334,-4.6519,1.1809,-1.7931,-1.4295,0.2511
-0.9463,-6.7456,1.3317,-1.7931,-1.4295,0.2511
-0.2537,-9.232,0.9415,-1.8826,-1.519,0.2809
0.4982,-11.0552,0.872,-1.9891,-1.5541,0.2138
1.0013,-11.9844,0.896,-2.0616,-1.6085,0.0743
1.3485,-12.3223,0.9965,-2.0573,-1.6468,-0.1067
1.3485,-12.3223,0.9965,-1.8368,-1.4103,-0.291
1.6098,-9.7901,0.582,-1.8368,-1.4103,-0.291
1.224,-8.3482,0.5389,-1.725,-1.1483,-0.2825
1.224,-8.3482,0.5389,-1.5993,-0.6348,-0.1099
0.872,-7.3373,0.237,-1.5993,-0.6348,-0.1099
1.1258,-7.3349,-0.4025,-1.5661,-0.556,-0.013
1.1258,-7.3349,-0.4025,-1.6749,-0.7477,0.0583
0.5964,-8.5086,-0.7018,-1.6749,-0.7477,0.0583
-0.0095,-9.0429,-0.436,-1.7495,-0.7872,0.0732
-0.6227,-9.3592,-0.0526,-1.7931,-0.6135,0.0881
-0.6227,-9.3592,-0.0526,-1.7654,0.0617,0.1254
-0.7688,-9.34,1.0923,-1.7654,0.0617,0.1254
-0.7688,-9.34,1.0923,-1.6195,0.132,0.1424
-0.7281,-9.141,1.9114,-1.6195,0.132,0.1424
-0.7089,-9.1841,1.8372,-1.499,0.0031,0.1701
-0.7305,-9.3496,1.5858,-1.385,-0.1001,0.2149
-0.7305,-9.3496,1.5858,-1.2412,-0.2908,0.3086
-0.661,-10.0011,1.145,-1.2412,-0.2908,0.3086
-0.661,-10.0011,1.145,-1.0953,-0.4154,0.4119
0.0981,-10.9786,1.5044,-1.0953,-0.4154,0.4119
0.4743,-11.4718,1.3174,-0.9525,-0.3781,0.446
0.4839,-11.7546,0.9103,-0.7991,-0.343,0.4396
0.3067,-11.7713,0.6634,-0.6671,-0.3493,0.3949
0.3977,-11.7354,0.7257,-0.5552,-0.3898,0.3416
0.975,-11.6732,0.9726,-0.4338,-0.3973,0.3054
1.7702,-11.7522,1.1976,-0.2729,-0.3749,0.2926
1.9378,-11.9916,1.2455,-0.0929,-0.3493,0.2862
1.1665,-12.2241,1.6696,0.0423,-0.3547,0.2585
1.1665,-12.2241,1.6696,0.1754,-0.5997,0.2106
-1.5116,-11.6947,3.2172,0.1754,-0.5997,0.2106
-1.6385,-10.9304,3.7178,0.2521,-0.6849,0.2426
-0.1604,-10.5329,3.9118,0.4066,-0.6583,0.3469
2.1511,-11.4454,3.8471,0.6836,-0.4761,0.5131
2.1511,-11.4454,3.8471,1.5006,0.0948,0.641
4.4843,-14.2027,3.5739,1.5006,0.0948,0.641
4.4316,-13.9417,3.1453,1.9139,0.3035,0.5898
4.2688,-13.0672,1.6816,2.3943,0.3078,0.5312
1.9449,-13.0121,0.6323,2.8865,0.3696,0.3917
1.9449,-13.0121,0.6323,3.4576,1.4487,-0.1334
-0.5605,-13.8531,-1.8947,3.4576,1.4487,-0.1334
-1.2384,-14.586,-3.8352,3.5151,1.8513,-0.3315
-2.4935,-15.0149,-4.0075,3.3745,1.5477,-0.5232
-3.186,-15.2591,-2.987,3.0826,0.8873,-0.5147
-3.186,-15.2591,-2.987,2.5871,0.5304,-0.1717
-3.186,-15.1202,-1.4374,2.568,0.9597,-0.1057
-2.1057,-14.1811,1.4254,2.568,0.9597,-0.1057
-2.2828,-14.0949,1.2982,2.6255,1.7065,-0.1419
-2.2828,-14.0949,1.2982,2.7064,3.1127,-0.2346
-2.6351,-13.992,1.2431,2.8311,3.3364,-0.2612
-1.9812,-12.8996,1.5188,2.8311,3.3364,-0.2612
-1.1665,-11.9054,0.8672,3.0645,3.0701,-0.3539
-1.1665,-11.9054,0.8672,3.171,1.961,-0.519
0.1173,-10.9522,-0.0742,2.8907,1.6404,-0.6457
1.2838,-10.3818,-1.3461,2.8907,1.6404,-0.6457
1.2838,-10.3818,-1.3461,2.3091,2.0132,-0.6756
0.8239,-9.165,-0.7832,2.3091,2.0132,-0.6756
0.8239,-9.165,-0.7832,2.2974,2.0345,-0.4018
0.9941,-8.3818,-0.8672,2.275,2.0633,-0.2932
0.2059,-7.1936,-1.1115,2.275,2.0633,-0.2932
0.2059,-7.1936,-1.1115,1.98,2.255,-0.2942
-0.4647,-6.3814,-1.1282,1.769,2.2935,-0.3496
-1.0229,-5.5072,-1.2527,1.5134,2.3606,-0.422
-2.2613,-3.7753,-2.0242,1.5134,2.3606,-0.422
-2.7811,-3.011,-2.4241,1.1991,2.367,-0.4753
-3.198,-2.2278,-2.5055,0.8252,2.271,-0.5137
-3.198,-2.2278,-2.5055,0.1073,1.7246,-0.585
-3.0903,-2.0027,-2.3403,-0.1653,1.3347,-0.6308
-1.7175,-3.0325,-1.435,-0.1653,1.3347,-0.6308
-1.7175,-3.0325,-1.435,-0.5605,0.5496,-0.7235
-1.411,-3.6266,-0.7688,-0.7342,0.1885,-0.7363
-0.9798,-4.4771,1.0827,-0.7342,0.1885,-0.7363
-0.9798,-4.4771,1.0827,-1.0857,-0.3462,-0.8418
-2.0769,-5.3851,3.1405,-1.0857,-0.3462,-0.8418
-2.0769,-5.3851,3.1405,-1.384,-0.67,-0.9461
-3.6122,-7.2415,5.3273,-1.384,-0.67,-0.9461
-3.6122,-7.2415,5.3273,-1.4947,-0.4058,-0.9398
-3.6385,-10.1568,7.8092,-1.4947,-0.4058,-0.9398
-3.6385,-10.1568,7.8092,-1.2306,0.5038,-0.7299
-2.9343,-13.4266,10.509,-1.2306,0.5038,-0.7299
-2.4289,-14.3897,10.655,-0.9153,1.046,-0.5371
-2.4289,-14.3897,10.655,-0.127,1.242,-0.2452
-1.854,-12.5378,9.0668,-0.127,1.242,-0.2452
-1.9449,-11.2108,8.2189,0.1914,0.7019,-0.2335
-3.1477,-11.0025,7.6536,0.4002,0.1043,-0.3049
-4.8341,-12.2265,7.0835,0.4971,-0.1842,-0.3283
-4.8341,-12.2265,7.0835,0.4588,0.3344,-0.1398
-8.2836,-16.2916,6.6546,0.3022,0.654,0.2862
-10.5401,-25.1932,1.224,0.3022,0.654,0.2862
-5.6772,-21.6959,-1.7366,0.2127,0.2844,0.7027
-5.6772,-21.6959,-1.7366,1.1491,0.2599,1.0884
0.2899,-7.038,0.4216,1.1491,0.2599,1.0884
0.2899,-7.038,0.4216,0.9445,0.2162,0.5355
4.7524,5.301,-11.5053,0.9445,0.2162,0.5355
4.7524,5.301,-11.5053,-1.0676,-1.2676,-0.7757
1.3269,-1.2,5.0209,-1.0676,-1.2676,-0.7757
1.3269,-1.2,5.0209,-0.6436,-1.421,-0.976
3.9525,-12.6698,-6.379,-0.6436,-1.421,-0.976
4.9371,-19.0033,-9.3951,-0.9493,-2.0878,-1.0388
4.9371,-19.0033,-9.3951,-2.1979,-2.3777,-0.9951
3.6314,-23.1019,-1.4829,-1.8613,-1.0311,-0.879
0.2899,-11.2539,2.8075,-1.8613,-1.0311,-0.879
-1.6289,-7.2487,0.0526,-1.4543,-0.3323,-0.8396
-1.6289,-7.2487,0.0526,-1.6312,-1.2026,-0.6457
-2.9727,-5.0065,-0.5126,-1.7314,-1.8897,-0.421
-4.422,-4.0363,1.0779,-1.6824,-2.3072,-0.1206
-2.9918,-5.0951,1.5212,-1.6824,-2.3072,-0.1206
-2.9918,-5.0951,1.5212,-1.7633,-2.5673,0.0647
0.9654,-10.1783,-0.2513,-1.7633,-2.5673,0.0647
0.9654,-10.1783,-0.2513,-2.1692,-2.4512,-0.2814
4.3047,-12.7823,-0.3546,-2.1692,-2.4512,-0.2814
3.7633,-12.6674,-0.0335,-2.1596,-2.2955,-0.519
3.1741,-10.8155,0.5437,-2.0019,-2.0995,-0.6042
2.0961,-8.8393,0.9463,-1.7548,-1.9302,-0.5137
2.0961,-8.8393,0.9463,-1.4766,-1.3549,-0.1994
0.7089,-6.8749,1.2264,-1.4766,-1.3549,-0.1994
0.6275,-7.2056,1.3174,-1.4809,-1.2559,-0.0588
0.896,-8.1181,1.1881,-1.5171,-1.3571,0.0444
1.1306,-8.9998,0.8457,-1.5299,-1.5882,0.1094
1.1306,-8.9998,0.8457,-1.5416,-1.8396,0.1126
1.2838,-9.6178,0.1221,-1.5416,-1.8396,0.1126
1.1617,-9.2969,-0.1244,-1.5491,-1.7288,0.0838
0.6634,-8.6284,-0.4887,-1.5427,-1.503,0.0466
0.3977,-8.4344,-0.5509,-1.5854,-1.2527,0.0774
0.1651,-8.3075,-0.0454,-1.6035,-1.0886,0.1254
-0.0071,-8.3913,0.661,-1.628,-0.899,0.1829
0.2633,-8.7268,1.0468,-1.6089,-0.7637,0.2553
0.2633,-8.7268,1.0468,-1.4926,-0.7541,0.3544
0.4288,-9.4382,1.1043,-1.4926,-0.7541,0.3544
0.7472,-9.9365,0.7544,-1.4681,-0.7009,0.3906
1.2791,-10.4228,0.7425,-1.4713,-0.6465,0.4194
1.8157,-10.7819,1.3844,-1.4841,-0.6114,0.4492
1.8157,-10.7819,1.3844,-1.2891,-0.5528,0.4886
2.3786,-11.048,2.4408,-1.2891,-0.5528,0.4886
2.0338,-11.3209,2.2661,-1.0963,-0.4814,0.4652
1.3006,-11.4766,1.842,-0.8971,-0.4463,0.3991
0.8577,-11.5247,1.6576,-0.732,-0.475,0.3011
1.0444,-11.599,1.7654,-0.584,-0.5347,0.2127
1.7941,-11.824,1.7558,-0.4242,-0.5944,0.1701
2.3163,-11.9653,1.921,-0.2442,-0.6444,0.168
1.8516,-11.8551,2.278,-0.0801,-0.671,0.152
1.8516,-11.8551,2.278,0.1882,-0.834,0.1083
-1.1402,-11.0719,3.4614,0.1882,-0.834,0.1083
-1.1402,-11.0719,3.4614,0.5536,-0.9917,0.2234
-0.4384,-10.1639,3.0708,0.5536,-0.9917,0.2234
1.5762,-11.5559,2.8721,0.8902,-0.866,0.4162
1.5762,-11.5559,2.8721,1.7488,-0.3089,0.5142
3.7322,-16.6127,2.5513,1.7488,-0.3089,0.5142
3.5595,-17.4246,2.7835,2.2388,-0.0841,0.3885
2.0051,-16.7564,1.8564,2.8279,0.1725,0.2713
-1.8707,-14.8302,0.4073,3.3734,0.6593,-0.0002
-4.3574,-12.9212,-1.0444,3.6962,1.0471,-0.2516
-4.8605,-12.181,-3.1597,3.8187,1.0556,-0.3475
-5.3226,-13.5368,-4.616,3.726,0.6636,-0.4125
-5.4881,-15.9417,-3.7969,3.4107,0.0362,-0.3922
-5.2268,-17.3744,-1.4278,3.0805,-0.279,-0.1664
-4.3215,-17.2307,0.5701,2.9461,-0.0649,0.0615
-4.3215,-17.2307,0.5701,3.0645,1.8268,0.1051
-2.7979,-15.6281,0.2059,3.0645,1.8268,0.1051
-2.7979,-15.6281,0.2059,3.0698,3.1478,0.0348
-2.3116,-14.9359,1.1043,3.2637,2.9444,0.0753
-2.6375,-13.2471,1.0995,3.2637,2.9444,0.0753
-1.672,-11.6947,0.2729,3.4128,2.4277,0.2117
-0.5964,-10.1927,-1.0013,3.4075,1.879,0.348
0.776,-9.0931,-1.8133,3.2711,1.4838,0.38
0.896,-8.5781,-2.0697,3.0441,1.3848,0.3746
0.4887,-8.2836,-2.0171,2.8268,1.5222,0.3491
-0.1604,-7.8188,-1.8994,2.7075,1.6042,0.3928
-0.1604,-7.8188,-1.8994,2.5765,1.307,0.6282
-1.0708,-7.0763,-1.37,2.4795,1.1589,0.7219
-2.0793,-5.7849,-0.6467,2.4795,1.1589,0.7219
-2.0793,-5.7849,-0.6467,1.9139,1.1589,0.707
-2.3451,-3.9788,-0.1508,1.9139,1.1589,0.707
-2.2876,-2.9894,-0.2274,1.5187,1.2164,0.609
-1.684,-2.2325,-0.4958,1.0809,1.2612,0.5291
-1.3628,-2.0242,-0.8529,0.6441,1.2143,0.4737
-1.3628,-2.0242,-0.8529,-0.0833,0.9778,0.2969
-0.5102,-2.223,-1.4853,-0.0833,0.9778,0.2969
-0.4336,-2.3283,-1.2623,-0.4007,0.7552,0.1073
-0.3714,-2.5273,-0.6084,-0.7224,0.4836,-0.1121
-0.3714,-2.5273,-0.6084,-1.2796,-0.0862,-0.5424
-0.3402,-2.9152,0.1891,-1.4777,-0.3547,-0.7246
-0.5701,-3.538,1.1546,-1.6014,-0.5965,-0.8705
-1.6576,-4.5154,4.3646,-1.6014,-0.5965,-0.8705
-2.5585,-5.0257,6.2521,-1.6344,-0.8074,-0.9877
-3.5859,-5.8232,7.8332,-1.5821,-0.9555,-1.0548
-4.6495,-7.0572,9.1769,-1.4596,-0.9949,-1.0804
-5.2483,-8.8489,10.1663,-1.3126,-0.8947,-1.0548
-5.0281,-10.928,10.1903,-1.1698,-0.5848,-0.9888
-4.1081,-13.0385,9.8718,-1.0804,-0.0958,-0.9014
-3.0541,-14.5549,9.97,-1.0452,0.4889,-0.7927
-2.9894,-14.6555,10.2645,-0.9674,1.0354,-0.6372
-3.2411,-13.2662,10.2645,-0.7597,1.2676,-0.4497
-3.2411,-13.2662,10.2645,-0.0343,0.3962,-0.2548
-3.4518,-11.0576,9.3233,0.3278,-0.2428,-0.2537
-6.039,-9.9389,8.1372,0.3278,-0.2428,-0.2537
-10.0059,-13.0457,5.9768,0.6569,-0.5475,-0.2111
-10.0059,-13.0457,5.9768,0.6995,-0.0873,0.3832
-15.4797,-28.6834,1.4805,0.6995,-0.0873,0.3832
-15.4797,-28.6834,1.4805,0.9616,-0.1842,1.4132
-4.8844,-28.2761,7.3852,1.3216,-0.0479,1.2481
3.3153,-15.7023,-3.4231,0.5515,0.2141,0.8678
5.9433,6.6786,-11.0815,0.5515,0.2141,0.8678
5.9433,6.6786,-11.0815,-1.0026,-1.4263,-0.2111
4.4101,4.3239,-6.3551,-0.9483,-1.3389,-0.4114
0.4001,-0.2274,6.7336,-0.5999,-0.5816,-0.405
4.065,-10.2645,-5.7562,-0.5999,-0.5816,-0.405
4.065,-10.2645,-5.7562,-1.5618,-2.9348,-0.7352
6.5996,-14.9766,-9.4214,-2.0733,-3.3332,-0.9877
5.7586,-20.3974,-2.7356,-2.1223,-2.2135,-1.0505
3.6843,-22.3594,4.6974,-1.8262,-1.1983,-1.1848
0.9558,-11.8887,2.0961,-1.8262,-1.1983,-1.1848
0.9558,-11.8887,2.0961,-1.7654,-1.4742,-1.2274
-1.1857,-8.2596,0.4791,-1.856,-2.0463,-1.074
-4.2975,-4.3358,0.9941,-1.856,-2.0463,-1.074
-4.2975,-4.3358,0.9941,-1.8666,-2.6483,-0.4061
-3.2148,-5.2579,0.9343,-1.8666,-2.6483,-0.4061
-3.2148,-5.2579,0.9343,-1.9231,-2.5556,0.1467
-1.2144,-7.4881,-0.0359,-2.0712,-2.5013,0.1797
2.1751,-11.5176,-0.2537,-2.0712,-2.5013,0.1797
3.0804,-12.3726,-0.0933,-2.1383,-2.4459,0.0838
3.0301,-12.3367,0.4168,-2.0562,-2.3072,-0.0503
3.0998,-11.0432,0.831,-1.8826,-2.0548,-0.1195
2.3475,-9.5387,1.0875,-1.6738,-1.7352,-0.1387
1.6145,-8.075,1.1043,-1.5107,-1.5307,-0.144
1.0037,-7.3469,1.2886,-1.4617,-1.4316,-0.1099
0.6658,-7.3469,1.4781,-1.4745,-1.4295,-0.0535
0.7113,-7.9194,1.3916,-1.4883,-1.5467,0.0274
0.6778,-8.4751,0.8864,-1.4841,-1.7299,0.0998
0.6299,-8.7244,0.4863,-1.4852,-1.8013,0.1499
0.4982,-8.5996,-0.0023,-1.4745,-1.7299,0.1818
0.2274,-8.3818,-0.4384,-1.4724,-1.5019,0.2202
-0.1556,-8.0247,-0.4863,-1.4883,-1.2239,0.2468
-0.3857,-7.9481,-0.3067,-1.564,-0.9437,0.3097
-0.2899,-8.2022,0.0215,-1.6291,-0.7563,0.3651
-0.2489,-8.4871,0.0119,-1.6696,-0.6849,0.4098
-0.1939,-8.7484,-0.079,-1.7005,-0.6924,0.4481
-0.1939,-8.7484,-0.079,-1.7708,-0.8074,0.5344
0.1364,-9.3089,0.1699,-1.7708,-0.8074,0.5344
0.3714,-9.3592,0.5389,-1.758,-0.8053,0.56
0.3714,-9.3592,0.5389,-1.5405,-0.6881,0.6005
0.9391,-9.4765,1.0923,-1.352,-0.6806,0.5888
1.6337,-10.7125,1.9449,-1.352,-0.6806,0.5888
1.6337,-10.7125,1.9449,-1.0047,-0.6689,0.4439
0.5102,-12.0757,2.5031,-1.0047,-0.6689,0.4439
0.5102,-12.0757,2.5031,-0.7129,-0.867,0.2202
0.0143,-11.8982,2.369,-0.7129,-0.867,0.2202
0.0143,-11.8982,2.369,-0.3368,-0.9746,0.2074
0.8382,-11.812,2.393,-0.16,-0.9619,0.2479
2.1871,-12.1499,2.7045,-0.16,-0.9619,0.2479
1.4613,-12.1451,3.0998,-0.013,-0.9246,0.2553
0.4551,-11.8096,3.3871,0.1158,-0.899,0.2521
0.4551,-11.8096,3.3871,0.528,-0.7435,0.4183
0.5413,-11.4885,3.131,0.871,-0.5965,0.5334
4.5657,-14.7512,1.6744,0.871,-0.5965,0.5334
6.4365,-18.069,0.697,1.3429,-0.4079,0.5706
6.5277,-20.1388,0.8406,1.8713,-0.1704,0.5398
1.7079,-19.3289,0.975,2.4135,0.1406,0.2937
1.7079,-19.3289,0.975,3.2158,0.1704,-0.5147
-6.0941,-16.2126,1.0732,3.3287,0.4154,-0.4157
-8.6954,-12.4372,0.7951,3.3212,0.9374,-0.3358
-7.469,-9.4406,-0.7664,3.2616,1.0684,-0.3304
-3.9237,-12.3151,-2.8745,3.2616,1.0684,-0.3304
-2.5103,-15.1154,-3.1645,3.2094,0.8777,-0.1653
-2.1775,-17.0389,-2.6973,3.155,0.638,0.0785
-1.9764,-17.0963,-2.0554,3.1241,0.5198,0.2308
-1.9354,-16.1623,-1.1162,3.0602,0.687,0.266
-1.303,-14.7752,-0.1508,2.9067,1.0982,0.2181
-0.8382,-13.7645,1.1737,2.715,1.6127,0.119
-0.5366,-13.0576,1.4158,2.6532,2.1741,-0.0173
-0.8912,-12.3558,0.975,2.7959,2.416,-0.1621
-0.436,-10.7676,0.4958,3.0143,2.3787,-0.2719
0.7185,-8.9303,-0.5725,3.17,2.2359,-0.2708
1.605,-7.6177,-1.3892,3.1657,2.2476,-0.2878
1.9979,-6.8174,-1.7558,3.0409,2.4299,-0.3123
2.3523,-6.4751,-1.6337,2.8811,2.4576,-0.2804
2.302,-6.2306,-1.3341,2.6947,2.3266,-0.1675
1.3389,-6.0103,-0.7089,2.4668,2.1901,-0.0183
1.3389,-6.0103,-0.7089,2.0577,1.9994,0.0988
0.158,-6.0725,0.1125,1.8745,1.9994,0.0306
-1.0372,-6.4751,0.908,1.8745,1.9994,0.0306
-1.2599,-6.3814,0.7664,1.6934,2.0186,-0.1099
-1.6217,-5.8687,0.7209,1.4867,2.1144,-0.2836
-1.6217,-5.8687,0.7209,1.0159,2.2348,-0.5467
-1.7414,-5.2076,0.4528,0.7645,2.2433,-0.6202
-2.0482,-4.5441,-0.2106,0.5121,2.1176,-0.6436
-2.3906,-3.3057,-1.49,0.5121,2.1176,-0.6436
-1.8252,-3.2435,-1.7079,0.2564,1.7842,-0.6362
-1.3557,-3.629,-1.4924,-0.0055,1.3144,-0.6617
-1.3724,-4.2592,-0.9247,-0.2846,0.8425,-0.7139
-1.7893,-4.9084,0.0335,-0.5424,0.4026,-0.7746
-1.933,-5.5192,1.236,-0.7384,0.0372,-0.7778
-2.0099,-5.9648,2.393,-0.8716,-0.1906,-0.7501
-2.0793,-6.1731,3.1597,-0.9664,-0.3142,-0.7235
-2.0195,-6.2713,3.3129,-1.0335,-0.3334,-0.6979
-2.0195,-6.2713,3.3129,-1.2039,-0.1874,-0.7054
-2.144,-6.4436,3.2172,-1.3136,-0.1256,-0.7331
-2.5608,-7.2176,3.6724,-1.3136,-0.1256,-0.7331
-2.5608,-7.2176,3.6724,-1.4692,-0.2343,-0.8364
-2.8769,-8.734,5.9552,-1.4692,-0.2343,-0.8364
-2.8769,-8.734,5.9552,-1.2966,-0.4782,-0.8822
-3.0325,-9.9101,7.9673,-1.0452,-0.4814,-0.7778
-3.1334,-11.2826,10.1496,-0.7054,-0.4005,-0.5946
-2.6303,-13.5009,11.5678,-0.7054,-0.4005,-0.5946
-1.9883,-13.5439,10.6934,-0.3411,-0.3099,-0.3901
-1.9883,-13.5439,10.6934,0.2031,-0.2045,-0.1824
-1.9473,-12.3223,9.3831,0.3235,-0.0223,-0.1824
-2.0673,-8.6547,7.1266,0.3235,-0.0223,-0.1824
-1.5379,-7.0715,6.1468,0.3097,0.2758,-0.2239
-1.2048,-6.1252,4.5848,0.2042,0.5208,-0.2846
-3.1549,-7.3421,1.2455,0.0806,0.6987,-0.3773
-6.5349,-11.2826,-1.8516,-0.1525,0.7318,-0.3901
-6.5349,-11.2826,-1.8516,-1.2061,-0.5145,0.4599
-10.6096,-22.3283,0.9654,-1.2061,-0.5145,0.4599
-13.7259,-30.2932,6.7576,-1.2412,-1.6724,1.0362
-13.7259,-30.2932,6.7576,1.1022,-0.4378,1.8021
1.933,-12.5234,-2.0242,1.1022,-0.4378,1.8021
9.0021,-2.1511,-6.5972,1.2716,1.7405,1.3568
9.4741,3.1908,-14.8542,0.6687,2.0867,0.3672
7.826,4.4556,-10.0466,-0.4178,-0.017,-0.4497
3.0349,0.0766,1.7989,-1.5854,-2.5428,-0.8908
3.0349,0.0766,1.7989,-1.5918,-2.2242,-0.8418
2.1128,-10.2597,-4.2401,-1.5918,-2.2242,-0.8418
2.1128,-10.2597,-4.2401,-2.0829,-3.3843,-0.3912
3.5978,-16.8306,-6.7001,-2.493,-3.5494,-0.1994
4.1847,-19.4753,0.1053,-2.493,-3.5494,-0.1994
4.1847,-19.4753,0.1053,-1.8954,-1.6947,-0.5605
-2.9942,-9.7854,1.1665,-1.8954,-1.6947,-0.5605
-4.0889,-6.5373,0.9965,-1.611,-1.2111,-0.4774
-4.0889,-6.5373,0.9965,-1.6344,-1.275,-0.0183
-2.4552,-4.3215,-0.7496,-1.6344,-1.275,-0.0183
-0.5844,-5.6604,-0.9678,-1.7782,-1.6319,0.1243
-0.5844,-5.6604,-0.9678,-1.9071,-2.3669,0.185
0.7353,-8.2884,-0.3594,-1.7697,-2.6855,0.1382
2.8745,-11.6588,0.333,-1.7697,-2.6855,0.1382
2.8745,-11.6588,0.333,-1.5256,-2.5183,-0.143
3.2986,-10.7388,1.3078,-1.5256,-2.5183,-0.143
2.7452,-9.3448,1.7702,-1.3903,-2.2284,-0.2207
2.7452,-9.3448,1.7702,-1.1102,-1.6777,-0.0908
1.7342,-8.1277,1.0037,-1.1102,-1.6777,-0.0908
1.5738,-8.3578,0.3546,-1.0857,-1.4263,0.0029
1.5738,-8.3578,0.3546,-1.2785,-0.8969,0.0732
1.4278,-9.0093,0.7903,-1.2785,-0.8969,0.0732
1.6696,-9.4909,1.593,-1.3776,-0.6465,0.0956
1.5858,-9.8189,2.1176,-1.3893,-0.4218,0.1062
1.5858,-9.8189,2.1176,-1.2774,-0.1501,0.0988
1.1665,-9.9485,2.2948,-1.254,-0.2066,0.0966
-0.0359,-9.2993,2.0314,-1.254,-0.2066,0.0966
-0.0359,-9.2993,2.0314,-1.2913,-0.5336,0.135
-0.5892,-8.9112,0.9151,-1.2913,-0.5336,0.135
-0.4695,-9.4071,0.7784,-1.2987,-0.5741,0.2138
-0.2011,-10.2645,0.8984,-1.2551,-0.4921,0.3065
-0.2011,-10.2645,0.8984,-1.0814,-0.1746,0.4279
0.3785,-10.9447,1.7606,-1.0814,-0.1746,0.4279
0.5629,-10.5258,2.2972,-0.9738,-0.0809,0.4471
0.4528,-10.1807,2.5561,-0.8279,-0.0798,0.446
0.2035,-10.1472,2.4959,-0.6607,-0.1427,0.4311
0.2035,-10.1472,2.4959,-0.4316,-0.3323,0.3544
-0.4432,-11.0097,1.9114,-0.4316,-0.3323,0.3544
-0.4551,-11.4766,1.7319,-0.3613,-0.4633,0.3022
-0.0119,-11.7666,1.684,-0.2782,-0.5358,0.2724
0.4025,-11.8504,1.8587,-0.1802,-0.5102,0.2649
0.4025,-11.8504,1.8587,0.0423,-0.4591,0.2639
-0.5078,-11.3664,2.8984,0.0423,-0.4591,0.2639
-0.2322,-11.2946,3.3201,0.1946,-0.4644,0.299
1.291,-12.1691,3.0181,0.4588,-0.3664,0.4205
3.2052,-14.4328,2.6303,0.8423,-0.1608,0.5675
4.9754,-16.9192,2.4576,1.2918,0.0394,0.6473
4.9754,-16.9192,2.4576,2.3549,0.3877,0.4322
4.422,-17.5492,1.9186,2.3549,0.3877,0.4322
-0.661,-15.07,2.2876,2.8012,0.5539,0.0391
-5.3851,-11.6468,2.3044,3.1263,0.6402,-0.3294
-5.3851,-11.6468,2.3044,3.4245,1.4146,-0.2292
-3.0903,-10.0155,-3.9932,3.4245,1.4146,-0.2292
-1.9306,-12.1332,-4.6112,3.2701,1.487,-0.2133
-1.9306,-12.1332,-4.6112,2.9632,0.8095,0.1275
-1.3652,-14.205,-3.0732,2.9717,0.8777,0.282
-1.6505,-15.7167,-1.066,3.0058,1.2559,0.3267
-1.8827,-16.3371,0.2298,2.9365,1.732,0.2692
-2.3642,-15.2447,0.1484,2.9365,1.732,0.2692
-2.7644,-14.5525,1.0732,2.7554,2.2316,0.1659
-3.0612,-13.6445,1.7175,2.6585,2.7292,0.0924
-3.0612,-13.6445,1.7175,3.1092,2.4895,0.0146
-1.394,-11.5101,0.1939,3.1092,2.4895,0.0146
-0.1532,-10.0514,-0.5078,3.1945,2.1634,-0.0077
0.8984,-8.5877,-1.1881,3.1103,1.814,-0.0556
0.8984,-8.5877,-1.1881,2.6297,1.4274,-0.1845
1.1115,-7.1098,-1.0803,2.6297,1.4274,-0.1845
0.884,-7.105,-1.0229,2.4188,1.3251,-0.1312
0.884,-7.105,-1.0229,2.0737,1.5179,0.0743
0.2442,-7.0524,-0.8744,1.9746,1.4934,0.1818
-1.4493,-6.4894,-0.448,1.9746,1.4934,0.1818
-1.7654,-6.1324,-0.4911,1.883,1.4614,0.2159
-2.1464,-5.5455,-0.4647,1.719,1.4199,0.1872
-2.1918,-4.9395,-0.6227,1.5049,1.3805,0.1083
-2.3666,-4.1249,-0.7281,1.2417,1.3507,0.0242
-2.3666,-4.1249,-0.7281,0.6047,1.2324,-0.111
-2.1104,-2.5944,-1.3605,0.6047,1.2324,-0.111
-2.1104,-2.5944,-1.3605,-0.0631,0.834,-0.226
-1.2958,-2.5848,-1.6648,-0.0631,0.834,-0.226
-1.2958,-2.5848,-1.6648,-0.6607,0.2119,-0.4082
-0.7305,-3.5021,-0.9846,-0.6607,0.2119,-0.4082
-0.8768,-4.0243,0.0047,-0.9493,-0.0926,-0.5094
-0.8768,-4.0243,0.0047,-1.4298,-0.5613,-0.7203
-1.1162,-4.5202,1.2958,-1.5961,-0.7211,-0.8418
-1.435,-5.1741,2.7763,-1.71,-0.8159,-0.9621
-2.5246,-7.3612,6.6714,-1.71,-0.8159,-0.9621
-2.5246,-7.3612,6.6714,-1.6653,-0.6583,-1.0463
-3.0349,-10.5329,10.916,-1.6653,-0.6583,-1.0463
-3.0349,-10.5329,10.916,-1.1624,0.0468,-0.8002
-1.8276,-13.7235,11.9916,-1.1624,0.0468,-0.8002
-1.8276,-13.7235,11.9916,-0.4998,1.0279,-0.3933
-1.1498,-14.7416,11.0504,-0.2431,1.2633,-0.2516
-2.1392,-12.466,8.3075,-0.2431,1.2633,-0.2516
-2.1392,-12.466,8.3075,-0.0205,0.4687,-0.2665
-2.1248,-10.231,6.5541,-0.0972,-0.1054,-0.4071
-2.6015,-8.008,5.1645,-0.2388,-0.2588,-0.4838
-3.3488,-6.2186,4.2329,-0.3944,0.0042,-0.4902
-2.8697,-4.4388,1.4374,-0.3944,0.0042,-0.4902
-2.8697,-4.4388,1.4374,-0.7789,0.3866,-0.4529
-1.9521,-3.7394,-0.7425,-0.9909,0.3046,-0.5243
-3.6676,-4.9491,-3.6457,-0.9909,0.3046,-0.5243
-9.5675,-11.4311,-8.008,-1.1208,-0.491,-0.6436
-14.4783,-23.6289,-3.998,-1.5768,-1.8098,-0.4029
-7.3708,-33.7331,8.2692,-2.3204,-2.6184,0.3629
-7.3708,-33.7331,8.2692,-0.388,-0.6157,0.381
3.9046,-35.1968,14.5022,0.9392,0.5592,-0.0727
8.6834,-22.1846,7.2056,1.1661,1.0194,-0.4263
2.6758,1.3437,-11.4646,1.1661,1.0194,-0.4263
3.9333,3.6556,-10.1687,0.2788,0.4857,-0.3656
3.9333,3.6556,-10.1687,-1.3829,-1.1536,-0.3762
2.0937,1.145,-2.2493,-1.237,-1.0492,-0.2431
0.3354,-1.3509,3.6314,-1.0836,-0.8468,-0.1952
2.5632,-10.8155,-1.6528,-1.0836,-0.8468,-0.1952
2.5632,-10.8155,-1.6528,-1.8517,-1.487,-0.2314
4.9946,-21.0971,-2.369,-1.8517,-1.487,-0.2314
4.9946,-21.0971,-2.369,-1.84,-2.2753,-0.7597
2.029,-14.1141,-0.503,-1.84,-2.2753,-0.7597
-3.3848,-9.4621,0.0861,-1.4468,-2.1602,-1.0836
-3.3848,-9.4621,0.0861,-1.1858,-1.0002,-0.6415
-6.7432,-6.6044,0.7089,-1.1603,-0.4015,-0.1941
-4.5537,-5.5072,0.872,-1.1603,-0.4015,-0.1941
-1.2958,-7.4618,0.8286,-1.0782,-0.4239,0.1488
0.6658,-9.3879,0.872,-1.0143,-0.8852,0.2479
1.7319,-10.3076,1.0588,-1.0015,-1.3219,0.1754
2.2876,-10.3746,0.9127,-1.0154,-1.5871,0.0497
2.2876,-10.3746,0.9127,-1.0772,-1.6372,-0.2314
2.2373,-9.2874,0.1795,-1.0772,-1.6372,-0.2314
1.933,-8.7002,0,-1.1145,-1.4764,-0.3155
1.5978,-8.1229,-0.0311,-1.1645,-1.2569,-0.3539
1.2623,-7.5145,0.2899,-1.2252,-1.0034,-0.3571
1.2623,-7.5145,0.2899,-1.3467,-0.6487,-0.2165
0.6682,-6.9371,0.9223,-1.3467,-0.6487,-0.2165
0.0933,-6.7863,0.6443,-1.3722,-0.5933,-0.111
-0.4121,-6.8845,0.2828,-1.3946,-0.6199,0.0146
-0.4121,-6.8845,0.2828,-1.45,-0.7935,0.2596
-1.5714,-7.378,-0.9367,-1.45,-0.7935,0.2596
-1.9306,-7.7159,-1.1857,-1.4894,-0.818,0.3683
-1.7366,-8.2142,-1.1617,-1.5033,-0.8127,0.4695
-1.2048,-9.1458,-0.8286,-1.5107,-0.7797,0.5334
-1.2048,-9.1458,-0.8286,-1.5544,-0.7062,0.5153
-0.3522,-10.0466,-0.2801,-1.5523,-0.6487,0.4663
1.0588,-10.9714,1.1354,-1.5523,-0.6487,0.4663
1.6528,-11.1007,1.6888,-1.4649,-0.6125,0.4556
1.6528,-11.1007,1.6888,-1.0473,-0.7648,0.446
1.3365,-11.6205,1.5906,-1.0473,-0.7648,0.446
0.3354,-12.2361,1.9859,-0.8631,-0.9043,0.38
-0.2346,-12.7775,2.7332,-0.7374,-0.9853,0.3043
-0.1388,-13.0457,3.0421,-0.5808,-1.0141,0.2575
-0.1388,-13.0457,3.0421,-0.192,-1.0098,0.217
0.3378,-13.0265,3.0927,-0.0109,-1.0652,0.1925
0.1173,-12.2457,3.9118,-0.0109,-1.0652,0.1925
-0.0311,-11.6708,4.2808,0.1818,-1.1483,0.1968
-0.0311,-11.6708,4.2808,0.8348,-1.1461,0.3981
3.1717,-12.9786,3.6433,0.8348,-1.1461,0.3981
3.1717,-12.9786,3.6433,1.8084,-0.6465,0.5589
6.8486,-16.8258,1.6457,1.8084,-0.6465,0.5589
6.511,-17.5994,1.8013,2.2601,-0.1565,0.5014
4.1033,-16.2724,2.6853,2.7235,0.4079,0.3171
-0.5102,-14.5142,2.4456,3.2062,0.932,0.0242
-2.647,-12.3678,1.4781,3.563,1.2889,-0.177
-2.647,-12.3678,1.4781,3.5822,1.6244,-0.1973
-1.775,-12.5545,-2.3211,3.5822,1.6244,-0.1973
-1.775,-12.5545,-2.3211,3.1316,1.0258,0.0434
-1.1857,-14.5932,-2.1727,3.0154,1.0023,0.2458
0.1795,-16.3802,-0.8936,3.0154,1.0023,0.2458
0.2561,-15.8364,-0.4839,2.9632,1.2569,0.2926
0.2561,-15.8364,-0.4839,2.7927,2.2476,0.0338
-0.5198,-13.8914,0.2226,2.7927,2.2476,0.0338
-1.2168,-13.3404,0.8433,2.7,2.823,-0.127
-1.6265,-12.7871,0.9175,2.7757,3.1979,-0.2324
-1.6648,-12.1403,0.5916,2.9621,3.2938,-0.2814
-1.6648,-12.1403,0.5916,3.1359,3.0893,-0.2761
0.4216,-9.9724,-0.3785,3.1359,3.0893,-0.2761
0.4216,-9.9724,-0.3785,2.8449,2.6195,-0.405
1.7821,-8.2429,-0.8215,2.8449,2.6195,-0.405
1.6193,-8.1998,-0.6323,2.6873,2.4501,-0.4338
1.0708,-8.0989,-0.3067,2.5605,2.4203,-0.3709
0.1675,-7.7087,-0.2801,2.503,2.3468,-0.2101
-0.8744,-7.4163,-0.2489,2.4945,2.1943,-0.0439
-0.8744,-7.4163,-0.2489,2.438,2.2337,0.0881
-1.3892,-7.3564,-0.5461,2.2654,2.3052,0.0466
-1.7773,-6.8414,-0.7305,1.9906,2.3116,-0.0396
-2.4576,-6.0869,-1.0468,1.6146,2.1943,-0.0886
-2.8889,-4.1656,-1.5379,1.6146,2.1943,-0.0886
-2.8889,-4.1656,-1.5379,0.7752,1.78,-0.1312
-2.7308,-2.9463,-1.6672,0.7752,1.78,-0.1312
-2.7308,-2.9463,-1.6672,0.1211,1.1834,-0.225
-1.8109,-3.6867,-1.1186,0.1211,1.1834,-0.225
-1.818,-4.144,-0.7496,-0.1142,0.7861,-0.3059
-1.6433,-4.3646,-0.067,-0.3432,0.3568,-0.3794
-1.6433,-4.3646,-0.067,-0.7459,-0.4015,-0.4764
-1.9931,-4.7524,0.963,-0.9216,-0.6519,-0.5115
-2.5608,-5.2436,3.2746,-0.9216,-0.6519,-0.5115
-2.7141,-5.0496,4.3382,-1.0899,-0.768,-0.5371
-2.987,-5.3226,5.2292,-1.2316,-0.7904,-0.5925
-2.987,-5.3226,5.2292,-1.417,-0.5837,-0.7171
-2.8721,-7.4235,6.8557,-1.417,-0.5837,-0.7171
-2.4768,-9.0716,7.7733,-1.4532,-0.3717,-0.7757
-1.9378,-10.667,8.7747,-1.4372,-0.1118,-0.8045
-1.9378,-10.667,8.7747,-1.123,0.343,-0.7374
-1.7965,-11.9413,9.7207,-0.8492,0.49,-0.6074
-1.569,-12.5522,10.1663,-0.5861,0.5794,-0.4838
-1.423,-11.0743,8.6595,-0.5861,0.5794,-0.4838
-1.7342,-9.7949,7.22,-0.3944,0.4921,-0.4135
-1.9162,-8.1902,5.7059,-0.3209,0.2364,-0.422
-1.9162,-8.1902,5.7059,-0.4977,-0.3675,-0.5797
-3.6385,-6.4245,2.5537,-0.4977,-0.3675,-0.5797
-5.4905,-8.2189,0.9343,-0.7097,-0.3579,-0.6212
-7.6225,-12.756,0.7377,-0.9547,-0.2929,-0.5786
-7.6225,-12.756,0.7377,-1.2401,-0.4495,-0.0886
-8.0511,-18.9435,4.0602,-0.6468,-0.6295,0.0508
-2.7476,-30.298,7.5384,-0.6468,-0.6295,0.0508
-2.7476,-30.298,7.5384,0.69,-0.5368,-0.029
3.0397,-19.6525,3.0253,0.6527,0.0074,-0.3454
0.4001,-0.448,-7.9601,0.6527,0.0074,-0.3454
0.4001,-0.448,-7.9601,-0.6287,-1.209,-0.4934
1.2216,1.6026,-2.3738,-0.6287,-1.209,-0.4934
-2.1368,-1.0564,4.9539,-1.1571,-1.4391,-0.6063
0.1987,-4.5441,0.9223,-1.0431,-0.8713,-0.323
3.6385,-9.0859,-3.2196,-0.8854,-0.7264,0.0071
3.8974,-15.0029,-3.2387,-1.2061,-1.3997,0.0689
4.2377,-18.6559,-1.0061,-1.6227,-1.9387,0.0796
4.2377,-18.6559,-1.0061,-1.5448,-1.2154,-0.1749
4.8174,-17.8822,1.1402,-1.2604,-0.5177,-0.4146
-0.8553,-10.0993,1.2216,-1.2604,-0.5177,-0.4146
-0.8553,-10.0993,1.2216,-1.0644,-0.5986,-0.2495
-3.7107,-6.1803,1.3796,-1.0644,-0.5986,-0.2495
-3.7107,-6.1803,1.3796,-1.1251,-1.1877,0.0913
-2.1511,-6.8725,1.0468,-1.1251,-1.1877,0.0913
-0.6778,-8.813,0.9151,-1.1848,-1.3496,0.1573
0.5773,-10.3459,0.8023,-1.2497,-1.3986,0.1275
1.3676,-11.3425,0.9271,-1.3105,-1.4465,0.0231
1.3676,-11.3425,0.9271,-1.3499,-1.4061,-0.1813
1.8492,-11.2347,0.7688,-1.3232,-1.3144,-0.2239
1.9569,-10.7005,0.7041,-1.3051,-1.1397,-0.2527
1.7989,-9.9485,0.4958,-1.2902,-0.9661,-0.2612
1.4158,-9.2682,0.2274,-1.2902,-0.817,-0.2346
1.042,-8.8824,0.0023,-1.2987,-0.6657,-0.1866
0.8191,-8.7268,0.055,-1.3083,-0.5166,-0.1312
0.6898,-8.6188,0.2154,-1.3179,-0.4154,-0.0812
0.5653,-8.6068,0.3881,-1.336,-0.3845,-0.03
0.1915,-8.7412,0.5006,-1.336,-0.3845,-0.03
0.1915,-8.7412,0.5006,-1.3967,-0.4527,0.0252
-0.5796,-8.6212,0.5509,-1.3967,-0.4527,0.0252
-0.8792,-8.4799,0.3522,-1.4042,-0.4995,0.0529
-1.0444,-8.4177,0.1891,-1.4042,-0.5411,0.0732
-1.0444,-8.4177,0.1891,-1.4021,-0.6359,0.119
-1.0133,-8.3961,0.0933,-1.4021,-0.6359,0.119
-1.0133,-8.3961,0.0933,-1.4191,-0.6455,0.201
-0.8071,-8.3985,0.0287,-1.4255,-0.6189,0.2447
-0.5653,-8.4344,-0.1149,-1.4212,-0.6284,0.2681
-0.2899,-8.3051,-0.2753,-1.4212,-0.6284,0.2681
0.0119,-8.1711,-0.225,-1.4085,-0.6348,0.2841
0.213,-8.1471,-0.0766,-1.3712,-0.5933,0.2894
0.4671,-8.6116,0.1795,-1.3051,-0.507,0.2926
0.4671,-8.6116,0.1795,-1.0878,-0.3344,0.3352
0.7448,-9.3807,0.4144,-0.9792,-0.3717,0.3597
0.9894,-10.2214,0.4695,-0.9206,-0.4697,0.3672
0.6802,-11.273,0.067,-0.9206,-0.4697,0.3672
0.4144,-11.5583,0.1628,-0.9078,-0.573,0.3693
0.1987,-11.5702,0.4384,-0.8844,-0.6497,0.3651
0.3163,-11.5511,0.7041,-0.8332,-0.6551,0.3715
0.3163,-11.5511,0.7041,-0.6287,-0.6572,0.4002
1.121,-11.8887,0.6371,-0.6287,-0.6572,0.4002
1.2695,-12.1356,0.5318,-0.5392,-0.7137,0.4247
1.2695,-12.1356,0.5318,-0.4508,-0.8383,0.4918
0.7616,-12.9451,1.3628,-0.4508,-0.8383,0.4918
0.515,-12.7368,2.0434,-0.4071,-0.85,0.5238
0.2585,-12.2457,2.8841,-0.3315,-0.7904,0.528
0.0191,-11.8504,3.5236,-0.2388,-0.6338,0.5344
-0.2585,-11.563,3.9285,-0.1355,-0.5123,0.5579
-0.2585,-11.563,3.9285,0.1233,-0.5752,0.7443
1.0971,-11.982,3.4901,0.1233,-0.5752,0.7443
1.0971,-11.982,3.4901,0.8412,-0.279,0.8274
1.9258,-15.0029,3.2339,0.8412,-0.279,0.8274
1.6505,-15.7287,2.8649,1.3067,-0.0458,0.6857
1.593,-14.2553,3.5883,1.7893,0.1661,0.5621
1.593,-14.2553,3.5883,2.8204,0.6604,0.1861
1.1593,-13.6565,3.066,2.8204,0.6604,0.1861
1.1593,-13.6565,3.066,3.7473,0.7307,-0.3485
-1.4182,-13.0361,0.0071,3.7473,0.7307,-0.3485
-2.4744,-14.4927,-0.0095,3.7857,0.7467,-0.5051
-2.4744,-14.4927,-0.0095,3.4948,0.7467,-0.6298
-3.2603,-15.5778,0.4121,3.2648,1.1515,-0.6362
-2.8817,-16.9934,0.3378,3.2648,1.1515,-0.6362
-1.3796,-16.742,0,2.9834,1.8705,-0.6191
-0.6898,-16.1863,0.1053,2.6745,2.7569,-0.6308
-0.6898,-16.1863,0.1053,2.683,3.2458,-0.764
-3.131,-15.1729,-1.145,2.683,3.2458,-0.764
-3.131,-15.1729,-1.145,3.2221,2.3766,-0.5147
-4.8557,-11.4263,-0.4791,3.2221,2.3766,-0.5147
-5.5743,-10.1903,0.7281,3.4043,2.3947,-0.3091
-5.8711,-9.9485,1.0588,3.6621,2.5609,-0.0663
-5.8711,-9.9485,1.0588,4.0903,2.4459,0.5046
-6.0462,-10.5569,0.7281,4.1052,2.0665,0.7645
-5.5359,-11.2802,0.8167,4.0253,1.6159,0.9062
-4.4196,-12.1356,0.357,3.8581,0.9949,0.9222
-2.3092,-11.7689,1.3844,3.8581,0.9949,0.9222
-2.3092,-11.7689,1.3844,3.5289,1.1845,0.6804
-1.054,-10.14,0.1556,3.3031,1.47,0.528
0.3977,-8.432,-0.7185,3.0526,1.6894,0.4215
1.4446,-6.7217,-1.3102,2.7395,1.7746,0.4801
1.5834,-4.3766,-1.4206,2.4348,1.8023,0.7081
-0.158,-1.9835,-1.6074,2.4348,1.8023,0.7081
-0.4073,-2.5896,-1.4757,2.0843,1.7533,0.9861
-0.4073,-2.5896,-1.4757,1.3131,1.6351,0.886
-1.4398,-3.0974,-1.2288,0.9648,1.4657,0.7091
-1.5451,-2.8266,-0.8984,0.9648,1.4657,0.7091
-1.2336,-2.8601,-1.1234,0.6697,1.1898,0.5387
-1.2336,-2.8601,-1.1234,-0.0034,0.6636,0.1211
-1.0803,-3.1429,-1.0277,-0.0034,0.6636,0.1211
-0.7329,-3.1166,-0.9463,-0.3283,0.3675,-0.0684
-0.2753,-2.8625,-0.6898,-0.6415,0.098,-0.2857
-0.1388,-2.5246,0.0646,-0.9653,-0.0873,-0.52
-0.1388,-2.5246,0.0646,-1.532,-0.4154,-1.042
-0.3737,-2.3116,1.1546,-1.7409,-0.6135,-1.3275
-0.8768,-2.5728,2.0937,-1.9124,-0.7989,-1.5576
-2.3618,-3.6242,6.3239,-1.9124,-0.7989,-1.5576
-2.3618,-3.6242,6.3239,-1.8315,-0.801,-1.6684
-3.2507,-4.8892,8.6858,-1.6003,-0.6679,-1.581
-3.8112,-6.2018,9.9317,-1.3754,-0.5379,-1.4298
-5.2436,-9.1123,8.8705,-1.3754,-0.5379,-1.4298
-5.2436,-9.1123,8.8705,-1.2433,-0.3717,-1.0271
-6.0773,-11.6205,8.1325,-1.2433,-0.3717,-1.0271
-5.9337,-11.3952,8.8202,-1.2881,-0.1896,-0.8215
-5.9337,-11.3952,8.8202,-1.1453,0.5752,-0.5936
-5.5695,-10.152,9.3544,-1.0346,0.8149,-0.6266
-4.6615,-6.5206,8.4871,-1.0346,0.8149,-0.6266
-4.6615,-6.5206,8.4871,-0.7874,0.5517,-0.7022
-4.2808,-5.3827,7.3756,-0.536,0.328,-0.6671
-10.3989,-12.0539,3.7226,-0.536,0.328,-0.6671
-10.3989,-12.0539,3.7226,-0.1834,-1.4178,0.2969
-17.0796,-22.5031,0.6156,-0.291,-1.993,0.9648
-10.1184,-37.6784,14.2625,-0.291,-1.993,0.9648
4.4556,-20.5102,8.1902,0.1765,-0.377,1.2332
11.4095,-2.3403,-3.6457,0.8423,1.0524,1.1129
10.7125,4.5825,-15.0388,0.9041,1.0673,0.331
4.695,3.737,-9.5268,-0.0311,-0.3547,-0.5051
4.695,3.737,-9.5268,-1.4159,-1.5413,-0.9557
-2.8912,-4.5896,5.7802,-1.4159,-1.5413,-0.9557
1.3413,-8.9758,-3.3704,-1.042,-0.9139,-0.6532
5.131,-12.6506,-8.746,-0.9866,-1.5499,-0.5105
5.131,-12.6506,-8.746,-2.3013,-3.5164,-0.8652
1.5307,-22.278,2.0602,-2.3013,-3.5164,-0.8652
2.4145,-19.2188,3.5835,-2.558,-2.8613,-0.8492
2.4145,-19.2188,3.5835,-2.0115,-0.9171,-1.1283
0.2852,-13.8004,1.4781,-1.9242,-1.0641,-0.9536
-2.5968,-6.5565,-0.2947,-1.9242,-1.0641,-0.9536
-2.5968,-6.5565,-0.2947,-1.9774,-2.059,-0.3688
-3.6146,-4.7309,0.7185,-1.9242,-2.2785,0.0231
-3.5308,-4.0626,1.4039,-1.8975,-2.2455,0.3118
-1.7845,-4.8605,1.1976,-1.9359,-2.1879,0.397
1.3198,-9.7159,0.9367,-1.9359,-2.1879,0.397
2.3307,-11.2132,1.121,-2.0232,-2.1432,0.3384
2.5585,-11.9198,1.2623,-2.0605,-2.157,0.1254
2.8075,-11.3736,1.2527,-2.0254,-2.1219,-0.1131
2.8075,-11.3736,1.2527,-1.7835,-1.7022,-0.3198
2.3427,-9.2898,1.1881,-1.7835,-1.7022,-0.3198
1.8779,-8.1157,1.3102,-1.6504,-1.3741,-0.3027
1.8779,-8.1157,1.3102,-1.4638,-0.9501,-0.1941
1.1282,-7.05,1.4182,-1.4638,-0.9501,-0.1941
1.1282,-7.05,1.4182,-1.4479,-0.932,-0.045
0.9391,-7.6153,1.0085,-1.4479,-0.932,-0.045
0.8936,-7.8954,0.4551,-1.4681,-0.9651,0.0263
0.5006,-8.1543,0.079,-1.5182,-0.9448,0.0764
0.1029,-8.3794,-0.1675,-1.5939,-0.8287,0.1307
-0.2418,-8.4823,-0.1053,-1.6696,-0.637,0.1808
-0.2418,-8.4823,-0.1053,-1.7878,-0.2652,0.2298
-0.1412,-8.5206,0.1029,-1.8208,-0.1587,0.2426
-0.5294,-8.4225,0.2995,-1.8208,-0.1587,0.2426
-0.5006,-8.6044,0.4575,-1.8102,-0.1363,0.2809
-0.5006,-8.6044,0.4575,-1.6781,-0.3238,0.3374
-0.6802,-9.0093,0.6323,-1.5918,-0.3813,0.3821
-1.1426,-10.3842,1.4446,-1.5918,-0.3813,0.3821
-0.7712,-11.0911,1.8635,-1.4766,-0.3749,0.4396
-0.7712,-11.0911,1.8635,-1.1219,-0.4015,0.4897
-0.2729,-11.5726,2.0171,-0.928,-0.4569,0.4535
0.0143,-11.8575,1.8492,-0.7619,-0.5049,0.381
0.1388,-12.0132,1.6959,-0.5978,-0.5208,0.3107
1.1713,-12.1691,2.0769,-0.5978,-0.5208,0.3107
1.9114,-12.3223,2.0314,-0.4146,-0.5155,0.2553
1.9114,-12.3223,2.0314,-0.0684,-0.6263,0.1616
2.0482,-12.3606,1.8228,0.0604,-0.7339,0.1275
0.0191,-12.3391,2.6566,0.0604,-0.7339,0.1275
0.0191,-12.3391,2.6566,0.3374,-0.8958,0.1499
-1.0875,-11.5271,3.9237,0.3374,-0.8958,0.1499
-1.0875,-11.5271,3.9237,0.8689,-0.5603,0.4141
1.8994,-12.7679,4.0075,0.8689,-0.5603,0.4141
3.7083,-13.6541,2.9104,1.2673,-0.2972,0.5153
4.6112,-14.2386,1.7893,1.7232,-0.115,0.5355
4.7261,-14.847,1.6409,2.1834,-0.0415,0.494
2.8362,-15.07,1.4398,2.6734,0.1608,0.364
-1.1737,-14.3969,0.6706,3.1497,0.5475,0.0902
-1.1737,-14.3969,0.6706,3.4757,1.2644,-0.2484
-4.3095,-11.6995,-1.9162,3.4757,1.2644,-0.2484
-3.9237,-11.9318,-3.3441,3.3468,1.2857,-0.3102
-3.1046,-13.5128,-2.683,3.073,0.882,-0.291
-2.0602,-15.1538,-1.133,2.8002,0.5059,-0.062
-0.7448,-16.0426,0.0742,2.6915,0.4857,0.2021
-0.7448,-16.0426,0.0742,2.7927,1.3816,0.2319
0.2322,-16.1168,0.0478,2.7384,2.0154,0.037
-0.1364,-14.5741,0.4168,2.7384,2.0154,0.037
-0.1364,-14.5741,0.4168,2.8183,2.4767,-0.2207
-1.7654,-12.9786,0.7592,2.8183,2.4767,-0.2207
-1.7654,-12.9786,0.7592,2.9653,2.4501,-0.226
-0.6946,-11.1869,0.0454,2.9653,2.4501,-0.226
0.7353,-10.2525,-0.5677,2.9269,2.4927,-0.2346
0.7353,-10.2525,-0.5677,2.6148,2.4384,-0.3848
1.4924,-9.3496,-0.8215,2.4359,2.2871,-0.4125
1.2671,-8.3626,-0.9989,2.2697,2.1198,-0.3411
0.7377,-6.6666,-1.2407,2.2697,2.1198,-0.3411
0.7377,-6.6666,-1.2407,1.9757,1.9866,-0.1046
-0.5318,-5.9792,-1.2647,1.9757,1.9866,-0.1046
-0.5318,-5.9792,-1.2647,1.7136,1.944,-0.0087
-1.4012,-5.7706,-1.4829,1.7136,1.944,-0.0087
-1.4012,-5.5,-1.6337,1.5294,1.8971,-0.0151
-1.4012,-5.5,-1.6337,1.0149,1.8087,-0.1824
-2.1799,-4.7405,-1.8396,1.0149,1.8087,-0.1824
-2.2206,-4.2425,-2.0602,0.7358,1.7597,-0.2932
-2.2421,-3.7849,-2.3211,0.4577,1.6841,-0.3975
-2.0745,-3.459,-2.4959,0.1829,1.5435,-0.4828
-1.842,-3.2866,-2.2756,-0.094,1.3475,-0.5467
-1.4972,-3.447,-1.9402,-0.3688,1.0641,-0.5829
-1.49,-3.8878,-1.3485,-0.6394,0.7371,-0.6234
-1.6983,-4.5154,-0.5102,-0.8993,0.3738,-0.6649
-1.8396,-5.1406,0.4456,-1.14,0.0042,-0.7192
-2.1535,-5.8831,1.7151,-1.3637,-0.343,-0.7842
-2.1535,-5.8831,1.7151,-1.6973,-0.981,-0.8982
-3.1118,-8.3482,4.6902,-1.6973,-0.981,-0.8982
-3.7729,-9.9078,7.0066,-1.8049,-1.1802,-0.9248
-4.3167,-11.4933,9.2104,-1.7995,-1.1802,-0.9057
-4.3167,-11.4933,9.2104,-1.3467,-0.4942,-0.6543
-4.5418,-14.3897,12.0805,-1.3467,-0.4942,-0.6543
-4.5418,-14.3897,12.0805,-0.5808,0.6955,-0.1643
-3.0732,-15.1681,11.3808,-0.5808,0.6955,-0.1643
-2.4025,-13.7573,9.9532,-0.2111,1.0812,-0.0023
-2.4025,-13.7573,9.9532,0.3374,0.5986,-0.0151
-1.3581,-10.4084,7.1003,0.3374,0.5986,-0.0151
-1.5212,-8.7292,6.6786,0.4609,0.0159,-0.1621
-1.9018,-7.5623,5.7347,0.4705,-0.2897,-0.2516
-1.9018,-7.5623,5.7347,0.2937,0.0234,-0.3496
-3.1405,-7.4019,4.7572,0.0679,0.2535,-0.2697
-4.7189,-11.0624,0.158,0.0679,0.2535,-0.2697
-4.7189,-11.0624,0.158,-0.9387,-0.245,-0.143
-3.7514,-17.0365,-1.0444,-0.9387,-0.245,-0.143
-3.7514,-17.0365,-1.0444,-0.3741,-1.3155,0.1595
-4.2521,-20.9172,4.2353,0.8284,-0.5464,0.4758
-1.4805,-13.5224,6.0965,0.8284,-0.5464,0.4758
1.3964,-3.7155,-5.4952,1.556,0.686,0.6836
1.3964,-3.7155,-5.4952,0.0252,0.4303,0.0306
3.1358,1.0923,-10.94,-0.9611,-0.915,-0.3975
2.1487,-0.7137,-0.9271,-0.9611,-0.915,-0.3975
-0.8864,-5.6509,4.8126,-1.3765,-1.7459,-0.634
0.5533,-10.1041,-0.1388,-1.1294,-1.3698,-0.4306
0.5533,-10.1041,-0.1388,-1.3531,-1.6606,-0.1238
4.9706,-17.9373,-3.7825,-1.3531,-1.6606,-0.1238
5.8256,-16.9623,-0.8601,-1.8017,-1.9781,-0.1941
5.8256,-16.9623,-0.8601,-1.7186,-1.1696,-0.5989
0.0287,-10.3076,0.7137,-1.7186,-1.1696,-0.5989
-1.8947,-8.0894,0.6467,-1.5597,-0.6189,-0.601
-2.3882,-6.6762,0.6036,-1.5704,-0.409,-0.4977
-2.3882,-6.6762,0.6036,-1.742,-0.8362,-0.2388
-1.0444,-6.9898,0.4336,-1.742,-0.8362,-0.2388
-1.0444,-6.9898,0.4336,-1.9263,-1.5339,-0.193
0.2154,-10.3363,0.2852,-1.9263,-1.5339,-0.193
1.0301,-10.6598,0.1173,-2.0019,-1.6862,-0.2431
1.0301,-10.6598,0.1173,-2.0243,-1.6692,-0.4103
1.2312,-10.5042,0.2777,-1.9274,-1.585,-0.3912
1.4182,-8.9207,-0.2059,-1.9274,-1.585,-0.3912
1.4182,-8.9207,-0.2059,-1.7473,-1.2868,-0.2207
1.1976,-7.5818,-0.6802,-1.7473,-1.2868,-0.2207
1.1976,-7.5818,-0.6802,-1.7164,-1.1227,-0.0194
0.9941,-7.3205,-0.5437,-1.6781,-0.9874,0.0881
0.1795,-8.1423,0.436,-1.6781,-0.9874,0.0881
0.1795,-8.1423,0.436,-1.5469,-0.3206,0.2426
0.333,-8.9591,0.4743,-1.5469,-0.3206,0.2426
0.333,-8.9591,0.4743,-1.45,0.0894,0.1914
0.4528,-8.88,1.4422,-1.45,0.0894,0.1914
0.4528,-8.88,1.4422,-1.2103,0.197,0.1382
0.2059,-9.2057,1.7414,-1.1326,0.2098,0.1286
-0.1867,-9.7686,1.7151,-1.1294,0.132,0.1233
-0.6299,-10.5329,1.6792,-1.1294,0.132,0.1233
-0.6299,-10.5329,1.6792,-1.1315,-0.1214,0.1509
-0.8143,-10.7125,1.5762,-1.0686,-0.1246,0.2085
-0.079,-10.5138,1.8947,-1.0686,-0.1246,0.2085
0.884,-10.6263,2.3427,-0.9355,-0.0543,0.2862
0.884,-10.6263,2.3427,-0.5435,0.0255,0.3725
1.8109,-11.0408,2.7069,-0.3922,0.0223,0.3246
2.3283,-11.5702,2.8553,-0.2878,0.0031,0.2223
2.2421,-11.7785,2.6925,-0.1888,-0.0394,0.1009
1.5212,-11.7402,2.2756,-0.0652,-0.0351,0.0125
0.6682,-11.6588,2.1487,0.0828,0.0564,-0.0194
0.0311,-11.6205,2.3523,0.2362,0.1459,-0.0023
-0.2923,-11.4837,2.9152,0.43,0.1736,0.0487
-0.1388,-11.3712,3.9166,0.7006,0.1917,0.1264
1.7726,-11.6995,4.8461,0.7006,0.1917,0.1264
1.7726,-11.6995,4.8461,1.5443,0.507,0.315
3.4422,-12.9355,4.3095,2.0183,0.8415,0.3523
5.0903,-18.1767,1.7702,2.0183,0.8415,0.3523
5.0903,-18.1767,1.7702,2.7672,1.4146,0.2181
4.3263,-17.3552,-0.3522,2.8737,1.4029,0.0636
-0.0287,-14.8422,-1.4805,2.9653,1.4838,0.1488
-6.1659,-12.5665,-1.5667,3.0345,1.9525,0.4652
-8.9902,-10.6407,-2.4073,3.0441,2.3798,0.6942
-6.7887,-9.5723,-3.5691,2.9962,2.5556,0.8338
-2.3187,-11.8456,-1.7869,2.9962,2.5556,0.8338
-2.3187,-11.8456,-1.7869,3.0217,2.5108,1.3312
-0.3522,-13.9896,0.673,3.1486,2.3798,1.3983
1.4948,-15.8939,2.6207,3.17,1.9962,1.2641
2.46,-15.4916,1.1282,3.17,1.9962,1.2641
2.46,-15.4916,1.1282,2.651,1.2772,0.7677
-1.4972,-12.8781,0.3546,2.651,1.2772,0.7677
-1.4972,-12.8781,0.3546,2.3634,1.6255,0.5557
-1.8659,-11.9174,-0.5485,2.3634,1.6255,0.5557
-1.8659,-11.9174,-0.5485,2.324,2.693,0.3704
-0.5461,-11.2994,-0.5844,2.3475,3.0541,0.2351
0.4073,-10.4539,-0.6658,2.3208,3.0658,0.1254
0.8358,-9.3735,-0.8334,2.1813,2.7569,0.0753
1.2312,-7.1266,-1.4637,2.1813,2.7569,0.0753
1.1641,-6.4727,-1.3748,1.931,2.3553,0.0572
1.1162,-5.8568,-1.2336,1.6583,2.1198,0.0647
0.7137,-5.5048,-1.1115,1.4612,2.0431,0.1126
0.7137,-5.5048,-1.1115,1.1885,1.9259,0.1776
-0.1436,-5.1813,-1.2168,1.1885,1.9259,0.1776
-0.7448,-4.9874,-1.2623,1.0074,1.7842,0.1478
-0.7448,-4.9874,-1.2623,0.5248,1.5211,-0.0237
-1.5786,-4.683,-1.5499,0.5248,1.5211,-0.0237
-1.5786,-4.683,-1.5499,0.0519,1.4476,-0.2761
-1.8204,-4.2712,-1.7797,0.0519,1.4476,-0.2761
-1.7151,-4.0052,-1.684,-0.1547,1.4124,-0.4327
-1.7414,-3.6457,-1.3892,-0.3549,1.3496,-0.6106
-2.2517,-3.4039,-0.7448,-0.5882,1.2495,-0.7981
-3.1214,-3.5954,0.2154,-0.8439,1.0971,-0.9291
-3.9166,-4.4029,1.1402,-1.1049,0.9107,-0.9962
-4.7189,-5.6437,2.6207,-1.3786,0.7105,-1.0388
-6.1635,-7.3684,5.4952,-1.6451,0.5379,-1.0836
-6.1635,-7.3684,5.4952,-1.8027,0.2588,-0.9643
-6.1851,-9.3807,6.8557,-1.7569,-0.0937,-0.8545
-6.8462,-13.6014,9.9125,-1.7569,-0.0937,-0.8545
-10.2813,-15.0795,8.8705,-1.5182,-0.1565,-0.6511
-10.2813,-15.0795,8.8705,-0.5158,0.8734,0.0125
-12.1547,-14.4687,7.1673,0.1328,1.3102,0.2149
-9.7423,-12.2792,6.1851,0.5504,1.2846,0.3299
-6.1946,-11.1988,5.04,0.5504,1.2846,0.3299
-6.1946,-11.1988,5.04,0.9105,0.3014,0.4258
-6.1372,-14.3346,4.9443,1.0947,0.1885,0.5877
-4.156,-23.8396,6.7217,1.0947,0.1885,0.5877
-4.156,-23.8396,6.7217,1.6977,1.4817,0.7006
6.6929,-11.7689,-0.4839,1.6977,1.4817,0.7006
5.6892,-3.8735,-5.4665,1.5997,1.7704,-0.0492
4.7934,1.6983,-12.6817,1.148,1.1387,-0.8503
4.7934,1.6983,-12.6817,-0.927,-2.3371,-1.7419
-2.6782,0.0814,-1.2431,-0.927,-2.3371,-1.7419
-1.4398,-3.6385,0.1005,-1.5192,-2.2529,-1.5981
-0.3283,-8.5781,-4.0219,-1.6941,-0.9501,-1.3786
1.3652,-13.1749,-6.0654,-1.8102,-0.4687,-1.2018
2.8793,-16.4688,-4.288,-1.9998,-1.1174,-0.9398
3.4422,-18.3973,-1.2814,-2.1298,-1.8279,-0.8055
1.6552,-17.8415,0.2633,-2.1255,-1.6564,-0.9664
1.6552,-17.8415,0.2633,-1.7111,-0.0351,-1.3754
-3.0181,-9.498,1.6265,-1.7111,-0.0351,-1.3754
-3.8208,-7.5599,1.5427,-1.483,-0.0735,-1.2348
-4.0004,-7.5647,1.2,-1.4138,-0.5709,-1.0175
-4.0004,-7.5647,1.2,-1.5736,-1.7533,-0.7331
-2.7907,-9.1697,1.9186,-1.5736,-1.7533,-0.7331
-1.7845,-9.4214,1.6696,-1.5086,-2.205,-0.6777
-0.4408,-9.4597,0.9391,-1.3776,-2.6291,-0.5509
0.3977,-9.4741,0.0622,-1.2306,-2.9934,-0.4679
0.9534,-9.2224,-0.3642,-1.1187,-3.0861,-0.4316
0.9534,-9.2224,-0.3642,-1.0452,-2.5055,-0.3571
2.4001,-8.6212,-0.4958,-1.0452,-2.5055,-0.3571
2.9128,-8.6307,-0.1436,-1.0654,-2.173,-0.3336
2.9128,-8.6307,-0.1436,-1.1081,-1.6905,-0.3368
3.3656,-8.6882,0.5437,-1.0623,-1.5328,-0.3368
3.1765,-8.7196,1.4853,-1.0623,-1.5328,-0.3368
2.4863,-8.7484,1.6241,-1.0143,-1.3677,-0.3517
1.8061,-8.9375,1.6409,-0.9824,-1.176,-0.3613
1.8061,-8.9375,1.6409,-0.9674,-0.9278,-0.3592
0.9032,-8.892,1.0684,-0.9674,-0.9278,-0.3592
0.424,-8.7747,0.7855,-0.9919,-0.8404,-0.3667
-0.1388,-8.6116,0.4887,-1.0324,-0.801,-0.3762
-0.1388,-8.6116,0.4887,-1.1091,-0.8031,-0.3379
-0.8696,-8.4679,0.1987,-1.1315,-0.8276,-0.3049
-1.7582,-8.5302,0.0909,-1.1379,-0.9437,-0.2303
-2.6135,-8.4943,-0.1364,-1.1379,-0.9437,-0.2303
-2.6135,-8.4943,-0.1364,-1.2412,-1.0876,-0.1025
-2.5992,-8.5517,0.2154,-1.2412,-1.0876,-0.1025
-2.5992,-8.5517,0.2154,-1.2721,-1.0439,0.1073
0.0885,-9.2583,0.2899,-1.2721,-1.0439,0.1073
1.7917,-9.6345,-0.0191,-1.2668,-1.0577,0.1957
3.1022,-9.9509,-0.3737,-1.2263,-1.127,0.2319
3.5523,-10.4276,-0.4743,-1.1443,-1.2314,0.2244
3.0325,-11.0456,0.0598,-1.074,-1.225,0.1478
3.0325,-11.0456,0.0598,-0.927,-1.0013,-0.0098
2.4337,-11.4718,1.0133,-0.8066,-0.9991,-0.0375
2.0195,-11.7115,1.7055,-0.6617,-1.0982,-0.0322
1.526,-11.8575,2.144,-0.5041,-1.2665,-0.0055
-0.1221,-11.4574,2.7644,-0.5041,-1.2665,-0.0055
-0.1221,-11.4574,2.7644,-0.1813,-1.5264,0.1435
-0.9199,-11.0049,2.9559,-0.1813,-1.5264,0.1435
0.5605,-11.455,2.8649,0.0359,-1.4934,0.2916
0.5605,-11.455,2.8649,0.6814,-1.0322,0.4684
2.8865,-13.2231,3.0493,1.0937,-0.7701,0.396
5.143,-17.5683,2.683,1.0937,-0.7701,0.396
4.4747,-19.3625,1.5667,1.54,-0.5539,0.2394
4.4747,-19.3625,1.5667,2.3443,-0.4623,-0.3379
-6.7408,-15.1394,0.2082,2.3443,-0.4623,-0.3379
-6.7408,-15.1394,0.2082,2.7341,-0.6316,-0.0428
-8.1013,-7.5647,-0.2011,2.7341,-0.6316,-0.0428
-3.7801,-7.7614,0.0454,2.8609,-0.2908,0.3384
-1.1115,-10.7843,0.5174,2.9845,-0.066,0.4631
-0.4815,-14.15,-0.436,3.2743,-0.1416,0.4929
-0.4815,-14.15,-0.436,3.3841,-0.9342,0.2692
-2.5465,-19.3337,-2.053,3.3841,-0.9342,0.2692
-3.0421,-19.5758,-2.896,3.0869,-1.3794,0.1041
-2.6279,-17.5946,-2.2541,2.5754,-1.5062,-0.16
-1.6457,-14.4089,-0.6395,2.0034,-0.9278,-0.4039
-1.1043,-12.0467,0.8239,1.7158,0.295,-0.568
-0.8553,-10.758,1.1282,1.8841,1.6116,-0.6362
-0.5198,-9.6058,0.7927,2.3091,2.5289,-0.6021
-0.1173,-8.5948,0.2418,2.7118,2.9742,-0.4551
-0.1173,-8.5948,0.2418,3.0271,2.7143,-0.1515
0.333,-8.0989,-0.3785,2.9216,2.075,-0.1099
-0.2394,-7.9457,-1.921,2.8172,1.1504,-0.0929
-1.0492,-7.5767,-1.5116,2.8172,1.1504,-0.0929
-1.0492,-7.5767,-1.5116,2.0982,0.9235,0.1051
-3.21,-7.129,-2.3786,2.0982,0.9235,0.1051
-2.7093,-6.7504,-0.9798,1.9203,0.1544,0.1968
-2.7093,-6.7504,-0.9798,1.8266,0.001,0.3576
-3.2603,-5.1502,1.4182,1.8266,0.001,0.3576
-1.5283,-5.5934,0.2947,1.5475,1.4242,0.3864
-2.1464,-4.8006,1.2096,1.1991,1.4231,0.2521
-1.684,-4.8174,-1.4398,0.9051,1.7096,0.1211
-1.7558,-4.1105,0.9103,0.6154,1.0694,0.0434
-1.382,-4.0363,0.1867,0.4194,0.7382,0.0199
-1.382,-4.0363,0.1867,-0.1781,0.6455,-0.0396
-0.4456,-4.0004,-0.1484,-0.1781,0.6455,-0.0396
0.1316,-3.9501,-0.1795,-0.4402,0.3121,-0.078
-0.1508,-4.0219,0.0837,-0.6958,-0.0362,-0.1376
-0.1508,-4.0219,0.0837,-1.1624,-0.5752,-0.2218
-0.225,-3.8567,0.764,-1.3456,-0.7957,-0.339
-0.582,-4.2114,1.6265,-1.5022,-0.9544,-0.4572
-1.1139,-5.0257,2.5776,-1.612,-1.1057,-0.5712
-2.1655,-6.6211,5.5719,-1.612,-1.1057,-0.5712
-2.8075,-8.1061,7.8811,-1.6355,-1.2282,-0.6905
-2.8075,-8.1061,7.8811,-1.3765,-0.8617,-0.7459
-2.9152,-9.3209,9.8838,-1.1571,-0.3856,-0.7469
-2.1248,-12.1882,11.9198,-1.1571,-0.3856,-0.7469
-2.108,-13.6828,12.0491,-0.9291,0.3131,-0.617
-2.108,-13.6828,12.0491,-0.2143,1.0641,-0.1472
-3.4709,-14.1356,10.4204,-0.2143,1.0641,-0.1472
-3.301,-11.0312,9.3424,0.1808,0.8692,0.0892
-3.301,-11.0312,9.3424,0.6271,0.229,0.1254
-4.3191,-8.8968,7.4091,0.5951,0.3675,0.1094
-5.773,-8.5709,5.3178,0.5408,0.5475,0.2053
-13.5559,-20.7424,-0.2059,0.5408,0.5475,0.2053
-13.5559,-20.7424,-0.2059,0.2841,-1.0151,1.0468
-13.6325,-28.0582,-3.0756,0.6793,-0.687,1.2662
-3.9956,-25.7131,6.6403,1.6668,0.2098,1.1001
4.264,-2.7141,-8.4823,1.6668,0.2098,1.1001
4.264,-2.7141,-8.4823,0.0988,-0.4985,0.332
3.828,0.6874,-8.8537,0.0988,-0.4985,0.332
3.828,0.6874,-8.8537,-0.6809,-1.9003,-0.2122
1.5858,-4.5777,5.1885,-0.6809,-1.9003,-0.2122
