andar
-4.525,4.1632,8.7196,0.1703,0.3235,0.0856
-4.525,4.1632,8.7196,0.0073,0.152,0.0504
-4.7982,4.5441,8.5278,0.0073,0.152,0.0504
-4.7982,4.5441,8.5278,-0.2323,-0.0205,0.0472
-5.222,4.4532,8.4488,-0.2323,-0.0205,0.0472
-5.222,4.4532,8.4488,-0.537,-0.0641,0.1058
-5.6078,3.9884,9.3568,-0.537,-0.0641,0.1058
-5.6652,3.6433,9.7327,-0.6424,-0.0428,0.1527
-5.6652,3.6433,9.7327,-0.717,-0.0482,0.2262
-5.6173,3.2962,10.0921,-0.7159,-0.1568,0.2294
-5.0041,2.9822,10.322,-0.7159,-0.1568,0.2294
-5.0041,2.9822,10.322,-0.6051,-0.4157,0.1548
-4.5394,2.9415,9.68,-0.6051,-0.4157,0.1548
-4.2521,2.9727,9.1386,-0.5263,-0.5147,0.1346
-4.3335,3.0038,8.5829,-0.4603,-0.5446,0.1324
-4.3454,3.0373,8.0582,-0.4123,-0.4806,0.141
-4.4005,3.0157,7.6967,-0.3814,-0.3667,0.1601
-4.4412,3.0493,7.5767,-0.3761,-0.2804,0.1836
-4.4029,3.0876,7.445,-0.3825,-0.2388,0.2091
-4.4316,3.0445,7.2894,-0.3963,-0.193,0.2326
-4.4316,3.0445,7.2894,-0.5093,-0.1824,0.2539
-4.525,2.9463,7.1841,-0.5785,-0.1941,0.2826
-4.5034,2.8601,7.8188,-0.5785,-0.1941,0.2826
-4.2087,2.7644,7.7685,-0.6137,-0.2495,0.3231
-3.974,2.6925,7.5504,-0.6456,-0.3113,0.3593
-3.974,2.6925,7.5504,-0.7266,-0.3858,0.4041
-3.3824,2.5079,7.8571,-0.7266,-0.3858,0.4041
-3.3824,2.5079,7.8571,-0.6722,-0.4977,0.4126
-2.7644,2.46,7.917,-0.6722,-0.4977,0.4126
-2.5465,2.4432,7.6608,-0.6062,-0.5137,0.3934
-2.5465,2.4432,7.6608,-0.5402,-0.2782,0.3444
-2.4145,2.4791,7.6177,-0.505,-0.1611,0.3178
-2.2972,2.5198,7.7949,-0.4571,-0.078,0.2912
-2.2876,2.5127,8.1085,-0.3772,-0.0119,0.2581
-2.1607,2.5704,8.3195,-0.2962,0.0721,0.2198
-2.1775,2.6327,8.3746,-0.2962,0.0721,0.2198
-2.2301,2.7428,8.1926,-0.211,0.1488,0.1868
-2.2541,2.7452,7.9673,-0.1375,0.1999,0.1527
-2.2541,2.7452,7.9673,-0.1055,0.1435,0.0877
-2.5752,2.7763,7.9696,-0.1162,0.0785,0.0781
-2.5055,3.0062,7.9194,-0.1162,0.0785,0.0781
-2.3499,3.0951,8.0798,-0.1418,0.0338,0.0664
-2.3355,3.2746,8.3219,-0.1556,0.0167,0.0419
-2.1823,3.2842,8.3219,-0.1482,0.0295,0.0153
-2.1535,3.2435,8.4632,-0.1226,-0.0268,-0.0219
-2.1535,3.2435,8.4632,-0.0416,-0.1749,-0.1689
-2.2541,3.3225,8.4655,-0.0097,-0.2133,-0.1987
-3.0157,3.4278,8.0558,-0.0086,-0.2133,-0.1615
-3.2531,3.5452,7.8284,-0.0001,-0.1419,-0.121
-2.7859,3.6771,8.2884,0.0669,-0.0545,-0.1284
-2.3738,3.6481,8.8609,0.1607,-0.0002,-0.1668
-2.4001,3.5164,8.8393,0.2342,0.0284,-0.1945
-2.8577,3.7394,8.7436,0.2342,0.0284,-0.1945
-2.8577,3.7394,8.7436,0.2757,0.1211,-0.1881
-3.1549,3.7011,8.2189,0.2757,0.1211,-0.1881
-3.5691,3.6915,8.298,0.2203,0.1424,-0.1828
-3.5691,3.6915,8.298,0.036,0.2415,-0.1167
-3.84,3.828,8.3267,-0.081,0.2596,-0.0496
-3.9621,3.8304,8.9686,-0.081,0.2596,-0.0496
-3.9621,3.8304,8.9686,-0.2153,0.0647,0.0089
-2.6877,3.9214,9.8694,-0.2153,0.0647,0.0089
-2.6853,4.0028,9.7758,-0.2121,-0.1387,-0.0731
-2.6853,4.0028,9.7758,-0.1673,-0.2836,-0.2158
-3.0708,3.6748,9.7207,-0.1673,-0.2836,-0.2158
-2.8075,3.7035,10.049,-0.1652,-0.1983,-0.236
-2.6423,3.514,9.9509,-0.1492,-0.0854,-0.2552
-2.5345,3.2986,10.0155,-0.1364,-0.0066,-0.2818
-2.5345,3.2986,10.0155,-0.1599,0.1179,-0.3458
-3.0229,2.3618,10.6407,-0.1599,0.1179,-0.3458
-3.0229,2.3618,10.6407,-0.1386,0.2916,-0.3479
-3.5116,1.593,11.0073,-0.1386,0.2916,-0.3479
-2.9391,1.2767,10.8681,-0.0896,0.2958,-0.3244
-2.5465,1.1354,10.7005,-0.0235,0.2564,-0.35
-2.5465,1.1354,10.7005,0.1607,0.3043,-0.4885
-2.2397,1.1929,9.0237,0.1607,0.3043,-0.4885
-2.1799,1.4374,8.4584,0.1937,0.3395,-0.5226
-2.1799,1.4374,8.4584,0.1372,0.43,-0.5449
-2.3834,1.3245,8.1037,0.0669,0.4279,-0.53
-2.7787,1.5667,7.6895,0.0669,0.4279,-0.53
-3.2172,1.4781,6.7504,-0.0203,0.4215,-0.5045
-4.0435,1.5738,6.7624,-0.1822,0.3981,-0.4533
-4.0435,1.5738,6.7624,-0.5465,0.3065,-0.1593
-3.2148,1.0324,7.4642,-0.5465,0.3065,-0.1593
-3.2148,1.0324,7.4642,-0.7031,0.0743,-0.1029
-2.2349,0.8382,9.2511,-0.7031,0.0743,-0.1029
-2.4672,0.8744,9.2224,-0.6477,0.0093,-0.2009
-2.5704,0.8744,9.4741,-0.5828,-0.0418,-0.268
-2.5704,0.8744,9.4741,-0.4411,-0.1707,-0.3106
-2.4097,0.9319,9.6249,-0.374,-0.2463,-0.333
-2.3953,0.9941,9.4286,-0.358,-0.2857,-0.3362
-2.7452,1.4278,8.0678,-0.358,-0.2857,-0.3362
-2.7452,1.4278,8.0678,-0.4613,-0.0109,-0.2808
-2.2469,1.5595,8.9878,-0.4613,-0.0109,-0.2808
-2.6877,1.5188,9.2344,-0.4198,0.1083,-0.285
-2.6877,1.5188,9.2344,-0.2291,0.1584,-0.2829
-2.7117,1.8444,8.7364,-0.1865,0.103,-0.2786
-2.7907,1.8875,8.4655,-0.1599,0.0178,-0.2744
-3.119,2.0865,8.4751,-0.1599,0.0178,-0.2744
-3.119,2.0865,8.4751,-0.1205,-0.045,-0.235
-3.4231,2.2469,8.7124,-0.1205,-0.045,-0.235
-3.7298,2.1775,8.0582,-0.0768,-0.0407,-0.1892
-3.8376,2.5608,8.1396,-0.0842,-0.0545,-0.1348
-3.7729,2.7548,8.0032,-0.1471,-0.1078,-0.0539
-3.7729,2.7548,8.0032,-0.2994,-0.094,0.092
-3.5547,2.6231,7.814,-0.3601,-0.0045,0.1431
-3.4805,2.4624,9.0357,-0.3601,-0.0045,0.1431
-3.4805,2.4624,9.0357,-0.2664,0.2223,0.2454
-3.3871,2.2756,9.3616,-0.2003,0.2106,0.2912
-3.3441,2.2397,9.4358,-0.1737,0.1488,0.3071
-3.1238,2.0721,9.1195,-0.2238,0.0348,0.2528
-2.9487,1.4469,9.7542,-0.2238,0.0348,0.2528
-2.9487,1.4469,9.7542,-0.2845,-0.1696,0.0557
-2.6734,1.0277,10.2884,-0.2781,-0.1121,-0.0741
-3.2818,0.8553,10.7364,-0.2611,0.0007,-0.0358
-5.4402,1.4326,10.5425,-0.2611,0.0007,-0.0358
-4.7093,1.4302,10.4491,-0.2738,0.0817,0.1527
-4.7093,1.4302,10.4491,-0.3378,-0.0098,0.3252
-3.5356,1.1474,11.06,-0.3378,-0.0098,0.3252
-4.1751,0.9774,11.1773,-0.3484,-0.013,0.2454
-4.1751,0.9774,11.1773,-0.3772,0.0583,0.2741
-5.6054,0.6778,10.418,-0.3772,0.0583,0.2741
-5.3082,0.2513,11.5391,-0.489,0.2244,0.4296
-4.8198,-0.0574,12.7248,-0.5295,0.3469,0.5628
-4.7716,-0.1221,12.8254,-0.4294,0.3075,0.6043
-4.8916,-0.1197,11.4933,-0.2387,0.136,0.5916
-4.6591,-0.0742,10.5449,-0.1045,-0.0716,0.5873
-4.3766,0.0574,10.5952,-0.047,-0.193,0.5916
-4.3766,0.0574,10.5952,0.1841,0.0146,0.5841
-5.3755,0.1939,9.9006,0.1841,0.0146,0.5841
-5.3755,0.1939,9.9006,0.4035,0.0135,0.7481
-6.0893,0.2899,7.9457,0.4035,0.0135,0.7481
-6.0893,0.2899,7.9457,0.2608,0.0189,0.9559
-6.2808,0.5581,8.1181,0.2608,0.0189,0.9559
-6.2808,0.5581,8.1181,0.0936,-0.0833,1.1625
-6.063,0.5796,8.511,0.0648,-0.1387,1.2339
-5.301,0.5485,8.6068,0.0691,-0.0993,1.2307
-3.1501,0.2609,9.2176,0.0691,-0.0993,1.2307
-2.7045,0.618,9.3257,0.1255,-0.0013,1.1231
-2.7045,0.618,9.3257,0.3247,0.1019,0.8259
-2.5489,0.8936,9.0333,0.3854,0.1275,0.7098
-2.0482,1.5595,5.9911,0.3854,0.1275,0.7098
-2.0482,1.5595,5.9911,0.182,0.0647,0.5798
-2.5246,1.8372,5.6509,0.182,0.0647,0.5798
-2.5222,1.8947,5.7658,0.052,-0.0023,0.5681
-1.933,1.9497,5.4234,-0.0395,-0.0844,0.5575
-2.2421,1.5188,5.591,-0.0896,-0.177,0.5319
-3.3177,1.2575,5.749,-0.1396,-0.2335,0.4744
-2.4432,2.2278,4.3694,-0.194,-0.1504,0.4818
-0.357,4.4412,4.6615,-0.2973,-0.1728,0.566
-0.357,4.4412,4.6615,-0.5455,-0.3411,0.4264
-1.6552,1.5619,4.065,-0.5455,-0.3411,0.4264
-1.6552,1.5619,4.065,-0.9599,-0.5243,0.3561
-2.0817,2.3283,5.84,-0.9844,-0.5115,0.3466
-1.921,2.29,6.7743,-0.9876,-0.4412,0.2699
-1.4278,1.8372,7.3732,-0.9876,-0.4412,0.2699
-1.4278,1.8372,7.3732,-0.9535,-0.2772,0.076
-1.7079,1.6265,7.723,-0.946,-0.2378,-0.0177
-3.0229,0.8382,7.4714,-0.946,-0.2378,-0.0177
-3.0229,0.8382,7.4714,-1.0994,-0.3699,0.0099
-4.3742,1.3365,9.0788,-1.0994,-0.3699,0.0099
-3.1669,1.909,10.0801,-1.1548,-0.4327,0.1197
-2.5585,1.933,10.9423,-1.2038,-0.6383,0.273
-2.0219,1.7247,11.0264,-1.1335,-0.7469,0.2837
-2.0219,1.7247,11.0264,-0.9279,-0.7299,0.1505
-1.1354,2.2972,11.0312,-0.8469,-0.52,0.0696
-3.2722,0.3187,11.4382,-0.8469,-0.52,0.0696
-5.4761,-0.7544,11.9868,-0.7894,-0.3443,0.0888
-3.5643,1.5714,12.6793,-0.7585,-0.176,0.2677
-1.4661,1.974,12.3462,-0.6648,-0.2527,0.484
-1.4661,1.974,12.3462,-0.5167,-0.3858,0.2102
-1.6816,-0.2657,11.6301,-0.5167,-0.3858,0.2102
-2.2349,0.5078,11.7259,-0.538,-0.4252,0.0419
-3.277,0.0718,11.4478,-0.5465,-0.4625,-0.0581
-2.5079,0.0335,11.3521,-0.57,-0.454,0.0057
-2.5079,0.0335,11.3521,-0.6435,-0.339,0.1058
-1.5571,-0.3211,11.5439,-0.668,-0.2591,0.0323
-1.842,-1.1713,12.6096,-0.668,-0.2591,0.0323
-2.2254,-1.5667,13.5248,-0.6584,-0.1866,-0.0422
-2.2254,-1.5667,13.5248,-0.375,-0.1877,-0.1125
-1.9378,-1.8204,14.0686,-0.1279,-0.1898,-0.1977
-1.3461,-1.593,12.3271,-0.1279,-0.1898,-0.1977
-1.3461,-1.593,12.3271,0.232,0.0242,-0.3756
-1.6026,-1.2527,11.2467,0.3034,0.1137,-0.3958
-1.9931,-0.9487,10.0777,0.2693,0.152,-0.366
-2.2373,-0.5892,8.6188,0.2693,0.152,-0.366
-1.854,-0.5892,8.7723,0.1575,0.1254,-0.3266
-1.605,-0.7065,9.0333,0.0179,0.0434,-0.3234
-1.605,-0.7065,9.0333,-0.1769,-0.0205,-0.399
-1.7965,-0.9151,9.1195,-0.2398,-0.03,-0.3948
-2.1368,-1.3628,9.5771,-0.2398,-0.03,-0.3948
-1.9545,-1.4589,9.5316,-0.2611,-0.0631,-0.3607
-1.6457,-1.5188,9.2344,-0.2462,-0.1227,-0.3138
-1.6457,-1.5188,9.2344,-0.1758,-0.2527,-0.252
-1.4781,-1.5116,8.9926,-0.1151,-0.2836,-0.2158
-1.2072,-1.133,8.7077,-0.0352,-0.3262,-0.1956
-0.8215,-0.8768,8.5996,0.068,-0.3145,-0.1998
-0.1197,-0.5126,8.0463,0.068,-0.3145,-0.1998
-0.1197,-0.5126,8.0463,0.1692,-0.2772,-0.2989
-0.2995,-0.5246,7.3923,0.1149,-0.3091,-0.3298
-0.3761,-0.527,7.1697,0.0414,-0.3166,-0.3692
-0.1963,-0.3402,7.2248,-0.0384,-0.3091,-0.4224
-0.2418,-0.2585,7.2942,-0.1205,-0.3411,-0.4619
-0.6108,-0.515,8.207,-0.1205,-0.3411,-0.4619
-0.6108,-0.515,8.207,-0.1631,-0.4231,-0.5034
-0.6658,-0.5964,9.3568,-0.1631,-0.4231,-0.5034
-0.6658,-0.5964,9.3568,-0.0256,-0.3709,-0.5151
-0.7784,-0.6156,9.6824,0.0786,-0.3315,-0.4981
-1.2575,-0.6706,9.4741,0.0786,-0.3315,-0.4981
-1.581,-0.4767,9.1003,0.1639,-0.2484,-0.4523
-1.581,-0.4767,9.1003,0.1894,-0.095,-0.2264
-1.8157,-0.3283,8.8417,0.1287,-0.0407,-0.0731
-1.8013,-0.2705,8.7101,0.1287,-0.0407,-0.0731
-1.8013,-0.2705,8.7101,-0.0107,0.0114,0.1868
-1.569,-0.2899,9.0764,-0.031,-0.0066,0.2624
-0.9271,-0.4456,10.1831,-0.031,-0.0066,0.2624
-0.9271,-0.4456,10.1831,0.068,-0.046,0.2475
-0.6467,-0.4935,10.1472,0.1394,-0.0609,0.1814
-0.7951,-0.4001,10.2741,0.1394,-0.0609,0.1814
-1.1282,-0.4695,10.0346,0.2065,-0.0854,0.1186
-1.2312,-0.6347,9.7111,0.2448,-0.0663,0.0824
-1.3533,-0.8936,9.5675,0.2512,-0.0205,0.0515
-1.7965,-1.0803,9.6992,0.2288,0.0476,0.0014
-1.7965,-1.0803,9.6992,0.2203,0.3043,-0.0507
-2.987,-0.7089,9.8069,0.2203,0.3043,-0.0507
-3.5188,-0.8481,9.7039,0.2725,0.4961,-0.007
-3.5188,-0.8481,9.7039,0.4664,1.0511,0.1623
-3.6385,-0.9726,9.1482,0.5367,1.4995,0.2422
-4.0219,-2.0003,7.4642,0.5367,1.4995,0.2422
-3.9501,-2.2565,7.1338,0.5633,1.9609,0.3039
-4.1727,-2.4193,6.9539,0.5047,2.468,0.3178
-4.5657,-2.9152,6.9826,0.2917,2.9004,0.3007
-4.4987,-3.4973,7.6704,-0.0427,3.0208,0.2667
-3.9429,-3.6314,9.0955,-0.3953,2.7779,0.1995
-3.9429,-3.6314,9.0955,-0.6712,2.0078,-0.1806
-3.1046,-2.7691,11.6923,-0.6712,2.0078,-0.1806
-3.3369,-2.3379,11.599,-0.4645,1.8585,-0.4491
-3.6676,-2.2182,10.5258,-0.0832,1.9481,-0.6621
-3.7753,-2.0913,9.1099,0.3588,2.1974,-0.7931
-3.7753,-2.0913,9.1099,1.0022,3.1923,-0.8656
-3.5667,-1.6816,7.7709,1.1354,3.8251,-0.8965
-3.2483,-1.4039,6.7169,1.1407,4.4546,-0.9572
-3.1956,-1.4086,5.603,1.1407,4.4546,-0.9572
-3.1956,-1.4086,5.603,0.933,5.3047,-1.1768
-3.2531,-1.4924,5.6126,0.8541,5.4314,-1.3653
-4.1919,-1.8252,6.4293,0.8541,5.4314,-1.3653
-4.1919,-1.8252,6.4293,0.9085,5.376,-1.8329
-5.3636,-1.775,6.8653,0.9085,5.376,-1.8329
-6.312,-1.2934,6.9276,1.0395,5.1928,-2.0535
-7.3971,-0.8119,6.5349,1.2152,4.9606,-2.2143
-8.298,-0.4551,5.4474,1.3963,4.656,-2.2889
-8.298,-0.4551,5.4474,1.5348,3.8954,-2.1706
-8.7603,-0.2178,3.9716,1.4379,3.4054,-2.0492
-8.9686,-0.1843,1.435,1.4379,3.4054,-2.0492
-8.7002,-0.2681,0.5605,1.2344,2.8706,-1.964
-8.7002,-0.2681,0.5605,0.5942,2.0088,-1.9416
-8.5613,0.1292,0.9032,0.5942,2.0088,-1.9416
-8.5613,0.1292,0.9032,0.0882,1.4772,-2.029
-9.1578,0.2585,2.0458,0.0254,1.3408,-1.9981
-11.3712,0.2561,4.3311,0.0254,1.3408,-1.9981
-12.0347,0.3618,4.7117,0.0872,1.2886,-1.8649
-12.0347,0.3618,4.7117,0.3471,1.5794,-1.393
-12.3127,0.2346,4.5154,0.4962,1.6987,-1.1511
-11.3712,0.5054,4.9227,0.6443,1.7392,-0.987
-11.0217,0.6754,4.4699,0.6443,1.7392,-0.987
-10.8202,0.357,3.9261,0.787,1.7882,-0.8613
-10.8202,0.357,3.9261,0.9415,1.6412,-0.6962
-10.1975,0.0047,2.92,0.9415,1.6412,-0.6962
-10.1639,-0.0694,2.7165,0.9575,1.4122,-0.6909
-10.1639,-0.0694,2.7165,0.9394,0.9413,-0.7655
-10.5928,-0.2828,2.6351,0.9351,0.7826,-0.7431
-11.3952,-0.4958,2.7811,0.9639,0.7123,-0.6366
-12.3103,-1.1522,3.0038,0.9639,0.7123,-0.6366
-12.3103,-1.1522,3.0038,1.0736,0.7432,-0.3713
-11.6349,-2.1751,2.6494,1.0736,0.7432,-0.3713
-11.6349,-2.1751,2.6494,1.1716,0.8583,-0.2499
-10.9857,-2.5992,2.9631,1.2802,1.001,-0.2552
-10.1807,-3.0421,3.6481,1.2802,1.001,-0.2552
-10.1448,-3.2172,3.3441,1.456,1.1832,-0.3031
-10.2669,-3.4973,2.9056,1.6733,1.3238,-0.3639
-10.2669,-3.4973,2.9056,2.0578,1.4633,-0.4416
-10.3483,-3.8519,2.2062,2.1463,1.4303,-0.4885
-10.7771,-4.2832,1.7319,2.1463,1.4303,-0.4885
-10.7771,-4.2832,1.7319,2.1825,1.4793,-0.5481
-10.8586,-4.3742,1.5547,2.1825,1.4793,-0.5481
-11.3066,-4.5968,2.2182,2.1005,1.6508,-0.5822
-11.3066,-4.5968,2.2182,2.0088,1.8425,-0.6419
-12.8637,-5.67,5.0017,2.0088,1.8425,-0.6419
-13.5248,-5.8711,5.6269,2.1825,1.7776,-0.6142
-13.4171,-5.7083,4.2975,2.4744,1.5879,-0.5418
-12.8517,-5.3154,2.1152,2.7534,1.2854,-0.3937
-12.8517,-5.3154,2.1152,2.7108,0.4428,-0.039
-10.2932,-4.2305,-0.8864,2.7108,0.4428,-0.039
-9.3161,-3.8735,-1.5116,2.3582,0.0231,0.0707
-8.7292,-4.0985,-1.7486,1.9215,-0.4093,0.1015
-8.7292,-4.0985,-1.7486,1.015,-1.2295,0.1197
-8.734,-4.6998,-0.9822,0.688,-1.6045,0.0898
-8.3841,-5.3396,0.1987,0.509,-1.8931,-0.04
-7.4594,-5.5886,1.0324,0.4344,-1.8527,-0.2914
-6.7265,-5.1238,1.6409,0.5143,-1.5278,-0.5758
-7.1003,-4.7791,2.7452,0.7657,-1.0676,-0.7239
-9.3113,-4.0866,2.3427,0.7657,-1.0676,-0.7239
-9.9676,-3.4685,1.9692,1.0139,-0.4316,-0.7122
-9.9676,-3.4685,1.9692,1.3463,0.2287,-0.5194
-9.4669,-3.0564,1.1258,1.3463,0.2287,-0.5194
-9.4669,-3.0564,1.1258,1.3377,0.6079,-0.4288
-9.1266,-2.671,1.2479,1.3665,0.8178,-0.4193
-9.2464,-2.4001,2.2828,1.4773,0.9701,-0.4011
-8.7699,-1.9449,2.448,1.5465,1.0639,-0.3394
-9.5076,-1.9162,2.5441,1.5881,0.9552,-0.1977
-9.5771,-1.3605,2.4313,1.6041,0.7656,-0.0517
-8.8417,-0.2466,3.5595,1.8704,0.4918,0.1079
-9.5914,0.1891,7.4953,1.9854,0.544,0.126
-6.0175,1.9907,-0.5653,1.0576,-0.1131,-0.0816
-5.1478,2.683,-8.7891,0.101,-0.9153,-0.2733
-7.9289,1.6792,3.2626,0.101,-0.9153,-0.2733
-9.0692,0.8358,7.5552,-0.2259,-0.9589,-0.35
-8.1423,0.4264,1.9473,0.1127,-0.7437,-0.2073
-8.1423,0.4264,1.9473,0.4983,-0.6926,-0.023
-6.0654,0.2394,-1.4134,0.313,-0.4146,-0.2222
-5.4665,-0.4192,-0.0335,0.6379,-0.1792,-0.3926
-5.7323,-0.7353,6.4077,1.2994,0.6516,-0.5386
-5.0496,-2.4097,1.8635,1.2994,0.6516,-0.5386
-4.4173,-1.7295,-2.7907,1.6925,1.4516,-0.6824
-4.4173,-1.7295,-2.7907,1.375,0.9456,-0.9306
-6.1204,-1.6768,-2.4289,1.1694,0.5398,-0.9529
-7.9912,-1.9668,0.9439,1.1226,0.4247,-0.9114
-9.1554,-2.7308,2.1511,1.0565,0.3587,-0.8294
-9.0548,-3.3153,2.2254,0.9596,0.2596,-0.7868
-9.8599,-3.7753,2.592,0.9596,0.2596,-0.7868
-9.8599,-3.7753,2.592,0.7572,0.331,-0.7239
-12.4827,-3.9644,2.0937,0.7572,0.331,-0.7239
-12.5354,-3.9573,1.4996,0.673,0.4194,-0.6291
-11.9868,-3.9501,1.6361,0.5378,0.4311,-0.5162
-11.4622,-3.9908,2.2421,0.4003,0.3256,-0.4352
-11.4622,-3.9908,2.2421,0.1756,0.1233,-0.3234
-11.455,-2.9152,4.434,0.1756,0.1233,-0.3234
-11.4071,-2.7811,5.8687,0.2214,0.0689,-0.2616
-11.139,-3.435,6.8869,0.4014,0.1936,-0.1998
-11.3114,-4.2951,6.7217,0.6507,0.3991,-0.2584
-11.3114,-4.2951,6.7217,0.9074,0.9477,-0.5002
-10.679,-5.0185,4.5633,0.9074,0.9477,-0.5002
-10.4898,-5.5814,2.762,0.8765,1.1757,-0.6802
-10.4898,-5.5814,2.762,0.6539,1.7275,-0.9742
-9.8407,-6.7839,-0.8553,0.6539,1.7275,-0.9742
-9.6106,-7.1649,-1.1593,0.493,1.7808,-1.0211
-9.2607,-7.2271,-0.6826,0.3684,1.5326,-0.938
-8.4416,-6.9443,-0.7018,0.2374,1.2971,-0.7633
-7.6728,-6.0654,0.1651,0.0233,1.083,-0.5279
-7.0308,-5.2364,1.2743,-0.2078,0.8828,-0.2946
-7.0308,-5.2364,1.2743,-0.3995,0.6335,0.0302
-6.7456,-4.9706,2.1344,-0.3995,0.6335,0.0302
-6.9539,-4.7716,1.3341,-0.4645,0.6718,0.0536
-7.4474,-4.2999,0.9367,-0.5732,0.6687,-0.0049
-7.4474,-4.2999,0.9367,-0.8885,0.773,-0.3511
-9.2898,-4.7285,1.763,-0.8885,0.773,-0.3511
-9.2898,-4.7285,1.763,-0.7809,1.1832,-0.4043
-8.274,-4.3119,-0.2657,-0.7809,1.1832,-0.4043
-7.8906,-4.3742,-0.2059,-0.7575,1.2417,-0.4469
-6.8557,-4.2616,-0.1484,-0.7489,1.2396,-0.4384
-5.9911,-4.2063,0.0598,-0.7415,1.2279,-0.4011
-5.7371,-4.1249,-0.0478,-0.7212,1.2034,-0.3905
-5.6006,-3.737,-0.5533,-0.7095,1.2236,-0.3724
-5.2388,-2.9894,-0.7712,-0.7724,1.2364,-0.3244
-5.289,-3.0325,-0.1699,-0.8938,1.2748,-0.2627
-4.9203,-3.8998,0.1556,-1.0163,1.2918,-0.1391
-5.761,-3.6098,-0.067,-1.0983,1.36,-0.1348
-5.761,-3.6098,-0.067,-1.24,1.4963,-0.4565
-5.9959,-3.7969,-0.0287,-1.24,1.4963,-0.4565
-5.0688,-3.3895,-0.4025,-1.2496,1.6987,-0.6664
-5.5599,-3.2579,-1.8492,-1.1782,1.9641,-0.9774
-5.5599,-3.2579,-1.8492,-0.946,1.8863,-1.3941
-6.9204,-3.9573,-3.4949,-0.8235,1.4047,-1.2428
-8.3746,-5.0927,-3.8447,-0.6105,0.903,-0.9178
-7.7829,-4.5082,-1.7726,-0.6105,0.903,-0.9178
-7.7829,-4.5082,-1.7726,-0.0981,0.8668,-0.6994
-7.6009,-4.9946,-2.5656,0.0659,0.7315,-0.6525
-8.063,-5.4761,-3.9788,0.166,0.4993,-0.578
-7.5842,-5.1478,-5.1334,0.166,0.4993,-0.578
-7.3732,-5.5216,-5.1143,0.2256,0.3267,-0.5556
-6.2282,-5.6868,-5.773,0.2704,0.2308,-0.5386
-6.2282,-5.6868,-5.773,0.3641,0.3075,-0.6856
-7.2942,-6.0965,-3.7226,0.5601,0.3576,-0.6802
-9.4478,-5.6724,-4.7141,0.5601,0.3576,-0.6802
-9.4478,-5.6724,-4.7141,0.6347,0.3448,-0.5524
-10.7676,-6.4583,-4.0698,0.6347,0.3448,-0.5524
-10.7676,-6.4583,-4.0698,0.6517,0.0125,-0.3596
-10.1687,-6.1994,-4.1536,0.6038,-0.0364,-0.3149
-8.195,-5.9887,-5.3947,0.6038,-0.0364,-0.3149
-8.195,-5.9887,-5.3947,0.3822,0.0402,-0.2765
-8.813,-6.391,-4.8557,0.3822,0.0402,-0.2765
-8.4201,-7.0715,-3.7298,0.2565,0.1019,-0.1476
-8.4201,-7.0715,-3.7298,0.2587,-0.1462,-0.0677
-7.1194,-8.0511,-0.685,0.2587,-0.1462,-0.0677
-6.3479,-8.6738,0.6706,0.4035,-0.2964,-0.2019
-6.2425,-9.4693,0.5006,0.6358,-0.4604,-0.3777
-6.2425,-9.4693,0.5006,0.9639,-1.0846,-0.8453
-7.7015,-10.6598,-0.5437,0.9639,-1.0846,-0.8453
-8.7292,-10.8274,-0.9223,0.8467,-1.1326,-0.9391
-8.7412,-9.2993,-0.8553,0.5633,-0.9206,-0.7931
-8.0965,-6.7145,0.2442,0.2832,-0.6809,-0.5268
-6.681,-5.222,1.8731,0.1671,-0.5307,-0.2296
-6.681,-5.222,1.8731,0.7838,-0.8258,0.0153
-6.0725,-5.3106,2.3379,0.7838,-0.8258,0.0153
-4.75,-5.0951,1.7654,1.2472,-0.813,0.0781
-5.2196,-5.076,1.5978,1.4986,-0.5637,0.0696
-6.0103,-4.6758,0.1723,1.4879,0.0402,0.0217
-6.0103,-4.6758,0.1723,1.0714,0.5312,0.0312
-6.6067,-4.2281,-0.5054,0.8627,0.2639,-0.1423
-7.8691,-5.04,-1.3724,0.8627,0.2639,-0.1423
-6.7456,-5.524,-0.831,0.6805,-0.0758,-0.3671
-6.7456,-5.524,-0.831,0.3503,-0.4284,-1.0051
-6.8127,-6.8486,0.369,0.3503,-0.4284,-1.0051
-6.8127,-6.8486,0.369,0.1063,-0.3848,-1.1778
-5.1143,-6.487,0.831,0.1063,-0.3848,-1.1778
-5.1143,-6.487,0.831,-0.0768,-0.4561,-1.0168
-4.9132,-6.0414,0.2226,-0.1364,-0.683,-0.9497
-4.537,-5.5216,-0.8095,-0.1428,-1.0889,-1.0232
-6.5373,-4.985,0.7233,-0.1428,-1.0889,-1.0232
-8.7436,-5.0975,1.2623,-0.1034,-1.1666,-1.134
-8.432,-5.0927,1.0708,-0.0789,-0.7267,-1.0872
-7.4139,-5.0688,1.3652,-0.0597,-0.3432,-0.9955
-7.22,-4.6303,1.5643,0.0371,-0.2026,-1.0041
-7.22,-4.6303,1.5643,0.4579,0.969,-1.4069
-9.0213,-5.658,-4.0866,0.4579,0.969,-1.4069
-9.6704,-5.3923,-1.4709,0.4078,0.4567,-1.4516
-7.814,-5.7323,-0.3737,0.3599,-0.4668,-1.0605
-7.814,-5.7323,-0.3737,0.0392,-0.5392,-0.9561
-5.8424,-5.5216,-0.2705,0.0392,-0.5392,-0.9561
-6.3862,-5.4665,0.079,-0.0054,-0.5403,-1.0669
-7.3038,-5.5719,-0.5988,-0.0203,-0.3922,-1.1596
-7.6249,-5.4785,-1.4206,0.003,-0.3528,-1.1447
-7.39,-5.3779,-1.5738,-0.0459,-0.4636,-1.0797
-7.378,-6.1587,-1.4685,-0.1418,-0.5669,-1.0701
-7.7374,-6.8007,-1.4517,-0.2611,-0.5616,-1.0925
-7.7877,-7.2822,-1.1976,-0.2973,-0.5829,-1.0563
-7.536,-7.9337,-1.1593,-0.3101,-0.5754,-0.9838
-8.0654,-8.5446,-1.0492,-0.277,-0.5531,-0.9029
-8.6667,-9.3233,-1.2431,-0.2366,-0.4561,-0.7857
-8.6667,-9.3233,-1.2431,-0.243,-0.2431,-0.4597
-8.535,-9.3544,-0.4144,-0.243,-0.2431,-0.4597
-8.535,-9.3544,-0.4144,-0.1822,-0.4231,-0.219
-7.9864,-10.2142,-2.1966,-0.1822,-0.4231,-0.219
-7.8092,-9.8264,-2.6446,-0.325,-0.3965,-0.1604
-8.195,-10.0418,-2.5151,-0.4347,-0.5041,-0.1082
-8.195,-10.0418,-2.5151,-0.5977,-0.487,0.1719
-8.693,-10.3941,-1.1474,-0.5977,-0.487,0.1719
-9.3065,-10.2693,-0.527,-0.6254,-0.2537,0.3679
-9.3065,-10.2693,-0.527,-0.5987,0.3075,0.7908
-9.6704,-9.3712,0.6802,-0.5987,0.3075,0.7908
-9.074,-8.5015,1.593,-0.5689,0.626,0.99
-9.074,-8.5015,1.593,-0.4251,1.3877,1.2136
-7.0284,-5.2436,2.1918,-0.4251,1.3877,1.2136
-6.2114,-4.9706,2.5585,-0.3388,1.5176,1.0347
-6.2114,-4.9706,2.5585,-0.0608,1.7509,0.3114
-2.6039,-5.1765,1.6696,-0.0608,1.7509,0.3114
-0.5749,-5.9241,0.9894,0.0627,1.7584,-0.2243
-0.5749,-5.9241,0.9894,0.182,2.0685,-1.4516
0.6275,-9.0141,-1.9162,0.182,2.0685,-1.4516
0.1268,-12.363,-4.5082,0.1053,2.256,-1.98
-1.7486,-15.3836,-6.6762,-0.1631,2.2879,-2.308
-4.4963,-17.3073,-8.2453,-0.635,2.0323,-2.2718
-4.4963,-17.3073,-8.2453,-1.7802,0.6985,-1.1351
-8.6643,-14.9071,-4.2114,-1.7802,0.6985,-1.1351
-8.6643,-14.9071,-4.2114,-1.8228,-0.0854,0.2272
-7.3995,-13.4147,-0.1987,-1.4415,0.3746,0.3966
-5.9864,-11.6181,2.7524,-1.4415,0.3746,0.3966
-5.6054,-10.7867,0.963,-0.9961,0.8242,0.485
-4.8964,-9.3041,-0.2657,-0.6914,1.0862,0.6107
-3.9788,-6.9922,0.9367,-0.5838,1.1864,0.7652
-3.9788,-6.9922,0.9367,-0.1684,1.9822,0.9005
-2.4408,-4.132,0.6012,-0.1684,1.9822,0.9005
-2.4408,-4.132,0.6012,0.2448,2.419,0.6491
-2.7428,-5.4545,-1.7055,0.2448,2.419,0.6491
-2.9152,-6.5708,-2.0338,0.2757,2.257,0.5543
-2.9152,-6.5708,-2.0338,0.1937,1.881,0.6107
-2.0626,-6.9611,-0.752,0.1937,1.881,0.6107
-1.4012,-6.1156,0.237,0.2075,1.8746,0.6192
-0.9391,-6.1132,-0.3737,0.3173,1.9407,0.615
-0.9391,-6.1132,-0.3737,0.689,1.817,0.5671
-0.4456,-6.3,-1.5092,0.6698,1.1778,0.4328
-0.8239,-6.7312,-3.1836,0.4643,0.2713,0.2059
-1.7702,-6.6642,-1.6121,0.4643,0.2713,0.2059
-1.8085,-6.7959,-1.5212,0.3695,-0.1781,0.0856
-1.526,-6.9252,-1.921,0.4664,-0.3368,0.0824
-1.8324,-7.0018,-2.8242,0.5836,-0.5158,0.0185
-1.8324,-7.0018,-2.8242,0.6102,-0.8268,-0.2999
-2.5896,-6.8797,-3.6481,0.5761,-0.9302,-0.3862
-3.3057,-7.5264,-4.7716,0.5761,-0.9302,-0.3862
-3.4638,-8.183,-5.3803,0.5346,-0.8897,-0.4001
-3.8902,-8.8681,-6.1061,0.4664,-0.7065,-0.3532
-4.7596,-9.0357,-6.5182,0.3418,-0.3496,-0.2691
-6.9563,-9.3424,-6.1516,0.2022,0.1147,-0.1806
-6.9563,-9.3424,-6.1516,0.1458,1.0457,0.0888
-9.6154,-10.1352,-5.0592,0.1458,1.0457,0.0888
-9.6154,-10.1352,-5.0592,0.134,0.5003,0.5255
-7.3469,-9.6944,-5.3875,0.134,0.5003,0.5255
-6.3598,-8.4823,-5.8663,0.0882,-0.0588,0.5223
-6.3598,-8.4823,-5.8663,-0.0086,-0.0545,0.4307
-3.9022,-6.8797,-6.3838,-0.0086,-0.0545,0.4307
-3.447,-6.8629,-5.4545,0.0478,0.0306,0.3924
-2.8194,-6.9012,-4.0123,0.1969,0.0284,0.305
-2.8194,-6.9012,-4.0123,0.7508,-0.1067,0.0664
-2.6111,-7.8595,-1.7845,0.7508,-0.1067,0.0664
-2.6111,-7.8595,-1.7845,1.1226,-1.5405,-0.3042
0.3809,-9.6537,2.3211,1.1226,-1.5405,-0.3042
1.6672,-11.9605,2.5752,1.1481,-2.381,-0.6536
-0.0766,-14.0375,-0.7353,0.8797,-2.4226,-1.2481
-3.6433,-15.1107,-5.1454,0.2533,-0.9227,-1.7946
-6.1013,-14.5741,-5.04,-0.6818,0.8817,-1.8947
-7.3876,-11.3401,-1.9617,-1.2634,1.6604,-1.5102
-6.7743,-8.1372,1.6074,-0.9844,0.7219,-0.8123
-4.3239,-5.4593,3.6628,-0.0565,-1.336,-0.0379
-4.3239,-5.4593,3.6628,0.8318,-1.7685,0.1995
-4.3287,-3.8016,0.1316,0.8318,-1.7685,0.1995
-4.3287,-3.8016,0.1316,0.0904,-0.0194,-0.4129
-7.9074,-8.3099,-0.2971,0.3109,-0.2985,-0.1828
-6.8701,-6.7049,-0.0335,0.5921,-0.5073,-0.1625
-3.538,-5.603,0.1699,0.5921,-0.5073,-0.1625
-3.538,-5.603,0.1699,1.0938,-0.3443,-0.3255
-0.3905,-5.9816,-1.4972,1.0938,-0.3443,-0.3255
-0.4432,-6.0606,-0.6491,1.1567,-0.3517,-0.5375
-0.4911,-5.4665,0.8433,1.2057,-0.6276,-0.725
-1.0923,-5.1167,1.9641,1.2642,-0.8716,-0.8251
-1.0923,-5.1167,1.9641,1.2248,-0.7065,-0.8986
-2.2565,-6.4317,1.8707,1.2611,-0.7459,-0.8943
-3.1142,-8.444,1.4398,1.2611,-0.7459,-0.8943
-3.4973,-8.4225,0.6802,1.3654,-0.8503,-1.0179
-3.67,-7.972,-0.3067,1.4709,-0.7224,-1.1629
-3.2507,-7.6488,-0.1963,1.4272,-0.5563,-1.2428
-2.7524,-8.1639,0.3642,1.2792,-0.5105,-1.2673
-2.7524,-8.1639,0.3642,1.2429,-0.585,-1.4122
-2.1966,-8.1037,0.7185,1.2429,-0.585,-1.4122
-2.4863,-9.0668,0.3139,1.3857,-0.682,-1.5134
-2.8338,-9.7638,0.3043,1.3654,-0.7949,-1.4569
-2.7955,-10.3722,0.369,1.3111,-0.7544,-1.3525
-2.5632,-10.7341,-0.6826,1.3569,-0.5552,-1.3504
-3.0756,-10.7077,-0.9654,1.3686,-0.3688,-1.5059
-3.0756,-10.7077,-0.9654,1.0906,-0.1952,-1.6401
-3.0038,-10.7795,-0.6227,1.1087,-0.2825,-1.6401
-2.6877,-11.7881,-0.0119,1.065,-0.2122,-1.752
-2.0889,-13.9728,-0.872,0.8957,-0.2932,-1.9831
-3.2267,-12.5043,-0.6443,0.8957,-0.2932,-1.9831
-3.0014,-11.4574,-0.1843,0.8115,-0.4593,-2.1578
-3.0014,-11.4574,-0.1843,0.8882,-0.4242,-2.0641
-2.2541,-11.06,-0.8334,0.7668,-0.5019,-1.8905
-0.8696,-11.5319,-1.37,0.7668,-0.5019,-1.8905
-1.6768,-12.4779,-1.0755,0.5921,-0.6159,-1.687
-2.9056,-13.151,-1.9521,0.4525,-0.5392,-1.5006
-3.5595,-13.2303,-2.5246,0.3023,-0.4796,-1.3259
-3.7609,-13.8076,-3.1334,0.1511,-0.5222,-1.134
-3.737,-13.8507,-2.8673,-0.0299,-0.6607,-0.9519
-3.3081,-13.7765,-2.1631,-0.2802,-0.7171,-0.7857
-3.1525,-14.0805,-2.0195,-0.5199,-0.5786,-0.644
-3.7059,-14.2194,-2.2206,-0.7212,-0.2601,-0.579
-3.7059,-14.2194,-2.2206,-1.2666,0.4407,-0.3532
-4.0028,-15.058,-2.1703,-1.2666,0.4407,-0.3532
-3.883,-14.6794,-0.2609,-1.6939,0.7379,-0.1295
-3.737,-14.1452,1.3676,-2.0732,0.9967,0.1207
-2.1559,-14.0614,1.6361,-2.3523,1.3152,0.3519
1.3868,-13.441,2.0123,-2.625,1.6977,0.5947
4.985,-12.7943,2.8122,-2.9403,2.0653,0.6938
6.4894,-12.0901,3.4326,-3.2002,2.3071,0.5958
6.4894,-12.0901,3.4326,-3.3578,2.2464,0.0909
6.6977,-11.5678,3.6409,-3.262,2.5159,-0.2509
6.681,-11.1964,1.6265,-3.1395,2.7375,-0.5961
5.289,-10.77,-2.0147,-3.0351,2.4285,-0.8549
2.0649,-12.4851,-4.3478,-3.0351,2.4285,-0.8549
-0.0407,-12.9523,0.0311,-2.8966,1.7051,-0.9977
-0.0407,-12.9523,0.0311,-2.675,1.54,-0.562
-1.4972,-11.8025,2.2301,-2.5621,1.3781,-0.1359
0.1197,-12.1092,-0.3306,-2.2617,1.164,0.1431
1.7893,-12.4324,-1.3485,-1.9347,0.642,0.3828
1.6409,-11.2276,-0.9606,-1.9347,0.642,0.3828
1.6409,-11.2276,-0.9606,-1.6172,0.3565,0.6991
0.3522,-8.9638,-0.7664,-1.6172,0.3565,0.6991
0.3522,-8.9638,-0.7664,-1.5555,0.3544,0.4765
-0.6826,-9.0117,-0.4073,-1.3626,0.2894,0.5244
-0.2947,-7.9218,0.225,-1.3626,0.2894,0.5244
0.1197,-6.3383,0.1891,-1.1868,0.3395,0.5873
0.1197,-6.3383,0.1891,-1.0238,0.6207,0.452
0.0933,-5.7035,0.2705,-0.8374,0.6228,0.4009
0.0407,-4.9203,0.5294,-0.6211,0.5706,0.322
0.582,-3.5093,0.1987,-0.4251,0.5046,0.2155
0.8553,-3.1645,0.4192,-0.2302,0.4833,0.1548
1.7295,-3.4446,0.7808,-0.2302,0.4833,0.1548
1.7295,-4.3598,0.8864,-0.0118,0.4066,0.1292
1.7342,-5.0855,0.0861,0.297,0.4045,0.1995
1.7342,-5.0855,0.0861,0.77,0.0796,0.387
1.2384,-6.1563,-0.7903,0.77,0.0796,0.387
1.2384,-6.1563,-0.7903,1.0342,-0.3581,0.5639
1.0803,-6.3263,-1.2503,1.1652,-0.5818,0.6288
1.1067,-6.4508,-1.9138,1.2877,-0.8045,0.6704
0.7496,-7.1146,-4.1177,1.2877,-0.8045,0.6704
0.8191,-7.5264,-5.8903,1.3804,-1.0058,0.7002
1.042,-7.9864,-7.3684,1.3825,-1.2242,0.7002
1.2407,-8.8178,-8.5589,1.2717,-1.3616,0.6459
1.4565,-9.8287,-8.7316,1.0469,-1.2742,0.5447
1.1713,-10.6981,-8.5134,0.7721,-0.8833,0.4286
0.4671,-11.4454,-8.1205,0.5005,-0.1877,0.3039
0.4671,-11.4454,-8.1205,0.1383,1.1182,0.0494
-0.2753,-11.8527,-7.39,0.0978,1.2481,-0.0262
-1.0253,-11.7546,-6.7648,0.0978,1.2481,-0.0262
-1.0875,-10.8442,-6.7648,0.0541,0.9232,-0.0326
-0.5629,-9.9532,-6.3958,-0.0555,0.4066,0.0334
0.1364,-9.3712,-4.7261,-0.1897,0.0828,0.0845
0.1364,-9.3712,-4.7261,0.3545,1.2279,-0.0517
2.2661,-4.9993,3.9716,0.5484,1.458,-0.3468
4.8988,-8.8226,2.0913,0.4525,1.3589,-0.4395
3.0974,-15.5802,-4.3718,0.4525,1.3589,-0.4395
2.9942,-18.3303,-3.5978,0.3609,-0.6639,-0.4352
3.1286,-18.2872,1.7031,0.5793,-2.1839,-0.4267
2.0913,-15.9633,-1.8731,0.6347,-2.1264,-0.3266
1.9114,-13.6014,-3.6002,0.5154,-0.895,-0.2062
1.2695,-9.9221,-1.3461,0.1298,0.037,-0.0986
1.2695,-9.9221,-1.3461,0.1649,-0.1153,-0.0422
-0.4911,-5.6293,3.3488,0.1649,-0.1153,-0.0422
-1.8157,-5.2124,3.6891,0.5282,-0.9398,-0.0592
-2.46,-6.0007,2.9463,0.8392,-1.4649,-0.0507
-2.46,-6.0007,2.9463,1.1684,-1.2891,0.011
-1.8516,-7.4163,0.0598,1.1684,-1.2891,0.011
-1.8516,-7.4163,0.0598,1.1513,-0.5382,-0.0912
-2.6782,-10.3411,0.8215,1.1513,-0.5382,-0.0912
-1.9692,-10.9136,0.7736,1.195,-0.536,-0.0794
-1.7989,-11.2707,0.134,1.293,-0.7757,-0.1274
-1.7989,-11.2707,0.134,1.2472,-0.9579,-0.1519
-0.3211,-10.2765,-0.9463,1.0384,-0.9216,-0.2307
0.8649,-8.9016,-1.7438,0.8488,-0.8631,-0.2829
0.0622,-8.5829,-1.5643,0.6997,-1.0015,-0.2563
-1.8444,-9.8527,-0.5868,0.6997,-1.0015,-0.2563
-1.3652,-9.5387,-0.436,0.6837,-1.0324,-0.1987
-0.8382,-8.8346,-0.5844,0.7508,-0.9994,-0.1668
-0.8143,-8.4488,-0.2947,0.8414,-1.0697,-0.1668
-0.8262,-8.2357,-0.1268,0.9639,-1.1635,-0.1753
-0.8262,-8.2357,-0.1268,1.2334,-1.2689,-0.1434
-0.2657,-7.7853,-0.333,1.2334,-1.2689,-0.1434
-0.4049,-7.8212,-0.3929,1.3346,-1.3424,-0.1625
-0.7544,-8.1205,-0.4815,1.4283,-1.4053,-0.2051
-1.145,-8.4679,-0.5366,1.4858,-1.4468,-0.2371
-1.145,-8.4679,-0.5366,1.4645,-1.4617,-0.2808
-1.4924,-8.9638,-0.369,1.4187,-1.3595,-0.2659
-2.4145,-9.4502,-0.1532,1.4187,-1.3595,-0.2659
-2.4528,-9.7207,-0.527,1.374,-1.2444,-0.2094
-1.6888,-9.4406,-0.4168,1.2951,-1.2178,-0.1103
-1.6888,-9.4406,-0.4168,1.1268,-1.091,-0.0049
-1.3748,-9.1003,-0.4528,1.0672,-0.9483,-0.0209
-0.6203,-8.7412,-0.2852,1.0672,-0.9483,-0.0209
-0.4336,-8.8633,-0.4216,1.0214,-0.7565,-0.0613
-0.4336,-8.8633,-0.4216,0.9362,-0.4924,-0.1593
-0.2923,-9.6154,-0.3714,0.9362,-0.4924,-0.1593
-0.2923,-9.6154,-0.3714,1.015,-0.4348,-0.2637
-0.9103,-10.1735,-0.9415,0.982,-0.5147,-0.2999
-0.8457,-10.8586,-1.2934,0.9479,-0.535,-0.3415
-0.764,-11.3042,-0.6419,0.9372,-0.52,-0.3543
-0.6347,-11.4311,-0.2154,0.9117,-0.5179,-0.35
-0.0239,-11.218,-0.1963,0.9117,-0.5179,-0.35
0.2705,-11.2084,-0.2418,0.8435,-0.5232,-0.3564
0.1436,-11.5101,-0.3666,0.7306,-0.5893,-0.3703
-0.4839,-11.7689,-0.6156,0.64,-0.6021,-0.3788
-1.3485,-12.2361,-0.908,0.5601,-0.6138,-0.3671
-1.5283,-12.6674,-1.5403,0.4866,-0.6511,-0.3213
-1.1761,-12.7105,-1.9955,0.3897,-0.6947,-0.268
-1.0468,-12.8374,-2.3427,0.247,-0.7651,-0.2701
-1.121,-12.9523,-2.6686,0.0904,-0.8748,-0.2946
-1.5403,-13.3404,-2.762,-0.0789,-0.9472,-0.3042
-2.108,-13.678,-2.5103,-0.2685,-0.8673,-0.301
-2.108,-13.678,-2.5103,-0.734,-0.2697,-0.2882
-2.6303,-13.5655,-2.6351,-1.0366,0.0274,-0.2147
-3.6915,-13.7211,-2.5079,-1.3499,0.3981,-0.0155
-2.2852,-12.7416,-2.3307,-1.3499,0.3981,-0.0155
-2.041,-11.927,-2.8027,-1.6854,0.7123,0.0525
-3.4111,-10.8777,-1.8109,-2.1264,0.903,0.027
-1.1426,-9.9054,0.2705,-2.5962,0.9605,0.141
-1.1426,-9.9054,0.2705,-3.0532,1.4367,0.3125
1.6193,-9.9724,2.2613,-3.0532,1.4367,0.3125
1.3365,-10.9184,2.8362,-3.0883,1.4548,0.3508
1.3365,-10.9184,2.8362,-2.9104,1.3685,0.4765
0.8095,-12.0491,2.1224,-2.8135,1.6135,0.4701
2.5704,-13.1702,0.9415,-2.7059,1.8725,0.2677
3.7609,-14.428,-0.7041,-2.5653,2.2975,0.1207
2.12,-14.8254,-1.394,-2.5653,2.2975,0.1207
2.12,-14.8254,-1.394,-2.3224,2.0451,0.2219
1.5331,-14.4448,-2.6423,-2.3437,1.475,0.3508
1.411,-13.6589,-2.357,-2.365,0.9765,0.4126
1.6169,-12.3367,-1.3844,-2.3576,0.8135,0.4115
0.9295,-9.062,0.2609,-2.3576,0.8135,0.4115
1.1091,-7.5647,-0.5677,-2.316,0.935,0.4019
0.3211,-7.3325,-0.6994,-2.3118,0.9776,0.3018
0.3211,-7.3325,-0.6994,-2.1925,0.7081,0.1165
-0.4073,-7.0428,-0.6515,-2.1925,0.7081,0.1165
-0.9415,-7.2487,0.503,-2.0519,0.5664,0.0898
-0.9415,-7.2487,0.503,-1.515,0.8444,0.2209
-0.7233,-6.6044,1.1689,-1.515,0.8444,0.2209
-0.7233,-6.6044,1.1689,-1.1378,1.3067,0.2997
-0.4121,-6.3335,1.3245,-1.0344,1.4867,0.3189
0.7736,-5.2436,1.3293,-1.0344,1.4867,0.3189
1.2072,-4.5202,1.1833,-0.9396,1.6359,0.3093
1.2072,-4.5202,1.1833,-0.5529,1.5176,0.2773
1.6624,-4.0147,0.7999,-0.5529,1.5176,0.2773
1.6624,-4.0147,0.7999,0.0691,1.001,0.3476
1.7606,-4.1249,0.4719,0.3513,0.7283,0.3966
1.6935,-4.3837,-0.5988,0.3513,0.7283,0.3966
1.5738,-4.7839,-1.0947,0.6091,0.4556,0.4552
1.6074,-5.2507,-2.0697,0.8733,0.2244,0.5255
1.6074,-5.2507,-2.0697,1.3282,-0.3102,0.5916
1.7199,-6.9707,-5.8855,1.3282,-0.3102,0.5916
2.0123,-8.0104,-7.9098,1.4006,-0.5925,0.5947
2.0123,-8.0104,-7.9098,1.1918,-0.8503,0.5276
2.0219,-10.8466,-9.153,1.1918,-0.8503,0.5276
1.6696,-12.4277,-8.5517,0.9639,-0.5563,0.4488
1.6696,-12.4277,-8.5517,0.4643,0.9712,0.2773
0.4144,-13.9991,-7.1912,0.4643,0.9712,0.2773
-0.1556,-14.2386,-7.2918,0.2789,1.7243,0.1442
-0.2705,-14.071,-7.6177,0.1276,1.9556,0.0483
-0.618,-13.1366,-7.2056,-0.0533,1.5443,0.0142
0.3522,-12.2026,-5.9265,-0.2238,0.756,0.0547
2.0099,-12.1044,-4.985,-0.309,0.0977,0.142
3.8304,-12.9307,-4.6806,-0.2525,-0.1834,0.1527
4.3311,-13.877,-4.5537,-0.0608,-0.2942,0.0664
4.3311,-13.877,-4.5537,0.3716,-0.9355,-0.0624
3.9285,-12.8948,-2.0314,0.3716,-0.9355,-0.0624
3.9285,-12.8948,-2.0314,-0.1716,-0.9845,-0.1402
2.3427,-11.5654,-0.9989,-0.521,-0.8013,-0.04
0.6706,-5.4091,1.83,-0.521,-0.8013,-0.04
0.6706,-5.4091,1.83,0.0019,-0.8322,0.158
-0.2106,-1.145,1.8659,0.0019,-0.8322,0.158
-2.0338,-1.4158,-0.0287,0.6624,-1.271,0.1633
-2.8601,-3.8639,-0.8912,1.1758,-1.8005,0.2091
-2.5055,-7.9673,-0.8382,1.4187,-2.1925,0.2485
-2.3642,-12.4468,-0.5294,1.4155,-2.2468,0.1229
-2.7308,-16.0809,0.9151,1.2419,-1.8846,-0.0826
-4.8341,-17.1059,1.6935,1.2003,-1.4607,-0.2659
-5.3202,-15.0005,1.4134,1.3367,-1.0388,-0.2318
-1.8061,-10.8202,-0.2489,1.4485,-0.47,0.092
-1.8061,-10.8202,-0.2489,1.424,-0.0119,0.2912
2.9703,-5.2436,-2.0721,1.424,-0.0119,0.2912
3.2028,-4.9826,-2.5273,1.4666,-0.226,0.0824
2.2421,-6.0725,-2.0242,1.5316,-0.6457,-0.1934
2.2421,-6.0725,-2.0242,1.5785,-1.5576,-0.5769
1.0037,-7.9792,-0.8191,1.6168,-1.6684,-0.6089
-1.5283,-11.3401,0.3522,1.6168,-1.6684,-0.6089
-2.8051,-11.9844,0.6227,1.6062,-1.5544,-0.5428
-2.8051,-11.9844,0.6227,1.5103,-0.8886,-0.1764
-3.3417,-10.7317,0.4192,1.5103,-0.8886,-0.1764
-3.3417,-10.7317,0.4192,1.4698,-0.3017,0.1122
-2.4791,-9.2392,-0.4312,1.472,-0.3262,0.1218
-0.9534,-7.2511,-0.6227,1.472,-0.3262,0.1218
-0.7616,-7.1936,-0.4647,1.4997,-0.4423,0.0792
-0.5988,-7.299,-0.8119,1.521,-0.4998,0.0398
-0.5988,-7.299,-0.8119,1.4613,-0.7736,-0.0368
-0.7185,-8.3051,-0.5677,1.4613,-0.7736,-0.0368
-0.7185,-8.3051,-0.5677,1.4272,-0.9941,-0.17
0.0766,-8.4464,-0.146,1.4123,-0.9408,-0.2765
0.067,-8.7962,0.4288,1.4858,-0.8865,-0.3511
0.0478,-9.0979,-0.1412,1.4975,-0.6639,-0.448
0.6299,-8.9878,-0.4695,1.5497,-0.634,-0.5726
0.3785,-9.1003,-0.7927,1.4539,-0.65,-0.6824
0.3163,-9.6561,-2.5513,1.0469,-0.4583,-0.7889
-1.2599,-10.1879,-0.7784,1.0469,-0.4583,-0.7889
-2.2732,-10.6311,-0.9822,1.2387,-0.3443,-0.8113
-2.8482,-11.3712,-1.0109,1.2621,-0.4146,-0.7441
-2.8482,-11.3712,-1.0109,0.9639,-0.2463,-0.5268
-2.2134,-11.7618,-0.8792,0.9639,-0.2463,-0.5268
-2.8314,-11.9222,-0.6826,0.7295,-0.0631,-0.4757
-2.8314,-11.9222,-0.6826,0.3822,-0.0066,-0.3926
-3.725,-12.0299,-0.7305,0.2683,-0.1142,-0.285
-3.804,-12.284,-1.3221,0.1639,-0.2474,-0.1647
-0.3139,-12.2912,-2.9942,0.1639,-0.2474,-0.1647
1.2479,-11.8384,-3.9501,0.0509,-0.3933,-0.088
1.2479,-11.8384,-3.9501,-0.4667,-0.5211,-0.1039
1.569,-11.587,-3.9405,-0.7319,-0.4007,-0.1508
-1.121,-12.5091,-3.3871,-0.7319,-0.4007,-0.1508
-1.121,-12.5091,-3.3871,-1.1974,-0.2058,-0.0901
-0.4671,-11.7043,-4.1632,-1.1974,-0.2058,-0.0901
-0.5629,-11.0983,-3.0876,-1.5959,-0.1888,-0.0741
-1.8133,-10.6886,-0.9319,-2.0306,-0.1355,-0.0794
-2.4911,-10.5712,1.7271,-2.4652,0.2063,0.0547
-3.1118,-11.6421,4.3598,-2.8753,0.8742,0.3679
-2.8553,-13.8794,4.707,-3.1735,1.7158,0.6896
-0.7137,-16.3012,3.3345,-3.2694,2.2262,0.9676
2.1751,-16.9838,2.2756,-3.2428,2.1175,1.0262
2.1751,-16.9838,2.2756,-2.7166,0.854,0.468
4.7117,-15.283,-1.3221,-2.7166,0.854,0.468
3.5116,-14.1332,-2.8673,-2.5216,0.935,0.0515
2.2086,-13.6277,-3.0684,-2.4779,1.4452,-0.2744
1.2886,-13.1079,-1.8037,-2.5003,1.6519,-0.3862
1.2144,-12.3558,-1.2072,-2.5035,1.5336,-0.3063
1.909,-11.7905,-1.3509,-2.4971,1.3642,-0.1689
2.5752,-11.2371,-1.1282,-2.528,1.1448,-0.0507
2.5752,-11.2371,-1.1282,-2.4865,0.8082,0.0579
1.9306,-9.6872,0.5964,-2.4865,0.8082,0.0579
1.9306,-9.6872,0.5964,-2.0401,0.7208,0.0589
-0.2705,-8.8489,1.0348,-2.0401,0.7208,0.0589
-0.436,-8.5517,0.3306,-1.8356,0.7432,0.0941
-0.436,-8.5517,0.3306,-1.679,0.9211,0.1953
-1.2264,-8.3985,1.4541,-1.613,1.1267,0.2336
-0.0718,-7.0596,0.5533,-1.613,1.1267,0.2336
0.3211,-6.0462,0.7233,-1.5512,1.181,0.2113
0.3211,-6.0462,0.7233,-1.2688,1.3003,0.1005
0.5653,-4.4675,0.8191,-1.2688,1.3003,0.1005
0.5653,-4.4675,0.8191,-0.7905,1.4101,0.0121
0.8864,-4.077,1.2384,-0.7905,1.4101,0.0121
1.3461,-4.0674,1.2407,-0.4869,1.4782,0.0163
1.7869,-4.1416,1.1953,-0.1748,1.4292,0.044
1.7869,-4.1416,1.1953,0.4579,1.0873,0.1804
2.5872,-5.0113,0.3546,0.4579,1.0873,0.1804
2.6063,-5.2412,-0.0766,0.7391,0.773,0.37
2.6686,-5.366,-0.4671,1.015,0.4194,0.5788
2.3187,-5.7395,-1.2743,1.2738,0.1105,0.7599
2.3187,-5.7395,-1.2743,1.6232,-0.4636,0.9537
2.0458,-7.9649,-4.985,1.6232,-0.4636,0.9537
2.0458,-7.9649,-4.985,1.5359,-1.0718,1.1018
2.2014,-9.9149,-9.8623,1.5359,-1.0718,1.1018
2.2014,-9.9149,-9.8623,0.8573,-1.2497,0.9452
1.7271,-12.0925,-10.6503,0.8573,-1.2497,0.9452
1.7151,-12.375,-9.8213,0.4472,-0.7693,0.8014
0.7855,-11.9174,-8.7508,0.0584,0.1936,0.6619
0.0095,-11.2946,-7.9649,-0.2057,1.2641,0.4169
0.0095,-11.2946,-7.9649,-0.2238,1.8074,0.0866
-1.6337,-10.5401,-6.9443,-0.2238,1.8074,0.0866
-1.5212,-10.2621,-6.3191,-0.2291,1.165,0.1026
-0.4671,-10.4611,-5.658,-0.3228,0.4748,0.1836
0.9774,-10.6455,-5.6078,-0.4475,0.168,0.1697
0.9774,-10.6455,-5.6078,-0.3207,0.2756,0.0344
3.816,-10.8346,-5.4474,0.0296,0.0998,-0.0603
5.0185,-12.181,-1.6648,0.0296,0.0998,-0.0603
4.9395,-12.2313,0.2418,0.5218,-0.3422,-0.1082
4.9108,-13.5679,-0.6251,0.8935,-0.9738,-0.1327
4.3789,-14.5357,-1.4685,0.7924,-1.5192,-0.2126
3.9214,-12.0757,-0.4743,0.2001,-1.4564,-0.2158
2.041,-8.3602,0.4432,-0.3378,-0.7565,-0.1902
-0.1604,-5.7754,2.0242,-0.4411,-0.1419,-0.1796
-0.1604,-5.7754,2.0242,0.6453,-1.3296,0.0472
-2.302,-4.5561,1.8157,1.2099,-2.4321,0.2379
-2.9032,-5.8951,2.1751,1.2099,-2.4321,0.2379
-2.9032,-5.8951,2.1751,1.4464,-2.4194,0.1229
-1.4613,-9.0405,1.1833,1.2312,-1.8314,-0.2328
-5.5623,-13.2997,3.3369,1.2312,-1.8314,-0.2328
-5.5623,-13.2997,3.3369,1.3761,-0.9973,-0.0081
-5.2459,-13.5487,2.5848,1.5167,-0.8151,0.2145
-3.2291,-12.3079,0.333,1.5306,-0.7927,0.3359
1.411,-8.995,-1.0732,1.5306,-0.7927,0.3359
2.8098,-7.6297,-1.581,1.5732,-0.8599,0.3689
2.8098,-7.6297,-1.581,1.7095,-1.3776,0.1058
1.0013,-7.0835,-0.8577,1.7095,-1.3776,0.1058
0.0335,-8.2836,-0.5773,1.7393,-1.6428,-0.0539
-0.9941,-9.153,-0.1197,1.7042,-1.7866,-0.1135
-0.9941,-9.153,-0.1197,1.4858,-1.7206,-0.1593
-2.46,-9.5747,0.6946,1.4858,-1.7206,-0.1593
-2.5321,-9.6058,0.6634,1.4389,-1.5959,-0.1391
-1.9835,-9.2631,0.1651,1.4315,-1.4095,-0.0944
-1.9835,-9.2631,0.1651,1.4304,-1.1336,-0.1316
-1.6935,-8.4823,-0.5437,1.4304,-1.1336,-0.1316
-1.6935,-8.4823,-0.5437,1.3654,-1.0559,-0.187
-1.3245,-8.1109,-0.1867,1.3654,-1.0559,-0.187
-1.145,-7.9816,0.1268,1.3111,-1.0985,-0.2051
-1.0229,-8.1061,0.4839,1.2728,-1.2274,-0.2403
-1.0229,-8.1061,0.4839,1.2674,-1.0761,-0.317
-0.685,-8.4009,0.7161,1.2866,-0.8833,-0.3404
-0.5773,-8.7053,0.1173,1.2717,-0.7619,-0.3628
-0.3737,-9.0333,-0.5461,1.2206,-0.7043,-0.4224
0.0239,-9.244,-1.0803,1.1364,-0.6649,-0.497
0.0095,-9.3281,-1.2743,1.1364,-0.6649,-0.497
0.0095,-9.3281,-1.2743,0.9202,-0.5808,-0.6302
-0.8744,-10.9714,-1.4876,0.9202,-0.5808,-0.6302
-0.8744,-10.9714,-1.4876,0.7188,-0.6639,-0.6845
-1.7438,-11.9796,-0.7975,0.7188,-0.6639,-0.6845
-1.7175,-11.8863,-0.4791,0.6453,-0.7214,-0.6504
-1.3245,-11.6373,-0.7257,0.5655,-0.6873,-0.5684
-1.3245,-11.6373,-0.7257,0.264,-0.4146,-0.4224
-2.0123,-11.7043,-1.0899,0.264,-0.4146,-0.4224
-2.8386,-12.0419,-1.0013,0.1436,-0.3848,-0.383
-3.2603,-12.3343,-0.776,0.0733,-0.4764,-0.3287
-3.2603,-12.3343,-0.776,-0.0246,-0.5232,-0.1615
-1.8468,-12.6482,-2.1655,-0.0246,-0.5232,-0.1615
-1.8468,-12.6482,-2.1655,-0.3303,-0.3113,-0.105
-1.3868,-12.744,-2.7308,-0.4858,-0.2292,-0.0688
-1.6552,-12.914,-3.0876,-0.6424,-0.1057,-0.0251
-2.5872,-13.0265,-3.1765,-0.8512,0.0764,0.0302
-3.5763,-13.0145,-3.4278,-1.1431,0.2596,0.0877
-2.9559,-12.3941,-3.8663,-1.1431,0.2596,0.0877
-2.9559,-12.3941,-3.8663,-1.9219,0.8018,0.1069
-2.278,-11.1893,-1.4853,-1.9219,0.8018,0.1069
-1.7055,-10.5234,0.7951,-2.3182,1.295,0.1559
-0.8382,-10.4563,2.4744,-2.6196,1.8778,0.2485
-0.0383,-10.9786,2.1344,-2.7805,2.3827,0.3551
-0.0383,-10.9786,2.1344,-2.9754,1.9375,0.5021
1.291,-13.5176,1.5619,-2.9754,1.9375,0.5021
1.8228,-15.0963,0.7041,-2.9733,1.3909,0.4382
2.6446,-16.5382,-0.8457,-2.8614,1.1842,0.3561
3.2243,-17.1397,-2.278,-2.6963,1.4196,0.2944
2.3163,-16.7252,-1.4254,-2.5493,1.8736,0.2294
1.2479,-15.9154,-0.3977,-2.3874,2.1441,0.2603
1.2144,-14.8856,-1.4446,-2.1626,2.2709,0.4648
2.2996,-13.2423,-1.9835,-2.038,2.2112,0.713
2.2996,-13.2423,-1.9835,-2.2116,1.2833,0.7236
2.4744,-10.9714,-1.224,-2.3075,0.9978,0.5702
1.9521,-8.8585,0.4528,-2.3586,1.0862,0.3711
1.5451,-7.2415,1.3724,-2.3949,1.2183,0.1303
1.1929,-6.523,0.5437,-2.4108,1.1523,-0.0773
-0.2418,-7.22,0.3929,-2.4108,1.1523,-0.0773
-0.2418,-7.22,0.3929,-2.1317,1.0457,-0.1615
0.1915,-7.1314,-0.2274,-1.8899,1.0031,-0.1242
-0.1005,-6.7624,1.0875,-1.8899,1.0031,-0.1242
0.0981,-6.2713,0.7065,-1.5757,1.1491,-0.0464
0.5749,-5.2914,1.1546,-1.3381,1.2396,0.011
0.5749,-5.2914,1.1546,-1.0089,1.5603,0.0334
1.0157,-4.791,1.2288,-0.8501,1.6284,0.0302
2.1799,-3.6098,1.1091,-0.8501,1.6284,0.0302
2.053,-3.3393,0.9367,-0.6264,1.6114,-0.0102
1.8683,-3.1741,0.8505,-0.3143,1.4431,-0.0454
1.8683,-3.1741,0.8505,0.4025,0.7954,-0.0304
1.83,-3.5811,0.2585,0.6794,0.3789,0.0035
1.2192,-5.3707,-0.9606,0.6794,0.3789,0.0035
1.2575,-5.948,-1.9162,0.9138,0.0135,0.0792
1.2575,-5.948,-1.9162,1.178,-0.6394,0.2336
1.3581,-6.4317,-2.9703,1.1833,-0.8577,0.3189
1.2455,-7.1529,-4.2521,1.1268,-1.0239,0.3977
0.9965,-7.7757,-5.7514,1.0022,-1.1102,0.4872
1.0708,-9.0285,-9.2488,1.0022,-1.1102,0.4872
1.0708,-9.0285,-9.2488,0.526,-0.8236,0.5628
1.3102,-10.4444,-10.2286,0.526,-0.8236,0.5628
0.9151,-11.2683,-9.2104,0.2842,-0.3624,0.5383
0.2947,-11.9605,-8.286,0.134,0.2426,0.4701
0.2947,-11.9605,-8.286,0.0893,1.1469,0.1953
-1.1929,-12.6793,-6.9826,0.0893,1.1469,0.1953
-0.9056,-12.1763,-6.5158,0.0765,1.2332,0.1015
-0.9056,-12.1763,-6.5158,-0.1247,0.9967,0.1186
0.4791,-9.4789,-6.2473,-0.1247,0.9967,0.1186
0.8047,-8.5062,-6.3407,-0.2334,0.9509,0.1292
0.8047,-8.5062,-6.3407,-0.2845,1.0404,0.1846
3.6002,-8.547,-5.7395,-0.2845,1.0404,0.1846
6.209,-9.3592,-4.2832,-0.1908,1.0031,0.1878
6.6618,-10.43,-2.9296,0.0563,0.7912,0.1026
6.6618,-10.43,-2.9296,0.8904,-0.3635,-0.0603
4.0794,-12.4157,-1.3772,0.8904,-0.3635,-0.0603
3.629,-13.2064,-1.9162,1.0523,-1.2359,-0.056
4.1344,-13.8746,-2.5297,0.8637,-1.9272,-0.1146
5.5048,-13.1318,-1.763,0.4259,-2.038,-0.2232
5.0281,-10.5641,-0.5964,-0.0288,-1.5363,-0.3766
2.2541,-7.8906,0.5413,-0.228,-0.9493,-0.53
-0.7018,-6.2425,0.2828,-0.0225,-1.0015,-0.5343
-0.7018,-6.2425,0.2828,0.8073,-2.315,-0.0581
-3.5164,-6.8079,0.5006,0.8073,-2.315,-0.0581
-3.2531,-8.4584,-0.0814,1.1545,-2.9862,0.1729
-3.119,-9.8958,-0.3498,1.2653,-2.9255,0.2592
-3.3824,-10.6981,0.2442,1.1439,-2.2969,0.2624
-3.9357,-10.9256,0.9319,1.0725,-1.8985,0.2454
-3.9357,-10.9256,0.9319,1.2429,-1.5778,0.2912
-2.5031,-9.613,0.2609,1.2429,-1.5778,0.2912
-1.1019,-8.6523,-1.0348,1.2866,-1.1784,0.2699
-0.4958,-7.8978,-1.3437,1.2493,-0.8567,0.1729
-0.2561,-7.5073,-1.2312,1.2163,-0.8364,0.0451
-0.2561,-7.5073,-1.2312,1.326,-1.2572,-0.0816
0.0287,-7.3971,-1.2838,1.3921,-1.4809,-0.0954
0.0694,-8.4775,-0.2418,1.3921,-1.4809,-0.0954
-0.3761,-9.613,0.3546,1.4443,-1.5544,-0.0986
-0.6395,-10.3076,-0.3187,1.5444,-1.401,-0.0677
-0.6395,-10.3076,-0.3187,1.5934,-1.1965,-0.0549
-0.9415,-10.6574,-0.673,1.5561,-1.189,-0.0752
-0.8191,-10.1927,-0.4671,1.5561,-1.189,-0.0752
-0.5174,-9.4717,-0.8912,1.5316,-1.1336,-0.1103
-0.0407,-8.7723,-1.4446,1.5018,-1.0154,-0.1551
-0.0694,-8.3698,-1.1737,1.4294,-1.0218,-0.2286
-0.5366,-8.3123,-0.9582,1.3633,-0.976,-0.3085
-0.9654,-8.3482,-0.8625,1.3079,-0.8705,-0.3489
-1.4326,-8.3003,-0.673,1.2664,-0.8119,-0.3436
-1.818,-8.2908,-0.6706,1.2547,-0.8567,-0.3213
-1.7654,-8.2118,-0.6299,1.2674,-0.9973,-0.2861
-1.4589,-8.2213,-0.5485,1.2664,-1.1624,-0.2637
-0.9678,-8.3267,-0.6012,1.2387,-1.2625,-0.2701
-0.3857,-8.4775,-0.5677,1.1865,-1.2945,-0.301
-0.3857,-8.4775,-0.5677,1.0981,-1.3563,-0.4459
0.146,-9.2416,0.2442,1.0981,-1.3563,-0.4459
0.213,-9.6537,0.0287,1.1343,-1.303,-0.5151
0.0622,-9.8311,-0.5198,1.1865,-1.1858,-0.5865
-0.1843,-9.903,-0.963,1.211,-1.0346,-0.6451
-0.4575,-9.9987,-1.2527,1.2003,-0.9153,-0.6845
-0.7808,-10.3267,-1.4254,1.1471,-0.8226,-0.7015
-0.7808,-10.3267,-1.4254,0.9042,-0.6351,-0.6696
-1.2503,-11.036,-1.9234,0.9042,-0.6351,-0.6696
-1.121,-11.2036,-1.9812,0.7444,-0.5957,-0.6227
-1.0684,-11.5271,-1.7223,0.5761,-0.6149,-0.5673
-1.3557,-12.0347,-1.4422,0.4419,-0.7192,-0.5247
-1.3581,-12.3702,-1.1186,0.3439,-0.9014,-0.4768
-1.3581,-12.3702,-1.1186,0.1234,-0.8258,-0.3713
-1.0253,-12.3774,-1.1665,0.0243,-0.6713,-0.3436
-0.8696,-11.3928,-2.053,0.0243,-0.6713,-0.3436
-0.8696,-11.3928,-2.053,-0.2568,-0.4924,-0.3862
-3.2483,-12.6024,-2.4456,-0.2568,-0.4924,-0.3862
-3.2483,-12.6024,-2.4456,-0.6829,-0.1089,-0.3063
-5.0353,-14.1524,-4.0818,-0.6829,-0.1089,-0.3063
-4.4843,-13.4625,-3.8854,-0.9694,0.0764,-0.2105
-4.0602,-13.0265,-2.108,-1.3893,0.1999,-0.1721
-3.7729,-12.5258,-0.7975,-1.8058,0.4609,-0.1295
-3.7729,-12.5258,-0.7975,-2.5355,1.5528,0.1537
-2.4001,-11.5678,2.8146,-2.5355,1.5528,0.1537
-2.4001,-11.5678,2.8146,-2.822,2.7002,0.4627
1.8755,-12.217,2.2206,-2.822,2.7002,0.4627
3.5859,-12.6769,0.697,-2.821,2.6214,0.5628
3.5859,-12.6769,0.697,-2.7815,1.4676,0.3828
