bicicleta
1.4101,-11.933,1.9297,0.5785,0.6482,1.4556
1.1659,-12.0144,1.0558,0.603,0.6843,1.4324
1.063,-12.0598,0.6919,0.5803,0.8016,1.3768
1.0773,-11.921,-0.4812,0.4985,0.9256,1.3365
1.1133,-11.8156,-0.6703,0.2248,1.1094,1.3384
0.8523,-11.6145,-0.0526,-0.1056,1.1003,1.3329
0.7469,-11.4445,0.3902,-0.4256,1.0771,1.3439
0.8595,-11.3631,1.6855,-0.706,1.0716,1.4056
1.0965,-11.3416,3.0741,-0.9235,1.0819,1.5045
1.7573,-10.9202,4.9467,-1.0261,1.1662,1.6047
1.889,-10.8005,4.853,-0.9516,1.3947,1.7134
2.3175,-10.0942,4.1012,-0.7292,1.446,1.736
2.363,-9.2323,3.8786,-0.5552,1.3373,1.6432
1.0797,-7.5659,4.7668,-0.5332,1.1687,1.4385
0.9983,-7.4797,4.906,-0.5515,1.0862,1.2333
0.5793,-7.3313,5.574,-0.414,1.2524,1.1814
0.7445,-7.6162,6.127,-0.2461,1.366,1.2944
2.2457,-9.8548,6.1366,-0.0414,1.3446,1.5125
2.4301,-10.0487,6.0743,0.1595,1.1027,1.7672
3.9743,-12.0862,5.6218,0.322,0.6311,1.9969
5.2795,-14.9236,1.2258,0.4405,-0.0468,2.0879
4.0892,-15.1822,-6.0528,0.9615,-0.6669,1.6975
1.944,-13.8459,-7.3672,1.2315,0.027,1.094
0.1508,-12.7949,-4.8745,0.8882,0.9115,0.4935
-0.4189,-12.3352,-1.379,0.1729,1.6232,0.1264
-1.3599,-12.2346,3.8067,-0.5429,1.9133,-0.0647
-1.6352,-12.0024,4.7979,-1.0475,1.2548,-0.2388
-2.047,-11.3368,4.9802,-0.8966,0.6079,-0.2419
-2.2026,-10.7047,5.0664,-0.6211,0.151,-0.2089
-1.9512,-9.8931,4.7716,-0.3823,0.0129,-0.1441
-1.9536,-9.7734,4.6112,-0.1575,0.2157,-0.0647
-1.6903,-9.3544,4.1323,0.0312,0.57,-0.0067
-1.6256,-9.2802,3.7158,0.0788,0.647,0.0103
-1.8076,-9.7949,2.0805,0.0391,0.3031,-0.0006
-1.7477,-9.8739,1.7812,-0.0066,-0.0969,0.0012
-1.2354,-9.8763,1.3455,-0.0261,-0.3119,0.0146
-0.6272,-9.3807,0.9935,-0.0799,-0.3981,-0.0054
0.6488,-8.5116,1.5705,-0.0921,-0.3822,-0.0348
0.7374,-8.4757,1.719,-0.1324,-0.4347,-0.0427
1.4796,-8.1262,2.217,-0.1984,-0.4005,-0.0116
1.9752,-7.882,2.0901,-0.2369,-0.2979,0.0311
2.3582,-7.9107,2.363,-0.3371,-0.3908,0.0555
2.6168,-8.1573,2.5498,-0.5008,-0.6827,0.0623
3.1148,-8.5571,2.3702,-0.6205,-1.0535,0.0647
3.3399,-8.7151,1.7645,-0.579,-1.2154,0.0079
2.5929,-8.2818,0.802,-0.4983,-1.3248,-0.1362
2.0015,-8.0855,0.7158,-0.4525,-1.3174,-0.3604
1.063,-8.107,1.1851,-0.4739,-1.1531,-0.6047
0.5195,-8.5978,2.3726,-0.538,-0.8471,-0.8045
0.1819,-10.5419,4.616,-0.6181,-0.3443,-1.0073
0.2585,-10.9825,4.762,-0.5759,-0.0743,-1.0848
0.4237,-12.0694,5.0831,-0.4605,0.1094,-1.1264
0.4237,-12.0694,5.0831,-0.2589,-0.2258,-1.2651
0.6727,-14.5953,4.2137,-0.2589,-0.2258,-1.2651
0.6943,-14.6719,4.1036,-0.0903,-0.921,-1.3683
0.9097,-15.2612,3.292,-0.0164,-1.3584,-1.452
0.8547,-15.0673,2.2361,0.0214,-1.6559,-1.5528
0.6009,-13.1516,0.893,0.1063,-1.651,-1.6218
0.6177,-13.0367,0.8906,0.1656,-1.4127,-1.631
0.62,-11.9258,0.6368,0.1381,-1.1012,-1.6126
0.7278,-10.9513,0.9145,0.0672,-0.786,-1.5998
0.984,-9.6968,2.8491,-0.0322,-0.822,-1.609
1.3958,-9.3281,2.0159,-0.1446,-1.1751,-1.6352
1.9728,-9.036,1.1348,-0.2173,-1.9344,-1.6517
2.3295,-8.6266,0.8571,-0.1947,-1.9949,-1.6743
2.4468,-8.4853,1.6543,-0.1392,-1.3981,-1.7018
2.7533,-8.6026,2.466,-0.1697,-0.4323,-1.7171
3.6846,-8.8732,4.5753,-0.1941,0.107,-1.6829
4.0869,-8.9857,6.9027,-0.1428,0.4595,-1.6694
2.5378,-8.4973,6.5125,0.0739,0.5945,-1.7409
2.2218,-8.4087,6.2108,0.4692,0.4937,-1.8796
1.1827,-8.4685,5.3321,1.1136,0.5658,-2.0708
0.8882,-9.2299,5.052,1.4728,0.8205,-2.1355
0.577,-10.8196,4.2305,1.8027,0.9531,-2.1215
0.5602,-10.9801,3.9049,2.0568,0.7441,-2.0567
0.7182,-11.5882,2.3558,2.1607,0.2292,-1.9315
1.47,-11.9138,0.9552,2.1478,-0.1953,-1.703
4.7477,-13.6831,-3.0717,2.0324,-0.3321,-1.2498
4.9179,-13.5921,-3.2034,1.8131,-0.6357,-0.9053
5.2555,-12.1341,-3.2441,1.3946,-0.9057,-0.7128
2.1308,-8.4566,-1.1109,0.865,-0.9418,-0.8741
-0.711,-6.3664,0.9169,0.3879,-0.7866,-1.2046
-0.632,-6.1486,1.0582,0.0452,-0.789,-1.229
1.2282,-6.1366,2.5474,-0.0768,-0.9986,-0.9236
2.6982,-6.6873,3.8786,-0.1453,-1.0462,-0.5711
2.442,-7.7407,2.9712,-0.1471,-0.9925,-0.3616
1.8579,-7.554,2.0973,-0.0512,-0.7817,-0.3121
0.4692,-6.6442,0.2226,0.0691,-0.5062,-0.2889
-0.043,-5.5093,-1.2378,0.0697,-0.4873,-0.2076
-0.2537,-4.5729,-1.561,-0.0658,-0.5563,-0.0751
-0.3615,-4.4603,-1.3024,-0.2796,-0.5752,0.1209
-0.553,-3.9911,0.5722,-0.5655,-0.4457,0.2608
0.0981,-4.1299,2.4588,-0.8404,-0.3058,0.4037
2.2313,-5.3441,3.7972,-0.9925,-0.2875,0.7458
2.5019,-5.6338,3.8546,-0.9302,-0.3407,0.9877
3.5553,-6.9674,3.8402,-0.7763,-0.3407,1.1759
3.6798,-7.5947,3.4524,-0.5661,-0.1886,1.2705
2.521,-7.281,2.4468,-0.3328,0.0765,1.2363
2.466,-7.2283,2.3822,-0.1178,0.3263,1.152
2.0087,-7.0296,2.0422,0.0465,0.5065,1.0971
1.8028,-7.3768,2.4779,0.0428,0.4338,1.1368
1.8028,-7.3768,2.4779,0.0092,0.3263,1.3695
2.0829,-9.0096,4.4627,0.0092,0.3263,1.3695
2.4301,-9.7327,4.5609,0.0941,0.5731,1.5192
2.442,-10.3815,4.7907,0.2077,0.9268,1.634
2.3056,-11.9808,4.5298,0.3323,1.2524,1.7641
2.3032,-12.3256,3.96,0.4111,1.2169,1.8649
2.4684,-13.1109,2.1811,0.4857,0.9775,1.9749
2.4995,-13.3958,0.7781,0.5388,0.7032,2.0354
2.4995,-13.3958,0.7781,0.2395,0.6837,1.8393
1.7166,-13.0678,-0.5817,0.2395,0.6837,1.8393
1.1994,-12.2945,-0.4165,0.0245,0.8199,1.7128
1.0941,-11.0639,-0.1292,-0.1856,0.8981,1.6456
1.7118,-8.9282,3.1028,-0.3664,0.8651,1.6487
1.7118,-8.9282,3.1028,-0.6181,0.8003,1.7122
2.8347,-8.1405,5.9163,-0.6181,0.8003,1.7122
3.3016,-7.2738,7.9753,-0.4415,0.9824,1.736
2.7365,-6.0265,6.704,-0.1269,1.1314,1.6872
2.7365,-6.0265,6.704,0.3213,1.162,1.6475
2.0542,-5.8229,2.8874,0.7404,0.9237,1.678
2.6001,-7.4797,-0.3567,0.9756,0.4442,1.813
3.7253,-10.3624,-0.4764,0.777,0.052,2.1868
4.1084,-12.2753,0.6488,0.4906,0.4185,2.3041
3.7684,-13.9417,2.3247,0.2548,0.8773,2.1966
2.6671,-14.3008,2.9257,0.1124,1.0404,1.8796
2.6671,-14.3008,2.9257,-0.0946,0.5206,1.0494
0.4285,-12.1029,3.2345,-0.0946,0.5206,1.0494
-0.4477,-10.8795,4.6471,-0.4776,0.1259,0.6585
-0.6943,-10.2833,5.2507,-0.6089,-0.0346,0.6548
-0.3926,-11.4637,4.5226,-0.5771,-0.2961,0.777
-0.213,-12.0167,3.8786,-0.4525,-0.7047,0.8839
0.1125,-13.2641,1.7525,-0.3059,-1.0456,0.9272
0.0502,-12.814,1.2785,-0.1318,-0.9857,0.8814
-1.0295,-10.4725,3.1531,-0.276,-0.4604,0.6273
-1.063,-10.1995,3.4045,-0.4018,-0.271,0.4398
-1.1659,-9.012,3.8929,-0.4507,-0.2142,0.3103
-0.905,-8.3608,3.96,-0.3817,-0.3303,0.2461
-0.3136,-7.123,3.7995,-0.2412,-0.5929,0.2229
-0.2944,-7.0871,3.8642,-0.0127,-0.7444,0.1038
0.0454,-6.7423,3.3758,0.1063,-0.6473,0.0067
0.2873,-6.2228,2.4205,0.2645,-0.5013,-0.08
0.3543,-6.1438,3.3925,0.3024,-0.5386,-0.1569
0.474,-6.3329,3.3566,0.2651,-0.5441,-0.1838
0.7733,-7.0344,3.7181,0.2896,-0.3883,-0.1667
1.0989,-7.87,4.1898,0.2199,-0.4085,-0.1343
0.8236,-8.9139,2.6144,0.2114,-0.4915,-0.1435
0.4213,-9.2419,2.1428,0.2493,-0.6925,-0.204
-0.6033,-9.3855,1.7645,0.2395,-0.924,-0.2962
-1.3862,-9.2275,1.5658,0.1643,-1.0199,-0.3842
-1.3862,-9.2275,1.5658,-0.1214,-0.7811,-0.408
-1.4844,-9.6202,3.7756,-0.1214,-0.7811,-0.408
-1.1755,-10.0104,4.4508,-0.1428,-0.6351,-0.3732
-1.0342,-10.5299,5.2196,-0.1453,-0.5734,-0.3659
-0.6823,-11.4278,4.7884,-0.1428,-0.5771,-0.3738
-0.6823,-11.4278,4.7884,-0.1031,-0.8837,-0.3842
-0.2394,-12.1149,3.6415,-0.1031,-0.8837,-0.3842
0.1388,-12.8284,3.0238,-0.1715,-1.1201,-0.4105
0.9433,-13.7406,2.114,-0.3077,-1.3773,-0.4575
0.9552,-13.7693,2.1045,-0.4275,-1.5147,-0.5192
1.2521,-13.9752,1.7741,-0.5167,-1.4915,-0.601
1.2617,-13.5682,1.3431,-0.593,-1.238,-0.7
1.0773,-12.3567,1.47,-0.6425,-1.0554,-0.8692
1.1396,-11.4781,1.5993,-0.6944,-0.9894,-0.9657
1.1635,-10.2618,1.4365,-0.7011,-0.976,-1.0177
1.3431,-9.5028,1.5346,-0.7011,-0.9234,-1.0647
1.1947,-8.8396,1.4389,-0.7085,-0.7713,-1.1288
1.1516,-8.6673,1.6184,-0.6559,-0.3193,-1.2315
0.9911,-8.5164,1.8746,-0.6211,-0.0487,-1.2834
0.7852,-8.6433,2.035,-0.568,0.1101,-1.3377
0.3758,-8.8109,2.1284,-0.5063,0.1467,-1.3756
0.292,-8.8684,2.1404,-0.4305,0.1363,-1.3933
0.2178,-9.0886,2.2313,-0.334,0.1492,-1.3933
0.462,-9.3257,2.5019,-0.1605,0.2756,-1.353
2.2337,-10.3935,3.7493,-0.0274,0.4063,-1.3182
2.4779,-10.6425,4.0126,0.1246,0.5364,-1.3176
3.2154,-11.7031,4.786,0.3067,0.5981,-1.3915
3.359,-12.5698,4.8195,0.5712,0.5988,-1.5234
3.0693,-12.6177,2.9233,1.022,0.4754,-1.6902
3.0621,-12.5794,2.7964,1.2621,0.3666,-1.7415
2.6862,-12.1053,2.0422,1.358,0.231,-1.7812
2.4564,-11.5164,1.1061,1.361,0.0636,-1.8148
2.6408,-10.5754,0.2777,1.3702,-0.0762,-1.8142
2.8419,-9.9625,-0.2274,1.3543,-0.1617,-1.7757
2.9664,-9.2898,-0.4477,1.1949,-0.2264,-1.7006
2.5139,-8.514,-0.5051,0.9823,-0.3559,-1.6725
0.3495,-7.4797,-0.8355,0.7355,-0.5539,-1.6902
-0.486,-7.1661,-1.13,0.4869,-0.7066,-1.7269
-1.446,-6.716,-0.8523,0.2517,-0.7341,-1.6865
-1.9919,-6.1701,0.0502,-0.1727,-0.5954,-1.4575
-2.0877,-4.6902,1.9057,-0.4134,-0.5099,-1.2388
-1.8531,-4.5585,2.0398,-0.5246,-0.4561,-0.9932
-0.565,-4.446,2.5139,-0.546,-0.4292,-0.7128
0.4333,-4.7333,3.0597,-0.5252,-0.3981,-0.4306
1.5298,-6.4,4.5753,-0.4855,-0.3205,-0.1918
1.8435,-6.8309,4.6327,-0.3407,-0.1067,0.1227
2.6288,-7.9825,4.2544,-0.1251,0.1229,0.3274
2.6288,-7.9825,4.2544,0.4105,0.2768,0.6695
4.0677,-9.5268,1.6663,0.4105,0.2768,0.6695
4.0964,-9.4837,1.5466,0.5889,0.3605,0.7745
3.7636,-9.0455,0.6009,0.7019,0.4137,0.8295
2.4923,-8.4566,-0.3615,0.7172,0.5584,0.7751
0.6105,-8.2004,-1.4844,0.6262,0.7087,0.7208
0.237,-8.2004,-1.3431,0.4515,0.8755,0.7073
-0.0766,-8.0567,-0.7086,0.1784,1.0117,0.7458
-0.3782,-8.0807,0.1819,-0.086,1.0648,0.8423
0.055,-8.3345,1.482,-0.3786,0.9702,1.0647
0.4501,-8.4661,1.6615,-0.4537,0.9347,1.2327
1.0726,-8.6912,2.1428,-0.436,0.9201,1.3982
1.6448,-8.7822,2.6671,-0.3908,0.9347,1.5216
2.3127,-8.6074,3.7493,-0.3084,0.972,1.6157
2.3654,-8.5499,4.0007,-0.2045,1.0545,1.6774
2.4253,-8.2938,4.707,-0.028,1.3422,1.6804
2.3319,-8.1166,4.8027,0.1387,1.6146,1.6395
2.4492,-9.443,3.857,0.3122,1.7741,1.6139
2.4468,-9.6968,3.7397,0.4808,1.6934,1.6151
2.6072,-11.0591,3.268,0.6084,1.4295,1.6194
2.6072,-11.0591,3.268,0.8168,0.9738,1.5656
2.3463,-12.2849,1.6639,0.8168,0.9738,1.5656
2.3223,-12.2634,1.6615,0.738,0.9848,1.4526
2.2242,-11.9593,1.8674,0.6188,1.0141,1.3408
2.0087,-11.5786,2.1092,0.4557,0.9983,1.2376
1.9608,-11.1381,2.1906,0.303,0.9353,1.1355
1.9608,-11.1381,2.1906,0.0312,0.6299,1.0195
2.3894,-10.4366,2.3702,0.0312,0.6299,1.0195
2.6048,-9.8045,2.1643,-0.0451,0.7588,0.9724
2.047,-9.0168,1.5011,-0.1673,0.9396,0.8912
1.8483,-9.3281,2.114,-0.3517,1.0428,0.8051
1.5394,-10.4509,3.438,-0.593,0.8791,0.7745
0.6416,-11.1237,2.691,-0.7628,0.6989,0.7776
0.067,-11.9713,1.7214,-0.6804,0.6159,0.7837
0.1651,-11.9832,1.6328,-0.6443,0.3972,0.8252
0.4548,-11.8779,1.0678,-0.6187,0.3672,0.8643
0.5051,-12.0934,2.0638,-0.6407,0.5487,0.8344
0.4118,-12.2681,4.0438,-0.8331,0.6317,0.6444
0.4453,-12.2203,4.0318,-0.8673,0.4454,0.5338
0.3088,-11.6648,3.529,-0.7745,0.1919,0.4697
0.2992,-11.1884,3.4237,-0.6382,-0.0114,0.4001
0.5003,-10.4102,3.0047,-0.5301,-0.0676,0.3249
0.5051,-10.3504,2.8874,-0.4067,0.0801,0.2284
0.1987,-9.8021,1.8962,-0.207,0.4405,-0.0018
-0.3926,-8.9689,1.1755,-0.1104,0.556,-0.1734
-0.5722,-8.0974,1.2689,-0.1141,0.5456,-0.284
-0.407,-7.5827,1.6855,-0.1379,0.5499,-0.32
-0.1963,-7.4366,2.3822,-0.1361,0.6024,-0.3237
-0.0287,-7.4151,3.4117,-0.0322,0.5371,-0.3579
-0.0287,-7.4151,3.4117,0.2053,0.374,-0.5198
-0.1316,-7.3912,3.2824,0.2053,0.374,-0.5198
-0.3974,-8.1764,2.8083,0.3568,0.4063,-0.6572
-0.1077,-9.2586,2.4947,0.4026,0.4741,-0.766
2.4947,-11.6313,2.5043,0.2248,0.3342,-0.791
3.2776,-11.9665,2.7293,-0.0176,0.0612,-0.6432
4.7333,-11.8108,3.0909,-0.0915,-0.1941,-0.5418
4.2975,-10.1612,1.9345,-0.0921,-0.505,-0.5491
2.8155,-9.0072,2.6767,-0.0671,-0.684,-0.6169
2.7509,-9.1653,2.9688,-0.1532,-0.7909,-0.6762
2.9065,-9.9745,3.0813,-0.2448,-0.486,-0.7208
2.7533,-11.1668,3.1962,-0.2253,-0.1629,-0.7996
1.3144,-12.9218,1.9871,-0.2485,-0.0352,-0.9779
1.3144,-12.9218,1.9871,-0.2974,-0.0334,-1.1661
0.711,-14.1907,1.6735,-0.3835,-0.2075,-1.2834
0.3495,-15.2827,1.47,-0.491,-0.4928,-1.3072
0.237,-15.4743,1.1037,-0.5723,-0.7426,-1.2486
0.0622,-14.7105,0.8475,-0.5411,-0.8031,-1.2046
-0.1436,-13.2306,0.4548,-0.4672,-0.8257,-1.2009
-0.1987,-11.9904,0.0311,-0.4263,-0.8452,-1.2113
0.1244,-10.7981,-0.0335,-0.4751,-0.8678,-1.1905
0.2825,-10.4892,0.2011,-0.6236,-0.8727,-1.1191
0.7709,-9.8284,0.7541,-0.8777,-0.7182,-0.9853
1.288,-9.0719,0.9816,-0.9632,-0.5123,-0.9175
2.1763,-8.3057,1.8195,-0.9876,-0.3119,-0.8912
2.1763,-8.3057,1.8195,-0.9626,-0.056,-0.9199
3.0741,-8.4159,2.6934,-0.9626,-0.056,-0.9199
3.4979,-8.435,3.3351,-0.8355,0.1296,-0.9944
3.7924,-8.1645,3.4739,-0.67,0.2671,-1.0739
3.7181,-8.0807,3.4141,-0.4605,0.3795,-1.1569
3.4213,-7.8796,3.1459,-0.2375,0.4589,-1.2327
3.213,-7.846,3.0071,-0.0683,0.4955,-1.2822
3.2776,-8.8899,3.7253,0.0465,0.4949,-1.2925
3.3063,-9.012,3.7588,0.1619,0.341,-1.2577
3.6535,-10.0727,4.0581,0.2816,0.0783,-1.237
4.1754,-11.3176,4.2999,0.4405,-0.2997,-1.2363
3.5194,-12.0431,2.6288,0.6268,-0.6968,-1.2675
3.1004,-11.9066,1.391,0.956,-0.7133,-1.3151
3.0526,-11.6456,0.6943,1.3073,-0.0322,-1.295
2.7485,-11.3751,0.8283,1.2615,0.2872,-1.2993
2.2074,-10.7239,0.6272,1.0941,0.2335,-1.3561
2.2936,-10.5419,0.1412,0.9243,-0.1201,-1.3768
2.8155,-10.3169,-0.3687,0.7722,-0.5062,-1.276
3.6152,-10.087,-0.6368,0.592,-0.7634,-1.1136
2.691,-8.2962,-0.158,0.2896,-0.8587,-1.0396
2.4253,-8.028,0.0047,0.0709,-0.808,-1.1246
1.4173,-6.9841,0.5626,-0.1312,-0.778,-1.1875
0.2011,-6.151,1.4796,-0.2833,-0.8153,-1.1826
-0.7996,-5.5189,3.9576,-0.3731,-0.8862,-1.1184
-0.6775,-5.5069,4.1467,-0.3639,-0.8593,-0.9669
0.3591,-5.5811,3.9791,-0.1074,-0.5691,-0.565
1.0654,-5.7487,3.5122,0.113,-0.4445,-0.3243
-0.2178,-5.131,1.0989,0.2731,-0.439,-0.2015
-0.2178,-5.131,1.0989,0.5058,-0.2307,-0.1435
-0.2896,-4.9036,-0.0119,0.5058,-0.2307,-0.1435
0.0239,-5.1717,-0.5554,0.4484,-0.1055,0.0317
0.8068,-5.9139,-0.5602,0.3391,-0.0328,0.1808
1.1971,-6.3497,-0.3639,0.2181,0.008,0.3371
1.0558,-6.7327,0.3232,0.1149,0.0056,0.4917
0.9528,-6.9554,1.4221,0.0257,0.0777,0.5778
1.4365,-7.0895,2.9783,-0.0243,0.2182,0.6524
1.7669,-7.2738,3.3231,0.0452,0.4546,0.8173
1.865,-7.5587,3.7134,0.1595,0.5652,0.9364
1.8148,-7.8676,3.4476,0.2847,0.702,1.0201
2.3319,-8.9378,2.5187,0.416,0.8376,1.1081
2.4516,-9.1796,2.3247,0.5309,0.9152,1.2198
2.6001,-9.8093,1.7477,0.6335,0.9818,1.3799
2.624,-10.3719,1.3646,0.6433,0.9928,1.4611
2.3702,-11.32,1.2808,0.6011,0.9787,1.5143
2.2912,-11.4613,1.1923,0.5138,0.95,1.5277
1.9847,-11.5834,1.0295,0.4197,0.9549,1.5137
1.6998,-11.3583,0.8714,0.3201,0.9787,1.4776
1.8579,-10.2091,0.723,0.1436,0.9506,1.4495
1.8579,-10.1588,0.723,0.0269,0.892,1.4935
2.1547,-9.7758,1.2306,-0.1049,0.8303,1.5619
2.4253,-9.4693,2.3535,-0.2399,0.7582,1.6169
2.4947,-9.4573,4.3119,-0.3413,0.7044,1.6597
2.5785,-9.6297,5.0424,-0.3639,0.7612,1.6872
2.5306,-9.9625,5.7655,-0.221,1.0642,1.6896
2.0518,-10.415,5.9666,-0.0915,1.2854,1.6475
1.5658,-11.1884,4.5968,0.0489,1.4149,1.5992
1.391,-11.4757,3.9169,0.2059,1.3642,1.5748
1.1348,-11.7031,2.4061,0.3329,1.1626,1.5448
1.0678,-11.8731,1.4532,0.4148,0.9714,1.4618
0.6464,-12.3017,1.0797,0.3775,1.0239,1.3823
0.6655,-12.3687,1.1899,0.3177,1.2035,1.298
0.7709,-12.577,1.9153,0.2438,1.3813,1.262
0.8619,-12.51,2.0877,0.2022,1.4344,1.2657
0.5075,-11.8539,2.8251,0.1827,1.333,1.2571
0.4405,-11.7438,2.8275,0.1081,1.074,1.1545
-0.0047,-10.9992,2.7533,0.1002,0.983,1.0409
-0.2705,-10.2522,2.4372,0.1161,0.9359,0.9401
-0.3136,-9.0743,1.3646,0.0941,0.8022,0.882
-0.2968,-9.024,1.367,0.0342,0.5951,0.8747
0.3016,-8.8827,2.0302,-0.1031,0.3294,0.9492
0.9169,-8.8301,3.2704,-0.207,0.2921,1.0018
1.7334,-8.5595,3.8235,-0.2644,0.3477,1.0103
2.2098,-8.435,3.9504,-0.2418,0.4356,0.9535
2.7772,-8.277,4.5513,-0.2008,0.4607,0.8295
3.0693,-7.9825,4.7381,-0.1392,0.4729,0.6658
3.4284,-7.8604,3.7565,0.0739,0.5658,0.3848
3.5721,-8.1118,3.3686,0.1595,0.6171,0.1942
3.359,-9.5842,3.6511,0.1271,0.6195,0.0256
2.7653,-11.6983,2.7461,0.0391,0.5285,-0.1301
0.9265,-13.5035,2.2146,-0.006,0.3831,-0.2999
0.6464,-13.5826,2.2888,-0.1801,-0.0383,-0.5137
-0.4453,-13.1755,3.0047,-0.2925,-0.1971,-0.6462
-1.4604,-12.4453,3.6391,-0.3792,-0.2527,-0.7831
-2.6096,-11.2243,2.9352,-0.3927,-0.2991,-0.9187
-2.691,-11.1979,2.8083,-0.3591,-0.3315,-1.0409
-2.691,-11.1979,2.8083,-0.4379,-0.428,-1.2058
-2.9233,-10.8101,1.2042,-0.4379,-0.428,-1.2058
-2.6264,-10.3911,1.4676,-0.5301,-0.4524,-1.1704
-2.5785,-10.3121,1.482,-0.6199,-0.4873,-1.039
-1.9177,-9.4047,1.7214,-0.6712,-0.4463,-0.8142
-0.7445,-8.4039,2.0614,-0.7152,-0.3681,-0.5332
0.3687,-7.5324,2.3151,-0.7598,-0.351,-0.2504
0.9217,-7.3241,2.6216,-0.8258,-0.5526,-0.0207
1.5203,-7.4558,3.0119,-0.874,-0.6846,-0.0054
1.9919,-7.7886,2.9041,-0.8905,-0.673,-0.0531
2.7653,-8.672,3.0142,-0.8814,-0.5795,-0.1453
3.0765,-9.1748,2.9233,-0.8783,-0.5264,-0.2596
3.3279,-9.9482,2.6647,-0.8368,-0.5105,-0.5002
3.4093,-10.5826,2.6312,-0.805,-0.5966,-0.7061
3.0502,-11.3033,2.0231,-0.7738,-0.7035,-0.9205
2.9352,-11.3392,1.9608,-0.7158,-0.6968,-1.1282
2.3942,-11.1189,1.6567,-0.6596,-0.552,-1.3213
1.9632,-10.8747,1.458,-0.612,-0.3535,-1.474
1.5777,-10.7263,1.889,-0.6083,-0.2069,-1.6041
1.6208,-10.7358,2.0183,-0.6382,-0.202,-1.6371
1.5562,-10.6257,2.2074,-0.6431,-0.2203,-1.6371
1.6711,-10.5443,2.3487,-0.6083,-0.1953,-1.62
2.2816,-11.4517,3.4165,-0.5497,-0.136,-1.5888
2.2816,-11.4517,3.4165,-0.4409,-0.147,-1.5247
2.861,-12.0407,3.7636,-0.3139,-0.202,-1.485
2.5833,-11.8899,3.3662,-0.1361,-0.2509,-1.4727
2.5594,-11.3943,2.9041,0.0269,-0.3193,-1.4758
2.6408,-11.174,2.7126,0.1259,-0.3883,-1.4569
2.5378,-10.6975,2.6312,0.1778,-0.4604,-1.4501
2.5378,-10.2929,2.3032,0.2358,-0.5942,-1.485
2.3056,-9.7016,1.9369,0.2804,-0.7017,-1.4923
2.2816,-9.5771,1.8914,0.3097,-0.7994,-1.4776
2.466,-9.6632,1.9416,0.3238,-0.9063,-1.422
2.9807,-10.099,1.81,0.336,-1.078,-1.3188
3.8642,-10.597,2.1116,0.3427,-1.2863,-1.1917
3.9336,-10.6473,2.1643,0.3042,-1.4854,-1.0445
3.6032,-10.4414,2.2361,0.2932,-1.4818,-1.0384
2.9807,-9.783,2.0446,0.3507,-1.3297,-1.0983
1.0055,-8.0927,1.4413,0.4533,-1.0651,-1.1936
0.8523,-7.9227,1.3503,0.5694,-0.7163,-1.284
0.4333,-7.0847,1.0773,0.7105,-0.2484,-1.2822
0.292,-6.5268,0.9145,0.7086,-0.2191,-1.2168
-0.0861,-5.8206,1.4915,0.6353,-0.3834,-1.1508
-0.0814,-5.7846,1.5849,0.5303,-0.5752,-1.102
-0.2873,-5.5835,2.1116,0.4527,-0.6717,-1.0629
-0.541,-5.7487,1.9895,0.4557,-0.6052,-1.0506
0.0119,-7.3816,1.6855,0.6097,-0.3529,-0.9511
0.881,-8.7175,1.7717,0.6506,-0.1348,-0.7483
1.7597,-9.5627,1.5442,0.6176,-0.0126,-0.5125
1.6807,-9.8261,0.6919,0.573,-0.0358,-0.35
2.3415,-9.5028,-0.5746,0.5474,-0.0988,-0.2571
2.5426,-9.0336,-0.9241,0.416,-0.2014,0.0274
2.7317,-8.2507,-1.0271,0.2706,-0.2191,0.1569
2.2122,-7.3672,-0.6775,0.11,-0.1238,0.2351
0.5817,-5.8613,-0.2513,-0.0652,-0.0255,0.251
0.4237,-5.7439,-0.1244,-0.2155,0.0343,0.2541
-0.0239,-5.1885,0.7613,-0.3365,0.0728,0.3262
-0.1005,-4.5681,2.0997,-0.4763,0.2634,0.5265
0.6655,-4.9443,3.6822,-0.4831,0.5364,0.6798
0.8379,-5.0712,3.8786,-0.4006,0.829,0.8533
1.2617,-5.7703,4.2975,-0.2619,1.1308,1.0677
1.7932,-6.6801,4.5202,-0.0988,1.3758,1.2932
2.4133,-8.6266,5.0257,0.0605,1.3868,1.6303
2.442,-8.7487,5.0017,0.1081,1.1504,1.8081
2.7365,-9.8859,4.8099,0.1827,0.8358,1.9413
2.8323,-10.901,4.6016,0.2914,0.4558,2.0097
3.0023,-11.9641,3.3135,0.4252,0.1021,2.0347
3.1148,-12.51,2.2098,0.6005,-0.0939,2.0415
3.347,-13.3814,1.6879,0.7117,-0.0896,2.0433
3.6415,-14.2074,0.5554,0.7227,0.0569,2.0512
3.8594,-14.5857,-0.8762,0.7935,0.4955,2.0567
3.7517,-14.3176,-0.8283,0.697,0.9384,1.984
3.3087,-13.1301,-0.8858,0.4392,1.2108,1.8002
2.6743,-11.5978,-0.9433,0.1503,1.2359,1.5467
1.1109,-9.5292,0.2226,-0.3328,0.9671,1.1771
0.9217,-9.3424,0.6177,-0.6602,0.7564,1.0103
0.7469,-9.2371,2.0015,-0.8905,0.6159,0.9511
1.0175,-9.3544,3.4763,-1.0286,0.5835,0.9706
1.1228,-8.9594,4.7357,-1.0628,0.622,1.0079
1.1085,-8.8325,4.8865,-0.8911,0.7362,0.9926
0.9265,-8.538,5.0089,-0.7115,0.8278,0.9395
0.4668,-8.4638,4.9898,-0.5124,0.972,0.8741
0.1532,-8.3273,5.5261,-0.3426,1.1546,0.8362
0.1532,-8.3273,5.5261,-0.2118,1.3232,0.8759
0.3663,-8.4278,5.9858,-0.0891,1.3037,0.9975
0.9696,-9.0862,4.3813,0.2352,0.8529,1.3164
1.8722,-10.743,0.9385,0.5034,0.3318,1.5234
1.9895,-11.423,-0.6871,0.738,0.1797,1.5949
1.5131,-11.9377,-1.288,0.8009,0.4839,1.4636
0.5913,-12.3783,-0.6009,0.6005,0.914,1.1655
-1.0366,-12.5339,0.9576,0.135,1.4265,0.6151
-1.6304,-12.3064,1.6903,-0.1086,1.479,0.2913
-2.1404,-11.5571,2.5785,-0.2393,1.3593,0.113
-2.0111,-10.6832,2.873,-0.232,1.2279,0.1203
-0.4932,-9.5842,3.0382,-0.1563,1.0771,0.2425
-0.2633,-9.5076,3.1603,-0.1068,0.8584,0.452
1.1133,-9.3328,3.8283,-0.1202,0.4069,0.8344
2.1715,-9.3257,5.0065,-0.1501,0.1394,1.0836
3.711,-9.5675,5.8828,-0.1709,-0.0456,1.2608
3.7517,-9.6178,5.7439,-0.1129,-0.0719,1.3017
3.8522,-10.2881,4.3957,-0.0078,-0.0792,1.1569
3.0142,-11.4757,2.7509,0.1063,-0.1391,0.8179
-0.4357,-12.4262,0.4548,0.1454,-0.3394,0.0305
-0.5195,-12.3495,0.4141,0.0165,-0.4885,-0.408
-0.9289,-11.4302,0.5841,-0.1624,-0.5832,-0.5778
-0.9289,-11.4302,0.5841,-0.5619,-0.8733,-0.551
-0.1388,-9.352,1.9464,-0.5619,-0.8733,-0.551
0.2801,-8.9115,2.4947,-0.7518,-1.0694,-0.4086
0.7613,-8.684,3.043,-0.8245,-1.3095,-0.331
1.1061,-8.6433,3.5051,-0.8471,-1.5477,-0.2858
1.3096,-8.6888,3.9767,-0.8416,-1.7011,-0.2858
1.3431,-8.696,3.6655,-0.8203,-1.7188,-0.3316
1.4077,-9.1437,3.4308,-0.7647,-1.5795,-0.4196
1.1994,-9.7494,3.0765,-0.7543,-1.4213,-0.6078
0.7924,-10.9154,2.5761,-0.7641,-1.3229,-0.747
0.7517,-11.0543,2.4995,-0.7879,-1.3156,-0.8833
0.4189,-11.1453,1.798,-0.7983,-1.4262,-1.006
-0.1412,-10.5611,0.9816,-0.7567,-1.5758,-1.1087
-0.9097,-8.4566,0.5051,-0.7274,-1.7353,-1.2162
-0.9097,-8.4566,0.5051,-0.852,-1.5734,-1.1777
-0.9409,-6.965,1.1444,-0.852,-1.5734,-1.1777
-0.8092,-6.1821,2.126,-0.9253,-1.307,-1.1252
-0.2681,-7.0177,3.4165,-0.9461,-0.8752,-1.0726
-0.1867,-7.2116,3.3925,-0.8832,-0.3132,-1.0152
0.5698,-9.4502,3.4189,-0.6168,0.6574,-0.9175
1.4915,-11.921,4.2616,-0.4647,1.0031,-0.8851
3.9552,-15.3665,6.9171,-0.3963,1.0111,-0.8747
5.3776,-16.4487,8.1884,-0.3432,0.7124,-0.9046
4.1395,-14.4397,6.0288,-0.1941,0.1027,-1.0641
2.5737,-12.3878,3.4093,0.0874,-0.7506,-1.3347
1.1635,-10.5443,1.1755,0.3678,-1.8379,-1.5528
1.0486,-10.1038,0.8475,0.3653,-2.2704,-1.5412
1.3215,-9.6824,0.6823,0.2945,-2.4836,-1.4428
2.1715,-9.4645,0.1699,0.2254,-2.4836,-1.2932
3.3087,-9.3209,-0.2968,0.2755,-2.0572,-1.1368
3.383,-9.4334,-0.1867,0.3916,-0.7518,-1.0329
3.2393,-10.0966,0.5051,0.2835,-0.0731,-1.1081
3.2034,-11.0734,1.5298,0.0813,0.3049,-1.2217
3.0909,-12.3974,3.8139,-0.1159,0.4454,-1.298
3.0693,-12.4908,4.0892,-0.218,0.4259,-1.3347
2.7772,-12.0359,4.2353,-0.1636,0.2695,-1.3683
2.2984,-11.2913,3.6966,0.2065,-0.2038,-1.4355
1.8698,-10.1181,2.806,0.4533,-0.5703,-1.4892
1.8698,-10.1181,2.806,0.5926,-0.8122,-1.5088
1.9345,-9.3951,2.6934,0.6335,-0.8788,-1.5076
1.7836,-8.5787,2.6623,0.6225,-0.8013,-1.507
1.5801,-8.0831,2.5689,0.639,-0.654,-1.4941
1.5586,-8.1621,2.2098,0.7434,-0.6565,-1.4251
1.6424,-8.3656,1.4963,0.8998,-0.7163,-1.2791
1.4341,-8.1142,1.0103,0.9884,-0.7353,-1.1172
1.0726,-7.5396,0.5003,0.9854,-0.6461,-1.0005
0.9983,-7.3792,0.4357,0.9756,-0.4555,-0.9144
0.9481,-7.1398,0.2777,0.9591,-0.1769,-0.7782
0.9624,-6.9291,0.2035,0.9493,-0.0872,-0.6878
0.2346,-6.4837,0.1771,0.8956,-0.0981,-0.612
0.0933,-6.3952,0.3232,0.807,-0.0963,-0.601
0.0933,-6.3952,0.3232,0.4069,0.0655,-0.5748
-0.6895,-5.7942,1.2593,0.4069,0.0655,-0.5748
1.379,-6.7447,1.3886,0.3079,0.0545,-0.4312
1.7573,-7.032,1.4053,0.2273,-0.012,-0.1863
3.1148,-8.0065,1.3335,0.1637,-0.0572,0.0763
3.3758,-8.617,0.9002,0.1112,0.0288,0.2296
2.454,-8.7989,0.2585,0.0715,0.1058,0.2987
2.3678,-8.7535,0.2681,-0.0744,0.107,0.3457
1.5921,-8.1764,0.8044,-0.2076,0.1308,0.3646
0.9744,-7.463,1.9129,-0.3077,0.1882,0.4349
1.3742,-6.9051,3.3183,-0.3566,0.3019,0.5784
2.3175,-7.1254,4.2066,-0.3316,0.4784,0.7513
3.3423,-7.4726,4.7764,-0.2296,0.6232,0.9627
3.8977,-7.882,4.7477,0.0385,0.7423,1.2027
3.3734,-7.9586,3.7086,0.2267,0.7588,1.2779
2.7916,-7.7742,3.2632,0.3757,0.7228,1.2993
1.8052,-7.4175,2.6431,0.4533,0.6391,1.2693
1.1994,-7.2643,1.7357,0.4924,0.556,1.24
0.7613,-7.4534,1.0989,0.5266,0.5859,1.2773
0.6943,-7.5252,1.2138,0.4802,0.6,1.3475
0.6799,-7.9107,1.8124,0.4166,0.6281,1.4587
1.0199,-8.1812,2.0566,0.4148,0.7484,1.6273
1.6208,-8.8372,2.8179,0.4533,0.9231,1.827
1.6208,-8.8372,2.8179,0.4484,1.1168,2.152
1.9752,-9.3376,2.9688,0.4484,1.1168,2.152
2.4109,-9.7949,3.3423,0.3959,1.1516,2.1942
2.4109,-9.7949,3.3423,0.2016,1.132,2.0665
2.6216,-11.2674,4.5226,0.2016,1.132,2.0665
2.6288,-12.4932,4.7644,0.1924,1.1296,1.9785
2.7461,-13.5442,4.185,0.3256,0.986,1.9168
2.8179,-14.5163,2.0374,0.4472,0.7735,1.8686
2.5091,-14.4564,0.3136,0.5132,0.5542,1.7427
1.7501,-13.6568,-1.4604,0.4545,0.4137,1.5277
0.8331,-12.7805,-1.6065,0.226,0.3611,1.2614
-0.2394,-11.5451,1.0319,-0.1373,0.3856,0.9987
-0.3543,-11.2793,2.6958,-0.706,0.5755,0.7348
-0.0239,-11.1716,5.3704,-0.951,0.7356,0.6866
0.5458,-10.743,7.7718,-1.0078,0.8474,0.7324
1.1683,-10.0894,8.1884,-0.8594,0.8113,0.802
1.1563,-9.9745,7.8652,-0.5405,0.5908,0.8448
0.9241,-9.5938,5.969,-0.1422,0.2561,0.8631
0.8164,-9.2275,3.9049,0.2951,-0.3645,0.8686
1.0295,-8.629,1.1109,0.4478,-0.5117,0.8869
1.0917,-8.5811,0.9552,0.4857,-0.3535,0.8924
1.4293,-8.4901,1.5873,0.4148,-0.0493,0.8845
1.8243,-8.4254,3.8881,0.2444,0.2096,0.8625
2.4013,-8.5164,6.0624,-0.0298,0.4088,0.7874
2.4013,-8.5164,6.0624,-0.0567,0.4705,0.6896
1.9273,-7.7335,5.3202,0.0177,0.3935,0.5308
0.984,-7.1924,3.7181,0.1112,0.1412,0.3213
-0.1484,-7.937,1.8459,0.2047,-0.136,0.1319
-0.4477,-8.7511,1.0103,0.2609,-0.2643,0.0018
-0.6679,-9.2706,0.7733,0.2016,-0.2472,-0.047
-0.565,-9.5028,1.3,0.1136,-0.2551,-0.0488
-0.7948,-10.0439,2.387,0.0526,-0.2545,-0.0335
-0.8978,-10.5539,3.1699,-0.0219,-0.3126,-0.0372
-0.984,-11.3727,3.8594,-0.086,-0.3535,-0.0397
-1.2928,-11.8108,3.3949,0.0086,-0.395,-0.0763
-1.695,-12.5243,1.1947,0.1106,-0.5209,-0.1637
-1.6591,-12.5794,1.0702,0.1558,-0.6333,-0.237
-1.3359,-12.5674,1.154,0.08,-0.6681,-0.2871
-0.8307,-12.0407,1.5873,-0.0365,-0.6003,-0.309
0.5171,-10.6999,2.1284,-0.1373,-0.4714,-0.306
0.6033,-10.5683,2.1787,-0.2619,-0.4836,-0.2761
0.9481,-10.2163,2.6024,-0.3468,-0.5972,-0.2834
1.0582,-10.0439,2.9855,-0.4421,-0.7622,-0.3188
1.1324,-10.257,4.3861,-0.5405,-0.8715,-0.3781
1.1324,-10.257,4.3861,-0.4971,-0.4977,-0.6273
1.0031,-10.2953,3.8498,-0.4971,-0.4977,-0.6273
0.8451,-10.4294,3.0023,-0.4098,-0.3724,-0.7525
0.6033,-10.6688,1.9823,-0.4055,-0.4396,-0.8662
0.5291,-10.8436,1.4844,-0.469,-0.6046,-0.9443
0.5027,-11.1333,1.6543,-0.5832,-0.7347,-0.9804
0.4022,-11.0974,1.7788,-0.7262,-0.7597,-0.9828
0.3687,-10.427,1.5298,-0.783,-0.64,-0.9297
0.3902,-10.075,1.3311,-0.7531,-0.6687,-0.868
0.711,-9.4789,1.403,-0.7329,-0.8068,-0.8002
1.3048,-8.9306,2.1188,-0.7494,-0.99,-0.7354
2.3463,-7.6904,2.114,-0.7543,-1.0951,-0.6853
2.3463,-7.6904,2.114,-0.6559,-0.5062,-0.7507
2.9257,-7.3864,2.6479,-0.6559,-0.5062,-0.7507
3.3255,-7.6952,3.0861,-0.6193,-0.2209,-0.8026
4.1156,-9.3879,3.3207,-0.5258,-0.0792,-0.8197
4.288,-9.6824,3.3446,-0.403,-0.1629,-0.8075
4.592,-10.3647,3.2202,-0.29,-0.4072,-0.8069
4.5082,-10.4414,2.6001,-0.1819,-0.8184,-0.8851
4.4627,-10.2762,2.5402,-0.1679,-1.0285,-0.9926
4.4843,-10.2857,2.5761,-0.2112,-1.1843,-1.1099
4.762,-10.3935,3.031,-0.2491,-1.2796,-1.2327
4.6734,-10.4031,2.9592,-0.2198,-1.2625,-1.3805
4.3718,-10.609,2.6408,-0.1165,-1.0871,-1.5638
4.1539,-11.1285,2.8514,0.0074,-0.6956,-1.8112
3.7732,-11.8803,3.1244,0.0379,-0.4512,-1.9058
3.3207,-12.3448,3.3973,0.0727,-0.268,-1.9401
2.1212,-12.2873,3.3399,0.1326,-0.2081,-1.9315
1.561,-11.9617,3.1268,0.2419,-0.2423,-1.9156
0.8762,-11.4733,2.9592,0.4423,-0.362,-1.8661
0.5099,-11.2171,2.873,0.5345,-0.4738,-1.7715
0.577,-11.1812,2.6001,0.6048,-0.6015,-1.6444
0.577,-11.1812,2.6001,0.6646,-0.7933,-1.3463
0.8475,-10.1852,2.1811,0.6646,-0.7933,-1.3463
0.8403,-9.17,1.9967,0.664,-0.7713,-1.2406
0.8403,-9.17,1.9967,0.7117,-0.4213,-1.2064
0.0502,-7.4462,2.047,0.7117,-0.4213,-1.2064
-0.1987,-6.9698,1.7429,0.8271,-0.304,-1.1557
-0.0742,-6.5508,1.4676,0.9805,-0.2069,-1.0219
0.541,-5.6649,1.2258,1.0532,-0.1507,-0.8588
0.541,-5.6649,1.2258,1.0086,-0.1574,-0.7116
0.8499,-5.4662,1.1492,0.8766,-0.1507,-0.598
0.553,-5.1621,1.0414,0.7856,-0.0285,-0.601
0.3351,-5.3058,-0.4764,0.7233,0.1101,-0.6322
0.9888,-5.7631,-1.4341,0.7031,0.1327,-0.5662
1.3503,-6.3329,-2.0039,0.6274,0.0734,-0.364
1.3503,-6.3329,-2.0039,0.0385,0.4185,0.0574
2.4875,-7.3241,0.0981,0.0385,0.4185,0.0574
2.5498,-6.9291,-0.0622,-0.1269,0.5548,0.1637
1.8387,-6.0696,-0.6129,-0.2076,0.4363,0.2657
1.1947,-5.7775,-0.4836,-0.345,0.2121,0.3359
-0.2705,-7.5061,3.8474,-0.5759,0.195,0.3756
-0.0598,-7.8053,4.7261,-0.9095,0.3587,0.5461
2.1404,-8.3632,6.6106,-0.8899,0.6427,0.8075
3.6415,-8.5883,6.4071,-0.4812,1.2145,1.0574
4.3263,-9.1676,5.0496,0.0135,1.6061,1.1551
4.3311,-9.2491,4.8988,0.361,1.5951,1.1924
3.7062,-9.3951,4.106,0.5529,1.1827,1.2467
2.6479,-9.3592,3.3327,0.5492,0.8217,1.2559
1.1204,-10.032,1.3215,0.5321,0.479,1.2553
1.1013,-10.1229,1.1587,0.518,0.1467,1.2919
0.9816,-10.5587,-0.5985,0.5113,-0.1,1.3836
1.1659,-10.5778,-1.4987,0.5553,0.0832,1.5149
1.9201,-10.0391,-1.0989,0.3629,0.746,1.7684
2.5953,-9.9051,0.225,0.1124,1.3012,1.984
3.7038,-10.2283,3.7277,-0.1556,1.8162,2.2009
4.7165,-10.5922,6.0265,-0.3016,2.2237,2.3793
5.0879,-10.9178,6.4981,-0.2271,2.4979,2.4795
4.8075,-10.7885,5.1119,-0.0597,2.4497,2.4685
4.0605,-10.7742,2.8754,0.2248,1.6836,2.2553
3.1771,-10.7718,0.6368,0.281,0.986,1.9437
0.802,-10.2738,-1.6017,0.2755,0.6867,1.5662
0.5339,-10.269,-1.707,0.1674,0.7735,1.204
-0.0622,-10.5946,-1.288,-0.0231,1.0465,0.97
0.0861,-11.2243,-0.1244,-0.4263,1.1455,0.9468
1.0917,-10.9346,1.8171,-0.6596,0.8327,1.069
1.2162,-10.7167,2.0254,-0.8245,0.3654,1.2113
1.6783,-9.7782,3.3351,-0.9388,-0.0255,1.3023
1.8842,-8.9163,4.8386,-1.0133,-0.1684,1.3206
2.2768,-8.8396,7.7192,-1.0035,-0.0432,1.2968
2.3008,-8.8923,7.9298,-0.8105,0.3984,1.3029
2.2601,-9.3831,8.368,-0.5881,0.5096,1.3445
2.2409,-10.1373,6.1079,-0.1892,0.5114,1.4117
2.375,-12.17,2.6072,0.2535,0.4002,1.4563
2.2026,-13.2976,1.2018,0.4826,0.1559,1.411
1.2713,-13.1923,0.055,0.4973,-0.0847,1.036
0,-12.2107,0.146,0.3568,-0.067,0.6334
-1.6232,-10.3695,3.3039,0.1057,0.0465,0.2174
-2.0733,-10.032,4.1323,-0.1098,0.2341,-0.105
-2.3487,-9.747,4.2568,-0.1398,0.5407,-0.2455
-2.1715,-9.7159,3.1483,-0.064,0.7893,-0.2131
0.5602,-10.9418,1.9967,-0.0561,0.6513,0.0213
0.984,-10.9082,1.9991,-0.1196,0.4418,0.2522
1.9009,-10.269,2.2529,-0.1789,0.352,0.4758
1.8219,-9.6776,3.0813,-0.21,0.2139,0.5436
0.656,-8.7463,2.8993,-0.2369,-0.02,0.4819
0.4118,-8.617,2.7293,-0.1514,-0.2906,0.2321
-0.5626,-8.4494,1.7645,-0.0854,-0.4115,-0.0091
-0.5626,-8.4494,1.7645,-0.1074,-0.2209,-0.4269
-1.3958,-8.4949,0.6655,-0.2467,-0.0847,-0.532
-1.4389,-9.1126,0.9313,-0.4513,0.0172,-0.5369
-1.0486,-9.2945,3.7205,-0.4513,0.0172,-0.5369
-0.3088,-9.0431,4.9515,-0.5081,0.3061,-0.4263
0.462,-8.3105,4.6926,-0.3236,0.3605,-0.3225
1.0462,-7.9825,3.8019,-0.1495,0.063,-0.2504
1.5658,-8.0663,2.0949,-0.0188,-0.37,-0.1893
1.7884,-8.8396,3.1459,0.0165,-0.822,-0.1624
2.1978,-9.3305,1.9081,-0.0677,-1.0926,-0.1747
2.0207,-9.5364,2.4109,-0.0268,-0.7499,-0.2932
1.8195,-10.3624,3.2704,-0.1477,-0.7176,-0.4471
1.6974,-10.8747,2.7748,-0.1844,-0.5807,-0.5662
1.2282,-12.0048,2.6503,-0.1862,-0.5575,-0.6774
1.1827,-12.0982,2.5689,-0.2436,-0.7988,-0.7843
0.9457,-12.1101,2.1284,-0.3096,-1.0474,-0.901
0.7541,-11.9258,2.3127,-0.4122,-1.1562,-0.97
0.3687,-11.2554,3.6248,-0.5338,-1.1268,-1.0189
0.3902,-11.174,3.6343,-0.6107,-0.9509,-1.0439
0.395,-10.9082,3.213,-0.5881,-0.717,-1.0488
0.4381,-10.8747,2.5187,-0.5008,-0.585,-1.0555
1.3144,-11.3392,1.3551,-0.4544,-0.7701,-1.0592
1.3886,-11.3583,1.3407,-0.5344,-1.0285,-1.0372
2.0278,-11.4182,1.209,-0.6785,-1.2875,-1.0073
2.5139,-11.1644,1.4532,-0.8087,-1.3852,-0.9963
3.0095,-10.5132,2.0494,-0.9033,-1.2539,-1.0225
3.122,-10.0679,2.4037,-0.9424,-0.8599,-1.1111
3.3231,-9.613,2.8634,-0.9143,-0.6149,-1.2058
3.6535,-9.5411,3.438,-0.8526,-0.4182,-1.3127
3.8594,-9.51,3.6367,-0.7445,-0.2258,-1.433
3.6559,-9.3592,3.4596,-0.5839,-0.0261,-1.5619
3.0741,-9.1341,3.2202,-0.4201,0.1204,-1.6823
2.7365,-9.3257,3.2393,-0.2742,0.0777,-1.7996
2.5977,-9.5292,3.6487,-0.2112,-0.0554,-1.8057
2.5546,-9.5076,3.7541,-0.1349,-0.2167,-1.7837
1.9776,-8.8349,3.3806,-0.006,-0.3724,-1.7788
1.3287,-8.356,3.031,0.1876,-0.4702,-1.8179
0.7493,-8.4087,2.8083,0.3775,-0.5038,-1.8606
0.711,-8.526,2.8203,0.6445,-0.4524,-1.8521
0.6943,-9.3712,2.9328,0.8131,-0.3846,-1.8044
0.8475,-10.0631,2.691,0.9768,-0.3327,-1.7195
1.9536,-11.9689,2.7341,1.1136,-0.3321,-1.5974
1.9536,-11.9689,2.7341,1.0648,-0.7585,-0.9932
3.043,-12.7518,3.0238,1.0648,-0.7585,-0.9932
3.8905,-13.0295,2.624,1.0397,-1.0493,-0.6914
4.3215,-12.0958,0.7852,1.1466,-1.1281,-0.4667
3.7924,-10.7239,-0.2394,1.2987,-0.9662,-0.4025
2.7413,-9.4023,-1.2162,1.361,-0.6711,-0.4978
1.9105,-8.1142,-2.0422,1.3482,-0.3468,-0.6633
1.7956,-6.8979,-2.0829,1.1246,-0.0578,-0.7031
1.8435,-6.6992,-1.7908,0.8009,-0.1238,-0.6487
1.8435,-6.6011,-1.2066,0.4502,-0.2936,-0.5937
1.8818,-6.4957,-0.3854,0.1589,-0.3975,-0.5241
0.4596,-6.2204,0.4501,-0.0555,-0.3749,-0.4557
0.067,-6.1055,0.5578,-0.2143,-0.1965,-0.3842
-0.9672,-5.3106,0.984,-0.2943,-0.1036,-0.3225
-1.2497,-4.7309,1.5514,-0.3743,-0.0334,-0.1887
-0.7876,-4.0462,2.9759,-0.4421,0.0276,-0.0256
-0.632,-3.9504,3.2537,-0.4556,0.0642,0.1521
0.4596,-3.766,4.3167,-0.392,0.0679,0.3543
1.4484,-3.869,4.4675,-0.1062,0.1962,0.6194
2.8131,-5.574,4.5777,0.1521,0.3886,0.7159
2.8131,-5.574,4.5777,0.3433,0.5615,0.791
2.9735,-6.7232,4.7213,0.4539,0.6079,0.8619
2.9831,-7.8269,4.4508,0.5632,0.5804,0.9138
2.9376,-8.787,3.7253,0.6946,0.5212,0.9596
2.9281,-9.3496,2.9496,0.8681,0.3685,1.0567
2.952,-10.2498,1.7788,0.9163,0.2096,1.1508
2.9233,-11.5379,0.9935,0.9072,0.0691,1.2455
2.4923,-12.5961,-0.0885,0.8797,0.1125,1.3316
2.114,-12.7446,-0.1987,0.8455,0.3434,1.4104
1.5634,-12.8068,-0.3208,0.705,0.8022,1.4899
1.4221,-12.4884,-0.5865,0.5559,0.9824,1.5369
1.2808,-10.9274,0.0478,0.3391,1.0031,1.576
1.2569,-10.6808,0.0957,0.0746,0.9121,1.5961
1.0989,-9.7877,0.5243,-0.1666,0.8297,1.609
1.0941,-9.4358,1.3623,-0.4208,0.7356,1.6346
1.3407,-9.2921,2.7605,-0.7128,0.5951,1.7305
1.3814,-9.206,2.9328,-0.747,0.5939,1.8142
1.5346,-8.8803,3.3758,-0.6798,0.6299,1.89
1.6208,-8.5835,3.4524,-0.546,0.6617,1.9443
1.5035,-8.3752,3.0789,-0.3859,0.6849,1.9529
1.5035,-8.3584,3.0645,-0.1727,0.7246,1.8503
1.2593,-8.2794,3.3255,-0.0817,0.7166,1.7544
1.379,-8.6553,3.845,-0.0066,0.6482,1.7092
1.5179,-9.3735,3.7038,0.1393,0.5816,1.7385
1.6735,-10.099,2.7557,0.3775,0.6079,1.8173
1.9823,-11.4757,1.0821,0.6482,0.7057,1.9107
2.1571,-12.7422,0.4046,0.8204,0.84,1.8826
1.8794,-14.0829,1.2473,0.7441,0.8907,1.6804
1.7741,-14.4373,2.2433,0.5981,0.848,1.4208
1.8363,-14.3463,4.8219,0.4246,1.0038,1.1936
2.059,-13.379,6.4359,0.3,1.4393,1.0256
1.956,-11.4374,5.7463,0.391,1.8608,0.8057
1.944,-11.2099,5.641,0.5571,1.6012,0.6572
1.798,-10.3647,4.8003,0.6518,1.1888,0.5455
1.8698,-9.7016,3.6391,0.6579,0.9121,0.4935
2.2864,-9.7758,3.3135,0.5388,0.8144,0.4838
2.375,-10.0152,3.1124,0.3213,0.7942,0.4605
1.9584,-11.3655,3.134,0.11,0.8156,0.3634
1.3694,-11.9425,2.6455,-0.0335,0.5212,0.2388
0.1508,-10.9992,1.312,-0.0976,0.2212,0.1496
0.0933,-10.9226,1.3096,-0.1837,-0.0255,0.0702
-0.2154,-10.1541,1.4891,-0.3279,-0.2044,0.0073
-0.2968,-9.4382,2.1475,-0.4678,-0.3272,-0.0384
0.1651,-8.8085,2.5522,-0.5747,-0.5056,-0.0977
-0.0215,-8.538,2.7461,-0.5435,-0.5765,-0.1771
-0.2609,-8.6601,2.6815,-0.5228,-0.6137,-0.3182
-0.5746,-8.5619,2.636,-0.5234,-0.5343,-0.4489
-0.5746,-8.5619,2.636,-0.5545,-0.4366,-0.6609
-1.2042,-9.2155,1.4245,-0.5545,-0.4366,-0.6609
-1.3215,-9.7255,1.0821,-0.5637,-0.5001,-0.7104
-1.47,-9.8356,1.4245,-0.6138,-0.6143,-0.7293
-1.2665,-9.0001,2.6886,-0.6492,-0.7414,-0.7024
-1.1133,-8.9019,2.6384,-0.6321,-0.8129,-0.6395
-0.8906,-8.4949,2.6192,-0.5423,-0.7609,-0.5778
-0.8283,-8.593,2.6767,-0.4092,-0.5954,-0.6065
-0.5386,-9.2419,2.3319,-0.3481,-0.5172,-0.6585
-0.4381,-9.3592,2.1356,-0.3035,-0.4622,-0.7037
-0.0263,-9.6944,1.5777,-0.2827,-0.3663,-0.7269
0.4165,-10.2307,1.7453,-0.3444,-0.3089,-0.7379
1.6543,-11.9856,3.7014,-0.5668,-0.4995,-0.7226
1.6543,-11.9856,3.7014,-0.6694,-0.7768,-0.6682
2.5713,-12.4908,4.2664,-0.6584,-1.0175,-0.6023
3.1603,-12.0215,3.9839,-0.5044,-1.0438,-0.5638
3.1028,-10.7023,3.0334,-0.3358,-1.0077,-0.6072
3.0286,-10.0607,2.782,-0.2375,-0.9582,-0.7373
2.8083,-9.5866,2.9257,-0.2778,-0.775,-1.0054
2.5761,-9.5699,3.2992,-0.331,-0.5514,-1.1789
2.3702,-10.1421,3.5697,-0.3285,-0.3144,-1.317
2.229,-10.6233,3.4452,-0.2534,-0.1898,-1.3982
1.786,-11.0639,2.8347,-0.1349,-0.3083,-1.4288
1.5538,-11.0112,1.9129,-0.0237,-0.6962,-1.4068
1.5993,-9.5771,0.3615,0.0342,-1.4665,-1.2382
1.6855,-9.3233,0.3232,-0.0585,-1.8464,-1.0977
2.193,-8.629,0.5506,-0.2399,-1.9491,-0.9969
2.6479,-8.2052,1.154,-0.4446,-1.8574,-0.9621
3.5769,-9.3017,2.3391,-0.5851,-1.6772,-0.9889
3.8043,-9.7949,2.4301,-0.5723,-1.2386,-1.0787
4.264,-11.1716,2.3894,-0.3481,-0.6901,-1.1459
4.0126,-11.5188,2.1308,-0.0646,-0.0462,-1.2174
4.0701,-12.3352,2.5426,0.0886,0.4473,-1.2913
4.0701,-12.3112,2.5977,0.0825,0.7032,-1.3396
3.6511,-12.0814,2.8993,0.0257,0.8327,-1.397
2.8874,-11.3392,3.3231,0.0251,0.8559,-1.5412
1.786,-10.5539,3.4763,0.1381,0.7655,-1.6536
1.3646,-10.4222,3.0502,0.3782,0.5364,-1.7562
1.3646,-10.4222,3.0502,0.9365,-0.2325,-1.7971
0.8619,-9.8141,1.5155,0.9365,-0.2325,-1.7971
1.2449,-9.9745,1.2545,0.9963,-0.6168,-1.6505
1.5298,-10.02,1.1947,0.9463,-0.6418,-1.5063
1.9704,-10.2019,1.1923,0.9053,-0.4579,-1.3506
2.3104,-10.2546,1.3,0.8717,-0.155,-1.1826
2.3846,-9.2802,0.4955,0.8675,0.1388,-1.0097
2.2481,-8.9977,0.2705,0.9188,0.308,-0.8662
1.4772,-7.7958,-1.0414,1.0122,0.1595,-0.8069
0.9241,-6.3257,-1.8602,0.9982,-0.034,-0.8185
-0.869,-4.288,-2.1691,0.8485,-0.1525,-0.8387
-1.118,-4.0414,-2.0757,0.6158,-0.1177,-0.8698
-1.7453,-3.1555,-1.5227,0.3488,0.0221,-0.868
-1.7621,-2.6886,-0.5363,0.0513,0.1803,-0.7409
0.9696,-4.0318,2.0566,-0.436,0.2536,-0.3512
1.1228,-4.2042,2.2409,-0.6987,0.1785,-0.0256
2.1356,-6.2707,4.9515,-0.8704,0.0129,0.2394
3.28,-8.1381,6.3712,-0.9052,-0.1116,0.4318
4.4723,-9.6202,5.9211,-0.6755,0.1076,0.576
3.9839,-9.3664,4.6878,-0.1129,0.4393,0.6389
3.0262,-8.6529,3.3327,0.1595,0.3025,0.5937
2.1667,-8.2243,2.6431,0.2865,0.0044,0.5833
2.1883,-7.4845,2.0494,0.3543,-0.1153,0.6322
2.2385,-7.2571,1.6807,0.438,0.1449,0.7238
2.1619,-7.2882,1.5514,0.4942,0.4864,0.8026
1.8076,-7.5635,1.5155,0.4551,0.6085,0.9181
1.1611,-8.4661,1.6855,0.4075,0.5236,1.0036
1.0678,-8.6122,1.707,0.3629,0.4356,1.1038
0.9145,-9.1485,1.628,0.3366,0.4185,1.2168
1.0654,-9.4166,1.9991,0.3226,0.501,1.3524
1.3862,-9.3592,3.1411,0.2584,0.7215,1.568
1.4221,-9.3137,3.1292,0.2725,0.895,1.7177
1.7908,-9.2874,3.0502,0.3494,1.0758,1.8619
2.2122,-9.6082,2.6839,0.3928,1.0948,1.995
2.5306,-9.8835,1.9584,0.4075,0.9476,2.0903
2.5306,-9.8835,1.9584,0.3702,0.7368,2.1093
2.2697,-9.4741,1.8938,0.2132,0.5456,1.9773
2.0063,-9.0647,2.284,0.1344,0.6403,1.8417
2.0997,-9.2443,2.9496,0.0764,0.8382,1.7507
2.4372,-9.7901,3.28,0.0629,1.0783,1.7373
2.9352,-10.9034,3.5697,0.0898,1.3055,1.7708
3.2824,-12.1987,3.7014,0.1393,1.4845,1.8093
3.2824,-14.138,2.8371,0.1863,1.4149,1.7654
3.0286,-14.49,2.0997,0.2523,1.2432,1.6352
2.1643,-14.5354,0.9552,0.3012,1.1314,1.4257
1.3766,-14.1452,-0.0215,0.3006,1.143,1.1734
0.2968,-13.3575,0.3495,0.2615,1.2579,0.9407
0.2346,-13.2522,0.6224,-0.0103,1.3422,0.7012
0.3303,-12.735,1.9009,-0.2656,1.2982,0.601
0.4932,-12.0862,3.6655,-0.4709,1.2304,0.5015
0.0598,-10.2379,5.1023,-0.5735,1.1534,0.3604
-0.0359,-9.9673,5.0951,-0.5319,1.1033,0.1918
-0.2992,-8.8181,4.5346,-0.3768,1.1296,0.0482
-0.5674,-7.7383,3.7301,-0.1233,1.2224,-0.0476
-0.1987,-6.3305,2.7102,-0.0432,1.1589,-0.0006
-0.1987,-6.3305,2.7102,0.008,1.0209,0.1551
0.711,-6.4191,2.6096,0.041,0.862,0.4123
1.9512,-6.9626,2.4205,0.0489,0.7221,0.7043
3.2082,-8.3033,2.5402,0.0245,0.5261,1.003
3.5697,-9.2107,3.2273,-0.0145,0.4155,1.047
3.6176,-10.36,4.8027,-0.0762,0.3758,0.9615
3.383,-11.4852,4.7644,-0.1025,0.4699,0.7666
2.3056,-13.0798,1.7262,-0.0396,0.6018,0.4954
1.9416,-12.9313,1.8195,0.0055,0.5859,0.1832
1.3144,-11.1812,2.1523,-0.2387,0.2823,-0.1844
0.3806,-9.6058,3.2824,-0.3505,0.1595,-0.3927
-0.5243,-8.459,4.6495,-0.4342,0.0661,-0.5754
-0.5626,-8.4661,4.786,-0.4654,-0.0022,-0.6695
-0.3351,-9.1054,5.878,-0.4751,-0.1574,-0.6976
-0.5386,-9.2778,6.5532,-0.4092,-0.2814,-0.7183
-1.1899,-11.5116,4.2018,-0.2247,-0.114,-0.7684
-1.1563,-11.9856,3.6535,0.0104,0.0319,-0.8136
-0.905,-13.8028,1.8626,0.157,-0.0517,-0.8203
-0.6655,-14.6528,0.565,0.1106,-0.3724,-0.7751
-0.577,-13.3958,0.4884,-0.009,-0.7438,-0.7189
-0.577,-13.3958,0.4884,-0.3933,-0.924,-0.6633
-0.6464,-11.0495,0.9289,-0.3933,-0.924,-0.6633
-0.6536,-9.5411,1.3479,-0.5313,-0.9173,-0.6585
-0.4836,-7.9729,1.9345,-0.681,-0.9509,-0.6487
-0.2777,-7.1733,2.0685,-0.8325,-0.9796,-0.6304
-0.0311,-6.0839,1.9345,-0.9363,-0.9937,-0.6102
0.2489,-4.8722,1.6448,-1.0145,-0.9491,-0.6029
0.5937,-3.9624,1.4006,-1.0304,-0.8611,-0.5864
0.644,-3.8786,1.5203,-1.0438,-0.7762,-0.5516
0.8283,-4.1491,2.3343,-1.0652,-0.6772,-0.5057
1.3431,-5.1981,3.7995,-1.0695,-0.4891,-0.4306
3.7565,-9.4597,5.4183,-0.9137,0.1852,-0.2602
4.1276,-10.0918,5.6961,-0.7115,0.644,-0.1734
5.9642,-12.905,7.1948,-0.5374,0.7063,-0.2419
6.8046,-14.6983,7.8484,-0.3609,0.3966,-0.499
3.5194,-13.9728,3.6607,-0.1398,-0.155,-0.9297
2.885,-13.8507,3.122,0.1246,-0.6913,-1.4361
0.9145,-13.5802,1.7094,0.2511,-1.0511,-1.9553
-0.0718,-13.822,1.7812,0.0721,-1.0829,-1.9999
0.3471,-14.5857,1.1827,-0.1337,-1.1439,-1.868
0.3471,-14.5857,1.1827,-0.1453,-1.2545,-1.6346
1.1276,-13.8028,-0.2059,0.2334,-0.9332,-1.3695
2.0853,-12.984,-0.7757,0.5706,-0.2545,-0.9743
2.806,-12.1125,-0.3327,0.4044,-0.0303,-0.8289
3.0741,-11.6648,0.1173,0.0996,-0.0951,-0.777
3.4739,-11.2219,0.5195,-0.1721,-0.3877,-0.7275
3.881,-10.8005,0.5746,-0.3615,-0.7774,-0.6621
4.4915,-9.7758,0.5913,-0.4709,-1.1152,-0.6169
4.5226,-9.036,0.6416,-0.5558,-1.3406,-0.6536
4.4364,-8.2531,0.9768,-0.5802,-1.2747,-0.7855
3.9887,-7.7096,1.3144,-0.5796,-1.1085,-0.9847
1.0869,-5.8086,2.1116,-0.546,-0.8556,-1.2308
0.7541,-5.6147,2.2649,-0.5093,-0.5233,-1.4837
0.2944,-5.2938,3.0262,-0.4794,0.1247,-1.6847
0.5961,-5.7966,4.1228,-0.4116,0.5841,-1.656
0.6751,-7.9897,6.1414,-0.2644,0.8052,-1.5845
0.7517,-8.3416,6.4407,-0.0536,0.6562,-1.463
1.4724,-9.2107,7.518,0.1643,0.3159,-1.2058
1.4724,-9.2107,7.518,0.8766,-0.6974,-0.6524
0.7182,-8.4829,3.4356,0.8766,-0.6974,-0.6524
0.7182,-8.4829,3.4356,1.1735,-1.1305,-0.6817
0.0909,-8.8468,2.0997,1.3335,-1.4866,-0.7666
0.1867,-9.3137,0.2298,1.3879,-1.6785,-0.7654
0.7661,-9.5866,-1.7812,1.4313,-1.5758,-0.6976
0.9552,-9.1389,-2.4684,1.507,-0.9741,-0.6175
1.0079,-8.1262,-3.0214,1.2792,-0.166,-0.4514
0.8595,-7.3145,-3.0933,1.0336,0.1821,-0.3567
-0.7398,-5.6075,-1.4652,0.7245,0.2597,-0.2437
-1.1156,-4.7979,-0.632,0.3323,0.1467,-0.1191
0.1675,-3.8043,0.2106,-0.0524,0.1009,0.0653
0.9433,-3.9743,0.7685,-0.4605,0.1107,0.3347
0.577,-4.4556,1.8411,-0.6547,-0.1,0.4318
0.383,-4.446,2.0254,-0.7836,-0.2515,0.54
-0.577,-4.6232,3.2034,-0.8313,-0.1959,0.612
-0.5961,-5.3561,5.2292,-0.772,-0.0053,0.7006
2.9855,-7.9849,6.3712,-0.5643,0.2945,0.8894
3.3758,-8.2986,6.2276,0.1112,1.0569,1.2693
4.446,-9.5244,5.5955,0.5571,1.4326,1.4062
4.2042,-10.1062,4.9299,0.8394,1.3733,1.4275
2.1763,-10.8436,2.8347,0.9823,1.0154,1.4037
2.0638,-10.9513,2.7581,1.033,0.6311,1.3775
1.6041,-12.1508,1.6735,0.9493,0.1821,1.3298
1.6041,-12.1508,1.6735,0.9285,0.242,1.3432
1.0223,-12.8188,-0.7924,0.9285,0.242,1.3432
1.2545,-12.0311,-1.0678,0.9169,0.7252,1.3964
1.64,-11.4517,-0.5578,0.7593,1.2487,1.5271
2.0638,-11.3727,0.383,0.4753,1.5884,1.6639
2.308,-11.4804,1.616,0.0086,1.5939,1.7739
2.3511,-11.5307,2.0374,-0.2332,1.3892,1.7763
2.284,-11.3488,2.5953,-0.3847,1.1779,1.7244
2.0757,-10.6784,2.5426,-0.4501,1.0453,1.6206
1.5203,-9.9003,3.0573,-0.4715,1.0178,1.4801
1.5251,-9.9529,3.2297,-0.4898,1.0471,1.3494
1.5753,-10.1972,4.1323,-0.4617,1.1223,1.2834
2.0111,-10.439,4.7213,-0.3652,1.1534,1.3322
2.4181,-10.0798,4.2616,-0.1905,1.1858,1.4062
2.4205,-9.9841,4.0821,-0.0048,1.1815,1.4275
2.229,-9.4526,3.2178,0.1234,1.0716,1.372
1.7669,-8.854,2.7174,0.1613,0.884,1.2107
1.0199,-8.0807,3.3997,0.1118,0.9671,1.1062
1.0247,-8.0927,3.4715,0.0599,1.2114,1.0549
1.0582,-8.3608,3.8522,0.044,1.4796,1.091
1.4101,-9.0264,3.96,0.0623,1.672,1.1771
2.3487,-10.4821,3.1028,0.0941,1.7667,1.2815
2.6982,-11.5307,2.114,0.1949,1.7386,1.3414
2.6527,-12.5004,0.5482,0.2767,1.5798,1.2302
2.2122,-12.8547,-0.3567,0.3079,1.3574,1.0134
0.9624,-13.3455,0.5099,0.1417,0.9793,0.755
0.5315,-13.5466,2.0374,-0.2082,0.5487,0.5204
0.1053,-13.561,4.0749,-0.6602,0.2823,0.3084
-0.2825,-13.3431,4.9802,-0.6675,0.2939,0.1966
-1.0749,-12.2226,4.1036,-0.5069,0.2273,0.0433
-1.0749,-12.2226,4.1036,-0.2302,-0.5215,-0.3866
-1.9847,-10.9848,3.2896,-0.2302,-0.5215,-0.3866
-2.2553,-9.3783,2.5282,-0.1801,-0.844,-0.5638
-1.3838,-6.8285,3.2321,-0.1666,-0.7829,-0.5992
-1.1444,-6.455,3.3279,-0.2027,-0.6119,-0.5112
-0.3615,-5.5692,3.5913,-0.2192,-0.3865,-0.3982
-0.3615,-5.5692,3.5913,-0.2436,-0.0187,-0.2919
-0.711,-7.9658,4.5441,-0.2436,-0.0187,-0.2919
-0.6536,-8.2148,4.4412,-0.323,-0.02,-0.273
-0.0143,-9.7638,3.3614,-0.2577,0.0111,-0.1869
