correr
-5.0257,6.5732,7.9146,0.0074,0.9147,0.3355
-5.0257,6.5732,7.9146,0.0308,0.4918,0.1118
-5.0257,6.5732,7.9146,-0.1725,0.2713,0.2439
-5.0257,6.5732,7.9146,-0.6689,0.0274,0.3195
-5.0257,6.5732,7.9146,-1.0055,0.1712,0.213
-5.0257,6.5732,7.9146,-0.9278,0.2979,0.1118
-5.0257,6.5732,7.9146,-0.6966,0.4279,0.0916
-5.0257,6.5732,7.9146,-0.3217,0.4258,-0.0777
-5.0257,6.5732,7.9146,0.1342,0.5877,-0.3877
-5.0257,6.5732,7.9146,0.1874,0.919,-0.4655
-5.0257,6.5732,7.9146,0.0095,0.8636,-0.3792
-5.0257,6.5732,7.9146,0.0958,0.1872,-0.3802
-5.0257,6.5732,7.9146,1.062,-0.3667,-0.5134
-5.0257,6.5732,7.9146,0.6828,-0.6926,-1.1919
-5.0257,6.5732,7.9146,-0.4793,0.1659,-2.3626
-5.0257,6.5732,7.9146,-0.4005,-0.7608,-2.1986
-5.0257,6.5732,7.9146,-0.6721,-2.5175,-2.0942
-5.0257,6.5732,7.9146,-0.833,-3.9172,-1.6926
-5.0257,6.5732,7.9146,-0.5368,-3.9588,-1.6425
-5.0257,6.5732,7.9146,-0.3035,-3.2365,-1.814
-5.0257,6.5732,7.9146,-0.1011,-2.5271,-1.8194
-5.0257,6.5732,7.9146,0.1427,-1.9774,-1.7395
-5.0257,6.5732,7.9146,0.409,-1.7824,-1.4828
-5.0257,6.5732,7.9146,0.6029,-1.9263,-1.1397
-5.0257,6.5732,7.9146,0.7531,-1.5778,-0.8628
-5.0257,6.5732,7.9146,1.0055,-0.4998,-0.5432
-5.0257,6.5732,7.9146,1.1472,0.6814,-0.0117
-5.0257,6.5732,7.9146,1.0907,1.9608,0.5709
-5.0257,6.5732,7.9146,0.7861,2.8301,1.0662
-5.0257,6.5732,7.9146,0.3408,3.1518,1.7737
-5.0257,6.5732,7.9146,0.1608,3.9284,3.2256
-5.0257,6.5732,7.9146,-0.4473,2.6084,3.1361
-5.0257,6.5732,7.9146,0.2854,0.7453,1.714
-5.0257,6.5732,7.9146,0.0916,1.3547,2.3692
-5.0257,6.5732,7.9146,-0.1054,1.7637,2.1178
-5.0257,6.5732,7.9146,0.0298,1.3419,0.9842
-5.0257,6.5732,7.9146,0.0458,0.8742,0.4697
-5.0257,6.5732,7.9146,-0.098,0.625,0.475
-5.0257,6.5732,7.9146,-0.3025,-0.0482,0.4932
-5.0257,6.5732,7.9146,-0.392,-0.3922,0.3142
-5.0257,6.5732,7.9146,-0.4207,-0.5914,0.1842
-5.0257,6.5732,7.9146,-0.3419,-0.5126,0.1757
-5.0257,6.5732,7.9146,-0.18,-0.2665,0.0479
-5.0257,6.5732,7.9146,0.1342,0.1882,-0.2556
-5.0257,6.5732,7.9146,0.409,0.7283,-0.4974
-5.0257,6.5732,7.9146,0.3472,0.9701,-0.4175
-5.0257,6.5732,7.9146,0.0532,0.6069,-0.1374
-5.0257,6.5732,7.9146,0.0031,-0.5595,-0.0841
-5.0257,6.5732,7.9146,1.0513,-1.564,-0.4537
-5.0257,6.5732,7.9146,0.3408,-1.2881,-1.3539
-5.0257,6.5732,7.9146,-1.0119,0.1456,-1.7288
-5.0257,6.5732,7.9146,-1.0023,0.0274,-1.2857
-5.0257,6.5732,7.9146,-0.7286,-1.0399,-1.3091
-5.0257,6.5732,7.9146,-0.8191,-2.8754,-1.3017
-5.0257,6.5732,7.9146,-0.245,-3.734,-1.3656
-5.0257,6.5732,7.9146,0.2258,-3.3644,-1.5829
-5.0257,6.5732,7.9146,0.2695,-2.755,-1.65
-5.0257,6.5732,7.9146,0.2481,-2.0541,-1.5371
-5.0257,6.5732,7.9146,0.3227,-1.5938,-1.3219
-5.0257,6.5732,7.9146,0.3717,-1.4617,-0.9342
-5.0257,6.5732,7.9146,0.4484,-1.3957,-0.4782
-5.0257,6.5732,7.9146,0.8095,-0.6266,-0.1139
-5.0257,6.5732,7.9146,1.1461,0.4993,0.2524
-5.0257,6.5732,7.9146,1.1717,1.7115,0.6316
-5.0257,6.5732,7.9146,0.8926,2.8759,1.1738
-5.0257,6.5732,7.9146,0.4484,3.2307,1.9186
-5.0257,6.5732,7.9146,-0.0202,3.0549,2.8602
-5.0257,6.5732,7.9146,-0.2151,3.0038,3.9638
-5.0257,6.5732,7.9146,-0.4037,0.2468,1.7918
-5.0257,6.5732,7.9146,0.4537,0.6292,1.3134
-5.0257,6.5732,7.9146,0.1001,1.6551,1.8078
-5.0257,6.5732,7.9146,-0.0735,1.9054,0.8596
-5.0257,6.5732,7.9146,0.0543,1.1885,0.1363
-5.0257,6.5732,7.9146,-0.0276,0.3725,0.0308
-5.0257,6.5732,7.9146,-0.2556,-0.2761,0.0862
-5.0257,6.5732,7.9146,-0.5784,-0.4849,0.0447
-5.0257,6.5732,7.9146,-0.8106,-0.2729,0.0426
-5.0257,6.5732,7.9146,-0.9011,-0.078,-0.034
-5.0257,6.5732,7.9146,-0.8031,0.0615,-0.1608
-5.0257,6.5732,7.9146,-0.4559,0.0487,-0.3749
-5.0257,6.5732,7.9146,0.0074,0.2383,-0.6977
-5.0257,6.5732,7.9146,0.294,0.6473,-0.7318
-5.0257,6.5732,7.9146,0.2418,0.8987,-0.6263
-5.0257,6.5732,7.9146,0.1555,0.4822,-0.6338
-5.0257,6.5732,7.9146,0.1981,-0.2964,-0.6178
-5.0257,6.5732,7.9146,1.486,-1.075,-0.6679
-5.0257,6.5732,7.9146,-0.0948,-1.1315,-1.9046
-5.0257,6.5732,7.9146,-0.54,-0.2218,-1.7906
-5.0257,6.5732,7.9146,-0.7925,-1.156,-1.2122
-5.0257,6.5732,7.9146,-1.0258,-2.461,-1.1749
-5.0257,6.5732,7.9146,-0.8884,-3.9343,-1.2271
-5.0257,6.5732,7.9146,-0.3952,-3.9705,-1.5328
-5.0257,6.5732,7.9146,-0.1193,-3.1769,-1.7832
-5.0257,6.5732,7.9146,0.0223,-2.411,-1.8226
-5.0257,6.5732,7.9146,0.1619,-1.7887,-1.6468
-5.0257,6.5732,7.9146,0.2588,-1.6769,-1.291
-5.0257,6.5732,7.9146,0.2908,-2.0296,-0.8575
-5.0257,6.5732,7.9146,0.425,-1.9604,-0.5656
-5.0257,6.5732,7.9146,0.686,-1.1805,-0.4101
-5.0257,6.5732,7.9146,0.9416,-0.0471,-0.2098
-5.0257,6.5732,7.9146,1.0609,1.2172,0.2354
-5.0257,6.5732,7.9146,0.9576,2.3368,0.7147
-5.0257,6.5732,7.9146,0.6955,2.8088,1.2484
-5.0257,6.5732,7.9146,0.4889,2.8163,2.3191
-5.0257,6.5732,7.9146,0.0521,3.3319,3.7082
-5.0257,6.5732,7.9146,0.0575,1.3472,2.0198
-5.0257,6.5732,7.9146,0.7978,2.0162,1.4019
-5.0257,6.5732,7.9146,0.0873,2.602,1.7716
-5.0257,6.5732,7.9146,-0.1885,2.568,1.4435
-5.0257,6.5732,7.9146,-0.1246,1.4037,0.7371
-5.0257,6.5732,7.9146,-0.2343,0.2969,0.4868
-5.0257,6.5732,7.9146,-0.2609,-0.3091,0.5741
-5.0257,6.5732,7.9146,-0.3387,-0.6031,0.4069
-5.0257,6.5732,7.9146,-0.491,-0.3166,0.1874
-5.0257,6.5732,7.9146,-0.5794,-0.0588,0.1001
-5.0257,6.5732,7.9146,-0.5794,-0.095,0.0564
-5.0257,6.5732,7.9146,-0.4122,-0.2207,-0.0255
-5.0257,6.5732,7.9146,-0.0585,-0.1952,-0.2748
-5.0257,6.5732,7.9146,0.2119,0.2383,-0.507
-5.0257,6.5732,7.9146,0.3323,0.8029,-0.6955
-5.0257,6.5732,7.9146,0.1917,1.1714,-0.6785
-5.0257,6.5732,7.9146,0.2439,1.0873,-0.393
-5.0257,6.5732,7.9146,1.797,0.478,-0.3462
-5.0257,6.5732,7.9146,0.4697,-0.1856,-1.9344
-5.0257,6.5732,7.9146,-0.671,0.6005,-2.0068
-5.0257,6.5732,7.9146,-1.0897,-0.8588,-1.3794
-5.0257,6.5732,7.9146,-1.2868,-2.1926,-1.2111
-5.0257,6.5732,7.9146,-1.0982,-3.9737,-1.0322
-5.0257,6.5732,7.9146,-0.4974,-4.305,-1.291
-5.0257,6.5732,7.9146,-0.2364,-3.5156,-1.6255
-5.0257,6.5732,7.9146,-0.1225,-2.5697,-1.6788
-5.0257,6.5732,7.9146,0.0404,-1.7749,-1.5967
-5.0257,6.5732,7.9146,0.197,-1.4575,-1.438
-5.0257,6.5732,7.9146,0.2801,-1.5352,-1.1238
-5.0257,6.5732,7.9146,0.3089,-1.6407,-0.6721
-5.0257,6.5732,7.9146,0.5059,-0.976,-0.1406
-5.0257,6.5732,7.9146,0.8074,0.1872,0.3621
-5.0257,6.5732,7.9146,0.9448,1.2844,0.8063
-5.0257,6.5732,7.9146,0.9448,2.2047,1.258
-5.0257,6.5732,7.9146,0.8063,2.8259,1.7194
-5.0257,6.5732,7.9146,0.5017,2.9569,2.3244
-5.0257,6.5732,7.9146,0.6902,3.4586,3.4909
-5.0257,6.5732,7.9146,-0.0031,2.6724,3.1393
-5.0257,6.5732,7.9146,0.8564,0.9328,1.0396
-5.0257,6.5732,7.9146,1.1387,2.3251,1.2196
-5.0257,6.5732,7.9146,0.4463,2.2218,0.9917
-5.0257,6.5732,7.9146,0.181,1.8841,0.3099
-5.0257,6.5732,7.9146,0.1864,0.6186,0.2481
-5.0257,6.5732,7.9146,-0.2162,-0.3688,0.3611
-5.0257,6.5732,7.9146,-0.7073,-0.372,0.3781
-5.0257,6.5732,7.9146,-1.0854,0.0327,0.3323
-5.0257,6.5732,7.9146,-1.2868,0.4833,0.1693
-5.0257,6.5732,7.9146,-1.2101,0.7581,-0.1161
-5.0257,6.5732,7.9146,-0.8724,0.6282,-0.3856
-5.0257,6.5732,7.9146,-0.3611,0.4407,-0.7019
-5.0257,6.5732,7.9146,0.0074,0.4194,-0.8564
-5.0257,6.5732,7.9146,0.1427,0.4609,-0.801
-5.0257,6.5732,7.9146,0.1267,0.2756,-0.8489
-5.0257,6.5732,7.9146,-0.1352,-0.4881,-0.7733
-5.0257,6.5732,7.9146,0.1225,-1.2593,-0.4932
-5.0257,6.5732,7.9146,1.4774,-1.8688,-0.5155
-5.0257,6.5732,7.9146,-0.0404,-0.6031,-2.1549
-5.0257,6.5732,7.9146,-0.3398,0.4577,-1.5275
-5.0257,6.5732,7.9146,-0.6838,-0.7523,-1.013
-5.0257,6.5732,7.9146,-0.866,-2.6666,-0.9576
-5.0257,6.5732,7.9146,-0.6806,-4.3454,-1.0684
-5.0257,6.5732,7.9146,-0.3206,-4.3018,-1.3283
-5.0257,6.5732,7.9146,-0.1778,-3.3846,-1.4742
-5.0257,6.5732,7.9146,-0.1459,-2.2363,-1.4508
-5.0257,6.5732,7.9146,-0.1288,-1.4841,-1.3027
-5.0257,6.5732,7.9146,-0.1512,-1.4436,-1.1451
-5.0257,6.5732,7.9146,-0.1235,-1.6598,-0.9896
-5.0257,6.5732,7.9146,0.0724,-1.532,-0.7914
-5.0257,6.5732,7.9146,0.3909,-0.7714,-0.4836
-5.0257,6.5732,7.9146,0.6497,0.3065,-0.1203
-5.0257,6.5732,7.9146,0.7808,1.2801,0.3259
-5.0257,6.5732,7.9146,0.6508,1.9491,0.8149
-5.0257,6.5732,7.9146,0.4079,1.9075,1.3539
-5.0257,6.5732,7.9146,0.6242,1.9192,2.2807
-5.0257,6.5732,7.9146,0.7307,2.112,3.3289
-5.0257,6.5732,7.9146,0.784,0.6047,1.3634
-5.0257,6.5732,7.9146,1.1493,2.3443,0.9246
-5.0257,6.5732,7.9146,0.5667,3.0815,1.1866
-5.0257,6.5732,7.9146,0.2002,2.6862,0.8532
-5.0257,6.5732,7.9146,-0.0436,1.0564,0.5528
-5.0257,6.5732,7.9146,-0.2524,-0.4529,0.6167
-5.0257,6.5732,7.9146,-0.4825,-0.8439,0.801
-5.0257,6.5732,7.9146,-0.6764,-0.6362,0.7328
-5.0257,6.5732,7.9146,-0.7733,-0.095,0.4857
-5.0257,6.5732,7.9146,-0.72,0.2149,0.294
-5.0257,6.5732,7.9146,-0.5272,-0.0652,0.0926
-5.0257,6.5732,7.9146,-0.1288,-0.4125,-0.2961
-5.0257,6.5732,7.9146,0.2822,-0.2271,-0.6423
-5.0257,6.5732,7.9146,0.4026,0.2905,-0.7882
-5.0257,6.5732,7.9146,0.2205,0.7677,-0.9065
-5.0257,6.5732,7.9146,-0.1651,0.5206,-0.7414
-5.0257,6.5732,7.9146,-0.1352,-0.1089,-0.4069
-5.0257,6.5732,7.9146,1.5946,-0.9099,-0.1427
-5.0257,6.5732,7.9146,0.0149,-0.8673,-2.2369
-5.0257,6.5732,7.9146,-0.2311,-0.241,-1.7682
-5.0257,6.5732,7.9146,-1.0045,-0.9216,-1.0258
-5.0257,6.5732,7.9146,-1.2548,-2.1873,-0.833
-5.0257,6.5732,7.9146,-0.6913,-3.5252,-0.9043
-5.0257,6.5732,7.9146,-0.1629,-3.2078,-1.2314
-5.0257,6.5732,7.9146,-0.0404,-2.4206,-1.4444
-5.0257,6.5732,7.9146,0.0436,-1.6726,-1.47
-5.0257,6.5732,7.9146,0.1906,-1.1368,-1.373
-5.0257,6.5732,7.9146,0.3153,-0.9738,-1.1291
-5.0257,6.5732,7.9146,0.4218,-0.9493,-0.8021
-5.0257,6.5732,7.9146,0.589,-0.5691,-0.3248
-5.0257,6.5732,7.9146,0.768,0.2298,0.2865
-5.0257,6.5732,7.9146,0.8362,1.1022,0.768
-5.0257,6.5732,7.9146,0.7009,1.9672,1.226
-5.0257,6.5732,7.9146,0.3675,2.4913,1.7641
-5.0257,6.5732,7.9146,0.0948,2.2867,2.4192
-5.0257,6.5732,7.9146,0.5475,2.2388,3.4088
-5.0257,6.5732,7.9146,0.034,1.3089,2.9806
-5.0257,6.5732,7.9146,0.6071,0.1818,0.392
-5.0257,6.5732,7.9146,0.8489,2.2122,0.8862
-5.0257,6.5732,7.9146,0.3738,2.781,0.9427
-5.0257,6.5732,7.9146,0.3035,2.2995,0.1661
-5.0257,6.5732,7.9146,0.2684,0.7784,-0.1118
-5.0257,6.5732,7.9146,0.0692,-0.0311,0.1203
-5.0257,6.5732,7.9146,-0.2748,-0.3219,0.4197
-5.0257,6.5732,7.9146,-0.5784,-0.3784,0.3131
-5.0257,6.5732,7.9146,-0.7041,-0.1717,0.0798
-5.0257,6.5732,7.9146,-0.622,-0.2282,-0.0511
-5.0257,6.5732,7.9146,-0.3493,-0.3741,-0.1672
-5.0257,6.5732,7.9146,-0.0362,-0.1802,-0.4101
-5.0257,6.5732,7.9146,0.196,0.3608,-0.491
-5.0257,6.5732,7.9146,0.1757,0.9254,-0.4239
-5.0257,6.5732,7.9146,-0.0031,1.2982,-0.2545
-5.0257,6.5732,7.9146,0.1842,1.0489,-0.0383
-5.0257,6.5732,7.9146,0.5038,0.3118,0.0894
-3.8256,25.2435,12.2601,0.5038,0.3118,0.0894
0.7065,26.5633,9.0429,0.5038,0.3118,0.0894
-7.759,12.9643,14.3346,0.5038,0.3118,0.0894
-10.8849,20.4644,12.1547,0.5038,0.3118,0.0894
-8.7675,20.5533,6.6618,0.5038,0.3118,0.0894
-5.9241,14.7129,4.6064,0.5038,0.3118,0.0894
-0.5605,11.6684,4.2353,0.5038,0.3118,0.0894
3.3441,9.5124,2.4361,0.5038,0.3118,0.0894
5.5048,6.0749,1.4398,0.5038,0.3118,0.0894
6.0342,2.0937,0.697,0.5038,0.3118,0.0894
5.064,-1.2862,-1.3413,0.5038,0.3118,0.0894
4.5082,-3.9668,-3.1717,0.5038,0.3118,0.0894
5.4905,-4.264,-1.8635,0.5038,0.3118,0.0894
6.657,-2.8505,0.5868,0.5038,0.3118,0.0894
6.5876,-1.5116,1.4039,0.5038,0.3118,0.0894
4.803,-0.2828,0.0837,0.5038,0.3118,0.0894
3.3225,2.1033,-1.2527,0.5038,0.3118,0.0894
0.3235,9.1123,1.2288,0.5038,0.3118,0.0894
-6.6091,27.4593,5.8232,0.5038,0.3118,0.0894
-4.3957,36.3825,5.1885,0.5038,0.3118,0.0894
-3.6457,20.6802,16.4712,0.5038,0.3118,0.0894
-6.8773,24.1727,8.2884,0.5038,0.3118,0.0894
-4.1656,24.1368,7.5216,0.5038,0.3118,0.0894
-1.775,18.8908,6.3,0.5038,0.3118,0.0894
-3.1286,14.4256,5.2292,0.5038,0.3118,0.0894
-3.9237,10.207,4.0842,0.5038,0.3118,0.0894
-1.8827,5.2938,0.9175,0.5038,0.3118,0.0894
-0.2106,-0.0861,-0.4528,0.5038,0.3118,0.0894
-0.3833,-4.2233,-0.661,0.5038,0.3118,0.0894
-2.2421,-5.8448,-1.6576,0.5038,0.3118,0.0894
-3.7035,-4.0195,-1.2407,0.5038,0.3118,0.0894
-3.816,-0.6802,0.3043,0.5038,0.3118,0.0894
-3.8854,0.9127,-0.1053,0.5038,0.3118,0.0894
-4.3957,-0.333,-0.3019,0.5038,0.3118,0.0894
-5.3636,-0.2106,2.8194,0.5038,0.3118,0.0894
-6.9443,8.8944,10.7939,0.5038,0.3118,0.0894
-6.4751,31.4741,9.0907,0.5038,0.3118,0.0894
1.605,22.4001,12.4037,0.5038,0.3118,0.0894
-9.1889,14.7488,16.0426,0.5038,0.3118,0.0894
-15.0771,23.5906,10.4348,0.5038,0.3118,0.0894
-10.1328,19.0416,6.8677,0.5038,0.3118,0.0894
-2.4839,14.1548,6.578,0.5038,0.3118,0.0894
2.4145,10.9977,4.7982,0.5038,0.3118,0.0894
3.5954,6.815,2.8051,0.5038,0.3118,0.0894
3.6122,2.4337,1.2407,0.5038,0.3118,0.0894
2.8386,-0.9654,-0.7808,0.5038,0.3118,0.0894
3.0397,-2.592,-2.999,0.5038,0.3118,0.0894
4.9778,-2.5824,-3.0903,0.5038,0.3118,0.0894
6.4269,-2.3523,-0.0598,0.5038,0.3118,0.0894
5.9361,-2.0937,1.1546,0.5038,0.3118,0.0894
5.1598,-1.5643,0.7233,0.5038,0.3118,0.0894
5.0472,0.2753,-0.2082,0.5038,0.3118,0.0894
2.841,5.0233,0.6946,0.5038,0.3118,0.0894
-4.1751,17.741,4.9682,0.5038,0.3118,0.0894
-8.5134,36.0423,4.4412,0.5038,0.3118,0.0894
-2.4696,25.0975,15.2232,0.5038,0.3118,0.0894
-7.8188,23.4781,9.9509,0.5038,0.3118,0.0894
-6.1707,25.5452,7.8164,0.5038,0.3118,0.0894
-1.9835,21.4562,7.7398,0.5038,0.3118,0.0894
-3.5212,16.4089,5.1598,0.5038,0.3118,0.0894
-5.9744,11.1701,3.84,0.5038,0.3118,0.0894
-4.7815,5.9217,1.909,0.5038,0.3118,0.0894
-2.683,1.2168,0.6419,0.5038,0.3118,0.0894
-1.8731,-2.1679,-0.4815,0.5038,0.3118,0.0894
-2.0338,-4.3047,-0.8984,0.5038,0.3118,0.0894
-1.842,-4.3023,-1.3581,0.5038,0.3118,0.0894
-1.751,-2.6111,-0.2609,0.5038,0.3118,0.0894
-2.0913,-0.8984,1.0277,0.5038,0.3118,0.0894
-3.1405,-0.5916,0.424,0.5038,0.3118,0.0894
-5.0903,-0.4025,-0.0814,0.5038,0.3118,0.0894
-6.4317,2.4887,2.9583,0.5038,0.3118,0.0894
-6.2689,13.5942,12.2313,0.5038,0.3118,0.0894
-0.9463,42.4599,10.2262,0.5038,0.3118,0.0894
4.2808,19.0057,13.8579,0.5038,0.3118,0.0894
-6.4101,10.7341,14.0327,0.5038,0.3118,0.0894
-13.4889,22.055,9.2128,0.5038,0.3118,0.0894
-10.6359,19.4537,3.4566,0.5038,0.3118,0.0894
-4.6112,13.072,5.5383,0.5038,0.3118,0.0894
0.9247,10.7556,5.0568,0.5038,0.3118,0.0894
4.0842,8.0798,2.4624,0.5038,0.3118,0.0894
5.0448,3.8687,1.3772,0.5038,0.3118,0.0894
4.4532,-0.134,0.5342,0.5038,0.3118,0.0894
3.3033,-3.5093,-1.6074,0.5038,0.3118,0.0894
3.7131,-5.5288,-3.1525,0.5038,0.3118,0.0894
5.6748,-4.525,-1.1019,0.5038,0.3118,0.0894
6.3311,-1.9473,0.7018,0.5038,0.3118,0.0894
5.5431,-0.1867,1.1162,0.5038,0.3118,0.0894
3.8998,0.4911,0.1628,0.5038,0.3118,0.0894
2.4672,2.0865,-0.4887,0.5038,0.3118,0.0894
-0.6108,9.4382,1.0755,0.5038,0.3118,0.0894
-7.7781,31.1243,6.0725,0.5038,0.3118,0.0894
0.9894,37.9421,5.3154,0.5038,0.3118,0.0894
-2.2948,19.9278,15.7023,0.5038,0.3118,0.0894
-4.4388,24.8075,7.9313,0.5038,0.3118,0.0894
-0.8912,26.1587,7.4618,0.5038,0.3118,0.0894
-2.2948,18.8597,6.3958,0.5038,0.3118,0.0894
-4.5705,13.6373,4.5489,0.5038,0.3118,0.0894
-3.8543,9.8694,3.0636,0.5038,0.3118,0.0894
-1.4326,5.7107,1.4709,0.5038,0.3118,0.0894
-0.2298,0.8143,0.3474,0.5038,0.3118,0.0894
-0.2226,-2.9511,-0.8888,0.5038,0.3118,0.0894
-1.5954,-5.6078,-1.5906,0.5038,0.3118,0.0894
-2.8649,-5.96,-1.3964,0.5038,0.3118,0.0894
-3.2387,-3.4949,-0.1268,0.5038,0.3118,0.0894
-3.8902,-0.7999,0.0502,0.5038,0.3118,0.0894
-3.9309,0.2947,-0.4839,0.5038,0.3118,0.0894
-4.0147,1.1546,1.2431,0.5038,0.3118,0.0894
-5.3612,3.9932,5.234,0.5038,0.3118,0.0894
-7.6345,18.1073,16.3491,0.5038,0.3118,0.0894
0.5294,45.2339,5.5671,0.5038,0.3118,0.0894
-1.2503,16.3514,18.8788,0.5038,0.3118,0.0894
-9.7063,15.9729,11.4742,0.5038,0.3118,0.0894
-12.3079,21.842,6.5828,0.5038,0.3118,0.0894
-6.6427,15.9561,4.0818,0.5038,0.3118,0.0894
-0.3714,11.9054,4.4867,0.5038,0.3118,0.0894
3.4781,9.3807,3.21,0.5038,0.3118,0.0894
4.8605,5.2531,1.8133,0.5038,0.3118,0.0894
3.8878,0.8457,1.0061,0.5038,0.3118,0.0894
1.9907,-2.4648,-0.8382,0.5038,0.3118,0.0894
1.212,-3.816,-3.1142,0.5038,0.3118,0.0894
2.6686,-3.0951,-2.908,0.5038,0.3118,0.0894
4.9419,-2.0793,-0.369,0.5038,0.3118,0.0894
6.1587,-2.0003,1.4924,0.5038,0.3118,0.0894
5.3803,-1.605,1.3102,0.5038,0.3118,0.0894
4.6926,-0.2346,-0.1604,0.5038,0.3118,0.0894
4.144,2.4839,-0.1125,0.5038,0.3118,0.0894
1.2838,11.0384,3.447,0.5038,0.3118,0.0894
-8.0463,34.7727,6.2186,0.5038,0.3118,0.0894
0.7233,35.3165,8.4895,0.5038,0.3118,0.0894
0.5701,21.6672,18.0738,0.5038,0.3118,0.0894
-3.7418,26.1922,6.9108,0.5038,0.3118,0.0894
-4.8294,24.9104,7.6105,0.5038,0.3118,0.0894
-3.301,18.0211,5.5,0.5038,0.3118,0.0894
-4.9179,12.6961,2.7763,0.5038,0.3118,0.0894
-5.8161,8.0127,2.6207,0.5038,0.3118,0.0894
-2.0745,4.0411,1.6888,0.5038,0.3118,0.0894
0.0454,0.9582,0.2035,0.5038,0.3118,0.0894
-0.685,-1.3269,-0.9654,0.5038,0.3118,0.0894
-2.1871,-3.1381,-1.8971,0.5038,0.3118,0.0894
-3.3393,-3.9788,-1.7989,0.5038,0.3118,0.0894
-3.1166,-2.8553,-0.9343,0.5038,0.3118,0.0894
-2.1918,-1.2384,0.0478,0.5038,0.3118,0.0894
-0.8457,-0.3905,1.066,0.5038,0.3118,0.0894
-1.3844,0.3618,0.9558,0.5038,0.3118,0.0894
-4.4556,2.2469,4.3502,0.5038,0.3118,0.0894
-7.4426,14.5549,15.8053,0.5038,0.3118,0.0894
0.357,49.0808,7.7805,0.5038,0.3118,0.0894
-0.043,18.8381,18.8357,0.5038,0.3118,0.0894
-10.8801,15.3142,13.0073,0.5038,0.3118,0.0894
-16.4831,24.0243,7.2104,0.5038,0.3118,0.0894
-10.0275,16.9431,4.2233,0.5038,0.3118,0.0894
-2.0865,12.0371,4.616,0.5038,0.3118,0.0894
3.2818,9.5172,2.841,0.5038,0.3118,0.0894
5.6317,5.6964,1.8085,0.5038,0.3118,0.0894
5.3636,1.8204,1.2264,0.5038,0.3118,0.0894
3.9836,-0.8406,-0.1364,0.5038,0.3118,0.0894
2.9248,-2.8697,-1.7151,0.5038,0.3118,0.0894
3.2986,-4.6303,-2.9463,0.5038,0.3118,0.0894
4.6136,-4.3215,-1.8947,0.5038,0.3118,0.0894
5.4545,-2.5273,0.1484,0.5038,0.3118,0.0894
5.1071,-1.1546,0.6323,0.5038,0.3118,0.0894
4.168,-0.5389,0.2753,0.5038,0.3118,0.0894
3.3105,0.6754,-0.4049,0.5038,0.3118,0.0894
1.6289,5.5024,-0.369,0.5038,0.3118,0.0894
-3.0421,19.6501,4.9634,0.5038,0.3118,0.0894
-5.6557,43.9928,3.1405,0.5038,0.3118,0.0894
2.738,29.0404,15.2328,0.5038,0.3118,0.0894
-3.1765,22.0814,14.8063,0.5038,0.3118,0.0894
-2.8098,26.9419,5.143,0.5038,0.3118,0.0894
-2.7835,21.8324,5.9696,0.5038,0.3118,0.0894
-5.0879,15.1226,5.4282,0.5038,0.3118,0.0894
-4.1009,11.218,2.7141,0.5038,0.3118,0.0894
-1.4469,7.2008,1.2527,0.5038,0.3118,0.0894
0.6778,2.7189,0.3857,0.5038,0.3118,0.0894
0.8505,-0.9103,-0.6227,0.5038,0.3118,0.0894
-0.3714,-3.5978,-1.5379,0.5038,0.3118,0.0894
-2.7093,-5.8089,-2.0362,0.5038,0.3118,0.0894
-4.791,-5.2364,-1.1522,0.5038,0.3118,0.0894
-5.6078,-1.6624,-0.4264,0.5038,0.3118,0.0894
-5.2052,0.9774,-0.4767,0.5038,0.3118,0.0894
-4.1201,1.2336,0.5605,0.5038,0.3118,0.0894
-4.288,1.9258,1.7462,0.5038,0.3118,0.0894
-6.5062,5.5359,8.3602,0.5038,0.3118,0.0894
-8.722,25.3249,17.269,0.5038,0.3118,0.0894
7.814,43.4801,8.5709,0.5038,0.3118,0.0894
-0.697,12.545,17.7889,0.5038,0.3118,0.0894
-10.0203,16.191,10.7484,0.5038,0.3118,0.0894
-13.1031,20.6562,6.0271,0.5038,0.3118,0.0894
-6.3215,15.0173,3.6963,0.5038,0.3118,0.0894
0.4647,11.7163,4.0339,0.5038,0.3118,0.0894
4.6399,8.7699,3.0349,0.5038,0.3118,0.0894
6.1228,4.4125,1.8659,0.5038,0.3118,0.0894
4.8964,0.4456,0.4695,0.5038,0.3118,0.0894
3.3991,-1.9617,-1.6289,0.5038,0.3118,0.0894
2.7835,-3.2339,-2.6375,0.5038,0.3118,0.0894
2.9727,-3.6002,-1.8061,0.5038,0.3118,0.0894
3.4757,-2.9655,-0.1364,0.5038,0.3118,0.0894
4.144,-1.854,0.582,0.5038,0.3118,0.0894
3.8711,-0.975,0.4791,0.5038,0.3118,0.0894
3.2411,0.448,-0.5102,0.5038,0.3118,0.0894
2.6494,3.1142,0.1077,0.5038,0.3118,0.0894
-0.752,11.4191,5.6461,0.5038,0.3118,0.0894
-8.1301,32.6144,9.2368,0.5038,0.3118,0.0894
4.0123,35.623,10.2501,0.5038,0.3118,0.0894
2.3953,23.2623,17.7338,0.5038,0.3118,0.0894
-2.0721,25.5332,9.2682,0.5038,0.3118,0.0894
-4.7815,23.605,8.6738,0.5038,0.3118,0.0894
-5.3154,16.9647,5.0281,0.5038,0.3118,0.0894
-6.0654,11.1462,2.9415,0.5038,0.3118,0.0894
-5.1598,5.9935,2.3379,0.5038,0.3118,0.0894
-0.4097,2.2349,1.4086,0.5038,0.3118,0.0894
0.8286,0.0047,-0.2298,0.5038,0.3118,0.0894
-1.3724,-2.1559,-1.2407,0.5038,0.3118,0.0894
-3.6628,-3.9142,-2.3307,0.5038,0.3118,0.0894
-4.156,-3.538,-1.6337,0.5038,0.3118,0.0894
-2.92,-1.1522,0.0646,0.5038,0.3118,0.0894
-1.4012,0.333,0.448,0.5038,0.3118,0.0894
0.0742,0.4911,1.1306,0.5038,0.3118,0.0894
-1.672,0.4863,2.0099,0.5038,0.3118,0.0894
-5.7347,3.4877,6.5684,0.5038,0.3118,0.0894
-10.7101,24.4193,19.0512,0.5038,0.3118,0.0894
8.1591,46.1081,7.3708,0.5038,0.3118,0.0894
2.1799,13.4218,20.7927,0.5038,0.3118,0.0894
-7.3229,17.1493,10.049,0.5038,0.3118,0.0894
-10.3794,20.9603,6.2401,0.5038,0.3118,0.0894
-4.894,13.5224,5.8855,0.5038,0.3118,0.0894
1.1043,10.2693,4.4532,0.5038,0.3118,0.0894
4.4915,7.5962,2.2134,0.5038,0.3118,0.0894
5.3273,3.1717,1.1067,0.5038,0.3118,0.0894
4.5394,-0.6347,0.2729,0.5038,0.3118,0.0894
3.4949,-3.0134,-0.8553,0.5038,0.3118,0.0894
3.3752,-4.1081,-1.3341,0.5038,0.3118,0.0894
3.4422,-3.6194,-0.8406,0.5038,0.3118,0.0894
3.658,-2.3355,-0.0191,0.5038,0.3118,0.0894
4.5298,-1.3605,0.3833,0.5038,0.3118,0.0894
4.2305,-1.0085,-0.1532,0.5038,0.3118,0.0894
3.3249,0.2082,-1.1139,0.5038,0.3118,0.0894
1.7079,4.1057,0.2035,0.5038,0.3118,0.0894
-2.1224,16.6031,6.3766,0.5038,0.3118,0.0894
-4.9969,44.7021,3.605,0.5038,0.3118,0.0894
7.917,29.4019,12.8302,0.5038,0.3118,0.0894
-0.5342,20.819,15.3908,0.5038,0.3118,0.0894
-1.9282,24.9535,7.3421,0.5038,0.3118,0.0894
-2.4839,22.5988,7.0643,0.5038,0.3118,0.0894
-4.3047,15.5084,4.1392,0.5038,0.3118,0.0894
-6.5948,10.3028,3.2459,0.5038,0.3118,0.0894
-4.7692,6.3598,2.5585,0.5038,0.3118,0.0894
-0.7927,2.9894,0.8406,0.5038,0.3118,0.0894
-0.3546,-0.5389,-0.4575,0.5038,0.3118,0.0894
-1.6672,-3.6266,-1.4278,0.5038,0.3118,0.0894
-2.2278,-4.525,-1.2838,0.5038,0.3118,0.0894
-1.0492,-2.5465,-0.6323,0.5038,0.3118,0.0894
0.1029,-0.7616,0.4599,0.5038,0.3118,0.0894
0.8406,-0.0191,0.3714,0.5038,0.3118,0.0894
0.1675,-0.1388,0.8672,0.5038,0.3118,0.0894
-1.5499,1.5188,5.7562,0.5038,0.3118,0.0894
-4.1991,13.1725,9.3305,0.5038,0.3118,0.0894
-1.0492,29.5674,5.591,0.5038,0.3118,0.0894
0.1149,25.4446,8.4655,0.1139,-0.0513,-0.1278
0.1149,25.4446,8.4655,-0.8436,0.7784,-1.0045
-9.6728,16.2174,14.0542,-0.8436,0.7784,-1.0045
-11.1869,19.9038,13.4649,-0.7925,0.9158,-0.7914
-10.4252,23.9022,10.5689,-0.5453,0.2127,-0.637
-9.4645,23.9764,9.2874,-0.4367,-0.9451,-0.8585
-8.3099,20.5389,10.3196,-0.5411,-2.1095,-1.3198
-5.8735,17.8391,10.7676,-0.5773,-2.9958,-1.5925
-2.4983,17.5611,9.8117,-0.4399,-3.5966,-1.5797
0.6084,18.596,8.298,-0.2609,-3.9449,-1.5083
2.448,18.7899,6.9922,-0.1842,-4.0397,-1.5392
3.0708,17.0987,5.694,-0.2247,-3.9385,-1.6532
3.3536,14.2649,4.0722,-0.3153,-3.7329,-1.7416
3.9046,11.5005,2.4289,-0.4058,-3.522,-1.7693
4.6495,9.208,1.1665,-0.4782,-3.4251,-1.7693
5.325,7.3708,0.685,-0.5411,-3.3793,-1.7789
5.7011,5.7754,0.9295,-0.5794,-3.2664,-1.7927
5.8903,4.3454,1.7845,-0.5816,-2.967,-1.797
5.9217,2.9128,2.7308,-0.5123,-2.5005,-1.7736
5.1813,1.3581,3.2435,-0.3515,-1.9657,-1.748
3.7202,0.0071,3.2435,-0.1427,-1.4276,-1.7096
2.3283,-0.6203,2.6375,0.0394,-0.8908,-1.585
2.3283,-0.6203,2.6375,0.1928,-0.0908,-1.0247
0.6898,1.8372,0.3235,0.1928,-0.0908,-1.0247
0.5533,3.7442,-0.2876,0.1832,-0.0354,-0.7264
0.5988,4.8677,-0.3618,0.1501,-0.1195,-0.5166
1.1067,4.7982,0.2852,0.1075,-0.242,-0.4165
2.108,3.5907,1.3198,0.0905,-0.3507,-0.4271
2.108,3.5907,1.3198,0.2503,-0.471,-0.7126
3.38,0.0454,0.764,0.2503,-0.471,-0.7126
3.0301,-1.5116,-0.1173,0.2854,-0.4455,-0.8053
2.381,-2.8793,-0.7544,0.2066,-0.3049,-0.7509
1.7893,-3.8184,-1.3269,0.0607,-0.079,-0.5539
1.3485,-4.0243,-1.581,-0.0713,0.1062,-0.2812
1.0827,-3.3129,-1.9018,-0.1225,0.1563,-0.0021
1.3628,-1.8587,-2.1535,-0.0692,0.1414,0.2577
2.4959,-0.1053,-2.0841,0.0383,0.1478,0.4868
3.998,1.7917,-1.7606,0.1629,0.1499,0.6679
5.2819,4.2281,-0.7425,0.2396,0.1744,0.7914
5.0592,8.0199,2.2541,0.2183,0.2926,0.8852
1.909,14.4615,9.1554,0.1374,0.5643,1.0183
-5.7969,24.2565,17.3648,0.2066,1.018,1.3347
-10.2908,37.0915,16.1695,0.7744,2.0673,2.1284
-1.7893,44.5845,8.523,1.4338,4.085,3.264
13.7044,38.9216,12.6889,1.2942,5.3537,3.5942
13.7044,38.9216,12.6889,0.8607,3.513,0.3366
-0.5701,19.4777,14.9742,0.8607,3.513,0.3366
-0.5701,19.4777,14.9742,0.5251,4.4578,-0.0394
-20.5365,24.2182,5.6341,0.5251,4.4578,-0.0394
-20.5365,24.2182,5.6341,-0.4218,3.856,1.7108
-18.8429,22.5438,2.8218,-0.4218,3.856,1.7108
-10.2358,19.4489,2.6063,-0.834,2.9612,2.0975
-4.6232,16.519,1.4326,-0.833,1.2545,1.8131
-2.987,13.204,2.2876,-0.7307,-0.6894,1.0769
-2.5585,10.0227,3.6915,-0.5794,-1.8826,0.3898
-1.2216,7.1434,4.75,-0.4452,-1.9998,0.0042
0.7113,4.7453,4.7117,-0.4207,-1.5001,-0.0852
1.4326,2.7141,3.356,-0.4527,-0.8236,-0.0085
0.0981,0.8358,1.3221,-0.5262,-0.0865,0.0937
-1.9931,-0.4599,-0.079,-0.6519,0.6569,0.1736
-4.0722,-1.3557,-0.5892,-0.7754,1.2567,0.2418
-6.0342,-2.0458,-0.8047,-0.801,1.5752,0.2471
-7.4139,-2.2852,-1.2264,-0.6934,1.5017,0.2045
-7.8882,-2.0913,-1.4206,-0.5166,1.0212,0.1267
-7.2391,-1.8683,-1.0277,-0.3419,0.2607,0.0127
-7.2391,-1.8683,-1.0277,-0.0703,-1.1943,-0.2119
-4.2425,-2.1416,0.1077,-0.0703,-1.1943,-0.2119
-2.9966,-2.3858,0.4958,0.0202,-1.4553,-0.2236
-1.9569,-2.3642,0.5054,0.0862,-1.385,-0.1501
-1.2575,-1.9473,0.4168,0.1171,-1.1027,-0.0521
-1.0061,-1.1976,0.6443,0.0862,-0.764,0.0213
-1.0396,-0.237,0.9822,0.0351,-0.5041,0.0458
-1.3628,0.7113,1.3844,-0.0053,-0.3826,0.0063
-2.2325,1.4302,1.6505,-0.0404,-0.3944,-0.0948
-2.2325,1.4302,1.6505,-0.1928,-0.7267,-0.23
-4.2712,2.7189,1.4422,-0.1928,-0.7267,-0.23
-4.5346,3.9405,3.4566,-0.3643,-1.0409,-0.1629
-4.264,7.2535,8.5015,-0.4953,-1.417,-0.034
-4.3526,15.2567,13.9321,-0.4207,-1.7781,0.0458
-4.4675,29.9601,16.215,0.0426,-2.0168,-0.0053
3.8783,42.8214,12.2194,0.7946,-1.9977,-0.0213
14.3562,34.1212,15.8172,1.0407,-1.5981,-0.1288
7.0404,17.8822,21.0465,0.5006,-0.7555,-1.2111
-0.8912,12.1451,17.1011,0.3685,0.6399,-2.0612
-6.997,14.1093,12.7177,0.2737,1.4037,-1.9738
-6.997,14.1093,12.7177,-0.3536,0.3288,-1.4178
-13.9656,20.9962,8.1782,-0.3536,0.3288,-1.4178
-13.3428,19.3481,6.8198,-0.6178,-0.7288,-1.4007
-9.9101,15.9872,5.8855,-0.7616,-1.9359,-1.3698
-5.301,13.5032,4.9012,-0.7957,-3.016,-1.2665
-1.0205,12.1547,4.0889,-0.7392,-3.7532,-1.2218
2.4432,10.9618,3.2938,-0.6487,-4.0631,-1.2868
6.3431,6.7672,2.2373,-0.6487,-4.0631,-1.2868
6.3431,6.7672,2.2373,-0.5464,-3.5849,-1.6042
6.7743,4.2137,1.6457,-0.5208,-3.0554,-1.7512
6.669,1.974,0.9941,-0.4793,-2.4717,-1.8428
6.669,1.974,0.9941,-0.3398,-1.4798,-1.9003
5.2675,-1.1522,-0.5557,-0.3398,-1.4798,-1.9003
4.156,-2.3594,-1.3509,-0.2535,-1.1635,-1.8822
3.1932,-3.4255,-2.0578,-0.164,-0.976,-1.8087
2.5896,-4.2497,-2.4552,-0.0777,-0.9206,-1.6638
2.5896,-4.2497,-2.4552,0.115,-1.0623,-1.176
2.6183,-4.5944,-2.2278,0.2513,-1.0186,-0.8947
4.0243,-4.0866,-0.2971,0.2513,-1.0186,-0.8947
4.5848,-3.6987,0.4695,0.4271,-0.7768,-0.6327
4.6782,-3.3512,0.7401,0.6263,-0.3944,-0.3749
4.3023,-2.9463,0.6491,0.8085,0.0348,-0.1065
3.538,-2.4696,-0.0023,0.9459,0.4758,0.1842
2.9798,-1.7366,-0.9463,1.0141,0.9445,0.5038
2.6686,-0.884,-1.2407,0.9757,1.4186,0.8415
2.4384,0.1412,-0.8358,0.8809,1.7669,1.1728
2.4384,0.1412,-0.8358,0.7531,1.9555,1.7716
2.0697,4.6926,0.0383,0.7531,1.9555,1.7716
1.7534,9.1003,1.2527,0.67,1.8074,2.0262
0.5533,15.6999,4.1249,0.5485,1.5858,2.2349
-2.0578,24.92,8.6571,0.4346,1.4867,2.4512
-4.7261,34.6004,10.298,0.5294,1.6828,2.7942
-1.8324,39.0416,8.8393,0.8042,2.1557,3.2799
3.3393,34.7392,12.665,0.7701,2.3549,3.33
4.2856,29.1003,17.3456,0.6881,1.9576,2.5673
4.2856,29.1003,17.3456,1.1728,2.6724,0.9704
-1.5283,26.7623,10.7867,1.1728,2.6724,0.9704
-4.0842,27.5743,8.2477,1.0673,3.5992,0.8532
-6.3958,26.2497,7.8356,0.801,3.8336,0.7957
-8.2956,22.6922,6.4149,0.5496,3.6663,0.5784
-9.05,18.8019,5.2843,0.36,3.2126,0.3227
-8.9303,15.3142,4.6208,0.2418,2.4508,0.1597
-8.1567,12.3343,3.7131,0.1587,1.5102,0.1161
-6.76,9.8479,2.9703,0.0458,0.6101,0.2055
-4.8006,7.5842,2.6111,-0.1342,-0.0972,0.3909
-2.4217,5.3444,2.0075,-0.3504,-0.4774,0.5922
-0.1939,3.1669,1.1546,-0.5656,-0.5286,0.736
0.9846,1.1139,0.2947,-0.7605,-0.3475,0.7776
0.896,-0.6563,-0.5246,-0.9043,-0.0524,0.7243
-0.1436,-1.9354,-1.0827,-0.9981,0.2926,0.6167
-0.1436,-1.9354,-1.0827,-1.0535,0.9147,0.3483
-1.8348,-2.7955,-1.5116,-1.0098,1.0266,0.245
-5.4905,-4.1344,-1.684,-1.0098,1.0266,0.245
-6.5756,-4.4005,-1.2551,-0.8958,0.9243,0.1874
-6.8677,-4.1129,-0.6994,-0.7094,0.6537,0.1416
-6.2282,-3.2794,-0.0933,-0.4612,0.3193,0.0553
-5.0448,-2.2254,0.2202,-0.1896,-0.0194,-0.083
-4.077,-1.4254,-0.0909,0.0543,-0.2282,-0.2375
-3.0469,-0.7808,-0.079,0.2002,-0.2495,-0.3163
-3.0469,-0.7808,-0.079,0.2503,-0.0386,-0.3078
-1.0732,0.3522,0.9463,0.2503,-0.0386,-0.3078
-0.9127,0.9103,1.2024,0.2023,0.0743,-0.3525
-2.0123,1.1761,1.3174,0.0926,0.0913,-0.4537
-3.8447,1.37,2.2062,-0.0948,-0.1067,-0.5326
-5.354,2.5321,4.4173,-0.3195,-0.4774,-0.4836
-5.9672,6.0462,8.0104,-0.4548,-0.878,-0.328
-6.2569,13.1079,12.2241,-0.3909,-1.2359,-0.1842
-6.1539,24.4483,14.5166,-0.0287,-1.5288,-0.1438
-1.0564,36.0638,12.9068,0.5912,-1.7099,-0.1619
-1.0564,36.0638,12.9068,0.556,-0.878,-0.9278
6.5373,21.1809,20.0143,0.556,-0.878,-0.9278
-0.8286,14.4065,17.9589,0.2972,0.3224,-1.7011
-6.4966,15.7718,14.4639,0.2279,1.001,-1.6894
-10.5401,20.0526,11.23,0.0937,0.6825,-1.4188
-12.835,22.0072,8.2932,-0.0713,-0.1952,-1.2665
-11.8863,19.9329,6.2306,-0.2641,-1.3115,-1.2303
-7.6225,16.519,5.5575,-0.4505,-2.4238,-1.1089
-2.5872,14.1069,5.6772,-0.5645,-3.2983,-0.9448
1.8803,12.7823,5.7275,-0.5326,-3.7585,-0.8809
5.0855,11.5846,5.2531,-0.3888,-3.8181,-0.9448
6.5325,9.6417,4.0411,-0.2322,-3.5327,-1.1174
6.4894,6.9922,2.7883,-0.1427,-3.016,-1.3134
5.96,4.168,1.9066,-0.1246,-2.4355,-1.4338
5.2316,1.5619,1.0995,-0.1161,-1.9103,-1.4689
4.3718,-0.5773,0.0502,-0.0756,-1.5182,-1.4689
3.658,-2.1751,-1.1785,-0.0127,-1.2998,-1.4476
3.2435,-3.3081,-2.1464,0.0479,-1.2401,-1.3975
3.2507,-3.8998,-2.4456,0.083,-1.3168,-1.307
3.2507,-3.8998,-2.4456,0.1501,-1.5693,-1.0204
3.7729,-3.8591,-2.0266,0.2205,-1.4905,-0.8596
5.2076,-2.4576,-0.2633,0.2205,-1.4905,-0.8596
5.5455,-1.7127,0.4599,0.311,-1.2359,-0.6838
5.5407,-1.2144,0.9606,0.4058,-0.8503,-0.4825
4.9898,-0.9247,0.9941,0.4836,-0.3709,-0.262
4.1296,-0.7089,0.6275,0.54,0.1744,-0.0245
3.459,-0.5222,0.3378,0.5613,0.756,0.2375
2.9918,-0.2418,0.1508,0.5464,1.2907,0.5102
2.6399,0.3402,-0.0071,0.5177,1.7115,0.7744
2.1918,1.4326,0.1316,0.4665,1.9853,1.0258
1.4685,3.4015,0.2729,0.3866,2.0993,1.2612
0.5078,6.5708,1.1162,0.2726,2.0982,1.4999
-1.0013,11.4215,3.6242,0.1139,2.0002,1.7598
-1.0013,11.4215,3.6242,0.1065,1.8745,2.4714
-7.0619,28.9132,9.05,0.1065,1.8745,2.4714
-4.4747,36.0231,6.6187,0.4154,2.193,3.069
2.5585,34.2194,7.1338,0.4942,2.2495,3.3545
3.0062,28.0438,12.2696,0.295,1.5059,2.5811
-0.1891,24.6758,13.7475,0.4282,0.7102,1.3848
-2.6518,24.3499,11.8025,0.6987,0.8455,0.719
-3.5547,25.04,9.1937,0.7637,1.6156,0.7392
-3.6433,25.4351,9.1003,0.621,2.3549,1.0141
-3.6361,24.2182,9.3855,0.4665,2.7522,1.0609
-3.3129,21.5855,7.8021,0.4452,2.8504,0.8127
-3.4614,18.6152,5.354,0.4729,2.65,0.4537
-4.3885,15.6568,3.8208,0.4452,2.1472,0.1384
-5.3468,12.7105,3.514,0.3259,1.5645,-0.0383
-5.6078,9.9868,3.6194,0.1736,1.0766,-0.0639
-4.8006,7.6991,3.1142,0.0543,0.7091,0.0213
-3.3057,5.6317,2.2589,-0.0383,0.3906,0.1374
-1.5427,3.7921,1.1857,-0.1597,0.1222,0.2279
-0.4144,2.0314,0.2609,-0.3302,0.0007,0.2631
-0.1125,0.5653,-0.4456,-0.5208,0.037,0.2567
-0.5868,-0.5437,-1.1258,-0.67,0.1999,0.23
-1.5523,-1.4206,-1.4972,-0.7659,0.4151,0.1746
-2.6159,-2.223,-1.4565,-0.8255,0.592,0.1086
-3.5069,-2.8745,-1.4517,-0.8255,0.6505,0.0607
-4.168,-3.2626,-1.0947,-0.7627,0.5675,0.0319
-4.458,-3.3081,-0.3235,-0.6487,0.3768,-0.0021
-4.2664,-2.8553,0.1053,-0.4708,0.1882,-0.0468
-4.2664,-2.8553,0.1053,-0.0713,0.0902,-0.1501
-4.2664,-2.8553,0.1053,0.1225,0.3565,-0.1725
-4.2664,-2.8553,0.1053,0.1203,0.6687,-0.2588
-4.2664,-2.8553,0.1053,-0.1171,0.3991,-0.4271
-4.2664,-2.8553,0.1053,-0.5017,-0.388,-0.4346
-4.2664,-2.8553,0.1053,-0.6604,-1.2625,-0.0894
-4.2664,-2.8553,0.1053,0.6892,-1.938,0.1832
-2.9463,-1.3245,0.1292,0.6892,-1.938,0.1832
-1.751,-0.5485,0.6802,0.6892,-1.938,0.1832
-1.5643,0.2466,0.8143,0.6892,-1.938,0.1832
-3.538,0.9103,1.3772,0.6892,-1.938,0.1832
-7.0332,2.4911,3.4781,0.6892,-1.938,0.1832
-9.0357,13.4625,14.1715,0.6892,-1.938,0.1832
-1.7031,41.8874,11.7474,0.6892,-1.938,0.1832
11.9653,36.7129,11.8288,1.1206,-1.9092,0.1512
9.141,21.1018,19.6477,0.5453,-1.352,-0.8244
0.9247,13.1414,17.4127,0.2439,-0.2282,-1.8385
-5.6533,13.35,12.8158,0.1896,0.6228,-1.8939
-9.747,17.1709,9.4286,-0.0681,0.6143,-1.4913
-11.9437,19.8416,7.0404,-0.4005,0.0487,-1.1302
-11.1749,19.1733,5.1334,-0.6838,-0.8588,-0.9864
-7.3109,16.6175,3.593,-0.8191,-1.9913,-0.8884
-2.7404,14.1404,3.7059,-0.8543,-3.0917,-0.8021
1.1162,12.466,4.4699,-0.7754,-3.8277,-0.8362
4.3311,11.1845,4.4292,-0.5411,-4.0205,-0.9523
6.8246,9.5268,3.5811,-0.2695,-3.7351,-1.0961
6.8246,9.5268,3.5811,0.0234,-2.574,-1.3773
6.8246,9.5268,3.5811,0.1832,-1.3605,-1.536
6.8246,9.5268,3.5811,0.3206,-0.584,-1.4732
6.8246,9.5268,3.5811,0.327,-0.4231,-1.0535
6.8246,9.5268,3.5811,0.3376,-0.4593,-0.4069
6.8246,9.5268,3.5811,0.4932,-0.0482,0.2141
8.2357,7.2248,2.7907,0.5528,0.3246,0.4804
7.7422,2.448,1.3652,0.5528,0.3246,0.4804
4.9922,-0.9989,-0.2753,0.5528,0.3246,0.4804
3.2363,-3.5739,-1.8252,0.5528,0.3246,0.4804
3.7585,-3.7178,-1.1809,0.5528,0.3246,0.4804
4.513,-0.9247,0.3306,0.5528,0.3246,0.4804
4.0913,0.4073,0.7018,0.5528,0.3246,0.4804
3.5188,0.2178,0.6084,0.5592,0.7251,0.7062
2.829,0.1005,0.2971,0.5326,1.1171,0.9075
2.0889,0.4456,-0.043,0.4729,1.4622,1.1206
1.382,1.5475,-0.0359,0.3685,1.7115,1.389
0.6419,3.6939,0.7401,0.2173,1.8234,1.7172
-0.3091,7.2271,2.5103,0.0415,1.7871,2.0773
-1.6624,12.7967,4.5418,-0.0852,1.6678,2.4395
-2.8936,21.2718,5.7634,-0.0639,1.5848,2.823
-1.133,31.2922,5.1214,0.0756,1.5741,3.264
6.6738,35.4338,5.2292,0.1235,1.4271,3.5707
9.1865,30.2381,9.0213,-0.0532,0.8593,3.0243
3.8328,23.7941,11.6205,-0.0852,0.2447,1.6523
-0.3857,21.3484,11.575,0.1033,0.299,0.7403
-1.4086,21.9329,10.377,0.2609,0.8945,0.6945
-0.4623,23.8468,9.3017,0.3057,1.6519,1.0641
-0.4623,23.8468,9.3017,0.2545,2.812,1.0407
1.751,24.5321,7.8906,0.2545,2.812,1.0407
0.3354,21.291,5.5096,0.3014,2.9015,0.4452
-2.3163,17.5731,4.1751,0.2929,2.6063,-0.1384
-2.3163,17.5731,4.1751,0.1651,1.7914,-0.5528
-6.6834,10.6431,4.0339,0.1651,1.7914,-0.5528
-7.0452,7.893,3.6242,0.1342,1.4921,-0.4761
-7.0452,7.893,3.6242,-0.0234,0.7603,-0.1139
-4.2856,3.8711,1.5451,-0.0234,0.7603,-0.1139
-2.9559,2.0051,0.2828,-0.1842,0.3512,0.0063
-2.5151,0.1173,-0.8457,-0.3834,0.0636,0.0394
-2.6039,-1.5906,-1.5451,-0.5912,-0.0577,0.0511
-2.7141,-2.9104,-1.3916,-0.7477,-0.0876,0.0841
-2.448,-3.6771,-0.5701,-0.8234,-0.111,0.1171
-2.0769,-3.7992,0.4025,-0.7978,-0.1483,0.0777
-2.0171,-3.4278,1.0372,-0.6817,-0.1472,-0.0862
-2.2565,-2.5465,1.0803,-0.4921,-0.0588,-0.3291
-2.5848,-1.7654,1.0516,-0.2929,0.0945,-0.5528
-2.9152,-1.3174,0.987,-0.148,0.3224,-0.6806
-3.3704,-1.1139,0.7736,-0.0639,0.5675,-0.7137
-3.9573,-0.9127,0.6682,-0.0372,0.7198,-0.6955
-4.6662,-0.3402,0.7544,-0.0511,0.6878,-0.6476
-5.4761,0.7089,0.9678,-0.0905,0.4513,-0.5837
-6.063,2.1128,1.6983,-0.181,0.0444,-0.5059
-6.2018,3.9309,3.0684,-0.3099,-0.4977,-0.4154
-5.7227,6.7696,5.6772,-0.4324,-1.0878,-0.344
-4.4819,11.9581,8.8657,-0.4687,-1.6513,-0.3174
-2.4576,19.753,10.2477,-0.3185,-2.1468,-0.3909
1.4278,27.3995,9.9245,-0.066,-2.5367,-0.588
6.5613,28.1372,12.0323,-0.0362,-2.6656,-0.8532
5.8161,20.8813,17.2379,-0.4015,-2.1361,-1.2814
0.213,15.6185,17.7194,-0.6295,-0.9014,-1.7501
-5.1214,15.9034,15.6305,-0.5752,0.1083,-1.8204
-8.9184,18.5816,13.3069,-0.5134,0.43,-1.6393
-11.1916,20.3351,10.6431,-0.4793,0.2585,-1.4891
-11.6061,19.528,8.0678,-0.4442,-0.3986,-1.4391
-9.891,17.1828,6.0773,-0.4207,-1.4436,-1.389
-6.2593,14.9263,5.4521,-0.4197,-2.6112,-1.2846
-2.0434,13.5679,5.2962,-0.3909,-3.5007,-1.2037
1.7175,12.6096,4.4891,-0.2695,-3.9492,-1.2441
4.6806,11.2156,3.6748,-0.132,-4.0216,-1.3549
6.5756,8.8681,2.8505,-0.0447,-3.8181,-1.4614
7.2463,5.9241,2.1176,-0.0181,-3.3739,-1.535
7.1649,3.2387,1.2072,-0.0223,-2.803,-1.5541
6.7217,1.1737,0.1292,-0.0362,-2.2459,-1.52
6.2066,-0.3354,-0.9056,-0.0468,-1.8058,-1.4561
5.8807,-1.514,-1.4996,-0.0585,-1.515,-1.3709
5.7203,-2.4384,-1.7079,-0.0585,-1.3509,-1.2761
5.5264,-3.0636,-1.4182,-0.0308,-1.2583,-1.177
5.1406,-3.2986,-0.8382,0.0287,-1.1805,-1.0556
4.8581,-3.2986,-0.0167,0.1225,-1.0356,-0.8841
4.6351,-3.2411,0.7353,0.2311,-0.7427,-0.6476
4.1871,-3.0038,0.5964,0.3536,-0.3422,-0.3696
3.5116,-2.6758,0.2633,0.458,0.0732,-0.0745
2.8434,-2.3211,-0.0383,0.5134,0.4758,0.2418
2.2996,-1.8204,-0.3905,0.5358,0.8657,0.5837
1.9569,-1.0348,-0.5964,0.5166,1.2077,0.9374
1.8587,0.0598,-0.4887,0.4473,1.458,1.2889
1.8133,1.6026,-0.2681,0.3579,1.572,1.6224
1.9979,3.986,0.1987,0.262,1.5357,1.9143
2.3906,7.589,1.8923,0.1619,1.3557,2.1455
2.1871,12.8206,5.4737,0.0862,1.0777,2.2701
0.8023,20.4716,9.5507,0.132,0.8668,2.2925
-1.6145,28.9013,10.3004,0.392,0.9307,2.3127
-0.4384,32.5952,7.9409,0.72,1.3312,2.4309
4.6495,29.457,10.6455,0.7158,1.654,2.4246
6.3575,25.3201,15.7454,0.5698,1.475,1.8206
6.3575,25.3201,15.7454,0.8511,2.225,0.3035
-1.2431,22.8433,10.7724,0.8511,2.225,0.3035
-1.2431,22.8433,10.7724,0.4878,3.2221,0.654
-4.7596,23.842,9.1482,0.2609,3.3383,0.7541
-8.7555,23.5978,8.2094,0.2609,3.3383,0.7541
-8.262,21.3892,6.6714,0.1331,3.122,0.6785
-6.5445,18.4308,5.1286,0.0788,2.356,0.5528
-4.8078,15.2447,4.355,0.0127,1.2886,0.4207
-3.4901,12.0877,4.3191,-0.0532,0.3363,0.2822
-2.0458,9.2152,4.1464,-0.1161,-0.2026,0.1725
-0.4982,6.4966,3.0205,-0.1842,-0.3166,0.1438
0.4073,3.5715,1.3724,-0.2918,-0.2154,0.1746
0.4288,0.8382,-0.3618,-0.4452,-0.013,0.2439
-0.2274,-1.2455,-1.569,-0.5965,0.266,0.344
-1.1593,-2.5151,-2.0626,-0.6892,0.6101,0.4335
-1.1593,-2.5151,-2.0626,-0.5944,1.0095,0.4633
-2.5896,-3.5093,-1.7342,-0.5944,1.0095,0.4633
-3.131,-3.7849,-1.4158,-0.4473,0.9275,0.3728
-3.2411,-3.883,-0.3642,-0.3483,0.7741,0.2652
-2.9152,-3.8783,0.6587,-0.2535,0.6441,0.1928
-2.4959,-3.4853,0.7784,-0.0948,0.6303,0.147
-2.3523,-2.6686,0.6682,0.0777,0.7347,0.1129
-2.4744,-1.4326,0.503,0.2034,0.8636,0.0639
-2.9655,0.0718,0.1173,0.2492,0.9413,-0.0149
-3.8304,1.3916,0.2154,0.1896,0.903,-0.1097
-4.6974,2.4504,0.872,0.0436,0.7294,-0.1683
-5.3875,3.4733,1.7438,-0.1225,0.4322,-0.1629
-6.1252,4.3885,3.0998,-0.2918,0.0466,-0.1363
-6.8007,5.6054,5.8663,-0.4644,-0.3145,-0.1054
-6.839,9.0189,10.2046,-0.5549,-0.5435,-0.0617
-6.209,16.5984,13.9608,-0.3866,-0.7118,-0.0447
-4.3143,27.2487,12.6674,0.1278,-0.9291,-0.1533
0.685,31.9341,9.1434,0.686,-1.0974,-0.3877
3.1381,24.8123,12.5234,0.5762,-0.9664,-0.7786
-1.9716,16.2389,16.2174,0.0681,-0.4519,-1.3773
-7.196,14.2003,14.8709,-0.1182,0.3022,-1.5829
-10.3698,17.1972,12.1691,-0.1512,0.6505,-1.291
-11.8096,21.2359,10.2262,-0.1917,0.3235,-0.9651
-11.7426,22.8505,8.4057,-0.2524,-0.3571,-0.8788
-9.6297,21.3221,6.3168,-0.2929,-1.1794,-0.9139
-6.2952,18.4021,5.0568,-0.3398,-2.0839,-0.9256
-3.0277,15.7789,4.2521,-0.3813,-2.869,-0.9608
-0.2852,13.7645,3.4733,-0.3632,-3.3335,-1.0705
2.0817,12.0757,2.9966,-0.3121,-3.4453,-1.2143
4.2904,10.4396,2.8817,-0.2492,-3.2994,-1.3251
6.039,8.5613,2.683,-0.1715,-2.967,-1.4029
7.2319,6.3598,2.132,-0.0852,-2.4813,-1.4646
7.2319,6.3598,2.132,0.0095,-1.4362,-1.4966
8.0415,1.974,0.5629,0.0095,-1.4362,-1.4966
7.7925,0.0933,-0.2899,0.0202,-1.0101,-1.4561
7.3349,-1.4589,-1.0588,0.0127,-0.6468,-1.3741
6.8677,-2.5465,-1.5571,-0.0138,-0.3198,-1.2367
6.2952,-3.2866,-1.5068,-0.049,-0.0386,-1.0492
5.2412,-3.7681,-0.7257,-0.0575,0.2202,-0.8127
4.1249,-3.4278,-0.2753,0,0.5174,-0.5091
3.1142,-2.3618,-0.4504,0.115,0.8615,-0.1288
2.6949,-1.2288,-0.7975,0.2077,1.1587,0.2876
2.8673,-0.4767,-0.8382,0.2407,1.3994,0.7041
2.8673,-0.4767,-0.8382,0.2109,1.752,1.307
3.2315,-0.3953,-0.333,0.2109,1.752,1.307
3.1046,-0.369,-0.5366,0.197,1.9682,1.4925
2.7213,0.0239,-1.2072,0.1651,2.2015,1.6437
2.0506,0.7544,-1.3796,0.0756,2.3922,1.7918
2.0506,0.7544,-1.3796,-0.181,2.5499,2.1796
-0.0071,4.0267,-0.6323,-0.181,2.5499,2.1796
-0.8334,7.3397,-0.2298,-0.2705,2.5733,2.432
-1.6074,12.466,1.0396,-0.3728,2.5275,2.6962
-3.1405,20.1077,4.2185,-0.5411,2.3592,2.9433
-5.325,30.1424,8.2716,-0.6689,2.2079,3.1937
-4.3981,37.6401,8.274,-0.5549,2.225,3.5292
0.6874,35.6469,8.2501,-0.4154,2.242,3.7231
1.4685,29.2703,13.005,-0.5315,1.9618,3.1681
1.4685,29.2703,13.005,-0.1661,2.0748,1.5106
-3.2842,25.4398,11.0552,-0.1661,2.0748,1.5106
-3.2842,25.4398,11.0552,-0.2013,3.0453,1.5543
-7.5818,26.2066,9.1697,-0.2013,3.0453,1.5543
-7.5985,24.4073,7.7661,-0.2822,3.3713,1.5553
-6.8366,21.0611,5.7275,-0.2982,3.252,1.3762
-6.2497,17.6138,4.2449,-0.3025,2.6265,1.1845
-6.0199,14.2745,3.3776,-0.295,1.8319,1.0396
-5.4641,11.0648,2.6063,-0.2663,1.1864,0.9469
-4.2425,8.0367,1.435,-0.2364,0.7283,0.9214
-2.7931,5.2268,0.3306,-0.2162,0.3715,0.9512
-1.3868,2.6853,-0.4025,-0.2194,0.0764,1.0066
0.1029,0.6539,-0.7975,-0.2428,-0.0428,1.0737
1.2623,-0.6946,-1.0516,-0.2471,0.07,1.1174
1.6696,-1.4876,-1.3605,-0.2055,0.332,1.079
1.2743,-1.909,-1.9354,-0.1459,0.6761,0.9491
0.3115,-2.3307,-1.8899,-0.131,1.0021,0.7765
-0.7089,-2.829,-1.3485,-0.1438,1.2013,0.6274
-1.514,-3.1645,-0.6994,-0.1235,1.311,0.5315
-2.0027,-3.2626,-0.0742,-0.0575,1.4591,0.4633
-2.2804,-3.1046,0.0215,0.0511,1.6891,0.393
-2.5992,-2.6877,-0.0646,0.1597,1.8937,0.3131
-2.9583,-2.0003,-0.0047,0.229,1.9725,0.2332
-3.3129,-1.1641,0.0766,0.2641,1.9384,0.1619
-3.895,-0.3067,0.0454,0.2705,1.8436,0.0894
-4.6926,0.4935,0.1364,0.229,1.7349,0.0287
-5.6173,1.4158,0.4456,0.1278,1.5986,0.0149
-6.3862,2.738,1.4398,-0.0138,1.3845,0.0681
-6.6953,4.6495,3.8591,-0.1832,1.0692,0.1672
-6.657,7.7805,7.4953,-0.3174,0.6729,0.2311
-6.499,13.6373,10.0203,-0.3185,0.2351,0.2045
-5.8352,22.1747,11.1462,-0.1544,-0.2974,0.0585
-2.6662,30.0705,11.3353,0.0681,-0.8375,-0.1768
2.1176,30.7244,11.8432,0.1288,-1.0868,-0.4836
1.9617,23.8782,14.6626,-0.0958,-0.6862,-1.0023
-3.6026,18.9818,15.6233,-0.344,0.1723,-1.5722
-9.1578,19.2691,14.6938,-0.4079,0.9051,-1.7128
-13.1558,21.4658,12.5976,-0.3994,1.1299,-1.5605
-14.7225,22.7835,10.0586,-0.4037,0.8678,-1.405
-13.9608,22.0024,7.9026,-0.4612,0.1147,-1.3358
-11.7785,19.6165,6.312,-0.5422,-1.0069,-1.3272
-8.8705,16.9718,5.5096,-0.6146,-2.199,-1.3326
-5.8568,14.9,4.9419,-0.6434,-3.1353,-1.3464
-2.8362,13.3644,4.2808,-0.6071,-3.7393,-1.373
-2.8362,13.3644,4.2808,-0.4995,-4.1718,-1.4455
2.7189,10.049,2.8817,-0.4995,-4.1718,-1.4455
5.0089,7.9457,2.4648,-0.4676,-4.0642,-1.4785
6.7073,5.67,2.1894,-0.4378,-3.7244,-1.5105
7.5914,3.4997,1.8109,-0.3994,-3.1907,-1.5477
7.5504,1.6552,1.1905,-0.3557,-2.559,-1.5733
6.918,0.2178,0.424,-0.3153,-1.9593,-1.5595
6.1013,-0.9941,-0.2828,-0.2876,-1.4702,-1.4998
5.4043,-2.0649,-0.9894,-0.279,-1.0985,-1.4018
4.9132,-2.9727,-1.5331,-0.2801,-0.846,-1.2761
4.6136,-3.6242,-1.8157,-0.2705,-0.7043,-1.1174
4.4603,-3.8495,-2.0242,-0.2386,-0.6298,-0.9054
4.3287,-3.7705,-2.2182,-0.1864,-0.5499,-0.6519
4.0315,-3.6748,-2.3523,-0.1395,-0.422,-0.376
3.6987,-3.7131,-2.1583,-0.1118,-0.2463,-0.082
3.5428,-3.7897,-1.5523,-0.1033,-0.0109,0.2226
3.5595,-3.7418,-0.7616,-0.0788,0.3129,0.5145
3.5045,-3.5284,-0.237,-0.0074,0.7091,0.7744
3.4183,-2.8721,-0.2657,0.1129,1.0947,1.0194
3.1645,-1.6672,-0.6658,0.2354,1.4047,1.2686
2.6303,0.0526,-1.4829,0.3121,1.6199,1.5255
2.1272,2.2589,-1.8851,0.2972,1.7967,1.8078
1.6648,5.0185,-1.0995,0.1789,1.8905,2.1178
1.2623,8.9686,0.6036,0.0117,1.8638,2.4491
1.2288,15.1585,3.5907,-0.147,1.7605,2.7867
1.1067,24.3619,8.5493,-0.2695,1.6295,3.0988
0.9822,34.7392,12.6024,-0.1949,1.5432,3.3534
3.3752,39.2595,11.5176,0.1683,1.6455,3.4994
3.4207,33.1965,11.6612,0.3738,1.8372,3.215
-0.7736,26.4819,16.8402,0.2055,2.0577,2.4874
-0.7736,26.4819,16.8402,0.426,4.0424,2.2978
-7.1577,27.7514,13.3764,0.426,4.0424,2.2978
-7.7063,31.1988,10.5066,0.4378,5.082,2.6941
-7.22,32.7245,8.2453,0.3419,5.2983,2.8112
-7.0284,29.5962,4.4364,0.2641,4.9766,2.3532
-8.547,23.5044,2.2182,0.147,4.1542,1.4744
-11.06,17.5037,2.5656,-0.0117,2.8951,0.6689
-12.653,12.8398,3.2076,-0.049,1.6838,0.2322
-11.8815,9.4933,3.3632,-0.0223,0.8774,0.1757
-8.8968,7.1481,2.9774,-0.0426,0.4055,0.3675
-5.2819,5.3827,2.2469,-0.099,0.037,0.6103
-2.3259,3.7083,1.3533,-0.1683,-0.2687,0.7456
-0.7185,1.8803,0.4384,-0.245,-0.4071,0.7243
-0.448,0.1077,-0.4025,-0.3227,-0.3539,0.6071
-0.9127,-1.3174,-0.9534,-0.4111,-0.1547,0.4868
-1.5595,-2.4935,-1.1354,-0.4921,0.0743,0.4122
-1.8994,-3.3776,-0.908,-0.5379,0.1893,0.377
-1.8444,-3.9836,-0.4695,-0.5272,0.1733,0.328
-1.6145,-4.3071,0.1173,-0.4591,0.0902,0.2173
-1.2695,-4.3167,0.6802,-0.3323,0.0029,0.0575
-0.8649,-4.1153,0.9319,-0.1704,0.0018,-0.0948
-0.6491,-3.8759,1.0516,-0.0213,0.1808,-0.196
-0.5844,-3.658,1.1833,0.098,0.4982,-0.2258
-0.951,-3.38,1.1306,0.2002,0.8583,-0.1991
-1.7558,-2.9415,0.9894,0.2865,1.2023,-0.148
-2.5632,-2.2756,0.7975,0.3451,1.4772,-0.0703
-3.1597,-1.3293,0.7999,0.3824,1.5869,0.0319
