andar
-2.5187,-2.5282,1.3599,-2.0594,-2.1351,-1.438
-2.3223,-2.0254,1.7381,-2.1846,-2.4863,-1.3995
-2.6767,-1.8842,2.2505,-2.2109,-2.6415,-1.3818
-3.1052,-1.6376,2.9161,-2.057,-2.5645,-1.361
-3.6104,-1.1228,3.055,-1.4235,-2.1607,-1.1649
-4.094,-0.1484,3.1866,-0.8853,-1.8162,-0.9573
-4.0557,0.1221,3.0621,-0.4571,-1.5309,-0.7178
-3.7756,0.146,2.7006,-0.1523,-1.4167,-0.4771
-2.8299,-0.4692,2.0398,0.0761,-1.4314,-0.2615
-1.7645,-1.2354,0.9624,0.2911,-1.5004,-0.0684
-1.4508,-1.4389,0.3854,0.6478,-1.7325,0.1501
-0.6631,-2.1906,-1.9536,0.9325,-1.9561,0.2839
-0.8523,-3.0262,-6.3736,1.2263,-2.1986,0.4159
0.869,-7.1422,-18.1893,1.4395,-2.5529,0.5674
3.9695,-10.4581,-19.4103,1.5165,-3.0569,0.8673
13.4988,-19.894,-25.6284,1.4774,-3.2371,1.4965
15.0912,-26.5478,-21.0767,0.9551,-1.669,1.2937
4.7836,-32.325,-3.1292,-0.6721,1.2673,0.1245
3.8259,-31.1446,-3.2968,-1.5371,2.2667,-0.9847
4.3574,-21.4526,-7.2092,-0.9153,0.4164,-1.2163
4.3239,-13.6855,-6.613,-0.261,-1.7014,-1.0116
2.1356,-5.6482,-5.8469,-0.6324,-2.22,-1.1882
0.462,-1.142,-5.4016,-0.8859,-2.1125,-1.4026
-1.8531,1.9129,-5.653,-0.8139,-1.6714,-1.4514
-3.5721,-1.2306,-3.4452,-0.5585,-0.7111,-1.3329
-2.1811,-11.8061,7.9514,-0.1865,0.4353,-0.9847
-2.5713,-17.9331,6.2491,1.0987,2.5734,-0.0709
-5.5907,-30.6562,-13.4772,1.8665,3.9057,0.3487
-10.178,-29.3178,-2.4588,0.8751,3.3577,0.4409
-5.2747,-7.5492,9.1054,-1.6391,3.2594,0.3249
-5.9786,-3.019,5.6051,-2.7106,1.9827,0.5191
-6.115,2.4372,-2.3367,-1.7766,-2.2053,0.392
-4.9371,1.5849,5.21,0.7657,-5.4722,0.2253
-5.7894,-2.7772,14.624,1.4175,-2.8803,0.2858
-6.3664,-3.7086,13.5371,2.048,-0.0166,0.535
-8.2339,-6.3784,6.9267,2.9081,1.4958,0.9925
-9.0408,-9.7662,0.7565,3.3906,2.2918,1.4751
-3.5984,-14.7752,2.4468,2.8439,3.114,2.2472
-2.6312,-15.2732,3.031,1.8983,2.8776,2.7194
-0.7541,-17.3346,-0.0694,1.2373,2.1757,2.8117
-0.1484,-18.4742,-3.2561,1.0822,1.3675,2.5893
0.7517,-16.9802,-0.1101,1.0394,0.8495,2.257
1.2114,-15.0409,0.4165,1.1897,0.37,2.0139
0.4453,-11.6169,0.3495,1.7285,-0.5645,1.6633
-1.1372,-8.9905,0.5937,1.7828,-1.0276,1.3639
-2.5187,-6.4933,0.0837,1.7071,-1.3293,1.1856
-2.4612,-6.127,-0.4836,1.6741,-1.4552,1.1917
-2.1116,-6.0552,-0.6368,1.7523,-1.2811,1.3193
-1.458,-6.6346,-0.1484,1.8732,-0.7857,1.469
-1.5514,-7.2307,0.4932,1.8855,-0.0856,1.56
-1.7286,-7.3816,0.4764,1.723,-0.0343,1.4635
-1.9153,-7.6449,0.2442,1.4853,-0.1791,1.32
-1.8195,-7.8628,0.1101,1.2532,-0.3373,1.2082
-1.2832,-8.1405,0.5889,1.1139,-0.3312,1.1581
-1.1348,-8.2124,0.7398,1.0944,0.0774,1.1636
-0.6871,-8.5356,0.9241,1.153,0.4415,1.1947
-0.1771,-8.8061,1.2042,1.2654,0.8226,1.2179
0.3471,-8.933,0.7733,1.3668,1.0981,1.2008
0.2825,-8.9354,0.5865,1.4017,1.1568,1.141
-0.4285,-8.7343,-0.6296,1.3601,1.0523,1.0396
-1.3479,-8.7535,-1.4125,1.3051,0.9069,0.9718
-1.4915,-9.1748,-0.383,1.2221,0.7469,1.0652
-0.9241,-9.8069,0.7924,1.0632,0.3462,1.2302
-0.1484,-10.5443,1.0917,0.9661,-0.1773,1.3792
0.7206,-10.9848,0.5865,1.0467,-0.5517,1.4379
1.537,-11.3009,-1.13,1.2422,-0.4302,1.3462
1.5298,-11.3655,-2.2529,1.2386,-0.0905,1.1966
1.0965,-11.4589,-4.1611,1.0816,0.3559,1.0151
0.8188,-11.7678,-4.0078,0.8238,0.8593,0.8667
0.1604,-12.0263,-0.9935,0.5287,1.2392,0.7647
0.1699,-12.0048,-0.1364,0.2807,1.2753,0.6688
0.9911,-11.9497,1.2425,0.0406,0.8342,0.6541
2.1499,-12.4333,1.6639,-0.101,0.5624,0.7134
2.7054,-14.3295,-0.1484,-0.1914,0.403,0.7085
2.5881,-14.6791,-1.1324,-0.1285,0.4298,0.6113
2.3151,-14.3272,-2.2218,0.0455,0.5746,0.4928
3.4691,-14.1715,-2.0638,0.1616,0.7115,0.4177
5.8182,-14.7512,-0.1723,0.0804,0.5508,0.3878
5.6266,-14.5881,-0.1508,-0.1651,0.2582,0.2167
4.5848,-13.7525,-1.2018,-0.3594,0.155,-0.1246
3.9432,-12.8906,-3.1483,-0.4742,0.2594,-0.4655
3.7636,-11.8922,-4.7644,-0.6996,0.3926,-0.7086
3.845,-11.1046,-4.0773,-1.4107,0.3553,-1.0275
3.3135,-10.0032,-2.533,-1.9983,0.1146,-1.2828
1.4556,-9.6202,-0.9983,-2.454,-0.1766,-1.5761
-2.4037,-11.2219,-0.8643,-2.7057,-0.4302,-1.8363
-4.2544,-12.0263,-0.8547,-2.7814,-0.4521,-2.0086
-5.404,-13.9896,-0.7829,-2.79,-0.2157,-2.0519
-7.9322,-16.5014,-0.802,-2.7503,-0.0954,-1.785
-10.3624,-21.5771,2.1092,-2.6483,-0.2023,-1.6365
-11.7797,-22.0751,2.9903,-2.4595,-0.4454,-1.5608
-17.1119,-21.2994,4.2951,-2.0906,-0.5768,-2.1057
-20.6721,-19.8868,3.0693,-1.7363,-0.5908,-2.777
-12.6201,-15.0026,-0.0359,-1.3844,0.4622,-2.4954
-9.3041,-13.4413,-1.0342,-1.2641,1.8764,-1.832
-2.2218,-11.399,-1.9488,-1.035,3.3082,-1.4667
0.8307,-11.1836,-2.9281,-0.6208,3.8043,-1.4441
2.1595,-10.7885,-2.3415,-0.0442,3.3974,-1.7416
2.1499,-10.7406,-2.0829,0.4004,2.7175,-2.1057
1.7238,-10.3959,-0.3663,0.6173,2.0792,-2.5418
1.3766,-10.2738,0.5937,0.5306,1.5856,-2.755
0.6392,-9.941,1.0869,0.3717,0.8953,-2.8479
0.6991,-9.5196,0.6488,0.1231,0.0591,-2.8326
0.9289,-8.6553,0.225,-0.1731,-0.6061,-2.7092
0.0047,-7.5563,0.8403,-0.5243,-0.9531,-2.5583
-2.8036,-5.8996,2.4827,-1.0747,-1.1485,-2.3262
-3.1244,-5.2172,2.7341,-1.3752,-1.3691,-2.0666
-3.1842,-4.0438,2.8107,-1.611,-1.8926,-1.7013
-3.8331,-2.6024,2.2984,-1.7937,-2.5108,-1.3989
-4.118,-0.9145,2.0494,-1.9586,-2.9915,-1.2297
-4.525,-0.5363,1.9752,-2.1565,-3.3715,-1.0495
-5.4231,0.0263,2.7102,-2.1608,-3.4484,-1.0189
-5.5787,0.4764,3.0597,-1.9812,-3.2481,-1.008
-5.5189,1.0558,3.0406,-1.553,-2.9286,-0.923
-5.4111,1.142,2.9352,-1.0362,-2.4845,-0.7764
-5.1334,1.1252,2.1811,-0.5548,-2.0447,-0.5901
-4.5202,0.5339,1.5346,-0.01,-1.4839,-0.292
-3.1364,-1.3503,0.4165,0.2612,-1.2151,-0.0703
-3.1364,-1.3503,0.4165,0.7804,-1.1143,0.3884
-2.0925,-2.8155,-0.5961,0.7804,-1.1143,0.3884
-1.4197,-4.4867,-3.292,1.0926,-1.3012,0.6083
-1.7166,-6.5029,-9.7159,1.5593,-1.6794,0.8618
-1.8579,-7.8915,-13.8052,1.7456,-2.0007,1.0127
2.3846,-13.7454,-20.9091,1.7682,-2.3868,1.2295
13.3623,-22.6976,-27.8095,1.6032,-2.6073,1.4397
13.5969,-32.2651,-14.9883,0.8103,-2.0606,1.2124
8.0879,-34.9421,-4.185,-0.8291,0.0914,0.0524
3.1172,-31.6977,0.2418,-1.9195,2.461,-1.89
4.7668,-18.9387,-5.8589,-0.6,0.9228,-1.8797
3.948,-6.0791,-5.38,0.0107,-0.8852,-1.5156
3.2992,-2.7509,-5.3561,-0.3905,-1.6366,-1.5339
0.9097,2.9472,-6.4526,-0.7106,-1.4485,-1.6542
-1.4891,3.2178,-5.7942,-0.4644,-0.4405,-1.5834
0.802,-9.3879,5.5763,-0.1602,0.7163,-1.2108
2.3247,-13.7861,10.1732,0.5599,1.8226,-0.518
2.8586,-25.4273,0.3854,1.5141,3.1201,0.0518
2.8586,-25.4273,0.3854,0.1873,3.5404,-0.7538
-7.4271,-7.9682,8.8301,0.1873,3.5404,-0.7538
-7.1805,-3.8833,8.7678,-2.8138,2.1183,-0.1479
-8.4087,2.6551,-6.6489,-2.724,-2.9811,0.3652
-9.2083,0.8116,2.2002,-0.3068,-8.2822,0.3261
-6.1342,-2.4301,14.3894,1.0162,-6.9805,0.3059
-9.2586,-3.857,14.3032,1.9435,-1.0306,0.4702
-12.577,-6.3832,6.3209,2.715,3.1134,0.7097
-13.0678,-11.1189,-0.4189,3.244,4.4273,1.6681
-4.6734,-16.3936,4.3957,2.6454,3.9826,2.4372
-1.877,-17.5836,4.6399,1.905,3.037,2.9785
1.2952,-18.9507,-0.237,1.7767,2.2282,2.8435
1.4365,-18.1534,-2.0638,1.9264,1.4353,2.3041
-0.0167,-14.8374,0.6009,1.8164,0.6644,1.4574
-0.0167,-14.8374,0.6009,1.7224,0.0432,1.1953
0,-12.4932,0.2896,1.7224,0.0432,1.1953
-0.8092,-10.1732,1.0845,1.6454,-0.344,1.2741
-2.3654,-7.2427,1.118,1.5226,-0.644,1.3236
-2.5474,-6.7375,0.8786,1.5183,-0.8205,1.4232
-2.296,-6.1414,0.7757,1.8073,-0.625,1.6474
-1.7932,-6.4526,1.3072,2.0846,-0.0954,1.7677
-1.4508,-7.0727,1.3599,2.2642,0.5215,1.794
-1.4508,-7.0727,1.3599,2.1726,1.0713,1.6016
-1.4365,-7.5396,0.7469,2.1726,1.0713,1.6016
-1.5418,-7.9394,0.5099,1.7755,0.6644,1.4293
-1.3263,-8.5739,0.5817,1.5458,0.3993,1.3969
-1.3503,-8.7199,0.6177,1.4438,0.3932,1.4232
-1.0678,-8.8756,0.7278,1.4475,0.6583,1.469
-0.8379,-9.0048,0.4261,1.5092,1.0816,1.5246
0.2609,-8.9282,-1.5155,1.5709,1.4359,1.5448
0.7685,-8.7654,-2.3319,1.5232,1.5288,1.5221
1.1396,-8.3393,-2.952,1.3546,1.472,1.4293
1.6112,-8.095,-2.442,1.1781,1.4799,1.29
2.6695,-8.5212,0.6009,1.048,1.3785,1.1813
2.7054,-9.1293,1.5418,0.9301,1.0444,1.089
2.5809,-10.0822,2.2146,0.8641,0.5013,0.9614
2.4636,-10.7047,1.9033,0.9282,-0.206,0.7659
1.3407,-11.3799,-0.292,1.0101,-0.3031,0.681
1.1348,-11.3607,-0.8283,0.9918,-0.1809,0.6309
0.6296,-10.9202,-3.1316,0.8843,0.0817,0.6498
0.2753,-10.7909,-4.6878,0.7242,0.4757,0.7903
0.9816,-11.4517,-0.869,0.4823,0.9356,0.9321
1.1468,-11.569,-0.2059,0.2758,0.8837,0.9113
2.0781,-11.8611,2.1284,0.0865,0.5593,0.8868
3.3039,-12.7326,3.1435,-0.0393,0.3046,0.8533
3.9959,-14.6432,1.731,-0.1272,0.1262,0.769
3.6463,-15.6658,-0.7852,-0.1059,0.0645,0.5881
3.6846,-16.0752,-3.2992,0.1262,0.5502,0.2613
3.6846,-16.0752,-3.2992,-0.1853,0.8507,0.0335
6.1797,-14.5905,0.0646,-0.1853,0.8507,0.0335
5.6266,-13.9991,-0.6248,-0.3771,0.5447,-0.2144
4.6303,-13.5658,-2.7461,-0.4498,0.1275,-0.5761
4.0174,-13.8339,-3.6272,-0.7851,-0.2054,-1.0428
1.8387,-13.2857,-3.4572,-1.2628,-0.1149,-1.3097
1.3359,-13.1013,-3.1579,-1.7747,-0.0331,-1.5736
0.3543,-13.2881,-0.7972,-2.2494,-0.1498,-1.7526
-1.8387,-13.7765,0.1125,-2.666,-0.4247,-1.8754
-6.0815,-14.8207,-1.1492,-2.8108,-0.4986,-1.9914
-7.4199,-15.424,-1.4221,-2.6758,-0.1314,-1.8668
-9.7231,-17.3346,-1.1899,-2.5634,0.1256,-1.5541
-11.1596,-20.4853,0.0837,-2.4632,0.1904,-1.1179
-16.6259,-19.2834,3.3734,-2.2311,0.2539,-0.8956
-17.4303,-18.467,3.845,-1.9165,0.2136,-1.4722
-16.5517,-16.0345,2.9352,-1.6764,-0.0942,-2.1332
-12.4262,-13.6328,-0.3208,-1.3539,0.348,-2.2022
-5.0688,-11.569,-2.4085,-1.1816,1.5508,-1.9743
-1.2114,-11.1309,-2.885,-1.0148,2.7041,-1.7355
2.3008,-11.1836,-2.2313,-0.7631,3.2661,-1.6732
3.5793,-11.3727,-1.4796,-0.4889,3.1702,-1.8577
1.9919,-10.7119,-1.2138,-0.1193,2.5398,-2.3543
1.391,-10.2163,-0.2106,-0.046,2.1262,-2.6487
0.7589,-9.2491,1.1707,-0.1566,1.6284,-2.7587
0.5219,-8.3584,1.786,-0.3068,0.9014,-2.7092
-0.3064,-6.8213,1.2282,-0.4925,-0.0154,-2.5724
-0.7182,-6.4071,1.0702,-0.7033,-0.8315,-2.3983
-2.0805,-5.9163,1.3551,-1.0881,-1.443,-2.0696
-2.8514,-5.9355,2.2792,-1.3832,-1.5792,-1.796
-3.5673,-5.0712,2.5977,-1.6147,-1.6262,-1.4911
-3.5673,-5.0712,2.5977,-1.9317,-2.1638,-0.9902
-3.7636,-4.1419,2.2194,-1.9317,-2.1638,-0.9902
-3.7804,-3.6391,2.0183,-2.1193,-2.6684,-0.7722
-5.0903,-2.5306,2.806,-2.1895,-2.8144,-0.7483
-5.2675,-2.2577,3.1507,-2.1523,-2.6714,-0.821
-6.2419,-1.233,3.7181,-1.9226,-2.3018,-0.9017
-6.4861,-0.3064,3.3063,-1.4437,-2.0074,-0.964
-5.4878,0.5626,2.5953,-0.8267,-1.8681,-0.9127
-4.8988,0.7422,2.0781,-0.0185,-1.3544,-0.5981
-4.4101,0.3399,1.4125,0.3497,-1.0612,-0.4001
-3.4524,-0.4692,0.9888,0.6033,-0.884,-0.2144
-2.1284,-2.1452,0.0335,0.7938,-0.8028,-0.0245
-1.4077,-2.9065,-0.7781,0.9887,-0.7924,0.1392
-0.7158,-4.3239,-2.703,1.1848,-0.9989,0.2735
-0.881,-5.5524,-6.2467,1.4481,-1.2261,0.4037
0.7637,-10.0535,-15.7448,1.5196,-1.5884,0.5002
2.521,-13.5754,-18.9602,1.4695,-2.1516,0.7036
11.3631,-23.0208,-25.3866,1.3137,-2.7392,0.9473
16.6474,-29.1933,-25.5135,0.7615,-2.9817,0.954
6.2994,-30.6179,-2.2888,-1.3453,0.0145,-0.4337
4.446,-27.606,-1.8124,-1.6428,2.3284,-1.5309
3.541,-17.3418,-5.6506,-0.3331,1.6534,-1.683
2.9113,-10.0463,-5.9666,0.3998,-0.2145,-1.3305
1.2521,-0.6153,-4.5561,0.1463,-1.2267,-1.1778
1.2521,-0.6153,-4.5561,-0.5384,-0.5138,-1.1998
-2.3654,2.4732,-3.0885,-0.5384,-0.5138,-1.1998
-3.3016,-0.5698,0.9313,-0.4449,0.3272,-1.0348
-2.2816,-8.2579,7.6761,-0.0478,1.2484,-0.6256
-2.296,-15.1223,5.9905,0.8574,2.1189,-0.091
-3.134,-29.0952,-11.7462,1.7511,2.8782,0.2497
-7.463,-33.2539,-10.6161,0.9924,2.6565,0.0139
-5.9786,-11.7701,9.5818,-1.2189,3.1482,-0.4392
-6.1653,-5.5668,7.9179,-2.1523,3.0987,-0.3165
-6.9961,1.5634,-3.1124,-1.1633,-1.0905,-0.2322
-6.2419,2.3511,4.3861,0.4029,-4.5419,-0.1185
-6.5795,-1.1396,11.7127,1.0076,-3.8614,0.1043
-7.4558,-2.2218,8.6673,2.0706,0.4671,0.6657
-9.0743,-6.4311,1.8866,2.8366,2.0877,1.2124
-9.0096,-10.4653,1.1204,2.8567,2.8183,1.7121
-3.608,-16.5397,4.6902,2.2129,3.0767,2.2259
-2.059,-17.6817,3.8474,1.6234,2.9265,2.7194
0.5626,-19.3457,0.3543,1.5886,2.2569,2.8215
1.8531,-18.9435,0.1508,1.7517,1.7395,2.4757
1.3982,-14.8039,0.3663,1.869,1.3211,2.0072
1.3072,-14.0829,0.1029,1.9624,0.7933,1.5881
0.5602,-12.1963,0.292,1.952,0.2637,1.2931
-0.3926,-9.9553,0.1604,1.7633,-0.2903,1.0707
-1.9369,-7.6138,0.6655,1.4542,-0.9799,0.9944
-2.0566,-6.8812,0.8379,1.3467,-1.1962,1.1367
-1.9991,-6.6777,1.2162,1.4933,-0.9097,1.425
-1.7477,-7.1374,1.1851,1.7932,-0.3507,1.6633
-2.2409,-7.4414,1.0438,2.0412,0.1403,1.7555
-2.4851,-7.5587,0.8667,2.0528,0.3388,1.6859
-2.8371,-7.8939,0.1556,1.6955,0.3058,1.4476
-2.9041,-8.2171,0.3423,1.4689,0.3938,1.3426
-2.3008,-8.5284,0.7278,1.3852,0.7286,1.3163
-2.0039,-8.5523,0.8523,1.431,1.1158,1.3548
-0.9552,-8.4709,1.1851,1.4921,1.3553,1.4091
0.407,-8.265,1.0486,1.5122,1.4353,1.4427
2.2601,-7.7215,-0.3423,1.4805,1.3223,1.3926
2.3846,-7.633,-0.62,1.423,1.2472,1.268
2.3846,-7.2188,-1.8387,1.3155,1.249,1.0909
1.98,-7.2738,-1.9416,1.1323,1.2844,0.9192
1.9536,-8.6002,1.1994,0.9246,1.3303,0.8166
2.0254,-8.8923,1.8076,0.7254,0.8862,0.8135
1.8435,-9.6058,2.272,0.8134,0.1879,0.8423
1.0821,-9.996,1.1228,1.0382,-0.5035,0.8416
-0.4572,-10.4821,-1.6998,1.2007,-0.87,0.838
-1.2665,-10.7885,-3.3399,1.2172,-0.6372,0.8704
-1.0941,-11.0399,-3.359,0.9343,0.4555,1.0341
0.2657,-11.4661,-1.7118,0.6155,1.0444,1.1556
2.624,-12.644,0.8283,0.3754,1.2227,1.2008
3.4404,-13.3647,1.7741,0.2141,0.9778,1.1452
4.4436,-14.4876,3.098,0.0254,0.5801,0.995
4.7093,-15.7161,2.6288,-0.1547,0.2307,0.7604
1.5442,-15.2971,-2.6719,-0.0081,0.2374,0.2961
0.723,-14.6145,-3.8857,0.227,0.5587,0.0671
1.0702,-13.3216,-2.5761,0.2636,0.8294,0.0952
2.9927,-13.7214,0.5841,0.059,0.7701,0.2564
3.6703,-14.624,0.0407,-0.1731,0.3541,0.2968
3.608,-14.5187,-1.0486,-0.2512,0.0273,0.1111
3.9217,-13.8459,-3.6918,-0.3838,0.2222,-0.3323
4.0102,-12.8667,-4.8386,-0.7473,0.582,-0.5962
3.7995,-11.5116,-4.2161,-1.294,0.8629,-0.8772
3.7493,-11.3559,-3.6583,-1.8957,0.877,-1.1472
2.3942,-11.2769,-1.1611,-2.451,0.6962,-1.4014
-0.0119,-12.3112,-0.6703,-2.8529,0.3633,-1.7752
-3.2058,-13.4748,0.1795,-2.8523,0.3535,-1.9499
-4.7189,-14.4301,0.079,-2.8016,0.494,-1.9957
-7.3002,-16.1399,-0.2394,-2.6617,0.6155,-1.8571
-8.933,-17.9714,0.4405,-2.476,0.651,-1.5638
-10.5467,-20.9211,2.1619,-2.297,0.3608,-1.1332
-12.9936,-20.4015,2.0542,-1.947,-0.5774,-0.8693
-17.1574,-19.1494,2.0398,-1.7271,-0.79,-1.4753
-16.5373,-17.009,0.4333,-1.6544,-0.2231,-1.8412
-6.9841,-12.3974,-0.7685,-1.5579,1.45,-1.7343
-3.9887,-11.7175,-0.7254,-1.3551,3.4457,-1.5504
0.6823,-11.6959,-0.8738,-0.7369,4.139,-1.5608
2.8179,-11.8492,-1.8579,-0.2964,3.0517,-1.8143
2.2673,-10.7909,-2.1906,-0.0075,1.9595,-2.2236
1.889,-10.415,-1.7142,0.062,1.3981,-2.6054
0.8738,-9.8691,0.5386,-0.0228,1.3132,-2.8387
0.3016,-9.2251,1.6448,-0.2244,1.0517,-2.9242
0.4405,-7.214,1.3718,-0.4901,0.0933,-2.7758
0.3208,-6.6896,1.3407,-0.6446,-0.4314,-2.5712
-0.7996,-5.3992,1.7262,-0.8676,-0.8394,-2.383
-2.1236,-4.4627,2.2361,-1.115,-1.0942,-2.1845
-2.7317,-3.5913,2.7557,-1.3484,-1.3074,-1.9212
-3.0765,-2.9879,2.6527,-1.5817,-1.6055,-1.6145
-3.3997,-2.2529,2.2481,-1.878,-2.0667,-1.267
-3.5841,-2.114,1.5921,-2.027,-2.3043,-1.1155
-4.0629,-2.7126,2.284,-2.1468,-2.5535,-1.0299
-4.2975,-2.6767,2.7892,-2.2023,-2.727,-1.0293
-4.9203,-2.0566,3.1818,-2.0056,-2.5737,-1.0666
-4.9826,-1.3551,2.8826,-1.1297,-2.209,-1.088
-4.604,-0.5482,2.4061,-0.4675,-1.8742,-0.9389
-4.5705,-0.462,2.205,0.0266,-1.4894,-0.7215
-4.3694,-0.5793,1.6879,0.3565,-1.1827,-0.4967
-4.3694,-0.5793,1.6879,0.759,-0.9274,-0.0605
-1.9991,-2.557,-0.1651,0.759,-0.9274,-0.0605
-1.9991,-2.557,-0.1651,1.2459,-1.1901,0.3676
-0.9265,-3.8211,-2.2792,1.2459,-1.1901,0.3676
-0.6177,-4.8243,-5.1933,1.4719,-1.3739,0.4788
-0.6177,-8.5068,-15.5246,1.6368,-1.6586,0.6046
0.7589,-10.3576,-17.6147,1.668,-2.0941,0.7885
11.0782,-17.9858,-20.4758,1.2263,-2.9946,1.268
21.3568,-23.8707,-24.8287,0.4805,-3.3635,1.3597
14.4995,-30.3809,-9.3879,-0.5011,-2.019,0.4782
6.6418,-29.8374,-2.4277,-1.2494,1.3034,-1.2016
3.5314,-23.4925,-2.3247,-0.6831,2.9918,-2.2621
4.0557,-15.2109,-5.8373,0.1066,1.3932,-2.066
3.5506,-6.4718,-4.2257,-0.1975,-1.9927,-1.3329
2.3032,-2.7653,-3.2968,-0.6758,-2.0544,-1.2737
-0.6129,0.9361,-3.6391,-0.7228,-1.4876,-1.3598
-3.6583,0.5363,-3.8833,-0.4449,-0.7612,-1.3403
-1.6376,-10.1253,7.8317,-0.0649,0.0969,-1.0061
-1.1228,-13.6711,11.5954,0.7688,1.6314,0.1013
-0.9409,-25.0849,-5.7248,1.3528,2.6674,0.5564
-8.8803,-30.0792,-8.5954,1.2184,2.4842,0.4244
-6.9291,-10.7909,8.8995,-0.6727,2.7646,-0.0941
-7.1062,-6.0432,8.2531,-2.2702,2.1861,0.0787
-7.4079,0.802,-3.098,-1.8847,-1.5554,0.2943
-6.4478,1.1324,5.5596,0.6259,-5.8009,0.2589
-8.198,-4.0988,13.9968,1.3644,-3.3745,0.2509
-8.8349,-4.6854,12.8308,2.1652,0.2509,0.3896
-11.4326,-8.0017,3.3303,2.9533,1.9069,0.8679
-10.5323,-12.1772,-2.3822,3.2886,2.6021,1.5344
-4.8123,-15.9747,3.2369,2.7358,2.7218,2.3444
-1.8579,-17.5309,2.9831,1.3534,1.9692,3.243
0.134,-18.3258,-1.6783,1.2923,1.5184,3.1269
0.6416,-16.6522,-1.8411,1.497,1.1391,2.5857
-0.8786,-12.5315,0.4908,1.6106,0.8245,1.9644
-1.537,-11.0806,0.5937,1.7016,0.4017,1.5307
-1.9273,-9.4358,0.4644,1.7236,-0.2646,1.3389
-2.7222,-8.0783,1.2162,1.6106,-0.5065,1.3505
-2.6767,-6.7327,1.6639,1.5061,-0.6366,1.4098
-2.4253,-6.6178,1.6089,1.5635,-0.5163,1.5124
-1.9033,-6.7998,1.5825,1.7712,-0.2341,1.593
-1.3383,-7.6234,1.4484,2.0009,0.078,1.6278
-2.0231,-9.1557,1.786,2.1451,0.4708,1.527
-2.1068,-9.3233,1.7118,2.0113,0.5313,1.3676
-1.9752,-9.4502,1.2306,1.7517,0.392,1.2424
-1.5945,-9.4214,0.9002,1.4945,0.2325,1.1929
-1.3048,-8.8372,0.7158,1.3717,0.3333,1.21
-1.2258,-8.7463,0.6895,1.3931,0.8452,1.2705
-1.2258,-8.7463,0.6895,1.5898,1.6815,1.3957
0.1771,-8.1453,0.486,1.5898,1.6815,1.3957
0.6703,-7.6282,-0.3088,1.6546,1.8642,1.403
0.79,-7.281,-0.9002,1.6271,1.819,1.3456
1.039,-6.8189,-1.3766,1.4676,1.5917,1.2668
1.039,-6.8189,-1.3766,0.715,0.8184,1.1483
2.6216,-8.8037,1.3575,0.715,0.8184,1.1483
2.8179,-9.8524,1.9656,0.5238,0.4115,1.0671
2.9951,-11.6073,2.3151,0.5868,-0.016,0.9589
2.7676,-12.4381,1.9967,0.8403,-0.3972,0.8398
0.8475,-12.3687,-0.984,1.0907,-0.6922,0.714
0.1292,-12.1245,-2.5522,1.2392,-0.859,0.6089
-0.8236,-11.3799,-6.0983,1.1585,-0.6531,0.7109
-1.233,-10.4988,-6.6825,0.9942,-0.0539,0.9284
-0.3423,-11.2769,-0.8523,0.7309,0.6131,1.0005
-0.0622,-11.8108,0.8547,0.4041,0.9069,0.9797
1.2234,-12.6704,2.9089,0.0052,0.6834,0.8581
1.956,-13.6424,3.2154,-0.1584,0.4005,0.8575
0.9528,-16.2787,-1.8171,-0.2409,0.2826,0.7885
0.7422,-16.475,-3.5003,-0.1217,0.5038,0.6639
1.1587,-15.0026,-4.7716,0.1366,0.9973,0.5686
3.8953,-13.9968,-1.6998,0.2416,1.37,0.4855
5.7128,-14.4612,-0.055,-0.0833,0.7377,0.2674
5.2986,-14.2338,-0.7015,-0.2726,0.1647,-0.1075
4.9155,-13.4341,-1.8986,-0.4027,0.0853,-0.5468
4.9203,-12.6895,-3.3327,-0.6074,0.4366,-0.9243
4.9084,-12.0455,-3.5721,-1.0222,0.7206,-1.2529
4.5992,-11.8946,-2.873,-1.9421,0.6094,-1.7489
3.5362,-12.3112,-0.7805,-2.5237,0.4024,-2.0831
1.4365,-13.6783,0.644,-2.9116,0.2075,-2.3714
-4.6375,-15.436,-0.5003,-3.0185,0.0719,-2.5773
-6.5652,-16.0249,-1.2593,-2.8963,0.0762,-2.6878
-10.4701,-17.5477,-1.8435,-2.6782,0.2105,-2.5223
-11.4397,-19.0512,0.9361,-2.3868,0.0572,-1.653
-11.1309,-21.1916,4.604,-2.2311,-0.6299,-0.862
-12.4621,-20.7295,4.2568,-2.0081,-1.4326,-0.3604
-16.8485,-18.9028,2.8323,-1.7631,-1.5096,-0.8223
-15.5557,-15.3617,0.0622,-1.7356,-0.6568,-1.4679
-5.72,-10.6233,-1.3694,-1.7772,1.1507,-1.6555
-4.604,-10.4653,-1.1875,-1.5157,3.6045,-1.6793
-0.5051,-10.7287,-0.9481,-1.0961,3.4463,-1.7135
1.5658,-11.0303,-1.3024,-0.5689,2.6125,-1.8253
1.7693,-10.8005,-0.6703,-0.1566,2.0566,-2.0617
1.628,-10.3983,-0.0837,-0.0106,1.8025,-2.3592
1.4197,-9.8931,0.8164,-0.1132,1.4549,-2.6805
1.0558,-9.2395,1.6041,-0.2842,0.8758,-2.788
0.6033,-7.7359,1.98,-0.4852,0.133,-2.8198
-0.0694,-6.6992,2.2649,-0.674,-0.5426,-2.7776
-1.1635,-5.4088,2.8107,-0.8884,-1.0716,-2.6823
-1.9033,-4.5154,3.2441,-1.0985,-1.3984,-2.4771
-2.0207,-3.5865,2.8012,-1.393,-1.8382,-1.9554
-1.9249,-3.3806,2.9209,-1.5976,-2.2291,-1.5608
-2.2194,-2.6743,3.0813,-1.8334,-2.5578,-1.2596
-3.1986,-1.7717,3.4189,-2.0154,-2.7307,-1.102
-4.7333,-0.6392,4.3574,-2.1229,-2.8394,-1.0171
-4.8171,-0.4405,4.458,-2.0252,-2.7246,-0.8827
-5.4638,0.0119,4.4244,-1.6904,-2.4527,-0.8003
-5.9666,0.4932,3.5577,-1.1382,-2.1681,-0.7489
-5.1909,0.3423,2.0015,-0.4486,-2.0215,-0.7129
-5.04,0.1747,1.8602,0.1775,-1.7631,-0.6323
-4.1802,-0.644,1.2114,0.6344,-1.4802,-0.5015
-3.2465,-1.6065,0.4213,1.0767,-1.2878,-0.223
-2.1835,-3.0933,-1.1468,1.3039,-1.2756,-0.0385
-1.6591,-4.0821,-2.9783,1.5238,-1.322,0.1202
-2.2313,-5.4399,-7.554,1.7297,-1.4265,0.2638
-3.6463,-7.5899,-12.9936,1.8519,-1.6409,0.4165
4.0557,-17.1382,-21.5436,1.7486,-2.1803,0.8759
11.7366,-22.1493,-23.7055,1.2948,-2.4472,1.3004
19.3768,-29.8685,-26.5909,0.1903,-2.4008,1.298
11.9473,-34.3002,-7.1398,-1.3526,-0.9647,0.1844
3.7876,-22.9777,-4.1659,-2.3422,1.4793,-1.4032
3.5266,-17.4495,-5.6027,-1.2262,1.5997,-2.0043
3.1866,-9.1365,-5.0664,0.1048,-0.4851,-1.4588
2.3942,-3.0382,-3.6248,-0.2561,-1.2243,-1.2773
-0.5315,3.4452,-4.0318,-0.5866,-1.3544,-1.2645
-0.5315,3.4452,-4.0318,-0.6501,-0.0978,-1.1197
-1.3599,-2.5019,6.0743,-0.6501,-0.0978,-1.1197
-3.1316,-9.5531,12.3304,-0.1865,1.0865,-0.7257
-4.616,-34.9421,-16.8294,1.6032,3.1671,0.1086
-4.616,-34.9421,-16.8294,0.0327,3.1513,0.4605
-6.6059,-28.2333,7.9083,0.0327,3.1513,0.4605
-2.624,-11.4038,7.4319,-1.8462,3.6992,0.3132
-5.4782,0.6967,-5.6242,-1.5909,1.1372,0.3187
-4.8051,2.5737,1.5658,0.1549,-5.3843,-0.0819
-5.3034,0.9074,11.4541,0.6949,-4.6867,-0.0074
-8.4494,-0.5746,11.2961,1.4108,-2.0832,0.1129
-13.8076,-3.9169,4.5226,2.2343,0.1715,0.4305
-15.685,-6.3162,1.6328,2.7254,1.7078,1.0273
-11.933,-11.1668,1.549,2.5971,2.5465,1.863
-6.4478,-15.0146,3.7732,1.6656,2.9625,3.425
-1.1156,-18.4431,1.7741,1.3846,2.9326,3.8178
-0.292,-18.7208,0.4165,1.5464,2.5001,3.4977
0.5267,-17.8517,-1.154,1.9447,1.5764,2.808
1.1827,-15.6826,-0.0957,2.2282,0.7646,2.1672
0.5123,-12.4022,1.6089,2.0486,0.1446,1.4287
-0.2489,-11.1572,1.9249,1.8067,-0.198,1.0365
-1.4508,-8.6385,1.7764,1.6277,-0.6116,0.7952
-1.1803,-7.1206,0.7876,1.6014,-0.8113,0.8233
-0.146,-6.4215,0.6105,1.6863,-0.8303,1.0463
-0.0454,-6.5675,0.5985,1.7633,-0.7545,1.3041
-0.1699,-7.6665,0.3639,1.7627,-0.5474,1.5814
-1.1037,-8.3416,0.7637,1.6222,-0.3972,1.5961
-1.8555,-8.9282,0.6727,1.3589,-0.2884,1.516
-2.0015,-8.9905,0.6416,1.1695,-0.107,1.4397
-2.3439,-8.7606,0.5506,1.1445,0.202,1.3865
-2.2792,-8.5356,0.4979,1.2728,0.6125,1.3542
-1.2808,-8.2387,0.4908,1.4927,1.1085,1.3933
-0.6272,-8.1597,0.1675,1.5922,1.2466,1.4305
-0.2777,-7.8293,-0.3016,1.6411,1.3016,1.4238
-0.328,-7.3481,-1.2689,1.5654,1.2722,1.3566
-0.6464,-7.2475,-2.4684,1.412,1.2075,1.2876
-0.7158,-7.3912,-2.3343,1.2215,1.2655,1.2992
-0.1675,-8.21,-1.221,1.0394,1.2173,1.37
0.6081,-9.6968,0.4357,0.8128,0.9246,1.4391
1.7238,-11.7462,1.3072,0.6876,0.4555,1.4397
1.7238,-11.7462,1.3072,0.8928,-0.2029,1.2106
2.3439,-12,0.9121,0.8928,-0.2029,1.2106
2.6001,-10.8795,-0.462,0.9472,-0.1931,0.9235
2.624,-10.4174,-2.9281,0.8531,0.0957,0.7402
2.5617,-10.6425,-3.0071,0.6369,0.5746,0.6242
1.9895,-11.7318,-2.77,0.3546,1.0987,0.5521
1.8818,-12.5171,-0.9528,0.1085,1.3626,0.4977
2.9448,-13.0463,1.5275,-0.2079,0.9381,0.4922
3.1651,-13.5993,1.7932,-0.2867,0.3999,0.4727
2.4923,-14.744,0.474,-0.2158,-0.0478,0.3676
1.0103,-15.4288,-2.2122,-0.0686,-0.3043,0.232
1.6974,-15.8885,-3.0238,0.0547,-0.2609,0.1556
3.2249,-15.8741,-1.7573,0.0022,0.0132,0.1807
5.5237,-15.0313,-0.0047,-0.4388,0.3895,0.144
5.9786,-14.0566,-0.4453,-0.6654,0.5661,-0.1332
4.1826,-12.5123,-4.5346,-0.8255,0.6382,-0.5596
3.9504,-12.1077,-4.9108,-1.0753,0.6388,-1.0025
3.9504,-12.1077,-4.9108,-2.1901,0.403,-1.6188
2.0805,-11.1764,-2.2098,-2.1901,0.403,-1.6188
-1.8435,-13.1253,-0.3639,-2.8523,0.1763,-1.9988
-3.2465,-13.7262,-0.3758,-2.9384,0.2289,-2.2022
-5.4375,-14.8231,-1.0247,-2.7741,0.4054,-2.2914
-8.4518,-16.3386,-1.7357,-2.5377,0.4005,-2.1869
-10.494,-19.8892,2.1284,-2.363,0.1727,-1.9059
-10.8029,-20.4734,2.7629,-2.2347,-0.581,-1.2535
-13.8172,-19.9442,2.8993,-1.9226,-0.8584,-1.1753
-17.2723,-18.8477,1.5203,-1.6092,-0.7142,-1.744
-14.0135,-15.8047,-1.142,-1.5194,-0.1186,-2.0996
-10.2426,-13.9393,-2.2194,-1.5359,1.0261,-1.9756
-4.0725,-12.1436,-2.6216,-1.393,2.4817,-1.7783
0.5339,-11.5188,-1.9847,-0.7668,3.5935,-1.5834
2.5163,-11.4158,-1.2689,-0.2757,3.3907,-1.7178
2.3367,-11.3464,-1.1516,0.1005,2.8305,-2.0098
2.0566,-10.9537,-0.814,0.2942,2.235,-2.3067
2.0566,-10.9537,-0.814,-0.0155,0.6485,-2.7312
-0.2489,-8.5164,1.8602,-0.0155,0.6485,-2.7312
-0.5817,-7.9993,1.9105,-0.2378,-0.1437,-2.6683
-1.5897,-6.613,1.7046,-0.4443,-0.8144,-2.526
-2.5929,-5.5668,1.2114,-0.6453,-1.1882,-2.3305
-4.3526,-4.6471,2.375,-0.842,-1.1986,-2.0855
-4.434,-4.5753,2.5498,-1.0704,-1.107,-1.8143
-4.4747,-4.1012,2.6958,-1.3435,-1.2994,-1.3812
-4.4747,-3.2369,1.9919,-1.4492,-1.672,-1.1845
-4.1204,-2.2529,2.0039,-1.5823,-2.1742,-1.1234
-4.0438,-2.1236,2.1835,-1.7619,-2.6739,-1.1607
-4.2592,-1.4963,2.6862,-1.9024,-3.0605,-1.2431
-4.173,-0.6727,2.9616,-1.8578,-3.088,-1.2902
-4.5681,0.3639,2.9424,-1.3209,-2.5572,-1.1448
-4.7596,0.8978,2.6384,-0.7595,-2.1668,-0.9591
-4.9969,1.2545,1.9321,-0.2256,-1.757,-0.7398
-4.5968,0.893,1.288,0.1903,-1.3544,-0.4985
-3.3638,-0.6009,0.7972,0.4536,-1.0655,-0.2352
-2.5641,-1.3886,0.3471,0.6857,-0.9561,0.1263
-1.13,-2.7892,-0.4285,0.8543,-1.038,0.331
0.4429,-4.7046,-2.4995,1.0547,-1.2414,0.488
1.2449,-7.3983,-9.455,1.2978,-1.5346,0.5606
1.1372,-8.4254,-12.1652,1.5171,-1.9029,0.5741
2.873,-12.8404,-19.4582,1.6167,-2.4094,0.6248
9.8021,-21.1605,-26.0976,1.5092,-3.3238,0.8746
11.569,-30.9675,-12.1939,0.8476,-3.1222,0.8612
9.6944,-32.2124,-6.2156,-0.6648,-0.4973,0.053
3.9432,-30.6778,-0.1173,-1.4577,2.6009,-1.1368
2.6455,-20.1932,-6.4023,-0.3392,2.5844,-1.6347
2.9616,-7.5516,-5.5931,0.3491,-0.8272,-1.3036
2.9185,-5.4016,-4.9299,-0.4192,-1.6714,-1.2047
1.2952,0.0742,-3.9887,-0.9537,-1.749,-1.19
-1.4341,2.5929,-2.7844,-0.9324,-1.5425,-1.168
-3.936,-2.4372,3.5601,-0.6233,-0.6928,-1.0171
-4.6854,-7.1876,9.4669,-0.0387,0.6827,-0.6292
-5.9594,-17.811,2.7174,1.3357,2.7774,0.3297
-8.7511,-31.6737,-19.7288,1.7059,3.1476,0.7818
-8.2076,-23.1932,4.4125,0.3552,2.8244,0.7696
-5.6027,-14.3152,9.3735,-1.9757,2.91,0.7011
-5.4806,-3.6559,3.766,-2.0289,2.0266,0.6651
-5.2483,0.3782,-0.1101,0.1891,-3.2499,0.0707
-3.881,-1.6496,12.1436,1.0596,-3.625,-0.0171
-4.6375,-2.3151,12.7613,1.4524,-1.8309,0.1404
-6.309,-4.5729,9.0551,2.095,-0.2909,0.4544
-7.3097,-7.0272,3.3231,2.8164,0.7072,0.973
-6.3449,-12.3184,-1.2234,3.0015,1.5673,1.4916
-5.0951,-13.5275,0.6895,2.1677,2.9051,2.232
-2.6408,-15.4575,2.885,1.318,3.1488,2.6089
-1.1037,-16.8102,0.9888,0.9252,2.6424,2.6681
0.0981,-15.9076,-0.2801,0.9484,1.8025,2.4513
0.237,-15.2396,-0.0574,1.1769,0.9308,2.1434
-0.0885,-12.7182,0.7709,1.4725,0.1293,1.8581
-1.5682,-10.3384,1.403,1.6423,-0.6409,1.444
-2.691,-8.016,1.5394,1.6258,-0.9732,1.2375
-2.4779,-7.0129,1.2808,1.6405,-1.1131,1.2021
-1.8004,-6.2683,0.6536,1.7181,-1.1064,1.2784
-1.2234,-6.06,0.8954,1.8659,-0.8443,1.3511
-1.1396,-6.5628,1.1109,2.0076,-0.0807,1.356
-1.5873,-7.0751,1.0845,1.9759,0.3443,1.2864
-2.2242,-8.04,0.802,1.8079,0.5526,1.21
-2.1523,-8.6697,0.8044,1.5703,0.5288,1.2192
-1.616,-8.6792,1.2258,1.3833,0.5184,1.2967
-1.482,-8.6649,1.2593,1.3094,0.6333,1.37
-1.0845,-8.5092,1.2425,1.431,0.9943,1.4207
-1.1492,-8.2746,0.9433,1.58,1.2588,1.4207
-1.3311,-7.9777,-1.3599,1.6521,1.3852,1.3804
-1.1611,-8.0017,-1.7334,1.5898,1.2887,1.3426
-0.6009,-7.9921,-2.8251,1.3937,1.0664,1.3432
-0.2059,-8.1908,-3.0142,0.9899,1.0157,1.3413
0.8116,-9.7782,-0.3615,0.8323,1.169,1.3291
0.9074,-10.0894,0.134,0.7657,1.1543,1.309
1.2306,-11.3919,1.8076,0.7621,0.8147,1.257
1.2306,-11.3919,1.8076,0.985,-0.0465,1.0622
1.4245,-12.1317,1.537,0.985,-0.0465,1.0622
1.2066,-11.6792,-0.4884,0.9759,-0.2854,0.9027
1.221,-10.7335,-3.7732,0.905,0.0407,0.8319
1.7405,-10.8292,-4.9802,0.7486,0.7664,0.8581
2.7078,-11.5834,-2.047,0.4676,1.4695,0.9162
3.122,-12.1293,0.3136,0.1518,1.7841,0.893
3.8187,-13.0151,2.5498,-0.1474,1.4934,0.7873
4.2856,-14.1308,2.9879,-0.3435,0.6113,0.5252
3.2585,-15.9555,-0.3998,-0.2806,0.1434,0.3023
2.6623,-16.0824,-2.4708,-0.104,-0.0948,0.0689
2.2577,-15.9627,-5.653,0.0797,-0.0624,-0.0568
4.0174,-15.3833,-3.4021,0.0297,0.1476,-0.0257
5.0496,-13.9297,-1.1827,-0.4669,0.4231,0.0072
4.8841,-13.4102,-1.6424,-0.6214,0.4384,-0.2651
4.6543,-12.8978,-3.4332,-0.7589,0.3101,-0.6506
4.6639,-12.5722,-4.0078,-1.0613,0.2832,-0.9963
2.9616,-10.8891,-1.7046,-1.5316,0.3559,-1.3189
2.624,-10.822,-1.3958,-2.0466,0.3205,-1.6585
0.8044,-11.7462,-0.6631,-2.5884,0.0615,-2.0684
-1.8531,-13.336,-0.2178,-2.746,-0.0184,-2.2517
-5.4064,-15.4216,0.1963,-2.7576,0.1311,-2.3726
-7.4845,-16.8869,-0.134,-2.6092,0.2979,-2.3323
-9.9458,-19.214,0.2561,-2.3031,0.3376,-2.0971
-10.7406,-22.3217,1.5059,-1.8334,-0.1186,-1.4453
-14.375,-21.9099,1.5801,-1.4644,-0.6067,-1.2279
-15.4719,-20.2076,1.3192,-1.159,-0.8743,-1.7911
-13.9537,-16.159,0.1939,-1.1834,-0.8712,-2.3561
-10.3073,-13.1923,-0.6727,-1.316,0.0041,-2.496
-1.2641,-10.2283,-1.6424,-1.3099,1.4103,-2.3427
0.2106,-9.7973,-2.059,-0.9476,2.563,-1.9731
2.557,-9.9482,-1.7094,-0.5274,2.4054,-1.9859
3.3351,-10.2953,-1.4844,-0.1413,1.9778,-2.1411
1.7046,-10.2929,-0.0694,0.0871,1.4616,-2.3897
1.4053,-10.0224,0.4548,0.0724,0.9301,-2.6316
0.8547,-9.3855,1.2569,-0.1022,0.4457,-2.7581
-0.1604,-8.3249,2.1188,-0.4156,-0.4546,-2.7178
-1.2689,-6.5604,2.466,-0.6135,-1.0282,-2.5754
-1.5849,-6.3425,2.5306,-0.7662,-1.3752,-2.3506
-2.387,-5.8086,3.0023,-0.903,-1.5248,-2.1142
-2.9927,-5.3776,3.3782,-1.0478,-1.5871,-1.865
-3.3494,-4.592,3.2848,-1.2659,-1.7851,-1.4924
-3.4093,-4.0653,3.3997,-1.4198,-2.1045,-1.3103
-3.632,-3.371,3.1004,-1.5982,-2.5205,-1.2077
-3.9839,-2.6791,2.9137,-1.7155,-2.8522,-1.1827
-4.683,-1.5705,3.9767,-1.7876,-2.9451,-1.2285
-5.2148,-1.039,4.1754,-1.779,-2.8406,-1.2926
-5.8158,-0.3878,3.8043,-1.316,-2.399,-1.2285
-5.9067,0.0766,3.0765,-0.7161,-2.2218,-1.0092
-5.8206,0.146,1.5011,-0.0906,-1.9872,-0.719
-5.5428,-0.1556,1.1563,0.4029,-1.6879,-0.4386
-4.5705,-1.2114,0.4548,0.6882,-1.4815,-0.1815
-3.5601,-2.2385,-0.1747,0.8617,-1.4399,0.1416
-2.0039,-3.7732,-2.3319,0.9514,-1.5242,0.3291
-1.7908,-4.0581,-2.8706,1.0974,-1.6568,0.5002
-1.7214,-5.38,-6.692,1.2929,-1.7612,0.6621
-2.5833,-6.4478,-11.1165,1.4456,-1.8632,0.8007
5.6386,-17.155,-21.2658,1.456,-2.0483,0.9858
9.34,-19.1254,-21.2012,1.0645,-2.7539,1.4934
19.5731,-27.0003,-25.9372,0.2135,-3.3843,1.6969
13.0319,-32.1191,-15.1702,-0.9098,-2.2194,0.7665
2.5067,-29.1143,-0.8212,-1.9525,1.0468,-0.9334
1.9919,-20.5117,-3.8498,-1.3416,2.6491,-1.7147
1.0055,-12.3184,-5.5596,0.3198,0.1525,-1.1136
0.96,-6.6154,-5.5931,0.1085,-0.9799,-0.9737
-0.1101,-2.2481,-6.3664,-0.2457,-0.8266,-1.0318
-2.229,-3.019,-6.23,-0.363,-0.1302,-1.0751
-2.047,-8.7343,-4.0653,-0.4241,0.8446,-0.9566
2.6168,-16.6498,9.4047,-0.3429,1.8409,-0.5064
-1.0582,-24.3472,-0.6799,0.5409,3.3046,0.0072
-5.4973,-23.174,-3.347,1.1518,3.1842,-0.3855
-9.8452,-12.7446,-5.3369,0.2404,2.9448,-0.7508
-8.2579,-2.375,6.5149,-1.5377,2.2918,-0.3977
-8.9187,3.0166,-0.407,-2.8383,-0.2982,0.1453
-9.3975,2.308,3.2273,-1.3282,-4.8577,0.3914
-6.5484,-1.3814,10.1732,1.2862,-4.49,0.6028
-8.4781,-4.2018,13.2713,2.1952,-0.1785,0.8423
-10.4773,-10.7478,1.695,2.7278,2.6497,1.0408
-10.3695,-11.8061,0.3184,3.1756,3.8751,1.5301
-6.4766,-16.0417,0.6296,3.0626,4.2807,2.1544
-0.9648,-18.4503,3.6822,1.8458,3.2753,2.8435
1.7621,-19.1733,-0.5123,1.4328,2.0767,2.7207
1.4125,-18.0648,-0.9888,1.5354,1.0364,2.1843
1.4317,-15.5964,0.0454,1.6405,0.4922,1.6388
1.1731,-13.6448,0.1388,1.693,0.3132,1.3377
0.304,-10.7981,1.1971,1.6747,-0.0013,1.21
-0.474,-9.4526,1.7741,1.4713,-0.6586,1.1831
-1.3072,-7.6904,1.6448,1.398,-1.0587,1.2613
-1.6615,-6.7375,1.0582,1.4823,-1.2573,1.4366
-1.4006,-6.5867,1.1875,1.6576,-1.1308,1.6272
-1.2761,-7.0009,1.5011,1.8244,-0.6763,1.7573
-1.3838,-7.5683,1.7717,1.894,0.0865,1.7604
-1.9823,-8.0208,2.0326,1.8128,0.3223,1.6394
-2.5234,-8.7367,0.9289,1.6814,0.3248,1.5002
-2.521,-8.7367,0.8571,1.5617,0.1989,1.4238
-2.533,-8.6194,0.6105,1.4768,0.1226,1.4165
-2.4684,-8.3464,0.3495,1.4542,0.1898,1.4415
-1.5035,-7.9179,0.3591,1.5464,0.5868,1.5173
-1.3838,-7.7862,0.2753,1.6442,0.9308,1.5606
-0.9002,-7.2714,-0.7565,1.712,1.1403,1.549
-0.5075,-6.6777,-2.4157,1.6882,1.2124,1.4953
-0.3711,-6.5029,-2.873,1.5079,1.2203,1.4409
-0.1891,-6.8692,-2.0446,1.2245,1.2948,1.4067
0.407,-7.8604,-0.3327,0.8073,1.2362,1.3859
1.1396,-9.747,0.5722,0.7022,0.8996,1.3511
1.8076,-11.5571,2.1308,0.7755,0.5172,1.2485
1.9895,-12.0048,2.3798,0.9014,0.2209,1.0866
2.0111,-12.3208,2.0781,1.0339,0.0291,0.8997
1.6807,-11.7989,-0.6943,1.0865,-0.063,0.637
1.6807,-11.7989,-0.6943,0.7627,0.742,0.6022
0.8619,-11.5164,-6.4622,0.7627,0.742,0.6022
0.8762,-12.0048,-3.766,0.3992,1.4341,0.728
1.7262,-12.316,0.1867,0.0773,1.7334,0.8227
3.7924,-13.1013,3.2896,-0.1083,1.3339,0.8557
4.1778,-13.5802,3.3016,-0.1559,0.3822,0.7714
4.3023,-15.242,1.8507,-0.1254,-0.0685,0.5759
3.5027,-16.2859,-1.1875,-0.0399,-0.2286,0.3181
2.8706,-15.2396,-3.7493,0.0901,-0.0178,0.1104
3.4835,-15.1726,-3.0789,0.117,0.4341,0.0573
4.2928,-15.6179,-1.4891,-0.28,0.6809,0.1178
2.7246,-14.6599,-2.0398,-0.5249,0.4915,-0.0868
2.5043,-12.8739,-3.5865,-0.6147,0.505,-0.4594
3.0813,-12.1341,-4.5394,-0.7631,0.6956,-0.7196
4.1204,-11.4038,-3.8857,-1.1419,0.7102,-0.92
4.3335,-10.7694,-2.3127,-1.7289,0.5587,-1.1649
2.1068,-10.8484,-0.1292,-2.4937,0.3217,-1.6811
0.7541,-11.7103,-0.225,-2.7515,0.2551,-2.0226
-2.4085,-13.3814,-0.6919,-2.7943,0.3034,-2.2431
-5.2747,-15.2708,-1.6974,-2.7057,0.5392,-2.358
-9.68,-18.4862,-0.6823,-2.5163,0.7231,-2.2828
-10.4462,-19.4079,0.6943,-2.3135,0.563,-2.0312
-11.6433,-21.9602,4.3382,-2.0478,-0.6916,-1.3781
-15.3234,-21.0647,5.1837,-1.7986,-1.4393,-1.2871
-15.8334,-16.6211,0.6919,-1.5677,-1.3336,-1.7422
-14.2194,-15.0649,-0.7637,-1.4669,-0.3611,-1.8638
-7.9753,-11.4637,-3.1172,-1.4528,1.3755,-1.6836
-2.6839,-10.0511,-2.9975,-1.2231,3.428,-1.5822
1.7788,-10.755,-0.7589,-0.7723,3.5495,-1.6659
1.7788,-10.755,-0.7589,0.2062,2.5776,-2.2346
2.466,-11.2961,-0.3232,0.2062,2.5776,-2.2346
2.1571,-11.1213,0.0287,0.4463,2.0212,-2.5718
1.798,-10.5515,1.1587,0.453,1.4329,-2.8326
1.5251,-10.032,1.2856,0.216,0.5044,-2.9933
0.9026,-9.0096,1.0342,-0.0038,-0.1192,-2.9963
-0.383,-7.9179,0.8307,-0.3056,-0.7008,-2.931
-2.2146,-6.4957,1.889,-0.6734,-1.1217,-2.7721
-2.2146,-6.4957,1.889,-1.5341,-1.9628,-1.8283
-2.7509,-5.3465,2.9735,-1.5341,-1.9628,-1.8283
-3.1076,-4.276,2.9783,-1.746,-2.391,-1.4655
-3.4308,-2.3582,2.6815,-1.9079,-2.7698,-1.2175
-3.7517,-1.6807,2.6024,-2.0173,-3.0715,-1.0458
-4.4053,-0.7374,3.11,-2.0673,-3.2817,-0.9591
-4.7548,-0.1963,3.8857,-2.0105,-3.2469,-0.9542
-6.0384,1.0486,3.3351,-1.5054,-2.6488,-1.0018
-6.1055,1.1707,3.098,-0.881,-2.3385,-1.0018
-5.7607,1.3982,2.3726,-0.2207,-1.9897,-0.8613
-4.8674,1.2904,1.8746,0.2783,-1.5835,-0.6219
-3.8379,-0.5171,0.7062,0.5941,-1.2542,-0.3934
-3.632,-0.7326,0.5698,0.8739,-1.1058,-0.1246
-2.7174,-1.8195,0.1436,1.0333,-1.1852,0.0695
-1.8387,-3.5218,-1.4652,1.2392,-1.38,0.2674
-1.1611,-5.7415,-4.8338,1.4719,-1.6061,0.4562
-1.7334,-7.0703,-8.447,1.6301,-1.8278,0.6309
-2.2673,-10.4246,-15.8023,1.6601,-2.1424,0.805
4.3622,-19.044,-22.7742,1.3235,-2.8754,1.254
20.6553,-30.4216,-28.4703,0.4603,-3.6916,1.5545
17.7009,-33.8668,-20.4375,-0.9226,-3.4631,1.0548
5.617,-33.6897,-0.4309,-2.2311,-0.2133,-0.7318
3.766,-22.0751,-0.6631,-1.8151,2.7469,-2.0953
2.7078,-8.107,-3.8211,0.092,1.9271,-2.044
2.8347,-5.3776,-4.3718,0.5153,-1.0099,-1.5932
1.628,-1.5346,-4.5705,-0.0973,-1.242,-1.4325
1.628,-1.5346,-4.5705,-0.5426,0.472,-1.1094
-2.1523,-12.8212,5.1238,-0.5426,0.472,-1.1094
0.383,-16.2907,13.7382,-0.2488,1.5337,-0.4075
5.2986,-24.9245,-0.9385,0.7767,2.7682,0.4305
-4.2281,-26.8686,-13.0247,1.4206,2.6235,0.0048
-7.3217,-6.8548,10.7694,-0.1651,3.4274,-0.9475
-6.862,-3.3782,12.9265,-2.4259,2.9558,-0.7563
-8.4853,3.1268,-5.1813,-2.9922,-0.7081,-0.1485
-8.4853,3.1268,-5.1813,1.0883,-5.3586,0.2961
-4.906,-0.0191,15.5054,1.0883,-5.3586,0.2961
-7.2858,-2.3582,14.1667,2.15,-0.6415,0.4757
-9.5364,-6.3114,6.3138,3.0314,1.7334,0.7048
-12.8619,-11.2961,-2.2936,3.4743,2.7866,1.1886
-6.139,-17.3058,0.1915,3.1274,3.3217,1.7647
-3.3566,-18.0528,3.4045,1.2324,2.5477,2.9113
-0.3543,-18.7064,0.6057,0.5947,2.045,2.9504
1.0271,-17.4686,-2.387,0.7981,1.5221,2.4794
0.4548,-13.4485,0.3711,1.2337,0.6901,1.9748
-0.0574,-12.6081,0.3663,1.6252,0.0322,1.6272
-1.0342,-11.0255,0.3232,1.8702,-0.2646,1.4073
-2.1236,-9.9122,0.9504,1.8128,-0.5829,1.3334
-2.9328,-8.5212,1.1444,1.6234,-0.8474,1.3829
-2.7389,-8.0567,1.0486,1.4701,-1.074,1.5069
-1.7764,-7.2882,1.4437,1.4542,-0.9873,1.6694
-0.8355,-7.1661,2.0254,1.6717,-0.4234,1.7628
-1.0127,-6.9626,2.2577,2.0254,0.3003,1.7262
-1.1611,-6.8692,2.0374,2.3167,0.9497,1.502
-1.561,-6.7806,0.8307,2.2758,0.9448,1.3731
-1.2282,-7.1469,-0.0526,2.117,0.7347,1.3493
-0.6631,-8.3177,-0.3447,1.8726,0.541,1.422
-0.7062,-9.0048,-0.0526,1.6301,0.5184,1.5026
-0.6177,-9.6082,0.4165,1.4383,0.7243,1.5557
-0.5674,-9.7399,0.5075,1.4359,0.8324,1.5759
-0.5674,-9.7399,0.5075,1.4878,0.7145,1.5692
-0.8283,-9.1174,-1.233,1.4878,0.7145,1.5692
-0.7422,-8.4949,-2.3127,1.464,0.6467,1.5704
-0.5698,-8.095,-2.7246,1.3583,0.7176,1.5729
-0.1556,-8.6266,-1.5538,1.0303,0.9509,1.5551
0.2825,-9.194,-0.7254,0.8201,1.0218,1.535
0.7876,-10.4605,0.5315,0.8262,1.0138,1.4934
1.7238,-11.5786,1.6256,0.985,0.8483,1.4085
2.691,-11.2769,-0.1029,1.0883,0.4867,1.2802
2.6072,-11.1309,-0.4022,1.0828,0.0413,0.976
1.5466,-10.324,-3.4308,0.9661,0.1366,0.7555
0.9696,-10.9178,-4.3215,0.7401,0.6516,0.659
1.956,-11.8252,0.6224,0.4041,1.2826,0.7042
2.3343,-11.8875,1.3,0.029,1.4897,0.7714
3.7205,-12.723,2.7365,-0.2268,1.2551,0.8026
4.3215,-14.4062,1.7884,-0.2286,0.6259,0.6407
4.1994,-15.7472,-0.7948,-0.0985,0.246,0.411
4.2736,-16.1399,-2.284,0.0156,0.0725,0.1697
5.3704,-16.2763,-2.3247,-0.013,0.089,-0.008
6.2443,-15.7137,-1.5179,-0.2299,0.227,-0.1479
5.3321,-13.8316,-2.7222,-0.4376,0.4347,-0.369
4.7213,-13.4413,-3.6272,-0.6288,0.4989,-0.8699
3.8905,-13.233,-4.1898,-0.9415,0.3242,-1.1979
2.8826,-12.5411,-3.3399,-1.4534,0.125,-1.4789
0.3399,-11.8899,-0.8595,-2.0295,-0.0649,-1.7624
-0.7685,-12.3041,-0.644,-2.5414,-0.2799,-2.0055
-4.2712,-13.3599,-1.4149,-2.969,-0.3159,-2.2566
-6.9602,-14.993,-2.2433,-3.0227,0.0529,-2.2676
-9.8452,-18.8046,-1.8291,-3.0007,0.3846,-2.0342
-10.8484,-20.6865,-1.1444,-2.8871,0.5056,-1.6872
-12.5243,-23.435,2.6431,-2.7381,0.2484,-1.4185
-16.5373,-23.3033,5.3273,-2.4962,-0.0795,-1.4844
-16.5373,-23.3033,5.3273,-1.4711,0.4659,-2.6023
-15.843,-16.1016,1.6831,-1.4711,0.4659,-2.6023
-8.7008,-12.2921,-2.8107,-0.955,1.8752,-2.2193
-1.6927,-10.6257,-5.4806,-0.5005,3.2172,-1.9206
2.7317,-10.7742,-5.1502,-0.2238,3.6106,-1.898
3.0382,-10.7526,-3.6176,0.0016,3.1549,-2.358
2.8467,-10.8101,-1.5514,0.0993,2.8183,-2.7514
1.8483,-10.1349,0.1699,0.1702,2.5092,-3.0183
0.632,-8.6457,1.0678,0.2001,2.0602,-3.1362
0.383,-7.9682,1.3024,0.1873,1.3828,-3.1008
0.0646,-6.9123,1.0103,0.0394,0.4176,-2.9572
-0.8523,-5.7344,1.312,-0.3685,-0.9805,-2.6414
-2.4085,-4.8817,1.707,-0.7271,-1.5914,-2.3989
-2.5761,-4.7692,2.1021,-1.0674,-1.8858,-2.1142
-2.8419,-4.0031,2.6839,-1.3826,-1.9701,-1.7984
-3.0214,-3.055,2.3127,-1.6104,-2.0111,-1.5021
-3.2082,-1.1899,2.0877,-1.8047,-2.3147,-1.2865
-3.28,-1.0127,2.0805,-2.079,-2.4863,-1.0697
-3.869,-0.3495,2.4229,-2.115,-2.5138,-0.9878
-4.5226,0.1412,2.9807,-1.9653,-2.3892,-0.9511
-4.7788,0.8331,3.3255,-1.567,-2.1931,-0.9194
-4.8482,0.9959,3.2752,-0.9684,-1.9506,-0.8455
-4.7907,1.2976,3.1651,-0.0979,-1.4711,-0.5944
-4.6615,1.0534,2.8203,0.3589,-1.2505,-0.3696
-4.2114,0.0478,2.1883,0.6863,-1.1308,-0.1472
-3.6583,-0.735,1.6448,0.9209,-1.1003,0.0842
-2.6527,-2.1547,0.2849,1.1439,-1.1088,0.3261
-1.3742,-4.1084,-1.379,1.3864,-1.1974,0.5362
-0.4501,-7.5013,-8.0855,1.6912,-1.4393,0.7928
-0.1556,-10.032,-13.0295,1.8867,-1.49,0.9644
4.4268,-16.7504,-19.5133,1.7908,-1.5688,1.2106
17.89,-26.373,-24.9604,1.1341,-2.4527,1.538
23.2195,-36.3284,-14.5211,-0.1132,-3.9903,1.5356
13.9393,-34.8152,-11.5451,-1.5029,-2.3159,-0.7832
1.6184,-24.5773,-7.3864,-1.173,0.7438,-2.6891
-1.4604,-15.57,-7.1038,-0.5041,1.6797,-2.8882
-0.4764,-5.3896,-9.9769,0.0358,-0.1198,-2.0501
-0.0526,-3.5003,-9.8955,0.2508,-1.6763,-1.4911
-0.4261,0.2561,-7.9251,0.1469,-1.8101,-1.1735
-3.4476,-0.6272,-1.8722,-0.3252,-0.5896,-0.821
-3.4476,-0.6272,-1.8722,-0.6263,1.687,-0.1631
-12.1484,-12.5387,3.8522,-0.6263,1.687,-0.1631
-11.6456,-20.3441,-1.3096,-0.1437,2.1348,0.579
-2.9161,-20.2459,0.7733,-0.0668,1.5557,1.2295
-2.9161,-20.2459,0.7733,-0.1761,1.6742,-0.0348
-2.8921,-8.1549,4.0533,-0.1761,1.6742,-0.0348
-3.043,-3.8666,2.5234,-0.1566,1.4701,-0.281
-5.1262,-3.2058,1.8555,0.2074,0.4677,-0.1509
-7.4965,-5.8732,10.4533,0.8702,-0.0991,0.0805
-8.5715,-6.6442,10.1756,1.3943,0.4757,0.4715
-9.3328,-8.775,3.4883,2.2886,1.4756,1.2253
-7.5971,-11.0974,1.3,2.5922,1.8177,1.8312
-4.8602,-14.9859,1.616,2.2862,2.1207,2.3713
-3.4644,-15.7999,1.1563,1.8097,2.0822,2.6669
-0.7326,-16.8031,0.5195,1.5171,1.6345,2.772
0.0478,-16.3051,1.1156,1.4255,1.0413,2.6187
-0.6512,-13.6472,1.458,1.5758,0.5838,1.9772
-0.3423,-12.7877,1.4532,1.7065,0.5343,1.6193
0.2298,-11.0902,1.6543,1.7114,0.2955,1.4867
0.2561,-9.7423,2.1978,1.6179,-0.107,1.4226
-0.4477,-7.7335,2.1284,1.5434,-0.4534,1.356
-0.6081,-7.5324,1.865,1.6075,-0.7057,1.3212
-0.8116,-7.2834,1.1875,1.7046,-0.7258,1.3658
-0.7757,-7.609,0.8427,1.759,-0.5914,1.4525
-0.972,-8.2579,0.8307,1.7657,-0.3196,1.5228
-1.2928,-8.5978,0.7254,1.7401,-0.041,1.5307
-2.0494,-8.9378,0.4453,1.6882,0.114,1.4843
-2.5929,-8.9665,0.2059,1.547,0.1397,1.3817
-2.7102,-8.5212,0.2322,1.4426,0.136,1.3401
-2.7102,-8.1884,0.4046,1.3864,0.2399,1.3236
-2.4061,-7.8389,0.4979,1.4243,0.5007,1.3212
-2.193,-7.4654,0.5698,1.5684,0.9265,1.3371
-0.7709,-6.9841,0.2609,1.7334,1.395,1.3328
-0.4022,-6.8932,0.2059,1.6808,1.3889,1.2974
-0.3064,-6.3832,0.2011,1.489,1.2246,1.2094
-0.7948,-5.981,-0.3351,1.2758,1.0823,1.0976
-1.7884,-6.9315,-1.0271,1.0938,1.0157,1.0524
-1.7621,-7.269,-0.814,0.9423,1.0261,1.1178
-1.2138,-8.6768,0.7757,0.7602,0.9509,1.4128
-0.4237,-9.7494,1.7286,0.7969,0.7316,1.5869
1.5131,-11.3344,0.8499,0.9912,0.5032,1.6193
1.7573,-11.6576,0.4022,1.1329,0.3407,1.5081
2.2792,-12.5339,-1.4389,1.1317,0.3272,1.2845
2.8012,-12.6177,-2.9209,1.0645,0.5539,1.0359
3.9073,-12.6512,-1.8148,0.8409,1.0939,0.7806
3.7229,-13.0295,-0.304,0.53,1.2606,0.6437
3.3423,-13.6807,1.1875,0.1848,1.1623,0.4562
3.2441,-14.4756,2.1595,-0.0894,0.8837,0.2925
2.703,-15.333,-0.8954,-0.1718,0.6351,0.1923
2.1332,-15.1558,-2.9496,0.0712,0.5606,0.1184
2.1021,-13.9249,-2.6934,0.1897,0.6198,0.1538
3.0358,-13.5203,-0.5817,0.1078,0.574,0.257
4.5944,-15.3665,0.474,-0.0839,0.2722,0.2876
4.7285,-15.6802,0.2777,-0.2622,-0.0386,0.1856
3.8881,-14.9571,-1.4915,-0.374,0.0163,-0.0355
3.869,-13.3862,-3.3518,-0.5701,0.5716,-0.4472
4.5441,-12.3017,-4.6567,-0.914,0.7793,-0.6769
4.5465,-12.1125,-4.3119,-1.4033,0.717,-0.9371
4.1012,-11.7007,-2.7126,-1.9562,0.5655,-1.2505
2.7174,-12.225,-0.6296,-2.4162,0.4182,-1.5938
-2.1571,-13.5921,0.3136,-2.7784,0.2374,-2.0574
-2.8874,-13.8244,0.1939,-2.7417,0.2582,-2.2889
-6.4885,-15.4048,-1.5346,-2.5292,0.4268,-2.35
-9.34,-17.167,-1.8986,-2.2207,0.5129,-2.182
-10.02,-18.7663,1.7741,-2.0301,0.224,-1.7685
-9.9601,-20.4135,4.4053,-1.9495,-0.5713,-1.2095
-12.2897,-19.6761,4.0581,-1.7039,-1.8504,-0.865
-15.3641,-17.5429,1.707,-1.5029,-1.6207,-1.4594
-11.8132,-12.7302,-3.2417,-1.5121,-0.4363,-1.8613
-8.8229,-11.4541,-3.371,-1.5768,1.5557,-1.8736
-3.3566,-10.6784,-1.0558,-1.462,3.409,-1.7349
-0.2729,-11.2123,0.383,-1.0655,4.0437,-1.6292
2.5067,-12.316,1.6472,-0.3062,3.0089,-1.8302
2.4301,-12.2825,1.4628,0.0248,1.9405,-2.1545
1.3886,-11.6792,0.6536,0.1952,1.023,-2.529
1.1324,-10.755,0.8834,0.2031,0.4353,-2.8088
0.9361,-8.842,0.8164,0.0657,0.2014,-2.9004
0.9361,-8.842,0.8164,-0.5939,-0.7099,-2.7807
-0.2178,-7.1924,0.814,-0.5939,-0.7099,-2.7807
-1.5107,-5.9187,1.8339,-0.9263,-1.0233,-2.609
-2.2601,-4.5034,2.7485,-1.2292,-1.3489,-2.317
-2.3104,-4.264,2.8107,-1.4565,-1.7887,-1.9316
-2.6839,-3.4332,2.9688,-1.6251,-2.2163,-1.5681
-3.1627,-2.4133,2.8921,-1.8041,-2.6879,-1.2205
-3.7565,-1.7501,3.2513,-1.8786,-2.9115,-1.0843
-4.3215,-1.4053,3.5146,-1.8896,-3.0379,-0.9823
-5.1741,-0.7996,3.8786,-1.7515,-3.0178,-0.9182
-5.787,0.1819,4.0366,-1.4424,-2.8137,-0.909
-6.0001,1.0079,2.9807,-0.674,-2.377,-0.8772
-5.6745,1.1013,2.5187,-0.082,-2.0752,-0.7654
-4.841,0.5817,1.719,0.3717,-1.7502,-0.5694
-4.1347,-0.3902,1.2689,0.6692,-1.4833,-0.3617
-3.0214,-1.8243,0.3806,0.8568,-1.322,-0.168
-2.454,-2.4588,-0.3974,1.029,-1.3306,0.0408
-1.5705,-4.2928,-3.0119,1.3448,-1.5132,0.3664
-1.7621,-5.8565,-7.6976,1.5159,-1.6604,0.5283
-1.0917,-10.4701,-15.8693,1.5422,-1.9188,0.6981
1.3575,-13.8507,-18.977,1.3357,-2.3568,0.9418
14.375,-22.5803,-24.0096,0.9105,-3.03,1.2876
18.4766,-28.4057,-25.9181,-0.6404,-3.6415,1.1611
5.1119,-29.7416,-1.7741,-1.947,-1.2176,-0.2419
4.1778,-27.0793,-1.2018,-2.0704,1.9179,-1.5748
2.636,-16.1303,-4.7141,-0.4125,2.081,-1.7874
1.8195,-9.3903,-5.4159,0.621,0.4769,-1.493
1.6711,-2.9616,-4.7788,0.3803,-0.7576,-1.2804
0.4046,-1.1372,-5.076,-0.4626,-0.6745,-1.2389
-1.5993,-3.7469,-1.6352,-0.6654,0.02,-1.2328
-1.5993,-3.7469,-1.6352,0.1152,2.1775,-0.4673
-0.3974,-20.4351,3.4644,0.1152,2.1775,-0.4673
-1.4173,-27.527,-14.6049,1.3723,2.9552,-0.0703
-7.1924,-25.0418,-3.3877,1.6833,2.5544,0.0365
-6.5867,-12.6081,6.3545,-1.8603,2.9484,-0.2877
-8.0089,-0.0574,-2.6886,-2.6904,1.5349,-0.0965
-7.9921,1.3263,-2.5809,-1.1456,-3.763,-0.1253
-8.7032,-0.4309,8.2818,0.5996,-5.6891,-0.0739
-9.1006,-2.6001,12.328,1.4377,-2.9078,0.1245
-11.818,-6.4359,2.9951,2.4236,1.0572,0.871
-11.514,-7.6665,1.4676,2.9184,2.1012,1.5655
-8.4853,-11.3607,1.7477,2.7382,2.3272,2.3529
-4.774,-14.6623,2.5737,2.0528,2.1708,3.042
-0.8882,-17.2364,0.7158,1.5819,2.0303,3.3645
-0.5099,-17.313,0.893,1.398,1.9246,3.2234
-0.2729,-16.6307,0.8738,1.3839,1.5813,2.4482
