bicicleta
-6.3449,-10.2307,0.4429,-0.2461,0.2194,-0.6279
-5.1717,-11.174,-0.2035,0.2224,0.6849,-0.2999
-2.7269,-12.1317,-3.6631,0.6121,0.8162,0.0482
-2.5139,-12.079,-4.0174,0.7905,0.3666,0.3451
-1.9823,-11.4182,-4.9993,0.7282,-0.2533,0.4465
-1.798,-10.2522,-4.6136,0.3922,-0.4622,0.3646
-2.6743,-8.1286,-3.1842,0.2187,-0.2179,0.2742
-2.9161,-7.8101,-2.8969,0.1393,0.0862,0.2241
-3.6655,-6.8094,-2.5857,0.1155,0.2249,0.2455
-3.6631,-6.1222,-3.0095,0.1534,0.0349,0.3219
-3.6511,-5.064,-3.019,0.1778,-0.1886,0.4276
-3.6439,-4.985,-2.9951,0.1271,-0.2924,0.5393
-3.3638,-4.4436,-2.5474,0.0636,-0.3773,0.6084
-3.3375,-4.0462,-2.3247,-0.0115,-0.4714,0.6884
-3.5098,-4.1084,-2.0326,-0.0884,-0.5789,0.7599
-3.8905,-4.4436,-2.1045,-0.1905,-0.684,0.8417
-4.4939,-4.9515,-2.3104,-0.3835,-0.7622,1.0097
-4.7596,-5.3393,-2.3822,-0.5161,-0.7127,1.1643
-5.3465,-6.4574,-2.5402,-0.6236,-0.6046,1.3512
-5.9067,-7.2212,-2.9113,-0.6963,-0.5068,1.5271
-6.9195,-8.696,-3.5529,-0.7189,-0.4977,1.6951
-7.688,-10.1995,-4.3718,-0.7048,-0.5471,1.8606
-8.9905,-13.4293,-5.4064,-0.6712,-0.6076,2.1013
-9.1222,-13.8914,-5.5356,-0.6816,-0.5422,2.2455
-9.8811,-15.8095,-6.0265,-0.706,-0.3755,2.3664
-10.2355,-17.4974,-6.2683,-0.75,-0.1006,2.4367
-9.7566,-18.3401,-4.2688,-0.8178,0.2402,2.4336
-9.7566,-18.3401,-4.2688,-0.8985,0.5798,2.3774
-9.1724,-17.8972,-3.4787,-0.8881,0.7557,2.2937
-8.0927,-16.9204,-2.9281,-0.8331,0.7338,2.2962
-6.9051,-14.5761,-2.4516,-0.7806,0.694,2.2931
-6.9003,-14.3583,-2.4325,-0.7726,0.6513,2.218
-7.8532,-12.4764,-2.5665,-0.8032,0.4473,2.0696
-8.3728,-11.1381,-3.0765,-1.0628,-0.618,1.7592
-8.3057,-9.4502,-3.5146,-1.141,-1.3993,1.6719
-7.4534,-8.4709,-3.1172,-1.1123,-1.8892,1.6597
-5.708,-6.807,-2.1954,-1.0194,-1.9723,1.6951
-3.8977,-5.143,-1.1803,-0.8588,-1.742,1.7568
-0.4979,-2.8706,1.0151,-0.6871,-1.3083,1.8558
0.8499,-2.0135,1.7693,-0.6559,-0.8122,2.0335
3.3375,-0.7134,2.4301,-0.6449,-0.7267,2.0861
4.707,0.1987,1.9416,-0.5136,-0.7469,1.9895
5.7056,0.6536,-0.3016,-0.2222,-0.6968,1.7146
5.811,0.3256,-0.96,0.1369,-0.4537,1.3836
5.787,-0.9744,-2.5067,0.4789,-0.0652,0.8961
5.3417,-2.521,-3.1028,0.383,0.1327,0.5283
4.592,-4.1204,-1.2306,0.1454,0.3697,0.1582
4.5801,-4.1826,-1.0127,-0.0762,0.6824,-0.1783
4.0869,-4.3454,0.1819,-0.2216,0.9573,-0.441
1.8219,-4.0174,0.8355,-0.2454,1.0056,-0.7654
-1.0223,-4.1515,0.1604,-0.1141,0.9976,-1.4001
-1.0223,-4.1515,0.1604,0.0648,1.0483,-1.6713
-1.6783,-4.7213,-0.3998,0.2584,1.0703,-1.8442
-2.0542,-5.3297,-0.383,0.4124,1.0942,-1.9608
-2.2337,-6.3952,-0.067,0.5333,1.1498,-2.0451
-2.2529,-7.0703,0.0311,0.6488,1.1724,-2.1245
-2.2218,-7.882,-0.4477,0.8516,1.1033,-2.2852
-2.5594,-8.6361,-0.6991,1.0037,1.0453,-2.477
-3.6176,-10.3073,-1.8579,1.1265,1.0716,-2.7097
-4.2257,-11.3943,-2.5258,1.2541,1.0758,-2.9107
-5.6482,-13.9177,-3.5458,1.3531,1.0697,-3.0641
-7.8915,-16.5038,-6.048,1.4154,0.9659,-3.2192
-10.9346,-18.1917,-8.1501,1.3525,0.914,-3.2485
-10.9346,-18.1917,-8.1501,0.8473,1.3733,-2.9083
-11.3368,-18.0289,-7.8963,0.8473,1.3733,-2.9083
-11.2937,-17.3633,-7.1685,0.584,1.5822,-2.6542
-10.8843,-14.557,-5.7392,0.4142,1.6672,-2.4678
-10.7526,-14.1476,-5.4806,0.3494,1.647,-2.2571
-10.7526,-14.1476,-5.4806,0.0605,1.0764,-2.0195
-10.1493,-11.5738,-2.5905,0.0605,1.0764,-2.0195
-10.4318,-9.8859,-2.3032,-0.042,0.7295,-1.9419
-10.4174,-9.783,-2.3367,0.0367,0.5768,-1.846
-10.1469,-8.9187,-2.8969,0.3989,0.7564,-1.5632
-9.6944,-7.8389,-3.5003,0.7105,0.9995,-1.2895
-8.1621,-6.7854,-3.4213,0.9322,1.1058,-0.97
-7.0727,-6.5101,-3.0119,0.956,0.8523,-0.6206
-5.89,-6.6226,-2.6695,0.8265,0.3153,-0.3268
-5.2603,-6.8309,-2.8227,0.6695,-0.2142,-0.1069
-4.9299,-7.0416,-3.7732,0.5461,-0.4537,0.083
-4.7165,-6.8668,-3.7014,0.5364,-0.3138,0.185
-3.9863,-6.4574,-3.5936,0.5199,-0.1623,0.3255
-3.5098,-6.0552,-3.6128,0.4741,-0.1824,0.4831
-2.4468,-5.7032,-4.2305,0.3904,-0.3291,0.6108
-2.3295,-5.7272,-4.2975,0.2682,-0.4726,0.7214
-1.8986,-5.9498,-4.4364,0.0379,-0.4671,0.8478
-1.4317,-6.467,-4.4292,-0.1098,-0.3853,0.9217
-2.0853,-9.2036,-3.2441,-0.2625,-0.3107,1.0042
-2.2385,-9.2036,-3.2441,-0.4482,-0.2741,1.0714
-3.8091,-10.9346,-2.296,-0.6694,-0.3901,1.1282
-5.6889,-12.3567,-1.9105,-0.8734,-0.8214,1.2052
-7.7575,-13.4533,-2.2864,-0.8563,-1.0456,1.2901
-7.8101,-13.4078,-2.3032,-0.7421,-1.0829,1.4379
-7.8365,-13.1181,-2.7174,-0.5686,-0.9802,1.62
-7.8197,-12.6728,-3.055,-0.3572,-0.8978,1.7776
-7.1757,-12.0311,-3.4237,-0.1758,-0.8636,1.8814
-6.6418,-11.581,-3.2848,-0.0127,-0.8721,1.9376
-6.4311,-10.9585,-3.3255,0.0306,-0.8507,1.8997
-6.716,-10.5587,-3.5075,0.0532,-0.8104,1.8161
-7.4055,-10.281,-3.4572,0.0495,-0.7426,1.7256
-7.4175,-10.2594,-3.3758,0.0214,-0.709,1.6762
-8.1094,-10.4007,-4.0749,-0.0145,-0.8599,1.7189
-9.0048,-10.3743,-5.301,-0.0506,-1.0291,1.7812
-9.7087,-10.3624,-6.5604,-0.1599,-1.1366,1.9156
-9.5627,-10.3217,-6.5747,-0.3804,-1.1042,2.1478
-8.6553,-10.0798,-6.0025,-0.6767,-0.9405,2.4263
-7.7359,-9.6752,-5.0999,-0.984,-0.6858,2.6487
-6.783,-9.4813,-3.4715,-1.279,-0.373,2.736
-6.7615,-9.4358,-3.3231,-1.3035,-0.359,2.6871
-5.8397,-9.2586,-3.0142,-1.1764,-0.5294,2.59
-3.8474,-8.6577,-2.7293,-0.9724,-0.7133,2.5094
0.8307,-7.2858,0.9385,-0.8026,-0.6278,2.4733
0.8307,-7.2858,0.9385,-0.8972,-0.1061,2.4599
2.2361,-5.8158,3.2321,-1.5808,0.1553,2.4116
3.0621,-4.2616,4.0677,-1.5863,-0.2014,2.1453
3.7469,-2.7557,3.5386,-1.2069,-0.5636,1.8087
4.209,-2.375,2.6767,-0.6309,-0.6559,1.4715
4.6662,-2.5187,1.6759,-0.083,-0.4659,1.1594
4.5465,-3.3303,0.2825,0.3977,-0.144,0.6059
4.5465,-3.3303,0.2825,0.5785,-0.0603,-0.2681
2.9089,-4.1491,-3.383,0.5785,-0.0603,-0.2681
1.956,-3.8043,-2.9735,0.482,0.2163,-0.6414
0.5363,-3.7181,-1.5227,0.3458,0.6421,-1.017
-0.8762,-4.5465,-0.9241,0.2816,0.9042,-1.3927
-1.1228,-4.8147,-0.9026,0.3641,0.8474,-1.8332
-1.9129,-5.7822,-0.8523,0.4368,0.7637,-2.0586
-2.6408,-6.7016,-0.6895,0.4906,0.7185,-2.2516
-3.8355,-8.7199,-0.8451,0.5443,0.7093,-2.4013
-3.9193,-8.9905,-0.9792,0.6268,0.6953,-2.5008
-4.4939,-10.2355,-1.9823,0.8045,0.6989,-2.6511
-4.9682,-11.0399,-2.8682,0.9182,0.8181,-2.7824
-6.613,-12.5842,-3.1052,0.9866,1.0624,-2.8857
-6.7016,-12.6512,-3.122,1.0116,1.3293,-2.9297
-7.1422,-12.9457,-3.1196,1.0324,1.4784,-2.8771
-7.3409,-12.9696,-3.2154,1.0568,1.443,-2.7562
-7.3097,-12.6345,-3.031,1.066,1.2237,-2.579
-7.1996,-12.2945,-2.7892,1.0348,1.0496,-2.4843
-6.9841,-11.8204,-2.6072,0.9939,0.8938,-2.4086
-6.965,-11.4972,-2.5163,0.9792,0.7527,-2.3591
-7.5563,-11.3009,-3.6942,0.9921,0.6226,-2.3438
-7.8628,-11.1596,-4.4077,1.0269,0.512,-2.3371
-8.3632,-10.9058,-5.1765,0.9982,0.6415,-2.2986
-8.8396,-10.4222,-5.4878,0.8907,0.8914,-2.2211
-8.8109,-9.2419,-5.4088,0.7288,1.0074,-2.1148
-8.7558,-8.9977,-5.2651,0.5351,0.9219,-1.962
-8.356,-8.0352,-4.6639,0.3317,0.6904,-1.7977
-8.0496,-7.2212,-3.9025,0.091,0.3129,-1.5234
-7.4845,-7.1469,-2.0853,-0.0035,0.3342,-1.3475
-7.5635,-7.3648,-1.8243,-0.0359,0.611,-1.1569
-7.6378,-8.593,-1.4604,0.0287,0.9188,-0.9474
-6.9698,-9.5531,-1.4413,0.1301,0.9781,-0.6737
-5.1502,-9.6345,-2.4971,0.2315,0.7619,-0.3316
-5.1502,-9.6345,-2.4971,0.2877,0.2035,0.3481
-3.8259,-9.2826,-3.0693,0.2877,0.2035,0.3481
-2.9161,-9.2155,-3.7876,0.1839,0.107,0.4996
-2.7629,-9.522,-1.9728,0.0324,0.027,0.5937
-3.6272,-9.7614,-1.8028,-0.1373,-0.1153,0.6273
-4.5465,-9.9194,-2.0805,-0.1556,-0.5746,0.612
-4.7812,-9.7087,-2.2122,-0.1074,-0.6406,0.634
-4.367,-9.1605,-2.5115,-0.0206,-0.6345,0.7385
-3.9097,-8.7822,-2.1045,0.0544,-0.5722,0.8778
-3.2321,-8.2483,-1.4748,0.0807,-0.4738,0.9889
-3.2393,-8.1764,-1.2138,0.0697,-0.5496,1.0268
-5.5787,-8.4111,-1.1492,-0.0048,-0.8275,0.8906
-5.5787,-8.4111,-1.1492,-0.009,-0.9967,0.6603
-8.0831,-8.7654,-2.6671,-0.009,-0.9967,0.6603
-9.4597,-9.2491,-4.1467,0.143,-1.0254,0.7641
-9.9146,-9.8763,-5.8708,0.2859,-0.9637,1.0384
-9.7518,-9.9649,-5.9403,0.3268,-0.789,1.609
-8.5739,-10.3456,-5.4064,0.2377,-0.6235,1.984
-7.1015,-10.7143,-3.8618,0.1155,-0.4775,2.2724
-6.8333,-11.32,-2.8826,0.0403,-0.4879,2.4263
-6.8525,-11.3655,-2.8682,0.0642,-0.6772,2.4507
-6.8525,-11.3655,-2.8682,0.1198,-1.0774,2.5118
-7.5061,-11.976,-3.4835,0.1198,-1.0774,2.5118
-7.0177,-11.7893,-3.3111,0.0074,-0.899,2.5937
-6.5628,-11.6049,-2.8514,-0.1856,-0.5025,2.7091
-5.957,-11.5714,-2.3918,-0.3786,-0.1244,2.7977
-5.8397,-11.2123,-2.6312,-0.5063,0.082,2.8185
-6.5891,-10.7766,-4.1419,-0.5448,0.1046,2.7391
-7.2427,-10.7718,-4.8123,-0.579,-0.0609,2.5283
-8.2602,-10.6497,-5.4997,-0.6871,-0.2393,2.3958
-7.9969,-10.1445,-5.0807,-0.852,-0.4946,2.3225
-4.4556,-7.9945,-2.5665,-1.0109,-0.8849,2.3341
-3.9169,-7.5755,-2.3415,-1.0787,-1.3168,2.3762
-1.6424,-5.9738,-0.6464,-1.0157,-1.4701,2.3915
-1.6424,-5.9738,-0.6464,-1.1666,-0.155,2.3628
2.1212,-3.9839,2.8491,-1.1666,-0.155,2.3628
2.466,-4.0821,2.6408,-0.9791,0.1174,2.2547
3.9576,-5.2819,1.118,-0.6327,-0.1928,2.0329
2.9831,-7.7503,-0.7206,-0.2662,-0.7218,1.5687
1.3934,-8.7343,0.0119,-0.0182,-0.9753,0.408
1.3742,-8.5739,0.0502,0.0006,-0.6614,-0.1307
1.3623,-6.4526,0.2011,0.0868,-0.3205,-0.4581
0.9504,-3.8977,-0.1173,0.1955,-0.0792,-0.7574
0.7757,-1.9369,-0.7254,0.2841,0.093,-1.0916
0.6775,-1.3455,-0.9002,0.3745,0.5328,-1.4453
0.4477,-1.0726,-1.2928,0.4227,0.9188,-1.6029
0.1508,-1.2641,-2.0542,0.4686,1.2353,-1.7342
-0.2035,-1.8219,-2.8969,0.4912,1.479,-1.8478
-0.3663,-2.2673,-3.0645,0.4582,1.7038,-1.9535
-0.3639,-3.4117,-2.9328,0.3696,1.9023,-2.0512
-0.5817,-5.2819,-3.0047,0.2279,2.1076,-2.2333
-3.2202,-10.1181,-2.782,0.1943,2.0838,-2.4752
-3.7588,-10.7885,-2.8874,0.2254,1.9121,-2.835
-6.2874,-13.4078,-3.5242,0.3464,1.5267,-3.2107
-8.3632,-15.1367,-3.9264,0.4814,0.986,-3.4605
-9.419,-13.1324,-1.0869,0.5113,0.4631,-3.4532
-9.2921,-12.7877,-0.5099,0.0825,0.1498,-3.1074
-8.3225,-11.4206,1.3575,-0.2173,0.6012,-2.7989
-7.633,-10.6999,2.1954,-0.1825,0.9439,-2.4996
-8.2818,-11.7917,-0.9097,0.1485,0.9799,-2.2901
-8.3752,-11.9138,-1.2401,0.6555,0.8138,-2.1826
-9.4597,-13.0271,-3.5889,1.3751,0.6666,-2.1087
-9.4597,-13.0271,-3.5889,1.6182,0.9439,-2.0598
-12.5435,-14.2793,-7.0009,1.6182,0.9439,-2.0598
-12.0982,-14.0805,-6.716,1.4062,0.9427,-1.9113
-10.2331,-13.5371,-4.8602,1.0226,0.7331,-1.5699
-7.3576,-12.7111,-2.9161,0.5926,0.2915,-1.1496
-4.8674,-11.5283,-1.0271,0.2175,-0.3126,-0.7825
-4.7141,-11.083,-0.9145,0.2199,-0.1898,-0.7727
-5.325,-10.4581,-2.4564,0.4368,0.2115,-0.8106
-5.562,-9.6968,-4.1323,0.7477,0.4967,-0.7739
-5.0041,-8.3297,-5.5332,0.9499,0.5511,-0.6108
-4.8506,-8.2195,-5.7583,0.8766,0.3159,-0.3231
-5.1358,-7.5994,-4.3622,0.642,0.1779,-0.2327
-6.4598,-6.6035,-2.363,0.4154,0.1632,-0.2266
-6.9913,-5.143,-2.1116,0.3537,-0.0291,-0.1728
-6.9913,-5.143,-2.1116,0.4948,-0.2906,0.1117
-6.4526,-4.3789,-3.0717,0.4948,-0.2906,0.1117
-6.4526,-4.3789,-3.0717,0.482,-0.0389,0.5216
-4.8291,-3.7301,-4.0701,0.482,-0.0389,0.5216
-4.7884,-3.7565,-3.9647,0.3323,0.1504,0.6774
-4.7093,-5.1717,-3.3111,0.146,0.1406,0.8203
-5.3633,-7.9705,-3.1962,-0.0176,-0.1702,0.9737
-6.6059,-10.0607,-3.0023,-0.1624,-0.4812,1.1502
-6.8453,-11.0806,-2.9376,-0.3212,-0.5911,1.4214
-6.4766,-12.0311,-2.8179,-0.3554,-0.4934,1.6939
-5.7751,-11.9186,-2.7844,-0.3548,-0.417,1.9871
-5.0664,-10.9202,-2.691,-0.334,-0.4543,2.2235
-5.0185,-10.5084,-2.6623,-0.2888,-0.6033,2.3554
-5.0712,-10.0798,-2.9233,-0.1605,-0.9118,2.4165
-5.2196,-10.0894,-3.4596,-0.0732,-1.1244,2.4416
-6.0049,-11.0064,-4.906,-0.0322,-1.2728,2.4843
-5.9834,-11.1429,-4.7596,-0.0768,-1.2484,2.532
-6.4837,-11.9042,-4.841,-0.2228,-1.0041,2.5796
-7.0608,-12.4333,-4.5202,-0.4238,-0.618,2.5919
-7.6545,-13.0295,-3.7445,-0.673,-0.1324,2.5008
-7.8796,-13.1396,-3.6511,-0.7323,-0.1488,2.408
-8.2914,-12.9577,-3.6439,-0.7018,-0.4158,2.3035
-8.289,-12.0383,-3.9073,-0.6535,-0.717,2.2284
-8.3105,-10.1588,-4.5944,-0.6566,-0.8532,2.2003
-8.3105,-10.0583,-4.5944,-0.83,-0.6192,2.1624
-7.9921,-9.2754,-3.9911,-1.0536,-0.3358,2.1313
-7.5324,-8.0927,-2.9209,-1.2625,-0.1403,2.0775
-6.2491,-6.7471,-1.3359,-1.3963,-0.1727,2.0164
-5.2747,-5.9355,-0.8858,-1.4635,-0.5166,1.97
-3.9001,-5.1214,-0.6847,-1.4006,-1.0395,1.9132
-3.0909,-4.6854,-0.9624,-1.2094,-1.6326,1.7513
-1.5442,-5.2914,-0.9409,-1.0842,-1.5734,1.6102
-0.8044,-5.7559,-0.7038,-1.0273,-1.1946,1.5259
0.9026,-6.0648,-0.3112,-1.0133,-0.7964,1.4398
2.1523,-5.313,0.6033,-0.9968,-0.6155,1.2828
2.7772,-2.8826,1.537,-0.9675,-0.6039,1.0219
2.794,-2.6288,1.5729,-0.7653,-0.7304,0.5119
3.0119,-1.5897,1.2928,-0.5448,-0.6589,0.1991
3.213,-1.2282,0.9265,-0.3261,-0.3663,-0.058
2.4995,-2.272,-0.5339,-0.1483,-0.0022,-0.3023
2.4492,-2.5067,-0.79,0.0006,0.2622,-0.576
2.138,-3.5721,-2.0685,0.1857,0.5181,-0.9792
0.4237,-4.6926,-2.2888,0.2432,0.6837,-1.3267
-4.1515,-8.4685,-3.0142,0.2468,0.8297,-1.7818
-4.1515,-8.4685,-3.0142,0.3507,0.5994,-2.3249
-6.1055,-10.7311,-3.2297,0.3507,0.5994,-2.3249
-6.5388,-11.976,-1.8986,0.311,0.4583,-2.4233
-5.8253,-11.6672,-0.1556,0.0648,0.5945,-2.4721
-4.9108,-10.9777,0.3591,-0.0084,0.8315,-2.4904
-4.1443,-10.2905,0.4022,0.066,1.1229,-2.5057
-4.0581,-10.0439,0.1077,0.256,1.3104,-2.5399
-4.774,-10.1972,-0.6631,0.4826,1.2823,-2.5906
-5.2555,-10.1995,-0.8475,0.7825,0.9744,-2.6413
-5.6913,-9.9936,-1.2282,0.934,0.6837,-2.6328
-5.641,-9.6944,-1.7741,1.069,0.3507,-2.5735
-6.1103,-9.9218,-2.7222,1.1827,0.0905,-2.5363
-6.2563,-9.9745,-2.8898,1.2657,-0.023,-2.5662
-7.0105,-10.4007,-3.8355,1.3171,-0.0145,-2.6285
-7.4558,-10.8173,-4.6758,1.2932,0.217,-2.6627
-8.0496,-10.8316,-6.4933,1.2022,0.4906,-2.6022
-8.0903,-10.7526,-6.704,1.0568,0.7582,-2.5039
-8.1812,-10.4581,-7.2164,0.7899,0.903,-2.389
-8.1812,-9.7782,-6.6753,0.4124,0.8504,-2.2693
-8.3991,-7.8149,-3.5338,-0.0115,0.6482,-2.1734
-8.4374,-7.633,-3.2992,-0.5044,0.3165,-2.0421
-8.6649,-6.4981,-1.2617,-0.6394,0.2762,-1.912
-8.6792,-6.2755,-0.1244,-0.6798,0.6299,-1.7098
-8.4374,-6.8692,-0.3447,-0.579,1.1015,-1.4269
-8.5284,-7.7886,-1.6017,-0.3395,1.2585,-1.0873
-8.1932,-9.8261,-3.9743,0.077,0.768,-0.5552
-7.6593,-12.1149,-5.8708,0.256,0.3147,-0.2205
-6.1677,-14.7656,-6.3185,0.3,0.0044,0.05
-5.5117,-14.9667,-5.222,0.1717,-0.1397,0.2168
-4.3406,-14.0829,-4.0988,-0.0524,-0.2948,0.3139
-3.1986,-12.1436,-3.0166,-0.2393,-0.5667,0.3891
-3.6846,-8.4925,-1.3215,-0.3872,-0.9234,0.3885
-4.0797,-8.0759,-1.2138,-0.3853,-0.9888,0.3084
-4.8913,-7.0967,-1.0989,-0.3181,-1.0132,0.2632
-5.4088,-6.6561,-1.2593,-0.2216,-1.0254,0.3115
-5.9474,-6.6154,-1.7788,-0.119,-1.0206,0.4245
-5.9427,-6.6561,-1.8435,0.0165,-0.9167,0.6627
-5.9666,-6.8118,-2.1715,0.1057,-0.8104,0.8423
-5.9786,-7.1757,-2.4923,0.1845,-0.7347,1.014
-6.0073,-8.6266,-3.0813,0.2279,-0.7292,1.1716
-6.0073,-8.6266,-3.0813,0.234,-0.7915,1.3121
-5.9618,-9.3783,-3.3854,0.2132,-0.8941,1.43
-6.2036,-10.008,-3.5721,0.1362,-1.034,1.5491
-6.467,-10.6592,-3.7804,0.0574,-1.0896,1.6022
-6.5173,-10.9178,-3.8211,-0.0432,-1.1213,1.6701
-6.5173,-10.9178,-3.8211,-0.2656,-1.0346,1.8484
-6.1605,-10.9226,-2.8778,-0.2656,-1.0346,1.8484
-5.629,-10.6449,-2.3439,-0.3713,-0.8092,2.0415
-5.3034,-10.5347,-2.1356,-0.3872,-0.5661,2.1685
-5.0831,-10.4964,-1.9153,-0.3841,-0.2814,2.298
-5.0807,-10.925,-1.7884,-0.3511,-0.0542,2.3787
-6.5197,-12.3376,-2.6982,-0.2833,0.0532,2.4055
-6.9003,-12.5507,-3.0358,-0.1648,0.0062,2.3768
-6.9003,-12.5507,-3.0358,0.0642,-0.5807,2.2931
-10.9777,-14.3583,-8.5308,0.0642,-0.5807,2.2931
-9.4406,-12.6512,-8.3823,-0.1422,-0.7188,2.3542
-8.7391,-12.237,-7.5276,-0.6498,-0.5911,2.4593
-6.2324,-10.494,-3.462,-1.2845,-0.315,2.4569
-4.5992,-9.0527,-0.8738,-1.7372,-0.1421,2.2522
-1.98,-5.9977,2.2529,-1.8209,-0.1562,1.8674
-1.98,-5.9977,2.2529,-1.7317,0.5664,1.5662
-1.1324,-4.9922,4.1228,-1.7317,0.5664,1.5662
-0.5099,-3.9264,5.3968,-1.651,0.7093,1.4966
0.9074,-2.5665,4.9371,-1.3645,0.4332,1.4709
2.0207,-1.8579,3.2585,-0.5332,-0.3394,1.5552
2.6671,-1.1827,1.5921,0.1014,-0.6687,1.5845
2.9161,-0.7948,-0.2944,0.6103,-0.7402,1.5082
3.3446,-1.2785,-2.8634,0.9603,-0.6443,1.2968
3.3542,-1.865,-3.699,1.0935,-0.4189,0.9492
2.6431,-3.6272,-4.9658,1.0012,-0.0749,0.4728
0.5363,-5.3034,-4.9754,0.5736,0.4601,-0.3133
-2.2481,-6.5867,-4.7165,0.2089,0.6195,-0.7684
-2.4181,-6.637,-4.6375,-0.0878,0.4619,-1.0482
-2.6623,-6.8022,-3.5673,-0.3224,0.1785,-1.2247
-2.6982,-6.6489,-2.4827,-0.5106,0.0111,-1.3891
-2.7006,-6.4239,-0.7852,-0.6309,0.1711,-1.6542
-2.7006,-6.4239,-0.7852,-0.568,1.2224,-1.8203
-2.466,-6.7687,0.0909,-0.568,1.2224,-1.8203
-2.3175,-7.7096,0.2992,-0.4037,1.6513,-1.8716
-3.2728,-10.2259,0.3758,-0.1905,1.7851,-1.984
-3.4021,-10.4246,0.3399,0.0232,1.6189,-2.1673
-4.8458,-12.0455,0.0933,0.3183,0.964,-2.5204
-6.2659,-13.1588,-0.1029,0.4906,0.4583,-2.7342
-7.9418,-13.64,-0.4764,0.6482,0.0691,-2.8747
-8.4709,-13.2258,-0.4644,0.7874,-0.0951,-2.9199
-8.1429,-11.6959,-0.3663,0.9035,0.0111,-2.8698
-7.3313,-9.9362,-0.7278,1.0281,0.2542,-2.747
-5.5476,-7.8341,-1.8459,1.2676,0.4851,-2.554
-4.6758,-7.4175,-2.442,1.4007,0.4918,-2.3976
-3.9695,-7.135,-3.936,1.4783,0.4033,-2.2699
-4.3454,-7.6808,-6.8548,1.4783,0.3,-2.3029
-8.5787,-9.6489,-13.4581,1.3769,0.3251,-2.4929
-9.8787,-9.9075,-13.9082,0.9823,0.9628,-2.8924
-13.0127,-10.7622,-11.2075,0.5474,1.7362,-3.025
-13.3336,-11.3488,-8.9594,0.0782,1.9964,-2.9199
-12.5842,-15.4072,-0.6224,-0.2271,1.143,-2.6438
-12.5842,-15.4072,-0.6224,-1.298,-0.3119,-1.6413
-7.4797,-15.8406,6.5316,-1.298,-0.3119,-1.6413
-4.8362,-14.9092,6.4263,-1.2173,0.341,-0.6951
-4.367,-12.5722,-2.4995,-0.3554,0.5218,-0.4911
-4.367,-12.5722,-2.4995,0.5144,0.3892,-0.4098
-4.3861,-11.1453,-5.3321,0.9524,0.1094,-0.2858
-4.8099,-9.6752,-6.4095,1.0196,-0.1324,-0.1899
-3.8833,-7.9107,-5.629,0.8015,-0.3003,-0.0452
-3.0286,-6.9506,-4.7477,0.6298,-0.3022,0.1075
-2.1691,-6.1845,-3.6176,0.4899,-0.1953,0.1814
-1.98,-6.3042,-2.4349,0.3647,-0.1079,0.1912
-3.3997,-7.6904,-1.2569,0.2089,-0.1672,0.1569
-4.2042,-8.0424,-1.1228,0.0416,-0.4512,0.0775
-5.1765,-7.9849,-1.0606,-0.097,-0.8513,-0.0726
-5.5356,-7.4678,-0.8882,-0.1013,-0.9167,-0.0293
-5.2795,-6.6322,-0.8212,-0.0371,-0.8575,0.102
-5.1837,-6.5268,-0.8379,0.0807,-0.7389,0.2858
-4.7764,-6.2228,-1.2569,0.2126,-0.6162,0.4783
-4.6902,-6.0528,-1.6256,0.3293,-0.5068,0.653
-4.9347,-6.2443,-2.8826,0.3977,-0.3315,0.8827
-4.9323,-6.2994,-2.952,0.3592,-0.2356,1.0464
-4.9969,-6.862,-3.2632,0.2419,-0.1116,1.2278
-5.1717,-7.5396,-3.4093,0.0581,0.0184,1.4117
-6.637,-9.4861,-3.1268,-0.1465,0.0728,1.554
-6.728,-9.601,-3.1172,-0.4104,-0.0963,1.6737
-7.305,-10.3073,-3.2034,-0.5264,-0.3474,1.7544
-7.5324,-11.0495,-3.019,-0.6083,-0.5746,1.879
-7.1685,-11.7294,-2.2888,-0.6883,-0.6308,2.0549
-6.9482,-11.9258,-1.9584,-0.7311,-0.563,2.2492
-6.5029,-12.2226,-1.7166,-0.7011,-0.4879,2.4257
-6.5699,-12.6345,-2.1475,-0.5093,-0.4818,2.6065
-7.87,-13.6711,-4.5202,-0.323,-0.5746,2.6505
-8.4326,-14.0255,-5.6123,-0.1789,-0.753,2.6511
-9.1437,-14.0494,-6.8357,-0.1972,-0.8556,2.6145
-8.7965,-12.9433,-6.6585,-0.4116,-0.8055,2.587
-6.4311,-10.2905,-3.7708,-0.9296,-0.5086,2.5008
-6.2204,-10.0128,-3.4237,-1.1959,-0.4543,2.3958
-5.4135,-8.9953,-2.5929,-1.2656,-0.673,2.2437
-5.0472,-8.1477,-2.2816,-1.1495,-1.0719,2.0604
-3.268,-6.127,-1.7956,-0.9754,-1.3999,1.9028
-3.268,-6.127,-1.7956,-0.6981,-0.9222,1.6316
-1.3646,-4.7046,-0.8762,-0.6981,-0.9222,1.6316
-0.5243,-4.1683,0.3399,-0.728,0.2512,1.5106
-0.4309,-3.3686,1.4269,-0.739,1.5706,1.3652
-0.4189,-3.3542,1.4724,-0.6382,2.4136,1.1905
-0.1651,-3.8546,1.9776,-0.6071,2.3568,1.0439
0.3567,-5.5261,1.8602,-0.7024,1.3807,0.9291
-0.8116,-8.6098,0.5219,-0.6718,-0.3859,0.6298
-1.7046,-9.6393,0.1508,-0.5228,-0.7579,0.2712
-2.3774,-9.9386,0.5051,-0.367,-0.3364,-0.0586
-2.3774,-9.9386,0.5051,0.1417,0.7063,-0.4092
-1.9009,-9.0862,0.395,0.4906,0.68,-0.631
-0.5937,-4.8051,-0.5865,0.4906,0.68,-0.631
-1.2545,-3.9552,-1.0271,0.5718,0.5193,-0.8405
-2.0398,-3.7062,-1.7214,0.6017,0.3165,-1.127
-2.2577,-4.106,-2.806,0.606,0.1919,-1.3634
-2.2864,-4.197,-2.9735,0.6017,0.2163,-1.5082
-2.3702,-4.6399,-3.6008,0.5895,0.3746,-1.6126
-2.6144,-4.9898,-3.0454,0.4796,0.8248,-1.6945
-3.0597,-5.8349,-1.6927,0.3708,1.143,-1.7055
-3.0597,-5.8349,-1.6927,0.3207,1.2756,-1.6578
-2.8706,-6.2108,-1.719,0.3268,1.2139,-1.5662
-2.4732,-6.4885,-1.6041,0.3562,1.0251,-1.4911
-2.3606,-7.4821,-1.5682,0.3928,0.7221,-1.5173
-2.3918,-7.5659,-1.6065,0.4429,0.5254,-1.6701
-2.9951,-8.5332,-1.9416,0.5211,0.3196,-1.915
-4.2305,-9.6992,-2.2409,0.6133,0.1547,-2.2259
-6.4311,-11.0399,-2.2744,0.7111,0.0722,-2.5418
-7.6066,-11.5571,-2.2912,0.8021,0.0985,-2.7806
-8.672,-11.9042,-2.8682,0.912,0.3013,-2.8295
-9.2083,-11.9689,-4.0677,0.9573,0.5175,-2.6322
-9.2275,-12.1987,-6.0001,0.9163,0.8022,-2.3823
-9.4478,-12.4453,-7.3193,0.7502,1.0038,-2.1398
-9.7997,-12.8547,-9.0862,0.5046,1.06,-1.9529
-10.1565,-13.1013,-8.7606,0.2083,1.0758,-1.8179
-10.1565,-13.1013,-8.7606,-0.4776,0.9103,-1.5796
-11.4469,-15.0026,-3.5889,-0.4776,0.9103,-1.5796
-10.6856,-16.0225,0.5841,-0.6144,0.5145,-1.3805
-8.119,-15.8143,4.4149,-0.6688,0.4607,-1.0103
-4.0126,-12.5961,1.4197,-0.3878,0.6336,-0.5729
-3.7158,-12.2681,0.7948,0.6249,0.5743,-0.1557
-3.1771,-11.0136,-2.1619,1.1778,0.4228,-0.0232
-3.1459,-9.9625,-4.367,1.4307,0.289,0.0604
-3.1459,-9.9625,-4.367,1.3372,0.2133,0.0867
-3.019,-8.0711,-6.2084,1.3372,0.2133,0.0867
-2.8179,-7.0416,-6.4071,1.1527,0.3636,0.0476
-2.5043,-5.9044,-6.0528,0.8558,0.5823,0.0177
-3.0502,-4.7524,-4.0102,0.6445,0.694,-0.0134
-3.3111,-4.4603,-2.8251,0.4191,0.6556,-0.0482
-3.8905,-4.2353,-1.8986,0.2297,0.2835,-0.0531
-5.5045,-5.0807,-1.6543,0.091,-0.2551,-0.0733
-6.7232,-6.376,-1.2689,-0.086,-0.6394,-0.0574
-6.8812,-6.6657,-1.0055,-0.2033,-0.5746,0.105
-6.716,-6.9602,-0.5865,-0.2796,-0.3761,0.3329
-6.4574,-7.1661,-0.1316,-0.3035,-0.1898,0.5711
-6.0959,-7.5037,-0.3399,-0.2906,-0.1128,0.7971
-6.1126,-7.5947,-0.4596,-0.2314,-0.1916,0.9975
-6.297,-8.3321,-1.3431,-0.0512,-0.4085,1.2339
-7.0679,-9.5771,-2.3942,0.1149,-0.5765,1.3567
-7.9825,-12.2657,-5.1071,0.2786,-0.7475,1.4611
-7.9418,-12.4046,-5.1885,0.38,-0.9173,1.6004
-7.3145,-13.3599,-4.8099,0.3788,-1.0041,1.7611
-6.4071,-13.5802,-3.7181,0.2865,-0.9277,1.8955
-4.4077,-12.6847,-1.8938,0.179,-0.7884,2.0317
-4.4077,-12.6847,-1.8938,0.1827,-0.5398,2.1294
-3.2968,-11.5331,-1.5131,0.1827,-0.5398,2.1294
-2.9376,-10.3887,-1.6519,0.2028,-0.326,2.1276
-3.541,-8.8947,-2.1667,0.1955,-0.1061,2.0567
-4.2999,-8.3129,-2.5617,0.1069,-0.0132,1.868
-5.3896,-7.882,-3.2465,0.0153,-0.1641,1.766
-7.36,-7.8748,-4.6327,-0.0939,-0.3914,1.7153
-9.9027,-8.38,-6.8285,-0.2393,-0.6027,1.7232
-11.0255,-8.7822,-7.6976,-0.4562,-0.7475,1.8191
-11.7701,-9.1174,-7.8508,-0.7409,-0.8269,1.948
-11.4876,-9.182,-6.8836,-1.2222,-0.8629,2.2046
-9.4047,-9.6106,-4.5585,-1.4305,-0.8886,2.3035
-8.9809,-9.7997,-4.2137,-1.4965,-0.9075,2.3512
-7.3912,-10.3169,-3.0502,-1.4354,-0.8055,2.3261
-4.7884,-10.7622,-0.8978,-1.3261,-0.4579,2.3145
-1.0151,-10.3456,1.3599,-1.1373,1.0019,2.284
-0.8236,-10.257,1.6017,-0.9137,2.2634,2.1386
0.6703,-8.2531,3.6727,-0.7274,2.9115,1.8808
1.0749,-5.4279,4.9898,-1.1159,1.6781,1.6957
1.9033,-3.1292,3.3063,-1.243,-0.2796,1.4355
1.9033,-3.1292,3.3063,-0.9516,-1.5178,1.2089
1.889,-2.3798,-0.0885,0.0043,-1.2832,0.8808
1.6352,-2.2984,-3.0071,0.5333,-0.5367,0.6542
-0.5434,-3.3806,-2.7916,0.6799,0.0826,0.3659
-1.537,-4.118,-2.0111,0.4924,0.3471,-0.0024
-0.869,-4.4484,-0.9528,0.2529,0.1443,-0.2919
-0.6009,-4.2688,0.043,0.1265,-0.2289,-0.5302
-0.7134,-3.8881,0.565,0.1912,-0.1024,-0.7415
-0.8523,-3.7181,0.4836,0.303,0.1168,-0.9828
-1.0103,-3.5553,-0.0215,0.4075,0.3373,-1.2247
-1.0462,-3.6296,-0.9672,0.5119,0.5242,-1.408
-1.1348,-4.1946,-2.3511,0.5944,0.6751,-1.5314
-1.1587,-4.2904,-2.4684,0.6103,0.8926,-1.6933
-1.47,-4.8506,-2.5953,0.5773,1.0105,-1.8344
-2.205,-5.89,-2.4947,0.5364,1.0728,-2.025
-3.6631,-8.8708,-2.9448,0.526,1.0428,-2.2229
-3.6631,-8.8708,-2.9448,0.5522,0.906,-2.4092
-4.8988,-11.3512,-3.1196,0.5834,0.7429,-2.6138
-6.8141,-13.7765,-3.7588,0.6121,0.6091,-2.9407
-10.5204,-17.5261,-3.3638,0.603,0.5865,-3.0787
-10.7335,-17.5931,-3.1986,0.5187,0.6305,-3.097
-11.897,-17.3992,-1.5538,0.3824,0.7081,-2.9914
-11.2961,-15.7688,0.0071,0.2987,0.6983,-2.7348
-8.9426,-13.1564,1.0678,0.3867,0.5206,-2.1917
-7.7455,-11.9066,1.0749,0.6103,0.3795,-1.8845
-6.4191,-10.2522,0.0191,0.9377,0.2426,-1.7018
-5.7631,-9.3712,-2.375,1.3048,0.1418,-1.62
-5.3609,-9.1676,-5.4542,1.6072,0.1363,-1.5784
-5.2579,-9.0168,-6.6154,1.7373,0.2622,-1.5375
-5.2268,-8.8133,-8.4805,1.5962,0.5254,-1.4996
-5.5356,-8.2962,-8.7726,1.2835,0.6519,-1.5241
-6.3114,-6.874,-6.3305,0.8491,0.6531,-1.5864
-6.479,-6.6489,-5.8373,0.4136,0.4662,-1.6077
-7.5324,-6.1103,-3.2824,0.0666,0.165,-1.5784
-8.1525,-5.9929,-0.8786,-0.2961,0.0899,-1.5094
-8.186,-5.6984,0.1699,-0.3456,0.4308,-1.3622
-8.186,-5.6984,0.1699,0.0568,0.7252,-0.7825
-7.5563,-5.9786,-2.1164,0.0568,0.7252,-0.7825
-6.7543,-6.5891,-3.1459,0.2303,0.5694,-0.3933
-5.2292,-9.522,-4.6255,0.2554,0.3837,-0.0311
-5.1837,-9.7375,-4.6399,0.1472,0.008,0.3683
-4.9299,-11.4757,-4.5705,0.0104,-0.2203,0.5155
-4.683,-12.7398,-4.7788,-0.1092,-0.3553,0.5632
-4.9203,-13.3862,-2.2026,-0.1929,-0.392,0.5937
-4.906,-13.3168,-1.7022,-0.268,-0.3688,0.6139
-4.8674,-12.8164,-1.8052,-0.2558,-0.6149,0.6456
-4.7955,-11.8013,-1.81,-0.174,-0.902,0.6438
-4.671,-10.5635,-1.7022,-0.1043,-0.9601,0.6469
-4.7117,-10.269,-1.8722,-0.0286,-0.9741,0.6817
-5.0257,-9.8739,-2.442,0.0532,-0.9949,0.7299
-5.5883,-9.6896,-2.5857,0.1045,-0.9955,0.7794
-6.4359,-9.8356,-2.9592,0.1112,-0.9839,0.8955
-6.5077,-9.85,-3.0095,0.132,-1.0987,1.0195
-6.8596,-9.759,-3.28,0.1643,-1.2631,1.1478
-6.8309,-9.443,-3.3494,0.2077,-1.3932,1.2705
-5.9235,-8.2555,-2.9496,0.2407,-1.4628,1.3964
-5.8038,-8.0879,-2.9161,0.2486,-1.4628,1.5131
-5.3513,-7.4797,-2.6288,0.2505,-1.3871,1.6371
-5.1071,-7.0536,-2.5115,0.2389,-1.2802,1.7085
-4.9586,-6.8812,-2.7748,0.2212,-1.1458,1.7953
-4.9491,-6.9027,-2.7868,0.1876,-0.9845,1.8991
-5.0927,-7.2236,-3.0813,0.1277,-0.7976,2.0011
-5.1837,-7.6641,-3.1675,-0.009,-0.486,2.1423
-5.4279,-8.368,-3.4668,-0.119,-0.2826,2.2192
-5.9786,-8.8803,-3.9288,-0.2338,-0.1238,2.2748
-6.8979,-9.5771,-4.9826,-0.3542,-0.0096,2.3072
-7.8365,-10.111,-5.9163,-0.5069,0.0716,2.3585
-7.8365,-10.111,-5.9163,-1.1031,0.2567,2.5326
-7.7527,-10.2355,-5.4231,-1.1031,0.2567,2.5326
-7.1709,-9.7183,-4.6208,-1.298,0.1699,2.5546
-6.6346,-9.4789,-4.2951,-1.3639,-0.0413,2.5082
-5.2603,-9.9458,-3.0071,-1.367,-0.213,2.4477
-5.0784,-10.0296,-2.8945,-1.3676,-0.2185,2.3591
-4.7261,-10.3001,-1.9919,-1.3499,-0.0493,2.1881
-3.7205,-10.0846,-0.735,-1.2747,0.5028,1.7916
-2.7772,-8.3752,1.3886,-1.1801,0.9531,1.4837
-2.7892,-8.0831,1.7094,-1.185,1.1119,1.1533
-3.1579,-7.1158,2.4947,-1.3981,0.311,0.8527
-3.0621,-6.4981,2.6431,-1.4012,-0.8287,0.5448
-1.6711,-5.0424,2.3606,-1.0139,-1.6302,0.3127
-1.6711,-5.0424,2.3606,-0.1666,-0.8257,0.262
0.0239,-4.1683,0.2466,-0.1666,-0.8257,0.262
0.5889,-3.1483,-1.391,0.1735,-0.3956,0.171
1.0175,-2.1404,-2.4564,0.3055,-0.0981,-0.0305
1.2186,-1.9081,-2.6599,0.2774,0.0771,-0.2321
1.1827,-2.0039,-2.9759,0.1136,0.2475,-0.551
0.7781,-2.387,-2.9735,0.0074,0.3953,-0.8222
0.4357,-3.1435,-2.7222,-0.0726,0.6079,-1.0555
0.1604,-3.5697,-2.284,-0.141,0.8235,-1.2479
-0.8786,-4.4436,-1.4987,-0.2308,1.0074,-1.4434
-1.9201,-5.3345,-1.0845,-0.3371,1.143,-1.766
-3.2872,-6.8908,-0.4884,-0.3432,1.1418,-1.9376
-3.4213,-7.1517,-0.3639,-0.3108,1.1467,-2.0738
-3.6822,-7.9155,-0.1244,-0.2454,1.1687,-2.182
-3.9145,-8.6625,-0.1915,-0.1269,1.2114,-2.2638
-5.4878,-10.3576,0.0383,0.0452,1.2499,-2.3322
-5.4878,-10.3576,0.0383,0.5877,0.9262,-2.4691
-6.3952,-11.1189,-0.4309,0.5877,0.9262,-2.4691
-7.3457,-11.8515,-1.0103,0.8143,0.6244,-2.4587
-8.1357,-12.6847,-2.0326,0.9933,0.4411,-2.4068
-8.1094,-12.6943,-2.0685,1.132,0.4088,-2.2913
-7.7192,-12.8451,-2.8395,1.259,0.4326,-2.1203
-7.36,-13.142,-3.9073,1.4068,0.3654,-1.8533
-7.3217,-13.8842,-5.3992,1.4411,0.2677,-1.7537
-7.5563,-14.1452,-5.8373,1.38,0.2243,-1.7409
-8.0352,-14.2769,-6.0312,1.2413,0.2451,-1.7812
-7.8341,-13.8076,-5.9905,1.066,0.3153,-1.8081
-6.4095,-12.1819,-5.0688,0.8033,0.4528,-1.653
-5.8756,-11.0519,-4.5944,0.664,0.5963,-1.5155
-4.8674,-9.1341,-4.0797,0.5901,0.7203,-1.4324
-4.6423,-7.8269,-3.4452,0.4533,0.5798,-1.4202
-5.7008,-6.1007,-3.6128,0.2572,0.3312,-1.4899
-5.9977,-5.8804,-3.6822,0.124,0.1889,-1.5955
-7.0967,-4.8051,-3.7588,0.1033,0.4509,-1.6957
-8.2698,-3.7708,-3.2202,0.0996,0.8443,-1.6707
-9.3712,-3.1316,-1.7884,0.0465,1.1675,-1.5589
-9.419,-3.3566,-1.7693,-0.0188,1.2939,-1.3365
-9.1222,-6.1031,-2.3223,-0.0555,1.129,-1.0024
-7.9035,-8.9594,-2.3175,-0.1092,0.5291,-0.2791
-5.3178,-12.2274,-3.1962,-0.1294,0.1345,0.1863
-5.2148,-12.3256,-3.1172,-0.1031,-0.0652,0.4941
-4.2137,-12.9218,-2.7341,-0.1508,0.0691,0.6866
-3.3542,-12.8332,-2.1715,-0.177,0.0704,0.813
-2.7653,-12.0886,-1.7214,-0.1795,-0.0755,0.8631
-2.4899,-11.7414,-1.6112,-0.1129,-0.3645,0.8112
-2.3463,-11.0208,-1.3599,-0.0585,-0.5374,0.7507
-2.7006,-10.1588,-0.7661,-0.0237,-0.6742,0.6798
-3.7876,-8.866,-0.9528,0.0208,-0.8232,0.5943
-4.5489,-8.3752,-1.6615,0.1106,-0.9986,0.51
-5.38,-7.8963,-2.557,0.2126,-1.07,0.452
-6.1222,-7.7072,-3.1459,0.2664,-0.9344,0.5326
-6.7974,-8.265,-3.4835,0.2377,-0.7554,0.7043
-6.8548,-8.4063,-3.5506,0.2047,-0.5795,0.904
-7.3169,-9.0336,-3.8283,0.1796,-0.4867,1.0763
-7.6737,-9.8548,-3.778,0.1491,-0.4952,1.2308
-6.5532,-10.7598,-2.7724,0.0654,-0.6534,1.463
-6.5532,-10.7598,-2.7724,0.0104,-0.8049,1.6077
-5.5931,-10.5898,-2.1715,-0.0194,-0.9332,1.7061
-4.8722,-10.1995,-1.7262,-0.028,-0.976,1.7495
-4.0366,-9.2706,-1.4915,-0.0176,-0.8917,1.7476
-4.0126,-9.1868,-1.4987,0,-0.7047,1.7165
-4.2904,-8.5284,-1.6519,0.0458,-0.3962,1.6145
-5.0592,-7.9825,-1.9249,0.0684,-0.2777,1.5234
-5.6386,-7.6042,-2.2074,0.0727,-0.2796,1.4972
-6.2419,-7.5923,-2.521,0.0587,-0.3736,1.5632
-7.2283,-7.6401,-3.5745,0.0336,-0.541,1.6676
-8.2171,-7.7215,-4.9922,-0.0603,-0.7304,1.9254
-8.9402,-7.7599,-6.7399,-0.2308,-0.6717,2.1752
-9.1605,-8.0376,-7.3385,-0.5148,-0.4451,2.466
-9.601,-9.0072,-7.6832,-0.8746,-0.1678,2.6908
-9.3616,-10.1301,-6.8644,-1.2442,0.0441,2.7708
-9.0623,-11.2291,-3.9647,-1.5448,0.0496,2.692
-9.0623,-11.2291,-3.9647,-1.4635,-1.0945,2.1172
-6.9243,-10.4509,-1.9704,-1.4635,-1.0945,2.1172
-3.8642,-9.5076,-1.1659,-1.2503,-1.3254,2.1306
0.1915,-7.5324,2.3415,-1.0768,-0.833,2.1936
0.2418,-7.2164,2.5665,-1.0774,0.8688,2.1392
0.4285,-5.6362,3.4069,-0.9455,2.1736,1.7666
-0.0694,-4.1635,3.5266,-0.9119,1.0887,1.1575
0.3519,-3.541,-0.2777,-0.7207,-0.5477,0.7984
0.3519,-3.541,-0.7134,-0.3004,-1.6436,0.5595
0.7829,-3.6942,-4.0964,0.1711,-1.7206,0.3811
1.5322,-3.4715,-4.6399,0.4478,-1.0425,0.2486
1.4748,-3.0406,-3.5458,0.3323,0.322,0.0525
1.2473,-3.019,-2.8395,0.1002,0.5981,-0.2437
0.723,-3.62,-1.8028,-0.1575,0.3648,-0.5497
-0.5817,-4.3263,-1.0438,-0.3456,0.0459,-0.8546
-1.2713,-5.3513,-0.9864,-0.4244,-0.1128,-1.1954
-1.4484,-5.6194,-0.723,-0.392,0.0074,-1.4043
-1.5634,-6.127,-1.1276,-0.2357,0.7808,-1.6071
-1.8004,-6.5795,-1.13,-0.0744,1.3141,-1.7818
-2.6982,-8.0376,-1.5705,0.0623,1.7093,-1.9663
-2.9137,-8.3249,-1.6448,0.187,1.837,-2.138
-4.1156,-9.8596,-2.2768,0.2835,1.7154,-2.3078
-5.4686,-11.2386,-2.3247,0.3452,1.2799,-2.524
-7.6545,-12.079,-0.984,0.3446,0.9989,-2.5967
-7.7287,-12.0527,-0.8882,0.3555,0.8083,-2.5827
-8.0136,-11.5642,0.0191,0.4014,0.7728,-2.5039
-7.9322,-10.9082,0.6153,0.4912,0.9152,-2.3823
-7.19,-10.2379,0.3806,0.6445,1.1192,-2.2528
-7.1541,-10.2546,0.3064,1.0043,1.1913,-2.0738
-6.7423,-10.439,-1.0199,1.2877,1.0056,-1.9675
-6.1342,-10.6449,-2.4037,1.5528,0.7179,-1.8606
-5.8636,-10.9944,-3.5075,1.7312,0.5218,-1.7873
-5.8636,-10.9944,-3.5075,1.8357,0.388,-1.8533
-6.5532,-11.6792,-5.5404,1.8357,0.388,-1.8533
-7.4007,-12.1221,-7.0272,1.7648,0.3623,-1.9847
-8.6673,-12.3184,-8.9498,1.617,0.3678,-2.0445
-9.1222,-12.0359,-8.8157,1.35,0.4778,-2.0482
-9.2874,-11.344,-8.1477,0.9768,0.6934,-1.9767
-9.0001,-10.6281,-6.3473,0.6078,0.815,-1.8136
-6.8046,-10.8149,-2.1164,0.0923,0.8535,-1.4379
-6.4311,-10.9944,-1.7956,-0.1184,0.8486,-1.1301
-5.052,-11.6887,-1.0965,-0.0915,0.7728,-0.8484
-4.0557,-11.7007,-1.2856,0.124,0.5926,-0.6352
-3.8379,-9.6202,-1.0342,0.4136,0.3874,-0.5143
-4.0414,-9.3927,-0.8667,0.6384,0.2732,-0.4783
-5.392,-7.6665,-0.6967,0.7734,0.0704,-0.551
-6.5173,-6.3592,-1.6783,0.7984,-0.3413,-0.5497
-5.6601,-5.131,-3.2393,0.6982,-0.6333,-0.4764
-5.5261,-5.1095,-3.4213,0.4887,-0.7903,-0.3072
-4.7357,-4.8817,-2.9951,0.2596,-0.8544,-0.0904
-4.7357,-4.8817,-2.9951,-0.2442,-0.5593,0.3909
-3.1148,-4.422,-2.3798,-0.2442,-0.5593,0.3909
-2.782,-4.5489,-2.6431,-0.2992,-0.5184,0.5571
-2.1835,-5.0472,-2.8921,-0.3389,-0.3871,0.6774
-2.0207,-5.7966,-2.7892,-0.4012,-0.1904,0.7764
-2.0207,-5.7966,-2.7892,-0.6285,-0.1379,0.8772
-3.3566,-6.953,-0.1364,-0.6285,-0.1379,0.8772
-4.5489,-7.2068,0.4165,-0.6248,-0.4451,0.86
-6.2659,-7.6042,0.0861,-0.5631,-0.7738,0.7764
-10.3767,-8.9809,-3.5769,-0.4134,-1.0377,0.6658
-10.9418,-9.3496,-4.276,-0.1874,-1.2796,0.6609
-12.1676,-10.4174,-6.1964,0.0483,-1.5624,1.0372
-12.5866,-11.2099,-7.518,0.0348,-1.6406,1.4288
-9.4597,-12.5291,-4.2353,-0.1165,-1.4653,1.8454
-9.3376,-12.6991,-4.0174,-0.3475,-0.9479,2.2424
-9.1389,-15.1822,-3.4404,-0.4647,-0.3413,2.5613
-10.0367,-19.4103,-4.0318,-0.4171,0.2176,2.725
-9.9242,-21.716,-3.0166,-0.3743,0.5737,2.78
-9.9242,-21.716,-3.0166,-0.4941,-0.4524,2.6303
-6.8189,-19.2691,-0.5841,-0.4941,-0.4524,2.6303
-4.4939,-16.3506,0.1556,-0.367,-1.1158,2.5802
-2.9759,-12.5315,0.0861,-0.1282,-1.6369,2.4355
-2.8419,-10.6066,-0.1005,0.1124,-1.8984,2.1923
-3.0262,-8.3297,-0.1963,0.3898,-1.7835,1.7935
-3.8738,-7.1038,-0.8164,0.5248,-1.6137,1.6212
-5.562,-6.3138,-2.7198,0.6311,-1.508,1.5448
-5.8828,-5.9163,-3.6535,0.6701,-1.4298,1.601
-6.0624,-5.2028,-5.1023,0.6005,-1.3413,1.788
-5.3704,-4.6327,-6.0288,0.2664,-1.1171,2.152
-3.4739,-3.9193,-5.5356,-0.0768,-0.9045,2.3646
-3.4739,-3.9193,-5.5356,-0.7341,-0.4482,2.513
-2.1404,-3.699,-4.8171,-0.7341,-0.4482,2.513
-1.2425,-3.5913,-4.3143,-0.8978,-0.3462,2.4526
0.1819,-2.6408,-3.2848,-0.9064,-0.3565,2.3121
0.2178,-2.5665,-3.2202,-0.6419,-0.4402,2.028
0.6799,-2.1045,-2.9089,-0.389,-0.2955,1.8503
1.1252,-1.7717,-3.5745,-0.1679,0.0587,1.7092
2.363,-1.6543,-4.0078,-0.0316,0.5438,1.576
2.3894,-1.695,-3.924,-0.119,1.1082,1.4196
2.1643,-2.6503,-2.9041,-0.6309,1.8767,1.0494
1.5442,-5.1478,-1.549,-1.0371,2.0954,0.667
0.0383,-7.6186,0.8499,-1.5319,1.5871,0.1325
-1.2641,-8.7511,1.6783,-1.8386,0.5731,-0.5204
-3.1842,-10.3097,1.8722,-1.7634,-0.494,-1.1618
-4.3382,-11.344,2.4995,-1.4714,-1.2227,-1.6768
-4.4699,-10.2259,3.5577,-1.1159,-0.2722,-2.1581
-4.2209,-9.3305,3.3997,-0.7745,1.2218,-2.3884
-4.0462,-7.9514,2.636,-0.2595,1.917,-2.5845
-4.0581,-6.8165,1.6831,0.2254,1.8034,-2.7653
-4.0581,-6.8165,1.6831,0.7178,0.8064,-2.9761
-4.3478,-6.1126,0.3016,0.7178,0.8064,-2.9761
-4.8027,-6.7734,-1.8363,0.8626,0.253,-2.9419
-4.8195,-8.2626,-5.2723,0.9108,0.1119,-2.9052
-6.5484,-10.8101,-8.7391,0.8082,0.3214,-2.9181
-6.7351,-10.9082,-8.8013,0.5315,0.8211,-3.0494
-8.7535,-11.5044,-7.1158,0.1674,1.3306,-3.2375
-9.3783,-11.5211,-5.4566,-0.3242,1.8083,-3.3744
-8.514,-10.5635,-2.8562,-0.3927,1.4637,-3.2424
-8.514,-10.5635,-2.8562,-0.1972,0.5004,-2.7745
-7.949,-9.929,-1.6974,-0.1972,0.5004,-2.7745
-7.7048,-9.7375,-0.4548,-0.0469,0.3911,-2.5063
-7.5468,-9.0815,1.5969,0.0776,0.9531,-2.2956
-7.5468,-9.0815,1.5969,0.7276,2.763,-1.8032
-6.9698,-8.016,1.9871,0.7276,2.763,-1.8032
-6.2994,-7.949,0.8786,1.055,2.1436,-1.5393
-5.7607,-8.6026,-2.2074,1.2456,1.0612,-1.3555
-5.8708,-9.036,-3.8977,1.3537,0.1595,-1.287
-5.969,-9.534,-5.7799,1.413,-0.2429,-1.251
-6.3425,-9.7542,-6.716,1.3262,0.0056,-1.2046
-5.8014,-9.6465,-6.9027,1.1656,0.2634,-1.116
-5.6458,-9.5579,-6.3329,0.953,0.4607,-0.9645
-5.2148,-9.5028,-4.6543,0.7025,0.6562,-0.7849
-3.6727,-9.589,-2.5234,0.4545,0.6036,-0.5754
-2.2744,-9.7734,-1.9728,0.0941,0.0172,-0.2156
-2.2744,-9.7734,-1.9728,-0.0072,-0.191,-0.1563
-2.6503,-8.6529,-2.7988,-0.0603,-0.103,-0.2003
-3.766,-7.5468,-4.118,-0.0946,0.1223,-0.2614
-7.2236,-6.7016,-2.6455,-0.1624,0.377,-0.3072
-7.4845,-6.7184,-2.3942,-0.3304,0.5798,-0.3292
-9.091,-7.123,-2.2673,-0.5784,0.5468,-0.2351
-8.8732,-8.4159,-3.4572,-0.5307,0.1278,0.0397
-7.0751,-10.0032,-3.5146,-0.4519,-0.1507,0.4282
-5.8541,-10.7789,-3.2632,-0.3896,-0.1867,0.7837
-4.4268,-11.6193,-3.0789,-0.3047,-0.2319,1.0268
-3.6679,-12.0551,-3.3063,-0.1972,-0.4427,1.2101
-3.8067,-11.3488,-3.213,-0.1874,-0.6088,1.1698
-3.924,-10.8747,-3.3063,-0.2094,-0.7811,1.0586
-4.1946,-10.3049,-3.0693,-0.2204,-0.8648,0.9737
-4.4484,-9.9051,-2.5785,-0.2302,-0.7793,0.9474
-4.9586,-9.3113,-2.0805,-0.2424,-0.7115,0.9822
-5.0305,-9.2275,-2.0542,-0.2235,-0.8825,1.0732
-5.3273,-8.8923,-1.695,-0.174,-1.081,1.1252
-5.4758,-8.6984,-1.4437,-0.0933,-1.2588,1.1722
-5.8134,-8.2411,-2.3774,0.0458,-1.4347,1.2357
-5.8277,-8.1908,-2.5522,0.2138,-1.5899,1.2974
-5.8206,-7.9083,-3.0286,0.3672,-1.6888,1.3823
-5.8996,-7.5731,-3.5003,0.3782,-1.6137,1.4471
-6.0025,-7.3935,-3.7924,0.3372,-1.4567,1.4984
-5.9929,-7.4319,-3.8211,0.2578,-1.2502,1.5577
-6.5963,-7.9035,-4.4987,0.1564,-1.0261,1.6224
-7.8317,-8.8037,-5.4279,0.0593,-0.811,1.6713
-8.4638,-10.032,-5.8373,-0.1776,-0.4463,1.7776
-8.7367,-10.8388,-5.8062,-0.3811,-0.2661,1.9144
-8.5236,-11.7725,-5.0353,-0.5661,-0.1635,2.058
-8.0903,-12.3519,-4.1252,-0.695,-0.1366,2.1746
-8.0184,-12.9864,-3.5841,-0.7305,-0.1922,2.2259
-7.7958,-13.051,-3.3063,-0.7115,-0.2203,2.2406
-7.2571,-13.0223,-2.4875,-0.7311,0.0135,2.3243
-6.3856,-12.4309,-1.3479,-0.8111,0.3691,2.4037
-6.0145,-10.7718,-0.9816,-0.8673,0.6214,2.4233
-6.1797,-10.5898,-1.1492,-0.805,0.5444,2.3206
-7.056,-9.8691,-2.6096,-0.6364,0.1913,2.1264
-7.1302,-9.0743,-3.869,-0.3908,-0.5093,1.8606
-4.8626,-7.518,-2.8107,-0.3713,-0.7664,1.7476
-4.3646,-7.2714,-2.5139,-0.4611,-0.7353,1.6542
-2.4277,-6.3449,-0.9145,-0.5655,-0.6174,1.5754
-0.8738,-5.3704,-0.2106,-0.6065,-0.654,1.5192
1.6567,-3.1244,-0.1388,-0.5784,-0.9039,1.4709
1.6567,-3.1244,-0.1388,-0.4537,-0.9802,1.3017
2.6862,-1.7501,-0.316,-0.4537,-0.9802,1.3017
3.0765,-0.9074,-0.3016,-0.3365,-0.5942,1.149
3.098,-0.225,-0.383,-0.1947,-0.0933,0.9443
3.0621,-0.0167,-0.905,-0.0286,0.3935,0.7165
3.2034,-0.1508,-1.6304,0.2034,0.9347,0.3958
3.596,-0.9385,-2.0015,0.2212,1.1485,0.1936
2.8251,-2.2697,-1.8124,0.0965,1.2585,-0.105
2.3558,-2.9305,-1.8531,-0.0469,1.2756,-0.5497
1.039,-3.9456,-1.9009,-0.1324,1.2053,-1.0054
-0.5027,-4.9802,-1.5873,-0.1544,1.1357,-1.441
-3.3854,-8.4566,-1.9393,-0.1104,1.005,-1.9798
-3.8163,-9.0479,-2.0111,-0.0255,0.7906,-2.2913
-6.0001,-11.8372,-2.442,0.0581,0.5083,-2.6474
-8.6194,-13.9728,-2.3774,0.1112,0.3404,-3.0457
-10.6449,-13.8723,-0.1628,0.0904,0.5676,-3.386
-10.6449,-13.8723,-0.1628,0.223,1.8101,-3.0641
-9.0599,-13.1396,-0.4429,0.223,1.8101,-3.0641
-7.8053,-12.6297,-1.5227,0.4832,1.6891,-2.6597
-7.0153,-11.4924,-1.8459,0.694,1.4998,-2.408
-7.0153,-11.4924,-1.8459,0.829,1.377,-2.2803
-6.3736,-10.9394,-1.9536,0.9359,1.22,-2.1893
-5.8182,-10.5539,-2.3032,1.1008,0.848,-2.127
-5.8445,-10.3552,-2.6647,1.1796,0.6256,-2.1667
-5.9953,-10.2953,-2.9448,1.223,0.498,-2.2681
-6.3832,-10.2618,-3.3399,1.2437,0.4644,-2.3713
-6.7639,-10.281,-4.1491,1.2547,0.5108,-2.4526
-7.6306,-10.2115,-5.2723,1.2321,0.5548,-2.5076
-8.0567,-10.0894,-6.1342,1.088,0.6684,-2.5082
-8.4254,-9.4023,-7.4031,0.9444,0.7454,-2.4391
-8.593,-8.6529,-7.1278,0.708,0.8816,-2.3017
-8.5715,-7.3864,-5.3369,0.3519,0.8633,-2.1203
-8.5212,-7.0991,-4.9706,0.008,0.6042,-1.9162
-8.6194,-6.6657,-3.1866,-0.3328,0.2017,-1.6096
-8.708,-6.6442,-1.8579,-0.4354,0.217,-1.4068
-8.2722,-8.1142,-0.656,-0.3768,0.3862,-1.1722
-8.1429,-8.2124,-0.6631,-0.2149,0.5969,-0.8625
-6.6681,-8.7678,-1.1061,-0.0164,0.6354,-0.4648
-5.3752,-8.8995,-1.5658,0.1308,0.4833,-0.0885
-3.1483,-8.9402,-2.2553,0.1992,0.2029,0.2651
-3.1483,-8.9689,-2.4157,0.1857,0.1614,0.3909
-2.6048,-9.2945,-3.371,0.1515,0.209,0.4636
-2.3151,-9.8476,-3.857,0.0978,0.2469,0.5314
-1.9512,-10.1349,-4.0509,0.0061,0.2194,0.6304
-1.6519,-10.4581,-4.3454,-0.0665,0.0563,0.7428
-1.3958,-10.9729,-4.5944,-0.1098,-0.2405,0.8374
-2.8562,-11.3296,-3.0741,-0.1673,-0.3455,0.8081
-4.6088,-10.5683,-2.6695,-0.2118,-0.5771,0.7287
-5.1143,-10.0248,-2.5426,-0.1911,-0.9668,0.667
-5.969,-8.7367,-2.2242,-0.1734,-1.1617,0.609
-6.4981,-7.6018,-2.375,-0.1483,-1.2747,0.6524
-6.4454,-6.5843,-2.6719,-0.1068,-1.2301,0.7855
-6.4454,-6.5364,-2.7437,-0.0555,-1.0615,0.9724
-6.443,-6.5532,-2.9807,-0.0023,-0.8697,1.1673
-6.2443,-6.9458,-3.0382,0.0403,-0.753,1.3518
-6.6418,-8.4111,-3.5745,0.0678,-0.7279,1.5204
-6.6705,-8.4111,-3.6056,0.1088,-0.8568,1.7177
-7.1661,-9.68,-3.8163,0.1167,-0.9656,1.8509
-7.4821,-10.8029,-3.9121,0.1136,-1.0163,1.9822
-6.8022,-12.6704,-3.3782,0.1063,-1.0169,2.1184
-6.7687,-12.7422,-3.3039,0.0959,-0.9418,2.2437
-6.5077,-13.3383,-2.8898,0.102,-0.6553,2.3145
-6.4047,-13.5897,-2.9544,0.1454,-0.4689,2.298
-6.2587,-13.4628,-3.2513,0.1753,-0.2729,2.2479
-6.3592,-13.0223,-3.5242,0.1546,-0.0694,2.1826
-6.06,-12.3184,-3.4811,0.0849,0.1266,2.1197
-5.8445,-11.4326,-2.794,-0.0475,0.2958,2.0824
-5.5476,-10.4557,-2.1523,-0.2424,0.3428,2.0335
-5.3872,-9.9122,-1.9919,-0.2986,0.1803,2.0005
-5.4447,-9.4669,-2.0398,-0.3163,-0.0529,1.9608
-5.7176,-8.9498,-2.4827,-0.3249,-0.2832,1.9083
-7.1469,-8.21,-4.027,-0.3609,-0.4885,1.8582
-7.4462,-8.1908,-4.2042,-0.5112,-0.7157,1.7629
-8.0639,-8.0136,-4.6519,-0.6737,-0.8629,1.6878
-8.0783,-7.4223,-4.1587,-0.83,-1.078,1.5937
-5.8206,-5.3273,-2.1308,-0.918,-1.3804,1.4813
-5.3872,-5.0017,-1.877,-0.9076,-1.6559,1.3744
-3.2225,-3.6607,-0.7062,-0.805,-1.6638,1.2803
-1.5059,-2.7365,0.0526,-0.5594,-0.8342,1.2296
0.2489,-1.7142,0.8044,-0.3829,0.1711,1.2229
0.2489,-1.7142,0.8044,-0.3151,1.2011,1.4245
1.6591,-1.4437,0.6464,-0.3151,1.2011,1.4245
2.9305,-1.6783,-0.1221,-0.3267,0.5065,1.521
3.3854,-1.9943,-1.4221,-0.2711,-0.2881,1.4465
3.4715,-2.3175,-2.0302,-0.1135,-0.7066,0.9547
3.1842,-3.1579,-1.9536,-0.0658,-0.447,0.5632
2.9257,-4.0557,-2.2984,-0.0677,-0.0371,0.1618
1.1085,-4.9993,-1.9704,-0.0756,0.333,-0.2724
0.2968,-5.1813,-1.4915,-0.1324,0.669,-0.7531
-1.0582,-5.4279,-1.0989,-0.2338,1.0172,-1.3976
-1.9871,-5.7631,-1.1659,-0.2344,1.1021,-1.7128
-3.7517,-6.9051,-1.3479,-0.2118,1.2469,-1.9651
-4.015,-7.1637,-1.3766,-0.1819,1.5163,-2.1942
-5.2795,-8.6409,-1.6136,-0.1135,1.7771,-2.4269
-6.886,-10.4054,-2.0015,-0.0109,1.9164,-2.6774
-10.9082,-14.0135,-2.0638,0.2273,1.8229,-3.0659
-11.0471,-14.1811,-1.98,0.3555,1.6727,-3.2302
-11.8372,-14.9835,-1.1013,0.4185,1.5322,-3.1991
-11.5068,-14.9523,-0.1149,0.4826,1.4173,-2.9614
-6.6442,-12.498,-1.1444,0.6109,1.2774,-2.5674
-6.6442,-12.498,-1.1444,0.9298,1.0948,-1.9834
-5.5931,-10.9872,-1.3263,1.1582,1.1278,-1.8228
-4.6351,-9.6489,-1.6807,1.3665,1.154,-1.7574
-3.4668,-8.1932,-2.6312,1.548,1.0807,-1.7238
-3.1004,-7.6689,-3.2632,1.6732,0.9518,-1.7476
-2.94,-7.4702,-3.9791,1.7166,0.8181,-1.8423
-3.1986,-7.712,-4.671,1.6042,0.6501,-2.0751
-3.9576,-8.3297,-6.4119,1.471,0.5126,-2.2498
-4.5801,-8.6577,-7.1852,1.2969,0.4088,-2.4373
-6.3138,-8.9187,-8.7127,1.0599,0.377,-2.6285
-8.0879,-8.9833,-8.9881,0.7825,0.4063,-2.7898
-9.431,-7.9298,-5.8684,0.4594,0.5438,-2.8191
-9.3903,-7.7383,-5.1645,0.0049,0.7527,-2.5436
-9.115,-7.0057,-2.0829,-0.2094,0.8694,-2.1807
-8.5021,-7.3074,1.5849,-0.4617,0.8181,-1.7739
-6.8548,-7.2547,3.4763,-0.8752,0.3678,-1.3518
-6.7495,-7.1733,3.2776,-0.8704,-0.0004,-0.9908
-6.3832,-6.5915,0.1939,-0.1831,0.0728,-0.6206
-6.1749,-6.285,-2.8275,0.4435,0.3129,-0.4373
-4.1299,-7.463,-4.8913,0.799,0.5328,-0.2138
-4.0294,-7.6737,-4.8769,0.7709,0.5823,0.025
-3.3159,-9.7279,-4.1659,0.4606,0.4662,0.1826
-3.0406,-12.407,-3.3016,0.0898,0.3526,0.2425
-3.4117,-14.9308,-3.2225,-0.1666,0.3703,0.2486
-3.4476,-15.582,-4.1371,-0.1367,0.3623,0.3103
-2.9999,-15.0912,-4.6232,-0.0445,0.1504,0.4752
-2.4085,-13.652,-5.0089,0.0092,-0.2087,0.6866
-3.4452,-11.1117,-3.3494,0.0122,-0.6339,0.8222
-3.8786,-10.2714,-3.3159,-0.0707,-0.9949,0.7806
-4.3718,-9.1222,-3.7517,-0.006,-1.1745,0.7709
-4.7644,-8.4326,-3.5601,0.0733,-1.1446,0.7971
-5.8349,-7.8604,-3.4596,0.1283,-0.9851,0.8332
-5.9618,-7.8389,-3.4644,0.1643,-0.8733,0.8943
-6.4478,-7.8365,-3.3901,0.1527,-0.8422,0.9944
-6.3832,-7.9729,-3.359,0.0397,-0.8886,1.2247
-5.8325,-8.3895,-2.8347,-0.0561,-0.8959,1.4147
-5.7224,-8.4685,-2.7724,-0.122,-0.789,1.5955
-5.5165,-8.8827,-2.5833,-0.1343,-0.6455,1.766
-5.404,-9.4526,-2.3798,-0.1031,-0.5502,1.8857
-5.5668,-10.6951,-2.1475,-0.0512,-0.5355,1.9645
-5.5907,-10.7718,-2.1571,0.0513,-0.6742,2.0042
-5.4351,-11.0734,-1.9512,0.1253,-0.8422,1.995
-5.289,-10.9082,-1.8076,0.1833,-0.9912,1.9816
-5.0592,-10.1397,-1.9105,0.2328,-1.0969,1.9596
-4.9898,-9.4238,-2.1236,0.2645,-1.1323,1.9449
-5.2795,-8.0927,-2.2792,0.2645,-1.0615,1.9608
-5.7775,-7.1829,-2.3151,0.2358,-0.9589,2.0292
-5.7511,-7.3576,-2.7892,0.1943,-0.8886,2.2119
-5.8301,-8.0041,-3.3446,0.1509,-0.8746,2.474
-6.9243,-8.7654,-4.6064,0.1069,-0.8972,2.6529
-9.1365,-9.1892,-6.7663,0.0452,-0.8746,2.6597
-11.241,-10.2833,-9.3065,-0.218,-0.6913,2.6206
-11.241,-10.2833,-9.3065,-0.9931,-0.4408,2.7446
-10.1684,-10.5299,-7.4486,-0.9931,-0.4408,2.7446
-8.2195,-10.348,-5.3321,-1.3426,-0.5703,2.7513
-4.9323,-9.5172,-2.2936,-1.4757,-0.9124,2.6395
-4.7285,-9.4597,-2.1978,-1.2974,-1.2136,2.3127
-2.2457,-8.8468,-1.2354,-1.0591,-1.0413,2.116
-0.6512,-8.7894,0.6607,-0.893,-0.0212,1.9199
0.2082,-7.9897,3.3231,-0.8343,1.9775,1.6273
0.2082,-7.9897,3.3231,-0.8624,2.9396,1.2699
0.3088,-6.3377,3.6559,-1.1709,1.7301,1.0293
0.5602,-5.0807,2.7796,-1.1135,-1.0438,0.5479
-0.2896,-4.5513,1.5346,-0.725,-1.5948,0.2223
-0.5889,-4.4795,0.9385,-0.2662,-1.1849,-0.1301
-0.395,-4.0533,0.474,0.1198,-0.4408,-0.353
-0.225,-3.4189,0.067,0.336,0.1192,-0.5021
0.4141,-2.8898,-1.1372,0.4179,0.2719,-0.6969
0.4884,-2.7365,-1.561,0.4545,0.1718,-0.9841
0.5123,-2.6096,-2.1428,0.4423,0.2408,-1.226
0.4788,-2.5594,-2.7198,0.4221,0.4424,-1.466
0.0311,-3.2489,-3.9791,0.3922,0.7087,-1.6951
-0.1244,-3.4668,-4.1108,0.3213,1.0264,-1.9382
-1.9201,-4.6567,-3.5577,0.1112,1.5034,-2.3634
-3.8211,-5.9163,-3.0669,-0.0457,1.6659,-2.6865
-7.214,-8.4422,-3.5841,-0.1178,1.4821,-2.9358
-7.214,-8.4422,-3.5841,-0.196,0.7967,-3.0641
-8.5284,-9.8452,-2.9161,-0.196,0.7967,-3.0641
-8.4302,-10.0631,-1.8842,-0.3016,0.8492,-2.9174
-7.7,-9.7806,-0.4548,-0.3804,1.4674,-2.5674
-7.6952,-9.8093,-0.3303,-0.2632,1.8467,-2.3451
-7.882,-10.4725,-0.395,-0.0304,1.9659,-2.1343
-8.1741,-11.648,-0.8547,0.2627,1.7056,-1.9462
-8.5954,-13.7573,-1.154,0.5248,1.2237,-1.8112
-8.8085,-15.0026,-1.5538,0.8461,0.6128,-1.6982
-9.0791,-16.5349,-1.9632,1.069,0.3434,-1.609
-8.9258,-17.5524,-2.1715,1.2847,0.1889,-1.466
-7.5061,-17.2603,-2.8682,1.4765,0.1229,-1.2663
-6.2084,-16.0345,-3.1172,1.6298,0.1198,-1.0677
