bicicleta
-5.3058,-5.811,0.0526,-0.7189,0.063,-2.6157
-5.7559,-6.5005,0.1101,-0.7213,0.0875,-2.5864
-6.7016,-7.767,0.1795,-0.6859,0.0923,-2.5039
-7.7503,-9.2107,0.3256,-0.6382,0.1687,-2.4129
-9.1341,-10.9968,0.6009,-0.5839,0.3813,-2.3286
-9.4406,-11.5188,0.5674,-0.5038,0.6464,-2.2278
-9.6345,-11.8851,0.7374,-0.2968,0.8914,-2.0128
-9.1557,-11.0351,1.0486,-0.1416,1.0441,-1.8668
-7.1374,-8.5954,1.0007,0.0269,1.2224,-1.7507
-6.9817,-8.3273,0.9337,0.2059,1.3978,-1.6584
-6.1797,-7.4007,0.5219,0.3696,1.4466,-1.5662
-5.7128,-6.7734,0.1675,0.5303,1.2695,-1.4434
-5.3848,-6.6346,0.0215,0.5455,1.0966,-1.3567
-5.392,-6.6705,-0.0071,0.5144,0.8865,-1.2571
-5.404,-7.032,-0.0814,0.4698,0.6006,-1.1429
-5.8996,-7.5923,-0.1867,0.4148,0.2738,-1.0409
-6.3497,-9.1629,-0.1508,0.3501,-0.0554,-0.9572
-6.3497,-9.1629,-0.1508,0.1314,-0.6302,-0.5986
-5.9187,-9.7973,0.0646,0.1314,-0.6302,-0.5986
-5.3752,-10.1277,0.213,0.0684,-0.7896,-0.441
-4.604,-10.415,0.2992,0.0397,-0.9344,-0.3029
-4.2832,-10.4078,0.3375,0.0385,-1.0401,-0.2101
-3.8115,-10.2259,0.4141,0.0703,-1.0706,-0.1692
-3.3806,-9.7782,0.5027,0.1094,-0.9827,-0.1771
-3.2297,-9.1413,0.5889,0.1656,-0.8458,-0.1979
-3.0142,-8.8971,0.6727,0.2407,-0.6925,-0.2083
-2.6168,-8.6074,0.7685,0.3323,-0.5111,-0.1838
-2.612,-8.5739,0.79,0.4423,-0.3168,-0.1459
-3.1172,-9.0144,0.3902,0.6451,-0.1299,-0.1484
-3.1579,-9.1174,0.3064,0.7868,-0.0823,-0.1362
-3.3183,-9.6585,0.0694,0.8956,0.0093,-0.0849
-3.5506,-10.3552,-0.146,0.9554,0.1675,-0.0116
-4.2832,-11.9042,-0.3351,0.9756,0.2921,0.0537
-4.2832,-11.9042,-0.3351,0.9603,0.3911,0.1136
-4.7836,-12.7398,-0.3878,0.8748,0.487,0.215
-5.0951,-13.6783,-0.4764,0.8125,0.4247,0.2913
-5.1957,-14.8422,-0.3782,0.7404,0.3153,0.3726
-5.1957,-14.8422,-0.3782,0.6555,0.1895,0.4471
-4.7524,-14.8015,-0.5147,0.5779,0.0435,0.5082
-4.0533,-14.3104,-0.6751,0.4704,-0.1873,0.5351
-3.5242,-13.5107,-0.5434,0.3934,-0.2643,0.4905
-3.596,-12.8811,-0.4165,0.3122,-0.2918,0.3878
-3.9839,-12.1987,-0.6177,0.267,-0.315,0.2535
-3.8115,-11.8037,-0.8667,0.2499,-0.3211,0.1753
-3.3494,-11.7342,-0.7589,0.2022,-0.2582,0.2156
-3.4021,-11.8899,-0.4979,0.0507,-0.0004,0.2871
-3.4715,-11.988,-0.4572,-0.0316,0.1241,0.2681
-3.3638,-11.9377,-0.8283,-0.064,0.0954,0.226
-1.8794,-11.0686,-0.3256,-0.1019,0.0343,0.1857
-1.7022,-10.8603,-0.1795,-0.218,0.019,0.138
-1.2282,-10.0056,0.328,-0.4256,-0.0603,-0.1038
-0.7996,-9.103,0.7493,-0.4812,-0.3132,-0.3512
-1.0462,-8.2674,1.3551,-0.4873,-0.6681,-0.6023
-1.0462,-8.2579,1.3455,-0.4727,-1.0523,-0.8216
-1.7812,-8.3632,1.0773,-0.4269,-1.5416,-0.9761
-2.4468,-8.8636,0.6081,-0.367,-2.0743,-1.0567
-4.7572,-9.8835,-0.6871,-0.2754,-2.7267,-1.0341
-4.9443,-9.8931,-0.7445,-0.2516,-2.9808,-0.9749
-6.467,-9.6202,-1.0438,-0.2888,-2.9619,-0.9413
-7.1541,-9.1892,-0.5674,-0.3762,-2.7664,-0.8576
-7.2523,-8.9641,0.1651,-0.4776,-2.475,-0.6725
-7.3888,-9.1629,0.5027,-0.5295,-2.139,-0.397
-8.1501,-9.7662,1.719,-0.5582,-1.4384,0.0464
-9.0264,-9.8069,3.711,-0.6407,-0.6681,0.2974
-8.3752,-8.6218,4.5609,-0.7323,0.3202,0.5057
-7.5109,-8.0615,4.1323,-0.7048,1.0514,0.7165
-5.6865,-7.1637,2.6958,-0.5417,1.206,0.9407
-4.2185,-6.3521,1.0917,-0.2039,0.5933,1.2302
-2.4803,-5.4686,-0.9337,-0.0322,0.008,1.3567
-2.3463,-5.3752,-0.984,0.0672,-0.4311,1.4343
-1.7788,-5.0544,-0.9385,0.0972,-0.6052,1.4715
-1.2617,-5.0664,-0.7254,0.0953,-0.6064,1.485
-0.972,-6.4143,-0.1268,0.1039,-0.4732,1.4837
-0.972,-6.4143,-0.1268,0.1582,0.1278,1.4477
-0.7637,-7.4749,0.9313,0.1772,0.7845,1.4306
-0.5578,-8.2626,2.6886,0.1589,1.5627,1.3903
-1.5083,-8.6337,4.1922,0.1393,2.3458,1.2559
-1.5083,-8.6337,4.1922,0.4105,2.8638,0.5674
-2.7317,-8.4302,3.4835,0.4105,2.8638,0.5674
-3.371,-8.514,2.7724,0.5156,2.1369,0.3225
-4.4771,-8.7391,1.3335,0.5883,1.06,0.1154
-5.1167,-8.9115,0.5027,0.6256,-0.0969,-0.0879
-5.8732,-9.2371,-0.1221,0.5926,-1.1152,-0.2577
-6.8118,-9.7063,-0.8523,0.5064,-1.8752,-0.3695
-7.5947,-10.3504,-1.5251,0.3464,-2.5813,-0.3848
-7.6617,-10.4509,-1.5059,0.2199,-2.8171,-0.284
-7.3409,-10.281,-1.4652,0.0764,-2.9167,-0.1282
-6.7136,-9.6824,-1.403,-0.053,-2.8098,0.0348
-5.2364,-8.5356,-0.7158,-0.1611,-2.5068,0.1979
-4.973,-8.4422,-0.6344,-0.2332,-2.0969,0.361
-4.1802,-8.0879,-0.5339,-0.2033,-1.538,0.5858
-3.5936,-7.9083,-0.541,-0.1013,-1.2032,0.6951
-2.8443,-7.8676,-0.5027,0.0324,-0.8287,0.7941
-2.7988,-7.8891,-0.4692,0.1839,-0.3639,0.8796
-2.9807,-8.0591,-0.3232,0.3452,0.239,0.9401
-2.9807,-8.0591,-0.3232,0.6506,2.4955,1.0372
-4.8937,-8.3273,1.2066,0.6506,2.4955,1.0372
-4.9898,-8.3201,1.3694,0.6738,3.4533,1.094
-5.89,-8.368,2.8347,0.6329,4.168,1.1508
-6.2731,-8.4254,4.0701,0.5785,4.5229,1.2003
-5.8732,-8.5428,4.2951,0.5321,4.4393,1.2644
-5.5285,-8.6385,3.8402,0.4698,3.3067,1.3164
-4.9922,-8.7439,2.7916,0.3983,1.931,1.2779
-4.786,-8.8444,1.8291,0.3195,0.4008,1.1801
-5.6673,-8.8109,0.055,0.2761,-0.7854,1.0317
-6.0241,-8.6912,-0.5243,0.2682,-1.4023,0.8961
-6.3616,-8.5835,-0.9959,0.2169,-1.687,0.8772
-6.5388,-8.4973,-1.2593,0.1778,-1.5141,0.9407
-7.7383,-8.6242,-1.8076,0.1576,-1.0774,1.017
-7.87,-8.6888,-1.8602,0.1503,-0.4659,1.0769
-8.1262,-8.8923,-2.0494,0.132,0.1999,1.1594
-8.2267,-9.2179,-2.114,0.099,0.7362,1.2681
-9.1102,-10.6185,-1.6352,0.0318,1.1687,1.4398
-9.1102,-10.7574,-1.5945,-0.0103,1.2762,1.5039
-9.838,-12.1556,-1.4844,-0.0457,1.2994,1.5302
-10.5635,-13.4174,-1.3694,-0.0939,1.3098,1.5088
-8.8851,-13.1348,-1.4484,-0.2131,1.2774,1.4807
-8.605,-13.0056,-1.4628,-0.5814,1.1131,1.5088
-6.9147,-11.9808,-1.2904,-0.9321,1.008,1.6059
-7.1829,-11.15,-0.2322,-1.2259,0.6971,1.6719
-8.2411,-10.7478,0.0454,-1.2784,-0.0413,1.6621
-8.9546,-10.3983,-1.4317,-1.0127,-1.0425,1.6377
-10.5395,-10.0583,-2.9424,-0.4965,-2.2075,1.5913
-5.2986,-9.8596,-0.2274,-0.2851,-1.8544,1.5387
-1.6735,-8.1405,1.616,-0.9785,1.1772,1.4532
-1.0558,-7.9155,2.3558,-1.1068,1.4112,1.3219
-0.0167,-8.6744,3.699,-0.9241,0.8248,1.1453
-1.3239,-9.8883,2.5234,-0.7622,0.5028,0.9999
-5.6506,-10.1517,0.3064,-0.5344,-0.0719,0.747
-5.9546,-10.0176,0.2418,-0.4177,-0.6345,0.2785
-6.7495,-8.7965,-0.3064,-0.4366,-0.4592,0.0433
-6.8572,-7.6761,-0.4836,-0.3071,-0.5044,-0.0775
-4.5896,-5.2675,1.142,-0.2094,-0.5086,-0.0757
-4.0054,-4.9826,1.3838,-0.2137,-0.3468,-0.0134
-1.1468,-4.0342,2.0494,-0.2082,-0.2252,0.0586
0.4141,-3.3039,1.482,-0.0823,-0.3565,0.0482
0.5099,-2.4301,-0.6464,0.1161,-0.4213,-0.0372
0.4213,-2.4612,-0.7015,0.2309,-0.3999,-0.1643
-0.6536,-3.0741,-1.3551,0.1876,-0.271,-0.2944
-1.8171,-4.1443,-1.6615,0.0874,-0.1794,-0.4202
-3.3111,-5.3202,-1.3479,-0.0909,0.0038,-0.6383
-4.2161,-5.5524,-1.3455,-0.2027,0.2438,-0.8436
-4.2161,-5.5524,-1.3455,-0.2619,0.5627,-1.2883
-5.7799,-5.5692,-1.3168,-0.2619,0.5627,-1.2883
-6.4191,-5.6937,-1.3814,-0.2461,0.5175,-1.463
-6.6873,-5.7751,-1.3215,-0.2155,0.3006,-1.6627
-6.862,-5.8876,-1.0989,-0.2326,0.2512,-1.744
-6.5723,-6.0408,-0.8667,-0.2601,0.2579,-1.7629
-6.06,-6.151,-0.8379,-0.2729,0.1937,-1.7195
-6.0265,-6.1438,-0.8331,-0.2625,0.0575,-1.6841
-6.06,-6.2228,-0.9074,-0.2625,-0.0426,-1.7
-6.2084,-6.2731,-0.9169,-0.3249,0.0068,-1.7672
-5.9259,-6.6585,-0.541,-0.3982,0.1058,-1.7739
-5.9067,-6.728,-0.5123,-0.4672,0.1944,-1.7391
-5.6673,-7.0727,-0.4237,-0.5044,0.2341,-1.6878
-5.4351,-7.4031,-0.4165,-0.5057,0.2145,-1.6505
-5.8948,-7.8628,-0.2873,-0.4886,0.1669,-1.6426
-5.9403,-7.8796,-0.2753,-0.4709,0.2426,-1.7226
-6.1533,-8.0974,0.0263,-0.4733,0.3984,-1.7635
-6.1797,-8.1022,0.2729,-0.4562,0.5566,-1.7672
-5.8397,-7.9442,0.3256,-0.4024,0.6378,-1.7452
-5.8972,-7.8269,0.395,-0.3249,0.6818,-1.725
-6.0552,-7.6689,0.4932,-0.2137,0.8987,-1.7501
-6.1031,-7.5971,0.6081,-0.1446,1.0948,-1.7556
-6.0145,-7.5228,0.541,-0.0665,1.1785,-1.7055
-6.0767,-7.4606,0.4046,0.0293,1.0636,-1.6279
-6.3592,-7.4247,0.1843,0.1198,0.8419,-1.5485
-6.3329,-7.5109,0.146,0.1778,0.6586,-1.4581
-5.89,-7.9873,0.3016,0.1967,0.5615,-1.2431
-5.799,-8.0974,0.2777,0.2096,0.4815,-1.0971
-5.5548,-8.2962,0.1963,0.2517,0.278,-0.9669
-5.1741,-8.3153,0.0861,0.3048,0.0306,-0.8613
-4.355,-7.9131,0.1101,0.3439,-0.1275,-0.7947
-4.355,-7.9131,0.1101,0.3782,-0.2002,-0.7623
-4.1395,-7.7862,0.0718,0.4014,-0.2692,-0.7696
-4.2042,-7.8293,-0.0574,0.435,-0.4109,-0.7757
-4.4939,-8.2866,-0.3447,0.4649,-0.5874,-0.7825
-4.5226,-8.3369,-0.3639,0.4771,-0.742,-0.7757
-4.5513,-8.7343,-0.3974,0.4618,-0.8379,-0.7586
-4.3718,-9.1269,-0.316,0.3959,-0.8629,-0.7012
-4.4101,-9.5244,-0.2777,0.347,-0.8629,-0.6731
-4.3646,-9.6632,-0.225,0.3152,-0.8849,-0.6536
-4.2904,-9.7806,-0.158,0.2865,-0.9014,-0.6145
-4.173,-9.8332,-0.1364,0.27,-0.9088,-0.5644
-3.8522,-9.8596,-0.1867,0.2676,-0.935,-0.5119
-3.7253,-9.8117,-0.2394,0.2792,-0.9625,-0.4563
-3.5075,-9.6944,-0.3088,0.2847,-0.932,-0.4483
-3.3039,-9.5268,-0.3543,0.2798,-0.855,-0.4593
-3.189,-9.0839,-0.2729,0.2645,-0.7554,-0.4862
-3.2058,-9.0144,-0.2753,0.2407,-0.6632,-0.5338
-3.3518,-8.7056,-0.2825,0.2157,-0.5966,-0.5955
-3.5434,-8.5068,-0.3495,0.2077,-0.6143,-0.609
-3.8019,-8.4757,-0.553,0.1924,-0.6485,-0.5748
-3.857,-8.5212,-0.5506,0.1595,-0.6766,-0.4996
-4.0318,-8.8516,-0.5722,0.102,-0.6711,-0.3933
-4.1635,-9.3448,-0.3591,0.0196,-0.6296,-0.251
-4.4412,-10.1325,-0.1221,-0.1043,-0.538,-0.003
-4.4005,-10.1828,-0.1292,-0.1544,-0.5575,0.1502
-4.2042,-10.4725,-0.2059,-0.1703,-0.5887,0.3255
-3.8163,-10.415,-0.0957,-0.1587,-0.5868,0.5155
-2.7246,-10.4916,-0.158,-0.1459,-0.4867,0.6982
-2.521,-10.5012,-0.0191,-0.1233,-0.3003,0.8289
-2.6216,-10.7191,0.0574,-0.0939,-0.0212,0.8723
-2.9712,-11.186,0.0694,0.0055,0.289,0.8576
-2.9424,-12.1053,-0.2154,0.0898,0.3147,0.8857
-2.9089,-12.5219,-0.3878,0.1662,0.2701,0.9492
-2.9089,-12.5219,-0.3878,0.2175,0.1742,1.0848
-2.1021,-13.5873,-1.1228,0.2175,0.1742,1.0848
-0.9864,-14.4636,-0.9768,0.1631,0.1253,1.069
-0.7469,-14.624,-0.7972,0.0819,0.1828,0.9822
-0.1197,-15.3282,0.0885,0.0104,0.2909,0.81
0.1939,-15.9292,0.8044,-0.028,0.3116,0.5461
0.1029,-15.8119,0.2633,-0.0109,0.1791,0.2522
0.0718,-15.6706,-0.067,0.0892,-0.1409,-0.0525
-0.6631,-14.3104,-1.5682,0.3348,-0.7597,-0.5094
-3.1459,-12.8404,-2.3918,0.3378,-1.0438,-0.8509
-6.5915,-10.2259,0.9241,0.1216,-1.1299,-1.1771
-6.5915,-10.2259,0.9241,-0.1844,-1.0798,-1.331
-7.8772,-9.4765,2.3894,-0.3762,-0.9906,-1.3103
-8.6768,-9.2969,3.1316,-0.3585,-0.8446,-1.1044
-9.3233,-9.9003,3.6224,-0.2613,-0.8141,-0.8863
-9.2419,-10.4222,3.7062,-0.166,-0.8587,-0.6322
-8.9282,-10.7885,3.8474,-0.0903,-0.9558,-0.3854
-8.6529,-10.7813,3.9049,-0.0261,-1.0218,-0.182
-7.7551,-10.1397,3.2034,0.0532,-1.0108,-0.0158
-6.8932,-9.6465,2.5977,0.2041,-0.9173,0.2541
-5.3465,-8.6553,1.9105,0.2932,-0.7951,0.463
-3.6846,-7.3552,1.0845,0.3788,-0.5728,0.6279
-2.1547,-5.1382,0.0957,0.4692,-0.2582,0.6847
-1.9704,-4.9251,-0.1077,0.5577,0.0954,0.6524
-1.9704,-4.9251,-0.1077,0.7483,0.7026,0.5577
-1.2737,-3.5625,-0.7709,0.7483,0.7026,0.5577
-1.2785,-3.6846,-1.2282,0.7813,0.633,0.5491
-1.3096,-3.7469,-1.288,0.7868,0.3911,0.5357
-1.5682,-4.4747,-1.4724,0.7624,0.1027,0.5064
-1.9273,-5.3154,-1.3144,0.7056,-0.155,0.4447
-2.4756,-6.5316,-1.233,0.5962,-0.3895,0.3207
-2.4756,-6.5316,-1.233,0.5223,-0.4476,0.2406
-2.6575,-7.02,-1.1779,0.4368,-0.4579,0.1551
-2.9568,-7.36,-1.0199,0.3384,-0.395,0.0568
-3.5817,-7.8508,-0.8858,0.2377,-0.2338,-0.0543
-4.1706,-8.186,-0.7709,0.1369,0.0374,-0.1692
-5.2795,-8.696,-0.1867,-0.0384,0.9445,-0.3255
-5.9714,-9.1533,0.4692,-0.1721,1.9921,-0.3842
-6.1869,-9.352,1.3551,-0.2289,2.8315,-0.3463
-6.2419,-9.2682,1.5993,-0.1954,3.2969,-0.2596
-6.8309,-8.9953,1.7525,-0.0897,3.4313,-0.196
-7.3528,-8.5428,1.5394,0.0886,3.256,-0.1508
-7.4271,-7.9179,0.7948,0.1173,2.9323,-0.0751
-7.1996,-7.8532,0.7038,0.011,2.4094,0.0604
-6.1629,-7.6976,0.5578,-0.1856,1.6452,0.2528
-5.2651,-7.6162,0.316,-0.3713,0.6623,0.4495
-5.2651,-7.858,0.0143,-0.4861,-0.3694,0.5607
-5.4135,-7.8939,0.055,-0.5643,-1.5074,0.5125
-6.1438,-8.0256,0.2298,-0.5802,-1.8293,0.4312
-6.6418,-8.0017,0.2609,-0.568,-1.7566,0.3995
-6.2108,-7.767,0.1292,-0.5301,-1.3791,0.444
-6.139,-7.7431,0.1268,-0.48,-0.8837,0.5393
-5.6506,-7.6282,0.0885,-0.4201,-0.4537,0.6401
-5.4542,-7.6976,0.2082,-0.3389,-0.0957,0.7464
-5.3513,-8.1597,0.4692,-0.2937,-0.0212,0.7971
-5.0137,-8.5188,0.5506,-0.2516,0.0294,0.846
-4.4292,-8.8708,0.5578,-0.21,0.0704,0.9071
-3.9312,-9.0934,0.4596,-0.177,0.0667,0.9511
-3.6056,-9.2012,0.3639,-0.1581,-0.0584,0.9651
-3.5242,-9.2251,0.4357,-0.1648,-0.205,0.9682
-3.5242,-9.2251,0.4357,-0.1886,-0.461,1.0164
-3.7038,-9.6369,0.7326,-0.1886,-0.461,1.0164
-3.45,-10.0966,0.8714,-0.1752,-0.4421,1.069
-3.3782,-10.1158,0.8499,-0.1306,-0.3291,1.138
-3.1196,-10.4414,0.7685,0.0031,-0.1153,1.2223
-3.0861,-10.8627,0.6919,0.1124,0.0331,1.2498
-3.5458,-11.727,0.3687,0.2224,0.239,1.2675
-3.5458,-11.727,0.3687,0.3861,0.8657,1.3121
-4.1802,-12.0215,-0.3088,0.3861,0.8657,1.3121
-4.7333,-11.8348,-0.96,0.394,1.3012,1.3096
-6.4837,-11.0591,-1.1516,0.3232,1.3941,1.2736
-6.4837,-11.0591,-1.1516,0.2053,1.3202,1.2186
-7.3409,-10.7335,-0.8738,0.0843,1.2182,1.1966
-7.7455,-10.6688,-0.6177,0.0006,1.2457,1.2247
-7.7958,-10.8244,-0.0766,-0.0445,1.4222,1.3029
-7.779,-10.9226,0.1651,-0.0573,1.7734,1.4446
-7.5324,-11.1237,0.3423,-0.0347,1.8834,1.5039
-7.4079,-11.0112,0.2322,-0.0103,1.7979,1.5326
-7.3816,-10.609,0.0622,-0.0023,1.4949,1.5198
-7.5492,-10.5276,0.0646,-0.0487,1.0868,1.4953
-7.8508,-10.506,0.0119,-0.2241,0.6299,1.5173
-8.4877,-10.6784,0.0263,-0.3169,0.3972,1.5968
-9.6369,-10.5323,-1.7334,-0.3132,0.1046,1.6945
-9.9889,-10.5635,-2.442,-0.1465,-0.541,1.7574
-12.0263,-11.0734,-4.0366,0.1619,-1.7701,1.7641
-11.0232,-11.4733,-4.7309,0.4734,-3.1958,1.7855
-2.8107,-8.8133,0.1364,0.0825,-1.0578,1.8503
-2.4803,-8.5835,0.0622,-0.5576,1.4424,1.8362
-0.9576,-8.3177,0.328,-0.5661,1.1589,1.6279
0.8068,-8.7343,2.7605,-0.488,0.4289,1.441
-0.0598,-8.708,1.8914,-0.5985,0.4521,1.2437
-0.2753,-8.7391,1.6855,-0.513,0.4198,0.9584
-2.7605,-8.8253,0.5602,-0.1428,-0.3071,0.499
-4.3143,-7.9849,0.0287,-0.1043,-0.3547,0.2461
-5.052,-6.6633,-0.5003,-0.031,-0.4751,0.0311
-4.9251,-5.7392,-0.6607,0.0471,-0.662,-0.1307
-4.0294,-4.3861,-0.6129,0.0483,-0.7121,-0.2254
-2.5713,-3.2728,-0.2561,-0.0188,-0.5642,-0.2895
-1.1899,-2.3223,-0.7757,-0.0115,-0.3474,-0.3323
-1.0486,-2.2026,-0.9097,0.0886,-0.1745,-0.4257
-1.4101,-2.4684,-1.0199,0.1381,0.0502,-0.5766
-2.3151,-3.1723,-1.0989,0.1088,0.2347,-0.7861
-4.8793,-4.6758,-1.4532,0.0611,0.2524,-1.0531
-5.2723,-4.9036,-1.4748,-0.0268,0.1589,-1.4514
-6.2204,-5.5716,-1.2066,-0.0939,0.1143,-1.6224
-6.9171,-6.1725,-1.1228,-0.1282,0.0997,-1.711
-7.372,-7.8939,-1.1396,-0.1001,0.0734,-1.7507
-7.2547,-8.0927,-1.1683,-0.0536,0.0905,-1.7342
-7.032,-8.9785,-1.063,-0.0078,0.2255,-1.6982
-6.7447,-9.7662,-1.1085,-0.0109,0.3422,-1.744
-6.455,-9.929,-0.9002,-0.0335,0.4057,-1.8368
-6.4143,-9.8596,-0.8978,-0.0799,0.4271,-1.9657
-5.9762,-8.9617,-0.723,-0.1495,0.4265,-2.0781
-5.3202,-7.9418,-0.3543,-0.2289,0.4277,-2.127
-4.209,-6.546,0.1987,-0.3517,0.5102,-2.0598
-3.6655,-5.89,0.328,-0.3841,0.5707,-1.984
-3.2202,-5.4806,0.5817,-0.3548,0.5981,-1.9199
-3.0957,-5.6099,0.8714,-0.2833,0.625,-1.8973
-3.7493,-6.4311,0.8283,-0.166,0.603,-1.9187
-4.276,-6.9626,0.6679,-0.0054,0.5151,-1.9871
-5.076,-8.107,0.5363,0.2309,0.3611,-2.0952
-5.8253,-9.0982,0.2489,0.3525,0.2897,-2.149
-6.1964,-9.6154,-0.0311,0.4405,0.2402,-2.2046
-6.194,-9.5771,-0.0095,0.4912,0.1999,-2.2608
-6.0001,-9.1222,-0.0047,0.5125,0.1235,-2.3188
-5.787,-8.459,-0.0981,0.5303,-0.1299,-2.3738
-5.3728,-7.2427,-0.1244,0.5333,-0.3443,-2.3793
-5.368,-7.1062,-0.1556,0.5199,-0.5233,-2.4007
-5.4734,-6.5436,-0.2896,0.4936,-0.7096,-2.4514
-5.4758,-6.206,-0.4836,0.4551,-0.9253,-2.4953
-6.3712,-6.1821,-0.565,0.3867,-1.1262,-2.521
-6.4359,-6.2036,-0.541,0.2151,-1.318,-2.5332
-6.941,-6.4454,-0.4405,0.0843,-1.4109,-2.4715
-7.1493,-6.6873,-0.4261,-0.0274,-1.5331,-2.3304
-7.3864,-7.123,-0.4884,-0.1233,-1.7127,-2.1306
-7.4797,-7.4726,-0.541,-0.2045,-1.902,-1.9187
-7.3528,-7.767,-0.6536,-0.3236,-2.1256,-1.6065
-7.1924,-7.9203,-0.7852,-0.4098,-2.1775,-1.419
-6.7711,-8.3153,-0.1723,-0.5051,-2.1036,-1.2308
-6.6059,-8.5332,0.1771,-0.5961,-1.9142,-1.0311
-6.2036,-8.4949,0.541,-0.6431,-1.7066,-0.8277
-5.4973,-8.265,0.5195,-0.6278,-1.5263,-0.6029
-4.6591,-8.277,0.5171,-0.5319,-1.2985,-0.2235
-4.6591,-8.277,0.5171,-0.3914,-1.0187,0.2846
-4.2042,-8.7822,0.5363,-0.3914,-1.0187,0.2846
-3.8929,-9.2419,0.6081,-0.3065,-0.866,0.518
-3.462,-9.9434,0.6751,-0.21,-0.6968,0.7086
-3.462,-9.9434,0.6751,0.1014,-0.1922,1.0048
-3.1651,-10.2307,0.7637,0.1014,-0.1922,1.0048
-3.3734,-10.3983,0.8882,0.2493,-0.0022,1.069
-3.2728,-10.0798,0.8164,0.4093,0.1913,1.1221
-3.2992,-10.0367,0.814,0.5852,0.3795,1.1863
-3.2776,-9.7542,0.8643,0.7514,0.5847,1.2583
-3.3758,-9.4741,0.814,0.9896,0.859,1.4391
-3.5218,-9.3975,0.5889,1.1454,0.9359,1.5925
-3.5673,-9.5028,0.3663,1.2926,0.9537,1.7519
-3.6272,-10.0152,-0.1484,1.4221,0.9103,1.9193
-3.6272,-10.0152,-0.1484,1.5559,0.757,2.2149
-2.8395,-11.3607,-1.2761,1.5559,0.757,2.2149
-2.4851,-11.7055,-1.8746,1.4478,0.6592,2.3664
-2.035,-12.1939,-2.8826,1.2621,0.5804,2.3793
-1.0965,-12.4908,-2.5306,0.9133,0.6702,2.3335
-0.6009,-12.2466,-1.13,0.4105,0.9921,2.2266
-0.6871,-12.1915,-1.1204,-0.0115,1.1931,1.9633
-1.2545,-11.9593,-1.4604,-0.2882,1.0703,1.4563
-1.5442,-11.8085,-2.4995,-0.3548,0.873,1.2082
-0.3495,-12.4405,-2.5689,-0.4739,0.5505,1.0958
-0.2657,-12.5171,-2.4756,-0.7836,0.1779,1.0824
0.5267,-13.415,-1.3072,-1.2528,-0.1195,1.0824
1.2976,-14.5307,1.0726,-1.6981,-0.425,0.9908
2.1499,-15.9723,4.2305,-2.0145,-1.1745,0.6493
2.1499,-15.9723,4.2305,-1.5924,-2.9539,0.0775
1.8459,-16.2045,3.2034,-1.5924,-2.9539,0.0775
1.3144,-16.2668,0.9911,-1.1532,-3.6784,-0.1954
-0.1101,-14.4421,-0.7398,-0.8068,-3.9148,-0.4184
-1.0007,-13.1492,-0.8283,-0.7219,-3.5697,-0.6078
-2.5234,-11.4182,-0.1436,-0.8649,-2.1879,-0.9505
-3.9887,-10.2522,1.3503,-0.9211,-1.2875,-1.1863
-6.1797,-9.692,2.4037,-0.8795,-0.72,-1.3927
-7.2044,-9.8739,2.0231,-0.6981,-0.5722,-1.5723
-9.0767,-10.4964,0.7948,-0.4348,-0.6821,-1.689
-10.4916,-11.2267,0.5051,-0.2039,-0.8959,-1.6273
-11.3009,-11.0088,1.9464,-0.2296,-0.9338,-1.4098
-11.2937,-10.8723,2.2768,-0.287,-0.9204,-1.0958
-10.7167,-10.4198,3.1387,-0.2937,-0.8251,-0.7043
-9.692,-10.4102,3.3087,-0.1862,-0.6717,-0.2651
-8.0639,-10.3264,3.3877,0.019,-0.4934,0.1569
-7.9921,-10.3025,3.4668,0.3446,-0.1146,0.6316
-7.7,-9.7566,4.7524,0.5003,0.2695,0.8387
-7.3912,-8.8516,5.7631,0.6304,0.713,0.9712
-5.2962,-6.7016,4.0605,0.7813,1.0978,1.0427
-5.1478,-6.5891,3.8522,0.942,1.3293,1.0836
-3.6391,-5.787,2.0398,1.0813,1.4069,1.1117
-2.4708,-5.0305,-0.0215,1.1051,1.4259,1.094
-1.5634,-4.173,-0.8307,1.0721,1.4393,1.0372
-1.3,-3.8522,-1.0247,0.9487,1.3135,0.9621
-1.1276,-3.6559,-1.4748,0.8155,1.1082,0.8662
-1.1683,-3.7708,-1.6424,0.6982,0.8071,0.7623
-1.7645,-4.5801,-1.3814,0.4997,0.1137,0.5748
-2.1332,-4.9515,-1.2449,0.3739,-0.3504,0.4117
-2.1332,-4.9515,-1.2449,0.234,-0.7444,0.0897
-3.3997,-6.036,-1.0558,0.234,-0.7444,0.0897
-4.4412,-6.7184,-0.7613,0.1998,-0.6272,-0.0311
-4.5513,-6.795,-0.7086,0.1619,-0.362,-0.1276
-5.234,-7.0631,-0.3471,0.1136,0.3764,-0.2449
-5.9451,-7.1302,0.1723,0.0898,1.0551,-0.3029
-7.0248,-7.3528,0.8475,0.0904,1.7973,-0.3353
-7.0248,-7.3528,0.8475,0.259,3.1656,-0.2412
-7.6928,-7.5851,1.3551,0.259,3.1656,-0.2412
-8.3369,-7.8987,1.6496,0.4466,3.4045,-0.0507
-8.7582,-8.9498,1.3287,0.5547,3.1228,0.091
-8.7535,-9.012,1.3144,0.6109,2.5554,0.2455
-8.5954,-9.3616,1.0989,0.5858,1.8712,0.3866
-7.8915,-9.3855,0.9313,0.4802,1.1418,0.518
-7.1661,-8.9019,0.9792,0.3213,0.4521,0.6169
-6.7878,-8.5787,1.0606,0.124,-0.2802,0.6633
-6.388,-8.1046,1.0462,0.0752,-0.4977,0.686
-5.9642,-7.7431,0.7733,0.0886,-0.4958,0.733
-5.3561,-7.6186,0.4405,0.1295,-0.3908,0.7947
-5.2795,-7.6569,0.4836,0.1619,-0.2454,0.8271
-5.4279,-7.8556,0.8427,0.1833,-0.0823,0.8075
-5.6194,-7.9682,1.2282,0.2138,0.1076,0.7531
-5.8804,-7.9634,1.5658,0.3378,0.4717,0.6731
-5.8756,-7.9729,1.5586,0.4698,0.6598,0.6456
-6.0336,-7.9705,1.2856,0.6164,0.7301,0.645
-6.1533,-8.0496,0.9026,0.738,0.7118,0.6658
-6.0241,-8.1884,-0.079,0.799,0.6336,0.7
-5.9929,-8.2315,-0.1819,0.7483,0.4204,0.7586
-5.6075,-8.4398,0.0047,0.6274,0.2506,0.7855
-5.4782,-8.6074,-0.1101,0.4899,0.1119,0.7745
-5.562,-8.7008,-0.3711,0.4191,-0.0285,0.7195
-5.5428,-8.6936,-0.3303,0.3818,-0.1831,0.675
-5.6482,-8.5954,-0.134,0.3531,-0.2753,0.6444
-5.9786,-8.4207,0.0646,0.3427,-0.1452,0.6017
-6.3952,-8.1405,0.1221,0.3641,0.0752,0.5681
-6.6513,-8.0711,0.1915,0.402,0.3214,0.5626
-6.9171,-8.2626,0.3064,0.4313,0.5224,0.5882
-6.8477,-8.6888,0.1747,0.4496,0.6672,0.6334
-6.9195,-9.2275,-0.1436,0.438,0.7454,0.7385
-6.8764,-9.3496,-0.2154,0.3971,0.7105,0.7874
-6.9817,-9.431,-0.4501,0.3372,0.6036,0.8063
-7.2427,-9.3664,-0.5123,0.2786,0.4228,0.7965
-7.6976,-9.0695,-0.6919,0.2285,0.1785,0.777
-7.8173,-9.0455,-0.7733,0.2016,-0.0627,0.7776
-8.0208,-8.8732,-0.9888,0.1986,-0.2301,0.8234
-8.1693,-8.6481,-1.0582,0.1845,-0.158,0.8943
-7.3002,-8.368,-0.4932,0.1521,0.0325,0.9963
-7.3002,-8.368,-0.4932,0.066,0.5755,1.2577
-6.5915,-8.3632,-0.0287,0.066,0.5755,1.2577
-6.2587,-8.4278,0.1364,0.0544,0.9353,1.3634
-6.2084,-8.9713,0.3016,0.0416,1.0899,1.4636
-6.1988,-9.0168,0.2657,-0.0054,1.1919,1.5021
-6.3329,-9.3137,-0.0909,-0.0775,1.2053,1.5314
-6.6968,-9.5435,-0.7062,-0.1416,0.9763,1.5369
-9.2107,-9.7518,-1.1133,-0.1068,0.2163,1.477
-12.0479,-10.2786,-2.2984,0.2688,-2.0126,1.1887
-12.5171,-10.8771,-3.6224,0.5413,-2.7469,1.0335
-8.945,-9.8715,-0.6943,0.1729,-0.0621,0.8564
-5.9091,-9.206,0.7182,-0.4843,2.2707,0.9266
-5.0496,-9.6297,1.5705,-0.5295,1.4143,1.0396
-3.8881,-10.0248,3.1052,-0.4458,0.6391,1.0348
-3.5098,-9.9625,1.6927,-0.4177,0.6684,1.0128
-3.9193,-9.4047,0.1149,-0.1202,-0.3712,0.981
-4.0222,-9.1365,-0.0287,-0.0897,-0.7994,0.8662
-4.6543,-7.5276,-1.4125,-0.0994,-0.8935,0.634
-4.4364,-5.7679,-2.3654,-0.0115,-1.1708,0.4245
-2.5115,-3.383,-2.0374,-0.072,-1.3394,0.2968
-2.2361,-3.1555,-1.9967,-0.2076,-1.3009,0.2095
-1.3479,-2.2912,-1.616,-0.3157,-1.2227,0.0745
-0.9169,-1.5825,-1.5753,-0.3872,-1.0248,-0.1166
-0.984,-0.8762,-1.8938,-0.3969,-0.7994,-0.3316
-1.0151,-0.8571,-1.9177,-0.4006,-0.5227,-0.5338
-1.7214,-1.2449,-2.2984,-0.4733,-0.1666,-0.7819
-3.1076,-2.3965,-2.7844,-0.6034,0.0087,-0.9419
-4.8003,-4.1491,-2.8347,-0.7861,0.1052,-1.1154
-5.5165,-5.2172,-2.3511,-1.0096,0.1595,-1.2479
-5.8397,-6.479,-1.4891,-1.2192,0.1797,-1.3035
-6.0288,-7.2858,-1.0462,-1.3792,0.2677,-1.3671
-6.0719,-7.7742,-0.5195,-1.3768,0.4033,-1.4465
-5.9115,-7.621,-0.3639,-1.3536,0.6244,-1.5448
-5.4662,-6.886,-0.3734,-1.3132,0.8138,-1.6505
-5.076,-6.0552,-0.1963,-1.2601,0.9237,-1.7415
-4.458,-4.8769,0.2729,-1.2387,1.0826,-1.824
-4.3957,-4.762,0.3519,-1.2265,1.2676,-1.8973
-4.4771,-4.7285,0.5243,-1.1935,1.2603,-1.9321
-5.0424,-5.1693,0.6847,-1.1294,1.206,-1.9792
-7.0392,-7.0536,1.2378,-1.0396,1.1546,-2.0207
-7.1254,-7.1661,1.2761,-0.9284,1.1308,-2.0305
-7.6425,-8.2052,1.4437,-0.6804,1.0942,-1.9468
-8.0017,-9.2778,1.2928,-0.455,1.0997,-1.8723
-8.0017,-9.2778,1.2928,0.0037,0.9506,-1.7959
-7.8963,-9.5938,0.383,0.0037,0.9506,-1.7959
-7.4534,-8.9402,-0.1867,0.1668,0.7185,-1.7782
-7.0488,-8.1621,-0.6512,0.2548,0.4222,-1.7788
-6.2563,-7.3648,-0.8906,0.2523,-0.0029,-1.7672
-5.89,-7.0799,-0.7757,0.1766,-0.1592,-1.7525
-5.7894,-6.9003,-0.723,0.0978,-0.3174,-1.7586
-6.1438,-6.8692,-0.7134,0.0471,-0.5429,-1.7904
-6.1438,-6.8692,-0.7134,0.0031,-0.9198,-1.8112
-6.9602,-7.0344,-0.6584,0.0031,-0.9198,-1.8112
-6.8836,-7.1206,-0.5985,0.0025,-1.0731,-1.7281
-7.02,-7.3959,-0.3567,-0.0048,-1.0468,-1.6242
-7.269,-8.2148,-0.0574,-0.006,-0.9442,-1.521
-7.3074,-8.3536,-0.0407,0.0239,-0.8856,-1.4086
-7.3409,-8.9809,-0.1292,0.0874,-0.9051,-1.2999
-7.3792,-9.4526,-0.1963,0.2028,-0.9308,-1.1563
-7.3935,-9.6848,-0.3687,0.2658,-0.8452,-1.105
-7.3935,-9.6848,-0.3687,0.3006,-0.687,-1.0659
-6.9051,-9.3688,-0.2825,0.3171,-0.494,-0.9932
-6.2515,-9.0623,-0.2657,0.3299,-0.348,-0.8918
-5.5476,-8.8205,-0.3184,0.3501,-0.2814,-0.7904
-5.5165,-8.8157,-0.3327,0.3934,-0.2881,-0.7141
-5.368,-8.8636,-0.3734,0.4209,-0.3443,-0.6902
-5.0688,-8.9139,-0.4979,0.4398,-0.4103,-0.6811
-4.7884,-8.7965,-0.62,0.4411,-0.472,-0.6719
-4.5801,-8.7798,-0.632,0.4136,-0.4842,-0.664
-4.4173,-8.8636,-0.4955,0.361,-0.4561,-0.6469
-4.4651,-9.0815,-0.4309,0.2755,-0.4647,-0.6133
-4.695,-9.6776,-0.4668,0.2413,-0.5526,-0.59
-4.7357,-9.9338,-0.4908,0.2193,-0.6644,-0.5406
-4.8362,-10.3145,-0.5267,0.1979,-0.753,-0.4648
-4.6974,-10.5276,-0.5243,0.1686,-0.7964,-0.3726
-4.1635,-10.3408,-0.6344,0.1112,-0.7884,-0.2278
-4.1299,-10.2833,-0.6464,0.0599,-0.7298,-0.1423
-3.8618,-10.0607,-0.5243,-0.006,-0.6101,-0.0678
-3.62,-9.8308,-0.3878,-0.0726,-0.4579,0.0067
-3.2489,-9.2586,-0.1388,-0.1257,-0.2924,0.0751
-3.1938,-9.1557,-0.0933,-0.1593,-0.1073,0.1563
-2.9257,-8.8516,0.0981,-0.1666,0.1986,0.2803
-2.7269,-8.787,0.2489,-0.1324,0.3941,0.3634
-2.8299,-9.1437,0.4285,-0.0634,0.581,0.4276
-2.8874,-9.194,0.4165,0.0239,0.7942,0.4948
-2.782,-9.5196,0.237,0.1362,0.9824,0.5571
-2.3798,-9.8476,-0.0071,0.3085,1.2047,0.6627
-1.379,-10.1732,-0.3687,0.3824,1.4118,0.722
-1.695,-10.1708,-0.3208,0.416,1.7386,0.7195
-1.798,-10.4533,-0.0909,0.4142,2.1332,0.6432
-1.8938,-10.8077,0.3447,0.4099,2.3666,0.6065
-1.4413,-11.6193,1.7693,0.3843,2.4918,0.6249
-0.9265,-12.0167,2.7437,0.2829,2.3538,0.7226
0.1125,-12.3088,3.6128,0.2193,1.881,0.7483
0.2442,-12.0958,2.9903,0.2279,1.005,0.6737
-1.1563,-11.7941,0.1723,0.3342,-0.2093,0.4459
-1.5083,-11.8611,-0.3136,0.4515,-1.4671,0.1533
-2.1236,-12.2849,-1.0845,0.4734,-2.516,-0.0861
-2.3582,-12.8811,-1.4676,0.2523,-3.3553,-0.2357
-2.3199,-14.3152,-1.8339,0.0397,-3.2942,-0.2351
-2.3175,-14.3798,-1.8387,-0.0946,-2.8244,-0.2247
-2.3175,-14.3798,-1.8387,-0.0103,-1.1928,-0.2425
-1.7764,-14.7871,-1.4939,-0.0103,-1.1928,-0.2425
-0.972,-14.3966,1.039,0.1882,0.0606,-0.3329
-1.039,-14.3224,1.312,0.2786,0.7655,-0.463
-2.9903,-13.245,2.5929,0.3501,1.2084,-0.656
-5.6099,-11.8875,1.6663,0.4893,1.1491,-0.9156
-7.6306,-10.3288,0.2154,0.6237,0.6525,-1.1325
-8.3608,-9.5842,0.0407,0.6139,0.0166,-1.1582
-9.0336,-9.0743,0.4357,0.3525,-0.7176,-0.8814
-9.3017,-9.3233,1.0007,0.1802,-1.0474,-0.6249
-9.5052,-9.8189,1.8411,0.0788,-1.2191,-0.361
-9.4095,-10.0463,2.2697,0.0648,-1.1568,-0.1014
-9.0479,-10.1517,2.7437,0.132,-0.8422,0.1814
-8.2363,-9.9003,2.8107,0.322,-0.0633,0.6334
-5.574,-8.5236,1.2473,0.4893,0.4595,0.9169
-5.0017,-8.1764,0.8475,0.661,0.8584,1.138
-3.6703,-6.8812,-0.1651,0.7789,1.0936,1.2663
-2.9735,-5.7535,-0.6512,0.807,1.2676,1.2889
-2.9735,-5.7535,-0.6512,0.559,1.3471,1.1337
-2.2553,-4.2377,-1.2306,0.3904,1.2628,1.069
-1.64,-3.8091,-1.2928,0.3904,1.2628,1.069
-1.2401,-3.6176,-1.1468,0.2328,1.1217,0.9975
-0.8403,-3.438,-0.8595,0.1234,0.8956,0.9034
-0.8403,-3.438,-0.8595,0.0275,0.2536,0.6291
-0.9504,-3.7205,-0.7565,0.0275,0.2536,0.6291
-1.458,-4.6279,-0.6775,0.0012,-0.2557,0.3469
-2.6431,-5.957,-0.5554,0.0006,-0.5624,0.1459
-3.1148,-6.6705,-0.4429,0.0116,-0.8257,-0.0244
-3.9384,-7.6234,-0.1532,0.0306,-1.0114,-0.1337
-6.2012,-8.0615,1.4676,0.0623,-1.037,-0.2131
-7.8652,-8.2866,2.7198,0.1185,0.0917,-0.3402
-8.4829,-8.3273,2.715,0.2835,2.0758,-0.3744
-9.0408,-8.2938,1.9153,0.5577,3.2676,-0.2938
-9.17,-8.1238,0.6272,0.8021,3.6091,-0.1404
-8.7511,-7.8724,-0.6895,0.8956,3.311,0.0201
-8.7511,-7.9011,-0.62,0.7832,2.6134,0.1508
-8.4231,-8.1022,-0.0071,0.3195,1.2493,0.317
-8.04,-8.435,0.7637,-0.0115,0.3141,0.452
-5.8972,-9.3807,1.4844,-0.2161,-0.5148,0.6102
-5.6458,-9.5268,1.4628,-0.2662,-1.0774,0.7623
-4.6136,-10.087,1.1923,-0.1746,-1.2508,0.8216
-3.7828,-10.6377,0.656,0.0788,-1.1775,0.8668
-3.031,-11.581,-0.1316,0.2212,-1.0896,0.8979
-3.0526,-11.66,-0.2059,0.2994,-0.9662,0.8906
-3.5482,-11.8013,-0.6727,0.314,-0.7866,0.8301
-4.2521,-11.6217,-0.9481,0.2658,-0.5532,0.7476
-4.2521,-11.6217,-0.9481,-0.0866,0.1223,0.532
-6.1581,-10.2139,-0.9768,-0.0866,0.1223,0.532
-6.5268,-9.6321,-0.5817,-0.2283,0.2353,0.4862
-6.3305,-9.3305,-0.2154,-0.3371,0.2609,0.4618
-5.8565,-8.5523,-0.1484,-0.3798,0.1956,0.4746
-5.8134,-8.0543,-0.1604,-0.3664,0.052,0.5051
-5.8014,-7.4007,-0.1292,-0.32,-0.0841,0.4972
-5.7056,-6.7902,-0.0861,-0.2338,-0.1629,0.4978
-5.2555,-5.9977,-0.0574,-0.1721,-0.1556,0.5387
-5.2316,-5.8828,-0.055,-0.1074,-0.1598,0.5919
-5.1286,-5.6745,-0.1364,-0.0384,-0.1757,0.6444
-5.2507,-5.7152,-0.237,0.0165,-0.2191,0.7031
-5.5309,-6.3712,-0.3711,0.0611,-0.2154,0.8032
-5.5309,-6.3712,-0.3711,0.0666,-0.0926,0.8778
-5.6601,-7.0057,-0.3112,0.0544,0.1211,0.9456
-5.4734,-7.7,-0.2394,0.0306,0.3605,1.0036
-5.9163,-9.0216,-0.1604,-0.0005,0.545,1.0561
-5.9786,-9.1126,-0.1651,-0.0371,0.6824,1.0647
-6.546,-9.7949,-0.0742,-0.0988,0.779,1.0329
-6.941,-10.2043,0.067,-0.1453,0.7252,1.0097
-7.111,-10.3025,0.2274,-0.1868,0.5523,1.0012
-6.8668,-10.2187,0.1987,-0.2149,0.2988,1.0085
-6.3138,-10.2139,0.0718,-0.2283,0.0239,1.0439
-5.8038,-10.1828,-0.1771,-0.2393,-0.2973,1.1081
-5.3513,-9.9625,-0.7038,-0.2418,-0.4298,1.138
-5.2699,-9.8763,-0.8882,-0.2412,-0.5258,1.1514
-5.3297,-9.7423,-1.0845,-0.2516,-0.5612,1.1685
-5.4088,-9.7734,-1.1013,-0.2717,-0.5135,1.1948
-6.0432,-10.1373,-1.1947,-0.2931,-0.4066,1.2351
-6.115,-10.1708,-1.3024,-0.3139,-0.0884,1.3005
-6.0911,-10.2618,-1.9225,-0.3493,0.2567,1.3689
-6.5029,-10.6616,-1.6807,-0.4189,0.4845,1.4599
-6.5029,-10.6616,-1.6807,-0.356,-0.4873,1.4172
-10.0272,-11.5738,-1.7477,-0.356,-0.4873,1.4172
-11.8755,-12.1221,-3.541,0.0416,-1.9607,1.2791
-9.2802,-11.8252,-2.7796,0.1643,-2.2533,1.2235
-2.5713,-9.206,0.4812,-0.3413,0.1644,1.3176
-2.4468,-9.1509,0.4022,-0.8074,1.6299,1.4489
-1.1923,-9.2586,1.0797,-0.6798,0.716,1.3096
-0.0071,-9.7518,3.1507,-0.6785,0.1504,1.193
-0.6895,-9.7566,2.4372,-0.7653,0.1736,0.9224
-2.0111,-9.8093,1.9943,-0.535,-0.1018,0.6194
-3.098,-9.5914,1.6376,-0.3798,-0.0615,0.3512
-3.4332,-8.7223,1.1324,-0.2399,-0.0377,0.1777
-3.1842,-6.7998,0.5195,-0.0903,-0.268,0.0476
-2.7772,-5.8445,0.3926,-0.0158,-0.4903,-0.0714
-1.6998,-4.2305,0.2418,-0.0243,-0.5148,-0.2712
-1.1875,-3.0286,-0.0957,-0.0078,-0.4085,-0.4208
-1.8674,-2.4133,-1.5705,0.0819,-0.3162,-0.5699
-2.0159,-2.4899,-1.6759,0.1912,-0.3309,-0.7031
-3.2106,-3.608,-2.0614,0.1955,-0.2735,-0.8619
-5.0951,-5.1406,-2.3032,0.0568,-0.2179,-1.1575
-6.5771,-6.6011,-1.7166,-0.0549,-0.3046,-1.4172
-6.7639,-6.7447,-1.6519,-0.1837,-0.3535,-1.6084
-6.6513,-7.1781,-1.4437,-0.2809,-0.315,-1.7226
-5.969,-7.1541,-1.0797,-0.3383,-0.2105,-1.7599
-4.1778,-6.4239,-0.5051,-0.3933,-0.0407,-1.7953
-4.1252,-6.3856,-0.4836,-0.4183,0.1302,-1.9712
-4.0414,-6.0336,-0.4381,-0.4012,0.1241,-2.1777
-4.5609,-5.9953,-0.462,-0.3859,0.0899,-2.4355
-5.5931,-6.2132,-0.7182,-0.3853,0.0435,-2.6731
-6.0025,-6.4766,-0.5602,-0.4098,0.0068,-2.8221
-6.4047,-6.8668,-0.5267,-0.5124,-0.0108,-2.8429
-6.7854,-7.5156,-0.4812,-0.5686,-0.0493,-2.7995
-7.53,-8.3608,-0.2681,-0.6303,-0.0444,-2.7342
-7.8077,-8.7415,-0.0023,-0.684,0.0117,-2.6707
-8.0687,-8.9977,0.2705,-0.706,0.0685,-2.5668
-8.0759,-9.1629,0.6847,-0.673,0.0722,-2.4385
-7.8604,-9.1437,0.9265,-0.5442,0.1522,-2.2113
-7.8293,-9.1246,0.9409,-0.3878,0.176,-2.061
-7.6258,-9.0048,0.8882,-0.2015,0.1919,-1.9559
-7.5492,-8.6433,0.6991,-0.0243,0.2609,-1.8625
-6.8956,-7.3504,0.6248,0.1399,0.4185,-1.8173
-6.8956,-7.2595,0.6248,0.2676,0.6409,-1.7684
-6.1869,-6.4574,0.5506,0.427,0.9274,-1.6517
-5.5189,-5.5524,0.2968,0.5296,0.9133,-1.568
-4.7309,-5.0472,0.0287,0.6084,0.746,-1.4923
-4.7309,-5.0472,0.0287,0.6671,0.1681,-1.2724
-4.6255,-5.4758,-0.3782,0.6671,0.1681,-1.2724
-5.0137,-6.297,-0.6129,0.6353,-0.3938,-1.1258
-5.5476,-7.3744,-0.6584,0.5559,-0.6742,-1.0525
-5.8134,-8.1046,-0.5195,0.4527,-0.8996,-0.9645
-6.0001,-8.8708,-0.474,0.3507,-1.1097,-0.8594
-6.0312,-9.3185,-0.5482,0.2639,-1.3339,-0.7531
-5.5979,-9.1509,-0.6895,0.1833,-1.5196,-0.6701
-5.2196,-8.8636,-0.565,0.0177,-1.5789,-0.609
-4.6495,-8.2746,-0.2226,-0.1159,-1.4622,-0.5717
-4.2856,-7.8077,-0.0047,-0.2241,-1.3394,-0.5259
-3.5625,-7.4127,0.0837,-0.2833,-1.2844,-0.4483
-3.4093,-7.4199,0.0957,-0.3004,-1.2728,-0.3408
-3.347,-7.6354,0.1077,-0.3004,-1.2374,-0.1979
-3.5625,-7.9969,0.1173,-0.2894,-1.1745,-0.1472
-3.6894,-8.9498,0.2011,-0.2723,-1.0755,-0.0885
-3.6894,-8.9498,0.2011,-0.2522,-0.9369,-0.0006
-3.5817,-9.364,0.2633,-0.2198,-0.7701,0.0916
-3.5338,-9.6848,0.3327,-0.1752,-0.5942,0.1649
-3.2393,-9.8524,0.3902,-0.083,-0.3633,0.2364
-3.2393,-9.8524,0.3902,-0.0072,-0.2539,0.2547
-3.1771,-9.6249,0.4046,0.077,-0.1757,0.2547
-3.2489,-9.2706,0.3591,0.1625,-0.1342,0.2406
-3.4596,-8.8468,0.237,0.2462,-0.1043,0.2309
-3.5338,-8.7175,0.1723,0.3262,-0.0902,0.2467
-3.6942,-8.7271,-0.0263,0.4179,-0.0621,0.3756
-3.8762,-8.9689,-0.2394,0.446,-0.0285,0.5167
-4.0102,-9.6321,-0.2777,0.4374,0.0368,0.6896
-4.0102,-9.6321,-0.2777,0.3354,0.2005,1.0696
-4.094,-10.415,-0.213,0.3354,0.2005,1.0696
-4.3239,-10.8963,-0.2944,0.2566,0.2188,1.2779
-4.0031,-11.5906,-0.7445,0.2254,0.1785,1.4141
-3.9025,-11.648,-0.7996,0.1802,0.1241,1.5632
-3.3375,-11.8252,-0.7206,0.0892,0.1296,1.6994
-2.6886,-11.9928,-0.6727,-0.0463,0.2469,1.7702
-2.375,-12.4429,-0.7996,-0.1746,0.3019,1.7452
-2.3798,-12.4573,-0.8355,-0.3279,0.2884,1.5546
-2.2505,-12.5339,-0.8954,-0.4183,0.2231,1.4184
-1.9704,-12.6704,-0.9696,-0.5179,0.1791,1.3096
-1.4508,-13.1061,-0.5578,-0.623,0.1577,1.2302
-1.2689,-13.1827,-0.4333,-0.75,0.1748,1.1582
-0.3639,-13.6687,0.7158,-0.9516,0.2194,1.0549
1.2186,-14.2242,3.5027,-1.0884,0.1553,0.9883
3.0573,-14.3248,5.8708,-1.1709,-0.1757,0.8857
2.1188,-13.7214,3.7972,-1.042,-1.07,0.6585
1.0175,-13.3575,1.2665,-0.6651,-2.1995,0.2944
0.5817,-13.1947,-0.3615,-0.268,-2.7921,-0.0262
0.8738,-13.1157,-1.4724,0.0367,-2.7059,-0.2932
1.2282,-12.8619,-1.6759,0.0055,-2.2893,-0.4166
1.6903,-12.3639,-1.0366,-0.1801,-1.8122,-0.6017
0.2777,-11.8803,-0.1221,-0.3707,-1.4292,-0.9358
-4.9467,-11.8611,-0.8379,-0.4336,-1.1983,-1.4337
-5.5979,-11.8061,-1.1659,-0.345,-1.1232,-1.9462
-8.1597,-11.4757,-2.4779,-0.1422,-1.0053,-2.3255
-9.9769,-11.1141,-2.624,-0.1361,-0.7854,-2.3017
-12.5938,-10.8077,-0.3615,-0.232,-0.6705,-2.1142
-12.5938,-10.8077,-0.3615,-0.3743,-0.7279,-1.8191
-12.7135,-10.3887,1.2928,-0.5099,-0.8294,-1.4159
-12.7135,-10.3887,1.2928,-0.557,-0.6663,-0.1759
-9.4957,-10.7981,4.2616,-0.557,-0.6663,-0.1759
-9.4406,-10.9082,4.4005,-0.3847,-0.6687,0.2645
-9.1676,-11.7294,5.8852,-0.1233,-0.585,0.5949
-8.1118,-11.672,6.1366,0.1833,-0.2851,0.8845
-5.8804,-10.2043,4.5441,0.5187,0.0349,1.1117
-5.2555,-9.024,3.3351,0.8668,0.2915,1.215
-4.7213,-7.9394,1.8626,0.9689,0.3422,1.2003
-3.7541,-7.8341,0.5147,1.0257,0.446,1.2455
-2.6886,-7.7646,-0.5841,1.0336,0.6562,1.3518
-2.5234,-7.7838,-0.4788,0.9365,0.9555,1.4367
-2.7629,-7.7623,0.2202,0.5657,1.443,1.4037
-2.9065,-7.9729,1.2018,0.2572,1.6519,1.3005
-2.9688,-7.4654,2.5067,0.0067,1.6464,1.174
-2.9328,-7.1948,2.7246,-0.1178,1.3996,1.0225
-2.6527,-6.3497,2.6096,-0.1007,0.9457,0.8692
-2.2577,-5.5859,1.8531,0.033,0.4002,0.7177
-1.8626,-4.0438,0.2681,0.2896,-0.2985,0.4734
-1.8339,-3.7517,0.1436,0.413,-0.5526,0.2907
-1.6998,-3.0166,-0.4118,0.4741,-0.6339,0.1185
-1.6903,-2.4205,-0.9672,0.5046,-0.5899,-0.0262
-2.3918,-2.1523,-1.4341,0.5022,-0.5673,-0.1521
-2.3918,-2.1523,-1.4341,0.4679,-0.6241,-0.2614
-3.0119,-2.6695,-1.4604,0.3641,-0.9002,-0.4086
-4.3502,-3.4979,-1.2856,0.2969,-1.1641,-0.5241
-6.1294,-5.0424,-0.3184,0.2529,-1.2118,-0.6798
-6.6298,-6.1677,0.7182,0.2377,-0.7609,-0.8032
-7.36,-7.5731,1.2162,0.3146,0.0905,-0.8265
-8.5021,-8.5835,0.1699,0.6671,0.9011,-0.6731
-8.6218,-9.3424,-1.0678,0.9072,0.9305,-0.4294
-8.3871,-9.4957,-1.4532,0.9976,0.9463,-0.1081
-7.5635,-9.4717,-1.5897,0.9188,1.1534,0.1692
-7.0129,-9.1748,-1.3958,0.6958,1.4918,0.3182
-6.4143,-8.4494,-0.8786,0.3959,1.7557,0.3475
-6.3042,-8.3416,-0.7924,-0.0445,1.7521,0.3506
-5.7799,-7.8484,-0.2489,-0.2998,1.5169,0.3854
-5.7894,-7.6904,0.3112,-0.5148,1.2841,0.394
-6.7854,-7.8891,1.5873,-0.6767,1.162,0.3414
-6.7854,-7.8891,1.5873,-0.7775,1.1174,0.2755
-7.1493,-7.9562,2.035,-0.8038,1.0709,0.2583
-7.305,-7.858,2.3151,-0.7372,0.9634,0.3115
-5.064,-7.9035,3.3279,-0.6303,0.79,0.4123
-4.8075,-7.9658,3.3159,-0.4996,0.5597,0.5583
-3.8259,-8.3728,3.0885,-0.3163,0.341,0.7189
-2.9712,-8.8995,2.6719,-0.1355,0.176,0.879
-2.5043,-9.4957,1.7956,0.0642,-0.0377,1.0427
-2.5043,-9.8452,1.2282,0.1399,-0.1977,1.0903
-2.7054,-10.245,0.5961,0.1662,-0.3639,1.102
-3.2632,-10.6209,0.0167,0.1637,-0.5117,1.0787
-4.2975,-10.8795,-0.5099,0.1454,-0.6064,1.025
-4.7333,-10.8963,-0.7038,0.1161,-0.5374,0.9621
-5.4375,-10.7119,-0.9935,0.1027,-0.3254,0.893
-6.0336,-10.3791,-0.9935,0.0862,-0.0145,0.8747
-6.4861,-9.6465,-0.8571,0.077,0.3568,0.8796
-6.4885,-9.5651,-0.8379,0.0898,0.7612,0.9071
-6.5771,-9.194,-0.6775,0.1253,1.2102,0.9395
-6.6801,-8.9881,-0.3782,0.179,1.7814,0.981
-7.0081,-9.2083,0.1699,0.2016,1.9976,0.9975
-7.0081,-9.2083,0.1699,0.2071,2.0807,1.0012
-7.1493,-9.4166,0.2777,0.1918,2.0037,0.9987
-7.2738,-9.5555,0.4261,0.1405,1.7967,0.9847
-7.1182,-9.838,0.474,0.0477,1.4613,0.959
-7.1038,-9.8644,0.4788,-0.1373,0.7338,0.959
-6.9195,-10.0176,0.2729,-0.2497,0.2109,0.9883
-6.9458,-10.2546,-0.0885,-0.3108,-0.2441,1.0262
-7.0727,-10.5276,-0.9313,-0.323,-0.4928,1.0708
-6.7615,-10.4342,-1.5011,-0.3255,-0.4402,1.1368
-6.625,-10.3743,-1.4413,-0.3988,0.0251,1.2779
-7.3792,-10.3528,-1.0342,-0.4391,0.1504,1.3243
-9.5699,-10.1253,-0.4501,-0.3633,-0.1519,1.3041
-10.6257,-10.1565,-1.0486,-0.1483,-0.7292,1.2424
-12.7206,-10.8508,-2.2601,0.1937,-1.4653,1.1527
-8.7822,-10.8819,-0.8667,0.4105,-1.7383,1.1184
-3.1531,-9.771,1.3838,-0.2357,1.4705,1.3182
-2.9544,-9.9266,1.1492,-0.4831,1.3605,1.4239
-1.5083,-10.9537,2.1883,-0.3291,-0.0358,1.3445
-1.209,-11.2961,2.533,-0.2949,-0.3804,1.2925
-3.936,-11.6385,-0.2944,-0.1514,-0.0444,1.1386
-4.2736,-11.66,-0.3303,0.2132,-0.0273,0.8124
-5.1286,-10.9633,-0.0047,0.1815,0.0227,0.6169
-4.9132,-9.206,0.146,0.1515,-0.1403,0.4379
-1.5897,-4.4843,0.2585,0.2083,-0.5911,0.3103
-1.5897,-4.4843,0.2585,0.2419,-0.9564,0.2327
0.0981,-2.2768,-0.0311,0.2664,-1.2472,0.0897
-0.2274,-0.7445,-1.3263,0.3513,-1.3681,-0.3304
-1.0247,-0.1843,-2.7461,0.4673,-1.4506,-0.6029
-1.1396,-0.3639,-3.3207,0.4789,-1.461,-0.7464
-1.312,-1.5131,-3.4093,0.3342,-1.2967,-0.8148
-2.3702,-3.5889,-3.0717,0.0691,-0.9503,-0.9224
-3.1675,-6.297,-2.6934,-0.2106,-0.6406,-1.138
-3.6966,-7.2116,-2.8826,-0.5411,-0.6638,-1.5271
-4.6208,-8.3369,-2.9233,-0.7555,-0.8318,-1.8735
-5.8182,-8.6313,-2.1116,-1.0726,-0.8049,-2.2363
-5.9498,-8.3249,-0.9768,-1.4293,-0.5685,-2.5253
-5.7894,-8.1381,-0.9624,-1.6779,-0.4494,-2.5864
-4.9155,-7.19,-0.632,-1.8868,-0.3791,-2.5167
-4.7141,-6.5652,-0.0694,-2.0072,-0.0865,-2.5686
-5.9044,-6.4981,1.0342,-2.0799,0.3556,-2.7
-6.0719,-6.5819,1.1803,-2.0573,0.8003,-2.7959
-6.7639,-7.1062,1.9273,-1.9381,1.1937,-2.7885
-7.2882,-7.7287,2.5905,-1.728,1.6042,-2.6823
-7.9873,-9.3281,2.7724,-1.2131,2.2664,-2.4795
-7.9873,-9.3281,2.7724,-0.7494,2.5706,-2.3573
-8.0328,-9.6704,2.0805,-0.2516,2.578,-2.2412
-7.7862,-9.4023,1.3192,0.1839,2.413,-2.1471
-7.2044,-8.4709,0.5147,0.4887,2.2401,-2.0867
-6.886,-7.8413,0.0407,0.7117,1.7417,-2.0323
-6.2276,-6.9099,-0.4453,0.7233,1.2084,-1.9987
-5.6506,-6.1462,-0.5961,0.6359,0.5896,-1.9425
-5.1119,-5.574,-0.213,0.5052,-0.1,-1.9028
-5.1406,-5.5165,-0.1795,0.3733,-0.808,-1.8906
-5.4566,-5.7463,-0.2154,0.2835,-1.4708,-1.9077
-6.2539,-6.1438,-0.3088,0.1802,-2.2734,-1.9547
-7.4917,-7.0129,-0.1029,0.0941,-2.6112,-1.9572
-7.5971,-7.1541,-0.0335,-0.0017,-2.7517,-1.8747
-7.6449,-7.5827,0.0933,-0.0866,-2.764,-1.6914
-7.3696,-8.2387,0.0861,-0.1306,-2.7853,-1.419
-7.0512,-9.2395,0.316,-0.141,-2.7933,-1.1026
-6.9051,-9.3352,0.3064,-0.1117,-2.6638,-0.6847
-6.0121,-9.4645,0.3495,-0.0561,-2.5147,-0.4563
-5.2459,-9.5028,0.3447,0.0147,-2.3021,-0.2528
-4.0869,-9.6178,0.407,0.0923,-2.0529,-0.0842
-4.015,-9.6106,0.3998,0.1784,-1.7988,0.0574
-3.4213,-9.5435,0.3758,0.3287,-1.3999,0.1985
-3.0478,-9.2562,0.3256,0.435,-1.1171,0.2217
-2.7269,-8.684,0.2777,0.5425,-0.8287,0.1954
-2.7126,-8.344,0.2896,0.6445,-0.5367,0.1472
-2.8251,-7.9753,0.2657,0.7447,-0.2942,0.0971
-2.7533,-7.7,0.2082,0.8467,-0.1201,0.0659
-2.7581,-7.5947,0.0167,0.9951,0.0453,0.0653
-2.9089,-7.6832,-0.1412,1.0788,0.0972,0.0623
-3.1268,-7.9083,-0.3495,1.1442,0.1406,0.0629
-3.2944,-8.4039,-0.5554,1.1863,0.1974,0.0897
-3.596,-9.352,-0.6991,1.1985,0.3013,0.1441
-3.6703,-9.4909,-0.6943,1.1711,0.4912,0.2266
-3.9384,-10.1134,-0.7685,1.1259,0.6226,0.2712
-4.1108,-10.6616,-0.9576,1.0599,0.7331,0.3164
-4.3263,-11.2338,-1.3886,0.9695,0.8199,0.364
-4.3335,-11.241,-1.4245,0.8467,0.9317,0.4135
-4.1635,-11.0662,-1.5131,0.672,1.0777,0.477
-3.5793,-10.8053,-1.4053,0.3048,1.308,0.6151
-3.3159,-10.4988,-0.8475,0.0275,1.4198,0.6884
-3.3159,-10.4988,-0.8475,-0.2198,1.4729,0.7006
-3.2154,-10.4749,-0.6679,-0.4147,1.4595,0.7024
-2.9951,-10.6401,-0.7182,-0.5723,1.391,0.7415
-2.8826,-10.992,-0.9026,-0.6999,1.289,0.7849
-2.8993,-11.2722,-0.8954,-0.8795,1.173,0.8112
-2.9975,-11.8348,-0.7038,-1.0261,1.1717,0.8246
-2.8706,-12.4956,-0.5865,-1.1935,1.1669,0.8497
-2.5737,-13.6328,0.0287,-1.3645,1.0844,0.8613
-1.9416,-14.3583,0.9624,-1.5356,0.9237,0.8411
1.4987,-15.8119,6.2802,-1.7812,0.534,0.8032
5.6362,-16.4248,11.9976,-1.9308,0.0447,0.7507
0.292,-13.075,2.782,-1.6999,-1.2502,0.4373
-0.2801,-12.8643,1.8171,-0.9632,-2.9869,-0.1527
-1.6903,-12.7015,-0.5147,-0.3328,-3.8745,-0.5424
-2.0685,-13.0846,-1.9105,0.0416,-3.8366,-0.6493
-1.6472,-13.8723,-3.5649,0.3433,-2.7133,-0.5699
-1.4652,-14.0111,-3.7541,0.4038,-1.8122,-0.54
-1.2018,-14.1955,-3.7588,0.3299,-0.9796,-0.5803
-1.5059,-14.1308,-2.4061,0.1515,-0.2533,-0.7147
-4.1754,-13.1564,2.363,-0.0915,0.2231,-0.8973
-4.1754,-13.1564,2.363,-0.3071,0.3178,-1.1508
-5.787,-11.9473,2.138,-0.2436,0.0361,-1.2797
-6.8548,-10.6377,1.1276,-0.0958,-0.4048,-1.309
-7.9705,-9.4621,1.1875,-0.0139,-0.7927,-1.2272
-8.4422,-9.3616,1.5945,-0.0261,-0.9967,-1.0622
-9.2323,-9.8524,2.1188,-0.0457,-1.0694,-0.8399
-9.7063,-10.4869,2.7078,0.0061,-1.1128,-0.4612
-9.2443,-10.032,3.5577,0.0831,-1.0352,-0.2015
-8.5595,-9.5483,3.45,0.2083,-0.7732,0.0629
-6.7734,-8.6266,2.4325,0.3946,-0.348,0.3152
-5.0784,-7.6282,1.0989,0.6121,0.085,0.5369
-3.0957,-6.4814,-0.1604,0.8009,0.4631,0.6969
-2.7892,-6.2324,-0.3064,0.9438,0.8229,0.8063
-2.1715,-5.8229,-0.565,0.9658,0.8822,0.8161
-2.0853,-5.6458,-0.6727,0.9499,0.8284,0.7776
-2.8131,-5.6817,-1.2162,0.9108,0.7197,0.7061
-2.8874,-5.6817,-1.288,0.8497,0.5493,0.6371
-3.1435,-5.7655,-1.4987,0.6866,0.2707,0.6157
-3.3638,-5.8636,-1.7405,0.5187,0.0978,0.6401
-3.8355,-6.1174,-1.5993,0.3012,-0.0181,0.6658
-3.8762,-6.127,-1.5682,0.0452,0.0416,0.6682
-3.9719,-6.3808,-1.1563,-0.2137,0.286,0.6389
-3.8067,-6.4215,-0.7924,-0.4428,0.6525,0.6053
-3.4476,-6.364,-0.2346,-0.6627,1.0893,0.554
-3.5314,-6.0743,0.2561,-0.7128,1.2224,0.4776
-4.0821,-5.7056,1.0582,-0.6877,1.2823,0.3543
-5.1933,-5.3393,2.0398,-0.5961,1.3849,0.2119
-6.4215,-5.2052,2.6791,-0.4293,1.6604,0.0928
-6.4215,-5.2052,2.6791,0.2731,2.57,0.0794
-7.0057,-5.2675,1.7549,0.2731,2.57,0.0794
-6.9722,-5.3848,1.2641,0.4991,2.5187,0.1722
-6.9722,-5.3848,1.2641,0.5358,1.7985,0.3628
-7.2762,-5.9451,1.0558,0.5358,1.7985,0.3628
-7.0488,-6.5963,1.4796,0.3623,1.2145,0.4984
-5.8397,-7.712,1.7357,0.0904,0.1406,0.8026
-4.3742,-10.0774,1.1468,0.0037,-0.5911,1.025
-4.3071,-10.3456,0.9864,0.008,-1.1336,1.1502
-4.2688,-11.3775,0.2561,0.0862,-1.4048,1.1832
-4.7788,-11.8132,-0.4572,0.1772,-1.4304,1.1881
-5.5859,-11.3344,-1.5729,0.2462,-1.2918,1.1759
-5.5859,-11.3344,-1.5729,0.2401,-1.0181,1.1789
-5.5069,-10.8053,-1.7573,0.157,-0.7945,1.1924
-5.3513,-10.2666,-1.7573,0.0391,-0.541,1.1972
-5.3178,-9.8524,-1.6496,-0.0787,-0.2704,1.1838
-5.3752,-9.5651,-1.3527,-0.1758,-0.0016,1.1612
-5.459,-9.4071,-0.7733,-0.279,0.4094,1.1374
-5.7272,-9.3831,-0.3423,-0.2986,0.7081,1.1264
-5.5476,-9.6632,0.2537,-0.2595,1.0184,1.1343
-5.3106,-9.85,0.3687,-0.1807,1.3306,1.1783
-4.841,-10.1349,0.4141,-0.0781,1.5743,1.2351
-4.367,-10.5156,0.3639,0.0135,1.6641,1.2883
-4.3263,-11.1285,0.1364,0.0813,1.5486,1.3127
-4.422,-11.1548,0.1173,0.0587,1.3794,1.2779
-4.9108,-10.8723,-0.1436,-0.0133,1.162,1.2058
-5.7583,-10.2929,-0.4979,-0.1104,0.9017,1.1123
-6.9841,-9.3352,-1.5538,-0.199,0.6152,1.0079
-7.0272,-9.2347,-1.64,-0.2607,0.2218,0.9089
-7.0057,-8.7918,-2.0015,-0.2687,0.0386,0.9053
-6.9578,-8.4087,-2.1883,-0.2754,-0.0694,0.9095
-8.3871,-8.3943,-1.8602,-0.2876,-0.1354,0.8985
-8.3871,-8.3943,-1.8602,-0.2949,-0.1153,0.8527
-9.0336,-8.8325,-2.2361,-0.2851,0.0893,0.8179
-8.8181,-9.455,-1.9632,-0.3432,0.6934,0.9615
-8.9378,-9.9362,-1.0151,-0.4305,0.7832,1.1154
-9.1868,-10.2019,-0.905,-0.4177,0.3385,1.2198
-10.7718,-11.0902,-2.0063,-0.2381,-0.7279,1.2455
-12.6297,-12.7254,-4.1874,0.0422,-2.078,1.1808
-4.7524,-11.5642,0.7398,-0.1373,-1.2368,1.1606
-3.0358,-10.7957,1.6184,-0.8777,1.1064,1.3909
-2.3846,-10.2546,0.6081,-0.9657,0.49,1.4043
-1.2761,-10.9346,1.1324,-0.6859,-1.0346,1.2486
-1.628,-10.2403,0.96,-0.6437,-1.5154,1.2192
-1.9464,-9.9865,0.3926,-0.5887,-1.1085,1.0977
-3.0142,-9.3233,-0.2896,-0.1978,-0.527,0.6939
-3.7205,-9.0384,0.1891,-0.1709,-0.0713,0.4923
-4.7213,-7.882,0.1675,-0.1618,0.0532,0.2974
-4.592,-7.6641,0.4309,-0.1001,-0.2313,0.1331
-3.2632,-6.2635,1.2904,-0.1532,-0.3236,0.0781
-1.6927,-4.9898,1.5107,-0.1844,-0.2619,0.0445
0.4788,-3.0382,0.3854,-0.0237,-0.1128,-0.036
0.4788,-3.0382,0.3854,0.3751,0.0251,-0.2021
-0.1101,-2.6575,-0.4548,0.3751,0.0251,-0.2021
-0.6919,-3.134,-0.8882,0.4582,0.0025,-0.4031
-2.1068,-4.4603,-1.6448,0.4631,-0.0578,-0.62
-3.0166,-5.5309,-1.9201,0.4185,-0.1464,-0.981
-4.1299,-6.4,-1.98,0.303,-0.0902,-1.1814
-5.0544,-6.8692,-1.9393,0.1924,-0.0872,-1.3665
-5.866,-7.3792,-1.7334,0.113,-0.1434,-1.499
-6.0696,-7.6138,-1.6998,0.0629,-0.2038,-1.5552
-5.9163,-8.0256,-1.6352,0.041,-0.26,-1.5522
-5.9163,-8.0256,-1.6352,-0.0665,-0.0108,-1.6884
-5.6841,-9.2036,-0.9504,-0.0665,-0.0108,-1.6884
-5.6506,-9.2395,-0.9457,-0.108,0.1345,-1.8454
-5.5261,-9.17,-0.8188,-0.1434,0.2212,-1.9706
-5.2986,-8.7175,-0.5626,-0.1837,0.2774,-2.0812
-5.2986,-8.7175,-0.5626,-0.2705,0.3923,-2.2009
-4.2592,-7.1086,-0.2394,-0.2705,0.3923,-2.2009
-3.9719,-6.5532,-0.1005,-0.2821,0.4247,-2.2308
-4.0749,-6.5795,-0.1005,-0.2638,0.4088,-2.2821
-4.9323,-7.3624,-0.0981,-0.2241,0.3355,-2.3292
-5.0065,-7.4342,-0.0837,-0.1837,0.275,-2.3701
-5.5452,-7.8628,-0.0766,-0.1324,0.2597,-2.4202
-5.9115,-8.1908,-0.0694,-0.0964,0.2683,-2.4288
