andar
-0.5626,-1.2042,-3.2824,0.2795,-2.3438,0.1
-0.5937,-1.2641,-3.2513,-0.0332,-2.3719,0.1629
-0.9169,-1.7094,-2.8275,-0.3539,-2.2992,0.2814
-0.5722,-1.9009,-2.1356,-0.6856,-2.097,0.4457
0.5674,-1.7549,-0.395,-1.0332,-1.7793,0.6412
1.0702,-1.9273,1.5275,-1.553,-1.1324,0.8862
1.5227,-3.3255,4.3119,-1.8364,-0.703,0.9656
3.924,-6.218,9.589,-2.0344,-0.3847,1.0389
7.1733,-11.8444,17.6937,-2.1523,-0.2564,1.0908
8.1621,-15.4192,19.8197,-2.0631,-0.2467,0.9973
9.4526,-21.4191,22.8556,-1.7815,-0.56,0.7512
8.5906,-27.7544,20.7918,-1.2634,-1.8038,0.1372
-0.8379,-24.1245,10.3073,-0.4919,-2.4617,-0.4778
-1.6424,-21.9147,8.5739,0.6234,-2.3303,-0.9799
-1.6424,-21.9147,8.5739,2.3118,-0.8575,-0.2646
3.0166,-4.9179,3.2154,2.3118,-0.8575,-0.2646
8.8396,-9.1078,7.87,2.2673,-0.7054,0.0529
8.4135,-11.2578,7.2092,2.0113,-1.6278,0.0138
4.2353,-18.9985,3.0526,1.858,-2.6437,-0.1974
-1.0893,-20.3417,-8.095,1.5703,-2.3743,-0.4363
4.0964,-6.7375,-2.4205,1.0156,-0.8508,-0.4613
4.0964,-6.7375,-2.4205,-0.0026,0.2236,-0.1882
2.6815,-0.8858,-6.6082,-0.269,0.8442,-0.0697
2.9472,-0.0454,-17.2077,0.2239,1.2639,-0.0209
8.9019,-2.5761,1.5418,-0.1199,2.3079,0.3437
10.2187,-5.7415,10.5611,-1.2592,2.1521,0.6272
1.9728,-9.8835,-1.9081,-1.5408,0.3238,0.5752
-9.929,-11.1309,-12.905,-1.1413,-1.4152,0.2075
-11.1572,-12.9936,-10.6736,-2.1113,1.4997,0.3816
-8.1549,-13.3599,-5.0927,-3.5182,5.0977,0.9808
-5.9355,-13.9225,2.9879,-4.3086,6.587,1.2191
-4.039,-13.9201,4.2137,-4.1351,6.2522,0.976
1.0606,-11.8755,-1.5155,-3.2872,4.6866,0.6699
0.9552,-11.5571,-2.1571,-2.093,1.9383,0.2185
0.7565,-10.1924,-2.7174,-1.7607,1.3525,-0.2426
1.3527,-10.1876,-1.2306,-1.8871,1.3568,-0.6342
0.7278,-8.9258,-0.3327,-2.217,1.3054,-0.9359
0.7278,-8.9258,-0.3327,-2.7271,1.3537,-1.1076
2.4013,-8.957,0.0071,-2.7271,1.3537,-1.1076
3.5194,-9.0168,-1.1061,-2.7796,1.8106,-0.0093
0.0814,-9.2802,-2.2984,-2.6886,2.1881,0.5991
0.0814,-9.2802,-2.2984,-2.7399,2.4801,0.5532
-1.6232,-10.2738,-2.217,-2.8053,2.6579,0.2753
-2.3965,-10.8915,-0.3998,-2.7497,2.62,0.0658
-2.375,-9.9553,0.7924,-2.4656,2.0263,0.0279
-2.1523,-9.2275,0.644,-2.0845,1.2767,0.056
-1.3623,-8.1932,-0.3998,-1.6666,0.5095,0.0676
-1.1061,-8.1381,-0.9744,-1.4186,-0.0121,0.0847
-0.9576,-8.4901,0.3878,-1.5182,-0.0182,0.089
-0.5817,-8.5547,0.9289,-1.8071,0.5406,0.1348
0.7613,-8.4135,1.3192,-1.9659,1.708,0.3138
1.2234,-7.9155,0.4261,-1.8273,2.0593,0.3187
0.5865,-7.0967,-2.1835,-1.5664,2.1503,0.1922
0.5027,-7.0177,-2.1643,-1.4003,1.9499,0.0627
0.3878,-7.4678,-1.1013,-1.4925,1.4734,-0.0093
0,-8.8803,0.2944,-1.8316,0.5315,-0.0875
-1.3335,-11.0543,1.5945,-1.9507,0.0746,-0.1638
-1.4508,-11.1165,1.6256,-1.9287,0.0483,-0.2432
-1.4149,-11.2051,1.8459,-1.87,0.4142,-0.3043
-0.2059,-11.2961,2.5594,-1.8474,0.9059,-0.3098
0.9337,-10.9082,3.4213,-1.7778,1.2792,-0.2286
0.905,-10.9441,3.4165,-1.4278,1.3122,-0.2377
-0.2394,-11.5738,3.7277,-1.0973,0.9811,-0.3342
-2.8969,-12.7422,3.8187,-0.8175,0.4906,-0.5028
-6.8548,-14.1763,1.8411,-0.5591,0.1155,-0.6794
-8.1238,-15.2803,-0.2633,-0.3398,0.1668,-0.7252
-8.1214,-16.3075,-1.4077,-0.1944,0.7905,-0.589
-4.6495,-16.6283,0.0335,-0.1004,2.234,-0.2176
2.1164,-14.938,4.0438,-0.2445,2.2596,0.1696
2.9305,-14.1189,4.4149,-0.3569,1.2108,0.373
0.4572,-13.2282,3.1387,-0.112,-0.0194,0.2319
-3.5314,-12.1867,2.9113,0.2984,-0.8575,0.0438
-4.8099,-13.494,3.8594,0.7749,-0.9852,0.0303
-4.6639,-13.8124,3.8187,1.1677,-0.5173,0.1543
-3.6798,-14.0111,2.1475,1.7254,-0.0408,0.2496
-2.114,-12.7494,0.474,2.3015,0.1234,0.3138
2.4995,-11.1596,-1.3144,2.6997,0.099,0.3877
3.2417,-11.1907,-1.2689,3.0052,0.0116,0.4763
6.1725,-12.8116,-0.4189,3.3754,-0.5075,0.5655
7.2978,-14.7824,-2.138,3.657,-0.8887,0.5612
3.9097,-17.1143,-8.5523,3.9765,-1.2082,0.395
3.9384,-17.1957,-8.3752,4.0436,-1.1709,0.2032
3.7397,-16.9515,-5.4973,3.649,-0.4092,0.3382
5.7942,-16.5205,-1.6998,2.9655,1.0464,0.8367
7.4917,-15.5509,1.5586,2.7908,1.4313,1.0725
7.111,-15.2971,2.1332,2.8928,1.5828,0.9448
8.0256,-16.5325,-1.8387,3.1347,1.4288,0.6534
8.0256,-16.5325,-1.8387,3.1897,-0.1153,0.1452
0.6512,-15.5269,0.5458,3.1897,-0.1153,0.1452
0.6512,-15.5269,0.5458,2.1823,-5.414,0.2667
-0.316,-14.9619,7.1733,2.1823,-5.414,0.2667
-3.4476,-13.4605,2.3846,2.9899,-6.0798,0.1598
-5.3728,-11.4086,-3.2058,3.8744,-5.0951,0.0132
-4.7836,-11.1333,-3.3207,4.3283,-3.0395,0.1104
-3.6966,-9.4502,-3.4907,4.2355,-1.1898,0.4421
-1.3958,-6.3904,-3.6128,3.5299,-0.8313,0.8642
0.0814,-2.4372,-3.7732,3.0553,-1.5539,0.9509
-0.0526,-2.2146,-3.6798,2.7352,-2.122,0.7903
-0.7062,-1.7501,-3.7181,2.5055,-2.2943,0.4592
-0.5147,-1.4652,-3.6774,2.2654,-2.276,0.147
-0.1173,-0.7805,-3.2824,1.9294,-2.1507,-0.1241
-0.0694,-0.7805,-3.2824,1.6729,-2.0041,-0.1919
0.0694,-0.3663,-3.3016,1.4285,-2.0353,-0.2212
0.3375,-0.3615,-3.6367,1.263,-2.1177,-0.2542
0.383,-0.3064,-4.1563,1.1341,-2.1587,-0.2725
0.2035,-0.2657,-4.4149,0.9545,-2.279,-0.3
-0.2896,-0.316,-4.173,0.5306,-2.5423,-0.2591
-0.7661,-0.893,-3.5314,0.0883,-2.5789,-0.1168
-0.3112,-1.8387,-1.7717,-0.4418,-2.4433,0.1244
0.3782,-2.0518,-0.7206,-0.9733,-2.1116,0.4457
1.3503,-2.0638,1.1037,-1.3966,-1.6865,0.7622
1.8459,-2.5115,3.6439,-1.7955,-0.849,1.0615
5.4518,-6.6873,10.8101,-1.98,-0.2314,1.1494
6.1653,-7.53,12.1819,-2.0796,0.2028,1.2185
9.5364,-12.1365,16.0058,-2.027,0.2963,1.1837
9.9865,-16.7791,15.6467,-1.7314,0.0471,0.9937
9.6082,-28.1758,20.3824,-1.4437,-0.5374,0.662
8.7175,-29.0617,19.5971,-1.1871,-1.378,0.2124
2.7748,-27.7808,14.1308,-0.2897,-1.3902,-0.2982
-0.2059,-20.3465,8.0089,0.9447,-1.1752,-0.6507
1.1707,-2.6431,2.6408,1.9417,-1.3255,-0.4521
1.4556,-1.6496,2.8562,2.2947,-1.5948,-0.1565
4.4101,4.1683,5.6075,2.1121,-1.4488,0.0658
7.6138,1.051,5.8325,1.489,-1.5301,0.2887
6.4478,-9.3712,5.5404,1.1598,-1.943,0.4372
3.6918,-15.4527,7.2667,0.6515,-2.1562,0.4457
2.8131,-23.5499,12.1221,0.0547,-1.7934,0.3541
2.387,-30.6155,4.4268,-0.2378,-1.144,0.2802
-0.735,-15.4288,-11.5954,0.6436,0.3916,-0.1125
-2.4779,-6.0097,-14.835,1.2294,1.6536,-0.3807
-1.6807,4.8051,-18.467,1.2722,1.4722,-0.2719
3.9264,6.5484,-15.1774,0.6521,1.4295,0.4127
14.5091,-3.9815,14.7297,-0.4828,2.3537,1.1348
13.9345,-5.2052,14.2601,-1.6459,2.2199,1.4695
3.031,-9.8883,-3.8091,-1.4815,-0.8416,1.0016
-11.0686,-11.3799,-15.3737,-1.195,-1.5301,0.5184
-7.4678,-14.7416,-6.2084,-2.3202,1.8076,0.4867
-7.0272,-15.0146,-4.4436,-3.6379,5.5809,0.943
-5.5548,-15.8071,1.6017,-4.1754,6.9071,1.0407
-3.6343,-16.1111,2.782,-3.5585,5.5705,0.5765
-2.3008,-12.7446,0.2489,-2.8511,3.405,0.2808
-2.2409,-12.5243,0.1436,-2.2494,1.6359,-0.0215
-0.9217,-10.6975,0.237,-1.9067,0.9652,-0.2457
0.2394,-9.5795,-0.1508,-1.9385,0.8229,-0.3984
1.5753,-9.0862,-1.4389,-2.228,0.7349,-0.5114
1.4149,-8.8181,-1.4748,-2.8309,0.9194,-0.7319
-1.2713,-9.0815,-0.1675,-3.1645,1.4496,-0.9402
-0.9552,-10.0248,-0.3998,-3.2879,2.0678,-0.7722
0.3615,-10.2235,-1.3742,-3.0154,2.7514,0.1146
-0.2226,-9.9482,-1.6783,-2.7588,3.0122,0.7603
-1.1468,-10.0607,-0.2154,-2.6562,2.7135,0.5789
-1.6017,-9.3783,0.8068,-2.6629,2.0226,0.3584
-0.7422,-8.0543,0.6967,-2.487,1.2211,0.2014
-0.0622,-8.0591,0.7254,-2.1938,0.5406,0.1171
0.972,-8.2076,0.8954,-1.9281,-0.0237,0.1195
0.9768,-8.1836,0.2873,-1.7906,-0.2039,0.0994
1.0438,-8.3847,0.225,-1.7986,0.7111,0.0322
1.0821,-8.2842,0.237,-1.8157,1.7508,0.0542
1.1779,-7.7694,0.146,-1.7173,2.5938,0.0371
0.8786,-6.9506,-1.0079,-1.4986,2.8821,-0.0441
-1.1731,-6.3976,-1.5538,-1.2653,2.6225,-0.1479
-1.3048,-6.4981,-1.5227,-1.1877,1.8943,-0.2273
-2.0087,-8.131,-0.3423,-1.4247,0.3604,-0.2512
-2.8323,-9.2586,0.6129,-1.6739,-0.3566,-0.2347
-2.5689,-10.1493,0.146,-1.7619,-0.2253,-0.2194
-1.5466,-10.1325,-0.2011,-1.7497,0.4814,-0.2041
0.8619,-10.3312,0.2106,-1.7247,1.2853,-0.1864
2.8634,-10.7478,1.5945,-1.6813,1.6488,-0.1394
2.557,-10.9106,2.6168,-1.5921,1.1961,-0.2848
1.5682,-11.1644,2.7653,-1.4003,0.5455,-0.5193
-0.9433,-12.0934,2.5689,-1.1627,0.1075,-0.6849
-3.8163,-13.0127,2.873,-0.9562,0.0434,-0.7295
-7.1613,-15.0313,0.3495,-0.7723,0.2939,-0.7252
-7.135,-15.3713,-0.1484,-0.3746,0.9059,-0.5474
-6.1533,-16.8462,-0.4908,-0.1993,1.3201,-0.3226
-3.2249,-17.155,1.7405,-0.1993,1.7795,-0.0661
3.1364,-14.9811,5.9187,-0.2958,1.8815,0.2612
3.1364,-14.9811,5.9187,0.1213,0.322,0.3217
1.3718,-13.5059,3.9839,0.1213,0.322,0.3217
-2.1404,-12.486,3.5314,0.5452,-0.0689,0.1189
-4.7165,-12.7997,4.1204,0.8665,-0.3187,0.0407
-4.6327,-12.9146,4.1132,1.2563,-0.2882,0.0774
-4.5729,-13.2474,2.9783,1.7382,-0.0921,0.1415
-3.9983,-13.063,1.7142,2.2801,0.0593,0.1452
-1.4844,-12.8763,-1.221,2.9423,0.1521,0.2399
2.0326,-12.8691,-0.984,3.2385,-0.1025,0.4121
5.9594,-14.5785,0.3375,3.3405,-0.7146,0.5728
5.8038,-16.1183,-4.1946,3.5696,-1.0554,0.5746
3.6894,-16.8007,-9.5124,3.9612,-0.9864,0.4396
3.4308,-17.4136,-8.3608,3.6521,-0.1208,0.4225
3.9671,-17.3226,-4.6423,2.9923,0.8546,0.6583
6.2874,-16.6283,-0.0263,2.503,1.5192,0.9747
7.3026,-14.9547,2.9855,2.354,1.6597,1.1446
7.3768,-14.8757,2.8538,2.5434,1.4368,0.9949
8.5883,-15.7568,-4.7836,2.9099,0.9328,0.6882
4.3478,-14.7249,-3.8881,3.219,-0.2173,0.0835
1.0797,-13.6831,4.8099,2.5599,-2.4171,-0.2811
0.7709,-13.4988,6.0025,2.1194,-4.516,-0.3355
-1.0869,-12.4645,3.8857,2.2563,-6.0309,-0.3709
-3.7588,-11.1572,0.4309,3.0278,-6.2283,-0.5639
-5.4495,-9.8117,-2.7844,3.6912,-5.0627,-0.7234
-5.4495,-9.8117,-2.7844,3.9826,-2.2399,-0.5163
-3.7086,-8.708,-2.4947,3.7211,-1.0958,-0.1003
-2.0159,-6.6896,-2.9185,3.2886,-1.0273,0.2869
-0.9744,-4.1299,-3.62,2.9087,-1.3224,0.4787
-0.7805,-3.3183,-3.8139,2.6197,-1.6022,0.4415
-0.6584,-2.6551,-3.8355,2.3173,-1.7219,0.1959
-0.6679,-2.6575,-3.778,2.1793,-1.7378,0.034
-0.4788,-2.6072,-3.6152,2.0767,-1.7628,-0.0746
-0.3663,-2.5809,-3.6248,1.9698,-1.8734,-0.1266
0.0861,-2.3654,-3.3063,1.8335,-2.1489,-0.1333
0.3375,-2.0709,-2.9712,1.6448,-2.4879,-0.1137
0.3806,-2.1691,-2.4229,1.255,-2.6003,-0.0471
0.3351,-2.126,-2.3295,0.8922,-2.7482,0.0719
-0.0454,-2.0374,-2.5641,0.497,-2.703,0.2741
-0.6224,-2.296,-2.6503,0.1634,-2.8025,0.4659
0.2059,-2.4444,-1.9081,-0.1095,-2.6938,0.6522
0.4453,-2.3654,-1.7166,-0.5286,-2.017,0.9802
1.3623,-1.7956,-0.6368,-0.8053,-1.5008,1.191
1.8579,-1.9416,1.3215,-1.0741,-0.9968,1.3376
4.8578,-5.3106,9.3281,-1.3551,-0.4751,1.4311
5.2531,-5.6434,9.9577,-1.6202,0.0098,1.4787
9.0144,-9.5842,14.2817,-1.7686,0.38,1.4262
10.3576,-14.5809,14.4397,-1.6666,0.4759,1.034
8.7989,-21.3209,19.4702,-1.5774,-0.0775,0.6449
9.0575,-24.9939,20.7104,-1.5951,-0.8954,0.3346
7.0033,-27.7377,17.4878,-1.024,-1.3878,0.0615
2.3511,-21.7447,11.1141,0.0681,-1.7928,-0.3843
-0.5339,-9.3281,3.5362,1.2893,-2.0273,-0.6
1.0534,-4.9443,2.9089,2.2782,-1.7659,-0.3318
5.9977,0.553,3.9959,2.1103,-1.2002,-0.0649
9.8093,-1.312,5.4614,1.6967,-0.8789,0.1024
7.9825,-16.6642,6.4167,1.3332,-1.1672,0.114
7.9825,-16.6642,6.4167,0.0749,-1.403,-0.2725
4.3023,-27.0194,10.8603,0.0749,-1.403,-0.2725
0.2154,-28.6187,5.2795,0.2074,-0.5637,-0.5719
-7.6066,-1.3431,-18.3234,1.0852,0.3391,-0.8657
-7.3816,1.13,-18.6777,1.7065,0.6842,-0.8345
-4.1826,7.6234,-19.3744,1.4139,0.9896,-0.3807
4.0342,6.3976,-11.7534,0.3858,1.5962,0.5777
12.838,-6.5891,14.6145,-1.5493,2.9511,1.6736
11.9808,-7.3265,12.4046,-2.1938,1.84,1.6381
-0.3591,-12.486,-11.3919,-1.3374,-1.0115,1.0908
-12.2849,-13.5873,-17.811,-0.9586,-2.1959,0.5196
-8.7223,-15.3234,-9.8021,-2.4742,1.1649,0.3932
-5.6745,-16.4128,-2.9783,-4.498,6.5033,1.1244
-4.0797,-16.7959,1.6543,-4.6611,7.0176,1.0065
-2.387,-16.0728,2.8155,-4.0948,5.7709,0.563
-1.1156,-13.4245,-0.6081,-3.4265,3.4685,0.169
-0.6703,-12.553,-0.9097,-2.7851,1.6243,-0.1125
0.8307,-11.0878,-0.4237,-2.462,0.6799,-0.286
1.3934,-10.3145,-0.7757,-2.4638,0.3336,-0.4833
2.1523,-10.0439,0.2873,-2.6379,0.3867,-0.6275
2.0685,-9.9625,0.4213,-2.8309,0.6958,-0.4448
1.9297,-9.3783,-0.9409,-2.779,1.339,0.0926
0.213,-8.7678,-1.6591,-2.5395,1.9817,0.7237
-1.8555,-8.7989,-1.5658,-2.5267,2.2871,0.8605
-1.8555,-8.7989,-1.5658,-2.5011,2.8919,0.6339
-1.7286,-8.6816,-0.8116,-2.5011,2.8919,0.6339
-0.8619,-8.9641,0.6512,-2.407,2.796,0.5648
1.7166,-9.3424,1.2856,-2.2836,2.2834,0.4977
1.7597,-9.3137,1.3646,-2.0893,1.5669,0.4231
1.1228,-8.8995,1.5586,-1.8212,0.8326,0.2081
0.0646,-8.2435,1.233,-1.7179,0.8284,0.0597
-0.3782,-7.6856,0.3998,-1.6691,1.1576,0.012
-0.2633,-7.5923,-0.079,-1.6226,1.6451,0.0633
-0.5817,-7.123,-1.2785,-1.5231,2.1582,0.0621
-0.5578,-6.8094,-2.5617,-1.3423,2.6017,-0.0117
0.0718,-6.7758,-3.3997,-1.1834,2.6805,-0.1253
0.5051,-7.1086,-2.3199,-1.3691,2.0641,-0.1919
0.4285,-8.5595,0.1963,-1.7106,1.1081,-0.2842
-0.2681,-9.9338,1.1587,-1.8926,0.2877,-0.3666
-1.8267,-10.5874,0.881,-1.8065,-0.0158,-0.4222
-1.8267,-10.5874,0.881,-1.7778,1.1998,-0.4112
-0.8475,-10.4677,2.4899,-1.7778,1.1998,-0.4112
-0.213,-10.0104,3.7828,-1.7821,1.7141,-0.2927
-1.877,-10.743,3.0933,-1.6184,1.7905,-0.2897
-2.2266,-11.0567,3.0286,-1.3032,1.526,-0.3654
-4.2377,-12.6201,3.3303,-1.0087,1.1179,-0.4583
-7.1422,-13.1324,2.9472,-0.6801,0.5388,-0.6122
-7.5061,-16.001,-0.5937,-0.4272,0.3953,-0.6562
-7.5061,-16.001,-0.5937,-0.1993,0.7636,-0.5523
-5.4135,-17.4208,1.13,-0.0881,1.5907,-0.3996
-0.2418,-17.4232,4.4819,-0.1566,2.0611,-0.1125
3.268,-15.0697,6.4837,-0.2995,0.9175,0.3767
3.268,-15.0697,6.4837,0.5336,-0.5643,0.1721
-1.4676,-12.6847,2.9185,0.5336,-0.5643,0.1721
-3.9719,-12.9553,2.1595,0.9789,-0.5924,0.0969
-5.3513,-14.0638,1.6831,1.4377,-0.1813,0.1177
-5.1119,-14.0159,0.8212,1.9685,0.2853,0.1336
-2.3391,-13.901,-0.7493,2.792,0.5296,0.2154
2.1356,-12.9409,-1.6352,3.1145,0.1491,0.4219
7.1709,-14.2266,-3.7445,3.3192,-0.5289,0.6009
6.941,-14.5331,-5.8134,3.5941,-1.0835,0.6412
4.906,-15.0337,-10.1038,3.897,-1.2919,0.472
5.1621,-15.7376,-8.1932,3.7413,-0.9003,0.3437
5.1621,-15.7376,-8.1932,2.522,0.9585,0.9295
6.7615,-16.7025,1.288,2.522,0.9585,0.9295
7.4917,-16.3099,1.9321,2.6393,0.6286,1.0401
7.4319,-15.8933,2.2457,2.9923,0.1753,0.9204
7.0392,-16.1255,-4.3502,3.3485,-0.0634,0.5948
7.0392,-16.1255,-4.3502,3.7468,-0.8539,-0.2225
2.1356,-14.5043,-3.4955,3.7468,-0.8539,-0.2225
-1.8602,-13.7238,1.0414,3.0705,-2.3474,-0.4882
-2.1811,-13.5251,4.4747,2.5305,-3.7946,-0.5169
-3.122,-12.6536,2.7772,2.5226,-4.8025,-0.3477
-5.9929,-11.8204,-1.4844,3.0492,-4.271,-0.2396
-5.4925,-10.8532,-3.0358,3.4981,-1.8984,0.0548
-5.4925,-10.8532,-3.0358,3.0278,-1.2638,0.8116
-2.5043,-6.6011,-3.632,3.0278,-1.2638,0.8116
-0.6823,-4.2137,-3.9169,2.7645,-1.7353,0.9631
-0.0933,-2.806,-4.2736,2.5684,-2.1568,0.9515
-1.3168,-1.7764,-4.9012,2.478,-2.6846,0.5288
-1.3168,-1.7022,-4.9539,2.4609,-2.9455,0.2368
-0.9457,-1.5011,-4.6758,2.3906,-2.8819,0.0719
-0.5841,-1.4197,-4.2904,2.1958,-2.6962,-0.0135
0.6009,-0.8475,-3.6798,1.952,-2.5557,-0.0771
0.7302,-0.7972,-3.5841,1.6833,-2.5582,-0.1027
1.2066,-0.7565,-2.7844,1.2068,-2.4165,-0.0319
1.5298,-1.1156,-1.8531,0.7822,-2.2564,0.1122
1.2162,-2.2984,-1.3168,0.3143,-2.1129,0.3468
1.1827,-2.2984,-1.3263,-0.0771,-1.9992,0.6064
0.9289,-2.4851,-1.3886,-0.3533,-1.9327,0.844
1.0558,-2.272,-1.0606,-0.5933,-1.8239,1.0413
1.537,-2.1859,0.7637,-0.9989,-1.4806,1.2594
2.1475,-2.9568,3.7373,-1.2977,-1.1135,1.3529
3.8163,-4.8123,9.5675,-1.5664,-0.75,1.4561
6.0767,-7.937,14.5235,-1.6507,-0.4776,1.5044
8.8253,-14.0135,12.656,-1.385,-0.3523,1.3675
9.0767,-17.7176,15.9579,-0.8114,-0.4134,0.8605
9.2921,-22.4558,20.5763,-0.9721,-0.6291,0.373
7.0823,-25.2333,18.1582,-0.8108,-1.0915,-0.1559
1.8602,-18.0528,7.9179,-0.101,-1.6504,-0.7093
1.446,-16.3793,6.4933,0.8091,-2.0115,-0.8657
1.3623,-9.1629,3.4979,1.5929,-1.8728,-0.578
4.5705,-3.7804,4.7548,1.8244,-1.4269,-0.2451
10.7478,-9.8644,5.981,1.6039,-1.1581,-0.1388
10.7215,-10.767,5.8684,1.4127,-1.4531,-0.0868
6.3209,-18.3425,6.2587,1.1921,-2.2808,-0.1137
4.1012,-25.4823,6.807,0.8555,-2.6034,-0.3996
-4.853,-14.1811,-7.8939,0.7212,-1.3639,-0.6232
-5.325,-12.3495,-9.498,1.0553,-0.1459,-0.8077
-6.6178,1.1923,-15.9531,1.4236,0.4875,-0.735
-0.7805,7.3145,-16.9778,1.1091,0.7679,-0.2096
7.1015,3.7349,-6.9243,0.175,1.2975,0.6638
12.1987,-1.0079,6.0672,-0.9849,2.5296,1.2221
11.4781,-8.1166,7.7215,-1.9146,2.0342,1.0664
1.5011,-12.7087,-8.684,-1.2525,-0.4464,0.4494
-13.1253,-13.7454,-13.4413,-1.272,-0.9565,0.0212
-10.6808,-14.9428,-9.9075,-2.5114,2.0941,0.0633
-6.5221,-16.5421,-1.3934,-3.7851,5.5852,0.6333
-5.653,-16.6043,2.3415,-4.3758,6.5393,0.9289
-1.3479,-15.3426,-0.1316,-3.8401,4.857,0.6363
-0.9624,-14.8183,-0.316,-3.1614,2.391,0.4763
-0.0191,-12.2969,-1.2761,-2.6599,0.5907,0.2631
0.1221,-10.5347,-1.81,-2.2848,0.2572,-0.0337
1.2234,-8.4901,-0.7757,-2.1364,0.6311,-0.2701
1.2234,-8.4901,-0.7757,-2.5957,1.2993,-0.4124
2.2337,-8.7822,-0.0598,-2.5957,1.2993,-0.4124
3.4117,-9.3927,-0.6153,-2.7369,1.4178,0.0603
3.4117,-9.3927,-0.6153,-2.7912,1.7911,0.9918
0.7661,-9.4334,-0.8643,-2.9232,1.989,0.852
-1.5658,-10.0391,-1.1085,-2.9232,1.989,0.852
-1.4077,-10.0511,-0.541,-2.9592,2.1313,0.5893
-1.5705,-9.8237,1.64,-2.8163,2.1552,0.5465
-0.8355,-9.3592,1.7549,-2.5182,1.9181,0.4366
0.0814,-8.7391,1.2856,-2.1028,1.6219,0.3119
0.4357,-8.2818,0.8738,-1.8181,1.2437,0.2008
-0.2106,-7.8915,1.4963,-1.7833,0.9151,0.1293
-0.4501,-7.8269,1.6424,-1.8835,1.1075,0.1226
-0.4884,-7.4678,0.7445,-1.8951,1.5938,0.1598
-0.1867,-7.3504,-0.7685,-1.7937,2.1203,0.1831
-0.3615,-7.2547,-3.189,-1.6562,2.5614,0.1372
-0.2537,-7.1805,-3.5841,-1.5237,2.8381,0.0206
0.2801,-6.9674,-3.8833,-1.4809,2.4765,-0.1076
0.6272,-7.0847,-0.8307,-1.6837,1.5602,-0.1473
0.6272,-7.0847,-0.8307,-2.0368,-0.6584,-0.3031
-1.0965,-10.0894,3.4979,-2.0368,-0.6584,-0.3031
-2.3511,-11.4062,3.5458,-1.9097,-0.9883,-0.3507
-3.0909,-11.9042,3.4668,-1.8273,-0.3255,-0.3507
1.1013,-10.9872,3.8019,-1.7961,0.6915,-0.1779
1.1013,-10.9872,3.8019,-1.6043,1.7502,0.0945
2.6192,-10.7789,3.0741,-1.2769,2.2706,0.1916
1.8028,-11.4445,2.4732,-0.944,2.0354,0.0749
-2.7485,-12.4238,0.5147,-0.6312,1.3097,-0.2249
-2.7485,-12.4238,0.5147,-0.0417,0.1796,-0.691
-6.5532,-15.2301,-0.9026,-0.0417,0.1796,-0.691
-6.9961,-16.8438,0.7206,-0.0759,0.9145,-0.5804
-2.2457,-16.5756,3.2369,-0.079,1.6732,-0.2817
0.055,-15.6514,4.7381,-0.1315,1.5528,0.1647
0.2082,-14.3224,3.7229,-0.1236,0.865,0.4243
-1.2042,-13.4964,2.4875,0.3388,-0.0768,0.3223
-4.4939,-14.1787,3.0238,0.6711,-0.4263,0.34
-4.6926,-14.4397,3.1651,1.0076,-0.323,0.3743
-4.513,-14.6623,2.2744,1.4218,-0.0286,0.3883
-2.8107,-13.2689,0.1556,1.9612,0.2939,0.3883
4.0916,-10.494,-0.3112,2.5415,0.4063,0.4329
4.8099,-10.3312,-0.1005,2.7486,0.0849,0.5013
4.8099,-10.3312,-0.1005,3.4047,-1.0292,0.3529
5.4231,-13.9584,-2.272,3.4047,-1.0292,0.3529
1.7645,-17.2149,-6.941,3.7614,-1.3969,0.1061
1.6903,-17.2173,-6.8022,3.9319,-1.2399,0.0083
1.3982,-17.0664,-3.8307,3.555,0.0929,0.2509
2.6264,-17.5165,-1.4365,3.2355,0.9145,0.4561
4.8674,-17.1813,0.6943,3.0962,1.3733,0.6571
5.6003,-16.8366,1.8004,3.0357,1.4105,0.7524
6.4239,-16.8318,-1.0606,3.0363,1.124,0.6687
5.2148,-16.839,-5.7966,3.1139,0.1613,0.4097
0.4596,-15.2564,-1.8938,2.4927,-1.7213,0.2264
0.6919,-15.3354,4.4939,1.6668,-3.6932,0.2179
0.1005,-15.3498,5.368,1.2086,-5.662,0.4787
0.1005,-15.3498,5.368,3.0198,-5.1201,0.5441
-4.1204,-10.3791,-2.9161,3.0198,-5.1201,0.5441
-3.6391,-9.838,-3.0597,3.7706,-2.5539,0.585
-2.5594,-8.3009,-3.7852,3.751,-1.5429,0.7347
-1.0869,-5.9331,-4.0581,3.5812,-1.2821,0.8281
0.2011,-2.9089,-3.96,3.3485,-1.5533,0.8275
0.2944,-2.557,-3.8522,3.1274,-1.9852,0.687
0.1029,-1.4053,-3.9121,2.8854,-2.29,0.4311
0.1699,-0.2513,-3.766,2.4719,-2.2589,0.0786
0.6679,0.3375,-2.5881,2.1396,-2.056,-0.0343
0.6679,0.3543,-2.533,1.7547,-1.9149,-0.0526
0.8954,0.1508,-2.1068,1.4261,-1.8655,-0.0526
0.8954,0.1508,-2.1068,0.927,-2.2527,-0.0618
0.553,-0.2825,-2.3151,0.7957,-2.4592,-0.0759
-0.1843,-1.3479,-3.2656,0.7957,-2.4592,-0.0759
-0.1843,-1.3479,-3.2656,0.2862,-2.7115,-0.0429
-0.5506,-1.8842,-2.557,0.2862,-2.7115,-0.0429
0.1316,-2.6312,-1.4844,-0.1138,-2.5991,0.0707
0.4405,-3.0765,-0.6536,-0.5561,-2.2228,0.3003
1.7693,-3.3566,1.0103,-1.2353,-1.3126,0.775
2.3127,-3.268,2.5665,-1.5487,-0.8007,1.0279
4.7931,-6.0145,7.6737,-1.71,-0.3688,1.1342
5.3872,-6.716,8.7774,-1.7967,-0.009,1.1421
8.7702,-10.5252,13.0103,-1.8236,0.1662,1.0847
9.7087,-15.0194,12.3591,-1.6098,0.1069,0.7341
5.9427,-23.3847,21.7136,-1.4339,-0.3804,0.3639
6.1988,-24.8503,21.7591,-1.385,-1.2741,0.133
5.6314,-28.4416,16.6067,-0.7234,-1.9565,-0.0093
2.2337,-24.1724,12.9984,0.42,-2.2008,-0.4595
2.047,-8.8229,7.5755,1.4096,-1.9724,-0.7906
2.4444,-7.9777,7.4055,2.2825,-1.436,-0.3819
6.4622,-3.3087,6.8118,2.3338,-0.7885,-0.071
6.4622,-3.3087,6.8118,1.6558,-1.0774,0.0841
7.0536,-15.9986,1.7717,1.6558,-1.0774,0.0841
4.2425,-21.2611,5.562,1.1805,-2.1031,-0.0966
-0.0622,-22.4558,7.1038,0.4805,-1.6675,-0.5554
-6.8979,-12.8044,-3.0789,0.8574,-0.9803,-0.7857
-8.3871,3.7828,-22.0248,1.4866,-0.7354,-0.7344
-3.8881,6.9434,-22.1469,1.4377,0.1692,-0.2683
4.118,5.0161,-12.7374,0.2942,1.5571,0.6736
13.7717,-1.0893,6.6106,-1.3398,3.0757,1.5001
7.8437,-11.1141,0.1029,-2.2634,2.8051,1.4909
5.3154,-12.1197,-3.7493,-1.3459,0.1381,0.7231
-9.2443,-13.4628,-14.2601,-0.8835,-1.4421,0.1898
-12.4956,-13.8699,-12.3998,-2.0002,0.5785,0.1574
-5.6841,-15.4384,0.5626,-3.4497,4.5381,0.7811
-5.2986,-15.4216,1.3192,-4.3954,6.6194,1.3113
-3.5075,-15.3833,0.7374,-4.0734,5.7251,0.954
-1.4724,-14.2218,-1.5131,-3.3496,3.7599,0.5923
0.0119,-11.7701,-2.4612,-2.8273,2.0202,0.2472
0.1244,-11.684,-2.2433,-2.5292,1.4014,-0.0728
1.5825,-10.3959,-0.043,-2.5017,1.4484,-0.319
2.4013,-9.1269,0.9193,-2.6202,1.7043,-0.7044
0.055,-8.7774,0.1867,-2.6617,1.8387,-0.983
1.0869,-10.0535,-0.5698,-2.6391,2.0409,-0.9164
1.944,-11.0088,-2.0997,-2.5188,2.2175,-0.0197
0.5626,-11.004,-2.4516,-2.4607,2.2437,0.7292
-1.6089,-11.1022,-2.7054,-2.5829,2.1949,0.7304
-2.5881,-10.6257,-1.8722,-2.6684,2.0421,0.362
-3.6343,-9.5459,0.4501,-2.5884,1.807,0.2435
-3.0166,-8.4087,1.0582,-2.3709,1.4264,0.2331
-0.4022,-7.214,0.6655,-2.0386,0.9023,0.3132
-0.2513,-7.0416,0.7637,-1.8505,0.3604,0.3669
-0.2154,-7.0248,1.0151,-1.9922,0.3507,0.3138
-0.2537,-7.5875,0.7254,-2.0637,1.1582,0.2893
0.407,-8.4278,-1.4077,-1.9812,2.0776,0.2893
0.4165,-8.2602,-1.707,-1.7094,2.7336,0.2124
0.6584,-7.2116,-2.7629,-1.3453,2.9792,0.0804
1.3551,-6.1342,-2.8395,-1.1254,2.6793,-0.0123
0.474,-7.439,1.6112,-1.3594,1.1442,-0.1149
0.474,-7.439,1.6112,-1.7662,-0.6504,-0.209
-0.2873,-8.9929,1.8507,-1.7662,-0.6504,-0.209
-1.5179,-9.8404,0.6823,-1.6397,-0.3725,-0.2237
-1.0917,-10.7382,0.1915,-1.5817,0.5223,-0.2982
0.2801,-11.2626,0.2513,-1.6226,1.4417,-0.2292
2.2026,-11.3823,1.0079,-1.6245,2.1881,-0.1119
2.964,-10.7646,1.9584,-1.5286,2.0421,-0.195
0.9528,-10.3887,3.4117,-1.3398,1.5199,-0.3685
-1.0726,-10.6832,3.9624,-1.1339,0.8748,-0.5236
-5.9283,-12.0287,4.2688,-0.944,0.2725,-0.625
-5.9283,-12.0287,4.2688,-0.3093,0.5046,-0.5694
-10.3193,-13.6783,2.794,-0.123,1.5168,-0.2744
-8.8229,-17.258,-0.0191,-0.123,1.5168,-0.2744
-2.0326,-17.0951,2.8131,-0.1407,2.5186,0.0737
3.3542,-15.4431,5.2723,-0.2867,2.5553,0.4885
1.1156,-13.6975,3.7229,-0.3209,1.5706,0.5734
0.1101,-13.5826,3.4452,0.2789,0.0831,0.166
-4.1611,-13.1085,2.9352,0.7279,-0.5869,-0.0361
-6.1126,-13.087,3.4189,1.0883,-0.8361,-0.0618
-5.5141,-14.3056,1.1971,1.489,-0.5906,0.0035
-5.5141,-14.3056,1.1971,2.04,-0.0952,0.092
-3.699,-14.4804,-0.7829,2.8824,0.5351,0.2631
0.5315,-13.8339,-2.9161,3.2019,0.4618,0.4665
6.2395,-14.703,-1.1659,3.3357,-0.0878,0.6601
7.135,-15.9747,-1.7741,3.4303,-0.769,0.7609
6.4574,-16.25,-5.8828,3.7266,-1.1086,0.665
5.89,-16.4798,-8.1525,3.9471,-1.1733,0.4922
5.8301,-16.7863,-5.1645,3.5055,-0.3792,0.4506
6.7926,-16.7145,-3.2824,3.004,0.4563,0.6919
7.6162,-16.0417,-0.1532,2.7285,1.0599,0.9961
7.2667,-15.1582,1.889,2.7474,1.5516,1.0254
5.9642,-16.1159,-4.7213,2.9673,1.7129,0.8391
4.9323,-16.0082,-4.5681,3.2892,1.5302,0.5997
0.9002,-15.7352,-3.3518,3.0883,-0.3756,0.1128
-0.5434,-15.6443,4.4771,2.4652,-2.659,-0.0056
-2.9041,-13.5897,2.308,2.1585,-4.8795,-0.005
-2.9041,-13.5897,2.308,3.605,-4.9308,-0.2347
-5.5907,-12.4022,-1.5753,3.605,-4.9308,-0.2347
-4.343,-10.8603,-3.2776,4.1286,-2.4702,-0.1162
-1.5921,-6.3425,-4.0725,4.0382,-1.6437,0.1751
-1.4269,-6.0672,-4.0821,3.7773,-1.7958,0.4127
-0.1508,-4.0988,-4.1611,3.4847,-2.1403,0.5343
-0.2609,-2.6719,-4.1946,3.1609,-2.4256,0.5172
-0.7134,-1.7645,-4.288,2.8598,-2.5527,0.37
-0.9241,-1.6136,-4.2305,2.5348,-2.5056,0.1165
-0.9241,-1.6136,-4.2305,2.1188,-2.0542,-0.1962
-0.9504,-1.2042,-3.517,2.1188,-2.0542,-0.1962
0.3136,-1.0151,-3.0238,1.847,-1.9992,-0.2988
0.7757,-1.0917,-2.7772,1.5171,-2.0939,-0.3318
1.2114,-1.1971,-2.5067,0.9508,-2.0261,-0.3
1.4006,-1.2042,-2.2433,0.5764,-1.9046,-0.2023
0.8882,-1.2306,-2.7126,0.2392,-1.9149,-0.052
0.6751,-1.3239,-2.8443,-0.0295,-1.9889,0.1256
0.1604,-1.6591,-3.0406,-0.2855,-2.0035,0.3309
0.134,-1.7357,-2.6479,-0.5701,-1.9247,0.5496
0.7541,-1.5682,-0.0933,-1.0454,-1.5936,0.8837
0.7685,-1.6328,0.407,-1.3795,-1.185,1.0651
0.9792,-2.2457,3.2944,-1.7161,-0.6309,1.2191
2.2433,-4.0869,8.1357,-2.0264,-0.0658,1.3706
10.0607,-11.7725,16.8294,-2.2176,0.3806,1.4683
10.0607,-11.7725,16.8294,-1.6471,-0.2796,0.9949
9.7518,-18.0409,15.2229,-1.6471,-0.2796,0.9949
8.1717,-24.7234,21.4598,-1.5273,-1.3413,0.4628
6.2659,-32.0616,19.3265,-1.4021,-1.9827,0.0682
2.4372,-30.242,14.7201,-0.5133,-2.031,-0.4363
-0.2226,-19.7,7.5252,0.7755,-1.6407,-0.9286
0.9911,-9.5627,2.4444,2.3344,-1.0396,-0.5487
4.8386,1.221,3.2417,2.5226,-1.0359,-0.2017
6.7375,2.9712,4.973,2.1567,-1.155,0.0462
8.8133,-3.2225,4.3263,1.6478,-1.6297,0.2307
8.1334,-12.2011,4.9802,1.263,-2.3151,0.3535
3.3854,-27.3498,9.9625,0.7169,-2.4067,0.2857
2.3965,-28.5302,9.2395,0.0009,-1.3884,-0.0258
-0.9959,-24.9484,-2.5091,0.4133,-0.4947,-0.4179
-3.7421,-9.1772,-15.4623,1.2789,0.4411,-0.6482
0.4405,7.6521,-18.4622,1.5593,1.0153,-0.6146
1.9057,7.8652,-17.0544,1.015,1.427,0.0077
1.9057,7.8652,-17.0544,-1.8035,2.6035,1.3266
15.6874,-2.8203,14.0303,-1.8035,2.6035,1.3266
-5.5931,-11.6576,-11.107,-1.8212,0.5999,0.9253
-5.5931,-11.6576,-11.107,-1.5542,-0.5099,-0.0288
-14.3822,-12.5171,-13.9417,-1.5542,-0.5099,-0.0288
-8.8803,-14.7847,-7.4007,-2.8523,3.5143,0.246
-5.7894,-16.2596,1.4077,-4.3141,6.9694,0.968
-4.9946,-16.6379,2.8754,-4.2439,6.6065,0.808
-2.2649,-16.4727,2.0757,-3.5731,4.7855,0.5215
-0.9289,-14.6528,0.5626,-2.8615,2.1991,0.2991
-0.6392,-11.0998,-0.8714,-2.2842,0.4374,0.0523
-0.0407,-10.0128,-1.0007,-1.8389,0.515,-0.2603
1.0079,-8.4733,-0.9888,-1.9244,0.9365,-0.3165
2.442,-8.2698,-0.7805,-2.2647,1.1417,-0.3349
2.6336,-8.2579,-0.1723,-2.6758,1.35,-0.1895
2.6336,-8.2579,-0.1723,-3.1064,1.9016,0.4036
1.6304,-8.107,-0.0909,-3.1064,1.9016,0.4036
-0.1819,-8.5547,-1.0199,-3.0789,2.2279,0.6498
-1.5394,-10.2953,-0.6105,-2.9867,2.4624,0.538
-1.7501,-10.3576,-0.4213,-2.8224,2.7049,0.3743
-2.2673,-10.5754,0.1699,-2.6177,2.6781,0.205
-2.0159,-10.1756,0.7757,-2.3123,2.4917,0.0847
-1.2832,-9.024,-0.5698,-2.0435,2.0177,0.0529
-1.3311,-8.9713,-0.541,-1.7613,1.0135,0.0627
-1.3934,-8.7439,0.1268,-1.8254,0.661,0.0731
-1.051,-8.9378,0.7948,-1.9427,0.8003,0.1171
-0.8092,-8.4805,0.0095,-1.944,1.2444,0.1531
-0.3902,-8.0232,-0.4644,-1.8316,1.6561,0.1592
0.043,-7.5133,-0.4477,-1.5958,1.8644,0.1122
-0.0311,-7.5252,-0.96,-1.4345,1.7355,0.0389
-0.4309,-7.9179,0.9481,-1.3868,1.3201,-0.041
-0.8762,-8.3656,2.3654,-1.575,0.6262,-0.0905
-2.0685,-9.0791,3.1603,-1.8028,0.0214,-0.1137
-2.6958,-9.7039,2.6048,-1.8181,-0.0878,-0.1217
-2.193,-10.5706,1.1444,-1.6752,0.4991,-0.1003
-1.6232,-10.6736,1.0223,-1.5964,1.1588,-0.0759
0.5003,-10.348,1.3503,-1.5261,1.6433,0.0096
2.8275,-9.6297,2.9089,-1.5017,1.6616,0.0829
0.1221,-10.9801,2.9496,-1.4748,1.2578,0.0071
-0.3232,-11.4302,2.6695,-1.1749,0.3165,-0.4039
-4.6375,-13.4892,-0.1532,-0.7668,-0.0866,-0.6702
-6.6226,-14.8685,-0.9409,-0.3924,-0.0023,-0.7576
-4.1611,-16.0728,2.1547,-0.2665,0.4209,-0.5578
-4.1611,-16.0728,2.1547,-0.291,1.0703,-0.2561
-1.2617,-16.0656,3.0071,-0.261,1.672,0.0316
2.1068,-15.1558,4.3981,-0.2024,1.7557,0.3975
3.0214,-14.3726,4.0821,-0.1456,1.2633,0.4476
1.3407,-13.8986,2.94,0.208,0.7074,0.3187
-2.4684,-12.8954,3.0478,0.6381,0.1069,0.1684
-4.7596,-13.1013,4.3622,0.9447,-0.436,0.0865
-4.8698,-13.4892,3.7277,1.5501,-0.5057,0.1372
-4.5944,-13.3024,2.7892,2.1341,-0.1844,0.1293
-3.9145,-14.0758,0.486,2.6808,0.1827,0.1098
-2.0015,-14.0183,-2.715,3.0944,0.4063,0.1904
6.0408,-15.2301,-1.2234,3.3467,0.27,0.3889
6.2826,-15.436,-1.3646,3.3754,-0.2106,0.574
6.3592,-15.7688,-5.5572,3.6936,-0.3108,0.5178
5.8062,-16.7983,-7.6856,3.8867,-0.0353,0.3663
6.7878,-16.9683,-3.4644,3.5971,0.6653,0.2967
7.1541,-16.7456,-2.6431,3.1292,1.5009,0.4696
8.4135,-16.1375,0.6871,2.7908,1.9016,0.8
9.9913,-16.4942,0.0598,2.7022,1.7373,0.9051
3.4524,-15.0505,-2.0087,2.9398,0.807,0.5141
3.0597,-14.8925,-1.968,2.5599,-1.392,0.0108
1.5179,-13.9608,0.5051,2.266,-3.4122,-0.2493
-0.1244,-13.6185,6.7471,2.1151,-5.2979,-0.3532
-1.9345,-12.9649,3.5793,2.3625,-6.6027,-0.5028
-4.774,-12.3256,0.2106,3.8738,-5.6473,-0.8993
-7.5563,-11.8899,-3.213,4.6796,-3.7646,-1.0911
-6.3736,-11.0543,-3.3399,4.9654,-1.8856,-0.9097
-3.3518,-9.1868,-3.3542,4.8543,-0.5796,-0.4247
-2.0781,-7.8867,-3.711,4.5696,-0.5228,0.0187
-0.6512,-5.1095,-4.2999,4.1548,-1.2601,0.2777
-0.7517,-3.2656,-3.2561,3.2758,-1.9974,0.2851
-0.4333,-2.2673,-2.6767,2.6429,-1.9705,0.166
-0.3327,-2.1499,-2.6024,2.2459,-1.8545,0.0865
-0.2705,-1.5227,-2.4588,1.9948,-1.7494,0.0536
-0.2705,-1.5227,-2.4588,1.6283,-2.0951,0.0364
0.2992,-1.4652,-3.4572,1.6283,-2.0951,0.0364
0.2274,-1.3934,-3.5362,1.4279,-2.2112,0.0389
-0.3327,-1.1923,-4.343,1.2221,-2.5209,0.0224
-0.4979,-1.0702,-4.7117,1.0364,-2.8141,0.0145
-0.3734,-0.9672,-3.5003,0.7657,-2.9045,0.078
-0.3734,-0.9672,-3.5003,-0.4589,-1.9443,0.5917
0.2226,-1.1324,-2.3702,-0.4589,-1.9443,0.5917
1.1324,-0.8786,-1.3599,-0.8963,-1.4751,0.8739
1.5418,-0.6248,0.4955,-1.2854,-1.0255,1.1275
1.5634,-1.0414,2.6503,-1.6361,-0.5625,1.3132
3.5529,-2.4492,7.0871,-1.958,-0.0671,1.4598
6.7519,-4.9467,11.5355,-2.1999,0.3562,1.5862
10.7574,-11.4086,14.5259,-2.2329,0.6482,1.5178
10.0798,-15.4791,13.9991,-2.0533,0.2432,1.1904
10.4605,-23.4901,19.5803,-1.9672,-0.6016,0.7481
10.8292,-30.0648,20.7248,-1.983,-1.6773,0.3791
1.9321,-25.4847,11.2482,-1.2189,-2.2063,-0.1577
1.9321,-25.4847,11.2482,2.0651,-1.367,-0.8303
0.5674,-11.3775,6.6729,2.0651,-1.367,-0.8303
3.687,-2.1978,6.5771,2.442,-1.2308,-0.523
10.5706,-4.786,7.4127,2.2886,-1.1691,-0.2212
10.6999,-6.1318,7.3433,1.9685,-1.5112,-0.008
4.8386,-16.906,6.0456,1.6979,-2.2002,0.0267
1.6879,-26.4927,7.5779,1.0303,-1.7524,-0.4607
-4.671,-11.6576,-12.3304,0.8794,-0.5503,-0.5597
-4.671,-11.6576,-12.3304,1.1567,0.2749,-0.6751
-6.6849,1.8962,-15.8597,1.34,0.6677,-0.7057
-1.6376,5.8541,-17.0856,0.9014,0.4618,-0.319
8.1022,0.8882,-2.0302,-0.6098,1.7673,0.9766
12.4357,-3.5697,10.2546,-1.5842,2.7153,1.2704
12.4357,-3.5697,10.2546,-1.0551,-0.9088,0.6528
-3.3614,-13.5035,-10.8244,-1.0551,-0.9088,0.6528
-10.8843,-13.7525,-11.1764,-1.3325,-0.488,0.3816
-7.8101,-14.5498,-7.1374,-2.5469,3.0305,0.5007
-5.2866,-15.2851,-0.2274,-3.9641,6.5406,1.0517
-4.1252,-15.1295,1.5921,-3.9757,6.0812,0.8776
0.4644,-13.6017,0.5793,-3.4791,4.1637,0.5991
0.7493,-13.0271,0.3471,-2.9372,2.0086,0.3694
0.5003,-11.818,-0.802,-2.5157,0.6824,0.0255
0.3639,-11.0998,-1.1492,-2.2476,0.4405,-0.3507
1.8243,-10.688,-0.6416,-2.4088,0.5125,-0.6128
1.98,-10.5683,-0.4477,-2.7369,0.639,-0.4314
1.9345,-9.9386,-0.0239,-3.0124,0.9976,0.012
0.565,-9.3352,-0.5123,-3.1388,1.4362,0.4732
-2.3199,-9.6896,-0.5291,-3.1926,1.7764,0.7872
-2.3558,-9.7638,-0.5985,-3.3251,2.3079,0.9112
-2.205,-10.2977,-0.2106,-3.2817,2.7092,0.9014
-2.1787,-9.8739,-0.9026,-3.1052,2.9707,0.8587
-0.8044,-8.38,0.1149,-2.8639,2.8815,0.7603
0.0359,-7.3074,-1.1372,-2.6587,2.4111,0.6223
0.711,-6.7064,-2.5785,-2.338,1.8503,0.4341
1.0271,-6.6705,-1.9608,-2.1358,1.212,0.1971
1.3144,-7.2571,0.3232,-2.2182,1.0336,0.1067
1.6424,-7.621,0.9313,-2.1602,1.0739,0.0621
1.2593,-7.7718,0.5961,-1.8816,1.0745,0.0218
0.9002,-7.6162,0.5506,-1.4919,1.0654,-0.0618
0.4429,-7.4319,2.5187,-1.1956,0.8888,-0.096
0.316,-7.4917,2.6096,-1.2274,0.5156,-0.0789
-0.2609,-8.265,2.8802,-1.2958,0.1149,-0.0704
-0.9337,-8.7535,2.0733,-1.3502,0.0074,-0.0697
-1.4077,-10.3336,-0.0646,-1.36,0.3122,-0.0697
-1.403,-10.4509,-0.1556,-1.3856,0.8662,-0.0704
-0.1149,-10.9034,-0.7924,-1.4168,1.8167,-0.0221
1.6424,-10.9681,-0.6799,-1.4351,2.1814,-0.0038
3.4787,-10.1732,1.4101,-1.4669,2.0837,-0.0856
3.4787,-10.1732,1.4101,-1.3123,0.931,-0.3776
1.6567,-10.166,2.8754,-1.3123,0.931,-0.3776
-2.2673,-11.8372,3.5075,-0.9275,0.0593,-0.5871
-2.2673,-11.8372,3.5075,-0.3276,0.1081,-0.691
-9.1246,-14.3726,1.1611,-0.3276,0.1081,-0.691
-8.459,-15.4336,0.1412,-0.115,1.091,-0.4747
-6.8525,-16.8342,1.0654,0.0083,2.38,-0.2432
-0.8571,-16.3434,3.1986,-0.0075,3.055,0.0322
1.8531,-15.5988,4.9179,-0.1987,1.887,0.4934
1.5921,-14.0925,5.0568,-0.1718,0.4814,0.4812
-1.2306,-13.64,4.0892,0.2483,-0.4201,0.249
-5.0017,-14.1332,4.8889,0.6668,-0.965,0.1165
-5.1957,-14.3559,4.8913,1.0046,-1.039,0.1183
-5.2579,-14.0901,3.3949,1.434,-0.6712,0.1134
-4.0007,-13.8627,1.5801,2.3711,0.0727,0.0774
1.5873,-12.9122,-2.2122,2.8757,0.4478,0.1256
1.5873,-12.9122,-2.2122,3.3515,-0.0213,0.4292
6.613,-13.4461,-0.8547,3.3515,-0.0213,0.4292
7.3026,-14.8805,-3.0597,3.5024,-0.5887,0.4738
4.4268,-16.2237,-8.4111,3.9893,-0.86,0.2215
4.3071,-16.2907,-8.2243,3.8879,-0.5716,0.1238
4.4675,-16.5541,-5.0879,3.3631,0.2456,0.3223
5.6601,-16.0465,-1.8555,2.8836,1.0849,0.7512
6.2491,-15.3474,0.8858,2.6576,1.529,1.0725
6.1557,-15.2133,2.0709,2.6435,1.5809,1.0877
5.3345,-15.7352,-2.861,2.8635,1.0269,0.7438
2.5402,-15.1822,-3.5075,2.9423,0.0507,0.4072
0.4764,-15.2157,2.6623,2.4462,-2.1281,0.224
0.1388,-15.2325,6.036,2.0015,-4.334,0.1959
-2.624,-14.9092,4.9562,2.0669,-6.0297,0.1641
-4.9323,-14.1428,1.6855,3.4126,-6.2093,-0.162
-4.985,-11.6241,-3.1699,4.2202,-4.6156,-0.2243
-4.4987,-11.1405,-3.2872,4.5372,-2.5643,-0.0233
-2.4444,-8.6146,-3.766,4.3301,-1.2369,0.3376
-0.7374,-6.2539,-3.8857,3.8109,-1.1959,0.596
0.893,-2.2194,-3.687,3.1829,-1.7573,0.7029
0.8451,-1.9656,-3.7373,2.4035,-2.2454,0.5361
0.4381,-1.0127,-3.8546,2.197,-2.3322,0.326
0.1747,-0.9169,-3.8043,2.1555,-2.2943,0.1098
0.0981,-0.9169,-3.6439,2.1274,-2.2265,-0.0765
0.1221,-0.9193,-3.6391,2.0809,-2.2228,-0.239
0.304,-1.0462,-3.4404,1.869,-2.4647,-0.4118
0.3806,-1.446,-3.4763,1.6203,-2.6529,-0.4864
0.4285,-1.7645,-3.3279,1.3473,-2.7585,-0.512
-0.0119,-1.8315,-3.5051,1.0241,-2.7854,-0.4662
0.0335,-2.0542,-3.0909,0.6692,-2.7903,-0.3373
-0.1412,-2.2361,-2.5546,0.2386,-2.7842,-0.0942
-0.1699,-2.1978,-1.6855,-0.3569,-2.4409,0.3236
0.292,-2.1236,-1.142,-0.6923,-2.0738,0.6217
0.869,-1.9297,0.0047,-1.0191,-1.6126,0.935
0.9528,-1.798,1.5921,-1.3502,-1.0622,1.1818
2.7437,-3.845,7.9634,-1.6911,-0.4629,1.3797
3.4284,-4.3837,9.2275,-2.0515,0.1063,1.5819
8.0065,-7.712,14.8661,-2.3441,0.5791,1.7389
12,-12.419,16.5995,-2.1272,0.4508,1.618
12.1796,-25.1711,22.0464,-1.6568,-0.2283,1.246
12.012,-27.5749,21.7471,-1.3734,-1.265,0.7469
9.1078,-37.8918,17.0401,-0.9305,-1.7977,0.2515
9.1078,-37.8918,17.0401,1.679,-0.3701,-0.9384
0.3878,-5.3273,3.1555,1.679,-0.3701,-0.9384
0.8068,-3.8139,2.9951,2.5311,-0.1465,-0.5047
3.8091,8.0472,2.4636,2.7223,-0.9999,-0.1803
5.0113,10.5299,3.6224,2.4059,-1.9137,-0.016
6.4694,-1.5131,3.0837,1.8232,-2.5722,0.2142
5.6362,-9.6896,1.5466,0.971,-2.7378,0.5361
6.1366,-22.8293,10.9202,0.252,-2.078,0.571
4.2808,-35.9812,8.9857,-0.4553,-1.2894,0.4506
-0.1747,-25.796,-9.4358,0.1195,0.0483,-0.0001
-3.9312,-10.5443,-13.0678,0.9686,2.1802,-0.5975
-4.1778,3.7756,-13.1875,1.2263,1.8302,-0.9256
-0.6129,9.1533,-19.0033,0.6124,0.2658,0.0988
14.6288,1.0893,8.9091,-0.2671,2.0275,0.9173
16.9443,-1.3407,14.0279,-1.4773,3.2511,1.3706
11.2841,-6.4526,5.3321,-1.9226,1.6378,1.2551
-4.276,-10.7622,-11.9808,-1.192,-1.3426,0.6003
-11.6121,-15.1582,-8.3464,-1.7295,-0.3059,0.1372
-11.174,-15.3378,-7.6018,-3.2689,3.6909,0.5667
-7.9825,-16.4607,-0.9337,-4.1718,6.1808,1.0542
-5.969,-17.2268,2.5258,-4.2604,6.6114,1.0425
-1.5107,-14.3559,0.0335,-3.7094,5.5326,0.8116
-1.5107,-14.3559,0.0335,-2.9586,3.3854,0.5477
-1.221,-12.1389,-1.1899,-2.1083,1.1668,0.0242
-0.1628,-10.5395,-1.0486,-1.8603,0.9676,-0.2402
1.7693,-9.0072,-1.2713,-1.9183,1.0208,-0.399
1.9728,-8.6577,-1.3599,-2.2317,1.0886,-0.5059
1.1013,-9.0719,-0.3447,-2.71,1.2315,-0.6427
2.4971,-9.7351,-0.1604,-3.1852,1.7147,-0.2133
3.1603,-9.4238,-0.134,-3.0808,2.1594,0.684
3.1603,-9.4238,-0.134,-2.7796,2.6029,0.891
0.2202,-9.2347,-0.3112,-2.7796,2.6029,0.891
-0.6272,-9.5651,-0.3711,-2.6391,2.4869,0.5386
-1.2042,-8.921,0.2394,-2.4235,2.2908,0.3138
-1.2761,-8.7822,0.2011,-2.0924,1.9505,0.1507
-1.0175,-8.593,-0.1508,-1.9366,1.5425,0.1146
-0.5746,-8.7175,0.3615,-1.911,1.0984,0.125
-0.7015,-8.1621,0.6129,-1.9476,1.0006,0.1788
-0.7182,-8.0879,0.6105,-1.9146,1.4136,0.1831
-0.6009,-7.5923,0.2992,-1.8053,2.1607,0.1195
-0.0359,-7.2906,-0.5602,-1.6422,2.5034,0.0401
-0.3327,-6.5412,-2.3463,-1.4473,2.5229,-0.052
-0.3591,-6.5221,-2.3654,-1.3209,2.2224,-0.1553
-0.5985,-6.8213,-1.4484,-1.3661,1.5858,-0.2267
-1.1994,-7.9322,1.3623,-1.5921,0.7703,-0.2616
-2.2481,-9.8165,2.6001,-1.8597,-0.2619,-0.3037
-2.6647,-10.5132,2.3319,-1.8059,-0.3688,-0.3165
-2.8538,-11.2123,1.7453,-1.7625,0.0019,-0.3031
-1.4101,-11.2147,1.6472,-1.8187,0.6775,-0.2487
1.2904,-10.5826,2.3846,-1.8633,1.3684,-0.1204
2.2218,-10.4701,2.6192,-1.7967,1.7697,-0.0478
2.4133,-10.5778,2.9065,-1.454,1.4404,-0.1424
0.0407,-12.1748,3.1675,-1.1767,0.7312,-0.341
-5.9905,-14.2984,1.3239,-0.9067,0.0232,-0.5761
-6.3928,-14.4445,0.8188,-0.63,-0.309,-0.7252
-6.8405,-15.4288,-0.5817,-0.3832,0.099,-0.6751
-5.8038,-16.8773,0.2801,-0.1706,1.8076,-0.4326
0.3543,-15.9387,3.6607,-0.1162,2.5266,-0.118
0.3543,-15.9387,3.6607,-0.2745,0.9469,0.3724
1.4484,-13.8172,4.0126,-0.2745,0.9469,0.3724
-0.3208,-12.1796,2.8083,-0.0717,0.0367,0.2393
-5.4327,-13.0103,2.782,0.2642,-0.4556,0.1098
-5.3417,-13.3743,2.8131,0.7841,-0.3664,0.02
-4.6495,-15.2013,2.8179,1.2288,-0.0646,0.1391
-4.1874,-15.175,2.1595,1.7327,0.0721,0.1983
-3.0095,-14.5546,0.2466,2.2288,0.0306,0.1965
0.5746,-13.3312,-0.8834,2.6686,-0.0787,0.238
4.7524,-12.1939,0.0215,3.15,-0.29,0.5166
6.6801,-13.2809,-0.905,3.4096,-0.5289,0.6009
6.5197,-14.1165,-6.5053,3.7724,-0.7836,0.5221
4.8267,-14.8733,-8.538,3.9685,-0.8447,0.3755
4.2161,-15.922,-7.0967,3.7657,-0.4861,0.2826
4.1994,-16.5086,-4.4173,3.2831,0.3898,0.4922
6.7543,-15.6921,1.0055,2.773,1.493,0.9271
6.7782,-15.6107,1.3886,2.6881,1.5913,0.9967
6.5675,-15.6395,2.229,2.8512,1.4759,0.7548
6.2012,-16.6331,-4.1922,3.1341,1.0538,0.4134
0.0526,-14.5474,-1.6089,3.3766,0.3281,0.0542
-0.158,-14.4612,-1.0893,2.9166,-1.7225,-0.2805
-1.4365,-14.4062,7.044,2.2691,-4.6864,-0.4161
-1.6543,-14.0159,5.3633,2.3173,-6.3242,-0.3892
-5.9259,-11.6504,-2.6958,3.2666,-6.3437,-0.4613
-5.9259,-11.6504,-2.6958,4.1567,-4.7512,-0.5847
-4.6208,-10.5922,-3.043,4.5079,-2.5606,-0.4955
-2.624,-8.5715,-3.3518,4.0259,-1.0426,0.067
-1.0031,-5.799,-3.6846,3.4615,-1.3291,0.3669
-0.1675,-3.9911,-3.9408,2.8946,-1.7506,0.4842
0.2322,-2.3487,-4.3454,2.4957,-1.9265,0.4378
-0.0215,-1.7022,-4.5322,2.3112,-1.9815,0.2771
-0.4237,-1.6328,-4.3239,2.2251,-2.1538,0.103
-0.4213,-1.4604,-4.2712,2.1213,-2.2717,-0.0704
-0.4477,-1.1994,-3.9432,2.0021,-2.2833,-0.1162
-0.0646,-1.0941,-3.5338,1.7957,-2.334,-0.1296
0.4979,-1.3575,-3.2082,1.5446,-2.3725,-0.1186
0.6033,-1.3575,-3.1244,1.2954,-2.4134,-0.0795
0.565,-1.4556,-2.7629,0.8232,-2.5643,0.111
0.5267,-1.5897,-2.4779,0.4756,-2.6865,0.2649
0.2944,-2.1763,-2.0614,0.1396,-2.6504,0.4543
0.2992,-2.2074,-2.0111,-0.1975,-2.4629,0.6589
0.8212,-2.2409,-1.4269,-0.5316,-2.1623,0.902
1.3551,-2.0446,-0.2944,-0.8627,-1.7934,1.1409
2.8371,-3.6894,7.0823,-1.3306,-1.0964,1.3761
2.8371,-3.9073,7.9753,-1.6049,-0.5716,1.505
5.5332,-6.3976,15.6658,-1.7625,-0.1892,1.6094
8.2698,-10.573,15.3163,-1.5597,0.0416,1.5477
9.4765,-15.7664,10.4845,-0.9317,-0.0561,1.2936
8.9426,-19.1709,14.8063,-0.9153,-0.6804,0.7805
9.3281,-24.3232,19.5731,-1.3587,-0.75,0.4103
7.0296,-26.1431,16.0752,-1.0576,-0.8997,-0.0184
3.462,-18.3856,8.1142,-0.0619,-1.2051,-0.4222
2.1595,-13.5347,5.2747,1.1262,-1.3884,-0.4002
1.877,-6.0384,3.5242,1.9087,-1.5081,-0.2188
4.5058,-1.5155,5.1933,1.9404,-1.2057,-0.0264
10.0008,-8.7271,5.4782,1.6045,-0.9534,0.1128
9.9338,-10.1876,5.3321,1.3186,-1.1764,0.1543
9.1078,-18.0145,5.8062,0.9783,-1.5619,0.0462
6.3473,-26.4927,7.8891,0.4566,-1.4476,-0.2157
-3.5601,-17.89,-2.7293,0.1121,-0.9626,-0.5517
-3.5601,-17.89,-2.7293,1.6032,0.5932,-1.11
-8.514,0.9672,-18.5365,1.6032,0.5932,-1.11
-3.9049,7.6162,-20.2244,1.5922,0.9707,-0.4882
9.0671,1.9704,4.8793,0.4157,1.5614,0.5587
9.8739,1.1947,7.0727,-1.0973,2.4728,1.3058
10.5802,-5.969,10.7263,-2.1663,1.755,1.4152
1.6065,-11.6193,-6.0719,-1.4064,-0.2271,0.866
-12.2083,-13.4892,-15.254,-1.1175,-0.6144,0.3877
-9.4789,-15.1654,-10.6042,-2.3508,2.2156,0.3028
-5.6338,-16.1686,-3.0382,-3.782,5.4734,0.7389
-4.3311,-17.4567,2.6623,-4.3477,6.6352,0.8428
-2.2649,-17.1885,1.8674,-3.7271,4.9486,0.3297
-1.4748,-15.1989,0.2633,-3.0319,2.5699,0.0493
-1.2761,-12.7182,-1.5945,-2.5127,0.7746,-0.1736
-0.9169,-10.9034,-1.5586,-2.2023,0.4588,-0.3514
1.0606,-9.3807,-1.3623,-2.2286,0.7135,-0.3843
1.3383,-9.4286,-1.2761,-2.6348,0.9951,-0.2658
2.2816,-9.6225,-0.7829,-2.972,1.1692,0.0584
2.4229,-9.1629,0.2513,-3.1877,1.3769,0.4518
0.9672,-8.3847,0.3902,-3.1834,1.7251,0.7622
0.9672,-8.3847,0.3902,-2.8883,2.2944,0.7005
-0.395,-8.921,-0.4836,-2.8883,2.2944,0.7005
-1.0127,-9.5651,-0.6057,-2.5896,2.2755,0.4408
-0.9888,-9.7806,0.5578,-2.3997,2.0489,0.3248
-0.9888,-9.7806,0.5578,-2.2091,1.6152,0.2289
-0.7613,-9.5387,1.3814,-2.027,1.066,0.1464
-0.3519,-9.352,1.4269,-1.9366,0.5639,0.0902
-0.6751,-8.8061,0.7757,-1.8719,0.4881,0.1073
-0.486,-8.593,0.9792,-1.8969,1.2792,0.1855
0.0718,-7.9682,1.1468,-1.9653,1.967,0.2655
0.0718,-7.9682,1.1468,-1.6232,3.0055,0.2093
1.4293,-6.3162,-3.2728,-1.6232,3.0055,0.2093
1.7286,-6.0145,-3.7158,-1.4064,2.9145,0.1024
1.6759,-6.0696,-2.0566,-1.4388,1.8479,-0.1339
0.5003,-7.4151,0.6177,-1.6636,0.6775,-0.3178
-2.2601,-10.6784,2.7413,-1.8083,-0.4544,-0.4515
-2.5498,-10.9537,2.691,-1.7705,-0.9583,-0.5047
-3.4189,-11.9713,2.3678,-1.7014,-0.7543,-0.5151
-2.3678,-11.4852,2.3798,-1.7405,0.0098,-0.4583
2.2816,-10.1756,2.7796,-1.7253,1.6023,-0.1388
3.1507,-10.2259,2.6719,-1.5353,2.2505,0.0542
4.0509,-10.5515,2.7293,-1.2702,2.2126,0.0725
1.4556,-11.6648,3.3231,-0.9916,1.6048,-0.1052
-6.5556,-13.5442,0.0766,-0.6935,0.7667,-0.4356
-6.8213,-13.6783,-0.0766,-0.2244,-0.0573,-0.7405
-8.0591,-15.6203,0.0861,-0.1413,0.2596,-0.6769
-8.0759,-17.1526,1.7046,-0.217,1.3189,-0.476
-3.4763,-16.2691,3.9049,-0.3191,2.1167,-0.1522
-1.3024,-15.3761,4.762,-0.4064,1.8192,0.2405
-1.7932,-14.3559,3.201,-0.3294,0.8626,0.3798
-3.2704,-13.087,1.4915,0.216,-0.2479,0.1434
-4.9993,-12.9289,1.1348,0.5984,-0.626,0.081
-4.8482,-13.4102,2.0733,1.0125,-0.5631,0.092
-3.9743,-14.205,2.4061,1.4585,-0.4782,0.1256
-2.3391,-14.4109,1.209,1.9655,-0.6651,0.1024
3.608,-12.5459,-1.3431,2.3937,-0.929,0.0346
4.774,-12.3448,-1.0007,2.7486,-1.1086,0.1598
7.5611,-12.2873,0.043,2.8732,-0.8117,0.3681
6.9889,-12.6249,-1.5801,3.0846,-0.5185,0.2881
2.3942,-14.4684,-6.467,3.3729,-0.2925,0.0688
2.1883,-14.648,-6.704,3.5073,0.1576,-0.0209
3.4907,-15.2516,-5.0329,3.2459,1.2792,0.4812
5.1717,-15.9747,-2.1092,2.9398,1.8778,0.9992
7.0416,-16.4774,1.3455,2.7584,2.0916,1.2985
7.1517,-16.487,1.3407,2.781,1.8571,1.3437
7.6425,-17.3968,-2.9448,2.9502,1.405,1.1953
5.0975,-16.4343,-5.8828,3.1212,0.84,0.8819
0.6847,-14.7776,-3.5266,2.4768,-1.4678,0.3431
1.3096,-14.7512,3.5218,1.756,-3.7255,0.2845
0.1101,-14.6815,6.6011,1.3332,-6.1012,0.3914
-2.861,-13.4197,0.6464,2.0107,-6.9112,0.3193
-5.3992,-12.4645,-2.9568,3.1799,-5.855,0.202
-4.1371,-11.9641,-3.5577,3.9862,-2.706,0.4011
-3.1316,-10.1469,-3.1938,3.9471,-1.2552,0.731
-1.6089,-6.965,-3.5458,3.679,-0.7806,0.9082
-0.6009,-4.3742,-3.4931,3.4774,-0.9046,0.9442
-0.5674,-4.106,-3.5865,3.3295,-1.4598,0.8312
-0.7589,-2.7796,-3.7493,3.1836,-2.0451,0.5838
-0.5243,-2.1835,-3.7804,2.8274,-2.3981,0.2362
0.0071,-1.0582,-3.0957,2.4701,-2.3755,0.1055
0.0071,-1.0582,-3.0957,1.7731,-2.2625,-0.0203
0.1244,-0.7493,-3.2345,1.7731,-2.2625,-0.0203
0.3711,-0.5123,-3.1603,1.5336,-2.3896,-0.0618
0.6081,-0.6631,-3.5529,1.1946,-2.4824,-0.063
0.5937,-0.6871,-3.5817,0.9539,-2.5618,-0.0594
0.316,-0.9074,-3.5936,0.6729,-2.6706,-0.0276
-0.2729,-1.1013,-3.2537,0.3412,-2.6895,0.0554
-0.6392,-1.4915,-2.7365,-0.0319,-2.5374,0.1941
-1.0199,-1.7932,-2.0278,-0.4431,-2.2393,0.3932
-0.3351,-2.3367,-0.4453,-1.0985,-1.6681,0.7493
0.6871,-2.5306,2.0254,-1.5188,-1.3572,1.0102
3.4787,-4.7046,7.0416,-1.8132,-0.9846,1.1672
5.5883,-6.5292,9.8332,-1.9433,-0.6663,1.2258
10.1636,-11.0112,14.6288,-1.9433,-0.4647,1.2221
11.7582,-15.9675,14.768,-1.7949,-0.4147,1.0865
8.8708,-25.4871,19.6953,-1.418,-0.7702,0.4292
7.949,-26.938,19.9131,-1.3264,-1.3762,-0.0985
2.1763,-26.5621,16.2548,-0.7021,-1.7024,-0.5865
-0.7876,-19.1063,10.0655,0.5409,-1.6565,-0.9537
-0.7422,-3.881,3.1387,1.8024,-1.6077,-0.8028
-0.1915,-1.209,2.9209,2.3711,-1.6138,-0.2725
1.8674,3.1555,4.1683,1.9447,-1.2491,0.034
6.2778,-0.2896,4.7644,1.2819,-0.9931,0.2796
5.0329,-15.5246,4.5944,0.8372,-1.0701,0.494
5.0329,-15.5246,4.5944,0.4524,-1.4678,0.5557
5.3872,-24.1197,10.5754,0.0266,-1.5307,0.3627
4.774,-32.3441,5.4255,-0.2293,-0.8783,0.0572
-0.711,-20.119,-5.4949,0.4652,0.1161,-0.3959
-3.4572,-7.9562,-11.897,1.1952,1.1136,-0.76
-4.2449,3.6391,-17.9379,1.497,0.7325,-0.6794
1.2042,6.9027,-15.9268,0.9759,0.4295,0.0029
11.5858,0.1987,8.1956,-0.8609,2.3128,1.2857
13.0606,-3.0717,14.4564,-1.8682,2.1436,1.6015
5.8062,-9.0575,-0.1747,-1.6966,0.1454,1.3932
-6.8596,-11.8707,-14.5187,-0.9214,-1.5661,0.9246
-8.6481,-13.7885,-8.4877,-1.564,0.2077,0.6717
-8.0687,-13.9465,-6.7064,-3.0777,4.3408,0.8513
-5.8684,-14.6695,2.0757,-4.3208,7.2046,1.0664
-3.3494,-15.4431,3.699,-3.994,6.4575,0.7506
-1.5346,-14.1045,-2.0877,-3.085,4.43,0.4195
-1.5682,-13.7047,-2.1212,-2.3209,2.2028,0.056
-1.0247,-11.9976,-1.1444,-2.0124,0.9029,-0.2768
0.5865,-10.8627,-0.3591,-2.0038,0.515,-0.4399
