andar
2.296,-20.8852,17.6698,-1.9842,0.1553,0.6004
1.8746,-21.4741,17.8326,-1.7979,0.2359,0.1508
0.7038,-26.1838,19.1518,-1.3324,-0.7774,-0.3561
1.0055,-25.9923,14.7057,-0.3935,-1.6076,-0.3988
2.4564,-16.7624,8.7127,0.8526,-2.18,-0.3628
2.4564,-16.7624,8.7127,1.8745,-1.9216,0.1722
2.7174,-6.1605,6.0145,1.8745,-1.9216,0.1722
4.0916,-2.5617,6.2348,1.4989,-1.0248,0.3769
6.3305,-7.5635,8.5475,1.2313,-0.9246,0.4935
4.6758,-11.8946,10.7813,0.9418,-1.2906,0.4428
0.5027,-18.4598,9.5699,0.6528,-1.8055,0.1863
-4.5441,-22.8628,1.3192,0.7072,-2.0132,-0.0335
2.7293,-15.7257,-10.0391,0.9692,-1.4549,-0.0757
4.4963,-11.7031,-11.0375,0.7585,1.4295,0.4105
6.9171,-0.8451,-12.1508,0.4708,2.187,0.4984
10.6904,2.1164,-6.3305,0.2289,2.5731,0.5455
12.5961,-4.4556,6.7926,-0.2842,2.7459,0.6688
11.1165,-5.3465,6.8525,-0.7722,1.4595,0.4636
2.0709,-8.0472,-5.5404,-0.9396,-0.1189,-0.16
-7.0248,-9.5028,-15.5246,-1.0661,-0.9356,-0.5717
-2.7437,-15.2612,-6.795,-2.0612,1.1369,-0.2846
-2.7317,-15.4408,-6.2443,-3.1033,3.4973,0.0134
-3.9695,-16.0489,-2.4732,-3.4704,4.5144,-0.1233
-5.0472,-16.3338,0.0407,-3.3867,4.5022,-0.3341
-3.9456,-15.005,0.7517,-2.8968,3.3593,-0.2437
-2.5234,-13.7047,1.4652,-2.5853,2.3825,-0.0464
-0.6488,-11.7773,1.9345,-2.3501,1.859,0.0445
0.8331,-10.2211,0.9504,-2.2273,1.7154,-0.0054
1.9393,-8.7511,-0.711,-2.3092,1.6122,-0.1539
2.4205,-8.3033,-0.8858,-2.5444,1.6433,-0.3695
3.1411,-7.3409,-0.383,-2.8541,2.1394,-0.6774
3.5553,-6.9961,0.2753,-2.9445,2.4387,-0.8368
0.1939,-7.6952,-1.3886,-2.931,2.3434,-0.9022
0.5698,-8.1046,-1.8483,-2.8553,1.9555,-1.0091
0.3806,-9.2706,-3.5817,-2.7521,1.5108,-0.5864
0.3806,-9.2706,-3.5817,-2.3012,1.052,-0.4233
-3.8474,-9.3951,-1.0462,-2.3012,1.052,-0.4233
-3.7421,-9.3544,-1.0247,-1.9518,1.1846,-0.5833
-2.0901,-9.0958,-0.3758,-1.6684,1.38,-0.5723
-0.6823,-8.9665,0.2082,-1.6812,1.5096,-0.3946
0.9744,-8.2219,1.9009,-1.8113,1.7686,-0.2382
0.9768,-8.1573,1.8602,-1.8852,2.1809,-0.2302
0.8164,-7.7455,0.6153,-1.7172,2.121,-0.3567
0.5554,-7.3624,-0.6536,-1.4815,1.8174,-0.5363
-0.5865,-7.2834,-0.7876,-1.3672,1.3788,-0.6499
-1.3383,-7.6832,-0.2537,-1.3886,0.7826,-0.7244
-2.114,-8.4781,0.5147,-1.4833,0.2603,-0.7336
-2.1859,-9.4621,0.5578,-1.5945,-0.0255,-0.6603
-1.2641,-10.2857,0.4022,-1.6134,0.1327,-0.5809
-0.4548,-10.3935,0.4572,-1.6403,0.5419,-0.5131
1.1468,-11.0495,0.8068,-1.65,0.9842,-0.4593
2.3774,-11.1309,1.8507,-1.6439,1.2603,-0.4563
2.6024,-9.8284,3.3111,-1.5358,1.2872,-0.5754
2.521,-9.7997,3.1196,-1.3257,1.14,-0.7006
0.9409,-10.4773,2.138,-1.0141,0.9463,-0.8069
-1.8315,-11.4709,1.312,-0.727,0.7619,-0.9004
-7.6449,-13.4126,-0.1939,-0.5334,0.5908,-0.9547
-7.6449,-13.4126,-0.1939,-0.0722,0.6433,-0.766
-7.7527,-14.5187,-1.3215,-0.0722,0.6433,-0.766
-5.0424,-15.1942,0.7062,-0.0612,0.8235,-0.5406
-0.9193,-14.6719,4.7309,-0.1528,0.7985,-0.2669
-0.8954,-14.7632,4.7548,-0.1443,0.4491,-0.0842
-1.4006,-15.8286,4.1371,0.0395,0.1064,-0.0183
-2.2673,-15.8023,3.3159,0.4689,0.082,0.102
-3.2632,-13.8938,2.4803,0.7951,0.1314,0.229
-3.5649,-13.4197,1.9464,1.1672,0.041,0.3781
-3.7469,-14.4421,1.3862,1.5746,-0.133,0.5137
-1.9249,-13.8938,1.2521,1.9924,-0.3346,0.6218
1.4532,-11.399,1.1276,2.4262,-0.5539,0.7031
3.8426,-11.1979,0.8331,3.0468,-0.552,0.7373
8.4853,-11.2889,0.067,3.406,-0.505,0.7904
10.6305,-13.2953,-1.8698,3.6754,-0.3834,0.8222
8.7463,-17.3896,-5.8158,3.7774,-0.3382,0.7947
8.1812,-17.6865,-5.4111,3.6766,-0.2643,0.8002
6.3664,-18.0026,-3.3518,3.3192,0.0294,0.7855
5.5859,-17.2053,-3.213,2.9503,0.8187,0.8625
2.7437,-16.4152,0.4453,2.8727,1.4301,0.9321
2.5474,-16.1423,1.209,2.6491,1.895,0.9456
1.5562,-15.9531,2.2529,2.3718,1.9824,0.9553
-1.3575,-16.2117,0.8475,2.2313,1.7728,0.9938
-0.043,-16.0058,0.6105,1.9955,0.0038,1.1856
-0.1316,-15.9148,0.577,1.8959,-1.5276,1.3866
-1.5705,-14.8638,0.7613,1.9179,-2.6381,1.4056
-3.0406,-12.3831,-0.7637,2.0438,-3.0621,1.3591
-2.3367,-10.5754,-2.1045,2.3663,-2.2368,1.4147
0.6081,-8.4757,-2.3367,2.5624,-1.5948,1.5589
0.5698,-7.0847,-3.8283,2.5495,-1.7646,1.6829
1.2785,-5.7775,-4.4364,2.5483,-2.0181,1.4532
1.7812,-4.1683,-4.5872,2.4726,-2.6155,1.2577
1.8291,-3.7373,-4.6591,2.4543,-2.9991,1.061
1.6759,-2.9281,-4.2712,2.5202,-3.0749,0.857
1.9512,-2.4277,-4.0007,2.6003,-2.7597,0.5876
2.2266,-1.7501,-2.4205,2.4683,-2.6442,0.4893
2.2218,-1.7334,-2.2266,2.1433,-2.5636,0.4214
2.4372,-1.4317,-1.7573,1.7817,-2.4628,0.3646
2.5163,-1.13,-1.8483,1.5178,-2.3278,0.3042
2.0207,0.1532,-1.81,1.3254,-2.2453,0.2321
1.9656,0.1771,-1.7788,0.9692,-2.1861,0.1417
1.3766,0.0167,-2.0566,0.6149,-2.0688,0.1313
0.8403,-0.5123,-2.5258,0.26,-1.8336,0.1423
0.1939,-2.2409,-2.1643,-0.0893,-1.5801,0.2009
0.0861,-2.5402,-1.9895,-0.4528,-1.3584,0.2956
0.1316,-3.4189,-0.9217,-0.8016,-1.1775,0.4013
0.3495,-4.1467,1.3742,-1.2921,-1.0212,0.6316
0.8116,-5.0951,6.1917,-1.57,-0.8959,0.7757
2.2505,-6.1653,10.1014,-1.7875,-0.6498,0.9016
5.7128,-8.8947,15.855,-1.8767,-0.3046,0.9999
8.0591,-13.2929,14.7584,-1.7234,-0.0627,0.915
1.561,-18.8956,17.3465,-1.1449,-0.2576,0.2932
0.2681,-21.9913,19.9347,-1.0899,-0.7725,-0.193
-0.0478,-25.0586,18.5149,-0.6385,-1.1757,-0.3659
-0.0478,-25.0586,18.5149,1.5899,-1.4695,-0.3353
-0.1053,-8.8803,4.6974,1.5899,-1.4695,-0.3353
0.0263,-7.4199,5.1023,1.9405,-1.7328,0.0207
2.1739,-1.9225,7.7646,1.4781,-1.5514,0.4502
6.194,-2.5881,9.6225,1.1733,-1.2991,0.5815
6.0241,-18.7926,9.5316,1.0847,-1.0377,0.5632
5.574,-19.5157,8.9522,1.0633,-0.9717,0.3494
1.1037,-24.7545,-0.5147,1.1012,-0.9937,-0.2858
0.7924,-25.7888,-8.131,1.2063,-0.1867,-0.4428
2.0566,-1.6663,-12.1053,0.9387,1.8431,-0.2736
2.0805,-0.6991,-12.0191,0.9699,2.2127,-0.0238
5.0329,2.5881,-8.0855,0.8483,1.4992,0.2492
10.9178,0.553,1.3742,0.1348,1.5175,0.4477
6.5173,-5.6841,8.7367,-0.6183,0.6953,0.4868
-1.0031,-7.9155,-4.9778,-0.6482,-1.2588,-0.1466
-7.3337,-10.3983,-15.9795,-0.5309,-1.3156,-0.2626
-4.4556,-12.5291,-10.7263,-1.4796,0.9787,-0.1111
-0.7733,-15.7472,-0.2705,-2.6818,3.3586,0.0818
-2.3654,-16.3553,0.2466,-3.1265,4.4038,-0.0018
-3.881,-16.5684,-0.893,-2.7747,4.0459,-0.3152
-3.3231,-15.4001,-0.3136,-2.6091,3.0544,-0.1576
-0.4453,-12.4932,2.6192,-2.6219,2.2346,0.0525
0.1819,-11.8587,2.5857,-2.6195,1.7881,0.1655
1.3311,-10.1588,2.035,-2.5932,1.6152,0.1569
2.1787,-9.3759,0.5339,-2.705,1.7001,0.0348
2.5306,-8.1142,-1.1109,-2.8767,2.1455,-0.2871
2.5115,-7.9658,-1.2258,-3.0098,2.5572,-0.5595
1.6041,-7.4965,-1.7621,-3.132,2.8156,-0.8258
-0.2729,-7.712,-1.0366,-3.1986,2.7246,-1.1129
1.9369,-8.435,-0.5267,-3.242,2.3159,-1.102
1.7693,-8.3345,-0.5841,-3.0544,1.7863,-0.4526
-0.3734,-7.7551,-0.5578,-2.5712,0.906,-0.2302
-2.8179,-7.7311,0.1125,-2.3134,0.5145,-0.477
-2.8562,-8.1621,-0.0742,-2.0606,0.352,-0.6206
-1.8602,-8.1357,-0.6248,-1.782,0.5804,-0.6328
-0.462,-8.1405,-1.154,-1.6372,1.0777,-0.5754
0.237,-8.2243,-1.2569,-1.8358,1.7838,-0.4135
0.9816,-8.0615,-1.0223,-2.0502,2.1644,-0.3481
1.1516,-7.8508,-0.7158,-2.1607,2.3904,-0.3518
1.4245,-7.305,-0.3902,-2.1149,2.3776,-0.4489
2.0087,-6.977,-0.6224,-1.9262,2.1357,-0.5827
1.7453,-6.9315,0.079,-1.7185,1.6262,-0.7153
1.4341,-7.1326,0.3447,-1.611,0.7185,-0.9132
-0.1987,-8.6361,1.118,-1.6397,0.3831,-1.0115
-1.1635,-9.9386,1.6639,-1.6568,0.2884,-1.0537
-2.3439,-12.5171,1.8435,-1.6879,0.3868,-1.0109
-2.5091,-12.7039,1.7262,-1.7234,0.6739,-0.926
-2.3654,-12.7278,1.3766,-1.7148,1.4039,-0.7507
-1.3144,-11.672,1.8028,-1.5975,1.8687,-0.5766
1.2354,-10.3671,3.0669,-1.3672,2.0196,-0.455
1.1348,-10.4007,3.0693,-1.0312,1.7673,-0.4324
-1.2785,-10.9202,2.6192,-0.6678,1.286,-0.5308
-4.5202,-11.6456,1.2713,-0.3697,0.9066,-0.7079
-7.19,-13.3862,-1.2761,-0.107,0.611,-0.8008
-7.4534,-14.7345,-2.1068,-0.041,0.7069,-0.7605
-7.3433,-15.9292,-0.8475,-0.0813,0.7948,-0.6866
-4.6878,-14.9164,2.9257,-0.1919,0.5291,-0.5546
-1.9033,-14.2936,4.8099,-0.3055,-0.0242,-0.2852
-1.561,-15.1295,4.0725,-0.2109,-0.216,-0.0855
-0.5123,-15.6562,2.2385,0.2539,0.2738,0.0354
-0.3375,-14.2098,2.2673,0.5642,0.3074,0.1704
-3.4691,-14.6432,3.0119,0.8544,0.1302,0.2504
-3.6535,-14.9164,2.861,1.2563,-0.1446,0.2412
-2.9735,-14.7488,2.77,1.7438,-0.4256,0.2993
-1.2521,-13.6304,2.0326,2.472,-0.9039,0.4349
4.8841,-12.7661,0.3974,2.9564,-0.8465,0.5283
6.048,-12.7182,0.3471,3.3357,-0.7316,0.6743
8.7487,-13.1181,-0.7158,3.5697,-0.6443,0.8271
10.0296,-15.6155,-3.0645,3.7352,-0.4189,0.8759
8.1525,-18.2037,-4.7572,3.7566,-0.2441,0.9755
7.858,-18.1725,-4.6016,3.3773,0.4192,1.0726
5.6961,-17.2723,-4.3598,3.0114,1.0655,1.0848
3.2656,-16.1542,-4.4412,2.8464,1.6519,1.127
2.0853,-15.2516,-1.288,2.654,2.1839,1.1691
2.2266,-15.1127,0.1819,2.3425,2.4766,1.2736
-1.4245,-15.7017,0.6177,2.0242,1.9201,1.3139
-1.7932,-16.159,2.6288,1.7395,-0.3498,1.3567
-0.7493,-16.1231,2.5091,1.8018,-2.8073,1.5644
-1.4987,-15.0385,1.3934,2.1006,-4.2685,1.623
-1.4987,-15.0385,1.3934,2.9148,-2.7023,1.5161
-1.4365,-11.8276,-1.2737,2.9148,-2.7023,1.5161
1.8076,-8.1286,-3.2297,2.9753,-1.7518,1.7806
1.968,-7.6952,-3.5314,2.8385,-1.8208,1.7818
2.5929,-6.1749,-4.3311,2.6589,-2.139,1.6273
3.031,-4.6016,-4.458,2.4604,-2.5624,1.5106
1.9081,-2.8826,-3.948,2.3357,-2.8849,1.3799
1.7022,-2.8299,-3.8881,2.3382,-3.1042,1.1789
0.9385,-2.1859,-3.2752,2.3822,-3.1488,0.89
0.8571,-1.9129,-2.6288,2.2783,-2.9857,0.777
1.458,-0.4094,-1.3862,2.015,-2.734,0.6994
1.5107,-0.2705,-1.446,1.7395,-2.45,0.5986
1.8291,0.2489,-1.7836,1.4915,-2.1708,0.3543
1.9776,0.1268,-1.9656,1.3022,-2.139,0.174
1.731,-0.3758,-2.2218,1.0224,-2.1543,0.039
1.4341,-0.8571,-2.6503,0.7151,-2.1421,-0.025
1.3144,-1.2282,-2.8371,0.3816,-2.1189,0.0048
1.051,-1.8483,-2.5282,0.009,-2.004,0.102
0.9169,-2.8706,-1.8195,-0.3776,-1.7792,0.2376
0.8236,-2.9855,-1.1013,-0.9268,-1.4414,0.4984
0.9361,-3.1699,0.7972,-1.264,-1.2649,0.6475
1.1516,-3.7038,3.2489,-1.5706,-1.0816,0.7648
4.2928,-6.3162,11.5475,-1.8254,-0.8483,0.8503
5.0664,-7.0895,12.7853,-1.9989,-0.5832,0.8991
6.8716,-11.9353,15.6491,-1.9836,-0.2802,0.7171
5.1119,-16.7959,17.0161,-1.7343,-0.304,0.3481
-1.4149,-28.3745,22.8125,-1.5609,-0.7499,-0.1001
-1.7573,-29.3945,21.7279,-1.2096,-1.2826,-0.3756
-2.2409,-27.0386,11.8899,-0.0917,-1.486,-0.5076
-1.3694,-17.4806,6.0624,1.3278,-1.6021,-0.4899
2.6503,-1.3646,6.8429,2.0822,-1.2649,0.171
2.9999,-0.7972,6.8477,1.8513,-1.0853,0.4783
6.151,0.6847,7.032,1.5813,-1.2875,0.6261
8.1573,-8.2531,7.8772,1.3468,-1.6229,0.62
3.5841,-15.9244,4.7022,1.0847,-1.8,0.4648
0.1197,-18.965,1.9416,0.7988,-1.8012,-0.0842
0.8834,-21.8357,-7.4773,0.8129,-0.9265,-0.1777
5.8206,-15.321,-3.7924,0.7304,1.0716,0.0073
4.4747,-2.4157,-10.087,0.5557,2.0434,0.039
4.7285,-0.4668,-8.3273,0.5612,1.187,0.0464
9.4406,-1.7669,-1.2114,0.0548,1.3855,0.1178
8.4494,-4.8937,6.3904,-0.6885,0.8254,0.1032
-4.6208,-9.4885,-9.3137,-0.7527,-0.2454,-0.1594
-4.6208,-9.4885,-9.3137,-1.1198,-0.2674,-0.1221
-8.1046,-12.4549,-13.2522,-1.1198,-0.2674,-0.1221
-3.1914,-14.744,-5.6745,-2.3226,2.3617,0.1637
-3.1914,-14.744,-5.6745,-3.0404,4.3513,0.1508
-3.1387,-14.7057,0.0694,-3.0404,4.3513,0.1508
-3.1483,-14.0542,-0.3711,-2.6439,3.5663,0.1001
-1.9991,-13.2665,0.4453,-2.424,2.5615,0.207
1.4437,-10.3863,1.8579,-2.3941,1.8345,0.2974
1.5849,-10.245,1.8363,-2.4008,1.4692,0.2608
2.4732,-9.3352,0.8403,-2.4521,1.4729,-0.0042
3.1316,-9.0839,-0.4405,-2.5456,1.6843,-0.2797
3.1603,-8.7894,-1.7477,-2.6684,1.9848,-0.5674
2.5929,-8.8971,-2.4756,-2.8174,2.2817,-0.8417
0.9457,-9.2083,-1.6017,-2.9347,2.4558,-1.0537
2.1715,-9.7423,-0.8547,-3.0947,2.3147,-1.0177
1.707,-8.2411,-0.2154,-2.8644,1.8577,-0.1087
0.8619,-7.6761,-0.2753,-2.5804,1.4735,-0.0024
-0.7661,-7.5085,-0.4477,-2.3489,1.1455,-0.1997
-1.8866,-7.5492,-0.5219,-2.1284,1.038,-0.3769
-1.2497,-7.9849,-0.802,-1.9359,1.1968,-0.441
-1.0654,-8.1405,-0.7733,-1.8559,1.7258,-0.4025
-0.462,-8.538,-0.6847,-1.9213,2.0526,-0.342
-0.5746,-8.775,-0.4644,-1.9946,2.3061,-0.3274
-0.8451,-8.0783,0.067,-2.0086,2.3642,-0.375
-0.8475,-7.9514,0.0718,-1.9329,2.2206,-0.4593
-0.462,-7.4965,-0.4261,-1.7582,1.9378,-0.5552
0.0526,-7.4151,-0.5554,-1.468,1.3355,-0.6866
-0.8044,-8.3871,0.0766,-1.41,0.9127,-0.7446
-0.881,-8.4829,0.1101,-1.4307,0.5474,-0.7996
-1.5298,-9.4382,0.5219,-1.4876,0.3312,-0.8148
-1.7214,-10.5395,0.7924,-1.5767,0.2432,-0.7819
-1.6879,-11.5259,0.4453,-1.6989,0.4491,-0.6756
-1.4437,-11.7989,0.225,-1.7624,0.7826,-0.6133
-0.158,-11.7414,0.5841,-1.796,1.1681,-0.5546
1.458,-10.5347,2.1045,-1.7386,1.4674,-0.4978
2.9592,-9.6417,4.2233,-1.5639,1.5041,-0.4917
1.9656,-10.0798,4.3358,-1.2799,1.1986,-0.5528
-0.9552,-11.4852,2.885,-0.779,0.5291,-0.7898
-0.9552,-11.4852,2.885,-0.3129,0.3715,-0.9419
-7.2786,-14.4109,-2.557,-0.3129,0.3715,-0.9419
-6.7519,-14.9883,-2.6886,-0.1553,0.7026,-0.8338
-5.1023,-15.6586,-1.4125,-0.0942,1.0093,-0.6243
-3.8642,-15.9795,1.4293,-0.1815,0.9744,-0.4532
-1.0295,-16.6307,3.6224,-0.1834,0.038,-0.2131
-0.9768,-16.59,3.7493,-0.0233,-0.414,0.0445
-0.9768,-16.59,3.7493,0.5465,-0.1018,0.2681
-2.0398,-14.49,1.482,0.5465,-0.1018,0.2681
-2.3511,-14.8709,1.0031,0.8862,-0.0163,0.3738
-2.3463,-14.8231,0.9481,1.3895,-0.0474,0.5241
-1.3646,-14.1356,0.7733,1.8165,-0.2747,0.5161
1.3551,-12.5698,0.2873,2.2716,-0.4696,0.4948
6.5628,-10.7119,1.0199,2.701,-0.4103,0.5308
9.1557,-11.0495,0.6679,3.0523,-0.1293,0.6524
11.842,-12.5842,-0.5291,3.3186,0.1601,0.777
10.8173,-14.3655,-2.3391,3.4683,0.2707,0.8552
7.1565,-15.4336,-4.6974,3.409,0.3862,0.6994
6.0815,-15.673,-4.1898,3.1983,0.7643,0.6084
4.8003,-16.0489,-4.1299,2.9387,1.4851,0.6963
3.098,-15.7592,-2.8347,2.753,2.1009,0.8197
-0.0215,-15.5533,1.209,2.5263,2.5175,0.8643
-0.565,-15.7137,1.4508,2.1433,2.5053,0.879
-2.6599,-16.8198,2.2984,1.9295,1.5603,0.9364
-2.0661,-17.6051,1.9823,1.8391,-0.3394,1.0732
-2.1116,-15.0697,0.3615,1.8861,-2.1965,1.2449
-2.1116,-15.0697,0.3615,2.5801,-2.69,1.3158
-1.0271,-11.3799,-0.9744,2.5801,-2.69,1.3158
-0.5626,-9.4214,-1.6567,2.8257,-1.6992,1.3194
1.1587,-6.2228,-3.4045,2.9387,-1.384,1.2712
1.142,-6.1007,-3.4668,2.9234,-1.7573,1.152
1.5011,-5.1214,-3.8522,2.844,-2.1219,0.9566
1.5155,-4.1419,-3.9624,2.7921,-2.3638,0.8161
2.0063,-3.3039,-4.1419,2.7304,-2.5172,0.6627
1.5729,-2.9544,-3.517,2.6345,-2.5874,0.5784
1.1037,-2.8969,-2.7964,2.4506,-2.5147,0.4764
0.9983,-2.7605,-2.3032,2.2331,-2.3064,0.4245
1.0821,-2.6767,-1.7956,1.9882,-2.1775,0.4074
1.1324,-2.4037,-1.6974,1.6583,-2.0828,0.3854
1.4748,-1.5538,-1.5729,1.4671,-2.15,0.3543
1.5251,-0.8451,-1.6041,1.2673,-2.2337,0.3194
1.1061,-1.0702,-1.5729,0.9906,-2.2777,0.2822
1.0462,-1.1779,-1.6041,0.6461,-2.2166,0.2474
0.6033,-1.6136,-1.7908,0.3462,-2.0633,0.2651
0.6248,-2.0566,-1.7334,-0.0826,-1.6919,0.3817
0.4501,-2.5617,-0.8379,-0.3843,-1.3877,0.5021
0.4548,-2.6144,-0.7278,-0.6812,-1.133,0.6157
0.5003,-3.0334,0.237,-0.961,-0.9815,0.722
0.4118,-3.8379,2.6527,-1.2194,-0.9527,0.8301
3.0238,-7.2068,12.826,-1.4558,-0.9589,0.9205
3.3494,-7.5563,13.6065,-1.6714,-0.8947,1.0506
5.2005,-11.3105,16.2979,-1.5438,-0.8428,1.0403
3.7158,-15.2684,12.7733,-1.0697,-0.8923,0.7825
-1.2497,-20.1358,16.2261,-0.7502,-1.0261,0.3292
-0.9792,-23.0352,18.1223,-0.8101,-1.2942,-0.072
0.2274,-22.7933,14.047,0.0126,-1.318,-0.3866
1.4317,-17.8254,7.8844,0.9747,-1.6864,-0.3555
1.7286,-9.1174,4.774,1.5435,-2.1641,0.0091
2.6695,-5.4758,5.9211,1.5966,-2.147,0.2864
2.6695,-5.4758,5.9211,1.2832,-1.8434,0.5021
7.5444,-5.9714,7.6617,1.2832,-1.8434,0.5021
7.5085,-18.5221,7.8532,1.0896,-1.5923,0.5461
7.5085,-18.5221,7.8532,0.6656,-1.1946,-0.116
3.7253,-24.709,6.1055,0.6656,-1.1946,-0.116
1.9464,-25.7649,1.9153,0.6046,-0.4934,-0.4465
0.4716,-1.2713,-14.636,0.9949,0.611,-0.5827
0.8571,0.3351,-15.5174,1.7695,1.7502,-0.3836
4.5657,5.0065,-11.4757,1.3645,1.7398,0.0873
8.8516,4.1515,-4.1802,0.1653,1.5328,0.488
0.6512,-5.301,3.3854,-0.914,1.1846,0.4612
0.6512,-5.301,3.3854,-1.435,0.4014,0.0519
-5.2028,-10.2379,-11.0208,-1.2774,-0.3999,-0.0678
-5.4806,-14.2936,-14.387,-1.5767,1.1265,0.1404
-0.8331,-17.3777,-5.4997,-2.7423,3.4784,0.2266
-1.6927,-18.2707,-0.9552,-3.4264,4.7105,-0.0128
-4.4843,-19.0081,1.2641,-3.3428,4.5297,-0.4349
-4.3742,-18.0313,1.0438,-2.8913,3.5382,-0.5436
-1.3,-14.1356,1.4796,-2.413,1.9109,-0.1185
0.5027,-12.091,1.5753,-2.3043,1.1901,0.1435
2.521,-9.2155,1.7214,-2.3263,1.0282,0.2449
3.7205,-7.8341,0.7517,-2.5205,1.187,0.1588
4.8626,-7.5109,-1.0055,-2.7521,1.4344,-0.0439
4.9203,-7.53,-0.9983,-2.9023,1.8596,-0.328
4.2832,-7.6521,-0.5985,-2.9659,2.4912,-0.8576
1.731,-7.9131,0.1101,-2.9249,2.5505,-1.2651
1.1492,-9.8979,-0.8283,-2.8309,2.1168,-1.3946
1.1492,-9.8979,-0.8283,-2.267,0.8388,-0.3646
-1.9321,-9.6393,-1.1803,-2.267,0.8388,-0.3646
-3.7972,-9.6321,-0.5506,-2.1956,0.3886,-0.4361
-3.3016,-8.7487,0.6153,-2.0593,0.4662,-0.4996
-3.0621,-8.6577,0.7086,-1.8883,0.8523,-0.3933
-0.7829,-8.2674,0.9768,-1.8052,1.2035,-0.2168
0.4309,-7.6545,0.6607,-1.807,1.4112,-0.072
1.3694,-7.1757,0.1149,-1.8474,1.6171,-0.0256
1.5442,-6.9267,-0.2106,-1.8828,1.9634,-0.1246
1.379,-6.692,-0.644,-1.8278,2.0465,-0.2761
1.5275,-6.9147,-1.5035,-1.6916,1.983,-0.4624
1.7908,-7.5611,-1.9201,-1.5603,1.65,-0.6298
1.7501,-7.9322,-1.4173,-1.5193,1.0709,-0.7703
0.893,-8.6768,-0.1197,-1.592,0.4069,-0.8839
-0.3208,-9.5435,1.1061,-1.782,-0.1067,-1.0042
-1.561,-10.6018,1.8435,-1.8718,-0.0401,-0.9987
-1.537,-10.7119,1.7238,-1.9103,0.2976,-0.9358
-1.1156,-10.7622,1.4724,-1.8822,0.8193,-0.8319
0.1963,-10.4509,1.8148,-1.7612,1.3593,-0.7098
1.1659,-11.0255,3.5266,-1.4356,1.6446,-0.5534
1.0223,-11.1046,3.5577,-1.1388,1.4143,-0.5277
-0.7637,-11.7989,3.2058,-0.8278,1.0593,-0.5815
-3.8331,-12.5243,1.7717,-0.5444,0.8083,-0.6499
-7.0799,-14.4349,-1.7094,-0.3019,0.7295,-0.711
-7.1158,-14.6432,-1.8124,-0.1217,0.7527,-0.7208
-6.6633,-15.7759,-1.1875,-0.0386,0.7875,-0.6591
-4.5753,-15.3043,2.0566,-0.1253,0.4815,-0.5155
-1.6424,-13.7741,5.9187,-0.2396,-0.0493,-0.2773
-1.2473,-14.2577,5.866,-0.1864,-0.1965,-0.1044
-1.2018,-15.5892,3.6535,0.0762,0.1571,-0.0384
-1.3551,-14.7584,2.2074,0.4366,0.4057,0.0568
-3.7253,-13.8603,2.3127,0.9161,0.1834,0.2009
-4.3454,-14.3535,2.1739,1.2557,-0.0371,0.262
-3.9001,-13.9991,1.7357,1.6705,-0.1379,0.372
-1.5897,-12.1029,1.2378,2.125,-0.3388,0.4966
4.2377,-10.901,0.0119,2.5703,-0.5331,0.5888
5.4758,-10.937,0.1939,3.1213,-0.5978,0.7122
9.2323,-11.7199,0.1532,3.3315,-0.6663,0.8265
10.4701,-14.387,-0.0407,3.4671,-0.6424,0.8466
8.9402,-18.9052,-3.055,3.5074,-0.6296,0.8405
8.9402,-18.9052,-3.055,3.2704,0.3312,0.8442
5.7751,-18.7328,-4.0318,3.2704,0.3312,0.8442
3.8833,-17.5836,-5.04,2.7957,1.6684,0.9767
1.4532,-15.5341,-2.2912,2.4793,2.4839,1.0965
1.4532,-15.5341,-2.2912,2.1195,2.8834,1.1985
-0.2202,-15.7257,-1.142,1.8635,2.6427,1.3127
-1.6184,-15.0074,0.8259,1.7084,1.8003,1.3555
0.0287,-14.9212,1.0965,1.5642,-1.2698,1.5748
-0.4525,-14.5785,1.1635,1.7004,-2.8,1.6584
-1.3096,-13.1205,-0.0071,1.8635,-3.753,1.576
-1.4413,-11.2722,-1.3623,2.1183,-3.4329,1.5137
0.5985,-9.601,-2.3391,2.2698,-2.6131,1.5393
1.6017,-8.6433,-2.4756,2.2698,-2.0431,1.5827
2.6599,-6.8022,-3.1387,2.0224,-1.9289,1.6212
2.9185,-5.5476,-3.9791,1.9491,-2.3327,1.4947
2.2792,-3.6128,-3.9264,1.9839,-2.6986,1.3292
2.126,-3.2225,-3.8355,2.0932,-2.9643,1.1508
1.221,-2.3487,-3.6343,2.2667,-3.0395,0.9743
1.0989,-1.7525,-3.3423,2.464,-2.8996,0.802
0.9121,-1.3958,-1.8459,2.4524,-2.5318,0.6481
0.8547,-1.3862,-1.719,2.0798,-2.4347,0.5491
0.8475,-1.2641,-1.6184,1.6595,-2.3956,0.4056
1.0917,-1.1731,-1.9225,1.3632,-2.3101,0.2803
1.0127,-0.9217,-1.81,1.1354,-2.2753,0.1918
0.9241,-0.9792,-1.8291,0.6992,-2.315,0.1252
0.5554,-1.4006,-2.0757,0.3504,-2.2979,0.1142
0.2346,-2.0063,-2.1068,0.0285,-2.1281,0.1905
0.3399,-2.8874,-1.5538,-0.2921,-1.8526,0.3109
0.1101,-3.2872,-1.1803,-0.6036,-1.5899,0.4605
0.1005,-3.7828,-0.1436,-0.8626,-1.4213,0.5852
0.1005,-3.7828,-0.1436,-1.3568,-1.2313,0.821
1.2569,-5.9379,6.7064,-1.3568,-1.2313,0.821
2.4851,-6.9171,9.5411,-1.4863,-1.0957,0.9028
5.4231,-9.917,14.9068,-1.5041,-0.9332,0.9608
6.9985,-14.5211,15.4623,-1.3501,-0.789,0.8655
-0.1939,-22.5755,20.9666,-0.9158,-0.8416,0.2614
-0.4357,-23.6768,21.8117,-0.8052,-1.0383,-0.226
-0.8978,-26.4975,18.5053,-0.2463,-1.0688,-0.3799
0.1915,-21.285,7.5875,0.9686,-1.3016,-0.3549
0.8164,-7.1565,5.0089,1.9533,-1.7713,-0.0293
1.5466,-5.6554,5.6506,2.1067,-1.7359,0.3671
4.7668,-1.9632,8.0831,1.6216,-1.6387,0.6359
7.8963,-6.4742,8.1214,1.4524,-1.8122,0.6731
4.2281,-23.004,8.1836,1.3663,-1.9228,0.5955
4.2281,-23.7199,7.9179,1.202,-1.8538,0.2382
-2.3151,-25.9612,2.1428,1.1067,-1.5801,-0.2632
-1.7836,-19.1182,-4.5441,1.2056,-0.7432,-0.5876
2.5234,-2.0254,-15.0792,1.4054,0.9695,-0.2944
4.9108,3.7301,-16.3673,1.2356,1.2829,-0.0073
10.8053,2.9424,-8.0184,0.4011,1.6806,0.4172
12.9696,-0.6655,3.7421,-0.7252,2.2768,0.6505
3.5434,-5.7559,4.0222,-1.4961,1.4265,0.3555
-3.2944,-8.1381,-8.4063,-1.0581,-0.621,-0.3268
-7.8245,-11.648,-14.8254,-0.9799,-0.5422,-0.2987
-2.9735,-15.1822,-10.1995,-2.0184,1.931,0.0073
-2.9927,-17.0975,-0.2466,-2.9292,4.0245,0.1563
-3.8187,-17.1287,0.553,-3.1656,4.6512,-0.1093
-4.9227,-16.6905,0.6009,-2.9793,4.2694,-0.3115
-4.1252,-14.9092,0.656,-2.567,2.8003,-0.0671
-0.6751,-10.7454,2.126,-2.49,1.9628,0.1545
-0.6751,-10.7454,2.126,-2.5065,1.4821,0.2816
1.8148,-8.7032,1.9273,-2.5065,1.4821,0.2816
2.9376,-7.6258,0.5075,-2.6213,1.4662,0.1905
3.7229,-7.9921,-1.6232,-2.7496,1.6116,-0.1655
3.6774,-7.9921,-1.6424,-2.8046,1.9323,-0.4764
3.0095,-8.4254,-1.2976,-2.8669,2.2658,-0.7977
1.4317,-8.4829,-0.8882,-2.906,2.3935,-1.0916
-1.4867,-8.7463,-0.5195,-2.8498,2.2053,-1.3341
-0.7733,-9.5387,-1.2066,-2.7716,1.8382,-1.3573
-0.8283,-9.4095,-1.4245,-2.4509,1.4643,-0.2755
-2.272,-9.1509,-0.8667,-2.2963,1.3006,-0.0781
-2.8491,-9.0312,-0.4237,-2.2169,1.3355,-0.2364
-2.1954,-8.8492,-0.4572,-2.0978,1.5083,-0.3286
-0.9864,-8.5188,0.0023,-1.9763,1.7386,-0.2932
-0.2513,-8.1836,-0.0837,-1.9799,2.0325,-0.1991
1.3862,-7.6593,-0.3543,-2.0239,2.2621,-0.1979
1.5131,-7.5037,-0.4716,-2.0092,2.4313,-0.2797
1.7956,-6.9817,-1.3503,-1.8858,2.3104,-0.4489
0.8499,-6.7902,-2.0973,-1.6922,1.8101,-0.645
-1.458,-8.2914,-0.5195,-1.5413,1.1357,-0.8753
-1.6567,-8.6409,-0.1532,-1.5664,0.3807,-0.9883
-2.0159,-9.9601,1.2138,-1.6592,0.2188,-0.9022
-1.7262,-10.7694,1.6831,-1.6959,0.2952,-0.7892
-0.7661,-11.1955,0.8882,-1.7008,0.5175,-0.6786
-0.6751,-11.1381,0.8571,-1.7117,0.8767,-0.5888
0.3136,-10.6377,1.3814,-1.7343,1.3012,-0.5119
1.2737,-10.008,2.5474,-1.6983,1.749,-0.444
1.4077,-9.9865,3.5841,-1.5004,1.7337,-0.4599
0.462,-10.269,3.1244,-1.1552,1.41,-0.5558
-2.2457,-11.32,1.8794,-0.7893,0.975,-0.6768
-5.4327,-12.34,0.5339,-0.5193,0.6861,-0.777
-7.8317,-14.5474,-1.9201,-0.2487,0.6262,-0.7971
-7.4845,-15.5796,-2.3151,-0.1192,0.8046,-0.7043
-4.513,-15.7113,-0.304,-0.0868,1.0777,-0.5558
-1.2617,-14.8063,2.9065,-0.1608,1.0483,-0.3787
-0.9792,-14.4876,4.6279,-0.1937,0.6134,-0.1887
-1.4365,-14.744,4.2353,-0.132,0.2335,-0.0897
-3.031,-15.0816,2.8586,0.3181,0.1009,-0.0708
-3.5649,-13.5155,1.877,0.5966,0.2096,0.036
-3.8618,-13.4964,2.6168,0.8892,0.1259,0.1942
-3.8426,-13.7501,2.5187,1.1769,-0.0364,0.339
-3.1172,-14.0398,1.8148,1.5599,-0.166,0.4379
-1.4221,-12.905,1.379,2.2197,-0.4305,0.5351
4.7812,-11.9641,0.1795,2.6424,-0.5502,0.5528
5.3082,-11.988,0.1532,3.0364,-0.5642,0.5699
8.538,-12.6775,-0.407,3.3638,-0.4934,0.6304
9.4478,-14.3128,-1.7669,3.5789,-0.3187,0.6542
8.5236,-17.4279,-4.8171,3.6638,-0.2478,0.6982
6.8764,-18.0409,-4.4699,3.483,0.1186,0.8093
6.0312,-17.6913,-3.5553,3.1769,0.5896,0.8881
5.2268,-17.0377,-3.7493,2.9979,1.1827,1.0067
2.9712,-15.8502,-1.3862,2.8153,1.8022,1.0861
2.217,-15.254,0.4309,2.4671,2.209,1.105
-0.7709,-15.8597,0.5482,2.1097,2.2847,1.1435
-0.9888,-16.4774,1.9081,1.8153,1.1754,1.2473
-1.8938,-16.4104,1.6855,1.6626,-0.8581,1.477
-1.956,-16.2787,1.6879,1.6876,-2.7383,1.5558
-3.2992,-14.2338,0.4333,1.808,-4.0737,1.5803
-3.0214,-11.8348,-1.1851,2.2343,-3.6937,1.6297
0.2011,-8.4685,-2.8993,2.7218,-2.1335,1.7922
0.3974,-8.1046,-3.1459,2.8232,-1.8605,1.8668
1.0007,-6.625,-4.0653,2.8098,-2.1281,1.722
1.4149,-5.5644,-4.5489,2.7163,-2.53,1.4581
1.8459,-3.8881,-4.4771,2.6167,-2.7762,1.2052
1.8459,-3.8881,-4.4771,2.5422,-2.7627,0.9865
1.6663,-3.541,-4.1204,2.5679,-2.4958,0.6462
2.0374,-3.1771,-3.3063,2.5282,-2.431,0.5045
2.3343,-2.3678,-2.2194,2.2881,-2.4952,0.4569
2.2385,-2.0518,-1.81,1.9558,-2.4561,0.4465
2.2074,-1.47,-1.6519,1.6406,-2.4005,0.4178
2.1212,-0.5075,-1.8411,1.3382,-2.3254,0.3341
1.9201,0.3471,-2.114,1.194,-2.2441,0.2516
1.4317,0.1268,-2.3822,0.9448,-2.2356,0.1704
1.0319,-0.2968,-2.9592,0.6369,-2.1818,0.1026
0.7445,-0.7613,-2.9879,0.3193,-2.0688,0.1038
0.6464,-2.6048,-2.0422,-0.0227,-1.9142,0.1637
0.656,-2.8874,-1.8219,-0.5187,-1.654,0.3573
0.2896,-3.4284,-0.7852,-0.8327,-1.4756,0.5229
0.7733,-4.0342,1.3479,-1.1479,-1.2508,0.6652
3.6391,-5.7104,7.9514,-1.4607,-0.9857,0.8197
4.288,-6.1749,9.0743,-1.724,-0.7151,0.9401
6.807,-9.2467,14.15,-1.8858,-0.5251,1.0018
5.4734,-14.2745,16.7911,-1.7936,-0.516,0.7263
-2.1356,-24.0383,22.4845,-1.4973,-0.5966,0.24
-2.3463,-24.4741,22.4965,-1.2536,-0.8886,-0.1594
-3.1555,-25.4512,18.0576,-0.5517,-1.1226,-0.3628
-1.2928,-18.6346,9.0862,0.6815,-1.1849,-0.5021
0.972,-8.6768,4.6423,1.7536,-1.7414,0.0647
2.0829,-4.2401,4.8506,1.6363,-1.6442,0.4367
4.5896,-0.383,5.3992,1.2985,-1.428,0.5992
8.4231,-4.695,6.6537,1.0309,-1.2044,0.6108
5.301,-14.6432,7.2403,0.8129,-1.1116,0.5229
2.952,-17.1909,6.8716,0.5795,-1.1904,0.1875
2.952,-17.1909,6.8716,0.5148,0.0691,-0.1802
3.8594,-26.5597,-3.1052,0.5148,0.0691,-0.1802
1.6136,-7.1374,-9.2945,0.5141,1.972,-0.1588
1.1947,-4.7692,-10.4509,0.8801,2.5047,-0.2235
3.4452,0.6775,-7.6904,1.0438,1.4876,0.047
7.2236,-0.2777,-0.9481,-0.1852,1.0349,0.5204
-1.0007,-4.2784,-0.1675,-0.9488,0.0985,0.4996
-1.9584,-4.6447,-3.1459,-1.1363,-0.56,0.2425
-4.8554,-7.4223,-13.6185,-1.1149,-0.6797,0.2919
-1.1468,-10.9657,-11.1141,-1.581,0.8608,0.5424
0.2825,-14.768,-1.3766,-2.5248,2.8858,0.6194
0.1029,-14.768,-1.1492,-3.0416,4.4619,0.0262
-1.4484,-15.8071,-0.6272,-2.8351,4.2365,-0.3591
-1.9273,-15.7616,-0.1221,-2.6409,3.5333,-0.5192
-1.0462,-14.4828,1.0295,-2.6225,2.8907,-0.507
-0.4381,-12.9696,1.0031,-2.6812,2.4662,-0.4557
0.3902,-11.7462,0.4979,-2.8284,1.8999,-0.4538
0.3902,-11.7462,0.4979,-3.019,1.7753,-0.6255
1.6807,-8.4877,-1.8459,-3.019,1.7753,-0.6255
1.4221,-7.7934,-2.1499,-3.0575,2.099,-0.7153
0.5865,-7.269,-2.0973,-3.0825,2.3049,-0.8662
-0.7182,-7.5923,-1.2449,-3.0783,2.2175,-1.05
1.0079,-8.2124,-2.0614,-2.895,1.7008,-0.6969
0.5386,-8.1764,-1.8602,-2.5114,1.2341,-0.0794
-0.8212,-8.1693,-0.2226,-2.2212,0.7838,-0.0616
-1.5777,-8.7056,-0.7445,-2.0502,0.5145,-0.2528
-1.2545,-9.4358,-0.2394,-1.8254,0.7368,-0.4367
-1.1707,-9.4765,-0.1412,-1.7484,1.2078,-0.5057
-0.4548,-9.3712,0.9385,-1.9103,1.9097,-0.342
0.4548,-8.6936,1.628,-2.0227,2.2328,-0.2412
1.3431,-6.965,0.3758,-1.9964,2.4051,-0.2217
1.3431,-6.965,0.3758,-1.8205,2.4136,-0.3029
1.5131,-6.1079,-1.3503,-1.5615,2.129,-0.4758
0.984,-6.0887,-1.9967,-1.3055,1.4521,-0.7397
-0.395,-7.0799,-1.1803,-1.3342,0.9769,-0.8894
-0.9121,-8.2579,-0.383,-1.4338,0.5346,-0.9761
-1.4006,-9.7758,0.7015,-1.5456,0.3049,-0.9859
-1.3934,-10.8053,0.9888,-1.6592,0.3214,-0.9535
-1.4676,-11.2793,0.3591,-1.7673,0.5884,-0.8814
-1.0654,-11.4302,0.146,-1.8321,1.2848,-0.7715
0.0742,-10.8867,1.0319,-1.7637,1.6549,-0.6927
1.0462,-10.3217,2.557,-1.6207,1.6824,-0.6432
-0.2274,-11.3344,2.9424,-1.3672,1.3648,-0.6499
-0.7924,-11.6456,2.7078,-1.0343,0.8614,-0.7104
-4.0964,-13.0463,0.9002,-0.5761,0.4021,-0.8344
-6.7016,-13.7406,-0.6536,-0.3452,0.5395,-0.8723
-5.4902,-15.6514,-0.4189,-0.2096,0.8413,-0.7971
-4.9371,-15.7257,0.1556,-0.1852,1.0264,-0.6298
-2.6551,-15.1654,2.9664,-0.2298,0.9298,-0.4471
-1.3287,-14.8087,4.8099,-0.2866,0.5242,-0.2596
-1.8483,-15.3833,3.0119,-0.0826,0.2206,-0.124
-1.8483,-15.2444,2.8586,0.2246,0.2872,-0.0146
-3.0741,-13.719,2.126,0.5367,0.3006,0.0861
-4.5298,-13.5227,2.0685,0.8727,0.184,0.1783
-5.1191,-14.8087,1.5969,1.2588,0.0441,0.2962
-3.9288,-14.4133,1.5825,1.7084,-0.1482,0.4355
-1.2665,-12.9194,1.2808,2.3681,-0.4702,0.645
1.8698,-12.0958,0.8379,2.7847,-0.4531,0.7287
7.7623,-12.3831,-0.0215,3.1519,-0.4384,0.7929
8.4159,-13.3743,-0.5889,3.4041,-0.4696,0.8814
10.3695,-15.4719,-2.5402,3.544,-0.3639,0.9303
9.5627,-17.064,-5.0903,3.5495,-0.0676,1.0488
7.3792,-16.8773,-4.4867,3.3217,0.3923,1.0354
7.3193,-16.736,-4.4316,3.0529,0.9842,1.0567
6.4981,-15.9842,-2.703,2.9014,1.5853,1.138
6.4981,-15.9842,-2.703,2.4029,2.1345,1.1478
-1.0414,-15.8143,0.6081,2.4029,2.1345,1.1478
-1.6639,-15.9196,1.2282,2.1091,1.4491,1.0842
-1.9536,-16.7791,3.0645,1.8678,-0.3517,1.1649
-1.367,-16.8222,2.442,1.8312,-2.4585,1.3548
-2.7269,-13.2234,-0.6607,2.103,-3.6424,1.4263
-2.7365,-12.984,-0.7709,2.516,-3.599,1.3817
-2.3702,-11.2362,-1.2138,3.0346,-1.8043,1.3872
0.0526,-10.0703,-2.8083,3.0944,-1.3791,1.4685
0.6991,-7.9729,-4.0557,3.015,-1.618,1.4972
1.3431,-6.9003,-4.5154,2.8837,-2.0969,1.3597
2.3846,-5.2938,-4.3287,2.7688,-2.4762,1.2278
2.1978,-4.3885,-4.5058,2.6937,-2.5605,1.1013
2.0542,-3.881,-3.7588,2.6992,-2.3919,0.8277
2.0542,-3.5122,-3.4811,2.6363,-2.4866,0.6805
2.2098,-2.8179,-2.7868,2.4885,-2.53,0.6151
2.1068,-2.2792,-1.9009,2.2661,-2.4243,0.5962
1.8459,-0.3112,-1.6639,2.0071,-2.3742,0.5406
1.8507,-0.0526,-1.6208,1.8031,-2.4164,0.452
1.719,0.5889,-1.4676,1.5092,-2.4824,0.3164
0.6703,0.4932,-1.9249,1.2008,-2.4298,0.1722
0.079,-0.9552,-3.0813,0.9082,-2.3125,0.05
0.0957,-1.0295,-3.1076,0.6003,-2.1598,0.047
0.1197,-1.4365,-2.9281,0.2515,-1.9674,0.1032
0.1173,-1.8291,-2.3463,-0.3196,-1.6333,0.3286
0.3926,-2.3127,-0.237,-0.6916,-1.417,0.5198
0.4189,-2.3223,0,-1.0624,-1.2136,0.6988
0.7972,-2.6288,2.612,-1.4301,-1.0071,0.8374
1.7046,-3.4955,6.036,-1.7545,-0.7451,0.9303
4.7524,-6.4598,13.3216,-2.0111,-0.4928,0.9871
5.6937,-9.8069,16.0393,-2.0935,-0.3749,0.9132
2.9927,-14.7345,16.4128,-1.7844,-0.4769,0.5632
-1.1827,-20.301,20.6793,-1.4796,-0.6027,0.0763
-1.3383,-28.7265,18.9339,-1.2469,-0.9821,-0.273
-0.9672,-28.0058,13.1253,-0.3764,-1.2625,-0.4343
1.209,-18.6921,6.7591,1.3119,-1.8025,-0.3543
1.3742,-9.9529,6.3329,1.6039,-1.8263,0.1502
4.7907,0.2561,7.7072,1.508,-1.6113,0.4025
5.8589,0.1723,7.3241,1.3437,-1.5306,0.488
9.4597,-6.4861,7.8269,1.2496,-1.6082,0.5076
9.4597,-6.4861,7.8269,0.9246,-1.2295,-0.0739
0.1268,-25.3507,-4.6639,0.9246,-1.2295,-0.0739
0.1268,-25.3507,-4.6639,0.6284,1.5181,-0.2791
3.8091,-20.6745,0.7326,0.6284,1.5181,-0.2791
3.3375,-7.5731,-6.7064,0.7475,2.804,-0.1502
5.5763,-0.0335,-3.8211,1.1995,1.5138,-0.0476
5.5763,-0.0335,-3.8211,0.8226,1.0141,0.0238
7.0751,-2.4684,1.9345,-0.4662,0.622,0.295
2.1475,-5.1143,0.1364,-0.8193,-0.2356,0.116
-3.6535,-7.9849,-11.3009,-0.7973,-0.957,-0.0195
-4.8386,-9.6489,-12.3711,-1.0612,-0.249,0.0873
-1.2856,-12.4716,-8.2052,-2.005,2.0312,0.174
-0.8762,-14.7201,-5.4542,-2.9365,4.3195,0.0696
-3.1747,-16.6738,0.0646,-3.0153,4.3934,-0.2406
-3.1986,-16.9323,1.6735,-3.0605,3.6042,-0.3597
-2.5737,-16.0489,2.1452,-2.9616,2.749,-0.2144
-2.5737,-16.0489,2.1452,-2.6696,1.4485,0.0164
0.0383,-10.3839,0.4333,-2.6696,1.4485,0.0164
0.2585,-10.0607,0.2082,-2.7301,0.9867,-0.025
1.2785,-8.9689,-0.6105,-2.8058,1.0978,-0.135
2.2002,-8.21,-1.1635,-2.8431,1.6177,-0.2981
2.9544,-6.9865,-0.6727,-2.8302,2.2353,-0.5137
2.7724,-6.9075,-0.5123,-2.8254,2.5248,-0.7342
1.2066,-7.1709,0.5171,-2.7905,2.0074,-1.1013
1.6998,-8.1549,0.0574,-2.6959,1.3849,-1.0189
-0.4548,-8.38,-0.8044,-2.3666,1.0209,-0.3255
-0.6991,-8.4326,-0.7086,-2.1308,0.76,-0.0873
-1.9967,-8.7223,-0.2968,-2.0887,0.7215,-0.2877
-2.0829,-8.8372,-0.2968,-2.0465,0.9402,-0.4068
-1.0749,-8.2363,-0.1819,-1.9518,1.5572,-0.3506
-0.5291,-7.6114,-0.3112,-1.9579,1.9194,-0.2614
0.3854,-7.1469,-0.62,-1.997,2.1894,-0.2144
0.9888,-7.0105,-1.2114,-2.0068,2.3745,-0.2144
1.3862,-7.5635,-1.3144,-1.975,2.5108,-0.3036
1.4413,-7.609,-1.7693,-1.8309,2.2627,-0.5522
1.5059,-7.9466,-1.233,-1.6647,1.7686,-0.7886
0.9433,-8.2124,-0.2992,-1.6488,1.1797,-0.9431
-1.0438,-8.854,1.4437,-1.7154,0.6745,-1.0592
-1.2665,-8.9641,1.6807,-1.7869,0.4534,-1.1178
-1.7238,-9.941,2.2553,-1.8321,0.4918,-1.1093
-1.7214,-11.2362,1.8938,-1.7551,0.8492,-0.959
-1.6615,-11.7845,2.3965,-1.6372,1.1559,-0.8246
-1.6352,-11.7366,2.5067,-1.501,1.4424,-0.6914
-0.8571,-11.1836,3.2369,-1.3074,1.625,-0.5479
-0.4955,-11.0615,3.3854,-1.0441,1.6152,-0.4318
-3.5673,-11.6576,1.3455,-0.7399,1.4417,-0.4117
-3.7708,-11.7031,1.1324,-0.3147,1.0764,-0.5375
-4.8147,-13.0032,-0.7445,-0.1162,0.8138,-0.5882
-4.786,-15.2301,-1.1923,-0.0374,0.7771,-0.631
-5.9594,-15.8262,0.5267,-0.0771,0.7099,-0.6743
-5.6793,-14.8494,2.9281,-0.1046,0.275,-0.7073
-3.9743,-13.4772,5.8397,-0.2267,-0.2331,-0.3762
-3.4141,-15.0074,4.7165,-0.0361,-0.144,-0.196
-1.8962,-15.0529,3.1842,0.3346,0.1876,-0.0592
-2.6144,-13.9872,2.8538,0.5752,0.1876,0.1325
-3.924,-14.3032,2.6527,0.8648,-0.0786,0.204
-4.0845,-15.2205,2.1045,1.2423,-0.2887,0.2425
-1.5873,-13.4652,1.8674,1.8959,-0.6656,0.3665
-1.1324,-13.2809,1.403,2.3577,-1.0884,0.3976
0.8906,-13.4365,-0.2274,2.8196,-1.2441,0.4227
5.2843,-13.1348,-1.5179,3.2154,-1.1885,0.5076
10.3264,-14.9859,-4.5561,3.508,-1.0181,0.6536
10.3264,-14.9859,-4.5561,3.4231,-0.6333,1.0067
10.9681,-17.325,-5.2651,3.4231,-0.6333,1.0067
9.2634,-17.9571,-3.0597,3.1335,-0.3327,1.0054
4.2137,-15.5054,-1.9369,2.8586,0.1748,0.9395
3.7948,-15.3234,-1.9369,2.7725,0.9036,0.9254
1.7477,-14.1548,-0.8307,2.5691,2.0624,0.9401
0.5913,-14.1332,-0.4022,2.3113,2.6232,1.0433
-0.3926,-15.4431,0.2968,2.1427,2.559,1.1575
-0.0407,-16.1255,0.8667,1.858,0.9036,1.3597
-0.0071,-15.9052,1.5418,1.6925,-1.3999,1.4831
-2.217,-15.0242,2.4803,1.7249,-3.337,1.4501
-4.422,-13.2378,-0.4884,1.9558,-4.304,1.3494
-4.2305,-12.6536,-1.0199,2.6974,-2.9985,1.4624
-0.9959,-10.755,-2.4492,2.8904,-2.4121,1.6914
0.4716,-8.095,-3.6846,2.8947,-2.3748,1.8606
2.114,-4.6208,-4.6064,2.7811,-2.4652,1.7617
2.0757,-4.367,-4.6543,2.6112,-2.6766,1.5467
2.1811,-3.8498,-4.7189,2.3834,-2.8495,1.182
1.5011,-3.2369,-4.4771,2.2942,-2.9912,0.9816
1.3407,-2.229,-3.45,2.2967,-3.0443,0.8093
1.367,-2.1523,-3.3494,2.3058,-2.9448,0.736
1.6567,-1.6855,-2.3846,2.2075,-2.7908,0.7195
1.6567,-1.4604,-1.7525,1.9546,-2.6198,0.6976
2.059,-0.2298,-1.7788,1.5031,-2.4005,0.5821
2.0733,-0.2394,-1.7956,1.2447,-2.2857,0.5051
2.0231,-0.4141,-2.0446,0.946,-2.202,0.4239
1.707,-0.9433,-2.6216,0.6681,-2.15,0.3689
1.6352,-1.4748,-3.1076,0.4189,-2.1061,0.3659
1.7022,-1.8004,-3.0765,-0.0117,-1.9155,0.4428
1.7597,-2.5737,-2.8203,-0.3477,-1.7035,0.5106
1.4772,-3.134,-2.1954,-0.6794,-1.4805,0.5748
1.5322,-4.1084,0.0933,-0.9983,-1.3144,0.6212
1.7429,-4.5801,1.5298,-1.3055,-1.1745,0.686
2.0997,-5.6027,5.7152,-1.5706,-1.0523,0.7476
3.9121,-7.7982,13.1277,-1.7905,-0.7597,0.8142
5.7176,-14.6695,13.549,-1.6885,-0.5997,0.7843
5.2244,-15.4719,12.5363,-1.2487,-0.403,0.5772
0.9337,-19.1182,17.7296,-1.0056,-0.2099,0.1795
1.2521,-23.3273,21.5148,-1.3269,-0.5765,-0.262
1.616,-19.9802,9.5842,-0.9323,-0.72,-0.4856
1.9416,-18.3401,7.9011,0.8306,-0.9613,-0.5656
2.4588,-11.8635,5.4016,1.5263,-1.5154,-0.0488
3.9719,-8.1334,6.3066,1.5746,-1.453,0.2962
7.7886,-11.7773,7.9969,1.4109,-1.2606,0.4361
7.9442,-12.5243,8.186,1.3254,-1.1678,0.3689
7.0847,-18.8357,8.04,1.1604,-1.3144,-0.0097
1.7669,-22.542,8.9833,1.0462,-1.2209,-0.4062
-3.0071,-20.6577,-2.2337,1.0676,-0.6656,-0.7024
-3.0813,-10.5132,-10.4102,1.4023,0.1143,-0.6194
0.9576,-0.1939,-15.5341,1.4384,1.0771,-0.1936
6.2204,4.3646,-12.4166,1.1024,1.9634,0.3316
10.5802,1.2545,1.7477,-0.435,2.0037,0.8967
7.7886,-1.3359,8.7989,-1.3385,1.5346,0.7244
0.7493,-5.3704,2.1356,-1.5071,0.5151,0.2046
-4.7644,-9.1006,-11.4326,-0.9781,-0.3932,-0.069
-2.284,-14.5618,-8.4111,-1.0044,0.0655,0.0036
-1.4053,-15.1391,-6.7232,-2.4533,3.3831,0.0818
-1.1324,-16.6857,-1.0678,-2.8864,4.4551,-0.149
-3.7636,-17.1718,0.6416,-2.804,4.2169,-0.499
-3.7804,-14.6432,0.7398,-2.5645,3.3806,-0.5619
-3.6846,-14.32,0.8116,-2.4295,2.4258,-0.3292
-1.81,-11.4374,1.4891,-2.4252,1.7374,-0.0635
0.3758,-9.4023,1.4891,-2.4741,1.3385,0.2052
2.4612,-7.6856,-0.5722,-2.5499,1.5395,0.251
2.5043,-7.6425,-0.7062,-2.6592,1.7997,0.1478
2.9233,-7.8413,-1.7094,-2.7814,2.0648,-0.0897
3.2297,-8.2435,-1.4269,-2.8913,2.4051,-0.3561
2.5617,-8.4997,-0.5817,-3.0355,2.614,-0.8081
0.8116,-8.9187,-0.2274,-2.9866,2.3434,-1.1551
-1.2665,-9.6872,-0.0526,-2.8486,1.8437,-1.3805
-0.3184,-10.2666,-0.8954,-2.6488,1.2951,-1.0122
-2.3846,-9.4095,-0.6751,-2.2988,0.8455,-0.284
-3.4931,-9.3113,-0.5793,-2.0502,0.559,-0.204
-2.9424,-8.8109,0.1675,-1.9066,0.6678,-0.3762
-1.6998,-8.289,-0.2513,-1.8791,1.0172,-0.3042
0.0933,-7.5324,-0.5506,-1.8645,1.5401,-0.1808
0.304,-7.4989,-0.5746,-1.9909,2.027,-0.0867
0.9959,-7.2188,-0.9457,-2.1797,2.468,-0.0684
1.8004,-7.0584,-1.5921,-2.2572,2.8516,-0.1264
1.8339,-6.5484,-1.8243,-2.1265,2.6513,-0.4153
1.9776,-6.5532,-1.7812,-1.9097,1.9598,-0.7183
1.4389,-7.0009,-1.2066,-1.7166,0.9763,-0.948
-0.4213,-7.9322,-0.3998,-1.6384,0.1516,-1.1203
-2.5546,-9.9769,0.4022,-1.636,-0.1379,-1.2095
-2.5019,-10.1086,0.407,-1.6977,0.1962,-1.1105
-1.9393,-11.1237,0.4572,-1.7276,0.5548,-0.9529
-1.2904,-11.8922,0.9385,-1.7521,0.8743,-0.8124
-0.4261,-11.8899,2.7485,-1.7698,1.1284,-0.7073
-0.213,-10.7047,4.0988,-1.7508,1.2823,-0.6145
0.1125,-9.7375,4.4508,-1.611,1.3232,-0.5619
-0.6153,-9.9913,3.1411,-1.1052,1.1107,-0.5803
-3.6391,-12.5267,1.3048,-0.7331,0.829,-0.6762
-5.1574,-13.5012,0.2849,-0.4564,0.5419,-0.7922
-6.6442,-14.8518,-1.6615,-0.2286,0.4882,-0.8277
-5.6338,-15.0194,-1.6448,-0.0826,0.6397,-0.725
-0.7086,-14.4708,3.6559,-0.1394,0.8547,-0.441
-0.3136,-14.375,4.2114,-0.2017,0.837,-0.2461
-0.1053,-15.0242,4.5777,-0.0978,0.6323,-0.1472
-1.3718,-15.7879,3.3183,0.2258,0.2903,-0.1435
-3.7229,-14.0997,2.2936,0.5881,0.1039,-0.0891
-3.8929,-14.1045,2.2313,0.8801,-0.0145,0.0464
-4.6327,-14.7225,1.2713,1.3883,0.0129,0.3188
-3.1938,-14.5905,1.0965,1.8263,-0.0652,0.4776
0.6296,-13.5419,-0.1604,2.2643,-0.3657,0.6084
0.9289,-13.5107,-0.2561,2.7389,-0.5679,0.6414
4.865,-13.5251,-0.5985,3.1971,-0.6449,0.642
8.6888,-13.9225,-0.8834,3.53,-0.6998,0.755
10.8244,-16.3529,-2.5354,3.7792,-0.5239,0.9761
10.4916,-17.7272,-4.6232,3.7804,-0.3101,1.0665
9.2898,-18.1725,-4.4987,3.621,0.1687,1.0323
8.0759,-17.3872,-3.3758,3.271,0.7356,0.9816
4.8051,-15.1918,-3.2896,3.0407,1.4534,0.9841
3.4644,-14.6264,-2.4013,2.7328,2.4375,0.9505
1.9393,-14.3726,-0.1604,2.384,2.8058,1.0164
-0.8188,-15.2875,1.1444,2.0364,2.5639,1.1636
-0.8523,-16.5205,3.359,1.7457,1.0862,1.2968
-0.7972,-16.4942,3.2585,1.5942,-1.3663,1.4721
-2.4803,-15.9747,1.8842,1.7921,-3.2148,1.5344
-3.8187,-13.9632,0.1723,2.4109,-3.4445,1.4856
-0.9026,-9.68,-2.6479,2.8232,-2.3302,1.5583
-0.7589,-9.3831,-2.7078,3.0004,-1.7792,1.6688
0.2178,-7.0368,-3.5841,2.935,-1.764,1.6835
1.1994,-5.0496,-4.197,2.8061,-2.1531,1.5357
2.3989,-3.1866,-4.4675,2.6552,-2.7505,1.2266
2.3726,-3.1986,-4.434,2.6155,-2.8073,1.0054
1.6615,-3.2848,-3.9887,2.5972,-2.7456,0.7641
1.458,-3.134,-3.7708,2.6076,-2.6241,0.5161
1.7764,-2.7222,-2.6982,2.5447,-2.5703,0.3714
1.8004,-2.5234,-2.0398,2.2985,-2.4622,0.3274
1.8435,-2.2481,-1.4437,1.8513,-2.3101,0.2809
1.8746,-1.9345,-1.4676,1.6559,-2.2313,0.2174
1.4772,-1.2952,-1.8626,1.519,-2.1671,0.16
1.3407,-0.9217,-1.9656,1.3669,-2.2722,0.0849
0.8714,-0.9169,-2.3582,1.1152,-2.3064,0.0207
0.7326,-1.1659,-2.9568,0.753,-2.2411,0.0201
0.5746,-1.9608,-3.5553,0.2215,-1.9466,0.1233
0.6536,-2.0207,-3.5314,-0.1327,-1.6742,0.2474
0.4979,-2.4325,-2.9783,-0.4967,-1.4451,0.4001
0.6272,-2.7988,-2.0901,-0.8523,-1.2735,0.5528
1.1731,-4.1467,2.3127,-1.1821,-1.1525,0.7122
1.2258,-4.3813,3.2034,-1.6543,-0.8892,0.9272
1.968,-5.5428,7.9801,-1.9048,-0.6119,1.0311
4.7884,-8.4901,15.91,-2.0459,-0.2955,1.0934
4.5729,-16.8102,13.8866,-1.9677,-0.0053,1.0201
3.8546,-17.3154,13.9489,-1.5743,0.1479,0.642
-0.9169,-22.6305,17.6315,-1.4698,-0.2069,-0.2119
-1.7022,-27.0865,18.7735,-1.1614,-0.7078,-0.3738
1.5586,-21.7567,11.241,0.0102,-0.9271,-0.3341
2.1811,-16.3841,7.9155,1.2227,-1.235,-0.1032
2.5378,-10.3695,5.7056,1.7481,-1.5288,0.1545
4.2449,-4.0869,6.3521,1.6882,-1.3468,0.3103
5.9139,0.8379,8.8205,1.1104,-0.9411,0.4911
6.692,-0.9313,10.0583,0.852,-1.0151,0.4941
5.708,-8.6194,9.0982,0.7127,-1.202,0.4001
0.6991,-14.8111,5.4279,0.5508,-1.6381,0.1362
-2.6767,-24.4597,-7.9562,0.3058,-1.9619,-0.2254
-1.2665,-24.8215,-7.8484,0.0578,-1.5294,-0.3286
5.0831,-19.1254,-3.8283,-0.0777,1.6488,-0.0171
6.1988,-9.7925,-6.5005,0.3859,3.0593,0.0293
7.0608,-1.6328,-1.0366,0.7414,2.4368,0.0195
7.384,-1.9704,0.0191,0.3174,2.1131,0.0849
5.143,-4.1323,0.9265,-0.4155,1.2762,0.1569
1.3982,-4.841,-0.5099,-0.8681,0.1369,-0.1117
-3.3207,-7.8915,-10.3288,-1.2481,-0.1959,-0.2113
-3.1699,-8.2483,-10.1852,-1.5932,0.6348,0.025
-0.8667,-10.8891,-6.9123,-2.2188,2.3324,0.2296
-1.0438,-12.261,-4.3837,-2.7337,3.5682,0.2052
-3.632,-14.2242,-2.5402,-2.9371,3.9732,-0.0519
-3.6679,-15.3378,-0.8451,-2.9017,3.8064,-0.3316
-2.0326,-15.9962,0.8092,-2.8302,3.3702,-0.2767
-1.13,-15.2085,1.4915,-2.672,2.8608,-0.2492
-0.4165,-12.8739,0.9217,-2.4839,2.4613,-0.3494
0.1268,-11.7654,0.4141,-2.4258,1.9561,-0.4349
0.9864,-9.7351,0.1508,-2.5694,1.2878,-0.5106
0.9864,-9.7351,0.1508,-2.6647,1.881,-0.6432
1.4556,-6.0097,-0.7709,-2.6647,1.881,-0.6432
1.0845,-6.0288,-1.2042,-2.6219,1.964,-0.8307
-1.3455,-7.0751,-3.1292,-2.5987,1.7954,-1.0097
-1.154,-9.1293,-3.1651,-2.7117,1.5334,-1.0189
-1.0678,-10.0463,-0.4429,-2.6934,0.9848,-0.2028
-1.4125,-10.0703,-0.3519,-2.3538,0.6556,-0.0195
-2.0638,-9.9434,0.2274,-1.9274,0.4699,-0.1887
-0.9911,-9.668,0.6248,-1.6366,0.4576,-0.3145
0.0047,-8.3153,1.5921,-1.5431,0.6776,-0.3042
0.0359,-8.3153,1.5921,-1.6433,1.0917,-0.2339
0.8834,-7.621,2.0733,-1.8877,1.8852,-0.0775
1.5083,-6.6944,1.5298,-1.9494,2.3177,-0.0366
2.3104,-6.2898,-0.7709,-1.7936,2.5059,-0.1655
2.3965,-6.1533,-2.272,-1.5468,2.4265,-0.3744
1.9512,-6.443,-3.3016,-1.3782,1.9995,-0.6181
0.5793,-6.9889,-2.6886,-1.3782,0.8101,-0.9847
-1.4987,-8.6625,-0.735,-1.4692,0.0789,-1.1246
-1.8842,-9.1844,0.0502,-1.5627,-0.1971,-1.1294
-1.6184,-10.2666,0.7805,-1.6708,-0.0719,-1.0476
-1.1396,-10.7335,0.7757,-1.7423,0.2842,-0.9138
0.5171,-10.6257,1.8076,-1.7808,0.7203,-0.799
0.8212,-10.3743,2.205,-1.7771,1.2878,-0.6389
1.6687,-9.7997,2.8299,-1.6488,1.4369,-0.5833
1.47,-10.1565,2.6623,-1.399,1.3477,-0.6151
-2.0973,-12.2849,1.3383,-1.1033,1.0923,-0.7183
-2.8203,-12.5961,1.0965,-0.8284,0.8089,-0.8374
-5.4279,-13.6711,-0.2609,-0.6085,0.6574,-0.9065
-6.3209,-15.0888,-1.8986,-0.3074,0.7576,-0.8637
-2.2505,-15.6419,2.3127,-0.2335,0.8736,-0.725
-1.9967,-15.5198,2.7892,-0.3147,0.8749,-0.5528
-0.9193,-14.648,5.0975,-0.3959,0.6513,-0.3982
-1.5969,-15.2588,4.7644,-0.3006,0.3373,-0.3255
-2.8874,-16.1423,3.1364,0.1372,0.231,-0.2614
-3.5673,-14.6288,1.7453,0.4567,0.3104,-0.1429
-4.7931,-13.5993,1.3192,0.8098,0.1443,0.0085
-5.6649,-14.847,1.4724,1.1653,-0.0548,0.1521
-3.9959,-14.6001,1.2186,1.5563,-0.1965,0.3182
-2.4085,-13.8028,0.9816,1.9967,-0.3724,0.5186
0.5027,-12.4118,0.2849,2.6729,-0.4549,0.766
5.6051,-11.3847,0.2849,3.081,-0.5032,0.8814
11.0998,-13.5754,-0.6153,3.3834,-0.6259,1.0085
11.5858,-14.0782,-0.7015,3.5501,-0.6663,1.0885
11.3464,-15.9411,-3.1675,3.5764,-0.6907,1.1093
8.9905,-16.5684,-4.5609,3.4585,-0.0511,0.9688
5.0975,-15.6514,-4.4484,3.1965,0.7515,0.8961
5.0975,-15.6514,-4.4484,2.8128,1.9084,1.0561
3.1004,-15.1702,-2.5498,2.8128,1.9084,1.0561
1.7621,-15.2109,-0.79,2.5728,2.0202,1.0873
-4.1204,-16.9994,0.6153,2.3706,1.8241,1.0677
-3.9815,-17.1167,0.9648,2.1012,0.8205,1.0421
-1.6663,-17.4423,3.134,1.7872,-1.2173,1.3341
-0.972,-17.1215,1.8004,1.7744,-2.957,1.5949
-3.2513,-14.835,-0.6177,2.1018,-3.3901,1.5234
-3.3782,-12.7973,-1.3862,2.4866,-3.0853,1.4752
-1.6807,-11.2051,-2.8874,2.7487,-2.3962,1.5968
-1.6807,-11.2051,-2.8874,2.8098,-2.2863,1.6762
1.0702,-6.1893,-4.6423,2.8098,-2.2863,1.6762
1.7573,-5.155,-4.5872,2.651,-2.5013,1.5387
2.5546,-4.1491,-5.0137,2.4622,-2.8568,1.4135
2.0853,-3.9312,-4.8171,2.3987,-3.1103,1.1881
1.9464,-3.6367,-3.8522,2.359,-3.0242,0.7947
2.0661,-3.5865,-3.6655,2.3748,-2.8733,0.6566
2.6623,-3.2824,-2.8538,2.3107,-2.7475,0.6224
2.636,-2.6455,-2.0254,2.1,-2.6253,0.631
2.521,-1.1109,-1.8339,1.7866,-2.5068,0.6206
2.5641,-0.7469,-1.8722,1.4805,-2.384,0.5907
2.229,0.1651,-1.6807,1.0884,-2.1959,0.5455
1.6472,0.3998,-1.8459,0.786,-2.1745,0.4844
0.8714,-0.4453,-2.2816,0.4958,-2.1788,0.4349
0.8619,-0.5315,-2.2792,0.2038,-2.1244,0.4166
0.4884,-1.5275,-1.9752,-0.0972,-1.9796,0.4233
0.2011,-2.2912,-1.4676,-0.559,-1.6339,0.4941
0.0861,-2.7676,-0.62,-0.8413,-1.4891,0.598
0.3663,-3.0358,0.5865,-1.0887,-1.4152,0.6927
1.5993,-3.3303,3.6176,-1.3202,-1.3132,0.7446
3.9887,-4.6303,7.5228,-1.5309,-1.1067,0.7641
7.0775,-9.534,14.4469,-1.68,-0.8208,0.7012
6.218,-12.5147,16.9156,-1.6537,-0.5093,0.3262
6.218,-12.5147,16.9156,-1.0917,-0.4335,-0.3127
0.8451,-24.5223,20.4327,-1.0917,-0.4335,-0.3127
1.4772,-24.1173,11.1046,-0.4857,-1.0181,-0.4404
1.5682,-22.2499,9.6297,0.5972,-1.2588,-0.634
1.3886,-13.6472,6.1988,1.5209,-1.6192,-0.6108
1.1252,-6.3664,5.55,1.8507,-1.9094,-0.0897
4.6902,1.8962,5.6147,1.7628,-1.8996,0.0916
4.6902,1.8962,5.6147,1.4133,-1.5001,0.1881
7.0224,-10.4031,7.0751,1.4133,-1.5001,0.1881
4.0198,-19.7,6.4478,0.9876,-1.3217,-0.1056
1.063,-27.3642,0.4836,0.326,-0.7579,-0.4838
1.2018,-26.7393,1.1276,0.3333,0.2206,-0.4312
2.4899,-16.8102,-1.731,0.4873,1.7337,-0.2901
-0.9074,-4.4819,-14.4636,1.0438,1.782,-0.0549
3.8953,1.3886,-9.3903,1.2185,1.4143,0.1582
8.9953,0.1508,-1.7262,0.2448,1.7453,0.6181
6.7687,-2.7293,5.3106,-1.3251,0.3898,0.7037
0.6009,-5.2412,-2.9161,-1.5444,-0.1928,0.2095
0.6009,-5.2412,-2.9161,-1.7942,1.0545,0.1185
-2.9185,-10.9609,-13.9776,-1.7942,1.0545,0.1185
-0.8619,-13.0606,-9.7949,-2.694,2.9414,0.2577
-1.0103,-14.8494,-3.9839,-3.6372,4.5382,-0.0934
-2.6934,-17.0233,0.4022,-3.6793,4.6292,-0.4483
-2.2385,-16.9587,0.4094,-3.3837,4.019,-0.5809
0.8212,-15.6491,0.8619,-3.0263,3.1345,-0.4886
1.4772,-13.7621,1.0079,-2.7569,2.4313,-0.5131
1.7525,-10.3839,0.2561,-2.603,2.0593,-0.7745
1.7525,-10.3839,0.2561,-2.8779,1.862,-1.284
0.6631,-8.4781,0.2777,-2.8779,1.862,-1.284
2.3175,-8.3895,0.2274,-3.0294,1.9152,-1.2651
