bicicleta
-2.8802,-0.5123,8.7942,-0.0597,-0.0926,-0.0604
-3.031,-0.7398,8.4231,0.0147,-0.1061,-0.0433
-3.5314,-0.8667,7.882,0.0263,-0.1299,-0.0653
-3.7014,-0.6775,7.4893,-0.0035,-0.2674,-0.0519
-3.4691,-0.5626,7.4534,-0.1135,-0.3058,0.0128
-3.3111,-0.6679,7.6425,-0.2729,-0.3132,0.0684
-3.2297,-0.7062,8.0543,-0.3988,-0.3388,0.0867
-3.019,-0.6105,8.6146,-0.4916,-0.3388,0.08
-2.4109,-0.9217,9.3424,-0.6022,-0.2625,0.0549
-2.1883,-1.1731,9.7255,-0.6382,-0.1721,0.039
-2.0159,-1.3862,10.0367,-0.6285,-0.0829,-0.0158
-2.1332,-1.6567,10.0679,-0.579,-0.0224,-0.0757
-2.3822,-2.0183,9.917,-0.4886,-0.0364,-0.1325
-2.2649,-2.3774,9.6728,-0.3939,-0.1067,-0.1692
-2.1404,-2.9328,9.0599,-0.2625,-0.2527,-0.1459
-2.2409,-3.3399,8.2914,-0.1819,-0.3297,-0.1148
-1.6735,-3.6176,7.3792,-0.1349,-0.4463,-0.0867
-1.0319,-3.7397,6.8477,-0.1459,-0.5667,-0.0293
-0.2418,-3.7852,6.2994,-0.2051,-0.6137,0.0158
0.5123,-3.6894,5.8924,-0.3035,-0.6308,0.0073
1.0678,-3.5075,5.9546,-0.5454,-0.6009,-0.1087
0.7398,-3.6272,6.5125,-0.7476,-0.4714,-0.2706
-0.067,-3.4883,7.5659,-0.9412,-0.3584,-0.4703
-0.8188,-3.3782,8.6218,-1.1178,-0.3107,-0.6499
-1.6974,-3.5122,9.5124,-1.2326,-0.2906,-0.7495
-2.2122,-3.5146,9.6393,-1.2308,-0.362,-0.8008
-2.2122,-3.5146,9.6393,-1.1171,-0.4366,-0.7354
-2.4325,-3.6272,9.7135,-1.1171,-0.4366,-0.7354
-3.28,-4.0174,9.3783,-1.0768,-0.4824,-0.7086
-3.6798,-4.3981,8.9953,-1.0377,-0.5655,-0.7012
-3.4021,-5.1645,8.3321,-1.006,-0.6479,-0.6481
-2.2002,-5.617,7.3792,-0.9974,-0.8452,-0.4636
-0.5793,-5.6147,6.5268,-1.0231,-0.9741,-0.3494
0.383,-5.7296,6.218,-1.108,-0.9387,-0.3316
0.5458,-6.1103,5.8972,-1.2222,-0.6974,-0.4373
-0.2944,-6.4,5.3992,-1.3071,-0.3498,-0.6695
-1.4963,-6.783,4.7093,-1.4238,0.2029,-1.006
-1.9823,-7.0344,4.1132,-1.4959,0.5102,-1.1136
-2.3223,-7.451,3.2441,-1.5808,0.7209,-1.1246
-1.47,-8.605,2.521,-1.7219,0.87,-1.0696
-0.043,-9.6417,1.956,-1.9223,0.9231,-0.9877
-0.0598,-9.6537,2.0398,-2.2033,0.9201,-0.9761
-1.0127,-9.601,2.7629,-2.7921,0.997,-1.2724
-2.4516,-10.0367,3.9193,-3.1727,1.0856,-1.5369
-4.2473,-10.4653,4.8051,-3.4085,1.1956,-1.7318
-5.3297,-10.4749,5.1382,-3.5087,1.2707,-1.8478
-6.862,-10.2738,5.3226,-3.5154,1.3434,-1.8796
-8.6194,-10.0798,5.7583,-3.4934,1.4497,-1.8338
-10.9992,-9.941,6.9195,-3.5276,1.5364,-1.7647
-11.9808,-10.1373,7.9682,-3.5808,1.6048,-1.6523
-12.9265,-10.3097,8.9617,-3.6138,1.7008,-1.4831
-12.7206,-10.4605,9.1796,-3.5618,1.8199,-1.2712
-11.4685,-10.1852,8.344,-3.4177,1.95,-1.0201
-11.4685,-10.1852,8.344,-3.0395,2.2011,-0.6371
-11.2578,-9.862,7.4151,-3.1214,2.2884,-0.6395
-15.0792,-8.5739,6.6466,-3.1214,2.2884,-0.6395
-17.3418,-8.6984,7.1254,-3.3053,2.3843,-0.5784
-18.479,-9.0886,7.3912,-3.4702,2.388,-0.3543
-18.7328,-9.0527,7.7766,-3.5948,2.2951,0.0354
-17.1191,-8.6792,8.5116,-3.7176,2.212,0.7996
-13.7142,-8.3081,9.4813,-3.7652,2.1742,1.3133
-12.1293,-7.7958,10.166,-3.7854,2.14,1.7519
-11.5618,-6.3616,12.1556,-3.794,2.1449,2.0506
-12.0934,-5.3321,14.5929,-3.7866,2.1436,2.1667
-13.0175,-4.3335,17.3394,-3.6095,2.2133,2.3121
-12.9122,-3.881,19.4295,-3.1916,2.4387,2.5143
-11.6097,-4.3335,20.7702,-2.5319,2.6012,2.7739
-10.2426,-4.7453,21.5532,-1.6639,2.7349,3.0256
-3.3063,-5.6266,20.8253,-0.6504,3.0605,3.2229
21.3473,-9.8835,25.8199,0.4863,3.4949,3.3634
6.7112,-4.6064,23.2123,2.2847,4.2597,2.5827
-28.3506,-3.28,5.3776,4.2303,5.8192,0.2693
-22.7431,-10.6784,-1.2569,5.5705,6.1143,0.6658
-15.0385,-12.0263,-2.9233,5.0836,4.2077,3.2925
-8.9546,-9.3975,-2.1978,3.8161,2.0447,4.8661
-6.8979,-6.9099,1.7429,2.4484,0.4992,5.1697
-7.0823,-5.2292,1.3934,1.9016,0.6696,4.8893
-2.9999,-5.392,0.6823,1.5186,1.0068,4.612
6.2587,-6.3449,-0.1125,0.9175,0.6238,4.4513
12.3088,-9.3017,-2.9855,0.1625,-0.0218,4.0115
13.3479,-13.1133,-7.9777,-0.4318,-0.6711,3.0421
4.7381,-12.407,-6.5508,-1.0762,-1.4647,1.0415
-5.6554,-10.9561,-1.4556,-1.3578,-1.5141,-0.0201
-8.8061,-8.6433,4.2999,-1.3908,-1.1714,-0.1178
-8.9617,-2.5163,4.1204,-1.0475,-1.1348,0.4184
-9.182,-1.6089,2.8658,-0.4263,-1.2985,0.8002
-8.7678,-0.0957,0.9241,0.0135,-0.9228,0.7874
-8.1286,1.2401,3.0813,-0.2161,0.2933,0.5852
-7.0991,-1.2042,5.1598,-0.604,0.7111,0.5167
-6.8764,-1.5298,5.0784,-0.7824,0.7032,0.5216
-6.8764,-1.5298,5.0784,-0.7445,0.2738,0.5338
-4.6471,-2.8131,2.8682,-0.7445,0.2738,0.5338
-6.4909,-5.7248,1.5011,-0.491,-0.4298,0.2406
-6.7447,-5.8684,1.5945,-0.3029,-0.5587,-0.072
-8.9043,-6.1557,2.114,-0.141,-0.2081,-0.372
-8.6026,-7.3121,0.3998,0.1527,0.3941,-0.5155
-7.1709,-6.7806,-2.8491,0.6469,0.76,-0.5577
-7.1709,-6.7806,-2.8491,0.9835,0.9066,-0.5778
-8.1046,-7.6162,-3.4141,1.0275,0.7154,-0.5742
-9.3975,-7.0608,-1.2114,0.7801,0.0264,-0.601
-10.2091,-4.8362,2.5426,0.4148,-0.8349,-0.5167
-9.929,-3.541,4.2209,0.1662,-1.9613,-0.2809
-10.0176,-3.4404,4.3861,0.0996,-3.1128,0.0244
-9.8979,-3.8714,5.2986,0.1277,-3.3675,0.2761
-7.4295,-3.7373,3.9049,0.0715,-1.7499,0.4074
-6.5412,-4.5346,3.1507,0.3091,-0.5991,0.215
-6.4287,-6.2132,1.4173,0.5767,-0.0071,-0.1832
-6.1486,-6.1964,0.8834,0.7141,0.6464,-0.5754
-5.9187,-5.6721,0.9265,0.7453,1.1791,-0.871
-5.7056,-5.5644,1.1324,0.7129,1.5645,-1.2705
-5.1621,-5.3082,1.5993,0.6903,1.7197,-1.5216
-2.3367,-5.6889,1.6424,0.7691,1.9017,-1.8093
-8.5021,-8.6601,-2.3032,0.9676,2.173,-2.182
-9.2227,-8.9306,-2.5091,1.215,2.4106,-2.7311
-14.0255,-10.3408,-3.2106,1.3934,2.7356,-3.1068
-16.3984,-9.5795,-2.9472,1.493,2.9176,-2.7305
-16.4894,-4.6591,4.0222,1.5015,2.0856,-2.061
-16.4894,-4.6591,4.0222,1.4215,0.9787,-1.2339
-10.5922,-2.7246,5.4088,1.3678,0.1009,-0.4355
-7.3433,-1.2641,3.9169,1.5089,-0.571,0.1838
-6.4071,-2.6623,2.4588,1.4374,-0.676,0.2052
-6.4071,-2.6623,2.4588,0.3751,-0.0255,-0.094
-4.9539,-6.1797,1.2138,0.3751,-0.0255,-0.094
-4.7453,-6.8046,1.0079,-0.21,-0.1232,-0.2357
-7.9322,-10.0104,1.5969,-0.7103,-0.282,-0.3353
-8.4231,-10.5826,1.7884,-0.9321,0.0997,-0.4789
-8.7965,-10.3887,1.1061,-0.5057,0.8425,-0.6352
-8.107,-8.8157,1.0319,0.0434,1.2261,-0.6304
-7.7,-8.2363,0.6344,0.5174,1.4802,-0.5277
-7.3433,-8.2339,0.8619,0.8846,1.3019,-0.3982
-7.0081,-8.2722,1.6232,1.1985,0.6525,-0.1527
-7.4749,-8.6361,1.1971,1.584,-0.0456,0.102
-10.2833,-7.0464,0.893,1.6231,-0.0676,0.1466
-10.6832,-6.7687,0.8571,1.3574,0.7307,0.0317
-11.4924,-6.3736,1.482,1.0269,1.4094,-0.2333
-10.755,-6.4933,2.0254,0.6738,1.3544,-0.3017
-12.1939,-7.8149,0.4908,0.1124,0.8749,-0.1105
-12.1939,-7.8149,0.4908,-1.3322,-0.4983,-0.1142
-14.9523,-7.6569,-0.2609,-1.3322,-0.4983,-0.1142
-17.5836,-7.7383,-0.3303,-1.684,-0.6064,0.0287
-19.0584,-8.0663,-0.0622,-1.9125,-0.7102,0.4037
-21.4119,-8.4949,0.1484,-2.0597,-1.056,1.0903
-17.8541,-9.5387,-1.288,-2.1013,-1.4634,1.8961
-12.8906,-7.9801,0.2226,-2.0573,-1.8697,3.3133
-8.3416,-4.671,-1.8986,-2.1025,-1.8312,3.8948
-7.3528,-4.5106,-1.4867,-2.1006,-1.7499,4.1117
-8.8205,-3.1914,1.2401,-2.2387,-1.8208,4.2736
-6.7399,-3.6343,-1.391,-2.5044,-2.4701,4.3615
3.7229,-4.1754,-4.0629,-2.568,-3.5159,4.7299
3.7229,-4.1754,-4.0629,-2.7671,-2.6736,4.2943
6.716,-1.5298,2.3989,-2.7671,-2.6736,4.2943
8.696,-1.7621,7.9346,-2.5997,-1.8171,3.3383
0.0622,-0.2226,6.0073,-1.8752,-1.3089,2.4733
-0.9696,-0.146,5.4279,-0.9033,-0.9918,1.6004
-3.6607,-0.3663,4.0078,-0.0561,-0.9479,0.725
-4.616,-1.1923,4.6639,0.0703,-0.8868,0.4502
-7.3624,-1.8962,7.8844,0.1063,-0.7267,0.2742
-7.3624,-1.8962,7.8844,0.504,-0.2906,-0.0775
-7.0727,-3.6655,7.7958,0.504,-0.2906,-0.0775
-6.0839,-4.9706,5.1741,1.6646,0.0453,-0.1747
-4.367,-5.392,1.8483,2.4056,0.1931,-0.2437
-3.438,-5.5476,1.9177,2.7361,0.1137,-0.3958
-2.5163,-5.5548,3.7972,2.7086,-0.1611,-0.6328
-1.4125,-6.3353,5.2005,2.5308,-0.2784,-0.8961
-1.13,-6.4071,2.4349,2.5021,-0.1415,-1.2394
-1.4556,-6.6418,-0.893,2.9303,0.4882,-1.97
-6.4287,-8.1022,-10.3456,3.0256,1.0569,-2.4379
-10.4342,-9.4358,-14.6647,2.5418,1.7062,-2.9364
-10.3671,-5.9977,-3.924,1.1234,1.8223,-3.1832
-10.6592,-5.1502,-2.794,-0.5283,2.2053,-3.2064
-12.1149,-5.0137,-0.2801,-1.4281,2.7832,-3.2699
-17.1478,-6.4718,4.8988,-1.6956,4.7508,-3.3634
-24.4621,-6.3976,9.0671,-1.8703,5.333,-3.1441
-20.6481,-6.4742,3.1651,-1.2961,4.2823,-2.3426
-12.3998,-6.5915,-3.11,0.2621,1.3862,-0.6304
-10.2594,-6.1246,-1.0678,0.7007,-0.2973,0.0604
-6.4526,-5.8253,1.1851,0.4093,-0.2765,0.0189
-6.4526,-5.8253,1.1851,0.347,-0.9472,-0.0274
-10.1708,-5.8062,0.8259,0.4753,-1.767,-0.2779
-13.8699,-5.6649,1.5586,0.5632,-2.0004,-0.6585
-11.071,-6.4478,2.8969,0.6927,-1.8574,-0.8851
-8.5356,-7.2283,2.3558,0.8516,-1.2857,-0.89
-6.6633,-8.3249,2.3535,1.2743,0.1039,-0.9028
-6.6298,-7.0655,2.2912,1.4649,0.5474,-0.9761
-7.1398,-5.629,1.1156,1.3568,0.5639,-1.0372
-7.372,-5.4973,1.0342,0.9072,0.3031,-1.0146
-8.0136,-5.2364,1.9321,0.3085,0.0099,-0.9236
-8.3393,-4.9562,2.885,-0.3047,-0.2246,-0.8197
-5.8325,-5.3537,2.1954,-0.392,-0.3174,-0.7202
-5.5811,-5.3585,2.1116,-0.3255,-0.6742,-0.5937
-4.9036,-4.9108,1.5322,-0.174,-0.9876,-0.5424
-4.9036,-4.9108,1.5322,-0.0329,-2.3193,-0.653
-6.1677,-4.9922,0.7422,-0.0329,-2.3193,-0.653
-7.0224,-4.6112,0.9074,-0.031,-2.183,-0.6963
-10.8268,-3.2082,2.0805,0.022,-1.4182,-1.0855
-13.0008,-3.1866,2.5929,0.0947,-0.2539,-1.4611
-10.0343,-3.9169,2.6384,0.0593,0.5823,-1.521
-9.759,-4.0054,2.5953,-0.0597,1.1669,-1.2968
-7.7694,-5.0065,1.7094,-0.1263,1.4888,-0.89
-7.7527,-4.7237,1.4101,-0.0219,1.4668,-0.8985
-8.5667,-4.2018,1.9321,-0.0286,1.2591,-1.025
-8.9474,-5.3609,1.5346,-0.0732,0.9329,-0.9914
-9.3305,-5.9642,1.8267,-0.0982,-0.2105,-0.7935
-10.0128,-5.1478,2.3151,-0.1495,-1.1018,-0.6762
-12.17,-4.9443,2.7485,-0.2827,-1.0071,-0.689
-13.2498,-4.8674,2.3654,-0.3963,-0.6479,-0.6866
-13.7501,-5.6027,1.1659,-0.6144,-0.7017,-0.5552
-11.8851,-7.1445,0.8379,-0.9131,-0.8764,-0.0671
-9.6489,-8.6792,2.5522,-1.1874,-0.8941,0.6725
-9.6489,-8.6792,2.5522,-1.2754,-1.2844,2.0073
-7.791,-9.194,4.5178,-1.2754,-1.2844,2.0073
-7.6808,-9.522,5.2436,-1.155,-1.2252,2.32
-10.3264,-7.5372,4.9227,-0.736,-1.0737,2.5363
-10.7694,-7.2307,4.7189,-0.075,-0.6479,2.7024
-8.8588,-6.4191,2.0087,0.5883,-0.618,2.8735
-3.7397,-8.2435,1.4437,1.328,-0.4482,3.3377
1.2449,-8.8468,6.7399,1.4685,-0.0126,3.3793
0.9983,-8.5284,7.1062,1.5254,0.0459,3.0476
-1.4844,-6.2778,8.9498,1.7385,0.1259,2.4831
-4.1276,-5.8086,8.5332,1.9481,0.1675,1.9181
-5.957,-4.683,3.778,2.2847,0.3373,1.5454
-9.0982,-3.7636,-1.0342,2.7349,0.7637,1.298
-8.6816,-3.9336,-4.3167,2.832,1.1418,1.1404
-5.7272,-3.6631,-3.7541,2.361,1.1882,1.2107
-6.7615,-1.7334,-0.5506,1.8882,0.9347,1.1655
-7.4965,-1.288,0.5339,1.5773,0.3966,0.8979
-6.2707,-1.8938,0.7062,1.3439,0.0618,0.6316
-4.8075,-1.8579,0.2442,1.2254,-0.0792,0.4831
-4.4412,-2.0566,1.4987,0.8791,-0.3743,0.2376
-4.7237,-2.2577,1.3862,0.3788,-0.6418,0.0299
-5.38,-3.28,1.3311,0.0165,-0.6418,-0.2748
-5.1095,-4.4747,2.3247,-0.2711,-0.4659,-0.5351
-0.0383,-5.0089,0.0885,-0.579,0.0459,-0.7544
0.462,-5.2507,-0.3256,-0.6529,0.5542,-1.1655
0.893,-6.206,-1.063,-0.6126,-0.0456,-1.5851
1.3527,-7.5971,0.4692,-0.8954,-0.676,-2.1697
-0.328,-9.8213,1.6759,-1.3603,-1.0438,-2.7238
-0.328,-9.8213,1.6759,-1.8575,-1.4732,-3.9614
-7.0847,-11.1692,4.4723,-1.8575,-1.4732,-3.9614
-14.126,-9.4334,9.1844,-2.1177,-2.6363,-4.4709
-23.5547,-8.0376,12.1604,-2.2729,-2.7383,-4.3799
-23.6193,-5.7368,10.6832,-2.1709,-2.6626,-3.8789
-17.9116,-5.3441,4.6208,-1.6309,-1.9301,-2.9529
-12.1652,-6.3545,1.403,-0.9052,-0.9619,-1.962
-6.7327,-7.1422,2.2194,-0.56,-0.3926,-1.1533
-5.811,-6.9315,2.5594,-0.5967,-0.2716,-1.0115
-8.3656,-6.2228,3.9791,-0.5979,-0.3229,-1.0494
-8.8708,-6.1031,5.7056,-0.7488,-0.5813,-1.2247
-7.9035,-6.6394,4.288,-0.8661,-0.7206,-1.1881
-7.9035,-6.6394,4.288,-0.7347,-0.4482,-0.9071
-5.1765,-7.621,2.5474,-0.7347,-0.4482,-0.9071
-4.3358,-7.7599,1.5346,-0.6566,-0.1085,-0.89
-1.4963,-7.123,1.9369,-0.6327,0.2683,-0.9987
-1.0606,-7.4223,1.9967,-0.6847,0.8455,-1.141
0.0191,-6.9171,3.3782,-0.5716,0.8852,-1.2724
4.4316,-6.0145,7.7192,-0.3639,0.6397,-1.4624
-6.2371,-10.7358,-2.6599,-0.0909,0.7423,-1.9156
-6.2204,-10.5778,-2.5857,0.5382,0.4949,-2.4996
-6.2587,-8.866,0.4046,0.6494,0.2072,-2.4947
-8.9354,-8.8301,0.237,0.573,0.6696,-2.5039
-11.7773,-8.2962,-1.039,0.8058,1.5413,-2.7055
-10.4916,-6.7711,-2.9448,0.9646,2.5676,-2.59
-11.5355,-5.7008,-1.5131,0.799,3.3806,-2.1765
-13.0175,-5.2603,4.3718,0.223,4.2077,-1.9272
-10.7406,-6.3808,13.81,-0.4256,4.0055,-1.4709
-9.5651,-6.4861,13.8363,-0.7011,2.9206,-0.6896
-8.2626,-4.3861,7.2044,-0.4873,1.2573,0.1985
-5.0448,-5.6051,1.0462,0.2132,-0.7279,1.16
-2.3989,-8.3991,-1.6112,0.3195,-0.83,1.4734
-3.1866,-8.866,-1.2617,0.0581,-0.2918,1.4141
-4.8027,-10.7742,1.3623,-0.3927,0.6531,1.0384
-2.3032,-11.411,2.5474,-0.6572,1.6971,0.6377
-2.5522,-9.0671,0.1005,-0.3438,2.9219,0.0189
-2.5522,-9.0671,0.1005,0.3189,4.672,-0.54
-2.8107,-9.2251,-1.6879,0.3189,4.672,-0.54
-2.8371,-9.3616,0.395,0.091,4.3293,-0.4434
-4.7931,-8.9282,3.541,-0.3475,3.545,-0.2968
-4.7931,-8.9282,3.541,-0.6419,2.0031,-0.1178
-7.2188,-9.9913,1.7022,-0.2027,-0.5734,-0.0061
-9.3424,-10.6568,0.5913,0.2169,-1.3614,0.0158
-9.2155,-10.7311,1.0247,0.4166,-1.4482,0.0714
-8.0448,-10.6401,2.1523,0.4759,-1.133,0.2296
-8.0615,-10.4797,3.292,0.5474,-0.695,0.383
-7.9346,-9.285,2.1045,0.617,-0.3596,0.4269
-9.9218,-8.7271,0.3615,0.4673,0.0465,0.3811
-9.7877,-9.3544,0.2537,0.0825,0.333,0.4147
-6.5005,-11.5235,0.8882,-0.3658,0.7759,0.5992
-4.8386,-12.893,2.0757,-0.7042,1.3159,0.799
-5.4925,-9.1485,0.8116,-0.8716,1.694,0.7501
-5.5021,-9.036,0.1173,-0.7128,1.6006,0.4239
-4.4005,-8.1166,1.2593,-0.4269,1.0618,0.2541
-4.4077,-7.1062,2.7868,0.0361,1.5364,0.105
-7.2499,-7.4678,1.5466,0.6115,1.7527,0.0195
-7.439,-7.6425,1.2449,1.0843,1.0661,0.135
-7.9203,-8.526,0.0933,1.3971,-0.0389,0.4318
-6.5843,-9.2586,-0.3806,1.705,-0.9137,0.9334
-4.8482,-9.1964,0.5171,1.7819,-0.8947,1.1502
-4.8482,-9.1964,0.5171,1.6811,-0.6705,1.1276
-3.5098,-9.1509,1.2114,1.4673,-0.45,0.9828
-3.1028,-7.7168,0.4644,1.2279,-0.2686,0.81
-1.8387,-5.5548,0.6679,0.6158,-0.2826,0.0946
-1.3215,-4.7046,0.407,0.0709,0.03,-0.2706
-2.1547,-4.1922,1.1971,-0.3768,0.4222,-0.5516
-3.1364,-3.7493,1.7046,-0.7213,0.7912,-0.7782
-5.483,-3.1292,1.0989,-0.8899,0.8431,-0.8778
-5.8253,-3.4763,0.8523,-0.8826,0.7014,-0.9272
-5.2723,-4.8243,0.2418,-0.6675,0.5248,-0.8161
-4.3311,-5.4997,-0.2106,-0.5362,0.2976,-0.8533
-2.8491,-6.6992,0.3423,-0.4605,0.0991,-1.2211
-2.873,-6.7782,0.4836,-0.4428,-0.0792,-1.8399
-3.0502,-7.1972,0.802,-0.403,-0.2771,-2.601
-4.6016,-7.3121,0.7469,-0.3591,-0.6772,-3.3622
-4.3694,-9.5795,0.5027,-0.3212,-1.4518,-4.2271
-4.4963,-9.6321,0.8643,-0.2955,-1.7731,-4.2613
-5.7727,-9.9529,1.8148,-0.3334,-1.8403,-4.2186
-7.9658,-10.245,3.6391,-0.3047,-1.88,-4.0946
-8.2722,-12.4908,5.459,-0.1563,-1.8849,-3.5509
-7.9035,-12.5554,5.3441,0.3409,-2.6106,-1.7165
-3.3494,-12.419,3.869,0.7325,-3.4469,-0.2235
-1.5155,-11.49,2.7078,1.0049,-3.9405,0.8222
-1.3503,-9.9098,-0.2777,1.0409,-3.7902,0.9798
-1.4006,-9.3759,-1.4077,0.9151,-3.2172,0.7843
-1.5155,-9.261,-1.7477,0.617,-2.1458,0.5882
-1.9584,-9.2898,-0.474,-0.0298,-0.2411,0.408
-2.0709,-9.7303,0.9074,-0.4037,0.6207,0.3628
-2.1906,-9.9218,1.2042,-0.5887,1.085,0.4086
-2.7461,-10.1158,2.0015,-0.582,1.3953,0.4379
-3.2824,-10.1421,3.1076,-0.4397,1.6824,0.3353
-5.076,-9.1102,4.2114,-0.108,1.658,0.0696
-5.301,-8.8827,4.1323,0.1271,1.1302,-0.094
-5.0305,-8.6122,3.189,0.3384,0.3404,-0.2015
-4.094,-9.0048,2.1332,0.4899,-0.3016,-0.1893
-2.8682,-8.7032,0.881,0.5333,-0.6125,-0.16
-2.77,-8.6002,0.8212,0.4557,-0.717,-0.1197
-2.4109,-8.2674,1.0702,0.1937,-0.5569,-0.0054
-2.7724,-8.186,1.8195,-0.0084,-0.3303,0.0916
-3.3159,-8.617,2.4229,-0.1966,-0.2521,0.1582
-3.3159,-8.617,2.4229,-0.345,-0.4402,0.2211
-2.9448,-9.4262,1.7693,-0.4293,-0.7157,0.2877
-3.1124,-9.8931,1.3168,-0.4458,-0.7273,0.3262
-3.3973,-9.9793,1.2114,-0.4122,-0.4005,0.2785
-3.3973,-9.9793,1.2114,-0.2564,0.2897,0.1435
-3.0334,-9.8117,2.0781,-0.2564,0.2897,0.1435
-3.0238,-9.3735,2.0278,-0.1141,0.3116,0.0592
-2.6216,-5.4016,3.2609,0.0764,0.2903,-0.0164
-3.2106,-5.4064,2.4157,0.4618,0.4216,0.0806
-4.3263,-6.3856,0.7685,0.978,0.4802,0.1044
-3.7588,-8.435,-0.1508,1.2578,0.3428,0.1007
-3.3375,-9.2299,2.6886,0.9896,-0.0083,0.2168
-3.3375,-9.2299,2.6886,-0.29,-0.1305,0.0641
-4.1299,-8.9713,3.529,-0.29,-0.1305,0.0641
-4.537,-8.9833,3.0023,-0.6877,0.2988,-0.0592
-3.9193,-8.1405,1.6831,-0.6822,0.6097,0.0708
-3.8474,-8.0711,1.6376,-0.5643,0.7924,0.3323
-3.6607,-7.4151,1.2282,-0.3798,0.8235,0.6041
-3.7181,-7.5348,0.9457,-0.1544,0.8425,0.8234
-3.936,-8.0903,1.3766,0.1949,1.0606,1.0555
-3.936,-8.0903,1.3766,0.4301,1.4827,1.2968
-3.7684,-8.696,1.8004,0.4301,1.4827,1.2968
-3.517,-9.6369,2.3654,0.4234,1.5315,1.4104
-3.7828,-11.1333,3.3662,0.267,1.3727,1.4172
-3.9288,-11.7031,4.0294,0.0196,1.1149,1.2846
-4.288,-11.344,4.3311,-0.2112,0.7173,0.9071
-4.3143,-10.7478,2.5546,-0.0811,0.4253,0.6084
-5.2986,-10.5443,0.3663,0.237,0.1779,0.2419
-5.4279,-10.6736,0.9193,0.4478,0.1382,-0.1246
-4.2688,-10.4892,3.2345,0.3311,0.2212,-0.2504
-3.371,-10.3671,3.7828,0.0031,0.2231,-0.0769
-3.7181,-10.3767,2.4923,-0.0304,-0.045,-0.0647
-3.7181,-10.3767,2.4923,-0.1929,-0.5826,-0.3451
-4.106,-10.348,1.9393,-0.1929,-0.5826,-0.3451
-4.9395,-10.0439,1.628,-0.2259,-0.5923,-0.4557
-6.0504,-5.4758,1.6543,-0.2711,-0.483,-0.4905
-6.1964,-5.1454,1.4437,-0.2485,-0.1684,-0.0054
-5.5644,-5.3273,0.6009,0.1808,0.3159,0.5222
-3.3877,-7.1685,0.6488,0.6445,0.6232,0.8649
-4.1228,-9.8883,1.8579,0.8962,0.4424,0.8588
-4.2521,-9.9889,1.9416,0.9084,-0.0035,0.5393
-4.7884,-10.4653,2.4372,0.7593,-0.279,0.1374
-5.1621,-9.996,2.272,0.3617,-0.3248,-0.2834
-5.653,-8.2507,1.3982,0.0012,-0.2832,-0.5351
-4.8338,-2.2361,4.6639,-0.2442,0.0087,-0.6579
-2.5809,-0.7469,1.6472,-0.2534,0.5035,-0.5687
-4.3789,-3.2082,-4.3646,0.7502,0.4308,-0.5002
-3.7565,-3.5553,-0.5793,0.8326,-0.3278,-0.8637
-4.786,-4.9993,-0.6248,-0.4757,-0.4115,-0.8808
-5.3034,-8.8253,0.8762,-1.1459,-0.1104,-1.2626
-5.9977,-13.063,3.0597,-1.6382,0.3941,-1.3365
-4.6399,-14.2673,6.0552,-1.7805,0.8773,-1.3249
-4.2425,-13.6161,5.7176,-1.4372,1.1626,-1.2663
-3.7229,-9.613,1.8219,-0.0377,0.9928,-1.1447
-3.5721,-4.8243,-0.9002,0.9127,0.6165,-1.2095
-2.4875,-1.9201,-1.1659,1.0012,0.3269,-1.1117
-2.0877,-1.7645,-0.9792,0.471,0.1229,-0.8649
-1.6184,-3.4715,-0.6009,-0.1752,-0.0255,-0.5998
-0.644,-6.0696,0.632,-1.017,0.0062,-0.394
-1.4245,-10.0655,0.5674,-1.3841,0.0685,-0.3182
-1.4245,-10.0655,0.5674,-1.5185,0.0514,-0.386
-1.4101,-14.2601,1.8243,-1.6272,-0.0456,-0.4673
-0.0478,-13.6113,2.1835,-1.7396,-0.1849,-0.4795
-0.7326,-10.4988,2.2816,-1.6443,-0.4946,-0.6359
-2.4277,-10.597,1.7741,-1.1019,-0.4262,-1.229
-2.4923,-8.016,0.2944,-0.4806,0.2725,-1.3603
-3.1842,-6.3377,-1.798,0.226,0.8602,-1.2553
-4.6255,-9.1676,-3.8235,0.6439,1.0545,-1.163
-4.3095,-9.6154,-3.0597,0.4563,1.0746,-0.8912
-6.692,-11.2195,-1.8531,-0.2986,1.1168,-0.4917
-7.1422,-14.6216,1.6184,-1.3279,1.2573,-0.3109
-3.4332,-12.3304,3.8881,-1.4818,1.3733,0.1264
-3.0286,-11.6504,3.9983,-1.2399,1.5664,0.3353
-2.9616,-6.7687,4.1443,-0.7799,1.7881,0.3011
-3.2273,-3.3973,2.2385,-0.301,1.8541,-0.1337
-2.2146,-6.3952,-0.0047,0.03,1.1388,0.0103
-2.0949,-7.5851,-0.0742,-0.009,0.4815,0.4526
0.5147,-15.2732,-0.2873,0.0031,0.1027,0.8234
1.9632,-19.3601,-1.98,0.0972,-0.0175,1.0091
-2.964,-15.9196,1.0821,0.2499,-0.3254,0.6524
-2.964,-15.9196,1.0821,0.0947,-0.3431,-0.094
-5.6673,-12.6153,1.537,-0.1202,-0.4274,-0.7043
-5.6817,-11.569,0.9217,0.0574,-0.5832,-0.576
-3.8642,-11.9066,0.8523,0.1833,-0.5056,-0.1667
-2.8826,-12.498,0.972,0.2224,-0.3052,0.27
-2.612,-13.0463,0.6679,0.3091,-0.2179,0.5827
-2.9568,-13.5131,0.3639,0.573,-0.1226,0.8277
-3.1938,-13.7358,0.0526,0.6995,0.1229,0.992
-3.2082,-12.5315,-0.3112,0.7544,0.4473,1.1038
-1.7238,-9.5124,-1.0055,0.7551,0.8016,1.1899
-1.3096,-6.9817,-0.4596,0.675,1.0716,1.3255
-0.8954,-3.8187,0.2992,0.4576,1.2243,1.2107
-0.8954,-3.8187,0.2992,0.2816,0.5884,0.7134
-1.2425,-2.952,0.4788,0.2816,0.5884,0.7134
-2.0374,-3.9432,0.6703,0.2957,0.264,0.4831
-4.5465,-7.9849,0.7015,0.3085,-0.0047,0.2443
-4.8195,-8.5116,0.6488,0.3378,-0.1495,0.0091
-5.4662,-10.3169,0.553,0.3867,-0.1666,-0.0983
-5.3465,-11.5307,0.4501,0.4453,-0.1336,-0.0189
-4.0533,-11.2506,0.4572,0.4606,-0.1134,0.0946
-4.0533,-11.2506,0.4572,0.3574,-0.0591,0.0586
-3.8235,-10.075,0.7278,0.3574,-0.0591,0.0586
-3.9025,-9.2347,0.723,0.2969,-0.0487,-0.0739
-3.7636,-8.5523,0.4118,0.2926,-0.1085,-0.1453
-3.7421,-8.3656,0.2202,0.3165,-0.1317,-0.127
-3.7852,-8.3416,0.0574,0.3311,-0.1153,-0.1178
-3.9121,-8.5499,0.043,0.3122,-0.0804,-0.1172
-4.4077,-8.9187,0.4668,0.27,-0.0187,-0.1154
-4.6184,-9.0048,0.5434,0.2065,0.0801,-0.1111
-4.9802,-9.0527,0.5602,0.1393,0.2029,-0.0861
-5.2268,-9.0264,0.4836,0.1253,0.2744,-0.0519
-4.9347,-9.0791,0.62,0.1155,0.2793,-0.0122
-4.7884,-9.1102,0.7254,0.0947,0.2145,0.036
-3.9791,-9.2778,1.2737,0.0623,0.1339,0.0904
-3.5051,-9.4071,1.6711,0.0184,0.0306,0.135
-2.8874,-9.34,1.3886,0.03,-0.0041,0.1246
-2.8131,-9.3137,1.2904,0.0892,-0.0847,0.0946
-2.8131,-9.3137,1.2904,0.1784,-0.2044,0.0146
-2.6288,-9.1222,0.9457,0.1784,-0.2044,0.0146
-2.8706,-9.3305,1.2449,0.1839,-0.1782,-0.025
-2.8969,-9.3472,1.2449,0.1711,-0.0804,-0.0751
-3.11,-9.5124,1.2737,0.1613,0.0142,-0.083
-3.3016,-9.5795,1.1492,0.1625,0.0985,-0.0769
-3.596,-9.4789,0.8667,0.1802,0.1565,-0.069
-3.9001,-9.3065,0.7805,0.212,0.1485,-0.0733
-4.197,-8.9234,0.4932,0.2309,0.0844,-0.102
-4.5441,-8.5835,0.3088,0.2706,-0.0224,-0.1759
-4.7189,-8.198,0.1651,0.2767,-0.0438,-0.2193
-4.5944,-8.1621,0.1891,0.2334,-0.0914,-0.226
-4.0653,-8.4685,0.328,0.1417,-0.1886,-0.2052
-3.292,-9.1269,0.4261,0.0281,-0.3242,-0.1582
-2.7964,-9.7566,0.723,-0.1251,-0.4799,-0.1191
-2.8419,-9.7063,0.7661,-0.2125,-0.4396,-0.1759
-3.0765,-9.1485,0.8571,-0.2906,-0.3572,-0.2755
-3.2202,-8.2363,0.5674,-0.3194,-0.3199,-0.3494
-2.7365,-7.7527,1.1755,-0.3194,-0.3724,-0.3695
-2.7389,-7.8772,1.2976,-0.3737,-0.4036,-0.3402
-2.7389,-7.8772,1.2976,-0.3572,-0.257,-0.3445
-3.2441,-9.2491,1.6735,-0.3572,-0.257,-0.3445
-4.1204,-9.1772,0.9816,-0.2821,-0.1348,-0.4013
-4.1204,-9.1772,0.9816,-0.155,-0.0835,-0.3897
-4.4316,-8.5236,0.8834,-0.155,-0.0835,-0.3897
-4.7093,-8.1764,0.6631,-0.1043,-0.0554,-0.27
-4.9586,-8.4087,0.1221,-0.0597,0.0423,-0.1588
-4.9969,-8.7535,0.3327,-0.0151,0.2005,-0.0415
-4.841,-9.1964,0.2274,0.008,0.4448,0.0757
-4.7237,-9.5148,-0.2729,0.033,0.5627,0.1466
-4.1132,-9.9553,-0.6607,0.0746,0.644,0.1887
-3.3854,-10.0942,-0.3543,0.1033,0.8003,0.284
-1.8794,-10.1732,0.4548,0.0489,0.7588,0.3671
-0.9265,-10.178,1.2473,-0.0151,0.6177,0.4098
-1.5777,-10.1301,1.482,-0.0787,0.4503,0.3836
-1.7621,-10.1445,1.312,-0.1208,0.2609,0.2791
-2.3846,-10.1181,0.4525,-0.0658,0.1699,0.0452
-3.2561,-10.0104,-0.1053,-0.0041,0.3477,-0.1166
-4.6399,-9.5292,0.6512,-0.0286,0.4497,-0.306
-4.6399,-9.5292,0.6512,-0.1935,0.1406,-0.4801
-4.4939,-9.4023,1.2378,-0.1935,0.1406,-0.4801
-4.7596,-9.4095,1.2521,-0.1673,0.0954,-0.5002
-3.7565,-9.6752,0.9026,0.0104,0.2585,-0.4636
-3.7565,-9.6752,0.9026,0.0568,0.1797,-0.3854
-3.3494,-9.8811,0.4309,0.0904,0.1675,-0.3188
-3.3375,-9.9458,0.079,0.1289,0.1473,-0.3103
-3.2992,-9.7087,0.0071,0.1424,0.1791,-0.3219
-3.4524,-9.4813,0.0359,0.1472,0.2041,-0.328
-3.4548,-9.3352,-0.2968,0.1857,0.2872,-0.3176
-3.2824,-9.1964,-0.9026,0.2047,0.3013,-0.284
-3.3183,-9.2179,-0.9145,0.1815,0.311,-0.2638
-3.1603,-9.34,-0.7038,0.1289,0.3727,-0.2547
-2.8874,-9.4765,-0.1628,0.0855,0.4051,-0.2492
-2.6264,-9.6345,0.4572,-0.0078,0.3,-0.3133
-2.4708,-9.668,0.9074,-0.0329,0.1803,-0.3591
-2.5785,-9.6465,0.9241,0.0031,0.107,-0.4123
-2.8706,-9.5795,0.7876,0.0697,0.1101,-0.463
-3.0478,-9.3592,0.7709,0.1136,0.096,-0.485
-3.6391,-9.0767,0.6991,0.1167,0.0355,-0.496
-3.6367,-9.036,0.6871,0.1118,-0.056,-0.51
-3.517,-9.0551,0.5482,0.1185,-0.0865,-0.4948
-3.517,-9.0551,0.5482,0.1216,-0.0468,-0.3982
-2.4732,-9.206,0.2489,0.1216,-0.0468,-0.3982
-2.454,-9.2155,0.2394,0.121,0.0093,-0.361
-2.5091,-9.2682,0.3519,0.1088,0.1687,-0.3524
-2.8227,-9.2467,0.4788,0.1002,0.2683,-0.3628
-3.5218,-9.1198,0.6009,0.0978,0.3263,-0.3683
-3.9767,-8.9929,0.4118,0.1161,0.3727,-0.3762
-4.5154,-8.9115,-0.0143,0.1527,0.421,-0.3872
-4.9275,-8.9187,-0.395,0.1778,0.4595,-0.4025
-5.2483,-8.9546,-0.6392,0.1686,0.5236,-0.4324
-5.1238,-8.9833,-0.4357,0.1424,0.4943,-0.4343
-4.8937,-9.0168,0.0981,0.0972,0.4149,-0.4141
-4.1778,-9.0647,0.6272,0.0501,0.3037,-0.3909
-3.5242,-9.2443,0.9696,0.019,0.1705,-0.3604
-3.5146,-9.2538,0.9744,0.008,0.0832,-0.3573
-3.4117,-9.6034,1.0366,0.0025,-0.0004,-0.3732
-3.0909,-9.838,0.881,0.0025,-0.0536,-0.3475
-2.7796,-9.941,0.8978,0.0129,-0.0432,-0.2999
-2.794,-9.9266,0.9792,0.0397,0.0404,-0.2559
-2.8083,-9.9793,1.3263,0.0825,0.154,-0.2284
-2.8107,-9.7973,1.5275,0.1662,0.278,-0.1942
-2.9568,-9.2538,1.5275,0.2065,0.2725,-0.1814
-2.9712,-9.1892,1.5203,0.2322,0.2072,-0.1905
-3.3207,-8.8133,1.2785,0.248,0.1327,-0.2241
-3.4308,-8.629,0.8906,0.2731,0.093,-0.251
-4.3742,-8.6529,0.7685,0.2908,0.0807,-0.2541
-5.0472,-8.9115,0.6703,0.3012,0.1412,-0.2461
-5.7248,-9.2179,0.7015,0.3177,0.1143,-0.1869
-5.2555,-8.8899,0.5171,0.3311,0.0392,-0.0836
-5.2962,-8.6816,0.4668,0.336,-0.0896,0.0256
-5.404,-8.7032,0.62,0.325,-0.2417,0.0616
-6.1893,-9.0982,0.7517,0.2639,-0.3914,0.0549
-6.6873,-9.2538,0.5363,0.187,-0.2777,0.0592
-6.0719,-8.8349,0.4836,0.0373,-0.1189,0.0788
-6.1366,-8.7271,0.4477,-0.141,-0.0731,0.1099
-6.0672,-8.5499,0.4237,-0.2809,-0.1495,0.1637
-5.8876,-8.4733,0.4118,-0.3468,-0.2209,0.3243
-4.434,-8.4398,0.2657,-0.3291,-0.1928,0.7464
-4.3358,-8.4614,0.2442,-0.2699,-0.0865,1.0464
-3.6343,-8.6529,0.1915,-0.1911,0.0936,1.2553
-3.4165,-9.1605,0.3088,-0.1495,0.3245,1.3432
-3.5673,-10.7909,1.5131,-0.1789,0.5823,1.3225
-3.5673,-10.7909,1.5131,-0.3261,0.8498,1.2162
-3.7684,-11.4685,2.2816,-0.4489,0.8633,1.1569
-3.4644,-11.6409,2.6839,-0.5283,0.7967,1.1545
-3.4165,-11.5235,2.5139,-0.5161,0.7099,1.2034
-3.3016,-11.3583,2.1021,-0.4128,0.6488,1.2406
-3.1842,-11.162,1.4748,-0.268,0.6427,1.2418
-3.3351,-11.0255,0.7661,-0.0988,0.6366,1.1502
-3.6679,-10.5036,0.1005,-0.0579,0.6104,1.0476
-3.8139,-10.2139,-0.0023,-0.0903,0.5975,0.9388
-4.2209,-9.9434,-0.1244,-0.1618,0.5719,0.8381
-4.4292,-9.6489,-0.1412,-0.2314,0.5615,0.7593
-4.8099,-9.1916,-0.067,-0.2858,0.5933,0.7037
-4.841,-9.1246,-0.079,-0.3377,0.7845,0.6267
-5.1095,-8.8588,-0.0909,-0.3658,0.9531,0.5613
-5.301,-8.7151,-0.0814,-0.3872,1.0783,0.499
-5.1933,-8.4949,-0.0885,-0.3908,1.165,0.4667
-5.1813,-8.5428,-0.1292,-0.3768,1.2084,0.4721
-5.1238,-8.5523,-0.225,-0.3334,1.1779,0.4966
-5.0424,-8.526,-0.4261,-0.3047,1.0483,0.5057
-5.0784,-8.4446,-1.0319,-0.2876,0.8681,0.5051
-5.0784,-8.4446,-1.0319,-0.2992,0.6812,0.4954
-5.1334,-8.3967,-1.1252,-0.3456,0.578,0.496
-5.1358,-8.4374,-1.2785,-0.3939,0.5212,0.5131
-5.1837,-8.5906,-1.6927,-0.433,0.4882,0.5601
-5.2005,-8.6457,-2.059,-0.4489,0.4864,0.59
-5.4566,-8.696,-2.1978,-0.4757,0.4857,0.5962
-5.6075,-8.7678,-2.0111,-0.5405,0.5688,0.5821
-6.3976,-8.7774,-1.7812,-0.612,0.6892,0.5601
-6.5077,-8.7271,-1.5514,-0.6938,0.8657,0.5369
-6.3928,-8.7008,-1.0462,-0.8368,1.096,0.6334
-6.2012,-8.8157,-0.5363,-0.9113,1.1186,0.7544
-5.708,-8.8277,-0.0239,-0.9314,1.0642,0.8851
-5.6482,-8.7942,0.0526,-0.8978,0.9628,0.9999
-5.2436,-8.5883,0.2202,-0.8252,0.8895,1.0952
-5.0353,-8.4757,0.3327,-0.6816,0.8407,1.1808
-5.1167,-8.3656,0.2274,-0.5826,0.7869,1.1808
-5.1167,-8.3656,0.2274,-0.4971,0.6916,1.1472
-5.3321,-8.1908,-0.1053,-0.4061,0.5371,1.1099
-5.4279,-7.9729,-0.1077,-0.3139,0.3874,1.0775
-5.7056,-7.4965,-0.6057,-0.2344,0.2945,1.0427
-5.6745,-7.5013,-0.6631,-0.0988,0.2054,0.959
-5.7511,-7.4486,-0.7805,-0.028,0.1369,0.8985
-5.8229,-7.3816,-1.0606,0.0061,0.06,0.8515
-5.9762,-7.3409,-1.4987,0.0691,-0.0572,0.8142
-6.2467,-7.3816,-1.7238,0.1411,-0.1409,0.78
-6.3162,-7.3983,-1.9632,0.2144,-0.1495,0.7214
-6.3784,-7.4079,-1.9943,0.2151,-0.0884,0.6768
-6.6202,-7.305,-1.7405,0.1815,-0.0059,0.6249
-6.8189,-7.2283,-1.5634,0.1472,0.0349,0.5742
-7.0943,-7.1422,-1.3694,0.1198,0.052,0.5375
-7.2954,-7.0392,-1.3503,0.1063,0.0563,0.521
-7.2954,-7.0392,-1.3503,0.1314,-0.0474,0.507
-7.4989,-7.1182,-1.6903,0.1314,-0.0474,0.507
-7.609,-7.0272,-1.9153,0.1356,-0.1397,0.4911
-7.6401,-6.9841,-1.8938,0.1289,-0.1886,0.4819
-7.3792,-6.7806,-1.7525,0.1027,-0.1886,0.4948
-7.3792,-6.7687,-1.7429,0.0672,-0.1421,0.5259
-7.1326,-6.4454,-2.0446,0.0074,-0.1342,0.5937
-6.9817,-6.0504,-2.2864,-0.0322,-0.2026,0.6224
-6.7375,-5.2364,-2.5474,-0.0848,-0.2692,0.631
-6.7375,-5.2364,-2.5474,-0.1514,-0.2814,0.6328
-6.5244,-5.2076,-2.4564,-0.2259,-0.2295,0.6133
-6.3712,-5.3034,-2.3343,-0.3523,-0.0859,0.5338
-6.4263,-5.574,-2.3295,-0.4079,0.0148,0.4764
-6.6106,-5.72,-2.6048,-0.422,0.0148,0.4392
-6.6585,-6.0336,-3.1771,-0.4,-0.0926,0.4331
-6.4526,-6.151,-3.5027,-0.3798,-0.2277,0.4538
-6.1653,-6.1581,-3.8618,-0.3969,-0.2735,0.4905
-5.9451,-6.1821,-3.881,-0.5258,-0.125,0.5613
-5.5021,-6.0959,-3.6727,-0.659,-0.0029,0.6163
-4.841,-6.0312,-3.1771,-0.7897,0.0765,0.6621
-4.6902,-5.8349,-1.7741,-0.9107,0.1333,0.7098
-4.7979,-5.8349,-1.6328,-0.9803,0.1669,0.7141
-5.0161,-5.8852,-1.0821,-0.9736,0.1992,0.6035
-5.3824,-6.2659,-0.9337,-0.9088,0.2096,0.4905
-5.1885,-7.305,-2.138,-0.8099,0.2127,0.3775
-4.9251,-7.3337,-2.3463,-0.6865,0.2017,0.3262
-4.1563,-7.3265,-2.8083,-0.5869,0.2218,0.3543
-4.2353,-7.123,-3.2561,-0.5448,0.2921,0.4031
-5.4471,-7.0177,-2.9137,-0.5503,0.3526,0.3426
-5.4854,-7.032,-2.8682,-0.593,0.333,0.262
-5.9283,-7.1517,-2.4756,-0.6126,0.3831,0.1863
-5.8182,-7.0919,-2.1595,-0.5759,0.5352,0.1582
-5.2866,-6.9027,-1.8291,-0.4916,0.655,0.1875
-5.2675,-6.9315,-1.4796,-0.3933,0.6482,0.193
-5.6434,-7.2714,-1.2018,-0.276,0.5572,0.1032
-5.9379,-7.9586,-1.2306,-0.1727,0.4918,0.0128
-6.1964,-8.514,-1.9057,-0.064,0.4778,-0.0592
-6.1342,-8.5116,-2.0829,0.0446,0.5163,-0.0934
-6.3976,-8.514,-2.2744,0.0978,0.5731,-0.0891
-6.3329,-8.8013,-2.1859,0.1301,0.6055,-0.1282
-6.0217,-8.21,-1.7525,0.1576,0.5505,-0.2101
-5.9331,-8.0256,-1.7118,0.2163,0.479,-0.2785
-5.6625,-7.0775,-1.6519,0.2926,0.4112,-0.3164
-5.3776,-6.2874,-1.7453,0.3861,0.3355,-0.3402
-5.2483,-5.9331,-1.9201,0.4771,0.2988,-0.3732
-5.2412,-5.9379,-1.9297,0.5663,0.3324,-0.4306
-5.1981,-5.8134,-2.3056,0.5889,0.4002,-0.4605
-5.7415,-5.9762,-3.4787,0.5858,0.4302,-0.499
-7.7263,-7.2786,-6.637,0.5553,0.3086,-0.5406
-7.8317,-7.3983,-6.7399,0.4411,0.0233,-0.551
-9.1485,-8.5595,-7.9969,0.1821,-0.4977,-0.532
-10.3791,-9.7542,-9.2203,0.0654,-0.6992,-0.5424
-10.4557,-11.1572,-6.9554,-0.1214,-0.5874,-0.5815
-9.6632,-11.6504,-2.9616,-0.5209,-0.301,-0.6664
-10.1158,-10.6784,1.4724,-1.0353,-0.2484,-0.8869
-9.8811,-7.9251,5.7344,-1.3945,-0.4103,-1.1942
-7.7239,-4.0821,7.7096,-1.3108,-0.4738,-1.0726
-6.9075,-3.1148,6.06,-0.6517,-0.3681,-0.7238
-4.8434,-2.7102,1.9943,0.3427,-0.5282,-0.3628
-3.687,-3.4189,-1.695,1.1808,-0.5746,-0.0164
-3.7062,-5.9067,-7.6713,1.609,-0.4848,0.1814
-3.869,-6.2084,-7.9945,1.4997,-0.1104,0.2394
-3.869,-6.2084,-7.9945,0.6262,0.4864,0.1233
-6.6466,-7.7407,-4.9443,0.6262,0.4864,0.1233
-5.9929,-8.277,-3.055,0.2981,0.1791,0.1527
-5.9451,-8.2698,-2.9185,0.1222,-0.4366,0.2437
-5.6314,-8.0687,-1.8435,-0.0292,-0.767,0.2382
-5.7679,-7.4702,-1.2593,-0.1343,-0.5404,0.0244
-6.6944,-6.2922,-0.9026,-0.0738,-0.0413,-0.1618
-6.8094,-6.2467,-1.0055,0.0257,0.4717,-0.309
-6.8094,-6.2467,-1.0055,0.2767,0.5187,-0.2895
-7.5563,-6.2467,-3.7541,0.2767,0.5187,-0.2895
-6.5628,-7.0129,-4.8793,0.3122,0.4149,-0.1514
-5.9786,-7.4462,-4.1802,0.234,0.5108,-0.0079
-5.1191,-8.1717,-3.1986,0.1033,0.6507,0.0085
-4.9371,-8.763,-2.2673,-0.0023,0.5542,-0.0006
-5.5524,-9.2682,-0.8403,-0.0848,0.3801,-0.0598
-5.9163,-9.3568,-0.5195,-0.1001,0.2884,-0.1197
-6.1677,-9.4238,0.0718,0.0318,0.2872,-0.182
-6.0839,-9.4119,0.3256,0.1753,0.333,-0.1887
-5.6314,-8.8588,0.1077,0.3531,0.3465,-0.1698
-5.4734,-8.7151,0,0.5272,0.3153,-0.1508
-4.7644,-8.1357,-0.4525,0.7233,0.2921,-0.1081
-4.3837,-7.6354,-0.9792,0.8974,0.3379,-0.0568
-4.0821,-7.1158,-2.0302,1.0861,0.4192,-0.0635
-4.106,-7.0823,-2.3151,1.1766,0.4595,-0.0928
-4.2401,-6.953,-3.122,1.2437,0.4931,-0.1411
-4.3598,-6.6896,-4.0078,1.2725,0.5505,-0.1893
-4.9802,-6.5771,-5.0831,1.2468,0.6763,-0.237
-4.9993,-6.6011,-5.0712,1.1112,0.9262,-0.3457
-5.2316,-6.637,-5.0784,0.9988,0.9958,-0.419
-5.2316,-6.637,-5.0784,0.6573,0.851,-0.5332
-5.8325,-7.0057,-4.4795,0.6573,0.851,-0.5332
-6.0073,-7.19,-4.1084,0.446,0.6604,-0.6072
-6.1103,-7.3912,-3.2561,0.2334,0.4075,-0.6688
-6.0265,-7.4893,-2.6503,-0.0286,0.1204,-0.7134
-5.5356,-7.5563,-1.4508,-0.1355,0.052,-0.711
-5.3968,-7.6042,-1.1659,-0.1715,0.0881,-0.7092
-5.4351,-7.7599,-1.3072,-0.1257,0.1626,-0.7281
-5.4949,-7.8556,-0.9313,-0.0445,0.2732,-0.777
-5.7056,-8.1573,-0.7182,0.0129,0.4534,-0.8332
-5.7822,-8.1764,-0.7733,0.1167,0.6159,-0.9126
-5.7822,-8.1764,-0.7733,0.27,0.4662,-0.923
-5.653,-7.4223,-1.7693,0.27,0.4662,-0.923
-5.0855,-6.5436,-2.2649,0.2767,0.3825,-0.9016
-5.0496,-6.5436,-2.3582,0.2651,0.3239,-0.8619
-4.6615,-6.2922,-2.9496,0.3073,0.2243,-0.7922
-4.6327,-6.2826,-3.3877,0.2981,0.2414,-0.7354
-4.8602,-6.5675,-4.2784,0.2254,0.3,-0.7385
-4.8889,-6.5747,-4.2568,0.0929,0.3721,-0.7733
-4.9802,-6.8525,-3.3327,-0.0842,0.4332,-0.8319
-5.3034,-7.3337,-3.0166,-0.2931,0.4662,-0.8888
-5.8397,-8.0496,-3.6056,-0.4482,0.1437,-0.9792
-6.2707,-8.5547,-3.3925,-0.5148,-0.1586,-1.0268
-6.7495,-9.1126,-3.0621,-0.6242,-0.3908,-1.0739
-7.1924,-9.4597,-3.1244,-0.7225,-0.6113,-1.1178
-7.384,-9.6297,-2.3558,-0.8032,-0.8043,-1.1502
-7.5779,-9.6656,-2.2266,-0.9192,-0.9509,-1.1569
-7.6761,-9.5028,-2.1428,-0.9376,-1.0487,-1.1355
-7.3097,-9.0743,-1.9369,-0.9363,-1.0939,-1.083
-5.89,-7.8101,-1.2234,-0.9241,-1.0212,-0.9987
-5.6554,-7.7383,-1.2162,-0.8826,-0.8458,-0.8973
-4.8554,-7.6114,-1.6136,-0.7793,-0.665,-0.766
-4.4795,-7.9227,-2.0302,-0.5093,-0.4946,-0.5803
-4.3047,-8.8396,-2.8227,-0.3236,-0.373,-0.5033
-4.3047,-8.8396,-2.8227,-0.1453,-0.2661,-0.4593
-4.1754,-9.1581,-2.9352,0.0239,-0.1898,-0.4208
-3.7612,-9.2778,-3.0478,0.1417,-0.0902,-0.3683
-2.952,-9.3281,-3.1244,0.2157,0.0117,-0.306
-2.9305,-9.3209,-3.1387,0.2639,0.1174,-0.2614
-2.8395,-9.1916,-3.2225,0.2633,0.1394,-0.3036
-2.7988,-8.9641,-3.1052,0.2364,0.14,-0.383
-2.6695,-8.696,-2.8012,0.187,0.1253,-0.4477
-2.5977,-8.6649,-2.6647,0.1356,0.0636,-0.4789
-2.5139,-8.629,-2.7676,0.0831,-0.1385,-0.5094
-2.5163,-8.6649,-3.0502,0.0489,-0.2936,-0.5424
-2.6408,-8.684,-3.2034,0.019,-0.4457,-0.5852
-2.6862,-8.7582,-3.3566,-0.0261,-0.5526,-0.6346
-2.9041,-8.945,-3.8091,-0.0677,-0.6217,-0.6847
-3.1794,-9.1892,-4.0198,-0.1068,-0.6461,-0.7299
-3.5482,-9.4047,-3.4596,-0.174,-0.5636,-0.7764
-3.5697,-9.4238,-3.2728,-0.2137,-0.4537,-0.7874
-3.529,-9.3592,-2.964,-0.2082,-0.3633,-0.7709
-3.3063,-9.2419,-2.4372,-0.141,-0.3168,-0.7312
-2.861,-8.763,-2.3989,-0.0549,-0.249,-0.6841
-2.8275,-8.7295,-2.4037,0.0996,-0.1153,-0.6359
-2.7269,-8.5092,-2.2505,0.1735,0.0539,-0.631
-2.8706,-8.4757,-2.0853,0.223,0.2561,-0.6517
-3.0693,-8.6194,-1.9464,0.2847,0.3752,-0.6725
-3.0693,-8.6194,-1.9464,0.3427,0.41,-0.6585
-3.0262,-8.7104,-1.9895,0.3812,0.4326,-0.6133
-2.9783,-8.7774,-1.8794,0.4453,0.3959,-0.5222
-2.7509,-8.7175,-1.889,0.4673,0.3886,-0.4587
-2.5953,-8.6553,-1.8866,0.4918,0.4063,-0.3988
-2.4516,-8.4733,-1.8866,0.4979,0.4295,-0.3512
-2.4923,-8.3393,-1.5753,0.5058,0.4411,-0.3353
-2.8275,-8.6697,-1.3407,0.5199,0.4222,-0.3543
-2.964,-8.8612,-1.5801,0.5755,0.2365,-0.3665
-3.1723,-9.1198,-1.7525,0.6274,0.0441,-0.3665
-3.4572,-9.2921,-1.9393,0.628,-0.089,-0.3671
-3.8498,-9.2251,-1.7022,0.5962,-0.1824,-0.3646
-3.8953,-9.2179,-1.7453,0.5486,-0.2386,-0.3543
-4.0797,-9.1126,-1.9201,0.5156,-0.3749,-0.3439
-3.9911,-8.8564,-2.0829,0.5138,-0.4964,-0.3365
-3.6104,-8.107,-2.8419,0.5132,-0.6094,-0.3133
-3.6104,-8.107,-2.8419,0.5138,-0.6998,-0.2803
-3.8187,-8.0304,-3.4572,0.5058,-0.7579,-0.2583
-4.0438,-8.1262,-3.9121,0.4747,-0.7542,-0.2541
-4.4747,-8.5332,-3.9743,0.38,-0.6369,-0.2083
-4.4747,-8.5332,-3.9743,0.2651,-0.5477,0.0122
-4.422,-8.9809,-4.0318,0.2651,-0.5477,0.0122
-4.1491,-9.6178,-3.6631,0.2071,-0.4922,0.1844
-3.5266,-10.1493,-2.3822,0.1375,-0.3639,0.375
-3.2441,-10.4222,-2.059,0.0831,-0.0652,0.6462
-2.8514,-10.7406,-1.8028,0.1155,0.1204,0.8051
-2.4612,-11.1955,-1.3072,0.1393,0.4106,0.9541
-1.8986,-11.5068,-0.577,0.1503,0.8345,1.091
-1.7693,-11.5834,-0.4118,0.201,1.2182,1.1838
-1.7214,-11.7103,-0.3519,0.322,1.4356,1.2119
-1.6543,-11.7031,-0.5626,0.5413,1.4796,1.2174
-0.972,-11.6193,-0.2537,0.6298,1.3593,1.2797
-0.8523,-11.5762,-0.2705,0.642,1.2139,1.3634
-0.3232,-11.2913,-0.4692,0.6329,0.964,1.4257
0.1244,-10.9777,-0.5889,0.6164,0.6519,1.4404
0.1699,-10.6185,-1.0869,0.592,0.278,1.3426
0.1771,-10.597,-1.2138,0.6109,0.1253,1.2229
0.1005,-10.4749,-1.6017,0.6591,0.0813,1.1007
0.0909,-10.5108,-2.1021,0.7007,0.1339,1.0134
0.1987,-10.2546,-2.4947,0.7135,0.2163,0.948
0.2035,-10.2259,-2.4516,0.6769,0.2817,0.8827
0.3136,-9.9553,-2.3223,0.5138,0.33,0.7593
0.3902,-9.6345,-2.1356,0.3714,0.2982,0.634
-0.0023,-9.1413,-1.6711,0.2212,0.2328,0.4691
-0.8403,-8.7798,-1.1324,0.077,0.1418,0.2626
-1.4077,-8.4278,-0.7206,-0.0353,0.0331,0.0659
-1.8842,-8.2794,-0.3878,-0.1129,-0.1183,-0.0458
-1.8842,-8.2794,-0.3878,-0.2436,-0.4305,-0.2681
-3.0406,-8.1573,0.1604,-0.2436,-0.4305,-0.2681
-3.6439,-8.1597,0.2466,-0.2509,-0.5355,-0.3561
-4.3119,-8.2243,0.3423,-0.2387,-0.6082,-0.4276
-5.4064,-8.7151,-0.2298,-0.218,-0.6436,-0.4691
-5.471,-8.7989,-0.3711,-0.1654,-0.7035,-0.4434
-5.8158,-9.2083,-0.6679,-0.1288,-0.7194,-0.3567
-6.2515,-9.4573,-0.474,-0.1117,-0.5917,-0.2394
-6.4574,-10.1469,-0.9648,-0.0939,-0.384,-0.1001
-6.4574,-10.1469,-0.9648,-0.0213,0.0123,0.2113
-6.7375,-10.5611,-0.79,-0.0213,0.0123,0.2113
-6.6178,-10.8292,-0.7924,-0.0066,0.2249,0.3842
-5.9067,-10.4031,-0.6272,0.0012,0.1889,0.488
-5.9067,-10.4031,-0.6272,0.0012,0.1162,0.5656
-5.2627,-9.9242,-0.0574,0.0037,0.0722,0.6273
-4.4819,-9.6609,0.1268,0.044,-0.0267,0.6695
-3.6415,-9.5771,-0.3064,0.1442,-0.2118,0.6688
-3.3231,-9.5244,-0.5267,0.212,-0.26,0.62
-2.9807,-9.3448,-0.5865,0.267,-0.2435,0.5595
-2.6767,-9.3472,-0.9888,0.3244,-0.2539,0.5167
-2.6791,-9.3831,-1.5155,0.3665,-0.3052,0.4734
-2.7964,-9.2706,-1.3239,0.3562,-0.315,0.4092
-2.7964,-9.2706,-1.3239,0.2578,-0.3193,0.2583
-3.0142,-8.9402,-1.3838,0.2578,-0.3193,0.2583
-3.5122,-8.5763,-1.5322,0.2151,-0.3694,0.1966
-3.5817,-8.5236,-1.5011,0.1534,-0.3767,0.1105
-3.8331,-8.3273,-1.4963,0.0959,-0.3468,0.0305
-3.9408,-8.2315,-1.4149,0.0617,-0.2777,-0.014
-4.2951,-8.1884,-1.1803,0.0318,-0.1525,-0.0525
-4.3095,-8.1836,-1.1899,0.0116,-0.1238,-0.0788
-4.4675,-8.1525,-1.2258,0.0067,-0.1366,-0.0763
-4.525,-8.131,-1.2186,0.011,-0.136,-0.0555
-4.458,-8.016,-1.2808,0.0281,-0.1153,-0.0067
-4.458,-8.016,-1.2808,0.1124,0.0203,0.1282
-4.5537,-8.0998,-1.4484,0.1124,0.0203,0.1282
-4.7596,-8.4781,-1.7429,0.1448,0.0881,0.1685
-4.8338,-9.2275,-1.9345,0.1521,0.1608,0.2247
-4.9706,-9.7087,-1.8722,0.1259,0.2609,0.295
-4.9706,-9.7087,-1.8722,-0.0115,0.5371,0.4966
-4.7237,-10.7287,-1.7621,-0.0115,0.5371,0.4966
-4.2664,-10.9681,-1.6208,-0.0787,0.6171,0.5858
-4.1299,-10.9441,-1.6615,-0.119,0.669,0.6603
-4.039,-10.8795,-1.7262,-0.1379,0.6776,0.7079
-3.7756,-10.5491,-1.7597,-0.1581,0.6397,0.736
-3.2202,-9.431,-1.5011,-0.1911,0.5468,0.758
-3.1794,-9.2538,-1.5131,-0.1966,0.4851,0.7287
-3.019,-8.5811,-1.4867,-0.1868,0.4552,0.6627
-2.9448,-8.1573,-1.4652,-0.1715,0.4845,0.587
-3.0669,-7.9729,-1.2976,-0.1624,0.592,0.51
-3.0669,-7.9729,-1.2976,-0.1508,0.7594,0.4337
-3.3782,-8.0663,-1.2904,-0.1184,1.0404,0.3011
-3.8067,-8.119,-1.3383,-0.0927,1.1779,0.1857
-4.9586,-8.5787,-1.5035,-0.0726,1.2273,0.0586
-4.9586,-8.5787,-1.5035,-0.0768,1.1485,-0.1533
-5.6913,-8.9785,-1.549,-0.0768,1.1485,-0.1533
-6.1701,-9.2586,-1.4221,-0.108,1.0862,-0.2296
-6.716,-9.2491,-1.2545,-0.1819,0.9903,-0.2981
-7.0272,-9.1653,-1.2593,-0.2222,0.9072,-0.32
-7.3433,-8.854,-1.3239,-0.2577,0.8162,-0.3262
-7.53,-8.5643,-1.3287,-0.2906,0.7264,-0.306
-7.5875,-8.1046,-1.2952,-0.3261,0.6421,-0.259
-7.5803,-7.9251,-1.2018,-0.3774,0.5261,-0.1441
-7.6976,-7.7503,-0.8619,-0.4043,0.4931,-0.0488
-7.5659,-7.8006,-0.5602,-0.4049,0.5193,0.0623
-7.5156,-8.2818,-0.0694,-0.3511,0.5566,0.207
-7.4773,-8.3369,-0.0263,-0.2662,0.5994,0.3457
-7.2212,-8.5787,0.1077,-0.1514,0.6152,0.5015
-6.8405,-8.5883,-0.0191,0.0373,0.5914,0.7275
-5.9259,-8.2052,-0.3327,0.1509,0.5285,0.8607
-5.8134,-8.1549,-0.4213,0.2297,0.4479,0.9621
-5.4949,-7.9873,-0.5722,0.2658,0.3281,1.0207
-5.471,-7.8101,-0.869,0.237,0.1064,1.0323
-5.732,-7.7024,-1.6089,0.1564,-0.3736,0.9853
-5.732,-7.7024,-1.6089,0.099,-0.6583,0.9651
-5.8565,-7.8053,-1.8411,0.0568,-0.8171,0.9651
-6.048,-7.8796,-2.0159,0.0318,-0.8562,0.9645
-6.0911,-7.8413,-2.2002,0.0116,-0.797,0.9492
-6.0983,-7.7072,-2.2577,-0.0182,-0.6962,0.9205
-5.89,-7.3696,-2.3463,-0.0652,-0.5148,0.8613
-5.55,-6.9841,-2.4756,-0.0805,-0.406,0.8277
-5.0017,-6.3904,-2.9448,-0.0836,-0.3254,0.8057
-4.8314,-6.218,-3.2369,-0.0866,-0.2466,0.7977
-4.5465,-6.0767,-3.7541,-0.1098,-0.1605,0.8002
-4.4173,-6.0169,-4.1395,-0.1715,-0.0725,0.8002
-4.5418,-6.1845,-4.4532,-0.3444,0.0832,0.7715
-4.5537,-6.2898,-4.4316,-0.5069,0.2145,0.744
-4.6806,-6.9195,-4.4508,-0.6779,0.3178,0.7379
-5.0999,-7.846,-4.5968,-0.8111,0.3104,0.7336
-7.0679,-9.8045,-5.0712,-0.874,0.1302,0.6884
-7.4031,-10.0128,-5.1071,-0.8606,-0.4928,0.5687
-7.7958,-10.5252,-5.0664,-0.8423,-1.048,0.5235
-6.9793,-10.111,-3.8857,-0.8966,-1.5037,0.5601
-3.1866,-7.2619,2.1356,-1.0487,-1.5325,0.6273
-3.1866,-7.2619,2.1356,-1.3523,-0.3938,0.7837
-1.5993,-6.1198,3.4284,-1.3523,-0.3938,0.7837
-0.8667,-4.9036,1.6639,-0.9021,-0.7554,0.7428
-1.4915,-4.6998,-1.6519,-0.403,-1.2307,0.5864
-2.126,-5.1478,-3.3901,-0.0707,-1.1336,0.3732
-4.2042,-5.7631,-5.0353,0.0153,-0.5936,0.1759
-6.7112,-6.2276,-5.2771,-0.0891,-0.0487,0.0317
-6.2252,-7.3457,-4.1659,-0.4733,0.0251,0.1111
-5.4064,-7.6497,-3.0765,-0.783,-0.315,0.3054
-5.4064,-7.6497,-3.0765,-1.0652,-0.3376,0.3714
-4.604,-7.0751,0.2633,-1.0652,-0.3376,0.3714
-4.7117,-6.4598,0.0981,-0.965,-0.1189,0.3115
-4.841,-6.4335,-0.0885,-0.7464,0.0716,0.2217
-5.1861,-6.6106,-1.7094,-0.3853,0.1235,0.0995
-5.6075,-6.9506,-3.9647,-0.2167,0.0374,0.0592
-6.6418,-7.2188,-5.2531,-0.1605,0.0368,0.0305
-6.6944,-7.2523,-5.1143,-0.2467,0.1925,0.0268
-6.3497,-7.6186,-4.2951,-0.4299,0.355,0.0366
-6.2491,-8.1836,-2.9376,-0.6297,0.3428,0.0323
-5.3872,-9.1988,-0.7086,-0.8233,0.2793,-0.0568
-5.3441,-9.2179,-0.5817,-0.8166,0.2677,-0.0696
-4.9227,-9.17,0.1436,-0.7299,0.3514,-0.094
-4.7931,-8.9498,0.4572,-0.5588,0.5236,-0.1313
-4.6926,-8.6649,0.3543,-0.3407,0.6159,-0.1942
-4.5896,-8.5835,0,-0.0072,0.5902,-0.3414
-4.6878,-8.4614,-0.4357,0.2022,0.5597,-0.4392
-4.9658,-8.368,-0.7326,0.3946,0.5584,-0.5424
-4.9658,-8.368,-0.7326,0.6958,0.5303,-0.7641
-6.1055,-8.4542,-2.0805,0.6958,0.5303,-0.7641
-6.2946,-8.4518,-2.6527,0.7856,0.5639,-0.8295
-6.1964,-8.3129,-3.0909,0.8406,0.7014,-0.8411
-6.0097,-7.7742,-3.6032,0.8271,0.7722,-0.8295
-5.9618,-7.6545,-3.6703,0.8015,0.7637,-0.8472
-5.8589,-6.9889,-3.7493,0.763,0.7185,-0.8955
-5.7008,-6.3162,-3.778,0.7166,0.6751,-0.9529
-5.5428,-5.538,-4.5489,0.653,0.5816,-1.0177
-5.5141,-5.5093,-4.5561,0.5926,0.4949,-1.0421
-5.4638,-5.3872,-4.5058,0.4869,0.4204,-1.0726
-5.8253,-5.5596,-4.6399,0.347,0.341,-1.1288
-6.8716,-6.2755,-4.1395,0.1894,0.2096,-1.2015
-6.977,-6.2755,-4.1395,-0.0041,0.0783,-1.2589
-7.5348,-7.135,-3.4763,-0.3316,-0.0236,-1.237
-7.4678,-7.7934,-2.6886,-0.502,-0.1043,-1.1472
-7.4678,-7.7934,-2.6886,-0.6865,-0.1586,-0.9798
-6.9722,-8.5547,-1.4891,-0.6865,-0.1586,-0.9798
-6.7687,-8.3321,-0.8092,-0.7158,0.0062,-0.9523
-6.0959,-7.8796,-0.0622,-0.6675,0.4937,-0.9309
-6.0959,-7.8796,-0.0622,-0.2906,0.7252,-0.8081
-4.865,-7.7263,-0.7398,-0.2906,0.7252,-0.8081
-4.4939,-8.1094,-1.3072,-0.0561,0.6776,-0.78
-4.4484,-8.4302,-1.6831,0.1173,0.6879,-0.7745
-4.3766,-8.8756,-1.9009,0.2346,0.7325,-0.788
-4.3789,-8.9354,-1.9345,0.3366,0.7961,-0.7678
-4.3263,-9.0791,-2.1859,0.3849,0.7771,-0.7305
-4.4053,-9.3233,-2.1236,0.416,0.7105,-0.6988
-4.422,-9.5172,-2.9113,0.4398,0.6146,-0.7006
-4.3837,-9.5028,-2.8993,0.4722,0.4833,-0.7037
-4.0701,-9.3688,-2.4923,0.4423,0.4668,-0.6884
-3.7373,-9.1461,-2.0829,0.3977,0.5169,-0.6792
-3.2561,-8.684,-1.8674,0.3898,0.5077,-0.686
-3.2321,-8.6529,-1.8579,0.4258,0.4405,-0.7086
-3.0597,-8.4446,-1.6903,0.4765,0.3758,-0.7489
-3.0502,-8.3273,-1.5466,0.5052,0.3697,-0.7947
-3.4476,-8.5068,-2.2098,0.5779,0.2988,-0.8729
-3.6822,-8.6649,-2.3271,0.6292,0.2261,-0.9236
-4.0605,-8.8684,-2.4564,0.6475,0.1913,-0.9633
-4.4532,-9.0024,-2.6001,0.6634,0.151,-0.9938
-4.2736,-8.9474,-1.2018,0.6769,0.1131,-1.003
-4.3598,-9.0048,-1.0606,0.6848,0.093,-0.9828
-4.6686,-9.1222,-1.9512,0.7899,-0.0755,-0.9395
-4.7022,-9.2179,-1.9584,0.8571,-0.1256,-0.8973
-4.6136,-9.2993,-1.4652,0.8662,-0.0468,-0.8436
-4.5825,-9.2754,-1.3646,0.8833,-0.0029,-0.7922
-4.6471,-9.1006,-1.8124,0.9298,-0.0297,-0.7446
-4.3837,-8.7463,-2.0302,1.0299,-0.1537,-0.6633
-4.2999,-8.0496,-2.9664,1.044,-0.1281,-0.6041
-4.2999,-8.0496,-2.9664,1.0361,-0.0658,-0.5852
-4.5561,-7.8604,-3.189,0.9945,0.0123,-0.5833
-4.8219,-7.8245,-3.2704,0.9292,0.0716,-0.5754
-5.5309,-8.095,-3.9217,0.8901,0.1363,-0.5516
-5.6051,-8.1549,-3.9863,0.851,0.206,-0.4703
-5.9546,-8.5763,-4.1299,0.8064,0.308,-0.3842
-5.8253,-8.9737,-3.8067,0.7477,0.4137,-0.2718
-5.4016,-9.3783,-2.9161,0.6836,0.5181,-0.1362
-5.1023,-9.6561,-2.8706,0.6317,0.556,-0.0048
-4.7381,-10.0008,-2.557,0.5779,0.548,0.1221
-4.1922,-10.2211,-1.6543,0.3617,0.7661,0.32
-3.778,-10.3743,-0.8164,0.2034,0.9078,0.4263
-3.7852,-10.4581,-0.7469,0.1497,0.7435,0.474
-3.6296,-10.5299,-1.2258,0.1827,0.3465,0.5039
-3.2345,-10.7263,-1.1779,0.1979,-0.0468,0.5803
-2.3511,-10.9729,0.2178,0.0422,-0.1782,0.7929
-2.2792,-10.9753,0.4309,-0.0952,-0.1128,0.9083
-1.7477,-11.0878,0.9624,-0.1428,-0.0902,0.9987
-1.0869,-11.3129,1.0175,-0.0958,-0.144,1.0983
0.1173,-12.4429,0.8978,-0.0029,-0.1495,1.1954
0.1316,-12.4429,0.8978,0.1155,0.0142,1.2657
0.0119,-12.8811,0.2489,0.3953,0.1974,1.2089
-0.2944,-12.8284,-0.9768,0.6365,0.0612,1.0384
0.0095,-11.4972,-2.2601,0.8314,-0.2057,0.8521
0.0622,-11.3655,-2.3319,0.92,-0.4005,0.6927
-0.0574,-10.1349,-2.6096,0.9188,-0.4647,0.5161
-0.0119,-8.8588,-2.8012,0.8027,-0.4329,0.2364
