andar
3.9237,-4.7357,3.5045,-0.4881,-0.2428,0.7102
3.9237,-4.7357,3.5045,-0.47,-0.4793,0.8327
3.9237,-4.7357,3.5045,-0.4551,-0.6849,0.9243
3.9237,-4.7357,3.5045,-0.4465,-0.7158,0.9456
3.9237,-4.7357,3.5045,-0.5009,-0.8756,0.9722
3.9237,-4.7357,3.5045,-0.6202,-1.1152,1.017
3.9237,-4.7357,3.5045,-0.3613,-0.6338,0.7304
3.9237,-4.7357,3.5045,0.4077,-0.0884,-0.6276
3.9237,-4.7357,3.5045,0.1019,-0.3515,-0.7437
3.9237,-4.7357,3.5045,-0.7587,0.6199,0.0391
3.9237,-4.7357,3.5045,-0.6181,1.1664,0.8753
3.9237,-4.7357,3.5045,-0.2953,0.5102,1.2524
3.9237,-4.7357,3.5045,-0.8737,-0.6551,0.5632
3.9237,-4.7357,3.5045,-0.3688,-0.5283,0.5632
3.9237,-4.7357,3.5045,-0.0109,-0.2865,1.1075
3.9237,-4.7357,3.5045,-0.1568,0.3153,1.1874
3.9237,-4.7357,3.5045,-0.6383,0.7499,0.8817
3.9237,-4.7357,3.5045,-1.0207,1.0375,0.4599
3.9237,-4.7357,3.5045,-0.8343,1.1163,0.2724
3.9237,-4.7357,3.5045,-0.585,1.1067,0.3448
3.9237,-4.7357,3.5045,-0.5286,1.0162,0.4386
3.9237,-4.7357,3.5045,-0.5967,0.8564,0.4876
3.9237,-4.7357,3.5045,-0.6244,0.4452,0.5451
3.9237,-4.7357,3.5045,-0.6905,0.4601,0.5717
3.9237,-4.7357,3.5045,-0.65,0.4761,0.658
3.9237,-4.7357,3.5045,-0.5563,0.5975,0.7528
3.9237,-4.7357,3.5045,-0.5446,0.5826,0.7709
3.9237,-4.7357,3.5045,-0.5009,0.4548,0.7102
3.9237,-4.7357,3.5045,-0.438,0.392,0.6388
3.9237,-4.7357,3.5045,-0.4561,0.3888,0.5781
3.9237,-4.7357,3.5045,-0.5243,0.2929,0.5227
3.9237,-4.7357,3.5045,-0.5989,0.181,0.4971
3.9237,-4.7357,3.5045,-0.6436,-0.0074,0.5611
3.9237,-4.7357,3.5045,-0.7107,-0.0788,0.6857
3.9237,-4.7357,3.5045,-0.8279,-0.0415,0.8306
3.9237,-4.7357,3.5045,-0.9813,0.1406,0.9477
3.9237,-4.7357,3.5045,-1.0676,0.3334,0.952
3.9237,-4.7357,3.5045,-1.0047,0.458,0.772
3.9237,-4.7357,3.5045,-0.7949,0.4442,0.4002
3.9237,-4.7357,3.5045,-0.503,0.2343,-0.078
3.9237,-4.7357,3.5045,-0.1153,-0.148,-0.373
3.9237,-4.7357,3.5045,0.3011,-0.4431,-0.3826
3.9237,-4.7357,3.5045,0.5866,-0.2258,-0.3283
3.9237,-4.7357,3.5045,0.8668,-0.2066,-0.4103
3.9237,-4.7357,3.5045,1.0979,-0.6103,-0.699
3.9237,-4.7357,3.5045,1.3259,-1.0939,-1.0346
3.9237,-4.7357,3.5045,1.4601,-1.2708,-1.3275
3.9237,-4.7357,3.5045,1.4015,-1.275,-1.679
3.9237,-4.7357,3.5045,1.3845,-1.2388,-2.0401
3.9237,-4.7357,3.5045,1.4718,-1.275,-2.2276
3.9237,-4.7357,3.5045,1.5347,-0.9896,-2.0614
3.9237,-4.7357,3.5045,1.4995,-0.6465,-1.5331
3.9237,-4.7357,3.5045,1.4622,-0.7392,-0.7161
3.9237,-4.7357,3.5045,1.4473,-0.736,-0.372
3.9237,-4.7357,3.5045,1.393,-0.8969,-0.6095
3.9237,-4.7357,3.5045,1.1895,-0.589,-0.699
3.9237,-4.7357,3.5045,1.0447,-0.3707,-0.6521
3.9237,-4.7357,3.5045,0.985,-0.3089,-0.6745
3.9237,-4.7357,3.5045,0.9403,-0.1459,-0.5371
3.9237,-4.7357,3.5045,0.9254,-0.0447,-0.323
3.9237,-4.7357,3.5045,0.8433,-0.0756,-0.1557
3.9237,-4.7357,3.5045,0.6463,-0.0926,-0.0098
3.9237,-4.7357,3.5045,0.4322,-0.066,0.0785
3.9237,-4.7357,3.5045,0.217,-0.0884,0.1509
3.9237,-4.7357,3.5045,0.0657,-0.0937,0.2319
3.9237,-4.7357,3.5045,-0.062,-0.0969,0.3086
3.9237,-4.7357,3.5045,-0.1462,-0.115,0.3821
3.9237,-4.7357,3.5045,-0.1557,-0.1406,0.4055
3.9237,-4.7357,3.5045,-0.0535,-0.164,0.4045
3.9237,-4.7357,3.5045,0.0657,-0.1576,0.413
3.9237,-4.7357,3.5045,0.1723,-0.4133,0.4631
3.9237,-4.7357,3.5045,0.234,-0.9097,0.4812
3.9237,-4.7357,3.5045,0.2575,-1.4018,0.5057
3.9237,-4.7357,3.5045,0.233,-1.7278,0.6303
3.9237,-4.7357,3.5045,0.4205,-1.2378,0.233
3.9237,-4.7357,3.5045,0.6303,-0.344,-0.5957
3.9237,-4.7357,3.5045,0.2202,-0.7722,-0.6276
3.9237,-4.7357,3.5045,-0.4135,-0.0809,0.0007
3.9237,-4.7357,3.5045,-0.3528,0.4633,0.8497
3.9237,-4.7357,3.5045,-0.1664,0.1182,1.1065
3.9237,-4.7357,3.5045,-0.4359,-0.5528,0.5845
3.9237,-4.7357,3.5045,-0.372,-0.5123,0.6239
3.9237,-4.7357,3.5045,-0.1557,-0.5688,1.0404
3.9237,-4.7357,3.5045,-0.1057,0.3248,1.1693
3.9237,-4.7357,3.5045,-0.4497,0.4942,1.0149
3.9237,-4.7357,3.5045,-0.7054,0.7392,0.691
3.9237,-4.7357,3.5045,-0.7118,1.0236,0.4705
3.9237,-4.7357,3.5045,-0.6532,1.16,0.4087
3.9237,-4.7357,3.5045,-0.6724,1.2495,0.478
3.9237,-4.7357,3.5045,-0.7331,1.2356,0.5877
3.9237,-4.7357,3.5045,-0.7651,1.1312,0.6665
3.9237,-4.7357,3.5045,-0.7374,0.8308,0.6995
3.9237,-4.7357,3.5045,-0.7544,0.6679,0.7464
3.9237,-4.7357,3.5045,-0.7949,0.5762,0.837
3.9237,-4.7357,3.5045,-0.8311,0.4761,0.8902
3.9237,-4.7357,3.5045,-0.8833,0.4154,0.8838
3.9237,-4.7357,3.5045,-0.8577,0.377,0.8923
3.9237,-4.7357,3.5045,-0.7959,0.4591,0.8678
3.9237,-4.7357,3.5045,-0.7896,0.5773,0.7816
3.9237,-4.7357,3.5045,-0.7757,0.5177,0.7485
3.9237,-4.7357,3.5045,-0.7395,0.4761,0.7049
3.9237,-4.7357,3.5045,-0.6905,0.311,0.626
3.9237,-4.7357,3.5045,-0.5957,0.327,0.5174
3.9237,-4.7357,3.5045,-0.4572,0.4548,0.3853
3.9237,-4.7357,3.5045,-0.3411,0.5762,0.1893
3.9237,-4.7357,3.5045,-0.2399,0.5315,-0.0354
3.9237,-4.7357,3.5045,-0.1344,0.3611,-0.2165
3.9237,-4.7357,3.5045,-0.0034,0.0532,-0.372
3.9237,-4.7357,3.5045,0.184,-0.2844,-0.4657
3.9237,-4.7357,3.5045,0.5014,-0.7307,-0.5957
3.9237,-4.7357,3.5045,0.9531,-1.2463,-0.8034
3.9237,-4.7357,3.5045,1.474,-1.6042,-1.0686
3.9237,-4.7357,3.5045,1.6753,-1.6138,-1.4809
3.9237,-4.7357,3.5045,1.3792,-1.275,-2.0987
3.9237,-4.7357,3.5045,1.083,-1.4444,-2.6356
3.9237,-4.7357,3.5045,1.034,-1.8567,-2.803
3.9237,-4.7357,3.5045,1.2279,-1.6063,-2.4311
3.9237,-4.7357,3.5045,1.5645,-0.2908,-1.5714
3.9237,-4.7357,3.5045,1.9842,0.6306,-0.8173
3.9237,-4.7357,3.5045,2.3262,0.3185,-0.242
3.9237,-4.7357,3.5045,2.3251,-0.556,-0.0993
3.9237,-4.7357,3.5045,1.9608,-0.7456,-0.2708
3.9237,-4.7357,3.5045,1.2481,-1.3017,-0.2037
3.9237,-4.7357,3.5045,0.6143,-1.5477,-0.1643
3.9237,-4.7357,3.5045,0.4854,-1.4593,-0.0972
3.9237,-4.7357,3.5045,0.7198,-1.1184,0.0103
3.9237,-4.7357,3.5045,0.9019,-0.6721,0.1648
3.9237,-4.7357,3.5045,0.7869,-0.2918,0.2362
3.9237,-4.7357,3.5045,0.528,-0.0884,0.2703
3.9237,-4.7357,3.5045,0.315,-0.0575,0.3107
3.9237,-4.7357,3.5045,0.1201,-0.2748,0.3874
3.9237,-4.7357,3.5045,-0.0162,-0.5155,0.4705
3.9237,-4.7357,3.5045,-0.1046,-0.6412,0.5472
3.9237,-4.7357,3.5045,-0.1291,-0.6529,0.6314
3.9237,-4.7357,3.5045,-0.0705,-0.5965,0.6718
3.9237,-4.7357,3.5045,0.0519,-0.5123,0.6069
3.9237,-4.7357,3.5045,0.1605,-0.3291,0.5078
3.9237,-4.7357,3.5045,0.168,-0.2013,0.4215
3.9237,-4.7357,3.5045,0.1786,-0.2641,0.3672
3.9237,-4.7357,3.5045,0.3278,-0.3557,0.332
3.9237,-4.7357,3.5045,0.4641,-0.3557,0.2979
3.9237,-4.7357,3.5045,0.5621,-0.2545,0.2916
3.9237,-4.7357,3.5045,0.6143,-0.1991,0.3246
3.9237,-4.7357,3.5045,0.5802,-0.3067,0.4013
3.9237,-4.7357,3.5045,0.4886,-0.6167,0.5174
3.9237,-4.7357,3.5045,0.3438,-1.1504,0.6687
3.9237,-4.7357,3.5045,0.2031,-1.5733,0.8923
3.9237,-4.7357,3.5045,0.2873,-1.7906,0.9904
3.9237,-4.7357,3.5045,0.7368,-1.3379,0.6697
3.9237,-4.7357,3.5045,1.1129,-0.1406,-0.5936
3.9237,-4.7357,3.5045,0.1051,-0.9278,-0.8364
3.9237,-4.7357,3.5045,-0.5818,-0.1161,-0.0471
3.9237,-4.7357,3.5045,-0.0524,0.5645,1.3962
3.9237,-4.7357,3.5045,-0.0545,-0.3675,1.6902
3.9237,-4.7357,3.5045,-0.4753,-0.8905,1.0042
3.9237,-4.7357,3.5045,-0.1856,-0.2162,0.7326
3.9237,-4.7357,3.5045,-0.3379,-0.0894,0.9286
3.9237,-4.7357,3.5045,-0.4774,0.5262,0.8615
3.9237,-4.7357,3.5045,-0.7544,1.0844,0.723
3.9237,-4.7357,3.5045,-0.7384,1.4029,0.4961
3.9237,-4.7357,3.5045,-0.4679,1.4274,0.3704
3.9237,-4.7357,3.5045,-0.5541,1.2889,0.3406
3.9237,-4.7357,3.5045,-0.7587,1.0929,0.3917
3.9237,-4.7357,3.5045,-0.797,1.0034,0.4716
3.9237,-4.7357,3.5045,-0.6894,0.9927,0.5877
3.9237,-4.7357,3.5045,-0.584,1.0119,0.6452
3.9237,-4.7357,3.5045,-0.5776,1.1579,0.6111
3.9237,-4.7357,3.5045,-0.6404,1.2953,0.5653
3.9237,-4.7357,3.5045,-0.6553,1.454,0.5387
3.9237,-4.7357,3.5045,-0.6202,1.4774,0.5078
3.9237,-4.7357,3.5045,-0.5254,1.4529,0.4492
3.9237,-4.7357,3.5045,-0.4668,1.4529,0.3832
3.9237,-4.7357,3.5045,-0.5179,1.4636,0.3075
3.9237,-4.7357,3.5045,-0.6489,1.421,0.2777
3.9237,-4.7357,3.5045,-0.7651,1.3358,0.2692
3.9237,-4.7357,3.5045,-0.8673,1.1983,0.3288
3.9237,-4.7357,3.5045,-0.927,1.2154,0.4524
3.9237,-4.7357,3.5045,-0.9525,1.2718,0.5589
3.9237,-4.7357,3.5045,-1.0367,1.3017,0.576
3.9237,-4.7357,3.5045,-1.1049,1.2527,0.5099
3.9237,-4.7357,3.5045,-1.1294,1.2079,0.38
3.9237,-4.7357,3.5045,-1.0772,1.1536,0.2042
3.9237,-4.7357,3.5045,-0.9589,1.1557,0.0348
3.9237,-4.7357,3.5045,-0.8332,1.1941,-0.0865
3.9237,-4.7357,3.5045,-0.7235,1.2367,-0.1813
3.9237,-4.7357,3.5045,-0.6276,1.1685,-0.2793
3.9237,-4.7357,3.5045,-0.4444,0.9384,-0.3443
3.9237,-4.7357,3.5045,-0.1515,0.5965,-0.3944
3.9237,-4.7357,3.5045,0.2351,0.1384,-0.4689
3.9237,-4.7357,3.5045,0.6718,-0.3483,-0.5701
3.9237,-4.7357,3.5045,1.1075,-0.5656,-0.7725
3.9237,-4.7357,3.5045,1.3366,-0.475,-1.1219
3.9237,-4.7357,3.5045,1.3834,-0.6423,-1.4298
3.9237,-4.7357,3.5045,1.1736,-1.0151,-1.8037
3.9237,-4.7357,3.5045,1.0191,-1.5147,-2.1871
3.9237,-4.7357,3.5045,1.1331,-1.3752,-2.5163
3.9237,-4.7357,3.5045,1.3856,-1.1312,-2.6825
3.9237,-4.7357,3.5045,1.5645,-0.1139,-2.4556
3.9237,-4.7357,3.5045,1.7563,0.2599,-1.5182
3.9237,-4.7357,3.5045,1.9555,-0.3845,-0.4987
3.9237,-4.7357,3.5045,1.8148,-0.9278,-0.2985
3.9237,-4.7357,3.5045,1.4804,-0.9352,-0.4732
3.9237,-4.7357,3.5045,1.2002,-0.9885,-0.5744
3.9237,-4.7357,3.5045,1.1288,-0.8692,-0.6479
3.9237,-4.7357,3.5045,1.2588,-0.7786,-0.4902
3.9237,-4.7357,3.5045,1.3983,-0.5869,-0.2484
3.9237,-4.7357,3.5045,1.4047,-0.5379,-0.045
3.9237,-4.7357,3.5045,1.2577,-0.4953,0.0902
3.9237,-4.7357,3.5045,1.0127,-0.4868,0.1573
3.9237,-4.7357,3.5045,0.7592,-0.4569,0.1872
3.9237,-4.7357,3.5045,0.4844,-0.5549,0.2532
3.9237,-4.7357,3.5045,0.2798,-0.622,0.348
3.9237,-4.7357,3.5045,0.0956,-0.6039,0.4386
3.9237,-4.7357,3.5045,-0.078,-0.5539,0.5089
3.9237,-4.7357,3.5045,-0.1983,-0.4942,0.5504
3.9237,-4.7357,3.5045,-0.2537,-0.5507,0.5983
3.9237,-4.7357,3.5045,-0.1941,-0.6721,0.675
3.9237,-4.7357,3.5045,0.005,-0.6945,0.7027
3.9237,-4.7357,3.5045,0.0561,-0.7861,0.6378
3.9237,-4.7357,3.5045,-0.0354,-1.0428,0.5259
3.9237,-4.7357,3.5045,0.1094,-1.1216,0.5706
3.9237,-4.7357,3.5045,0.3363,-1.3017,0.6953
3.9237,-4.7357,3.5045,0.2617,-1.6543,0.8242
3.9237,-4.7357,3.5045,-0.0034,-1.4646,0.7113
3.9237,-4.7357,3.5045,0.1691,-0.8457,0.6687
3.9237,-4.7357,3.5045,0.1531,-0.9661,-0.0279
3.9237,-4.7357,3.5045,0.2426,-0.1704,-0.487
3.9237,-4.7357,3.5045,0.0423,-0.0969,-0.1003
3.9237,-4.7357,3.5045,0.0732,0.3696,0.74
3.9237,-4.7357,3.5045,0.2766,0.1075,1.4005
3.9237,-4.7357,3.5045,0.152,-0.7935,1.3238
3.9237,-4.7357,3.5045,-0.0194,-0.8244,0.9765
3.9237,-4.7357,3.5045,-0.0897,-0.3653,0.9275
3.9237,-4.7357,3.5045,-0.1312,-0.442,1.0543
3.9237,-4.7357,3.5045,-0.2218,0.1491,1.017
3.9237,-4.7357,3.5045,-0.5541,0.8798,0.7975
3.9237,-4.7357,3.5045,-0.6553,1.128,0.5685
3.9237,-4.7357,3.5045,-0.5446,1.1962,0.5153
3.9237,-4.7357,3.5045,-0.52,1.2175,0.5994
3.9237,-4.7357,3.5045,-0.568,0.9757,0.7411
3.9237,-4.7357,3.5045,-0.6212,0.6125,0.8455
3.9237,-4.7357,3.5045,-0.6149,0.1928,0.8828
3.9237,-4.7357,3.5045,-0.5403,-0.1544,0.8519
3.9237,-4.7357,3.5045,-0.4615,-0.1874,0.8295
3.9237,-4.7357,3.5045,-0.4039,-0.0798,0.837
3.9237,-4.7357,3.5045,-0.3667,0.1608,0.8242
3.9237,-4.7357,3.5045,-0.3965,0.4186,0.7986
3.9237,-4.7357,3.5045,-0.4689,0.6231,0.7272
3.9237,-4.7357,3.5045,-0.5765,0.7669,0.609
3.9237,-4.7357,3.5045,-0.6862,0.7445,0.5046
3.9237,-4.7357,3.5045,-0.7661,0.6359,0.4364
3.9237,-4.7357,3.5045,-0.7746,0.5038,0.413
3.9237,-4.7357,3.5045,-0.7299,0.4314,0.429
3.9237,-4.7357,3.5045,-0.6756,0.4442,0.4705
3.9237,-4.7357,3.5045,-0.6138,0.4303,0.5099
3.9237,-4.7357,3.5045,-0.5232,0.4005,0.5355
3.9237,-4.7357,3.5045,-0.4519,0.4303,0.4961
3.9237,-4.7357,3.5045,-0.4252,0.441,0.3459
3.9237,-4.7357,3.5045,-0.437,0.4559,0.1701
3.9237,-4.7357,3.5045,-0.4721,0.621,0.0039
3.9237,-4.7357,3.5045,-0.503,0.6742,-0.0727
3.9237,-4.7357,3.5045,-0.5062,0.6412,-0.1387
3.9237,-4.7357,3.5045,-0.4806,0.5507,-0.2452
3.9237,-4.7357,3.5045,-0.4157,0.4537,-0.372
3.9237,-4.7357,3.5045,-0.2868,0.4228,-0.4945
3.9237,-4.7357,3.5045,-0.062,0.2226,-0.6841
3.9237,-4.7357,3.5045,0.3832,-0.0276,-0.8492
3.9237,-4.7357,3.5045,0.9477,-0.3685,-1.0985
3.9237,-4.7357,3.5045,1.6071,-0.7456,-1.3946
3.9237,-4.7357,3.5045,1.8553,-0.7712,-1.7376
3.9237,-4.7357,3.5045,1.6359,-0.7318,-2.1381
3.9237,-4.7357,3.5045,1.5336,-1.0662,-2.495
3.9237,-4.7357,3.5045,1.4005,-1.2516,-2.5184
3.9237,-4.7357,3.5045,1.2631,-1.0247,-2.3043
3.9237,-4.7357,3.5045,1.3152,-0.5954,-1.9922
3.9237,-4.7357,3.5045,1.4697,-0.1448,-1.319
3.9237,-4.7357,3.5045,1.8031,-0.0884,-0.5339
3.9237,-4.7357,3.5045,1.9405,-0.5198,-0.1941
3.9237,-4.7357,3.5045,1.7222,-0.8287,-0.2143
3.9237,-4.7357,3.5045,1.393,-0.8681,-0.2047
3.9237,-4.7357,3.5045,1.1491,-0.9246,-0.2047
3.9237,-4.7357,3.5045,1.0223,-0.9278,-0.2197
3.9237,-4.7357,3.5045,1.0692,-0.6295,-0.1398
3.9237,-4.7357,3.5045,1.1821,-0.3131,0.0487
3.9237,-4.7357,3.5045,1.1565,-0.2141,0.2127
3.9237,-4.7357,3.5045,0.9584,-0.2375,0.3565
3.9237,-4.7357,3.5045,0.6452,-0.4548,0.4439
3.9237,-4.7357,3.5045,0.3246,-0.7073,0.5366
3.9237,-4.7357,3.5045,0.0689,-0.8159,0.6314
3.9237,-4.7357,3.5045,-0.094,-0.7722,0.7603
3.9237,-4.7357,3.5045,-0.2069,-0.768,0.8902
3.9237,-4.7357,3.5045,-0.2846,-0.8106,0.9776
3.9237,-4.7357,3.5045,-0.3198,-0.9501,1.0415
3.9237,-4.7357,3.5045,-0.2708,-1.2154,1.0106
3.9237,-4.7357,3.5045,-0.1344,-1.16,0.773
3.9237,-4.7357,3.5045,-0.1312,-1.1962,0.4343
3.9237,-4.7357,3.5045,-0.1994,-1.3773,0.3022
3.9237,-4.7357,3.5045,0.0561,-1.1579,0.3928
3.9237,-4.7357,3.5045,0.3597,-1.0311,0.5589
3.9237,-4.7357,3.5045,0.4332,-0.85,0.6111
3.9237,-4.7357,3.5045,0.2287,-0.556,0.707
3.9237,-4.7357,3.5045,-0.046,-0.9342,0.6005
3.9237,-4.7357,3.5045,0.3523,-0.8212,0.0391
3.9237,-4.7357,3.5045,0.3043,-0.2769,0.1051
3.9237,-4.7357,3.5045,0.2319,0.0756,0.5334
3.9237,-4.7357,3.5045,0.1818,0.1033,0.8359
3.9237,-4.7357,3.5045,-0.1398,-0.2481,0.9754
3.9237,-4.7357,3.5045,-0.2229,-0.54,0.984
3.9237,-4.7357,3.5045,-0.0194,-0.5304,0.8881
3.9237,-4.7357,3.5045,0.0817,-0.164,0.9925
3.9237,-4.7357,3.5045,-0.0716,-0.1928,1.0468
3.9237,-4.7357,3.5045,-0.1408,-0.196,0.9392
3.9237,-4.7357,3.5045,-0.3198,0.0394,0.7656
3.9237,-4.7357,3.5045,-0.3485,0.5081,0.6165
3.9237,-4.7357,3.5045,-0.2474,0.6849,0.5206
3.9237,-4.7357,3.5045,-0.2122,0.6327,0.4673
3.9237,-4.7357,3.5045,-0.2154,0.4015,0.4886
3.9237,-4.7357,3.5045,-0.225,0.1416,0.5941
3.9237,-4.7357,3.5045,-0.2548,-0.0852,0.7432
3.9237,-4.7357,3.5045,-0.2964,-0.2322,0.8881
3.9237,-4.7357,3.5045,-0.3741,-0.3099,0.9957
3.9237,-4.7357,3.5045,-0.4934,-0.3057,1.0351
3.9237,-4.7357,3.5045,-0.5999,-0.1683,1.0223
3.9237,-4.7357,3.5045,-0.7001,0.0543,0.9808
3.9237,-4.7357,3.5045,-0.7896,0.3387,0.9094
3.9237,-4.7357,3.5045,-0.8641,0.5475,0.8412
3.9237,-4.7357,3.5045,-0.9046,0.5858,0.7656
3.9237,-4.7357,3.5045,-0.8833,0.4335,0.6527
3.9237,-4.7357,3.5045,-0.7427,0.1565,0.5067
3.9237,-4.7357,3.5045,-0.519,-0.0692,0.3608
3.9237,-4.7357,3.5045,-0.3581,-0.1448,0.2649
3.9237,-4.7357,3.5045,-0.2932,-0.0426,0.2074
3.9237,-4.7357,3.5045,-0.2974,0.1267,0.1062
3.9237,-4.7357,3.5045,-0.3699,0.2705,-0.0109
3.9237,-4.7357,3.5045,-0.3997,0.3536,-0.1185
3.9237,-4.7357,3.5045,-0.2719,0.2173,-0.1824
3.9237,-4.7357,3.5045,0.0018,-0.0745,-0.2346
3.9237,-4.7357,3.5045,0.3033,-0.4026,-0.356
3.9237,-4.7357,3.5045,0.6378,-0.5912,-0.6074
3.9237,-4.7357,3.5045,0.968,-0.6199,-0.927
3.9237,-4.7357,3.5045,1.2833,-0.6817,-1.2327
3.9237,-4.7357,3.5045,1.4857,-0.9342,-1.4457
3.9237,-4.7357,3.5045,1.4708,-1.0726,-1.7589
3.9237,-4.7357,3.5045,1.4079,-1.0876,-2.1562
3.9237,-4.7357,3.5045,1.2609,-1.0471,-2.4044
3.9237,-4.7357,3.5045,1.2812,-0.8425,-2.4854
3.9237,-4.7357,3.5045,1.3014,0.1832,-2.1839
3.9237,-4.7357,3.5045,1.4782,0.6274,-1.0697
3.9237,-4.7357,3.5045,1.8436,0.2503,-0.3049
3.9237,-4.7357,3.5045,1.8894,-0.4047,-0.4284
3.9237,-4.7357,3.5045,1.5816,-0.6519,-0.6489
3.9237,-4.7357,3.5045,1.083,-0.5272,-0.6873
3.9237,-4.7357,3.5045,0.6995,-0.7999,-0.6937
3.9237,-4.7357,3.5045,0.6655,-0.6199,-0.6021
3.9237,-4.7357,3.5045,0.8146,-0.3472,-0.3155
3.9237,-4.7357,3.5045,0.8338,-0.2418,-0.062
3.9237,-4.7357,3.5045,0.6665,-0.213,0.1584
3.9237,-4.7357,3.5045,0.3853,-0.2354,0.2852
3.9237,-4.7357,3.5045,0.0956,-0.2418,0.3725
3.9237,-4.7357,3.5045,-0.2079,-0.3664,0.4876
3.9237,-4.7357,3.5045,-0.4679,-0.6551,0.641
3.9237,-4.7357,3.5045,-0.6298,-0.9832,0.7826
3.9237,-4.7357,3.5045,-0.7597,-1.3358,0.8615
3.9237,-4.7357,3.5045,-0.6937,-1.4306,0.7539
3.9237,-4.7357,3.5045,-0.3784,-1.1312,0.5227
3.9237,-4.7357,3.5045,-0.209,-1.2133,0.4023
3.9237,-4.7357,3.5045,-0.1334,-1.3879,0.3597
3.9237,-4.7357,3.5045,0.3342,-0.7754,0.25
3.9237,-4.7357,3.5045,0.3555,0.5784,0.135
3.9237,-4.7357,3.5045,-0.2037,0.736,-0.2846
3.9237,-4.7357,3.5045,-0.3134,0.1139,-0.7022
3.9237,-4.7357,3.5045,-0.4327,0.082,-0.0258
3.9237,-4.7357,3.5045,-0.3209,0.3302,0.7411
3.9237,-4.7357,3.5045,0.0327,0.2236,0.9904
3.9237,-4.7357,3.5045,0.1776,0.3515,1.3461
3.9237,-4.7357,3.5045,-0.2079,0.0521,1.638
3.9237,-4.7357,3.5045,-0.7384,0.246,1.5762
3.9237,-4.7357,3.5045,-1.0335,0.5826,1.3121
3.9237,-4.7357,3.5045,-1.0399,0.801,1.1022
3.9237,-4.7357,3.5045,-0.9099,1.1397,0.7645
3.9237,-4.7357,3.5045,-0.8151,1.2324,0.4034
3.9237,-4.7357,3.5045,-0.6702,1.0535,0.2319
3.9237,-4.7357,3.5045,-0.4668,0.6359,0.2553
3.9237,-4.7357,3.5045,-0.3091,0.1608,0.3608
3.9237,-4.7357,3.5045,-0.2282,-0.196,0.494
3.9237,-4.7357,3.5045,-0.2388,-0.4122,0.6441
3.9237,-4.7357,3.5045,-0.2868,-0.3643,0.7528
3.9237,-4.7357,3.5045,-0.3358,-0.066,0.7219
3.9237,-4.7357,3.5045,-0.3592,0.1874,0.6665
3.9237,-4.7357,3.5045,-0.3507,0.3376,0.6548
3.9237,-4.7357,3.5045,-0.3869,0.491,0.6537
3.9237,-4.7357,3.5045,-0.5115,0.524,0.5888
3.9237,-4.7357,3.5045,-0.6596,0.2993,0.5067
3.9237,-4.7357,3.5045,-0.7267,0.0671,0.4556
3.9237,-4.7357,3.5045,-0.7406,-0.0511,0.4311
3.9237,-4.7357,3.5045,-0.7363,-0.0234,0.4386
3.9237,-4.7357,3.5045,-0.6947,0.1203,0.4386
3.9237,-4.7357,3.5045,-0.5925,0.2748,0.3906
3.9237,-4.7357,3.5045,-0.4881,0.4473,0.2521
3.9237,-4.7357,3.5045,-0.438,0.5912,0.037
3.9237,-4.7357,3.5045,-0.4061,0.6423,-0.1983
3.9237,-4.7357,3.5045,-0.3411,0.5837,-0.4007
3.9237,-4.7357,3.5045,-0.1952,0.5059,-0.5509
3.9237,-4.7357,3.5045,0.0615,0.5091,-0.7203
3.9237,-4.7357,3.5045,0.5696,0.1139,-0.9408
3.9237,-4.7357,3.5045,1.2631,-0.3579,-1.2231
3.9237,-4.7357,3.5045,1.6891,-0.5134,-1.6673
3.9237,-4.7357,3.5045,1.8031,-0.7861,-2.365
3.9237,-4.7357,3.5045,1.2417,-1.0428,-2.9436
3.9237,-4.7357,3.5045,2.3538,-0.4633,-3.1247
3.9237,-4.7357,3.5045,2.9877,0.2716,-2.5578
3.9237,-4.7357,3.5045,2.863,-0.4079,-1.2125
3.9237,-4.7357,3.5045,2.7714,-1.03,-0.7203
3.9237,-4.7357,3.5045,2.7714,-0.8159,-0.2644
3.9237,-4.7357,3.5045,2.3752,-0.4953,-0.111
3.9237,-4.7357,3.5045,1.589,-0.3802,-0.4497
3.9237,-4.7357,3.5045,1.2556,-1.0151,-0.2623
3.9237,-4.7357,3.5045,1.2354,-1.8023,0.1243
3.9237,-4.7357,3.5045,1.2439,-1.8769,0.3821
3.9237,-4.7357,3.5045,1.2513,-1.0886,0.5951
3.9237,-4.7357,3.5045,1.0926,-0.4942,0.6569
3.9237,-4.7357,3.5045,0.7336,-0.3877,0.6101
3.9237,-4.7357,3.5045,0.3129,-0.4346,0.5312
3.9237,-4.7357,3.5045,-0.0247,-0.3121,0.4993
3.9237,-4.7357,3.5045,-0.1525,-0.1107,0.4993
3.9237,-4.7357,3.5045,-0.1664,-0.196,0.5632
3.9237,-4.7357,3.5045,-0.2463,-0.3941,0.625
3.9237,-4.7357,3.5045,-0.2239,-0.5773,0.6963
3.9237,-4.7357,3.5045,-0.0737,-0.7722,0.7187
3.9237,-4.7357,3.5045,0.0988,-0.736,0.6015
3.9237,-4.7357,3.5045,0.1659,-0.6657,0.4663
3.9237,-4.7357,3.5045,0.3193,-0.8319,0.4716
3.9237,-4.7357,3.5045,0.7059,-0.8766,0.5685
3.9237,-4.7357,3.5045,0.9541,-0.882,0.6324
3.9237,-4.7357,3.5045,0.7485,-0.9768,0.5909
3.9237,-4.7357,3.5045,0.2468,-1.1515,0.658
3.9237,-4.7357,3.5045,-0.3592,-1.1717,0.8274
3.9237,-4.7357,3.5045,-0.7896,-1.029,0.7326
3.9237,-4.7357,3.5045,0.3331,-1.0066,0.5142
3.9237,-4.7357,3.5045,0.871,-0.6998,-0.3155
3.9237,-4.7357,3.5045,-0.1131,-1.1685,-0.0258
3.9237,-4.7357,3.5045,-0.4263,0.8063,0.7698
3.9237,-4.7357,3.5045,0.1456,1.0311,1.8372
3.9237,-4.7357,3.5045,0.3129,0.2503,1.7307
3.9237,-4.7357,3.5045,0.0934,-0.0415,1.3973
3.9237,-4.7357,3.5045,-0.3848,0.344,0.5802
3.9237,-4.7357,3.5045,-0.976,0.0532,0.6367
3.9237,-4.7357,3.5045,-1.0899,0.3834,0.7688
3.9237,-4.7357,3.5045,-1.188,1.0183,0.8274
3.9237,-4.7357,3.5045,-1.1826,1.699,0.5579
3.9237,-4.7357,3.5045,-1.0452,2.0196,0.4023
3.9237,-4.7357,3.5045,-0.8748,2.0111,0.4418
3.9237,-4.7357,3.5045,-0.6905,1.6564,0.5504
3.9237,-4.7357,3.5045,-0.5541,1.193,0.5834
3.9237,-4.7357,3.5045,-0.4721,0.9267,0.5206
3.9237,-4.7357,3.5045,-0.5083,0.7893,0.3991
3.9237,-4.7357,3.5045,-0.5914,0.8724,0.3065
3.9237,-4.7357,3.5045,-0.633,1.0183,0.2649
3.9237,-4.7357,3.5045,-0.6585,1.1696,0.266
3.9237,-4.7357,3.5045,-0.7203,1.3113,0.2649
3.9237,-4.7357,3.5045,-0.8077,1.3421,0.201
3.9237,-4.7357,3.5045,-0.8918,1.2005,0.1541
3.9237,-4.7357,3.5045,-0.9387,1.0322,0.185
3.9237,-4.7357,3.5045,-0.9579,0.9342,0.234
3.9237,-4.7357,3.5045,-0.9824,0.9342,0.2596
4.9203,-4.2233,4.1632,-0.9824,0.9342,0.2596
6.0271,-4.1727,4.2808,-0.9824,0.9342,0.2596
6.8653,-4.4891,3.828,-0.9824,0.9342,0.2596
7.2918,-5.3372,4.2856,-0.9824,0.9342,0.2596
7.3612,-5.984,4.6112,-0.9824,0.9342,0.2596
7.5168,-6.0654,4.7333,-0.9824,0.9342,0.2596
7.6823,-5.749,4.7046,-0.9824,0.9342,0.2596
7.3995,-5.6533,4.2497,-0.9824,0.9342,0.2596
6.6977,-5.579,4.132,-0.9824,0.9342,0.2596
7.7973,-8.1591,5.7658,-0.9824,0.9342,0.2596
16.4879,-21.7941,9.0931,-0.9824,0.9342,0.2596
9.2104,-11.1366,0.3498,-0.9824,0.9342,0.2596
1.3844,-3.0804,2.6542,-0.9824,0.9342,0.2596
-1.2144,-6.4436,4.132,-0.9824,0.9342,0.2596
-0.4599,-9.1123,1.9306,-0.9824,0.9342,0.2596
6.6642,-10.746,-4.6543,-0.9824,0.9342,0.2596
6.6977,-12.9571,6.5684,-0.9824,0.9342,0.2596
2.8075,-8.8872,7.5671,-0.9824,0.9342,0.2596
1.0923,-7.0284,5.5862,-0.9824,0.9342,0.2596
1.6313,-6.3694,3.435,-0.9824,0.9342,0.2596
2.2685,-7.1984,2.908,-0.9824,0.9342,0.2596
2.6686,-8.511,4.4699,-0.9824,0.9342,0.2596
3.5571,-9.0955,4.2087,-0.9824,0.9342,0.2596
4.2497,-8.7771,3.3943,-0.9824,0.9342,0.2596
4.2185,-7.8859,2.3451,-0.9824,0.9342,0.2596
3.919,-7.7087,1.5786,-0.9824,0.9342,0.2596
3.6771,-7.7901,2.6063,-0.9824,0.9342,0.2596
3.7274,-8.6355,3.5236,-0.9824,0.9342,0.2596
3.5907,-9.1362,4.0961,-0.9824,0.9342,0.2596
3.0253,-8.5565,3.8663,-0.9824,0.9342,0.2596
2.6925,-8.183,3.6481,-0.9824,0.9342,0.2596
2.7021,-8.0487,3.6628,-0.9824,0.9342,0.2596
2.896,-8.1396,3.4278,-0.9824,0.9342,0.2596
3.0903,-8.5972,3.2052,-0.9824,0.9342,0.2596
3.1238,-8.825,3.1094,-0.9824,0.9342,0.2596
2.8793,-9.2416,2.9319,-0.9824,0.9342,0.2596
2.6063,-9.5268,2.9703,-0.9824,0.9342,0.2596
2.3546,-9.8718,3.3225,-0.9824,0.9342,0.2596
1.9282,-10.0849,3.8376,-0.9824,0.9342,0.2596
1.3198,-9.5866,4.2904,-0.9824,0.9342,0.2596
0.5964,-8.5829,4.4723,-0.9824,0.9342,0.2596
0.2657,-7.5985,4.0913,-0.9824,0.9342,0.2596
0.4815,-7.1888,3.3345,-0.9824,0.9342,0.2596
1.1857,-7.9122,2.9415,-0.9824,0.9342,0.2596
3.0804,-10.298,4.0985,-0.9824,0.9342,0.2596
2.3379,-11.1964,5.3779,-0.9824,0.9342,0.2596
1.4805,-11.0336,4.9491,-0.9824,0.9342,0.2596
2.3259,-9.4142,3.1836,-0.9824,0.9342,0.2596
4.0459,-7.1577,2.2445,-0.9824,0.9342,0.2596
5.1095,-5.761,1.3557,-0.9824,0.9342,0.2596
4.7237,-5.3683,1.3533,-0.9824,0.9342,0.2596
3.828,-7.7925,2.1152,-0.9824,0.9342,0.2596
3.3656,-11.6037,2.2565,-0.9824,0.9342,0.2596
3.1142,-14.217,3.0325,-0.9824,0.9342,0.2596
3.8974,-14.6722,2.7739,-0.9824,0.9342,0.2596
4.7839,-13.1845,1.2814,-0.9824,0.9342,0.2596
5.2028,-10.1568,0.7472,-0.9824,0.9342,0.2596
5.2723,-8.8106,1.1833,-0.9824,0.9342,0.2596
4.2015,-7.9912,2.223,-0.9824,0.9342,0.2596
3.8328,-6.4823,2.3834,-0.9824,0.9342,0.2596
4.4316,-6.3144,2.9655,-0.9824,0.9342,0.2596
4.1608,-8.2237,3.4566,-0.9824,0.9342,0.2596
3.67,-8.5517,3.3464,-0.9824,0.9342,0.2596
4.0267,-7.9673,2.5824,-0.9824,0.9342,0.2596
4.065,-7.1697,2.0841,-0.9824,0.9342,0.2596
4.144,-6.3335,2.5848,-0.9824,0.9342,0.2596
4.1129,-5.96,2.7835,-0.9824,0.9342,0.2596
3.7825,-5.5455,3.2722,-0.9824,0.9342,0.2596
4.1512,-5.3875,3.5212,-0.9824,0.9342,0.2596
4.5489,-5.3995,3.8088,-0.9824,0.9342,0.2596
5.4881,-5.445,4.3047,-0.9824,0.9342,0.2596
6.5637,-5.5312,5.1981,-0.9824,0.9342,0.2596
7.3636,-5.9026,5.7514,-0.9824,0.9342,0.2596
7.5192,-5.9504,5.4282,-0.9824,0.9342,0.2596
7.8954,-5.8544,4.5848,-0.9824,0.9342,0.2596
7.8859,-5.6078,4.0387,-0.9824,0.9342,0.2596
6.3766,-5.5288,4.288,-0.9824,0.9342,0.2596
8.7891,-7.4187,6.2425,-0.9824,0.9342,0.2596
13.0433,-15.0676,7.2655,-0.9824,0.9342,0.2596
8.3075,-10.849,1.7558,-0.9824,0.9342,0.2596
2.5896,-6.2353,2.5632,-0.9824,0.9342,0.2596
-1.7031,-6.5253,3.4685,-0.9824,0.9342,0.2596
-0.4504,-9.522,1.751,-0.9824,0.9342,0.2596
5.5623,-13.151,0.1651,-0.9824,0.9342,0.2596
6.3503,-13.1749,3.8423,-0.9824,0.9342,0.2596
4.0866,-8.6068,4.0818,-0.9824,0.9342,0.2596
2.1847,-7.4833,5.6078,-0.9824,0.9342,0.2596
1.5523,-7.9673,2.6901,-0.9824,0.9342,0.2596
1.6935,-8.2118,2.829,-0.9824,0.9342,0.2596
2.2421,-8.2525,4.0554,-0.9824,0.9342,0.2596
3.2722,-8.5661,3.9237,-0.9824,0.9342,0.2596
4.0219,-9.0859,3.5571,-0.9824,0.9342,0.2596
4.0315,-8.8705,2.9703,-0.9824,0.9342,0.2596
3.7131,-8.0822,2.9056,-0.9824,0.9342,0.2596
3.3824,-7.9505,2.6446,-0.9824,0.9342,0.2596
3.3033,-8.5661,2.6327,-0.9824,0.9342,0.2596
3.2914,-9.1147,2.9032,-0.9824,0.9342,0.2596
3.3536,-9.0931,3.1286,-0.9824,0.9342,0.2596
3.0951,-8.5685,3.2291,-0.9824,0.9342,0.2596
2.5608,-8.4655,3.3081,-0.9824,0.9342,0.2596
2.3762,-8.7268,3.5595,-0.9824,0.9342,0.2596
2.4121,-8.8034,3.8567,-0.9824,0.9342,0.2596
2.0769,-8.8896,4.0411,-0.9824,0.9342,0.2596
1.7917,-8.4799,4.1943,-0.9824,0.9342,0.2596
1.8707,-8.4272,4.0075,-0.9824,0.9342,0.2596
2.3283,-8.274,4.2305,-0.9824,0.9342,0.2596
2.5968,-7.8547,4.3837,-0.9824,0.9342,0.2596
2.5704,-7.6512,4.5298,-0.9824,0.9342,0.2596
2.2661,-7.8092,4.4963,-0.9824,0.9342,0.2596
2.0602,-7.9505,4.3885,-0.9824,0.9342,0.2596
2.3307,-7.7829,4.1847,-0.9824,0.9342,0.2596
2.7763,-7.8499,4.5872,-0.9824,0.9342,0.2596
3.4446,-7.7183,5.4186,-0.9824,0.9342,0.2596
4.458,-8.0941,6.209,-0.9824,0.9342,0.2596
4.8222,-8.0247,6.7839,-0.9824,0.9342,0.2596
4.6471,-7.7207,5.9265,-0.9824,0.9342,0.2596
3.9692,-7.0835,3.7729,-0.9824,0.9342,0.2596
1.8204,-8.2429,1.3006,-0.9824,0.9342,0.2596
-0.2322,-10.4563,0.8936,-0.9824,0.9342,0.2596
-1.0492,-15.0316,3.9884,-0.9824,0.9342,0.2596
2.3187,-17.9636,6.578,-0.9824,0.9342,0.2596
6.9683,-14.6674,4.1967,-0.9824,0.9342,0.2596
8.1061,-11.8599,1.1282,-0.9824,0.9342,0.2596
6.6475,-8.1205,-0.7329,-0.9824,0.9342,0.2596
5.8927,-6.2545,0.3187,-0.9824,0.9342,0.2596
4.5322,-6.4631,-0.7592,-0.9824,0.9342,0.2596
4.6279,-7.8787,1.1115,-0.9824,0.9342,0.2596
4.1608,-8.0439,3.7897,-0.9824,0.9342,0.2596
4.0243,-7.7949,5.1789,-0.9824,0.9342,0.2596
3.265,-7.2583,4.7237,-0.9824,0.9342,0.2596
3.4111,-7.1481,3.3584,-0.9824,0.9342,0.2596
3.9525,-7.2391,2.6494,-0.9824,0.9342,0.2596
4.7453,-7.0356,2.6255,-0.9824,0.9342,0.2596
5.0305,-7.3397,2.5198,-0.9824,0.9342,0.2596
5.2316,-7.1936,2.9894,-0.9824,0.9342,0.2596
5.3779,-6.6546,3.368,-0.9824,0.9342,0.2596
5.4617,-6.1731,3.8016,-0.9824,0.9342,0.2596
5.5048,-5.4545,4.6232,-0.9824,0.9342,0.2596
6.1755,-5.0616,5.3803,-0.9824,0.9342,0.2596
6.7959,-5.3588,5.4857,-0.9824,0.9342,0.2596
7.2104,-5.9672,4.6734,-0.9824,0.9342,0.2596
6.9635,-6.3503,4.0171,-0.9824,0.9342,0.2596
6.1252,-6.2856,4.4723,-0.9824,0.9342,0.2596
5.7179,-6.1707,4.4843,-0.9824,0.9342,0.2596
5.7993,-6.2641,4.5202,-0.9824,0.9342,0.2596
6.1899,-6.4775,4.5944,-0.9824,0.9342,0.2596
6.4799,-6.511,4.2114,-0.9824,0.9342,0.2596
6.3766,-6.3646,3.5859,-0.9824,0.9342,0.2596
5.9504,-6.1468,2.7835,-0.9824,0.9342,0.2596
5.5455,-6.0055,2.8625,-0.9824,0.9342,0.2596
5.0424,-8.4847,3.9764,-0.9824,0.9342,0.2596
7.1649,-11.6947,7.0883,-0.9824,0.9342,0.2596
16.1264,-13.6684,8.4775,-0.9824,0.9342,0.2596
11.6492,-11.3209,-1.2791,-0.9824,0.9342,0.2596
1.5212,-6.7217,1.4565,-0.9824,0.9342,0.2596
-6.3838,-7.5914,4.7934,-0.9824,0.9342,0.2596
-1.4493,-7.5575,0.213,-0.9824,0.9342,0.2596
5.3226,-10.7436,-1.3198,-0.9824,0.9342,0.2596
7.2224,-14.6267,8.0151,-0.9824,0.9342,0.2596
2.7572,-8.1615,5.1119,-0.9824,0.9342,0.2596
0.9822,-5.8759,4.5944,-0.9824,0.9342,0.2596
0.4695,-6.6666,3.5595,-0.9824,0.9342,0.2596
1.0923,-8.5948,3.5691,-0.9824,0.9342,0.2596
2.671,-9.3185,5.0065,-0.9824,0.9342,0.2596
4.8772,-8.6499,3.6481,-0.9824,0.9342,0.2596
5.7969,-7.9433,2.6303,-0.9824,0.9342,0.2596
5.4617,-7.469,2.7667,-0.9824,0.9342,0.2596
3.8783,-7.6033,3.3081,-0.9824,0.9342,0.2596
2.6039,-8.4177,3.7274,-0.9824,0.9342,0.2596
2.2709,-9.0692,3.7945,-0.9824,0.9342,0.2596
2.3953,-9.4023,3.6218,-0.9824,0.9342,0.2596
2.6135,-8.9184,3.7609,-0.9824,0.9342,0.2596
2.6853,-8.4225,3.6748,-0.9824,0.9342,0.2596
2.5968,-8.1471,3.9501,-0.9824,0.9342,0.2596
2.3355,-8.3458,4.2544,-0.9824,0.9342,0.2596
2.1942,-8.6379,4.0722,-0.9824,0.9342,0.2596
2.211,-9.1027,3.4398,-0.9824,0.9342,0.2596
2.3187,-9.2658,3.0998,-0.9824,0.9342,0.2596
2.1847,-9.6704,2.9152,-0.9824,0.9342,0.2596
1.8899,-10.1615,3.1645,-0.9824,0.9342,0.2596
1.6433,-10.0011,3.2986,-0.9824,0.9342,0.2596
1.5116,-9.522,3.2842,-0.9824,0.9342,0.2596
1.382,-8.9351,3.198,-0.9824,0.9342,0.2596
1.2695,-8.4009,3.2698,-0.9824,0.9342,0.2596
1.1426,-8.1495,3.6218,-0.9824,0.9342,0.2596
1.1426,-8.3865,4.2449,-0.9824,0.9342,0.2596
1.37,-8.7364,4.6519,-0.9824,0.9342,0.2596
1.6576,-8.8585,4.7716,-0.9824,0.9342,0.2596
1.9641,-8.5206,4.2904,-0.9824,0.9342,0.2596
2.0841,-8.4081,3.9142,-0.9824,0.9342,0.2596
2.7787,-8.3147,4.0028,-0.9824,0.9342,0.2596
3.895,-8.3937,4.3215,-0.9824,0.9342,0.2596
4.3071,-8.8274,4.276,-0.9824,0.9342,0.2596
4.4053,-9.3783,4.4149,-0.9824,0.9342,0.2596
3.186,-9.3041,4.1895,-0.9824,0.9342,0.2596
1.2336,-8.6714,3.3536,-0.9824,0.9342,0.2596
1.0708,-7.7015,1.37,-0.9824,0.9342,0.2596
1.3174,-7.2559,0.8529,-0.9824,0.9342,0.2596
1.8947,-8.3147,2.9248,-0.9824,0.9342,0.2596
3.4111,-12.1116,4.446,-0.9824,0.9342,0.2596
3.8543,-14.1476,4.616,-0.9824,0.9342,0.2596
4.2975,-16.0594,2.9152,-0.9824,0.9342,0.2596
5.6461,-12.2625,0.6108,-0.9824,0.9342,0.2596
6.2282,-9.0381,0.1244,-0.9824,0.9342,0.2596
5.0592,-7.7829,1.9378,-0.9824,0.9342,0.2596
4.0985,-6.233,2.8865,-0.9824,0.9342,0.2596
4.2233,-6.3,3.8926,-0.9824,0.9342,0.2596
3.7753,-8.3099,4.2473,-0.9824,0.9342,0.2596
2.6662,-8.6619,4.3646,-0.9824,0.9342,0.2596
2.7955,-8.6619,3.4566,-0.9824,0.9342,0.2596
3.4949,-8.2453,3.3273,-0.9824,0.9342,0.2596
4.1775,-7.4714,3.0301,-0.9824,0.9342,0.2596
4.7887,-6.6522,3.131,-0.9824,0.9342,0.2596
4.8126,-6.4149,2.8721,-0.9824,0.9342,0.2596
4.4699,-6.0893,3.0612,-0.9824,0.9342,0.2596
4.3813,-5.9744,3.1789,-0.9824,0.9342,0.2596
4.2999,-5.9145,3.3848,-0.9824,0.9342,0.2596
4.616,-5.8616,3.8352,-0.9824,0.9342,0.2596
4.9347,-5.5958,4.4484,-0.9824,0.9342,0.2596
5.1813,-5.433,5.4426,-0.9824,0.9342,0.2596
6.1156,-5.7371,6.209,-0.9824,0.9342,0.2596
7.5791,-6.2401,5.1047,-0.9824,0.9342,0.2596
8.3554,-6.4293,3.2938,-0.9824,0.9342,0.2596
7.4019,-6.5541,4.367,-0.9824,0.9342,0.2596
5.6293,-6.4173,4.9586,-0.9824,0.9342,0.2596
4.7716,-6.4631,4.2185,-0.9824,0.9342,0.2596
6.2162,-7.299,3.7035,-0.9824,0.9342,0.2596
6.5158,-11.4263,4.9251,-0.9824,0.9342,0.2596
10.4372,-12.744,1.6313,-0.9824,0.9342,0.2596
11.8096,-11.6995,6.446,-0.9824,0.9342,0.2596
5.9193,-9.9652,2.5752,-0.9824,0.9342,0.2596
-0.7999,-8.6475,3.0541,-0.9824,0.9342,0.2596
-2.9272,-8.4009,3.6361,-0.9824,0.9342,0.2596
2.1152,-7.7302,0.5509,-0.9824,0.9342,0.2596
6.1085,-9.9101,0.9295,-0.9824,0.9342,0.2596
4.8533,-11.2874,3.816,-0.9824,0.9342,0.2596
1.8779,-9.0189,3.1669,-0.9824,0.9342,0.2596
0.1292,-7.7111,4.4795,-0.9824,0.9342,0.2596
0.6347,-7.2942,3.9668,-0.9824,0.9342,0.2596
1.7462,-7.9361,4.1273,-0.9824,0.9342,0.2596
3.2483,-9.364,4.3694,-0.9824,0.9342,0.2596
4.2209,-9.4406,3.6939,-0.9824,0.9342,0.2596
4.2688,-8.88,2.4815,-0.9824,0.9342,0.2596
4.0387,-8.5398,1.6505,-0.9824,0.9342,0.2596
3.7155,-8.3602,1.5092,-0.9824,0.9342,0.2596
3.5547,-8.4368,1.9859,-0.9824,0.9342,0.2596
2.9176,-8.547,2.9559,-0.9824,0.9342,0.2596
2.0889,-8.7819,3.7011,-0.9824,0.9342,0.2596
1.4302,-9.1482,4.1273,-0.9824,0.9342,0.2596
0.951,-9.3831,3.919,-0.9824,0.9342,0.2596
1.0301,-9.5028,3.55,-0.9824,0.9342,0.2596
1.2838,-9.2416,3.1334,-0.9824,0.9342,0.2596
1.5044,-9.1721,2.7237,-0.9824,0.9342,0.2596
1.6433,-9.1841,2.4169,-0.9824,0.9342,0.2596
1.8875,-9.2559,2.5198,-0.9824,0.9342,0.2596
2.2062,-9.1961,2.9343,-0.9824,0.9342,0.2596
2.3786,-8.8968,3.277,-0.9824,0.9342,0.2596
2.2613,-8.7699,3.4231,-0.9824,0.9342,0.2596
1.9306,-8.8705,3.4997,-0.9824,0.9342,0.2596
1.6361,-8.626,3.4877,-0.9824,0.9342,0.2596
1.4972,-8.4512,3.4997,-0.9824,0.9342,0.2596
1.411,-9.1171,3.7992,-0.9824,0.9342,0.2596
1.37,-9.3975,4.1943,-0.9824,0.9342,0.2596
1.0229,-9.3257,4.0482,-0.9824,0.9342,0.2596
1.0253,-8.8393,3.7897,-0.9824,0.9342,0.2596
1.2144,-8.5972,3.6026,-0.9824,0.9342,0.2596
1.5236,-8.4632,3.7202,-0.9824,0.9342,0.2596
1.7175,-7.996,4.2401,-0.9824,0.9342,0.2596
2.2349,-7.4642,4.2425,-0.9824,0.9342,0.2596
2.2086,-7.6536,4.5418,-0.9824,0.9342,0.2596
2.908,-7.9194,3.5404,-0.9824,0.9342,0.2596
3.2435,-8.8226,3.4326,-0.9824,0.9342,0.2596
3.1525,-8.6475,2.3594,-0.9824,0.9342,0.2596
3.0421,-8.6714,0.8334,-0.9824,0.9342,0.2596
3.1453,-9.5795,0.2178,-0.9824,0.9342,0.2596
2.7691,-10.8993,0.1604,-0.9824,0.9342,0.2596
3.3225,-12.4731,1.9859,-0.9824,0.9342,0.2596
4.3646,-13.2495,3.9644,-0.9824,0.9342,0.2596
5.5575,-14.7009,4.8892,-0.9824,0.9342,0.2596
6.523,-13.0768,2.5776,-0.9824,0.9342,0.2596
6.4149,-9.8335,0.0047,-0.9824,0.9342,0.2596
5.4545,-8.3051,-0.0478,-0.9824,0.9342,0.2596
4.0722,-7.4881,1.0372,-0.9824,0.9342,0.2596
3.4374,-6.4125,2.8553,-0.9824,0.9342,0.2596
3.7274,-7.1984,4.1009,-0.9824,0.9342,0.2596
4.0674,-8.2022,4.8102,-0.9824,0.9342,0.2596
3.5308,-7.6823,4.5346,-0.9824,0.9342,0.2596
3.8447,-7.3373,3.2411,-0.9824,0.9342,0.2596
4.0602,-7.0596,2.7476,-0.9824,0.9342,0.2596
4.5034,-6.7839,2.5585,-0.9824,0.9342,0.2596
4.6806,-6.7073,2.3834,-0.9824,0.9342,0.2596
4.6591,-6.5062,2.58,-0.9824,0.9342,0.2596
4.0746,-6.391,3.1238,-0.9824,0.9342,0.2596
3.6987,-6.3934,3.2962,-0.9824,0.9342,0.2596
4.0937,-6.4149,3.6867,-0.9824,0.9342,0.2596
4.7572,-6.2449,4.4244,-0.9824,0.9342,0.2596
5.8951,-5.9864,5.0113,-0.9824,0.9342,0.2596
7.8643,-6.0486,5.6868,-0.9824,0.9342,0.2596
9.5076,-6.379,4.5825,-0.9824,0.9342,0.2596
9.1171,-6.9611,3.0253,-0.9824,0.9342,0.2596
6.657,-6.6307,4.7767,-0.9824,0.9342,0.2596
4.9132,-6.6091,5.5575,-0.9824,0.9342,0.2596
5.4809,-7.1242,4.6567,-0.9824,0.9342,0.2596
5.972,-9.4526,2.6063,-0.9824,0.9342,0.2596
6.0534,-12.0443,0.0766,-0.9824,0.9342,0.2596
9.2488,-11.3114,4.1416,-0.9824,0.9342,0.2596
7.0308,-11.8312,3.2243,-0.9824,0.9342,0.2596
3.0951,-12.1092,2.8242,-0.9824,0.9342,0.2596
1.0229,-9.1051,2.4791,-0.9824,0.9342,0.2596
0.7688,-7.3876,0.7832,-0.9824,0.9342,0.2596
2.4552,-7.9146,1.1641,-0.9824,0.9342,0.2596
4.9658,-8.3746,2.5585,-0.9824,0.9342,0.2596
3.4781,-9.1171,3.2004,-0.9824,0.9342,0.2596
2.0769,-8.6236,2.8889,-0.9824,0.9342,0.2596
1.3964,-8.8034,3.4255,-0.9824,0.9342,0.2596
1.8635,-8.0654,3.9477,-0.9824,0.9342,0.2596
2.1679,-8.1711,5.1502,-0.9824,0.9342,0.2596
2.592,-8.5182,4.961,-0.9824,0.9342,0.2596
3.0903,-8.8298,3.7777,-0.9824,0.9342,0.2596
3.265,-8.8417,2.6806,-0.9824,0.9342,0.2596
3.2698,-8.9016,1.9306,-0.9824,0.9342,0.2596
3.198,-9.1578,1.4589,-0.9824,0.9342,0.2596
2.8936,-9.6992,1.5355,-0.9824,0.9342,0.2596
2.3211,-9.8982,1.83,-0.9824,0.9342,0.2596
1.6672,-9.6513,2.0769,-0.9824,0.9342,0.2596
1.1378,-9.5795,2.6231,-0.9824,0.9342,0.2596
0.764,-9.7854,2.9942,-0.9824,0.9342,0.2596
0.7544,-9.9149,3.2148,-0.9824,0.9342,0.2596
0.776,-9.5459,3.2052,-0.9824,0.9342,0.2596
1.0229,-8.9351,2.9798,-0.9824,0.9342,0.2596
1.5714,-8.2908,2.5776,-0.9824,0.9342,0.2596
2.1775,-8.0008,2.5824,-0.9824,0.9342,0.2596
2.5103,-7.9744,3.0062,-0.9824,0.9342,0.2596
2.4863,-8.4057,3.2579,-0.9824,0.9342,0.2596
1.9162,-8.9591,3.6652,-0.9824,0.9342,0.2596
1.2814,-8.8705,4.0866,-0.9824,0.9342,0.2596
1.0396,-8.9495,4.2209,-0.9824,0.9342,0.2596
1.0684,-8.8465,4.4268,-0.9824,0.9342,0.2596
1.1115,-8.4129,4.367,-0.9824,0.9342,0.2596
1.605,-8.0008,4.0985,-0.9824,0.9342,0.2596
2.5151,-8.3554,3.7538,-0.9824,0.9342,0.2596
3.2219,-9.05,4.1368,-0.9824,0.9342,0.2596
3.55,-8.9255,4.3358,-0.9824,0.9342,0.2596
3.4422,-8.8369,4.053,-0.9824,0.9342,0.2596
3.1525,-8.1109,2.4768,-0.9824,0.9342,0.2596
3.4207,-6.9371,0.6802,-0.9824,0.9342,0.2596
3.3153,-6.6522,0.2011,-0.9824,0.9342,0.2596
3.0732,-8.286,0.7113,-0.9824,0.9342,0.2596
3.6867,-12.8517,2.6135,-0.9824,0.9342,0.2596
4.7815,-16.519,4.4651,-0.9824,0.9342,0.2596
4.9802,-18.0858,3.8423,-0.9824,0.9342,0.2596
6.2665,-12.6288,0.5318,-0.9824,0.9342,0.2596
6.0079,-8.7388,-0.448,-0.9824,0.9342,0.2596
5.9121,-7.4618,-0.1819,-0.9824,0.9342,0.2596
5.2507,-6.3311,1.1067,-0.9824,0.9342,0.2596
4.8365,-6.7696,1.9186,-0.9824,0.9342,0.2596
4.4412,-7.9744,4.0004,-0.9824,0.9342,0.2596
3.2962,-8.0391,4.355,-0.9824,0.9342,0.2596
3.2579,-7.5671,3.1118,-0.9824,0.9342,0.2596
3.2938,-7.1362,2.4073,-0.9824,0.9342,0.2596
3.6026,-6.5708,2.278,-0.9824,0.9342,0.2596
4.3718,-6.4293,2.4432,-0.9824,0.9342,0.2596
4.5561,-6.5086,2.0458,-0.9824,0.9342,0.2596
4.8317,-6.4894,1.9354,-0.9824,0.9342,0.2596
5.5072,-6.1324,2.3331,-0.9824,0.9342,0.2596
6.7312,-5.8496,2.9391,-0.9824,0.9342,0.2596
7.9553,-5.1286,4.6016,-0.9824,0.9342,0.2596
8.7891,-4.2808,6.0031,-0.9824,0.9342,0.2596
7.3062,-5.1071,4.4603,-0.9824,0.9342,0.2596
5.4043,-5.7442,2.9679,-0.9824,0.9342,0.2596
5.4569,-6.7815,6.3622,-0.9824,0.9342,0.2596
7.366,-9.2033,6.0318,-0.9824,0.9342,0.2596
11.0719,-17.5156,1.1258,-0.9824,0.9342,0.2596
13.3524,-18.7995,0.4671,-0.9824,0.9342,0.2596
3.1836,-7.759,0.2609,-0.9824,0.9342,0.2596
-2.3307,-7.4426,2.3379,-0.9824,0.9342,0.2596
0.4073,-8.4919,3.3967,-0.9824,0.9342,0.2596
2.0649,-10.3965,3.9309,-0.9824,0.9342,0.2596
2.7021,-11.4837,1.6026,-0.9824,0.9342,0.2596
2.8625,-10.6981,1.3605,-0.9824,0.9342,0.2596
1.3198,-8.1037,2.6494,-0.9824,0.9342,0.2596
-0.1651,-8.2836,3.5907,-0.9824,0.9342,0.2596
0.4384,-8.3937,4.9203,-0.9824,0.9342,0.2596
1.9641,-7.9313,4.894,-0.9824,0.9342,0.2596
3.4039,-7.3469,3.8016,-0.9824,0.9342,0.2596
4.2592,-7.5962,2.58,-0.9824,0.9342,0.2596
4.8389,-8.2453,1.6433,-0.9824,0.9342,0.2596
4.8341,-8.6714,1.0157,-0.9824,0.9342,0.2596
3.7514,-9.3999,1.1091,-0.9824,0.9342,0.2596
2.5441,-9.5771,2.2972,-0.9824,0.9342,0.2596
1.6648,-8.9471,3.7897,-0.9824,0.9342,0.2596
0.7544,-9.1482,4.1943,-0.9824,0.9342,0.2596
0.5102,-9.9485,3.7921,-0.9824,0.9342,0.2596
1.0732,-9.9389,3.2555,-0.9824,0.9342,0.2596
1.8707,-9.2224,2.5896,-0.9824,0.9342,0.2596
2.2948,-8.7436,1.9234,-0.9824,0.9342,0.2596
2.5175,-9.0261,2.0123,-0.9824,0.9342,0.2596
2.4241,-9.1075,2.4744,-0.9824,0.9342,0.2596
2.0841,-8.9447,2.9631,-0.9824,0.9342,0.2596
1.6552,-8.6427,3.4757,-0.9824,0.9342,0.2596
1.2216,-8.5829,3.5883,-0.9824,0.9342,0.2596
1.0061,-8.3841,3.5787,-0.9824,0.9342,0.2596
0.9798,-8.2022,3.7202,-0.9824,0.9342,0.2596
1.0061,-8.0726,3.9812,-0.9824,0.9342,0.2596
1.4757,-7.9002,4.2257,-0.9824,0.9342,0.2596
2.4576,-7.8619,4.973,-0.9824,0.9342,0.2596
3.0732,-7.0524,6.118,-0.9824,0.9342,0.2596
3.883,-5.761,6.6379,-0.9824,0.9342,0.2596
4.8006,-4.3215,6.6451,-0.9824,0.9342,0.2596
5.3683,-2.9319,3.289,-0.9824,0.9342,0.2596
5.512,-3.4111,0.764,-0.9824,0.9342,0.2596
3.0804,-10.0897,0.0191,-0.9824,0.9342,0.2596
1.8779,-20.5892,6.5541,-0.9824,0.9342,0.2596
2.369,-27.2343,3.1812,-0.9824,0.9342,0.2596
4.6208,-18.6631,-1.0492,-0.9824,0.9342,0.2596
9.3376,-9.4621,-0.1939,-0.9824,0.9342,0.2596
11.0145,-7.9074,0.4863,-0.9824,0.9342,0.2596
12.181,-6.9731,-0.4623,-0.9824,0.9342,0.2596
8.7053,-6.815,0.6515,-0.9824,0.9342,0.2596
3.356,-8.0223,2.4791,-0.9824,0.9342,0.2596
0.5006,-8.7915,2.8625,-0.9824,0.9342,0.2596
0.6347,-9.1745,3.4087,-0.9824,0.9342,0.2596
0.6012,-8.7723,4.2784,-0.9824,0.9342,0.2596
1.1593,-7.6895,2.9008,-0.9824,0.9342,0.2596
2.4025,-7.3469,0.9343,-0.9824,0.9342,0.2596
3.38,-6.5684,0.7018,-0.9824,0.9342,0.2596
4.1967,-5.7275,2.0578,-0.9824,0.9342,0.2596
5.0664,-5.7323,3.8423,-0.9824,0.9342,0.2596
5.3612,-5.96,4.5418,-0.9824,0.9342,0.2596
5.7131,-6.2761,4.132,-0.9824,0.9342,0.2596
6.0103,-6.1779,4.3095,-0.9824,0.9342,0.2596
6.3646,-5.4976,5.1191,-0.9824,0.9342,0.2596
8.207,-5.3034,5.4833,-0.9824,0.9342,0.2596
9.419,-5.2196,4.7716,-0.9824,0.9342,0.2596
7.8428,-5.8616,4.2951,-0.9824,0.9342,0.2596
5.9289,-6.7169,5.7179,-0.9824,0.9342,0.2596
5.0975,-6.851,5.6006,-0.9824,0.9342,0.2596
5.7227,-6.4101,3.9261,-0.9824,0.9342,0.2596
5.2866,-5.7059,2.6782,-0.9824,0.9342,0.2596
4.6136,-5.0065,1.9716,-0.9824,0.9342,0.2596
5.7011,-6.9874,0.9343,-0.9824,0.9342,0.2596
9.7231,-16.8809,7.5049,-0.9824,0.9342,0.2596
18.3757,-21.1378,7.7614,-0.9824,0.9342,0.2596
7.8906,-9.2511,-3.4829,-0.9824,0.9342,0.2596
-3.1525,-7.3325,3.4805,-0.9824,0.9342,0.2596
-8.0726,-8.9854,6.4029,-0.9824,0.9342,0.2596
-1.6768,-6.4149,3.6314,-0.9824,0.9342,0.2596
1.6959,-8.7364,1.3988,-0.9824,0.9342,0.2596
7.4929,-11.1749,0.5964,-0.9824,0.9342,0.2596
4.592,-11.52,-1.2647,-0.9824,0.9342,0.2596
0.9798,-9.0429,2.5151,-0.9824,0.9342,0.2596
-0.6874,-9.0285,4.4987,-0.9824,0.9342,0.2596
1.4853,-9.0333,5.7466,-0.9824,0.9342,0.2596
2.6949,-8.5134,5.1143,-0.9824,0.9342,0.2596
3.1214,-8.0175,3.998,-0.9824,0.9342,0.2596
3.1908,-8.2094,2.9032,-0.9824,0.9342,0.2596
3.3057,-8.7532,2.2517,-0.9824,0.9342,0.2596
3.1932,-9.2559,2.3139,-0.9824,0.9342,0.2596
2.6806,-9.0261,2.3666,-0.9824,0.9342,0.2596
1.9692,-9.1147,2.9607,-0.9824,0.9342,0.2596
1.2982,-9.3807,3.6098,-0.9824,0.9342,0.2596
1.0013,-9.7423,3.67,-0.9824,0.9342,0.2596
1.1809,-9.6896,3.2531,-0.9824,0.9342,0.2596
1.7366,-8.9854,2.9415,-0.9824,0.9342,0.2596
2.1033,-8.7268,2.5198,-0.9824,0.9342,0.2596
2.0099,-9.141,2.1727,-0.9824,0.9342,0.2596
2.0195,-9.3305,2.0889,-0.9824,0.9342,0.2596
1.8971,-9.1673,2.3882,-0.9824,0.9342,0.2596
1.7486,-9.1841,2.7524,-0.9824,0.9342,0.2596
1.6265,-9.3257,2.9774,-0.9951,0.9555,0.2788
1.6265,-9.3257,2.9774,-0.9951,1.0172,0.3533
1.5523,-9.3376,3.21,-0.96,1.0652,0.4002
1.502,-9.141,3.4973,-0.9057,1.1312,0.4311
1.1426,-8.3937,3.7298,-0.9057,1.1312,0.4311
1.1426,-8.3937,3.7298,-0.7864,1.2793,0.3832
1.1234,-8.0558,3.4255,-0.7864,1.2793,0.3832
1.2695,-8.0056,3.368,-0.7374,1.2814,0.2926
1.4876,-7.9696,3.368,-0.6979,1.2495,0.1776
1.8324,-7.9984,3.5332,-0.6681,1.2122,0.0487
2.0338,-8.1372,3.8328,-0.6468,1.193,-0.0801
2.0769,-8.4009,4.2209,-0.6244,1.2101,-0.1962
2.0362,-8.6547,4.5346,-0.5957,1.2324,-0.2644
2.0793,-8.8034,4.6064,-0.5573,1.2591,-0.2889
2.1272,-8.9567,4.525,-0.519,1.2846,-0.2878
2.1272,-8.9567,4.525,-0.4434,1.226,-0.2761
2.6446,-8.7795,4.4963,-0.4434,1.226,-0.2761
2.6446,-8.7795,4.4963,-0.3027,1.1099,-0.3166
3.2267,-8.3818,4.5202,-0.3027,1.1099,-0.3166
3.5332,-8.3674,4.6208,-0.1941,1.0386,-0.34
3.5332,-8.3674,4.6208,0.0902,0.8383,-0.4263
3.5164,-8.3243,4.7309,0.2798,0.7318,-0.4934
3.3967,-8.3841,4.1344,0.2798,0.7318,-0.4934
3.4973,-8.6954,3.8136,0.4993,0.6061,-0.5691
3.4973,-8.6954,3.8136,1.0479,0.2258,-0.7512
3.5811,-9.0213,3.5523,1.3259,0.0745,-0.8961
3.8232,-9.0069,3.0445,1.5528,-0.0191,-1.1081
3.0373,-8.8226,2.1344,1.5528,-0.0191,-1.1081
2.8098,-8.8465,0.9606,1.7328,-0.1161,-1.3254
2.8003,-9.0213,0.2995,1.7978,-0.1981,-1.5256
2.8841,-9.3065,-0.0335,1.7637,-0.2631,-1.7515
2.8841,-9.3065,-0.0335,1.6487,-0.523,-2.2447
3.3177,-10.0323,-0.6563,1.6487,-0.523,-2.2447
3.3177,-10.0323,-0.6563,1.426,-0.8553,-2.6324
3.8304,-11.0815,0.5222,1.426,-0.8553,-2.6324
4.2257,-11.7498,2.4361,1.2588,-0.8862,-2.6889
5.2005,-12.3175,3.3512,1.0873,-0.5198,-2.6697
5.2005,-12.3175,3.3512,0.8732,0.4729,-2.6068
5.0065,-15.4147,3.9908,0.8732,0.4729,-2.6068
5.0065,-15.4147,3.9908,0.9296,0.8745,-2.0369
6.5253,-14.4639,2.9367,0.9296,0.8745,-2.0369
6.8055,-11.9294,2.1775,1.05,0.8521,-1.5768
6.8055,-11.9294,2.1775,1.5656,0.3419,-0.7139
6.0079,-8.4991,-0.2418,1.5656,0.3419,-0.7139
6.0079,-8.4991,-0.2418,1.6561,-0.3025,-0.4157
5.4282,-7.9888,-0.987,1.5592,-0.5102,-0.3784
4.6112,-7.668,-0.6467,1.4228,-0.6146,-0.3294
4.1488,-7.0931,0.6084,1.4228,-0.6146,-0.3294
4.0267,-7.1362,1.5595,1.262,-0.6231,-0.3027
3.8615,-7.3373,2.5007,1.0894,-0.5698,-0.3081
3.8615,-7.3373,2.5007,0.7837,-0.5102,-0.3443
3.0421,-8.2956,3.8136,0.7837,-0.5102,-0.3443
3.0421,-8.2956,3.8136,0.6569,-0.5581,-0.3155
2.9128,-8.4512,4.1129,0.6431,-0.5635,-0.3027
3.3871,-8.0918,4.2473,0.6431,-0.5635,-0.3027
3.7945,-7.6201,4.0339,0.6505,-0.5177,-0.2942
3.7945,-7.6201,4.0339,0.6836,-0.3323,-0.2612
4.5154,-7.1505,3.4446,0.6836,-0.3323,-0.2612
4.5154,-7.1505,3.4446,0.6505,-0.1225,-0.16
5.0831,-6.8773,2.762,0.6505,-0.1225,-0.16
5.0831,-6.8773,2.762,0.4897,-0.0543,-0.0918
5.2268,-6.7767,2.5537,0.364,-0.0745,-0.0663
4.8389,-7.141,2.3475,0.364,-0.0745,-0.0663
4.5609,-7.1888,2.592,0.2244,-0.1278,-0.0258
4.5609,-7.1888,2.592,-0.0013,-0.2173,0.0796
4.3742,-7.0138,2.9415,-0.078,-0.2279,0.1328
