andar
-2.8793,-15.4051,-1.4326,-0.7011,-0.2151,-0.3975
-2.8793,-15.4051,-1.4326,-0.6244,-0.8639,-0.3219
-3.2938,-23.7175,7.4761,-0.6244,-0.8639,-0.3219
-3.0732,-20.6586,7.6943,0.4205,-1.0673,-0.209
-0.0574,-10.5162,-0.0407,1.2854,-0.1065,0.1254
2.1823,-2.1679,-10.6934,1.3962,1.3901,0.2031
4.9036,0.6299,-12.5019,0.5888,1.3475,-0.0311
3.7921,-2.1272,-4.8653,-0.4679,-0.0532,-0.2442
-1.1378,-4.8724,2.8242,-1.0111,-0.9906,-0.4721
-1.1378,-4.8724,2.8242,-0.8684,-0.5177,-0.2111
2.1775,-10.2956,-2.0649,-0.8684,-0.5177,-0.2111
3.7657,-13.8746,-2.5393,-1.0793,-0.8937,-0.2133
4.2904,-15.8747,-1.382,-1.4468,-1.5754,-0.3411
3.0397,-15.1059,-0.2274,-1.5875,-2.0175,-0.47
0.6946,-12.4444,0.4599,-1.5097,-1.9728,-0.5999
-2.2134,-9.6872,0.7712,-1.3871,-1.5744,-0.6809
-2.2134,-9.6872,0.7712,-1.3552,-0.9587,-0.388
-3.2938,-6.523,0.2777,-1.3552,-0.9587,-0.388
-2.4696,-6.4894,-0.079,-1.4127,-0.9778,-0.1408
-2.4696,-6.4894,-0.079,-1.5501,-1.6894,0.1446
0.1508,-9.2607,-0.1005,-1.5501,-1.6894,0.1446
0.9127,-10.1065,0.3761,-1.6312,-1.9088,0.1488
1.6624,-10.7149,0.6323,-1.6035,-2.0495,0.1019
1.9764,-10.5162,0.6515,-1.5011,-2.0484,0.054
1.9764,-10.5162,0.6515,-1.3595,-1.6979,-0.0237
1.5188,-8.4679,0.6539,-1.3595,-1.6979,-0.0237
1.4086,-7.8164,0.5509,-1.3286,-1.4572,0.0039
1.394,-7.7637,0.4192,-1.3275,-1.2005,0.0593
1.394,-7.7637,0.4192,-1.3595,-0.8894,0.1776
1.6505,-8.6044,0.4336,-1.3595,-0.8894,0.1776
1.4996,-8.7268,0.685,-1.3786,-0.7925,0.2053
1.2407,-8.6547,0.7808,-1.3903,-0.6838,0.2564
1.2407,-8.6547,0.7808,-1.4447,-0.4143,0.3384
0.5677,-8.3865,0.6515,-1.4447,-0.4143,0.3384
0.5677,-8.3865,0.6515,-1.5587,-0.2844,0.3896
-0.2923,-8.6188,0.448,-1.5587,-0.2844,0.3896
-0.2923,-8.6188,0.448,-1.6525,-0.3089,0.4695
-0.5078,-8.9806,0.527,-1.6632,-0.3728,0.5067
-0.4575,-9.1578,0.4216,-1.6706,-0.3941,0.5451
-0.2513,-9.3233,0.5509,-1.6706,-0.3941,0.5451
0.5246,-9.5579,0.975,-1.595,-0.4282,0.5973
1.3221,-10.0299,1.224,-1.4202,-0.4388,0.6303
1.3221,-10.0299,1.224,-0.9813,-0.377,0.5078
1.6074,-10.6024,1.1905,-0.7959,-0.3568,0.396
1.5283,-11.0959,1.2384,-0.6149,-0.343,0.2979
2.3451,-11.6732,1.6145,-0.6149,-0.343,0.2979
2.92,-11.8791,1.5619,-0.4231,-0.3557,0.2223
2.92,-11.8791,1.5619,-0.1206,-0.5475,0.0679
2.4528,-11.9988,1.5619,-0.0077,-0.7232,0.0274
-0.673,-11.8049,2.3762,-0.0077,-0.7232,0.0274
-0.673,-11.8049,2.3762,0.3587,-0.9161,0.1595
-0.9056,-12.1595,3.0684,0.3587,-0.9161,0.1595
0.9415,-13.3069,3.3177,0.6122,-0.8979,0.2628
2.5151,-14.4639,2.8122,0.9424,-0.8575,0.3118
3.7849,-15.5371,2.2445,1.344,-0.7765,0.3342
4.0363,-16.9527,1.8276,1.7456,-0.5624,0.331
4.0363,-16.9527,1.8276,2.5317,0.2748,-0.1398
-5.0376,-14.5788,1.0372,2.5317,0.2748,-0.1398
-5.0376,-14.5788,1.0372,3.1146,0.8681,-0.0087
-8.5757,-12.1499,0.7832,3.2967,0.9043,0.2383
-7.3708,-9.3065,-0.4264,3.3159,0.5347,0.2756
-4.6806,-8.1181,-1.4996,3.22,-0.0404,0.3065
-2.9391,-9.7782,-1.1593,3.1124,-0.5059,0.3693
-1.6792,-12.1667,-0.3977,3.0249,-0.6892,0.3778
-2.5246,-16.8833,-0.6682,3.0249,-0.6892,0.3778
-2.58,-17.1059,-0.3426,2.8833,-0.7243,0.3715
-2.58,-17.1059,-0.3426,2.4348,0.0319,0.0625
-1.5475,-15.3453,-1.4565,2.1397,0.7818,-0.1845
-0.527,-11.9126,-0.515,2.1397,0.7818,-0.1845
-0.6587,-11.479,0.4528,2.0247,1.5754,-0.2932
-0.5294,-11.2826,0.2394,2.1547,2.0931,-0.2729
-0.5294,-11.2826,0.2394,2.4742,2.5982,0.0007
0.4312,-10.691,-0.4288,2.4827,2.6845,0.0519
0.9487,-10.31,-0.896,2.4263,2.6664,0.0476
0.8167,-9.0955,-0.9463,2.4263,2.6664,0.0476
-0.0335,-8.0822,-0.7281,2.3187,2.4917,0.0061
-0.0335,-8.0822,-0.7281,1.9139,1.8119,-0.095
-1.5188,-6.4173,-0.2082,1.9139,1.8119,-0.095
-1.5188,-6.4173,-0.2082,1.4495,1.2825,-0.1877
-2.053,-6.0414,0.0071,1.2535,1.0758,-0.2356
-2.4241,-5.9528,0.1053,1.0575,0.9555,-0.2995
-2.4432,-5.8903,0.1125,0.8551,0.9384,-0.3794
-2.0506,-5.9313,-0.0981,0.8551,0.9384,-0.3794
-1.593,-5.6868,-0.2466,0.641,0.9512,-0.4529
-1.593,-5.6868,-0.2466,0.2394,0.9224,-0.5957
-1.3964,-5.4043,-0.448,0.0657,0.8479,-0.6585
-1.1282,-4.8006,-0.872,0.0657,0.8479,-0.6585
-1.1282,-4.8006,-0.872,-0.3198,0.5954,-0.7896
-1.4326,-4.762,-1.0253,-0.3198,0.5954,-0.7896
-1.7175,-4.827,-0.685,-0.5691,0.425,-0.8492
-1.7175,-4.827,-0.685,-1.1134,-0.0234,-0.8822
-1.9162,-5.2819,0.975,-1.1134,-0.0234,-0.8822
-1.6098,-5.8304,1.7941,-1.32,-0.2812,-0.8407
-1.6098,-5.8304,1.7941,-1.6035,-0.7754,-0.7768
-1.3628,-6.6139,2.5246,-1.7143,-0.9682,-0.7086
-1.7247,-7.2918,3.435,-1.7804,-1.1035,-0.6074
-2.3116,-8.5829,5.7251,-1.7804,-1.1035,-0.6074
-2.2062,-9.4957,7.0476,-1.7921,-1.1419,-0.5094
-2.1631,-10.6167,8.1567,-1.7111,-1.0098,-0.4625
-2.1631,-10.6167,8.1567,-1.3552,-0.1938,-0.421
-1.6481,-13.4745,10.4827,-1.3552,-0.1938,-0.421
-1.6002,-15.2687,10.5521,-1.1145,0.4292,-0.3209
-1.6002,-15.2687,10.5521,-0.3709,0.9555,-0.0535
-0.6874,-15.1059,8.1133,-0.3709,0.9555,-0.0535
-0.6874,-15.1059,8.1133,0.5504,-0.1075,-0.1664
-1.6552,-9.8671,6.7265,0.5504,-0.1075,-0.1664
-2.3714,-8.2118,5.1454,0.7208,-0.1235,-0.192
-2.5273,-7.3636,3.526,0.7102,0.1171,-0.2047
-2.3211,-7.5866,2.1559,0.527,0.3994,-0.209
-2.3211,-7.5866,2.1559,-0.095,0.392,-0.2995
-1.7151,-12.2337,-0.9702,-0.095,0.392,-0.2995
-1.3581,-15.6688,-0.6682,-0.4785,0.0862,-0.3485
-1.3581,-15.6688,-0.6682,-0.5595,-0.5645,-0.2378
-0.2011,-18.754,2.2661,0.1968,-0.7403,-0.2037
-1.0971,-20.1124,5.7682,0.9573,-0.2364,-0.0588
-3.3393,-16.9742,4.4508,1.0798,0.6465,0.038
-1.6457,-3.3057,-7.4522,1.0798,0.6465,0.038
1.0468,-0.5581,-10.442,0.5419,0.8692,-0.0492
2.5632,-1.2647,-7.3038,-0.2782,0.18,-0.1824
-0.0526,-3.8232,-0.0837,-0.9046,-0.7456,-0.3059
-0.0526,-3.8232,-0.0837,-0.8939,-0.4612,-0.03
-0.2609,-6.9731,2.3283,-0.8929,-0.6061,0.1115
3.4949,-13.6445,-0.4432,-0.8929,-0.6061,0.1115
5.1167,-15.5036,-0.3139,-1.0463,-1.2037,0.1637
5.1167,-15.5036,-0.3139,-1.1635,-1.7618,-0.1973
4.288,-14.8976,0.2346,-1.0836,-1.6127,-0.4274
-1.3365,-10.2358,1.5954,-1.0836,-1.6127,-0.4274
-1.3365,-10.2358,1.5954,-1.0175,-0.9704,-0.454
-3.2387,-7.6153,1.291,-1.0175,-0.9704,-0.454
-2.5079,-7.4833,0.9223,-1.0079,-0.9086,-0.2687
-1.4493,-8.1687,0.3881,-0.976,-1.0844,-0.0844
-0.3666,-9.1913,0.1149,-0.9664,-1.2899,0.0455
-0.3666,-9.1913,0.1149,-0.9153,-1.5445,0.1339
0.4288,-10.037,0.1364,-0.8694,-1.5499,0.0881
1.1737,-9.9772,0.1891,-0.8694,-1.5499,0.0881
1.3461,-9.692,0.4935,-0.8684,-1.4604,0.0221
1.3509,-9.4693,0.8215,-0.8844,-1.3666,-0.0535
1.3102,-9.1578,1.0899,-0.9003,-1.2899,-0.0972
1.121,-9.0836,1.0779,-0.9003,-1.1877,-0.1046
1.212,-9.0189,1.0588,-0.895,-1.0854,-0.0663
1.1976,-8.8633,1.0277,-0.8971,-0.9757,-0.013
1.1976,-8.8633,1.0277,-0.9099,-0.7541,0.1009
1.1881,-8.8417,1.0636,-0.9216,-0.6295,0.1552
1.0827,-8.9926,0.9917,-0.9334,-0.5283,0.1712
0.9989,-9.2248,0.6826,-0.9334,-0.5283,0.1712
0.9989,-9.2248,0.6826,-0.9611,-0.3813,0.2031
0.6778,-9.3233,0.4025,-0.9611,-0.3813,0.2031
0.6778,-9.3233,0.4025,-1.0079,-0.2141,0.2426
0.4911,-9.3807,0.3426,-1.0314,-0.1778,0.2607
0.2681,-9.4071,0.2995,-1.0314,-0.1778,0.2607
0.2681,-9.4071,0.2995,-1.0729,-0.2822,0.2969
0.0287,-9.1985,0.0837,-1.0729,-0.2822,0.2969
0.0287,-9.1985,0.0837,-1.1166,-0.3962,0.3597
0.1197,-9.443,0.1197,-1.1166,-0.3962,0.3597
0.2059,-9.6776,0.3426,-1.1027,-0.4889,0.4002
0.2059,-9.6776,0.3426,-1.0239,-0.5347,0.4567
0.4073,-9.8431,0.7185,-0.928,-0.5549,0.4726
1.0324,-9.8503,1.0564,-0.928,-0.5549,0.4726
1.0324,-9.8503,1.0564,-0.7065,-0.5752,0.381
0.8792,-9.8407,0.7568,-0.7065,-0.5752,0.381
0.8792,-9.8407,0.7568,-0.487,-0.6114,0.2969
0.831,-10.0921,0.7496,-0.3624,-0.6295,0.2649
0.9295,-10.3989,0.7281,-0.2591,-0.6785,0.2159
0.7592,-10.7604,0.8167,-0.1685,-0.7509,0.1723
-0.673,-10.9232,1.8899,-0.1685,-0.7509,0.1723
-1.0061,-10.7221,2.4648,-0.0599,-0.8255,0.1648
-0.1675,-10.7388,2.7739,0.1051,-0.8745,0.2319
0.8358,-11.6636,2.9128,0.3576,-0.9139,0.364
1.7319,-13.0313,2.9224,0.6782,-0.9161,0.4822
1.6672,-14.217,2.9439,1.001,-0.834,0.527
1.6672,-14.217,2.9439,1.5965,-0.8979,0.4002
-0.5773,-13.5487,2.2421,1.5965,-0.8979,0.4002
-0.5773,-13.5487,2.2421,2.1664,-0.8798,0.0306
-7.9266,-11.2204,3.5787,2.1664,-0.8798,0.0306
-7.9266,-11.2204,3.5787,2.9131,0.1427,0.299
-7.838,-10.5186,2.1799,3.0943,0.3994,0.3427
-2.3451,-10.3555,-2.1224,3.0943,0.3994,0.3427
-1.0061,-11.4382,-2.0745,3.058,0.1182,0.3075
-0.8433,-13.1845,-1.224,3.0047,-0.5166,0.3299
-0.8433,-13.1845,-1.224,3.0058,-1.2037,0.3661
-1.3389,-14.9311,-0.5078,2.9195,-0.9651,0.4055
-1.3126,-15.8412,-0.1125,2.9195,-0.9651,0.4055
0.0718,-14.1548,0,2.6766,-0.4314,0.4087
1.1785,-12.4588,0.515,2.2846,0.245,0.299
1.1785,-12.4588,0.515,1.7051,1.2196,-0.0929
-0.0814,-10.9642,1.1258,1.7051,1.2196,-0.0929
-0.0814,-10.9642,1.1258,1.7147,1.6681,-0.1419
-0.5294,-9.4933,0.3354,1.7147,1.6681,-0.1419
-0.5294,-9.4933,0.3354,1.8894,1.5158,-0.0812
-0.8215,-8.7699,-0.213,1.8766,1.2591,-0.0354
-1.526,-7.9433,-0.4599,1.8766,1.2591,-0.0354
-1.8947,-7.6752,-0.1987,1.7616,1.0417,-0.0311
-1.8947,-7.6752,-0.1987,1.3504,0.6508,-0.0897
-2.0386,-7.0332,0.5198,1.3504,0.6508,-0.0897
-1.8444,-6.7552,0.9199,1.1288,0.4655,-0.1355
-1.4062,-6.6834,1.1881,0.9232,0.3621,-0.2122
-1.4062,-6.6834,1.1881,0.6441,0.3014,-0.4071
-1.0396,-6.669,1.2838,0.5312,0.3834,-0.5158
-0.7425,-6.5086,0.6658,0.5312,0.3834,-0.5158
-0.7425,-6.5086,0.6658,0.2266,0.6838,-0.6681
-1.0899,-5.9959,-0.2852,0.2266,0.6838,-0.6681
-1.3126,-5.6987,-0.5006,0.0497,0.7318,-0.7033
-1.3006,-5.4593,-0.5174,-0.1312,0.637,-0.7192
-1.569,-5.3636,-0.2609,-0.3177,0.4729,-0.7267
-1.569,-5.3636,-0.2609,-0.6809,0.0021,-0.6905
-1.7845,-5.8544,1.37,-0.6809,0.0021,-0.6905
-1.9716,-6.7624,2.4289,-0.846,-0.2087,-0.6671
-1.9716,-6.7624,2.4289,-1.0814,-0.4655,-0.634
-1.7342,-9.0764,4.8413,-1.0814,-0.4655,-0.634
-1.7342,-9.0764,4.8413,-1.0836,-0.5059,-0.5627
-1.5116,-9.7973,5.6317,-0.9983,-0.4623,-0.5275
-1.1857,-10.1328,5.8855,-0.9089,-0.3153,-0.5264
-0.7161,-10.2429,5.658,-0.8481,-0.0756,-0.5392
-0.2561,-10.1927,5.1382,-0.8481,-0.0756,-0.5392
0.5006,-10.3579,4.8222,-0.8204,0.148,-0.5616
0.7161,-10.9738,4.8078,-0.8194,0.2141,-0.6234
0.0239,-11.1773,4.9251,-0.8258,0.1043,-0.7065
0.0239,-11.1773,4.9251,-0.7086,-0.2492,-0.5882
-0.697,-11.4502,4.7767,-0.5744,-0.2737,-0.4423
-1.3533,-10.6886,4.5992,-0.5744,-0.2737,-0.4423
-1.7773,-9.6992,4.5801,-0.4295,-0.1427,-0.3294
-1.9931,-8.9303,4.3167,-0.2942,0.0649,-0.2505
-1.8037,-8.7843,3.6457,-0.2005,0.1949,-0.1696
-1.4661,-8.7388,2.8889,-0.193,0.2194,-0.094
-1.2791,-8.7101,2.3499,-0.258,0.1342,-0.03
-1.2791,-8.7101,2.3499,-0.4753,-0.1746,0.0295
-0.975,-8.8082,1.9306,-0.6319,-0.2311,-0.0098
0.6108,-9.2464,2.6614,-0.6319,-0.2311,-0.0098
0.6108,-9.2464,2.6614,-0.8364,-0.2119,-0.2644
1.4781,-9.5603,3.1334,-0.8194,-0.4037,-0.4231
1.6864,-11.3568,1.2599,-0.8194,-0.4037,-0.4231
0.357,-12.6674,0.7975,-0.8556,-0.8063,-0.5424
-2.0769,-14.2003,1.8444,-0.9781,-1.2388,-0.5754
-2.0769,-14.2003,1.8444,-0.8439,-1.3837,-0.127
-3.6122,-12.6865,3.078,-0.8439,-1.3837,-0.127
-3.7633,-9.9868,0.582,-0.5307,-0.9214,0.0785
-4.0387,-7.3971,-2.2373,-0.2921,-0.5336,0.0913
-4.0387,-7.3971,-2.2373,-0.4189,-0.4111,0.1573
-3.7705,-5.7059,-3.7969,-0.5637,-0.5922,0.2415
-2.9272,-5.9911,-2.999,-0.568,-0.6242,0.3576
-1.8133,-7.68,-1.1617,-0.4838,-0.4335,0.4599
-0.2394,-9.5771,0.3737,-0.3539,-0.2354,0.5248
1.4805,-10.9546,1.1976,-0.2676,-0.2599,0.5014
4.5082,-12.2648,0.1795,-0.2676,-0.2599,0.5014
4.537,-11.9701,-0.146,-0.2804,-0.6125,0.3896
3.2339,-11.1055,0.5222,-0.3901,-1.0183,0.1925
3.2339,-11.1055,0.5222,-0.568,-0.964,-0.0226
0.8553,-10.1065,1.66,-0.568,-0.964,-0.0226
-0.0718,-10.0801,1.9449,-0.5595,-0.882,-0.0045
-0.8382,-10.1711,1.7103,-0.5094,-0.948,0.0625
-1.0085,-10.14,1.3006,-0.4849,-1.0023,0.1062
-1.0085,-10.14,1.3006,-0.486,-1.1227,0.1179
-0.594,-10.037,0.8744,-0.4977,-1.2069,0.0774
-0.0407,-9.9509,0.5677,-0.4742,-1.3933,0.0902
0.2394,-9.4478,0.1651,-0.4742,-1.3933,0.0902
0.2394,-9.4478,0.1651,-0.4146,-1.5019,0.1563
-0.3809,-8.9926,-0.4791,-0.4146,-1.5019,0.1563
-0.3809,-8.9926,-0.4791,-0.4114,-1.307,0.2479
-0.2876,-8.8824,-0.6754,-0.4306,-1.2239,0.2766
0.0287,-8.9638,-0.5677,-0.471,-1.0801,0.2617
0.5701,-9.5914,0.0861,-0.471,-1.0801,0.2617
0.8433,-9.8766,0.3714,-0.4945,-1.013,0.2458
0.8433,-9.8766,0.3714,-0.5382,-0.8979,0.2138
0.8912,-9.9963,0.7879,-0.5414,-0.8308,0.2276
0.8215,-9.7183,1.1713,-0.5414,-0.8308,0.2276
0.8505,-9.6968,1.1354,-0.5339,-0.7584,0.2607
0.8505,-9.6968,1.1354,-0.52,-0.6348,0.3278
0.7161,-9.8934,1.2192,-0.52,-0.6348,0.3278
0.6898,-10.0275,1.1522,-0.4987,-0.5805,0.3384
0.7305,-10.3004,1.0899,-0.4774,-0.5464,0.3416
0.7879,-10.4755,0.9822,-0.4551,-0.54,0.3395
0.7879,-10.4755,0.9822,-0.4125,-0.5933,0.3235
0.8912,-10.2214,0.5653,-0.4125,-0.5933,0.3235
0.7688,-9.9317,0.2489,-0.3986,-0.6551,0.3054
0.7688,-9.9317,0.2489,-0.4039,-0.7935,0.3086
0.6587,-9.6585,-0.0143,-0.4199,-0.8702,0.3384
0.4958,-9.5411,-0.1556,-0.4306,-0.9363,0.3789
0.4599,-9.5579,0.2681,-0.4306,-0.9363,0.3789
0.4599,-9.5579,0.2681,-0.3944,-1.0236,0.4918
0.9798,-9.5507,0.752,-0.3944,-1.0236,0.4918
1.2312,-9.6441,0.7712,-0.3581,-1.046,0.5398
1.2312,-9.6441,0.7712,-0.2995,-1.1014,0.5888
1.3054,-10.0155,0.5605,-0.2995,-1.1014,0.5888
1.2623,-10.073,0.5174,-0.3134,-1.0471,0.543
1.1306,-10.0897,0.6395,-0.3262,-1.0013,0.5089
0.9103,-10.1376,0.9463,-0.3304,-0.9363,0.4737
0.6371,-10.2118,1.0516,-0.3038,-0.8457,0.4503
0.2852,-10.1615,1.0995,-0.2484,-0.7616,0.4236
-0.1675,-9.9006,1.1306,-0.1856,-0.7222,0.397
-0.1675,-9.9006,1.1306,-0.1078,-0.6636,0.4396
0.0263,-9.4502,1.3988,-0.1078,-0.6636,0.4396
0.0263,-9.4502,1.3988,0.0039,-0.7222,0.5792
0.3259,-10.1759,1.4374,0.0039,-0.7222,0.5792
0.1915,-10.4132,1.4158,0.0892,-0.8127,0.6133
-0.2876,-10.7939,1.2934,0.2021,-0.8969,0.6239
-0.8481,-11.1845,1.0612,0.3235,-0.9469,0.592
-1.2264,-11.376,0.8888,0.4439,-0.9459,0.5483
-2.0171,-11.5678,0.9008,0.5611,-0.8809,0.5057
-3.2459,-11.7546,0.9199,0.6868,-0.7776,0.4023
-3.8663,-11.6756,0.9726,0.8284,-0.7765,0.3107
-3.8663,-11.6756,0.9726,1.1597,-0.9043,0.3065
-4.4125,-11.2946,1.4278,1.1597,-0.9043,0.3065
-4.0889,-11.1174,1.8109,1.3355,-0.8852,0.3555
-3.629,-11.036,2.1368,1.4974,-0.8223,0.4151
-3.265,-10.9618,2.4241,1.6306,-0.6987,0.462
-3.1501,-10.9352,2.5704,1.7435,-0.5741,0.495
-3.4374,-10.8873,2.6423,1.8415,-0.4697,0.5121
-4.1536,-10.7484,2.393,1.9288,-0.3099,0.5238
-4.1536,-10.7484,2.393,2.0311,0.2055,0.6825
-4.3742,-9.285,0.3929,2.0311,0.2055,0.6825
-3.5739,-8.7124,-0.515,1.9682,0.3834,0.7571
-2.9583,-8.3698,-0.8239,1.8298,0.392,0.7507
-2.6399,-8.1687,-0.5366,1.6668,0.2524,0.6889
-2.4408,-7.9936,0.1915,1.5294,0.0916,0.6069
-2.3307,-7.9816,0.527,1.4058,-0.1001,0.5291
-2.3307,-7.9816,0.527,0.969,-0.6593,0.4034
-2.5222,-7.9553,0.9774,0.969,-0.6593,0.4034
-2.5222,-7.9553,0.9774,0.4418,-0.8756,0.1946
-2.6949,-8.1782,1.8348,0.4418,-0.8756,0.1946
-2.2924,-8.4105,1.6792,0.2937,-0.8436,0.0583
-2.2924,-8.4105,1.6792,0.0998,-0.9682,-0.3038
-1.9234,-8.4775,1.8851,0.0998,-0.9682,-0.3038
-1.9234,-8.4775,1.8851,-0.1227,-1.0258,-0.6724
-1.7893,-7.9744,2.6063,-0.1227,-1.0258,-0.6724
-1.7893,-7.9744,2.6063,-0.3592,-1.1014,-0.9632
-1.6528,-7.8739,2.6925,-0.4647,-1.16,-1.0921
-1.054,-7.6345,2.4337,-0.4647,-1.16,-1.0921
-1.054,-7.6345,2.4337,-0.7011,-1.0045,-1.2955
-0.4001,-7.4378,2.5513,-0.7011,-1.0045,-1.2955
-0.4958,-7.3756,2.7883,-0.8279,-0.882,-1.3339
-0.6132,-7.2655,3.0086,-0.9398,-0.8298,-1.3499
-0.6132,-7.2655,3.0086,-1.0708,-0.8276,-1.2412
-0.7712,-6.9156,2.6806,-1.0708,-0.8276,-1.2412
-0.8191,-7.0763,2.7045,-1.1336,-0.8841,-1.156
-0.8191,-7.0763,2.7045,-1.2252,-1.0204,-0.9792
-0.8167,-7.6009,2.8817,-1.221,-1.0375,-0.8822
-0.6323,-9.0476,3.5476,-1.221,-1.0375,-0.8822
-1.121,-9.2248,3.368,-1.1965,-1.0268,-0.7704
-1.8204,-9.0429,3.1334,-1.1432,-1.1121,-0.6095
-2.8051,-9.1362,2.9655,-1.0676,-1.2697,-0.3975
-3.4542,-9.6417,2.8458,-0.9781,-1.3432,-0.1387
-3.4542,-9.6417,2.8458,-0.7896,-0.9427,0.479
-3.1118,-11.3952,3.8615,-0.7896,-0.9427,0.479
-2.0051,-11.8384,4.0937,-0.6255,-0.6146,0.7006
-2.0051,-11.8384,4.0937,-0.3677,-0.066,0.7709
-0.8358,-12.6168,3.7609,-0.3699,-0.132,0.6708
-0.3019,-13.8459,2.4768,-0.4583,-0.3845,0.4492
1.0133,-14.4256,0.9965,-0.5339,-0.54,0.0508
1.739,-11.7235,0.1604,-0.5339,-0.54,0.0508
0.3283,-9.8886,-0.055,-0.5477,-0.6487,-0.3091
-0.8888,-8.916,0.2633,-0.5339,-0.8212,-0.4497
-0.8888,-8.916,0.2633,-0.3549,-0.784,-0.2442
-2.1918,-8.6858,0.8095,-0.3549,-0.784,-0.2442
-2.3475,-9.0764,0.685,-0.2537,-0.4058,-0.0482
-2.1511,-9.3257,0.4887,-0.1909,-0.0458,0.1435
-1.6505,-9.4789,0.4073,-0.1515,0.1544,0.2894
-1.0372,-9.6537,0.4647,-0.1163,0.2588,0.3725
-1.0372,-9.6537,0.4647,-0.0577,0.4292,0.3523
0.6587,-9.9389,0.6299,-0.0577,0.4292,0.3523
0.6587,-9.9389,0.6299,-0.1099,0.2087,0.1509
1.8994,-10.7819,0.4144,-0.1099,0.2087,0.1509
1.8994,-10.7819,0.4144,-0.2505,-0.1193,-0.0812
1.1593,-10.6742,0.6467,-0.2505,-0.1193,-0.0812
1.1593,-10.6742,0.6467,-0.3251,-0.0873,-0.1493
0.4192,-9.9892,0.7879,-0.3251,-0.0873,-0.1493
-0.0766,-9.6609,0.872,-0.3336,-0.05,-0.1003
-0.333,-9.4095,0.5294,-0.3283,-0.0607,-0.0237
-0.333,-9.4095,0.5294,-0.372,-0.1842,0.1765
-0.424,-9.6704,0.3737,-0.372,-0.1842,0.1765
-0.424,-9.6704,0.3737,-0.4007,-0.3579,0.282
-0.5102,-9.8287,0.4839,-0.3965,-0.4314,0.2724
-0.3953,-9.9125,0.424,-0.3965,-0.4314,0.2724
-0.3953,-9.9125,0.424,-0.389,-0.5709,0.1659
-0.2178,-9.7662,0.1412,-0.3858,-0.573,0.0924
-0.4288,-10.2453,-0.4863,-0.3858,-0.573,0.0924
-0.4025,-10.0801,-0.6467,-0.3869,-0.5453,0.0178
-0.6826,-9.8431,-0.6347,-0.3656,-0.5294,-0.0151
-0.6826,-9.8431,-0.6347,-0.3283,-0.343,-0.0162
-0.9008,-9.613,-0.1867,-0.3283,-0.343,-0.0162
-0.9008,-9.613,-0.1867,-0.2793,-0.1491,0.0497
-0.225,-9.9197,0.6515,-0.2793,-0.1491,0.0497
0.1795,-10.0466,0.9822,-0.2591,-0.1097,0.0721
0.4647,-10.1376,1.1737,-0.2399,-0.1107,0.0828
0.6012,-10.1807,1.1498,-0.2186,-0.1299,0.0817
0.6012,-10.1472,1.042,-0.2005,-0.1438,0.0711
0.6012,-10.1472,1.042,-0.1834,-0.1501,0.07
0.5078,-9.9987,0.9103,-0.1834,-0.1501,0.07
0.3666,-9.8407,0.8768,-0.1707,-0.1651,0.0785
0.3666,-9.8407,0.8768,-0.1408,-0.132,0.1211
0.213,-9.6345,0.752,-0.1408,-0.132,0.1211
0.2082,-9.589,0.6156,-0.1398,-0.1033,0.1467
0.2899,-9.7806,0.5126,-0.1504,-0.0948,0.1669
0.1843,-9.9892,0.448,-0.1707,-0.115,0.1754
0.1316,-10.0418,0.3761,-0.1866,-0.1597,0.168
0.1316,-10.0418,0.3761,-0.1983,-0.2034,0.1744
0.1077,-10.0155,0.3785,-0.1909,-0.1565,0.1786
-0.1651,-9.8359,0.4551,-0.1909,-0.1565,0.1786
-0.134,-9.8623,0.4958,-0.1792,-0.0745,0.1882
-0.134,-9.8623,0.4958,-0.1632,-0.0021,0.1957
-0.1532,-9.9221,0.7377,-0.1632,-0.0021,0.1957
-0.1963,-9.8838,0.8601,-0.1611,-0.0298,0.1968
-0.3091,-9.903,0.8167,-0.1536,-0.066,0.2021
-0.3091,-9.903,0.8167,-0.1291,-0.1576,0.2287
-0.4192,-10.0394,0.5054,-0.1291,-0.1576,0.2287
-0.4551,-9.9963,0.4551,-0.127,-0.2194,0.2436
-0.4551,-9.9963,0.4551,-0.1078,-0.3227,0.2649
-0.448,-9.9748,0.4958,-0.1078,-0.3227,0.2649
-0.4671,-9.9604,0.5318,-0.0876,-0.344,0.2745
-0.4671,-9.9604,0.5318,-0.0503,-0.3728,0.3033
-0.4312,-10.0155,0.582,-0.0503,-0.3728,0.3033
-0.4312,-9.9269,0.6682,-0.0407,-0.4058,0.3193
-0.4312,-9.9269,0.6682,-0.0013,-0.4942,0.3469
-0.5581,-9.8311,0.7185,-0.0013,-0.4942,0.3469
-0.5054,-9.8093,0.6156,0.0125,-0.5347,0.3555
-0.5509,-9.8551,0.4719,0.0242,-0.5805,0.3661
-0.5389,-9.8165,0.5174,0.0114,-0.6114,0.3629
-0.5389,-9.8165,0.5174,0.0146,-0.6583,0.3821
-0.4887,-9.7806,0.5413,0.0146,-0.6583,0.3821
-0.4887,-9.7806,0.5413,0.0263,-0.7169,0.4247
-0.2561,-9.7518,0.3857,0.0263,-0.7169,0.4247
-0.1747,-9.7638,0.2011,0.0348,-0.7872,0.4492
-0.1747,-9.7638,0.2011,0.0338,-0.915,0.4822
-0.1604,-9.8311,-0.0478,0.038,-0.9725,0.4961
0.0383,-10.0658,-0.2705,0.038,-0.9725,0.4961
0.0239,-10.1496,-0.3929,0.0466,-0.9597,0.4833
-0.134,-10.1184,-0.606,0.0785,-0.9725,0.4524
-0.134,-10.1184,-0.606,0.1339,-1.0929,0.3523
-0.2489,-10.0634,-0.7903,0.1552,-1.177,0.3214
-0.2681,-10.2405,-0.7784,0.2053,-1.2772,0.2894
-0.3235,-10.5593,-0.7329,0.2745,-1.3858,0.2596
-1.066,-10.7293,-1.0157,0.2745,-1.3858,0.2596
-1.9907,-10.2094,-0.9295,0.348,-1.4433,0.2394
-1.9907,-10.2094,-0.9295,0.4268,-1.5435,0.3352
-2.5441,-9.9485,-1.1569,0.4673,-1.4242,0.4279
-3.3464,-9.5004,-0.764,0.5366,-1.3986,0.5856
-3.6074,-8.8346,-0.6587,0.5312,-1.34,0.7081
-3.5164,-8.5015,-0.8119,0.5312,-1.34,0.7081
-3.0612,-8.4799,-0.5629,0.4599,-1.2697,0.789
-3.0612,-8.4799,-0.5629,0.2095,-1.2868,0.8402
-2.1104,-8.8561,0.1221,0.2095,-1.2868,0.8402
-1.6576,-9.2128,0.5222,0.0519,-1.438,0.7975
-1.6576,-9.2128,0.5222,-0.2591,-1.6628,0.6196
-1.382,-9.6944,0.9678,-0.3603,-1.65,0.5163
-1.3006,-10.037,1.5188,-0.3858,-1.601,0.43
-2.1535,-10.2549,2.5222,-0.3858,-1.601,0.43
-2.1535,-10.2549,2.5222,-0.3134,-1.5232,0.3235
-2.5776,-10.0969,2.9535,-0.241,-1.5168,0.2969
-3.5643,-9.9796,3.8447,-0.241,-1.5168,0.2969
-3.5643,-9.9796,3.8447,0.0157,-1.6404,0.3395
-4.3837,-10.0873,3.5619,0.0157,-1.6404,0.3395
-4.3957,-10.1041,2.9655,0.185,-1.7682,0.3949
-4.3957,-10.1041,2.9655,0.4737,-1.8119,0.5206
-4.2736,-9.9485,2.0242,0.4737,-1.8119,0.5206
-4.2736,-9.9485,2.0242,0.5802,-1.8194,0.5888
-3.2746,-9.2802,1.9955,0.5802,-1.8194,0.5888
-2.8003,-9.05,2.0745,0.5717,-1.9227,0.5728
-2.4744,-8.6714,1.9066,0.5344,-2.0047,0.5153
-2.2876,-8.5086,1.6121,0.4428,-1.9419,0.4354
-2.2876,-8.5086,1.6121,0.1808,-1.5882,0.2404
-1.7702,-8.5182,1.605,0.1808,-1.5882,0.2404
-1.3772,-8.7196,1.7702,0.0902,-1.4412,0.1467
-0.9319,-8.8681,1.9449,0.0455,-1.2889,0.054
-0.9319,-8.8681,1.9449,0.0252,-0.8937,-0.1462
-0.4504,-8.7002,2.1104,0.0252,-0.8937,-0.1462
-0.3426,-8.4512,2.0482,0.0157,-0.7275,-0.2452
-0.225,-8.2884,1.9258,-0.0109,-0.6274,-0.3475
-0.225,-8.2884,1.9258,-0.1675,-0.5294,-0.5808
-0.2466,-8.2381,1.6289,-0.1675,-0.5294,-0.5808
-0.2466,-8.2381,1.6289,-0.4348,-0.6029,-0.8119
-0.9606,-8.1711,1.4158,-0.4348,-0.6029,-0.8119
-1.382,-7.996,1.1593,-0.5936,-0.7062,-0.8929
-1.6121,-7.8523,0.6634,-0.7608,-0.8127,-0.944
-1.6121,-7.8523,0.6634,-1.1006,-0.9693,-0.944
-2.3427,-7.8044,0.8239,-1.1006,-0.9693,-0.944
-2.5465,-7.9792,1.1665,-1.2125,-1.0023,-0.8726
-2.5465,-7.9792,1.1665,-1.2881,-1.0769,-0.6905
-2.5079,-8.3291,1.1067,-1.3701,-1.1664,-0.6106
-2.5079,-8.6691,0.7137,-1.5192,-1.3485,-0.5435
-1.8228,-9.4526,-0.2801,-1.5192,-1.3485,-0.5435
-1.8228,-9.4526,-0.2801,-1.9007,-2.1347,-0.4306
-1.7654,-11.5822,0.7592,-1.9007,-2.1347,-0.4306
-1.1665,-13.0983,1.9835,-2.0019,-2.5481,-0.3464
-0.8529,-13.6828,2.4073,-1.9188,-2.5566,-0.2729
-0.8529,-13.6828,2.4073,-1.3797,-1.6021,-0.1802
-1.2743,-13.6038,2.8984,-1.3797,-1.6021,-0.1802
-1.5379,-12.6578,3.5452,-1.091,-1.2537,-0.0599
-2.223,-11.4622,3.9788,-0.7768,-1.128,0.0508
-2.223,-11.4622,3.9788,-0.2047,-0.5038,0.2159
-1.854,-9.232,2.4169,-0.2047,-0.5038,0.2159
-0.9415,-8.2525,1.5236,-0.0599,-0.0138,0.266
-0.9415,-8.2525,1.5236,-0.0087,0.4015,0.2404
0.3642,-8.087,0.2513,-0.1408,0.033,0.0902
1.8085,-8.7747,-1.3174,-0.3262,-0.5709,-0.1078
1.4374,-10.6718,-0.4264,-0.3262,-0.5709,-0.1078
1.4374,-10.6718,-0.4264,-0.3539,-0.9661,-0.3006
-0.237,-10.4372,0.2657,-0.2857,-0.7211,-0.2793
-1.763,-10.0825,0.9343,-0.1707,-0.3813,-0.193
-2.5704,-9.8335,1.6385,-0.0215,-0.0532,-0.0727
-2.3594,-9.5818,1.7438,-0.0215,-0.0532,-0.0727
-2.3594,-9.5818,1.7438,0.1733,0.2844,0.1446
-0.987,-9.7806,0.7281,0.1733,0.2844,0.1446
-0.3833,-10.2118,0.0526,0.1797,0.3046,0.1925
-0.1651,-10.5569,-0.2489,0.1478,0.2439,0.1776
-0.1651,-10.5569,-0.2489,0.0913,0.0511,0.0625
-0.606,-10.3965,0.6203,0.0913,0.0511,0.0625
-0.8936,-10.1879,1.2312,0.1233,-0.0159,0.0082
-1.0516,-10.0107,1.4829,0.1946,-0.0426,-0.0247
-1.0468,-9.8623,1.514,0.283,-0.0106,-0.0354
-1.0468,-9.8623,1.514,0.4141,0.1619,0.0167
-1.0013,-9.6824,1.2407,0.4226,0.2087,0.0753
-0.9343,-9.5387,0.7544,0.3938,0.2247,0.136
-0.8768,-9.7494,-0.3283,0.3938,0.2247,0.136
-0.884,-9.7925,-0.3953,0.3555,0.1991,0.1584
-0.7927,-9.7423,-0.1101,0.3235,0.2077,0.1509
-0.7927,-9.7423,-0.1101,0.299,0.3589,0.0753
-0.7089,-9.4813,0.2059,0.2841,0.4218,0.0561
-0.6156,-9.3065,0.3737,0.2628,0.4037,0.0753
-0.5054,-9.2945,0.4935,0.2628,0.4037,0.0753
-0.5054,-9.2945,0.4935,0.2319,0.3408,0.1754
-0.3737,-9.6273,0.5126,0.2234,0.2844,0.2117
-0.237,-10.0945,0.6898,0.2234,0.2844,0.2117
-0.3833,-10.1831,1.0899,0.185,0.1928,0.2191
-0.527,-10.2022,1.423,0.1318,0.0873,0.2042
-0.5964,-10.1975,1.5858,0.0764,-0.033,0.1765
-0.5174,-10.1304,1.411,0.0327,-0.1768,0.1318
-0.5629,-10.037,1.0684,0.0029,-0.3334,0.0753
-0.7544,-9.9293,0.7401,-0.0215,-0.5134,0.0221
-0.7544,-9.9293,0.7401,-0.0876,-0.8212,-0.0407
-0.8888,-9.771,0.4839,-0.1206,-0.8308,-0.0343
-0.5294,-9.5196,-0.0814,-0.1206,-0.8308,-0.0343
-0.4839,-9.4358,-0.1963,-0.1472,-0.7595,-0.0194
-0.5581,-9.3592,-0.2753,-0.1664,-0.6508,-0.0013
-0.5557,-9.3137,-0.2633,-0.1877,-0.5613,0.0242
-0.5294,-9.1673,-0.1101,-0.2186,-0.5081,0.0497
-0.5294,-9.1673,-0.1101,-0.2932,-0.4921,0.0977
-0.5294,-9.074,0.2681,-0.2932,-0.4921,0.0977
-0.5294,-9.074,0.2681,-0.3709,-0.5198,0.1435
-0.4599,-9.34,0.9774,-0.3709,-0.5198,0.1435
-0.4599,-9.34,0.9774,-0.3571,-0.4143,0.2585
0.6395,-9.8551,1.1857,-0.3571,-0.4143,0.2585
1.3054,-10.0538,1.0301,-0.34,-0.3717,0.3214
1.6433,-10.1759,0.7879,-0.3272,-0.3909,0.3661
1.763,-10.2405,0.4408,-0.3219,-0.4559,0.3949
1.763,-10.2405,0.4408,-0.3315,-0.6444,0.4183
1.9788,-10.2525,0.0071,-0.3432,-0.6146,0.3874
1.4637,-10.2621,-0.3211,-0.3432,-0.6146,0.3874
1.4637,-10.2621,-0.3211,-0.324,-0.5698,0.3331
1.0181,-10.2142,-0.436,-0.3443,-0.5496,0.3203
0.4767,-9.9293,-0.1556,-0.3443,-0.5496,0.3203
0.4767,-9.9293,-0.1556,-0.3826,-0.5826,0.348
0.4408,-9.8069,0.1651,-0.3826,-0.5826,0.348
0.4408,-9.8069,0.1651,-0.3123,-0.7243,0.3864
0.0478,-10.1998,-0.0502,-0.3123,-0.7243,0.3864
0.0478,-10.1998,-0.0502,-0.1259,-0.834,0.2628
-0.4623,-10.5473,-0.4192,-0.0535,-0.915,0.1243
-2.7572,-10.9953,-0.9965,-0.0535,-0.915,0.1243
-2.7572,-10.9953,-0.9965,0.0508,-1.1738,0.0114
-4.9227,-9.668,-0.7089,0.0508,-1.1738,0.0114
-5.1214,-9.903,-0.6395,0.1094,-1.2612,0.087
-4.8437,-10.1448,-0.2828,0.2085,-1.2676,0.2117
-4.4316,-10.3866,0.0526,0.3171,-1.2729,0.3395
-4.0674,-10.3746,0.4982,0.4428,-1.2548,0.4481
-4.0674,-10.3746,0.4982,0.6825,-1.1099,0.5685
-3.9118,-10.2717,0.9846,0.7539,-0.9043,0.5824
-3.749,-10.4946,1.3868,0.789,-0.7382,0.5557
-3.6748,-10.655,1.7773,0.7837,-0.6849,0.5302
-3.895,-10.8657,1.9812,0.7645,-0.7318,0.5376
-4.1656,-10.8633,2.223,0.7805,-0.7776,0.5728
-4.7285,-10.4731,2.2158,0.7805,-0.7776,0.5728
-4.7285,-10.4731,2.2158,0.9339,-0.9491,0.6388
-4.1201,-9.6968,1.8971,0.9339,-0.9491,0.6388
-4.1201,-9.6968,1.8971,1.1086,-1.029,0.6633
-3.7729,-9.5483,1.3916,1.1384,-1.0652,0.6399
-3.3536,-9.1219,1.3461,1.1203,-1.1152,0.6015
-3.2315,-8.7795,1.3581,1.0617,-1.1291,0.5312
-2.5393,-8.3818,1.1953,1.0617,-1.1291,0.5312
-2.0171,-8.2237,1.1282,0.9573,-1.0716,0.4258
-1.6098,-8.3818,1.2862,0.8157,-0.9256,0.2948
-1.3676,-8.6523,1.5475,0.6676,-0.687,0.1446
-1.0301,-8.7244,1.763,0.5483,-0.4569,0.0061
-0.752,-8.6786,1.9354,0.4769,-0.2897,-0.1493
-0.752,-8.6786,1.9354,0.3991,-0.0362,-0.5115
-0.6275,-8.207,1.9955,0.3991,-0.0362,-0.5115
-0.9056,-7.9242,2.0434,0.3512,-0.0031,-0.6841
-0.9056,-7.9242,2.0434,0.1904,-0.0607,-0.9643
-0.8864,-7.8021,2.0003,0.0753,-0.0905,-1.0697
-1.2599,-7.7997,2.1631,-0.046,-0.1043,-1.1421
-1.4709,-7.7566,2.4456,-0.176,-0.1118,-1.2146
-1.411,-7.7925,2.6351,-0.307,-0.098,-1.2689
-1.3126,-7.644,1.8372,-0.307,-0.098,-1.2689
-1.5307,-7.2607,0.4623,-0.4551,-0.1278,-1.3179
-1.5116,-6.7097,-1.3198,-0.6543,-0.2876,-1.3541
-2.0242,-6.3215,-2.1799,-0.9089,-0.671,-1.3509
-2.3139,-6.511,-2.2469,-1.1943,-1.1856,-1.2668
-2.5465,-6.9036,-2.357,-1.4436,-1.6766,-1.1059
-3.1645,-7.3373,-1.9859,-1.6824,-1.9781,-0.927
-4.0889,-8.2237,-1.1234,-1.9487,-2.1741,-0.7352
-4.0889,-8.2237,-1.1234,-2.3183,-2.3403,-0.1472
-4.5106,-10.1017,0.0095,-2.3151,-2.2007,0.1083
-2.6973,-13.8699,1.8468,-2.3151,-2.2007,0.1083
-1.9593,-15.2352,2.7117,-2.1851,-1.9728,0.2213
-1.9593,-15.2352,2.7117,-1.6099,-1.4188,0.3107
-1.5954,-15.9609,3.8687,-1.1805,-1.1706,0.3597
-0.9606,-13.1992,4.7791,-1.1805,-1.1706,0.3597
-0.7712,-10.6742,4.1943,-0.7693,-0.9256,0.3469
-0.7712,-10.6742,4.1943,-0.3603,-0.2631,0.2521
-0.0646,-7.9816,2.9942,-0.3603,-0.2631,0.2521
1.1043,-7.7637,1.8971,-0.2804,0.0617,0.2244
2.3139,-8.1109,0.1388,-0.2431,0.2322,0.1488
3.3704,-9.05,-1.2886,-0.2985,0.0671,0.0093
2.8745,-10.3148,-1.2048,-0.4625,-0.3994,-0.1621
1.1593,-10.4587,-0.6467,-0.6053,-0.8457,-0.3081
-0.4958,-10.037,-0.067,-0.6287,-0.9331,-0.3624
-1.9617,-9.668,0.8768,-0.5989,-0.6135,-0.3549
-2.5944,-9.6848,2.0458,-0.5264,-0.1683,-0.2825
-2.5944,-9.6848,2.0458,-0.192,0.2002,-0.0215
-2.5246,-9.9269,2.6255,-0.0396,0.1757,0.0743
-2.053,-10.3028,2.7907,0.054,0.1651,0.1403
-1.0516,-10.8609,1.605,0.054,0.1651,0.1403
-0.5222,-10.9834,0.6682,0.0711,0.2322,0.1552
-0.5222,-10.9834,0.6682,0.005,0.3738,0.0455
-0.5294,-10.6096,-0.424,0.005,0.3738,0.0455
-0.5964,-10.4013,-0.3809,-0.0013,0.3355,-0.0226
-0.764,-10.1927,-0.0598,0.0189,0.245,-0.0663
-0.764,-10.1927,-0.0598,0.1019,0.1374,-0.0833
-0.9558,-9.9724,0.3929,0.1467,0.1214,-0.0609
-1.0851,-9.7877,0.8792,0.1467,0.1214,-0.0609
-0.9726,-9.771,0.884,0.185,0.115,-0.0268
-0.8649,-9.8407,0.7161,0.2244,0.1352,0.0114
-0.7736,-9.9245,0.3881,0.2585,0.1746,0.0444
-0.7736,-9.9245,0.3881,0.2607,0.2471,0.087
-0.6227,-9.9341,0.0646,0.2415,0.2705,0.0945
-0.4264,-9.8623,-0.1173,0.2298,0.295,0.0924
-0.2947,-9.7877,-0.1268,0.2244,0.3238,0.0796
-0.2035,-9.8599,0,0.2244,0.3238,0.0796
-0.2011,-9.903,0.1388,0.2159,0.3472,0.0572
-0.2852,-9.8886,0.2394,0.2031,0.3568,0.0263
-0.333,-9.7758,0.2489,0.1861,0.3472,-0.0066
-0.3283,-9.601,0.1915,0.1659,0.3206,-0.0375
-0.3283,-9.601,0.1915,0.1307,0.2418,-0.0737
-0.4719,-9.5076,-0.1173,0.1307,0.2418,-0.0737
-0.527,-9.5364,-0.2633,0.1201,0.1874,-0.078
-0.618,-9.5507,-0.3211,0.1051,0.131,-0.0758
-0.7305,-9.6058,-0.2923,0.086,0.0969,-0.0695
-0.8286,-9.6872,-0.225,0.0657,0.1043,-0.0588
-0.8286,-9.6872,-0.225,0.0338,0.1885,-0.0343
-0.908,-9.7949,-0.2876,0.0338,0.1885,-0.0343
-0.908,-9.7949,-0.2876,0.005,0.2045,-0.0194
-0.8649,-9.783,-0.345,-0.0087,0.1832,-0.0183
-0.7209,-9.8093,-0.3833,-0.0087,0.1832,-0.0183
-0.7209,-9.8093,-0.3833,-0.0364,0.1214,-0.029
-0.6323,-9.9509,-0.2035,-0.0364,0.1214,-0.029
-0.6323,-9.9509,-0.2035,-0.0396,0.099,-0.0386
-0.5844,-9.9389,-0.0119,-0.0215,0.1203,-0.0386
-0.5437,-9.9389,0.2274,0.0061,0.1491,-0.0354
-0.5677,-9.9724,0.3929,0.038,0.1778,-0.0279
-0.5342,-10.0299,0.5174,0.038,0.1778,-0.0279
-0.4695,-10.0107,0.4767,0.07,0.2013,-0.0205
-0.4384,-9.9748,0.4121,0.1009,0.2205,-0.0151
-0.4121,-9.9916,0.2537,0.1328,0.2322,-0.0119
-0.3283,-9.9245,0.0933,0.1541,0.245,-0.0151
-0.3283,-9.9245,0.0933,0.1712,0.2758,-0.0418
0.0933,-9.3999,0.043,0.1712,0.2758,-0.0418
0.2753,-9.0788,0.1197,0.1786,0.3025,-0.0695
0.2753,-9.0788,0.1197,0.2021,0.3973,-0.1493
0.4312,-9.0524,0.0981,0.2021,0.3973,-0.1493
0.4504,-9.3209,0.0143,0.2159,0.442,-0.1877
0.2995,-9.7854,-0.0454,0.2191,0.4718,-0.2207
0.2995,-9.7854,-0.0454,0.1989,0.4644,-0.2484
-0.357,-10.5305,0.0167,0.1989,0.4644,-0.2484
-0.357,-10.5305,0.0167,0.1872,0.4857,-0.2015
-0.9654,-10.5377,0.0981,0.1872,0.4857,-0.2015
-1.0708,-10.3818,0.0981,0.1893,0.5347,-0.1525
-1.0277,-10.2549,0.1101,0.1925,0.5858,-0.0908
-0.8334,-10.1783,0.0766,0.1936,0.6263,-0.03
-0.6012,-10.0706,0.0095,0.1936,0.6508,0.0178
-0.3929,-9.9413,-0.1125,0.1936,0.6572,0.0466
-0.3929,-9.9413,-0.1125,0.1893,0.6647,0.0604
-0.0622,-9.7662,-0.4264,0.1893,0.6647,0.0604
-0.0622,-9.7662,-0.4264,0.1648,0.6402,0.0338
-0.0502,-9.5028,-0.6634,0.1648,0.6402,0.0338
-0.1771,-9.4071,-0.6587,0.1584,0.6135,0.0231
-0.3354,-9.3855,-0.6443,0.1616,0.6061,0.0263
-0.4647,-9.4789,-0.5629,0.1701,0.6263,0.0466
-0.436,-9.6537,-0.2923,0.1712,0.6636,0.0721
-0.3139,-9.7662,0.0191,0.1754,0.7328,0.0945
-0.1436,-9.8431,0.1221,0.1925,0.8244,0.0945
-0.1436,-9.8431,0.1221,0.1914,0.9395,0.054
0.0526,-9.9724,0.1484,0.1786,0.9033,0.0252
0.2777,-10.14,0.2178,0.1744,0.8468,-0.0066
0.3426,-10.2118,0.3618,0.1765,0.8266,-0.0332
0.146,-9.9844,0.6946,0.1765,0.8266,-0.0332
0.146,-9.9844,0.6946,0.168,0.8585,-0.0609
-0.2226,-9.8335,0.5725,0.168,0.8585,-0.0609
-0.4958,-9.9173,0.5892,0.1627,0.8372,-0.0482
-0.8239,-10.1065,0.6802,0.1744,0.7648,-0.0364
-0.8239,-10.1065,0.6802,0.217,0.6338,0.0082
-1.2862,-10.442,1.0396,0.217,0.6338,0.0082
-1.2862,-10.442,1.0396,0.2404,0.5432,0.0295
-1.3126,-10.2813,1.4517,0.2404,0.5432,0.0295
-1.3126,-10.2813,1.4517,0.2713,0.5507,0.0753
-1.1354,-9.6441,1.2814,0.2713,0.5507,0.0753
-0.951,-9.4789,0.8047,0.2979,0.5294,0.0849
-0.951,-9.4789,0.8047,0.3001,0.4452,0.1019
-0.5868,-9.1506,-0.0335,0.3001,0.4452,0.1019
-0.5294,-9.0309,-0.1029,0.2617,0.4058,0.103
-0.4551,-9.0093,-0.134,0.2095,0.3941,0.1041
-0.5054,-9.0692,-0.1963,0.1509,0.3856,0.0977
-0.5198,-9.2272,-0.1173,0.07,0.3451,0.087
-0.4312,-9.3903,-0.0837,-0.03,0.245,0.0753
-0.2753,-9.4526,-0.2202,-0.1366,0.1544,0.0636
0.0239,-9.5076,-0.4815,-0.241,0.098,0.0455
0.0239,-9.5076,-0.4815,-0.4423,-0.0031,-0.0098
0.0263,-9.5579,-0.7065,-0.536,-0.0351,-0.0354
-0.1077,-9.5842,-0.7041,-0.6202,-0.0127,-0.0609
-0,-9.3472,-0.2346,-0.6202,-0.0127,-0.0609
-0,-9.3472,-0.2346,-0.7022,-0.1001,-0.1035
0.2011,-9.2104,-0.4121,-0.7427,-0.2205,-0.1227
0.5461,-8.7244,-1.0755,-0.7427,-0.2205,-0.1227
0.6563,-8.59,-1.4996,-0.7853,-0.3259,-0.1419
0.697,-8.5805,-1.7414,-0.8311,-0.3994,-0.1515
0.697,-8.5805,-1.7414,-0.8876,-0.4282,-0.1483
0.3857,-9.3424,-1.6433,-0.8876,-0.4282,-0.1483
0.3857,-9.3424,-1.6433,-0.7981,-0.2812,-0.0641
-0.5844,-10.9786,0.1149,-0.7981,-0.2812,-0.0641
-0.5844,-10.9786,0.1149,-0.471,-0.05,0.1062
-1.4182,-12.5234,2.1057,-0.471,-0.05,0.1062
-1.3868,-12.9475,3.0157,-0.2868,-0.0319,0.2095
-0.9654,-12.9786,3.9094,-0.1057,-0.0266,0.3086
-0.3211,-12.545,4.3095,0.0849,0.0234,0.3917
0.2852,-11.6684,3.8447,0.3033,0.0905,0.4567
0.8023,-10.7245,2.8505,0.5046,0.1107,0.5014
0.8023,-10.7245,2.8505,0.7049,-0.1139,0.5664
1.3317,-10.0634,0.6491,0.7049,-0.1139,0.5664
1.2767,-10.2453,-0.4623,0.74,-0.23,0.5781
1.2767,-10.2453,-0.4623,0.6974,-0.1683,0.479
1.0612,-10.3411,-1.1593,0.6782,0.0245,0.446
0.9199,-9.982,-1.5068,0.6782,0.0245,0.446
0.9199,-9.982,-1.5068,0.6665,0.4846,0.3949
0.2633,-9.4933,-1.6385,0.6665,0.4846,0.3949
-0.1412,-9.3807,-1.5164,0.6591,0.6295,0.3874
-0.1412,-9.3807,-1.5164,0.6495,0.7509,0.3917
-0.7425,-9.4909,-1.3269,0.6495,0.7509,0.3917
-0.7425,-9.4909,-1.3269,0.6324,0.622,0.4013
-1.5762,-9.5938,-1.0492,0.6324,0.622,0.4013
-1.5762,-9.5938,-1.0492,0.6122,0.3153,0.3896
-2.5031,-9.5555,-0.6778,0.6122,0.3153,0.3896
-2.6925,-9.5196,-0.5006,0.6069,0.1842,0.4045
-2.9343,-9.4621,-0.2777,0.5983,0.0894,0.4087
-3.21,-9.3783,0.0119,0.5909,0.0436,0.3896
-3.7011,-9.2464,0.3402,0.577,0.0202,0.3587
-3.8208,-9.2488,0.7065,0.5696,0.0053,0.3374
-3.8208,-9.2488,0.7065,0.5983,0.0223,0.3395
-3.9573,-9.2802,1.0899,0.6463,0.0628,0.3533
-3.9956,-9.6034,1.3988,0.6995,0.1438,0.3778
-4.0387,-10.0682,1.7773,0.7741,0.229,0.4375
-4.0889,-10.418,2.302,0.8572,0.3419,0.5216
-3.7562,-10.6742,3.0951,0.8572,0.3419,0.5216
-3.7562,-10.6742,3.0951,0.9467,0.6007,0.6942
-3.1908,-10.4444,3.3201,0.9286,0.6295,0.7134
-2.2373,-9.9676,3.5452,0.9286,0.6295,0.7134
-2.3427,-9.5771,3.7394,0.87,0.5752,0.6942
-2.3427,-9.5771,3.7394,0.6857,0.3781,0.5675
-2.357,-9.7039,4.343,0.6857,0.3781,0.5675
-2.2301,-9.8599,4.4484,0.6154,0.3707,0.4524
-2.0769,-9.8311,4.3766,0.6079,0.4026,0.3352
-1.8659,-9.759,4.3358,0.6399,0.4942,0.2106
-1.6098,-9.68,4.3526,0.6932,0.638,0.0924
-1.6098,-9.68,4.3526,0.903,0.997,-0.1387
-1.3078,-9.5986,4.2281,1.0457,1.1728,-0.2452
-1.0516,-9.4957,4.0267,1.2066,1.3421,-0.3113
-0.7736,-8.9375,3.7107,1.2066,1.3421,-0.3113
-0.6467,-8.286,3.4518,1.3738,1.4913,-0.3613
-0.6467,-8.286,3.4518,1.6252,1.6575,-0.5467
-0.6515,-7.6895,2.7739,1.6039,1.6468,-0.6553
-0.3737,-6.4341,0.3474,1.6039,1.6468,-0.6553
-0.7784,-6.0965,-1.2407,1.4377,1.5595,-0.7917
-0.7784,-6.0965,-1.2407,0.6836,1.2772,-1.025
-1.6552,-7.1553,-2.0099,0.6836,1.2772,-1.025
-1.6552,-7.1553,-2.0099,-0.013,0.9395,-1.1922
-1.3317,-8.3147,-0.5964,-0.013,0.9395,-1.1922
-1.0516,-8.5757,-0.1675,-0.1504,0.7531,-1.2476
-1.0516,-8.5757,-0.1675,-0.2591,0.6508,-1.3254
-0.9391,-8.5565,0.0119,-0.3581,0.7627,-1.3808
-0.1412,-8.4727,-0.6443,-0.3581,0.7627,-1.3808
0.3761,-8.5733,-1.2814,-0.5499,0.8969,-1.4638
0.685,-8.8034,-2.0027,-0.8141,1.0034,-1.5778
0.4719,-9.0405,-2.5896,-1.1123,0.9874,-1.6907
-0.0885,-9.129,-2.9846,-1.3871,0.8212,-1.7536
-0.0885,-9.129,-2.9846,-1.7921,0.3909,-1.6385
-1.5858,-9.4262,-1.8372,-1.7921,0.3909,-1.6385
-1.5858,-9.4262,-1.8372,-1.8624,0.4505,-1.2455
-2.3858,-9.6968,-0.9941,-1.8059,0.4282,-0.9834
-3.011,-10.2573,-0.4815,-1.6973,0.2641,-0.7075
-3.7514,-11.0695,-0.4743,-1.515,0.0159,-0.437
-3.4685,-12.0036,0.6132,-1.515,0.0159,-0.437
-3.2363,-13.7451,1.8444,-1.2678,0.0319,-0.2665
-2.5632,-15.2567,3.5667,-1.0207,0.344,-0.1856
-1.1258,-14.8087,3.9836,-0.813,0.8798,-0.1888
-1.1258,-14.8087,3.9836,-0.617,1.1856,-0.471
1.974,-11.5053,2.4648,-0.617,1.1856,-0.471
1.974,-11.5053,2.4648,-0.6916,0.3888,-0.6394
-0.8433,-9.5507,1.212,-0.6916,0.3888,-0.6394
-0.8433,-9.5507,1.212,-0.405,0.2801,0.0167
-2.7739,-9.1745,1.6696,-0.405,0.2801,0.0167
-2.7739,-9.1745,1.6696,0.1147,1.5957,0.5845
-1.6265,-10.0251,1.6313,0.1147,1.5957,0.5845
-1.6265,-10.0251,1.6313,0.1882,2.2476,0.5568
0.1221,-10.0873,2.9128,0.1882,2.2476,0.5568
0.8143,-9.9221,2.8362,0.1914,2.3266,0.4556
0.8143,-9.9221,2.8362,0.2181,1.9387,0.2575
1.7199,-10.3172,2.2541,0.2181,1.9387,0.2575
1.2934,-11.2754,1.8803,0.2063,1.6734,0.1254
1.2934,-11.2754,1.8803,0.1509,1.47,-0.1952
-1.2144,-11.285,1.4469,0.1509,1.47,-0.1952
-1.2144,-11.285,1.4469,0.086,1.3911,-0.3123
-2.199,-10.219,1.9859,0.086,1.3911,-0.3123
-2.1631,-9.7782,2.4911,0.1169,1.4071,-0.2697
-2.1631,-9.7782,2.4911,0.3043,1.569,-0.0226
-1.8971,-9.3089,2.3092,0.3043,1.569,-0.0226
-1.775,-9.1266,1.8037,0.3885,1.6308,0.1158
-1.775,-9.1266,1.8037,0.4247,1.552,0.3256
-1.3676,-9.0476,1.0516,0.4247,1.552,0.3256
-1.3676,-9.0476,1.0516,0.3256,1.2026,0.413
-1.1354,-9.1219,1.1641,0.2777,1.0599,0.413
-0.8816,-9.2969,1.3892,0.2415,1.0002,0.396
-0.594,-9.5292,1.763,0.2415,1.0002,0.396
-0.3977,-9.3831,1.7726,0.2223,0.9778,0.3874
-0.1915,-9.1913,1.7654,0.2021,0.9523,0.3789
-0.1292,-8.9998,1.7582,0.1744,0.9054,0.3661
-0.0215,-8.9471,1.7726,0.1328,0.8649,0.3406
-0.0215,-8.9471,1.7726,0.0508,0.9214,0.2905
0.1101,-9.1482,1.7247,0.0231,0.9491,0.2788
0.2059,-9.4047,1.569,0.0125,0.9491,0.2671
0.2178,-9.8886,1.3413,0.0125,0.9491,0.2671
0.237,-9.9676,1.2886,0.021,0.9533,0.2649
0.237,-9.9676,1.2886,0.0593,1.0567,0.2905
0.1915,-10.0155,1.2072,0.0593,1.1355,0.3033
0.1963,-10.0323,1.0779,0.0487,1.2335,0.3129
0.2753,-10.0155,0.7257,0.0487,1.2335,0.3129
0.2753,-10.0155,0.7257,0.0199,1.3879,0.3661
0.8119,-9.8165,0.4144,0.0199,1.3879,0.3661
1.0468,-9.9173,0.2106,0.0146,1.4029,0.3565
0.9056,-9.7016,0.3714,0.0242,1.3219,0.3853
0.7257,-9.8551,0.1268,0.0327,1.2591,0.4119
0.7137,-10.037,0.0359,-0.0045,1.2644,0.3736
0.8215,-10.0083,0.2154,-0.0588,1.2548,0.3533
1.2791,-9.8455,0.2202,-0.0908,1.2079,0.3491
1.1234,-10.0131,0.1364,-0.111,1.1706,0.3299
1.1234,-10.0131,0.1364,-0.1248,1.1014,0.3267
0.6036,-9.4142,-0.0287,-0.1248,1.1014,0.3267
0.7592,-9.4071,-0.2489,-0.1611,1.225,0.2756
1.0588,-9.3376,-0.158,-0.2026,1.2516,0.2852
1.0588,-9.3376,-0.158,-0.225,1.1813,0.3022
1.1019,-9.7183,-0.5126,-0.225,1.1813,0.3022
0.4695,-9.8359,-0.2828,-0.2484,1.1642,0.2958
0.0095,-9.5076,-0.1005,-0.2836,1.1206,0.3107
0.0095,-9.5076,-0.1005,-0.3081,1.1834,0.3331
0.0239,-9.6513,0.1843,-0.3081,1.1834,0.3331
-0.146,-9.5268,0.3139,-0.307,1.1802,0.364
-0.0383,-9.7279,0.606,-0.3006,1.1483,0.4098
-0.0574,-10.0442,0.8047,-0.2633,1.1323,0.479
-0.0574,-10.0442,0.8047,-0.0982,1.16,0.5898
-1.145,-11.2228,1.0181,-0.0982,1.16,0.5898
-1.145,-11.2228,1.0181,0.1009,1.1206,0.6165
-1.8827,-10.7939,1.6792,0.1009,1.1206,0.6165
-2.0171,-10.7388,1.9473,0.2362,1.2292,0.7219
-2.1128,-11.1988,2.2086,0.4205,1.3496,0.8753
-2.1128,-11.1988,2.2086,0.9286,1.5009,1.1768
-2.0673,-11.8408,2.6662,1.2545,1.5168,1.2801
-2.647,-13.271,3.828,1.2545,1.5168,1.2801
-3.119,-13.5152,3.6337,1.622,1.4093,1.3312
-3.9333,-13.4051,3.198,1.948,1.1621,1.3078
-5.4258,-12.5952,3.2172,2.1578,0.9906,1.181
-5.5,-11.5247,3.2411,2.2899,1.0034,1.0553
-4.6471,-11.2036,2.5776,2.3773,1.1216,0.968
-3.7059,-10.2597,2.3666,2.3134,1.1856,0.7986
-3.7059,-10.2597,2.3666,1.8873,0.9778,0.2873
-0.4935,-7.747,1.3245,1.8873,0.9778,0.2873
-0.4935,-7.747,1.3245,1.5081,1.275,-0.193
0.4791,-6.7767,0.8286,1.3685,1.519,-0.3805
1.3198,-6.6762,0.5988,1.3685,1.519,-0.3805
1.3198,-6.6762,0.5988,1.131,1.9238,-0.8513
0.9917,-8.5254,0.3881,1.131,1.9238,-0.8513
0.9917,-8.5254,0.3881,0.9158,2.3436,-1.2167
0.3498,-9.1865,0.237,0.871,2.5172,-1.3073
-1.0588,-10.0897,0.3737,0.871,2.5172,-1.3073
-1.3365,-10.1208,0.4168,0.9041,2.6791,-1.336
-1.3365,-10.1208,0.4168,1.115,3.0381,-1.3403
-1.6959,-10.3842,0.1891,1.115,3.0381,-1.3403
-2.0314,-10.418,-0.1197,1.2162,3.2725,-1.3243
-2.7955,-10.4491,-0.5533,1.2822,3.4759,-1.3009
-2.7955,-10.4491,-0.5533,1.3206,3.4163,-1.1677
-3.6026,-10.4324,-0.9127,1.3376,3.1819,-1.123
-4.2185,-10.4515,-1.0253,1.3664,2.9508,-1.1176
-4.5394,-10.3674,-1.0612,1.4527,2.7676,-1.173
-4.5753,-10.4324,-0.6658,1.4527,2.7676,-1.173
-4.5753,-10.4324,-0.6658,1.5901,2.5545,-1.1219
-3.8591,-10.5856,-0.2705,1.6156,2.4001,-1.0633
-2.8577,-10.207,0.5246,1.6156,2.4001,-1.0633
-2.8721,-10.152,0.685,1.6231,2.206,-1.0186
-2.6973,-9.9101,0.872,1.6029,1.9951,-0.9749
-2.5369,-9.9413,0.9367,1.572,1.8087,-0.9216
-2.3427,-9.8814,1.0133,1.5421,1.6798,-0.879
-2.2685,-9.8862,1.0253,1.5219,1.6021,-0.8524
-2.2685,-9.8862,1.0253,1.5219,1.585,-0.8652
-2.0171,-10.1089,1.054,1.5219,1.585,-0.8652
-2.0554,-10.0083,1.042,1.5091,1.6851,-0.9142
-2.0602,-9.6034,1.1881,1.4708,1.8098,-0.9706
-2.211,-8.8872,1.2862,1.4015,1.9355,-1.0239
-2.3307,-8.0606,1.3652,1.3035,2.0409,-1.0654
-2.3307,-8.0606,1.3652,1.0404,2.107,-1.0527
-2.0745,-6.566,0.7688,1.0404,2.107,-1.0527
-2.0745,-6.566,0.7688,0.6601,1.9589,-1.0292
-2.2948,-6.2282,0.5485,0.4492,1.8428,-1.0037
-2.0769,-6.2761,0.3642,0.4492,1.8428,-1.0037
-2.4289,-6.4607,0.6347,0.2489,1.6692,-0.993
-2.1296,-6.8318,0.7736,0.0785,1.4338,-0.9696
-2.1679,-6.9252,1.0899,-0.0727,1.1632,-0.9483
-2.1679,-6.9252,1.0899,-0.3912,0.7126,-1.0676
-2.3403,-7.1457,1.4829,-0.5573,0.5272,-1.1528
-3.1453,-7.4283,2.7883,-0.5573,0.5272,-1.1528
-3.1453,-7.4283,2.7883,-0.7512,0.2183,-1.1485
-2.7069,-8.5805,4.3861,-0.7512,0.2183,-1.1485
-2.7069,-8.5805,4.3861,-0.7651,0.1043,-1.1379
-1.8396,-9.6513,5.7347,-0.7651,0.1043,-1.1379
-1.6576,-10.0251,6.3622,-0.699,0.0926,-1.0846
-1.6576,-10.0251,6.3622,-0.4551,0.2758,-0.8844
-1.4302,-10.2956,6.6977,-0.3113,0.458,-0.7512
-2.0075,-10.655,6.6044,-0.2026,0.686,-0.5797
-2.2709,-10.1472,5.9026,-0.1568,0.8564,-0.4753
-1.8851,-9.1147,4.4196,-0.1568,0.8564,-0.4753
-1.842,-8.0822,4.2975,-0.1696,0.883,-0.4465
-1.2814,-7.826,4.0794,-0.1952,0.7904,-0.4146
-1.4012,-8.1902,3.5859,-0.2047,0.5944,-0.3975
-1.9018,-9.4071,2.6566,-0.2282,0.3525,-0.3997
-1.83,-10.3339,2.2301,-0.339,0.1352,-0.3667
-1.5451,-11.7187,2.3882,-0.5733,-0.1033,-0.3656
-1.2096,-13.1199,2.0075,-0.8588,-0.2471,-0.4231
-1.9497,-15.3716,0.4767,-1.0548,-0.2982,-0.4806
-3.277,-18.1576,0.697,-1.1336,-0.5741,-0.4391
-4.3502,-19.6644,4.1057,-0.9344,-0.9874,-0.258
-4.2616,-16.8162,5.0784,-0.3038,-0.8713,-0.0503
-1.2479,-9.7159,0.4504,0.3491,0.0852,0.2298
0.5533,-4.7716,-5.972,0.5557,0.6955,0.2468
2.3738,-2.2469,-7.7278,0.1754,0.344,0.005
2.3738,-2.2469,-7.7278,-0.9174,-1.0428,-0.4828
1.0899,-2.2685,-5.1885,-1.0708,-0.9959,-0.3209
-1.2407,-4.592,-0.134,-0.9355,-0.6135,-0.0865
-0.4336,-7.7494,2.2278,-0.8726,-0.6199,-0.0109
1.9162,-10.3531,0.7281,-0.9706,-1.0535,-0.0386
3.7107,-12.7248,-1.394,-0.9706,-1.0535,-0.0386
3.7107,-12.7248,-1.394,-1.1198,-1.5829,-0.177
0.3546,-9.8045,-0.1556,-1.1198,-1.5829,-0.177
0.3546,-9.8045,-0.1556,-1.0612,-1.0993,-0.0492
-2.2924,-8.8609,0.4982,-1.0612,-1.0993,-0.0492
-1.6912,-8.5661,0.4623,-1.025,-0.9661,0.0679
-0.8071,-8.7891,0.3115,-1.0271,-0.8947,0.1179
-0.8071,-8.7891,0.3115,-1.0335,-1.1334,0.0998
1.0229,-9.2945,0.3091,-1.0335,-1.1334,0.0998
1.0229,-9.2945,0.3091,-1.0186,-1.3911,-0.0002
1.1593,-9.903,0.3618,-1.0186,-1.3911,-0.0002
1.1593,-9.903,0.3618,-0.9706,-1.4316,-0.0322
1.0061,-10.219,0.4121,-0.9706,-1.4316,-0.0322
0.9822,-10.1759,0.3905,-0.9557,-1.2058,-0.0524
1.1785,-9.9101,0.4144,-0.9355,-0.9885,-0.0577
1.1785,-9.7375,0.3594,-0.9089,-0.8138,-0.0535
1.0205,-9.455,0.4001,-0.8854,-0.6955,-0.0524
1.0205,-9.455,0.4001,-0.8599,-0.6146,0.0274
0.5366,-9.2778,0.448,-0.8599,-0.6146,0.0274
0.5126,-9.4597,0.3714,-0.8471,-0.6039,0.0966
0.5126,-9.4597,0.3714,-0.8449,-0.4825,0.1786
0.4121,-9.7303,0.3019,-0.8449,-0.4825,0.1786
0.3235,-9.6968,0.2947,-0.8354,-0.4207,0.1946
0.3235,-9.6968,0.2947,-0.8055,-0.2822,0.2053
0.2899,-9.498,0.1747,-0.8055,-0.2822,0.2053
0.3019,-9.3903,0.0359,-0.8023,-0.2641,0.2053
0.3019,-9.3903,0.0359,-0.8908,-0.2087,0.168
0.158,-9.7279,-0.0909,-0.8908,-0.2087,0.168
0.158,-9.7279,-0.0909,-0.9408,-0.2034,0.1691
0.1556,-9.8311,0.0574,-0.9206,-0.196,0.1914
0.079,-9.4166,-0.0454,-0.9206,-0.196,0.1914
-0.0478,-9.3137,0.0023,-0.9099,-0.1896,0.2234
-0.0478,-9.3137,0.0023,-0.9089,-0.1917,0.3448
0.3977,-9.8647,0.2876,-0.9089,-0.1917,0.3448
0.3977,-9.8647,0.2876,-0.8865,-0.3302,0.4556
0.8529,-10.2645,0.5222,-0.83,-0.4005,0.4577
1.0205,-10.5497,0.6587,-0.83,-0.4005,0.4577
0.4551,-10.3531,0.4025,-0.7395,-0.4761,0.4247
0.4551,-10.3531,0.4025,-0.5754,-0.4633,0.3523
0.0167,-10.3435,0.424,-0.4668,-0.4463,0.3533
0.7496,-10.3746,0.3737,-0.4668,-0.4463,0.3533
1.1905,-10.6191,0.2657,-0.3475,-0.4484,0.3448
1.1354,-10.746,0.3019,-0.2356,-0.5326,0.3331
0.5916,-10.6694,0.6802,-0.1515,-0.6508,0.3161
-0.0646,-10.442,1.1569,-0.0844,-0.7403,0.3139
-0.0646,-10.442,1.1569,0.0743,-0.7712,0.3597
-0.3187,-10.1687,1.8276,0.0743,-0.7712,0.3597
-0.3187,-10.1687,1.8276,0.3246,-0.6071,0.5131
0.1412,-10.7293,2.1727,0.4844,-0.4921,0.6005
