andar
4.9251,-14.5402,-0.565,0.0203,0.2588,0.8133
4.6998,-15.9842,-1.3168,-0.0877,0.0523,0.7406
3.8762,-16.0249,-1.877,-0.1115,-0.0655,0.4877
3.0789,-15.1175,-1.3215,-0.1366,-0.1003,0.1353
2.7796,-14.5283,-0.6727,-0.4573,0.1153,-0.3484
2.2649,-14.3798,-0.8978,-0.7774,0.1165,-0.6282
1.2641,-13.2354,-2.296,-1.1078,-0.1388,-0.8964
0,-12.1005,-2.5354,-1.4505,-0.4625,-1.0943
-1.9704,-11.2769,-1.64,-1.8732,-0.6042,-1.2275
-3.9959,-11.3248,-1.2713,-2.5,-0.5981,-1.4718
-6.8309,-11.8108,-1.5562,-2.704,-0.4167,-1.7003
-8.7223,-13.3575,-1.2928,-2.7511,-0.2585,-1.9214
-9.589,-15.9723,-0.6177,-2.7676,-0.184,-2.046
-10.3312,-18.4934,0.7398,-2.7278,-0.1015,-2.0803
-9.8165,-18.7519,3.1124,-2.6509,0.0291,-2.0644
-8.0041,-17.0951,4.0629,-2.4982,0.381,-1.9129
-6.2515,-14.6336,2.7605,-2.2532,0.5868,-1.7693
-4.2137,-13.0391,-0.3854,-1.9991,0.7756,-1.6459
-1.6424,-13.4269,-1.3814,-1.8519,0.9503,-1.5537
1.0175,-14.8997,-1.8483,-1.7822,1.1507,-1.5201
1.4748,-15.5772,2.1954,-1.6582,1.2313,-1.6954
1.1444,-15.7544,0.735,-1.3583,0.5783,-2.1267
-0.4285,-13.233,0.0502,-1.1237,-0.4308,-2.3503
-0.0814,-10.8436,1.1755,-1.205,-0.8993,-2.4559
-0.4572,-9.4502,1.5131,-1.351,-0.6922,-2.368
-1.2928,-8.921,1.8148,-1.4346,-0.3849,-2.2556
-2.6575,-7.9921,1.6855,-1.671,-0.49,-2.0589
-3.0909,-7.2044,2.8634,-1.8109,-0.7631,-1.9233
-3.3925,-6.6154,2.6455,-1.8561,-1.1656,-1.787
-3.1555,-5.6218,1.9632,-1.7615,-1.8938,-1.7302
-2.8275,-4.6303,1.4317,-1.7627,-2.5835,-1.7247
-1.8698,-4.0725,1.7166,-1.9013,-2.964,-1.6643
-1.9632,-3.3303,1.5251,-1.8415,-2.8919,-1.583
-1.8483,-2.2625,1.4724,-1.6668,-3.0074,-1.547
-1.889,-1.4915,1.5586,-1.5141,-3.1619,-1.4731
-1.9249,-0.8379,1.7669,-1.3791,-3.2695,-1.3613
-2.1021,-0.7182,2.1787,-1.1988,-3.2701,-1.2214
-2.3774,-0.8906,2.5354,-0.8055,-3.0227,-0.9538
-2.4756,-1.3024,2.3894,-0.4964,-2.7966,-0.7675
-2.2697,-1.8411,1.9632,-0.1616,-2.5755,-0.5952
-1.8722,-2.5522,1.1755,0.1651,-2.3703,-0.4731
-1.6735,-2.8682,0.3639,0.4828,-2.1522,-0.4138
-1.482,-3.1411,-0.8762,0.787,-1.9109,-0.4144
-1.2785,-3.7301,-3.1148,1.1834,-1.5621,-0.4034
-1.5538,-5.1741,-7.3361,1.3875,-1.3214,-0.3491
-1.5251,-7.1206,-11.7438,1.4962,-1.0435,-0.2813
0.9026,-10.5946,-13.3407,1.4082,-0.7612,-0.1841
3.8402,-15.6227,-12.5339,1.1187,-0.4503,-0.098
5.2962,-19.7383,-15.3546,0.6324,-0.3678,-0.164
6.0001,-23.1932,-15.345,0.1492,-1.2597,-0.1982
4.0102,-22.0224,-9.6537,-0.5416,-1.7887,-0.2843
1.7549,-15.8502,-4.1826,-1.0254,-1.3862,-0.5091
1.8291,-10.1828,-3.9839,-1.0944,-0.9732,-0.7638
0.8379,-4.7357,-6.2898,-1.0461,-1.2035,-0.9214
-1.0534,-0.146,-7.87,-0.9905,-1.3849,-1.0497
-2.3247,1.1085,-7.3672,-0.8965,-1.3214,-0.8921
-2.3846,-4.3095,-8.8109,-0.6515,-1.3116,-0.5934
-2.1068,-13.0678,-9.7231,-0.3149,-1.3177,-0.1976
-3.7086,-22.6521,-5.1119,-0.103,-0.7258,0.1127
-3.8714,-30.1917,1.4245,-0.0926,0.2222,0.299
0.0957,-28.9276,-1.5777,-0.569,1.2796,0.3521
2.1475,-14.5642,-2.9903,-0.8317,1.2081,-0.0406
-1.5993,-1.9847,8.3895,-1.2361,0.8257,-0.5158
-8.1645,4.3885,4.4173,-1.1145,1.0926,-0.7425
-11.5762,4.4149,0.1292,-0.1469,0.5722,-0.649
-11.5762,4.4149,0.1292,1.1003,0.3853,0.514
-3.4428,-2.0015,4.7692,1.1003,0.3853,0.514
-1.3742,-7.6641,11.6097,1.663,1.3535,0.7877
-2.138,-15.0218,9.601,2.4681,2.7316,0.9324
-1.4221,-20.1789,5.5141,2.994,3.3724,1.0485
2.0757,-21.625,2.4612,2.9421,3.1995,1.1646
5.1023,-20.2292,1.4389,2.4394,2.4512,1.1523
4.5489,-16.578,1.0773,2.1413,1.7096,0.977
1.6208,-12.5291,0.8116,1.9745,0.8904,0.7498
-0.6655,-9.6561,0.2154,1.9531,0.4445,0.6319
-2.7006,-7.6569,-0.5027,2.0814,0.5099,0.6893
-4.3526,-6.7399,-0.3543,2.3025,0.9552,0.9697
-5.2819,-6.8477,0.474,2.3141,1.2344,1.2531
-4.7764,-7.6808,1.2976,2.3166,1.549,1.6093
-3.6679,-9.0455,1.5131,2.3215,1.6039,1.9581
-2.1356,-9.8548,1.6376,2.3062,1.293,2.1688
-0.4189,-10.6305,1.2689,2.3013,1.0077,2.1786
0.3711,-10.8125,0.9911,2.272,0.943,1.7681
0.304,-10.506,1.0151,2.1889,1.0945,1.4114
0.0574,-9.6345,0.8283,2.035,1.238,1.1536
-0.4477,-8.8277,0.6991,1.911,1.3907,1.09
-0.7613,-8.3416,1.0223,1.8615,1.6021,1.1212
-0.6847,-8.2602,0.6631,1.8199,1.7292,1.1615
-0.4381,-8.1238,0.2059,1.7943,1.588,1.1884
-0.0598,-8.1046,-0.1364,1.7448,1.4231,1.1749
0.3447,-7.9993,-0.3136,1.6593,1.318,1.1609
0.5841,-7.8389,-0.3399,1.5218,1.2276,1.1456
0.0191,-7.451,0.2394,1.3832,1.1439,1.1133
-0.3447,-7.2595,0.7996,1.2769,1.0474,1.0729
-0.4548,-7.384,0.9074,1.2854,0.9143,1.0723
-0.2537,-7.8389,0.9097,1.3245,0.7347,1.0754
0.0814,-8.7989,0.4572,1.3966,0.654,1.0735
0.1197,-10.0727,-0.0287,1.4821,0.6998,1.0583
0.0837,-10.4773,-0.2059,1.5316,0.8465,1.0357
-0.1604,-10.7454,-1.0271,1.5041,1.1104,1.0088
-0.213,-10.2474,-2.2266,1.4302,1.1824,1.0009
0.055,-9.9721,-2.7006,1.2769,1.169,0.9984
0.9481,-10.7742,-2.114,1.0466,1.0645,0.999
2.4013,-11.8946,-0.4884,0.7815,0.9301,0.996
4.0174,-12.6656,1.4556,0.3972,0.8813,0.9685
4.6926,-12.8787,2.7198,0.1908,0.8801,0.9263
3.8642,-13.379,1.2713,0.1376,0.8086,0.8268
2.3894,-13.9656,-1.7118,0.1877,0.5459,0.6924
1.2737,-13.6209,-3.8786,0.2335,0.282,0.5757
1.1707,-13.7142,-3.4093,0.1908,0.2246,0.4657
1.1707,-13.7142,-3.4093,-0.3485,0.6064,0.156
3.4859,-14.9643,0.0622,-0.3485,0.6064,0.156
4.0222,-14.6576,-0.9816,-0.4041,0.4812,-0.0968
4.1252,-14.5642,-1.0486,-0.53,0.3975,-0.4358
3.1962,-13.9513,-1.2521,-0.861,0.3278,-0.7241
1.6591,-12.7997,-2.205,-1.2269,0.2203,-1.029
0.4764,-12.4501,-2.2505,-1.8305,-0.1437,-1.3124
-1.3192,-12.4836,-0.8307,-2.3289,-0.3599,-1.4144
-3.9839,-12.8499,-0.2011,-2.8189,-0.5254,-1.5482
-7.7024,-13.7549,-0.9337,-3.0492,-0.4014,-1.773
-10.0248,-15.6203,-0.5985,-3.0088,-0.1742,-2.0008
-11.8132,-17.6769,1.0247,-2.858,-0.0251,-2.1163
-12.091,-18.3904,2.3942,-2.7511,-0.0526,-2.0888
-9.9841,-17.3944,3.9815,-2.6924,-0.1003,-1.9275
-6.8812,-15.7209,3.347,-2.5935,0.1305,-1.7137
-4.8988,-14.5809,0.0694,-2.3735,0.6253,-1.5696
-3.0119,-14.6791,-2.2385,-2.1145,1.1427,-1.5354
1.5873,-15.8478,-1.0917,-1.8873,1.7835,-1.5897
2.4253,-16.4224,-0.4716,-1.7254,1.8782,-1.7705
2.296,-16.1111,-1.0223,-1.4511,1.3565,-2.1193
0.9504,-14.78,-0.6488,-1.2642,0.775,-2.3576
-0.6272,-11.8396,0.9624,-1.2868,0.2423,-2.5213
-0.3471,-10.0894,2.6623,-1.4994,-0.0734,-2.4535
-1.063,-9.1174,2.533,-1.6546,-0.1467,-2.2605
-1.7238,-8.3895,2.2361,-1.679,-0.297,-2.1102
-2.9424,-7.3744,2.5498,-1.8085,-0.7942,-1.9984
-3.2465,-6.5316,2.9783,-2.007,-1.4521,-1.9257
-3.7612,-5.4662,2.7054,-2.1439,-2.0563,-1.8225
-3.4021,-4.2808,2.5234,-2.2666,-2.7918,-1.6441
-2.9975,-3.5553,2.4588,-2.3149,-2.9811,-1.5134
-2.8491,-2.8491,2.2409,-2.3204,-3.1357,-1.415
-2.691,-2.138,1.7262,-2.2049,-3.2401,-1.3582
-2.4325,-1.2162,1.4053,-2.0339,-3.3287,-1.3032
-2.4037,-0.4094,1.3455,-1.8568,-3.3214,-1.2098
-2.1787,-0.2873,1.695,-1.577,-3.1894,-0.9899
-1.98,-0.7038,2.521,-1.3265,-2.9567,-0.7816
-2.035,-1.0821,2.9472,-1.0083,-2.6787,-0.5934
-2.0757,-1.2904,2.9759,-0.6362,-2.4142,-0.4456
-1.9416,-1.4939,2.4636,-0.249,-2.209,-0.3417
-1.798,-1.7334,1.5275,0.2952,-1.9769,-0.2519
-1.3575,-2.1499,0.3471,0.6416,-1.807,-0.2287
-1.3,-2.8443,-2.1978,0.9843,-1.6226,-0.2031
-0.8451,-4.2832,-7.0057,1.3184,-1.3929,-0.1908
-0.5817,-6.3305,-13.4509,1.5817,-1.1388,-0.1847
1.3287,-9.0671,-16.1518,1.6373,-0.8895,-0.2067
1.6855,-11.9928,-11.4948,1.2146,-0.3587,-0.2409
4.367,-17.167,-12.1293,0.9855,0.1104,-0.2525
6.7543,-21.5699,-16.6283,0.9354,-0.5059,-0.0381
4.9562,-22.5659,-13.9704,0.4608,-1.3544,0.0442
0.9361,-18.9315,-7.8891,-0.3119,-1.413,-0.2098
-0.632,-13.6424,-5.2196,-0.9618,-0.9091,-0.6423
0.486,-6.6178,-5.8756,-1.0229,-1.1229,-0.7547
0.4237,-2.8131,-7.8508,-1.0089,-1.5969,-0.787
-1.4652,-0.2585,-8.5643,-0.8983,-1.6946,-0.7614
-3.1603,-2.4325,-9.4023,-0.6992,-1.4356,-0.6239
-3.8259,-9.6345,-11.2003,-0.3992,-1.1278,-0.3985
-3.7588,-17.2125,-8.8995,-0.0822,-0.5548,-0.0296
-3.2848,-25.6236,0.0837,-0.1396,0.2967,0.1988
-4.4939,-28.3123,4.4388,-0.3919,1.227,0.31
-4.7668,-18.6801,-2.7317,-0.5855,1.8544,0.1334
-3.8115,-4.5154,6.5077,-0.8959,1.5129,-0.1438
-3.8115,-4.5154,6.5077,-0.2935,0.4592,-0.2092
-8.0927,2.1308,0.0191,-0.2935,0.4592,-0.2092
-3.9121,-0.3327,-0.3782,0.4394,0.02,0.1511
-0.3327,-4.3933,5.7176,0.9507,0.4213,0.539
0.565,-9.2874,12.9002,1.5414,1.4225,0.7229
-2.3678,-15.1415,8.3728,2.3569,2.5838,0.7773
-1.2473,-19.3625,2.2242,3.0814,3.3516,0.8744
0.9624,-18.8788,0.0861,2.8144,3.1439,0.9599
3.6415,-16.9778,0.1747,2.3551,2.6742,0.8982
3.1962,-14.5091,1.3359,2.0215,2.048,0.759
0.3926,-11.976,0.8906,1.8884,1.3651,0.5671
-1.5131,-10.2881,0.3184,1.914,0.9851,0.4926
-2.6001,-9.024,-0.1221,2.1229,1.2985,0.7583
-3.3135,-8.3823,0.3423,2.2366,1.5752,1.0626
-3.0406,-8.198,1.4484,2.2127,1.6864,1.3778
-2.7988,-8.8085,1.5346,2.1681,1.6962,1.6826
-1.9201,-9.431,1.6136,2.2292,1.6491,1.8964
-0.6272,-9.8524,1.1372,2.3661,1.2056,2.0302
0.4764,-10.0128,1.2593,2.429,0.9191,1.9263
0.8283,-9.8165,1.0654,2.3508,0.7615,1.671
0.7062,-9.3735,1.1635,2.217,0.7683,1.3973
0.4046,-8.9187,1.118,2.0466,0.9112,1.2098
-0.723,-8.4015,-0.1125,1.8823,0.9882,1.1139
-1.3694,-8.1166,-0.6895,1.7558,0.8996,1.0852
-2.0422,-7.9682,-0.723,1.7686,1.1177,1.0992
-2.2194,-8.0017,-0.869,1.7906,1.3901,1.1249
-1.5442,-8.1764,-0.711,1.7961,1.4414,1.1731
-0.2082,-8.3656,-0.2513,1.7216,1.3895,1.2366
1.118,-8.5308,-0.0909,1.4925,1.1574,1.3295
1.6687,-8.4542,-0.1484,1.3368,0.9998,1.3319
1.7932,-8.2267,-0.6751,1.228,0.9668,1.2843
0.9433,-8.0759,-1.1133,1.2036,0.9955,1.2208
-0.079,-8.3345,-0.4836,1.2127,0.9546,1.1462
-0.5291,-9.0982,0.6727,1.1938,0.8049,1.1218
-0.4477,-10.1612,1.1779,1.1932,0.4757,1.1566
-0.213,-10.6928,0.6919,1.239,0.3895,1.1835
0.0837,-10.7909,-0.9576,1.3209,0.4909,1.1859
-0.0837,-9.9649,-2.6791,1.3789,0.6956,1.1566
-0.3423,-8.8205,-2.9712,1.316,0.9173,1.0894
-0.4716,-8.8971,-1.8483,1.093,1.0743,1.0283
0.0407,-9.9194,-0.5458,0.5946,1.1262,0.9605
1.8411,-11.0112,0.1101,0.3319,1.0432,0.9453
3.383,-11.5259,0.4046,0.1657,0.9863,0.9251
4.173,-12.577,1.1683,0.101,0.91,0.861
4.8674,-13.9393,1.1683,0.0576,0.7053,0.8378
5.1645,-14.4014,-0.8236,0.0674,0.1989,0.9563
4.9993,-13.0103,-3.3758,0.1999,-0.0178,0.9337
4.5082,-13.8411,-2.308,0.225,0.0303,0.7144
2.861,-15.4647,-1.0055,0.0142,0.191,0.4279
1.6089,-14.8973,-1.1611,-0.1634,0.1861,0.0901
2.94,-14.6456,-0.7422,-0.2887,0.1348,-0.2525
3.8259,-14.5666,-0.3519,-0.7975,-0.0423,-0.5506
2.9352,-13.6257,-1.7549,-1.1707,-0.1986,-0.831
1.391,-12.8858,-2.806,-1.5055,-0.4179,-1.1108
-0.9504,-12.4214,-1.1348,-1.905,-0.5175,-1.288
-4.1898,-12.1436,-1.0199,-2.3784,-0.6385,-1.4517
-8.277,-12.2538,-2.1787,-2.8066,-0.6452,-1.806
-11.0136,-13.5371,-1.446,-2.8384,-0.253,-1.9764
-11.6409,-15.7807,-0.1316,-2.8268,-0.0221,-2.0167
-11.9401,-17.9092,1.1085,-2.7395,-0.0123,-1.9788
-10.8867,-18.1534,2.636,-2.6148,-0.0062,-1.9483
-7.9777,-16.5948,3.4476,-2.5202,0.1379,-1.8817
-5.2028,-14.9787,1.9057,-2.2147,0.6742,-1.7492
-4.0701,-14.4588,-0.7613,-1.963,0.9729,-1.7229
-2.1404,-14.3511,-2.2744,-1.8262,1.1659,-1.7241
0.8738,-15.1175,-2.0829,-1.7737,1.3578,-1.7284
2.4971,-15.2851,-1.1085,-1.6344,1.4995,-1.8005
2.8874,-15.4192,1.4867,-1.4517,1.4152,-1.9966
0.9385,-14.2769,0.4285,-1.23,0.5416,-2.3515
0.5386,-12.2777,1.1611,-1.1579,-0.242,-2.5366
-0.134,-10.4677,1.6112,-1.2013,-0.4931,-2.5164
-1.1133,-9.6178,1.4077,-1.2227,-0.57,-2.437
-2.4779,-8.2315,1.537,-1.3448,-0.7875,-2.3264
-3.0142,-7.7527,2.533,-1.5971,-0.7368,-2.0723
-4.0174,-6.7591,3.0837,-1.6668,-1.0697,-1.9654
-5.3752,-5.6314,2.6671,-1.6649,-1.8437,-1.9129
-4.537,-4.6591,2.6288,-1.5782,-2.3715,-1.8652
-3.3518,-4.1419,2.284,-1.715,-2.9512,-1.7559
-2.8227,-3.4021,1.8339,-1.8958,-3.3593,-1.6105
-2.6743,-2.4301,1.3982,-1.7633,-3.3073,-1.5225
-2.7676,-1.2665,1.4341,-1.6094,-3.2261,-1.4474
-2.9735,-0.1987,1.1348,-1.4786,-3.1784,-1.3228
-2.3271,-0.0071,1.5466,-1.3009,-3.1033,-1.1352
-2.0925,-0.2274,1.8315,-1.04,-2.8602,-0.9147
-2.2601,-0.6584,2.2697,-0.5275,-2.4258,-0.6582
-2.2457,-1.0773,2.3032,-0.1793,-2.1308,-0.5396
-1.9369,-1.5011,1.9153,0.1645,-1.8944,-0.4309
-1.47,-1.8698,1.2545,0.465,-1.7753,-0.3356
-1.142,-2.4109,0.1316,0.7344,-1.702,-0.2605
-0.8571,-3.2585,-1.7453,0.9959,-1.6592,-0.2306
-0.5123,-4.7668,-5.6937,1.371,-1.6781,-0.1982
-0.0215,-6.6873,-11.1596,1.5444,-1.6678,-0.1945
1.4149,-9.783,-15.0026,1.553,-1.5804,-0.189
1.0917,-13.9728,-13.0415,1.3196,-1.3165,-0.2012
2.2242,-19.1733,-13.1157,1.0435,-0.6916,-0.1945
6.3808,-23.6074,-16.8533,0.8633,-0.3318,-0.0204
6.3569,-24.1078,-13.9345,-0.0394,-1.3898,0.1426
2.2074,-18.8573,-7.2978,-0.8305,-1.6079,-0.2318
-0.1604,-11.9569,-3.608,-1.175,-1.0459,-0.6637
-0.2537,-6.6466,-4.1778,-1.1653,-0.8999,-0.8671
-0.0047,-2.5163,-7.688,-1.0755,-1.4955,-0.8842
-1.8315,-1.1707,-10.0056,-0.9319,-1.8785,-0.7852
-4.4747,-7.6114,-11.5595,-0.7847,-1.3507,-0.6026
-4.7189,-14.5115,-12.8332,-0.5807,-0.724,-0.3582
-4.6543,-24.0168,-6.8405,-0.4408,-0.333,-0.0296
-2.5043,-30.3378,3.9504,-0.533,0.2692,0.3026
-2.3918,-23.3297,1.4676,-0.8788,1.2692,0.4902
-2.545,-6.1342,5.9115,-1.1824,1.7426,0.029
-6.7806,4.9778,10.4438,-1.4591,1.0609,-0.3765
-10.1708,6.4574,0.9672,-0.6533,0.8599,-0.4529
-6.9578,3.2273,-3.4356,0.4064,0.2948,-0.0888
-2.7174,-1.7142,-1.1899,0.6905,0.3174,0.4205
0.7206,-6.6944,10.2283,0.9977,0.9692,0.718
-0.2418,-12.1365,13.5634,1.6623,2.439,0.8457
-2.5833,-18.9004,5.0137,2.4198,3.4432,0.9428
0.2729,-21.8452,0.8451,2.735,3.4976,1.0204
4.2664,-20.6817,0.8283,2.4497,2.9271,1.0589
6.0097,-17.8781,1.0606,2.1101,2.2563,0.9459
3.6367,-13.64,0.7015,1.9397,1.3028,0.6044
3.6367,-13.64,0.7015,2.0954,0.6638,0.3992
-1.537,-9.0839,-0.4644,2.0954,0.6638,0.3992
-3.213,-7.8628,-0.304,2.2005,0.9808,0.5641
-4.355,-7.6042,0.6847,2.25,1.3687,0.8255
-4.8123,-7.9251,0.9648,2.1865,1.6241,1.1578
-4.3454,-8.6433,1.5107,2.1309,1.8416,1.7052
-3.0909,-9.5028,1.2162,2.1419,1.6962,2.032
-1.3766,-10.2666,1.1324,2.2243,1.3993,2.2189
0.2657,-10.5611,1.7022,2.2488,1.1678,2.1438
0.9097,-10.1373,1.6496,2.2152,1.0865,1.8121
0.2561,-9.1341,1.6304,2.1266,1.2863,1.1517
0.3926,-8.5021,1.3862,2.0252,1.4097,0.941
-0.2466,-7.9945,0.4309,1.9177,1.3804,0.988
-0.2466,-7.9945,0.4309,1.8444,1.5832,1.0424
-1.7717,-7.4917,-0.0622,1.8444,1.5832,1.0424
-2.2457,-7.4342,0.043,1.8425,1.7573,1.0748
-1.9249,-7.6354,0.2609,1.7851,1.7298,1.1713
-1.0223,-7.9083,0.8092,1.6917,1.5667,1.269
0.043,-8.2626,0.9289,1.5616,1.3382,1.3613
0.8954,-8.3297,0.2968,1.4546,1.0975,1.4236
1.2114,-8.6026,-0.565,1.3716,0.943,1.4388
0.2681,-8.6744,-0.6344,1.2842,0.9582,1.3808
-0.3782,-8.8013,-0.2226,1.2372,0.9485,1.3271
-0.4501,-9.2299,0.1268,1.2323,0.7964,1.3185
0.2873,-9.917,0.3734,1.2567,0.5984,1.3203
1.0678,-10.3456,0.1747,1.3117,0.5392,1.3271
1.7549,-10.9154,-0.486,1.3917,0.629,1.299
1.9488,-10.755,-1.4915,1.4247,0.8513,1.1847
1.9584,-10.2618,-2.1523,1.3001,0.9393,1.0735
1.5203,-10.4342,-2.0039,1.0631,0.9216,0.9636
1.2856,-11.1716,-1.5993,0.7705,0.8294,0.8591
1.8004,-11.6145,-0.6679,0.498,0.7078,0.795
2.3439,-11.8468,0.2202,0.2629,0.684,0.7571
2.4157,-12.6536,1.0654,0.0112,0.8232,0.7119
2.2098,-13.4557,0.2585,-0.0559,0.7005,0.6838
2.6072,-13.7286,-2.0231,-0.0352,0.4097,0.6991
3.45,-13.5155,-2.9831,0.0032,0.2277,0.6856
3.845,-14.3295,-2.4349,-0.0229,0.1941,0.5879
3.1962,-15.7879,-1.8004,-0.2123,0.3993,0.2428
2.5282,-14.636,-1.8171,-0.3595,0.4085,-0.0668
2.4181,-13.4581,-2.3558,-0.5306,0.293,-0.3613
2.9137,-14.0805,-2.4277,-0.7957,0.2197,-0.5977
2.4779,-13.8579,-2.1619,-1.1885,0.1061,-0.7748
1.3144,-12.4094,-3.2082,-1.6301,-0.2157,-0.9697
0.4141,-11.332,-2.3774,-2.2703,-0.6556,-1.1615
-1.8243,-11.3344,-1.4796,-2.6887,-0.7814,-1.2318
-4.9084,-11.6049,-1.1204,-3.029,-0.7447,-1.3545
-8.198,-13.2785,0.7038,-3.2373,-0.3208,-1.528
-9.0886,-15.3737,1.5418,-3.2752,-0.0019,-1.6618
-9.6513,-17.7583,2.3798,-2.996,-0.1516,-1.7321
-8.3488,-18.4862,3.2178,-2.7621,-0.2701,-1.7021
-5.6865,-17.7009,3.7708,-2.5098,0.0676,-1.6533
-4.0964,-16.2308,2.296,-2.1897,0.7634,-1.6966
-3.8881,-15.1702,-0.6177,-1.8525,1.3663,-1.8451
-3.359,-14.6839,-1.7573,-1.6448,1.6522,-1.999
-1.731,-15.4862,-2.0829,-1.5758,1.6846,-2.0876
-0.3375,-15.922,-1.3,-1.4395,1.5337,-2.112
1.4508,-15.7041,2.2912,-1.2276,1.3333,-2.1896
1.482,-14.9595,0.4596,-0.96,1.081,-2.3124
1.379,-12.8475,0.0598,-0.668,0.0847,-2.4883
1.1516,-11.071,0.9576,-0.759,-0.8516,-2.5946
-0.7781,-9.2179,0.4979,-0.9154,-1.0954,-2.5799
-2.4325,-7.3409,1.0582,-1.084,-1.2615,-2.4865
-2.9496,-6.194,1.5873,-1.3253,-1.2377,-2.2379
-3.7708,-5.3776,2.0111,-1.5159,-1.2683,-1.9501
-4.683,-4.6902,2.217,-1.5703,-1.6018,-1.754
-3.5601,-4.4699,2.3606,-1.4426,-2.402,-1.5598
-2.6216,-4.2832,2.0853,-1.5312,-2.972,-1.423
-1.956,-4.0797,1.8004,-1.5367,-3.0996,-1.3539
-1.9297,-3.5098,1.6591,-1.4615,-3.0734,-1.3271
-2.229,-2.5067,1.5729,-1.3729,-3.0019,-1.3075
-2.3774,-1.561,1.6041,-1.2954,-2.9298,-1.2446
-2.7629,-1.0151,1.6855,-1.1378,-2.8083,-1.0265
-3.1675,-0.8595,2.0614,-0.9441,-2.7411,-0.8457
-3.3303,-1.0271,2.2673,-0.6729,-2.6244,-0.6753
-3.3159,-1.367,2.2888,-0.3424,-2.4546,-0.5219
-2.9712,-1.7094,1.8722,0.0081,-2.2915,-0.3924
-2.9161,-2.0111,0.7733,0.5005,-2.0471,-0.2348
-1.6376,-2.6695,0.1915,0.798,-1.8962,-0.1548
-1.1516,-3.3997,-1.0271,1.0625,-1.7435,-0.065
-1.0438,-4.2042,-2.8682,1.3178,-1.658,-0.0442
-1.2952,-5.4949,-5.8589,1.5487,-1.5322,0.0155
-1.5562,-7.882,-10.7502,1.7124,-1.402,0.0907
-1.2473,-11.2817,-13.3264,1.6312,-1.1534,0.244
2.0422,-16.2524,-15.0194,1.3264,-0.8791,0.3362
6.4407,-21.771,-15.764,0.9458,-0.5065,0.4273
9.4047,-26.0905,-16.3793,0.3942,-0.4247,0.3045
7.0799,-23.9114,-11.66,-0.4689,-1.3715,0.0088
2.9113,-18.0696,-5.6841,-1.5324,-1.4711,-0.5629
0.4812,-10.2666,-3.347,-1.5977,-0.625,-0.8842
-0.2489,-3.8163,-4.7955,-1.4157,-0.7472,-1.0882
-1.0558,1.0127,-6.3928,-1.2105,-1.3446,-1.1505
-2.0135,1.3335,-7.4079,-1.0394,-1.603,-1.0009
-2.5163,-5.7392,-9.7135,-0.8171,-1.3513,-0.6924
-1.2808,-14.49,-12.7446,-0.3815,-0.9207,-0.1408
-0.3998,-24.3256,-3.6822,-0.3052,-0.7093,0.1481
-0.0885,-28.2836,3.8402,-0.5904,0.0804,0.2813
-1.2282,-22.2427,1.2354,-0.8128,1.1421,0.2672
-3.8929,-7.202,6.3784,-0.8788,1.3272,-0.0363
-7.9825,1.5753,6.7327,-1.0913,0.8984,-0.415
-13.5921,4.1323,-0.2154,-0.3216,0.5679,-0.5934
-11.2698,1.8195,-2.2026,0.3056,0.1867,-0.31
-6.2132,-1.8938,1.1252,0.7222,0.07,0.2996
-0.7829,-6.5484,10.8867,1.2121,0.4824,0.7614
-1.9512,-13.7885,11.8492,1.8389,1.8739,1.0845
-1.7405,-20.1166,6.0743,2.8053,3.4878,1.3203
0.8427,-21.613,2.3008,2.8688,3.4933,1.4706
4.8865,-19.8269,1.1875,2.5609,3.0028,1.4468
5.8948,-16.5732,1.8746,2.1901,2.2569,1.2446
3.9264,-13.2522,1.5083,1.9556,1.5428,0.875
0.5985,-10.2714,0.5458,1.9006,0.9546,0.5739
-1.6136,-8.2674,0.3687,2.0722,0.8055,0.5262
-2.7533,-7.6378,0.4764,2.1944,1.1641,0.7192
-3.6511,-7.6234,1.1587,2.2195,1.4781,0.9819
-4.027,-8.2004,1.5658,2.151,1.6638,1.2715
-3.6152,-9.2155,1.6831,2.159,1.6699,1.5653
-2.3391,-9.8021,1.0845,2.3343,1.3504,1.9202
-0.6727,-10.5467,1.3072,2.4216,1.1207,1.9752
0.3064,-10.5874,1.2761,2.3893,0.9729,1.7968
0.62,-10.1995,1.2186,2.308,0.9723,1.5183
0.5482,-9.6896,1.3766,2.1663,1.1177,1.2592
-0.1723,-9.012,0.6033,1.983,1.2282,1.0894
-0.79,-8.4973,0.0383,1.8151,1.191,1.0332
-1.5442,-8.3369,-0.2154,1.7973,1.406,1.0497
-1.9608,-8.4111,-0.4788,1.8126,1.5966,1.0693
-1.7908,-8.6457,-0.0359,1.7955,1.6394,1.1163
-0.8355,-8.8349,0.2442,1.6862,1.5221,1.1866
0.6177,-8.8947,0.0454,1.5414,1.2887,1.2574
1.5873,-8.8708,-0.5123,1.3392,1.0132,1.3026
1.5251,-8.5045,-0.9959,1.2408,1.0218,1.2629
0.869,-8.107,-1.0342,1.1657,1.1036,1.1829
0.0718,-7.7718,-0.3375,1.1431,1.133,1.1157
0.0119,-8.0974,0.7062,1.137,0.9692,1.0839
0.5027,-9.2634,1.4676,1.1407,0.6039,1.1084
0.9361,-10.4054,1.4963,1.1889,0.4934,1.1365
1.1013,-11.0375,0.656,1.2757,0.5416,1.1414
0.6847,-11.004,-0.9241,1.3636,0.6724,1.1163
-0.0718,-9.7734,-2.7676,1.3862,0.7921,1.0589
-0.7445,-8.8468,-3.4476,1.3087,0.8648,0.9923
-0.9169,-9.3281,-2.6479,0.9507,0.8739,0.9392
0.3734,-10.4701,-1.6232,0.6404,0.7756,0.9447
2.9376,-11.9952,-0.2944,0.3924,0.64,0.9813
5.0329,-12.5147,1.4867,0.1676,0.5862,1.0235
5.4925,-13.2522,2.545,-0.0058,0.5716,1.007
5.0664,-14.3056,1.4197,-0.0413,0.3865,0.8402
5.0664,-14.3056,1.4197,0.1773,-0.0997,0.627
3.4213,-13.7765,-4.4747,0.1773,-0.0997,0.627
2.2242,-14.2529,-3.7684,0.1352,-0.0899,0.4022
1.1587,-14.6719,-2.2673,-0.081,0.1366,0.1426
1.5634,-13.4557,-1.7214,-0.3094,0.2857,-0.1114
3.189,-12.4645,-1.865,-0.6356,0.0988,-0.4266
3.8618,-12.8475,-1.1707,-0.9631,0.078,-0.6166
2.8203,-12.5746,-1.3718,-1.3613,0.0236,-0.8799
1.7645,-11.7725,-2.3726,-1.7437,-0.209,-1.1414
-0.0526,-11.9593,-1.1707,-2.1292,-0.413,-1.2977
-3.8738,-12.4932,-0.9504,-2.5977,-0.5774,-1.4504
-7.6449,-13.3886,-1.4053,-2.9728,-0.2903,-1.8756
-10.8771,-14.8805,-0.6512,-2.8958,0.0206,-2.1762
-12.2059,-17.3082,0.8667,-2.7706,-0.0343,-2.3277
-12.8188,-19.3577,2.8754,-2.6387,-0.2536,-2.335
-11.2937,-18.8429,3.9264,-2.5446,-0.3923,-2.2672
-8.3847,-17.1119,2.5689,-2.3742,-0.0349,-1.9978
-6.2611,-15.9076,-0.2322,-2.1494,0.6253,-1.8451
-5.6266,-14.6719,-2.9137,-1.9618,1.3144,-1.7883
-1.9081,-15.1678,-2.9855,-1.8604,1.7579,-1.7571
1.6184,-16.0537,-1.7741,-1.7859,2.0407,-1.6789
2.0039,-15.685,0.0119,-1.6478,1.8202,-1.7895
1.3694,-14.6887,-0.0981,-1.3962,0.899,-2.1981
0.5961,-12.9122,0.5889,-1.3455,0.2057,-2.3594
0.474,-11.2937,1.3742,-1.4505,-0.1632,-2.3759
-0.1053,-10.4222,1.8267,-1.533,-0.1504,-2.324
-1.9057,-9.5986,1.8986,-1.5391,-0.0288,-2.2715
-2.6288,-8.9785,2.2577,-1.6063,-0.344,-2.1597
-3.1292,-8.5188,3.0621,-1.7016,-0.7423,-2.0717
-4.1563,-7.7551,3.0909,-1.7224,-1.399,-2.0326
-4.1874,-6.3497,3.0119,-1.7468,-2.1876,-1.9905
-4.1874,-6.3497,3.0119,-2.0241,-3.077,-1.7272
-3.6535,-4.2928,2.4923,-2.0241,-3.077,-1.7272
-3.5889,-3.1483,2.2098,-2.0889,-3.3147,-1.5757
-3.711,-1.7094,2.1499,-2.0449,-3.4509,-1.5018
-3.6367,-0.2609,1.9057,-1.9191,-3.5107,-1.3918
-3.213,0.8762,1.6759,-1.701,-3.5126,-1.1994
-2.9688,1.391,1.8148,-1.3583,-3.2652,-0.9593
-2.4779,1.051,1.8674,-0.9295,-2.8681,-0.718
-1.7166,0.2298,1.7094,-0.2563,-2.1827,-0.3643
-1.2354,-0.4094,1.3623,0.1285,-1.8266,-0.2012
-0.9672,-0.7685,1.0678,0.44,-1.636,-0.0949
-0.984,-1.1923,0.1005,0.7131,-1.5706,-0.0204
-0.8283,-2.1332,-2.5498,0.9867,-1.5731,0.0241
-0.2729,-4.0677,-5.7966,1.3398,-1.5236,0.1279
1.1468,-6.3209,-9.6824,1.4198,-1.435,0.1707
2.8323,-9.8093,-13.6903,1.3563,-1.2786,0.1609
3.3039,-12.3974,-13.8148,1.1217,-0.9427,0.1047
4.4508,-16.5421,-14.9068,0.8029,-0.589,0.0711
4.5178,-19.4941,-14.8063,0.4986,-0.5658,0.0833
2.703,-20.1334,-12.7925,-0.1897,-1.1149,0.0253
1.2234,-18.048,-8.5021,-0.6051,-1.5712,-0.1316
0.4955,-13.6352,-5.1574,-0.8122,-1.5694,-0.3289
0.3327,-9.5579,-5.2795,-0.8873,-1.3232,-0.5726
-0.881,-4.7931,-7.0991,-0.9453,-1.319,-0.7266
-2.6216,-2.2026,-7.9251,-1.0437,-1.4228,-0.7235
-3.7924,-5.0353,-10.6018,-0.9808,-1.2768,-0.5262
-4.434,-11.7294,-12.565,-0.8317,-0.994,-0.2507
-5.1214,-18.0768,-7.6114,-0.77,-0.5016,-0.0632
-5.4854,-23.0447,1.3263,-0.8183,0.4628,0.0693
-5.131,-22.7407,1.7501,-0.9093,1.2154,0.2348
-3.9767,-12.5004,0.6177,-0.8238,1.0694,0.0381
-4.4388,-1.7693,6.0839,-0.9545,0.4335,-0.2415
-6.1366,0.1891,3.8474,-0.6442,0.497,-0.2098
-6.1486,0.1029,0.5123,0.1107,0.6174,0.021
-2.5617,-3.3183,2.1428,0.6843,0.7725,0.3839
-0.1699,-7.0967,8.7558,1.1138,1.023,0.6765
-0.3926,-11.569,10.7167,1.9366,2.1861,0.8512
-2.1045,-16.3769,5.1981,2.4742,2.8134,0.9275
-1.4796,-18.9698,1.4173,2.6959,2.9869,0.9954
1.3024,-18.2492,1.1276,2.5591,2.745,1.0186
3.6367,-16.6522,1.616,2.3538,2.3645,0.9257
3.7565,-14.545,1.7094,2.2952,1.7744,0.5897
2.1092,-12.4788,0.9457,2.3245,1.3822,0.3539
-0.5291,-10.1325,-0.3256,2.3624,1.1134,0.2617
-2.3894,-8.1741,-0.474,2.3496,1.1427,0.3662
-3.2848,-7.2978,0.3447,2.3086,1.5209,0.6258
-3.6367,-7.5563,0.6607,2.2488,1.8263,0.9685
-3.6415,-8.4494,0.7326,2.2335,2.0175,1.4914
-2.6431,-9.3089,1.1994,2.2634,1.9204,1.798
-1.4652,-9.7758,1.0941,2.3025,1.6479,2.0167
-0.3519,-10.2331,1.3287,2.3545,1.3694,2.0326
0.2849,-9.8931,0.9121,2.294,1.1598,1.8292
0.3591,-9.2131,0.8379,2.1492,1.2166,1.3985
0.0502,-8.3847,1.2665,1.9708,1.3859,1.178
-0.4525,-8.0017,0.7493,1.7925,1.3999,1.0754
-0.7302,-8.2986,-0.3136,1.7216,1.238,1.0784
-0.8786,-8.4087,-0.1364,1.7192,1.2429,1.1383
-0.8116,-8.6649,0.0742,1.7534,1.5062,1.1921
-0.3854,-8.8779,0.304,1.7827,1.6516,1.2183
0.3782,-8.9115,0.5482,1.7265,1.5654,1.2073
1.0582,-8.605,0.565,1.6281,1.4176,1.1921
1.5011,-8.3081,-0.0909,1.5194,1.2728,1.1713
1.2162,-8.0017,-0.7517,1.4284,1.1904,1.1316
0.1771,-7.7958,-0.6224,1.3374,1.2026,1.0558
-0.6392,-7.8293,0.0574,1.2891,1.1061,1.0149
-0.4046,-8.7175,0.3375,1.2518,0.8849,1.018
0.304,-10.0463,0.6009,1.258,0.6088,1.0717
1.2449,-10.8939,0.6153,1.2891,0.4262,1.123
1.9728,-11.3631,0.4261,1.3496,0.4744,1.1603
1.9512,-11.1453,-0.3974,1.4156,0.7988,1.1212
1.1827,-10.3384,-1.7094,1.3801,0.9796,1.0155
-0.5841,-9.7327,-2.7198,1.2335,1.0633,0.8817
-1.968,-9.8261,-2.9831,0.9788,1.0645,0.7583
-1.0366,-10.7981,-2.3463,0.6892,0.9863,0.7082
1.1587,-11.6002,-0.7637,0.4058,0.8935,0.7431
1.1587,-11.6002,-0.7637,-0.0871,0.8385,0.7993
3.3686,-13.0558,1.482,-0.0871,0.8385,0.7993
3.6655,-13.8387,0.2968,-0.073,0.5734,0.7883
3.6367,-13.9944,-1.5155,-0.0046,0.2716,0.7962
2.5881,-12.7589,-3.0334,0.0527,0.122,0.7272
2.4492,-13.0439,-2.9807,0.1089,0.3853,0.4725
2.7581,-15.0529,-1.0678,-0.0663,0.5807,0.3045
2.7126,-14.9547,-1.0654,-0.3223,0.5038,0.1072
3.2537,-13.8603,-2.2888,-0.4689,0.246,-0.145
3.8786,-13.3886,-2.1691,-0.6595,0.2179,-0.3772
3.1675,-12.9074,-2.1284,-1.0516,0.1128,-0.5537
1.865,-12.0383,-2.9041,-1.6955,-0.2469,-0.8903
1.0199,-11.7031,-1.9057,-2.1158,-0.4912,-1.0314
-0.5339,-12.1628,-0.7757,-2.5489,-0.6727,-1.1334
-3.6655,-12.6416,-0.4333,-2.916,-0.8407,-1.2843
-7.3002,-13.324,0.0981,-3.0614,-0.5609,-1.5225
-9.285,-14.8685,1.4317,-2.9123,-0.0875,-1.8652
-10.4054,-16.8246,2.4109,-2.6924,-0.1656,-1.9617
-9.8763,-18.1294,3.2489,-2.4658,-0.333,-1.974
-7.4989,-17.3202,3.6727,-2.3088,-0.1834,-1.8933
-4.8722,-15.3785,2.1859,-2.1695,0.2338,-1.8096
-3.7301,-14.5043,-0.067,-1.985,0.7279,-1.7699
-1.458,-14.6576,-1.8698,-1.7211,1.2606,-1.7693
0.5003,-15.4886,-2.2218,-1.6167,1.3871,-1.8109
2.0614,-15.4743,-0.5482,-1.4603,1.3199,-1.944
2.7772,-15.254,0.1197,-1.2691,1.194,-2.1132
1.6759,-14.3966,0.2346,-1.0345,0.7249,-2.3185
0.1412,-12.51,1.2449,-0.9258,0.0829,-2.5445
-1.1252,-10.6712,2.0063,-0.9722,-0.5169,-2.6612
-1.7717,-9.6106,1.9919,-1.0516,-0.7008,-2.5738
-2.2409,-9.1844,1.9201,-1.1836,-0.746,-2.3997
-3.0693,-8.8588,1.9991,-1.3003,-0.7961,-2.2085
-3.8881,-8.1166,2.8251,-1.4218,-1.1369,-2.0778
-3.4811,-7.1134,2.6192,-1.6429,-2.1571,-1.941
-3.4811,-7.1134,2.6192,-1.8128,-3.2267,-1.8506
-2.9233,-5.1286,1.81,-1.8128,-3.2267,-1.8506
-2.5378,-3.8642,1.1156,-1.8384,-3.4594,-1.7883
-2.557,-2.9352,0.6991,-1.7828,-3.4833,-1.7058
-2.3535,-2.1116,0.7469,-1.6533,-3.347,-1.6215
-2.6144,-1.707,1.1899,-1.4359,-3.1015,-1.4419
-2.7653,-1.5873,1.6543,-1.2923,-3.0508,-1.2977
-2.8969,-1.7477,2.0542,-1.1115,-2.9659,-1.1029
-3.213,-1.6615,2.3367,-0.8604,-2.7911,-0.8988
-2.8921,-2.047,2.4468,-0.569,-2.5633,-0.7101
-3.1627,-2.1619,2.1188,-0.128,-2.2518,-0.4608
-3.0166,-2.1068,1.4221,0.1517,-2.088,-0.3332
-2.8179,-1.968,0.7589,0.404,-1.9811,-0.1951
-2.3774,-2.1475,-0.1963,0.6483,-1.881,-0.0797
-1.9752,-3.292,-2.0757,0.9018,-1.7148,0.0345
-2.0949,-4.5154,-4.9371,1.1761,-1.5517,0.1493
-1.8243,-6.2371,-9.2658,1.5023,-1.2982,0.2464
0,-8.5715,-13.063,1.5487,-1.1278,0.3039
4.3526,-13.1588,-14.2817,1.3997,-0.9445,0.3558
6.6537,-17.1406,-14.32,1.1217,-0.705,0.3411
8.629,-21.5172,-15.3689,0.7558,-0.548,0.2037
7.202,-22.0942,-13.7142,0.1883,-1.0966,0.0705
3.189,-19.3936,-8.6218,-0.7468,-1.5401,-0.266
0.8762,-14.3295,-4.5681,-1.0565,-1.0123,-0.55
0.6344,-9.4214,-4.2544,-1.1011,-0.8028,-0.7767
-0.067,-3.9935,-5.9498,-0.9857,-0.8468,-0.9508
-1.1994,-0.6991,-6.8118,-0.9014,-1.143,-0.9789
-1.9823,-2.3032,-8.9258,-0.7639,-1.2707,-0.5781
-2.1954,-6.783,-10.0463,-0.6014,-1.1119,-0.2764
-2.5953,-12.3543,-7.858,-0.5049,-0.8492,-0.0956
-3.5793,-19.7647,-0.225,-0.4273,-0.2817,0.0558
-6.692,-26.5023,3.7421,-0.373,0.7121,0.2098
-8.1741,-26.2581,-3.5386,-0.3638,1.5068,0.2293
-3.7469,-10.8268,4.2425,-0.8122,1.0041,-0.0265
-5.4925,-0.4644,4.7764,-1.1604,0.7041,-0.1163
-8.186,0.9648,1.4221,-0.5452,0.4616,-0.2073
-6.3185,0.3399,-0.8379,0.2812,0.3675,0.0534
-1.3982,-2.5139,5.4949,0.8865,0.6064,0.5513
-0.0646,-6.8572,10.8651,1.6507,1.6522,1.0277
-1.2832,-12.723,8.8157,2.3874,2.6992,1.0845
-1.4772,-18.2635,4.173,2.8352,3.1916,1.1572
1.1061,-19.8557,1.7477,2.8138,3.1684,1.1872
4.1156,-18.6011,1.8291,2.5426,2.7762,1.1035
5.471,-16.1734,1.7262,2.3019,2.202,0.908
3.4045,-13.1468,0.7517,2.1461,1.2869,0.4627
0.5267,-10.5299,-0.043,2.0997,0.932,0.2825
-1.7094,-8.4733,-0.3232,2.1138,1.0499,0.3338
-3.3686,-7.6114,-0.6105,2.1681,1.4408,0.5641
-4.3813,-7.3792,0.3112,2.1645,1.6662,0.8915
-4.3813,-7.3792,0.3112,2.0875,1.7676,1.8127
-3.6894,-8.8109,0.9217,2.0875,1.7676,1.8127
-2.6575,-9.2491,0.972,2.1529,1.4512,2.0864
-1.039,-9.862,1.154,2.2188,1.1635,2.123
0.3615,-10.2618,0.8954,2.2298,1.0804,1.9086
0.0646,-9.9769,1.9009,2.2072,1.2368,1.5189
0.8355,-9.6465,1.7956,1.9042,1.4378,1.043
1.0582,-9.261,0.802,1.7558,1.2875,1.0772
0.5817,-8.8253,-0.0071,1.6593,1.1611,1.0919
0.0598,-8.1932,-0.0574,1.6953,1.3333,1.0742
-0.3256,-8.0639,-0.2729,1.7509,1.5771,1.0534
-0.4405,-8.2459,-0.3256,1.776,1.6552,1.0424
-0.1723,-8.4709,0.2178,1.7094,1.5771,1.065
0.3926,-8.3752,0.79,1.5921,1.4359,1.1023
1.0151,-8.1381,0.7398,1.4601,1.205,1.1475
1.3982,-7.9729,0.2322,1.3716,0.9888,1.1719
0.9026,-7.9634,-0.4812,1.3392,0.8965,1.1493
-0.4788,-7.9322,-0.3423,1.3594,0.811,1.0479
-0.984,-8.119,0.1268,1.3526,0.6754,1.0088
-1.2569,-8.8875,0.3232,1.3392,0.5105,1.0143
-1.1755,-9.9936,0.0119,1.3514,0.373,1.0393
-0.7637,-10.4533,-0.3711,1.3777,0.3975,1.0827
-0.5482,-10.6329,-1.446,1.4046,0.5826,1.1175
-0.5817,-10.6832,-2.6599,1.4241,0.9326,1.0913
-0.5363,-10.3097,-2.703,1.3019,1.0749,1.0564
-0.0933,-10.4246,-1.3551,1.0222,1.1708,1.032
0.3806,-11.1979,-0.2633,0.6825,1.1855,1.0155
1.1276,-11.5882,-0.9744,0.4516,1.0835,0.9556
2.3343,-11.7031,-1.1923,0.3545,0.9637,0.8646
3.5027,-11.9593,-0.2777,0.2018,0.8825,0.7516
4.4196,-12.7063,0.5793,0.0967,0.7542,0.7046
4.6016,-13.7932,0.3615,0.0753,0.541,0.693
3.4715,-14.0686,-0.7565,0.1095,0.3627,0.6569
2.636,-13.3647,-2.442,0.1694,0.3657,0.5378
2.7485,-15.1032,-1.3599,0.09,0.5172,0.31
2.1739,-16.2356,-0.328,-0.1549,0.5056,0.1334
1.8914,-14.308,-1.3048,-0.3174,0.3798,-0.1267
2.5713,-12.6153,-2.2553,-0.4731,0.1434,-0.379
2.9065,-12.4621,-1.8124,-0.7957,0.1024,-0.5732
2.2625,-12.4333,-1.877,-1.2624,0.0187,-0.7431
0.9864,-11.9832,-2.1356,-1.9704,-0.3556,-0.999
0.0933,-11.8707,-1.051,-2.3742,-0.581,-1.1163
-1.4006,-12.7661,-0.3423,-2.7468,-0.768,-1.2159
-4.8506,-13.573,-0.0383,-3.0229,-0.8083,-1.3826
-8.5547,-14.4229,0.2059,-3.0999,-0.4699,-1.6661
-10.506,-16.4128,1.6065,-2.9068,0.0597,-2.0063
-11.7318,-18.1845,2.8778,-2.69,0.0981,-2.0686
-10.5874,-18.2851,4.1922,-2.514,0.0878,-2.0265
-8.1357,-16.4224,3.4739,-2.3815,0.2845,-1.9349
-6.0887,-14.5498,0.7374,-2.1775,0.6687,-1.8487
-4.3981,-14.1524,-0.9624,-1.9447,1.158,-1.7974
-0.043,-15.2995,-1.1061,-1.6484,1.7774,-1.7388
1.6184,-15.4647,-1.0486,-1.4603,1.8409,-1.8139
3.4069,-15.4455,-1.0582,-1.2013,1.5074,-2.0357
3.0765,-14.8542,-1.7597,-0.9857,1.037,-2.2177
0.8978,-12.7566,-0.1867,-0.946,0.3865,-2.4541
-0.4644,-11.1453,1.9225,-1.2691,-0.2683,-2.6056
-1.1971,-9.4334,1.6448,-1.5244,-0.5383,-2.4553
-1.0797,-8.8468,1.4724,-1.6136,-0.4332,-2.2293
-2.0135,-8.8636,2.2481,-1.6637,-0.3245,-2.0222
-2.6503,-8.0783,2.4013,-1.7492,-0.8761,-1.9049
-2.6503,-8.0783,2.4013,-1.996,-2.6977,-1.707
-2.6839,-6.1222,2.5713,-1.996,-2.6977,-1.707
-2.6958,-4.8314,2.3008,-2.1011,-3.1143,-1.6563
-2.6958,-4.8314,2.3008,-2.0791,-3.2866,-1.4486
-2.4756,-2.8371,1.7573,-2.0791,-3.2866,-1.4486
-2.3199,-2.3367,1.5729,-1.9881,-3.2817,-1.3332
-2.545,-1.628,1.3263,-1.8097,-3.2078,-1.2562
-2.5163,-1.2425,1.3311,-1.5507,-3.2359,-1.1688
-2.4157,-0.9169,1.7741,-1.3613,-3.1375,-0.9954
-2.2337,-0.7996,2.1715,-1.1213,-2.9445,-0.7877
-2.2481,-1.0199,2.4492,-0.8177,-2.6653,-0.5818
-2.2744,-1.3215,2.296,-0.4774,-2.3654,-0.4114
-2.1835,-1.7525,1.7501,0.0289,-2.0129,-0.2391
-2.0422,-2.205,0.9648,0.3423,-1.8437,-0.175
-1.7453,-2.7341,-0.0454,0.6538,-1.6867,-0.1365
-1.6136,-3.5051,-2.1811,0.9635,-1.5218,-0.1139
-1.5394,-4.501,-5.7966,1.2879,-1.3562,-0.0949
-1.98,-5.8397,-10.6161,1.597,-1.1925,-0.0748
-0.577,-8.131,-14.1165,1.8242,-1.0661,-0.0192
3.1196,-11.6935,-12.5698,1.6495,-0.9903,0.0736
7.6928,-18.3593,-13.8555,1.3251,-0.7612,0.131
8.7822,-22.688,-17.1837,1.0619,-0.8651,0.1432
5.9283,-24.9101,-14.399,0.4736,-1.5871,0.0949
0.8403,-22.4534,-8.2722,-0.8305,-1.1656,-0.2489
-1.6543,-15.6754,-4.4316,-1.3125,-0.8694,-0.5574
0.2226,-7.6593,-5.4734,-1.4041,-1.3629,-0.7742
0.8451,-1.8483,-8.775,-1.3369,-2.0178,-0.9459
-2.1332,-1.0366,-11.1022,-1.2251,-2.016,-1.0241
-1.9177,-7.4558,-11.5834,-1.1488,-1.3489,-0.8591
0.0718,-15.5174,-6.7974,-1.1255,-0.6867,-0.2929
-3.45,-18.4958,3.2106,-1.1286,-0.154,-0.0882
-6.8668,-18.06,4.774,-0.9979,0.8562,-0.0711
-6.8668,-18.06,4.774,-0.7102,0.4702,0.1505
-5.2005,-6.625,1.7717,-0.7102,0.4702,0.1505
-4.8219,-2.7964,2.1116,-0.8476,0.2063,0.186
-4.2377,-1.9249,0.3064,-0.2703,-0.1021,0.2324
-0.6871,-3.8235,2.3008,0.4162,-0.0019,0.3723
1.6472,-6.4502,7.9849,1.035,0.2985,0.528
0.134,-9.7494,11.2362,1.6623,1.1458,0.6325
-2.8898,-13.8411,6.5771,2.3587,2.1635,0.5965
-3.1579,-16.3889,2.7629,2.7943,2.2991,0.8109
-0.4477,-16.8414,1.4101,2.644,2.0462,0.9599
2.442,-16.262,2.0446,2.4821,1.6846,1.0326
3.1004,-15.1056,2.4827,2.3795,1.3944,0.9245
1.7094,-13.7094,1.4604,2.3587,1.0181,0.7333
-0.8595,-11.7294,-0.1556,2.3593,0.5832,0.5916
-2.7078,-9.6082,-0.7038,2.3086,0.5593,0.6325
-3.3854,-8.2195,0.1628,2.2195,0.8813,0.8561
-4.2185,-8.119,0.2681,2.1223,1.1201,1.1169
-4.5944,-8.3823,0.3471,2.0692,1.2118,1.3515
-3.6128,-8.8396,1.1276,2.0942,1.2173,1.5824
-2.3726,-9.3161,1.0797,2.2268,1.0517,1.8432
-0.7733,-9.8883,0.6416,2.2836,0.9057,1.8164
-0.1747,-10.0822,0.134,2.283,0.8715,1.6575
0.2442,-9.9673,0.1723,2.1981,0.9069,1.4346
0.4716,-9.6202,1.3455,2.0069,1.0004,1.2391
-0.2011,-8.8779,0.8619,1.7857,0.9723,1.1023
-0.814,-8.052,-0.1939,1.6562,0.8232,0.9874
-1.2018,-7.4414,-0.3495,1.6898,0.9784,0.9831
-1.2952,-7.3744,-0.2753,1.7137,1.2014,1.0247
-0.814,-7.6425,0.1005,1.7234,1.3028,1.0845
-0.0143,-8.0687,0.3711,1.6959,1.3058,1.1236
0.6272,-8.4566,0.6775,1.6275,1.2087,1.1206
0.9672,-8.6026,0.6296,1.4907,0.9662,1.054
0.869,-8.3728,-0.1292,1.4424,0.8489,0.9856
0.1412,-8.131,-0.6344,1.443,0.8758,0.9275
-1.2425,-8.2076,-0.4525,1.4504,0.9741,0.8848
-2.4779,-8.356,0.2609,1.4638,0.9992,0.8781
-2.4779,-8.8229,0.723,1.4925,0.778,0.9856
-1.865,-9.2012,0.553,1.5127,0.5239,1.0986
-0.6943,-9.7662,-0.2394,1.5249,0.3694,1.1982
-0.0383,-10.2905,-1.3503,1.5188,0.4036,1.2415
0.0167,-10.0607,-2.5378,1.4748,0.5716,1.1957
-0.5003,-9.6776,-3.359,1.3752,0.8129,1.0833
-0.9361,-9.941,-3.6415,1.0857,1.0896,0.8561
-0.0526,-10.7909,-2.5809,0.834,1.1427,0.7528
1.6472,-11.5379,-0.8259,0.5603,1.1354,0.7296
3.687,-12.0886,1.118,0.3074,1.1311,0.759
4.6782,-13.0463,1.9919,0.1242,1.0596,0.7803
5.3273,-13.8579,1.5251,0.01,0.563,0.7919
5.5237,-14.4517,0.383,0.0356,0.155,0.8249
5.222,-15.4001,-0.7733,0.0692,-0.0917,0.7754
4.1826,-16.183,-1.2521,0.0796,-0.1485,0.5641
3.3494,-15.8933,-0.7134,0.0478,-0.1308,0.1841
1.9919,-15.9531,-0.1843,-0.0901,-0.2041,-0.1713
1.1563,-16.1207,-0.462,-0.4768,-0.1039,-0.7107
1.2162,-15.3115,-0.7852,-0.7792,-0.1699,-1.018
0.2729,-13.8124,-2.8107,-1.1573,-0.4894,-1.2012
-2.2577,-12.498,-3.3423,-1.5397,-0.6287,-1.3698
-5.3345,-11.2219,-2.7533,-2.0131,-0.443,-1.5451
-7.8796,-10.9944,-2.4325,-2.4847,-0.1919,-1.685
-9.2993,-12.0479,-1.8746,-2.8219,0.2869,-1.8237
-9.4573,-14.0542,-0.3088,-2.872,0.3095,-1.8292
-9.5723,-15.4336,1.2425,-2.9062,0.1537,-1.7962
-9.2203,-16.4367,2.5354,-2.9123,0.0163,-1.7681
-7.4893,-16.7312,3.2632,-2.8482,-0.0337,-1.6856
-5.8852,-16.3769,2.5426,-2.6106,0.2582,-1.5506
-4.8554,-15.7903,0.7493,-2.3729,0.7768,-1.5262
-4.0653,-15.3498,-1.3599,-2.1384,1.3565,-1.5305
-1.5729,-15.3761,-2.4516,-1.9753,1.7835,-1.5219
2.3558,-15.8262,-0.8595,-1.825,2.0664,-1.5054
2.2529,-15.5605,1.6376,-1.6851,1.9698,-1.6282
1.3766,-14.4995,-0.7637,-1.387,0.7408,-2.1273
0.7086,-12.2681,0.5171,-1.3418,-0.2897,-2.379
-0.2178,-10.4485,1.6903,-1.533,-0.5267,-2.4773
-1.5897,-9.0479,1.7717,-1.6167,-0.592,-2.4419
-1.6136,-8.3057,2.138,-1.7358,-0.8089,-2.2977
-1.6304,-8.2076,2.612,-1.9838,-0.7991,-1.9813
-2.6168,-7.5755,2.5282,-2.0589,-1.099,-1.8561
-3.4117,-6.6082,2.1452,-1.9722,-1.578,-1.7974
-3.5506,-5.4327,2.2337,-1.9117,-2.0019,-1.7247
-3.4739,-4.2904,1.7956,-1.9056,-2.2847,-1.6313
-2.7269,-3.5051,2.0398,-1.8348,-2.4094,-1.5256
-2.5546,-2.8299,1.9536,-1.7175,-2.6128,-1.4352
-2.5905,-2.0111,1.9416,-1.6155,-2.8119,-1.4248
-2.4756,-1.3192,1.9153,-1.4902,-2.9622,-1.3741
-2.7269,-0.6631,2.0183,-1.376,-3.0764,-1.2709
-2.2601,-0.5937,2.2529,-1.2331,-3.1461,-1.1224
-1.8387,-0.9888,2.3439,-1.0009,-3.0734,-0.8927
-1.6615,-1.4652,2.3535,-0.5177,-2.713,-0.6313
-1.549,-1.7836,1.8507,-0.1451,-2.3825,-0.5372
-0.6751,-2.6695,1.3958,0.2366,-2.0734,-0.4877
-2.3223,-1.8602,0.2801,0.6379,-1.7472,-0.4902
-1.3958,-2.5163,-1.2976,1.0704,-1.4479,-0.5995
-1.7501,-3.2225,-3.8953,1.4718,-1.3947,-0.4095
-2.2002,-4.3287,-7.7,1.7356,-1.2823,-0.3741
-2.3319,-6.2443,-11.7486,1.8609,-1.2029,-0.2971
-0.1939,-9.3376,-13.2522,1.7668,-1.0819,-0.1499
3.4308,-14.5187,-12.4166,1.528,-0.859,0.0675
6.8022,-20.4039,-15.3234,1.2537,-0.5028,0.2599
6.4526,-24.8263,-16.0345,0.4498,-0.8877,0.2208
2.5067,-22.767,-11.7151,-0.4609,-1.3318,-0.0797
0.079,-15.4096,-6.3305,-1.1463,-1.3245,-0.401
0.055,-10.0296,-4.501,-1.3925,-1.1827,-0.6258
0.5602,-4.3406,-5.7918,-1.3687,-1.4497,-0.7742
-0.2801,-0.8954,-7.9107,-1.1048,-1.7478,-0.9037
-2.8155,-2.0925,-10.336,-0.9233,-1.4124,-0.8029
-3.596,-10.0032,-11.7749,-0.759,-0.8266,-0.5482
-2.2409,-17.641,-9.0862,-0.7071,-0.4595,-0.2409
-0.5386,-23.7534,0.4955,-0.6723,-0.217,0.0387
-3.7804,-24.51,5.2052,-0.7554,0.541,0.1261
-4.434,-14.6288,-0.7015,-0.8458,1.7047,-0.1921
-5.2268,-2.6168,7.7024,-1.0559,1.1665,-0.2916
-7.9298,1.5753,3.2632,-1.0638,0.8281,-0.4004
-8.514,1.118,-1.6184,-0.2221,0.362,-0.3271
-4.4723,-1.9273,0.407,0.3667,-0.0594,0.0058
0.2298,-5.7032,6.546,0.9922,0.4482,0.6111
-0.0837,-10.4773,12.0191,1.6178,1.5123,0.8145
-2.4612,-16.5373,6.886,2.2775,2.6271,0.8396
-1.8866,-18.4694,2.2361,2.68,3.0285,0.9709
1.1611,-17.8661,0.8906,2.6281,2.8855,1.0436
3.2752,-16.748,1.6328,2.3117,2.45,0.9929
3.1076,-15.3163,2.1021,2.0466,1.7059,0.6832
1.3814,-13.5419,0.8403,2.0698,1.2148,0.4914
-0.8714,-11.514,-0.0359,2.1639,0.866,0.4376
-2.2744,-9.5411,-0.2537,2.2598,0.9381,0.547
-3.2848,-8.5691,-0.0239,2.3508,1.3016,0.795
-3.8905,-8.3823,0.4118,2.3147,1.5587,1.0821
-3.8666,-8.6361,0.8116,2.1419,1.6504,1.5415
-2.8754,-9.2371,1.4053,2.1804,1.5978,1.8414
-1.3646,-9.5603,1.6017,2.2873,1.3516,2.043
-0.0909,-9.8715,1.4437,2.3624,1.0444,2.0528
0.7948,-9.8045,1.0031,2.3459,0.8678,1.8475
0.8164,-9.1988,1.1779,2.1834,0.9821,1.3851
-0.0718,-8.4063,0.9265,1.9879,1.1653,1.1279
-0.5434,-8.447,0.6033,1.8493,1.2289,1.0112
-1.1228,-8.4542,-0.1125,1.7784,1.1476,1.0369
-1.6663,-8.2171,-0.2896,1.7552,1.1012,1.0845
-1.8626,-8.2411,-0.3016,1.7729,1.329,1.1151
-1.5442,-8.3632,-0.4429,1.7564,1.4647,1.1762
-0.7182,-8.3704,0.146,1.6636,1.3388,1.2183
0.1963,-8.3177,0.1244,1.5347,1.2075,1.2452
1.0678,-8.2052,-0.3351,1.4192,1.0774,1.2611
1.0079,-8.1717,-0.7541,1.3196,1.0206,1.255
0.4692,-8.1046,-0.3112,1.2488,1.0816,1.2134
-0.2561,-8.1334,0.225,1.2341,1.0639,1.1988
-0.5554,-8.7319,0.8068,1.2366,0.9082,1.2116
-0.213,-9.443,0.9744,1.2659,0.7139,1.2544
0.4692,-9.9458,0.6584,1.3148,0.5966,1.2953
1.2282,-10.257,-0.1963,1.3752,0.6113,1.3038
1.4389,-10.075,-1.3551,1.418,0.7994,1.2287
1.3,-9.5603,-1.9225,1.3251,0.9326,1.1218
0.7015,-9.498,-1.8794,1.1309,1.0169,1.0106
0.067,-10.3743,-1.5753,0.8707,1.0432,0.9135
0.3447,-11.0112,-1.6184,0.6104,0.9674,0.8378
1.2234,-11.3966,-1.3455,0.4131,0.8672,0.7974
2.0973,-12.2155,-0.2059,0.1828,0.8782,0.7724
3.1771,-13.3216,0.5817,0.0442,0.7725,0.7797
4.0509,-13.494,0.4046,-0.0309,0.4714,0.8414
4.7261,-12.996,-1.1827,-0.0089,0.1916,0.875
4.6878,-14.0111,-1.4317,0.0387,0.1861,0.7675
4.2209,-15.8573,-1.1492,-0.0834,0.2399,0.4016
3.9791,-15.4072,-0.9361,-0.1763,0.0786,0.1456
3.4739,-14.7105,-0.8283,-0.3045,-0.0478,-0.1218
2.7437,-15.5269,-0.9672,-0.5257,-0.1357,-0.415
1.7932,-14.9859,-1.458,-0.8244,-0.2658,-0.6893
0.0957,-12.905,-3.019,-1.1756,-0.5395,-0.9385
-1.3599,-12.3711,-2.6048,-1.7816,-0.8407,-1.1768
-4.2951,-11.8444,-1.4508,-2.2453,-0.8034,-1.3277
-6.5101,-11.7678,-0.96,-2.6533,-0.6855,-1.4963
-8.8325,-12.1676,-0.1843,-2.8525,-0.2848,-1.6557
-9.7375,-13.3719,0.7781,-2.9081,0.0083,-1.7809
-9.917,-15.017,1.0223,-2.8097,-0.0545,-1.8335
-9.3927,-16.645,1.8339,-2.6875,-0.2139,-1.8304
-7.3768,-17.4088,3.0789,-2.5733,-0.0093,-1.8035
-5.6266,-16.5397,2.9735,-2.3851,0.541,-1.7956
-4.7812,-15.2516,0.9217,-2.0895,1.1262,-1.8316
-3.8187,-14.2601,-1.482,-1.781,1.4744,-1.8658
-1.6687,-14.4373,-2.3989,-1.5434,1.6614,-1.8377
0.7206,-15.1989,-2.3774,-1.4383,1.7102,-1.8396
1.9081,-14.9835,2.0087,-1.3155,1.6265,-1.9465
1.4987,-14.8781,2.0733,-1.2227,1.4622,-2.1077
0.5913,-13.087,1.2641,-0.9704,0.3669,-2.313
0.6727,-11.5116,1.9967,-0.9093,-0.6867,-2.4877
-0.1412,-10.008,1.5538,-1.0443,-1.0276,-2.4975
-1.6567,-8.8708,1.5466,-1.1518,-1.173,-2.4388
-2.5761,-7.7024,1.9752,-1.3693,-1.206,-2.2782
-2.8993,-6.9865,2.5474,-1.5776,-1.0545,-2.0503
-3.4213,-6.036,2.794,-1.7101,-1.2475,-1.8597
-2.94,-4.9634,2.1236,-1.6991,-2.3544,-1.6765
-3.11,-4.1132,1.4197,-1.6289,-2.8309,-1.5818
-2.6551,-3.2704,1.1133,-1.5251,-2.8351,-1.547
-2.4277,-2.8347,1.2617,-1.5489,-2.8791,-1.47
-2.2768,-2.1859,0.8068,-1.5452,-2.8852,-1.382
-2.3774,-1.6448,1.0199,-1.3937,-2.8107,-1.2916
-2.6264,-1.2641,1.5753,-1.1115,-2.6531,-1.1273
-2.7581,-1.1755,1.968,-0.9282,-2.6592,-0.9911
-2.806,-1.3814,2.4085,-0.7114,-2.6531,-0.8561
-3.0119,-1.786,2.5139,-0.4603,-2.5346,-0.7351
-3.0119,-2.0566,2.308,-0.1787,-2.3611,-0.6221
-2.7126,-2.3846,1.8124,0.2464,-2.1394,-0.4199
-2.1092,-2.7653,1.1109,0.5121,-2.0459,-0.2806
-1.5514,-3.1435,-0.0933,0.7827,-1.9512,-0.1737
-1.2665,-4.2712,-2.4995,1.0521,-1.8467,-0.0821
-1.3982,-5.8229,-7.0392,1.2915,-1.7105,-0.0277
-0.7661,-7.8628,-12.3759,1.4253,-1.5535,0.0125
1.64,-11.4182,-14.9978,1.2537,-1.2035,0.0803
3.9097,-15.3258,-13.233,0.9036,-0.7099,0.0632
7.0536,-19.7455,-14.1907,0.5976,-0.1382,-0.0167
8.7199,-21.4358,-15.4934,0.2781,-0.5487,-0.0626
5.5907,-19.2739,-11.4828,-0.3363,-1.5731,-0.1572
1.5849,-15.7568,-6.1845,-0.858,-1.421,-0.39
-0.6871,-10.4581,-2.9688,-1.0278,-0.4106,-0.7473
-0.7829,-6.2324,-4.5848,-0.9325,-0.7301,-0.8115
-0.9121,-3.8091,-7.8939,-0.836,-1.4185,-0.7919
-1.5227,-4.0892,-9.5723,-0.7853,-1.7661,-0.7278
-2.4037,-9.5986,-11.7821,-0.6692,-1.5059,-0.5739
-2.0494,-16.4248,-10.9872,-0.4664,-0.7545,-0.1682
-1.3168,-22.2379,-3.3446,-0.533,-0.2835,0.1365
-3.2106,-24.2778,6.7304,-0.8055,0.5539,0.266
-4.8482,-16.5612,1.3455,-0.9533,1.6198,0.1438
-5.6147,-5.8565,4.5226,-0.9331,1.6357,-0.0558
-7.7766,0.8092,3.6224,-1.0981,0.8629,-0.3491
-8.1764,1.1444,-0.8259,-0.2483,0.3388,-0.2874
-5.4997,-0.8667,0.043,0.2677,0.0731,0.0748
-1.8315,-3.7301,5.4016,0.6856,0.2906,0.4743
0.1556,-7.7694,12.0742,1.2286,1.0364,0.8158
-1.4628,-14.1524,9.1461,1.9598,2.1238,0.9996
-1.8219,-18.728,4.0725,2.7503,2.9045,1.1737
-0.395,-19.4271,1.9321,2.6831,2.8715,1.2452
2.8706,-17.665,1.4413,2.3667,2.4426,1.1982
3.6176,-15.6083,1.8938,2.1272,1.8507,1.0632
2.5019,-13.3503,1.6496,2.0105,1.2026,0.828
-0.1915,-11.0423,0.4357,1.994,0.7524,0.6417
-1.7046,-9.0862,-0.0622,2.0912,0.7206,0.6704
-3.0813,-8.2363,0.3016,2.1651,1.1733,0.8823
-3.8881,-7.9658,1.0127,2.1669,1.5013,1.1444
-4.2616,-8.2052,1.3766,2.1767,1.7664,1.4517
-3.9671,-8.787,1.3886,2.2274,1.8635,1.7498
-2.8562,-9.3209,1.3479,2.2726,1.651,1.9843
-1.2641,-9.862,1.0821,2.2702,1.1,2.032
0.079,-10.1469,1.1899,2.2757,1.0297,1.809
-0.2585,-9.6106,1.8124,2.2097,1.1885,1.4511
-0.0335,-8.8708,1.4389,2.0576,1.4176,1.0876
0.2154,-8.4542,0.6177,1.9134,1.392,1.0479
-0.2537,-8.0759,0.4141,1.7754,1.3981,1.1322
-0.8331,-8.0065,0.2418,1.7717,1.6131,1.1407
-0.8427,-8.1525,0.2059,1.8065,1.7414,1.1597
-0.4979,-8.5906,0.2609,1.8047,1.7408,1.1914
0.2035,-8.672,0.577,1.7534,1.6045,1.2324
1.2425,-8.7008,0.486,1.6397,1.4353,1.277
1.8866,-8.6026,-0.2777,1.4492,1.1684,1.3038
1.3766,-8.4853,-1.1348,1.3514,1.1146,1.2672
0.3351,-8.2339,-0.8571,1.2732,1.0994,1.2012
-0.328,-8.5835,-0.2442,1.2036,0.9937,1.1536
-0.1436,-9.7447,0.1173,1.1798,0.6944,1.1426
0.5722,-10.9681,0.1843,1.2567,0.2716,1.1658
1.3766,-11.0423,0.1005,1.3368,0.2741,1.1652
1.5729,-10.5515,-1.1228,1.3887,0.5215,1.1157
0.8595,-10.0798,-3.0717,1.4168,0.8239,0.999
-0.1675,-9.1437,-4.2042,1.3453,1.0285,0.8604
-1.0103,-9.5675,-3.3686,1.1132,1.1055,0.7614
-0.383,-10.9585,-1.6065,0.5109,1.0053,0.7632
0.7733,-11.4182,-0.565,0.1688,0.8269,0.8335
2.9089,-11.7773,0.4453,-0.0266,0.7585,0.8848
4.1635,-12.51,1.628,-0.1036,0.83,0.8787
4.7046,-13.0606,1.98,-0.1573,0.8074,0.8023
4.7477,-13.2282,0.6464,-0.1133,0.4256,0.7046
4.4915,-12.8188,-1.7956,0.0026,0.2301,0.6203
3.9647,-13.7741,-2.7054,0.0503,0.2472,0.4694
3.1028,-15.5581,-2.1883,-0.0926,0.301,0.2128
3.1411,-15.1151,-2.1619,-0.2868,0.1769,-0.0748
3.881,-13.8555,-1.7262,-0.4805,-0.0129,-0.3375
4.2377,-14.2266,-1.0079,-0.9301,-0.0691,-0.7046
2.782,-13.8627,-1.2473,-1.3326,-0.2793,-0.9416
0.7422,-12.6584,-2.5617,-1.7303,-0.6116,-1.1688
-1.4269,-12.2562,-1.889,-2.1432,-0.9219,-1.2702
-4.4149,-12.1341,-0.9457,-2.5855,-0.9042,-1.3442
-9.2969,-13.2426,-1.1156,-2.9508,-0.6922,-1.5066
-11.9042,-14.3679,-0.407,-3.0828,-0.2377,-1.8383
-12.9289,-16.6642,1.0151,-2.9862,-0.2921,-1.9367
-12.5195,-18.649,1.8363,-2.825,-0.4876,-1.861
-9.9529,-18.8477,2.6647,-2.6924,-0.3904,-1.7321
-6.4526,-16.9563,3.1483,-2.5928,0.1873,-1.6288
-4.6567,-15.2899,2.1332,-2.3009,1.348,-1.6215
