andar
-3.526,-9.4813,-1.3509,0.7326,0.6306,0.5579
-3.526,-9.4813,-1.3509,0.3629,0.7584,0.5312
-3.526,-9.4813,-1.3509,0.0583,0.9427,0.4545
-3.526,-9.4813,-1.3509,-0.2186,0.7797,0.5376
-3.526,-9.4813,-1.3509,-0.4892,-0.098,0.5195
-3.526,-9.4813,-1.3509,-0.5605,-0.4271,0.1488
-3.526,-9.4813,-1.3509,-0.9664,-0.6519,-0.0673
-3.526,-9.4813,-1.3509,-1.6653,-0.768,0.0157
-3.526,-9.4813,-1.3509,-2.3886,-0.8852,0.0657
-3.526,-9.4813,-1.3509,-2.623,-0.7999,-0.0972
-3.526,-9.4813,-1.3509,-2.6315,-0.8159,-0.2474
-3.526,-9.4813,-1.3509,-2.6336,-1.3624,-0.2271
-3.526,-9.4813,-1.3509,-2.3343,-1.5222,-0.3571
-3.526,-9.4813,-1.3509,-2.1287,-1.4124,-0.5211
-3.526,-9.4813,-1.3509,-2.0562,-1.7746,-0.568
-3.526,-9.4813,-1.3509,-2.1819,-1.9248,-0.536
-3.526,-9.4813,-1.3509,-2.3748,-1.6649,-0.4508
-3.526,-9.4813,-1.3509,-2.3588,-1.5978,-0.4082
-3.526,-9.4813,-1.3509,-2.2182,-1.4774,-0.4231
-3.526,-9.4813,-1.3509,-2.0861,-1.2537,-0.3677
-3.526,-9.4813,-1.3509,-1.9796,-1.4433,-0.3177
-3.526,-9.4813,-1.3509,-1.9284,-1.5563,-0.2058
-3.526,-9.4813,-1.3509,-1.7995,-1.4476,-0.0727
-3.526,-9.4813,-1.3509,-1.5961,-1.2303,0.0061
-3.526,-9.4813,-1.3509,-1.4095,-1.0045,-0.0013
-3.526,-9.4813,-1.3509,-1.2156,-0.8766,-0.0897
-3.526,-9.4813,-1.3509,-1.0005,-0.8298,-0.1621
-3.526,-9.4813,-1.3509,-0.7778,-0.7882,-0.2505
-3.526,-9.4813,-1.3509,-0.52,-0.5912,-0.2964
-3.526,-9.4813,-1.3509,-0.2942,-0.4473,-0.3081
-3.526,-9.4813,-1.3509,-0.1248,-0.3131,-0.3027
-3.526,-9.4813,-1.3509,-0.0364,-0.2311,-0.2942
-3.526,-9.4813,-1.3509,0.0647,-0.1395,-0.3081
-3.526,-9.4813,-1.3509,0.2308,-0.2109,-0.3933
-3.526,-9.4813,-1.3509,0.4418,-0.3781,-0.5328
-3.526,-9.4813,-1.3509,0.7464,-0.4026,-0.6884
-3.526,-9.4813,-1.3509,0.8838,-0.4399,-0.8141
-3.526,-9.4813,-1.3509,1.0276,-0.327,-1.0495
-3.526,-9.4813,-1.3509,1.2961,0.3653,-1.0878
-3.526,-9.4813,-1.3509,1.5698,2.2572,0.8199
-3.526,-9.4813,-1.3509,-0.2825,-0.5304,1.6018
-3.526,-9.4813,-1.3509,0.9659,1.2228,0.6463
-3.526,-9.4813,-1.3509,1.7126,1.8886,0.7464
-3.526,-9.4813,-1.3509,1.4282,3.2735,0.5259
-3.526,-9.4813,-1.3509,2.1578,4.2397,-0.1557
-3.526,-9.4813,-1.3509,1.3568,1.5392,-0.7629
-3.526,-9.4813,-1.3509,1.6093,1.2356,-0.8567
-3.526,-9.4813,-1.3509,1.6806,1.5744,-0.4199
-3.526,-9.4813,-1.3509,1.4473,1.4732,0.0497
-3.526,-9.4813,-1.3509,1.5251,1.2676,0.2649
-3.526,-9.4813,-1.3509,1.5453,0.8585,0.2628
-3.526,-9.4813,-1.3509,1.442,0.5006,0.1296
-3.526,-9.4813,-1.3509,1.3738,0.4569,-0.0588
-3.526,-9.4813,-1.3509,1.3142,0.4218,-0.1014
-3.526,-9.4813,-1.3509,1.2556,0.5145,-0.0034
-3.526,-9.4813,-1.3509,1.1885,0.5432,0.0806
-3.526,-9.4813,-1.3509,1.1139,0.5709,0.1382
-3.526,-9.4813,-1.3509,1.0564,0.4772,0.1723
-3.526,-9.4813,-1.3509,0.9904,0.4207,0.1946
-3.526,-9.4813,-1.3509,0.952,0.474,0.2276
-3.526,-9.4813,-1.3509,0.9424,0.4058,0.1957
-3.526,-9.4813,-1.3509,0.9861,0.3643,0.1712
-3.526,-9.4813,-1.3509,1.0351,0.2897,0.201
-3.526,-9.4813,-1.3509,1.0777,0.2695,0.2703
-3.526,-9.4813,-1.3509,1.0553,0.4037,0.3459
-3.526,-9.4813,-1.3509,0.9435,0.572,0.3906
-3.526,-9.4813,-1.3509,0.8114,0.539,0.4119
-3.526,-9.4813,-1.3509,0.6665,0.4495,0.38
-3.526,-9.4813,-1.3509,0.4993,0.523,0.3597
-3.526,-9.4813,-1.3509,0.3246,0.5528,0.3065
-3.526,-9.4813,-1.3509,0.0934,0.6007,0.2788
-3.526,-9.4813,-1.3509,-0.0343,0.5571,0.2553
-3.526,-9.4813,-1.3509,0.136,0.0149,0.0647
-3.526,-9.4813,-1.3509,0.0189,-0.1991,0.0338
-3.526,-9.4813,-1.3509,-0.4966,0.1065,0.3331
-3.526,-9.4813,-1.3509,-1.1251,0.0053,0.4173
-3.526,-9.4813,-1.3509,-1.677,-0.2748,0.1904
-3.526,-9.4813,-1.3509,-2.2022,-0.9161,0.0007
-3.526,-9.4813,-1.3509,-2.5324,-1.3837,-0.0993
-3.526,-9.4813,-1.3509,-2.6325,-1.0886,-0.275
-3.526,-9.4813,-1.3509,-2.4525,-1.6372,-0.3027
-3.526,-9.4813,-1.3509,-2.2427,-2.6312,-0.3272
-3.526,-9.4813,-1.3509,-2.1734,-2.7761,-0.2282
-3.526,-9.4813,-1.3509,-2.1777,-2.2423,-0.0237
-3.526,-9.4813,-1.3509,-2.3534,-1.6393,0.0284
-3.526,-9.4813,-1.3509,-2.4312,-1.1951,-0.0588
-3.526,-9.4813,-1.3509,-2.1553,-0.8021,-0.3017
-3.526,-9.4813,-1.3509,-1.9497,-0.4974,-0.5339
-3.526,-9.4813,-1.3509,-1.9156,-0.8543,-0.6159
-3.526,-9.4813,-1.3509,-1.8571,-1.6244,-0.6319
-3.526,-9.4813,-1.3509,-1.6834,-1.8247,-0.3784
-3.526,-9.4813,-1.3509,-1.4532,-1.5413,-0.1387
-3.526,-9.4813,-1.3509,-1.2401,-1.3006,-0.0727
-3.526,-9.4813,-1.3509,-1.1027,-0.9853,-0.1035
-3.526,-9.4813,-1.3509,-0.9792,-0.6934,-0.1866
-3.526,-9.4813,-1.3509,-0.8705,-0.7669,-0.2537
-3.526,-9.4813,-1.3509,-0.7672,-0.7328,-0.2314
-3.526,-9.4813,-1.3509,-0.6798,-0.5975,-0.2282
-3.526,-9.4813,-1.3509,-0.6575,-0.5272,-0.2591
-3.526,-9.4813,-1.3509,-0.6756,-0.5347,-0.3336
-3.526,-9.4813,-1.3509,-0.6255,-0.5326,-0.3975
-3.526,-9.4813,-1.3509,-0.4529,-0.6338,-0.4774
-3.526,-9.4813,-1.3509,-0.1557,-0.8212,-0.5893
-3.526,-9.4813,-1.3509,0.1424,-0.9714,-0.6639
-3.526,-9.4813,-1.3509,-0.127,-0.8809,-0.764
-3.526,-9.4813,-1.3509,-0.9706,-0.3802,-0.4977
-3.526,-9.4813,-1.3509,-0.2559,-0.7488,0.4439
-3.526,-9.4813,-1.3509,0.8391,0.8138,0.1446
-3.526,-9.4813,-1.3509,1.279,0.8479,0.2703
-3.526,-9.4813,-1.3509,1.0468,1.731,0.0913
-3.526,-9.4813,-1.3509,1.671,3.0914,-0.144
-3.526,-9.4813,-1.3509,1.3216,1.6031,0.152
-3.526,-9.4813,-1.3509,1.573,1.438,0.0412
-3.526,-9.4813,-1.3509,1.8244,1.9088,-0.0194
-3.526,-9.4813,-1.3509,1.8532,2.1634,0.1073
-3.526,-9.4813,-1.3509,1.8479,2.1102,0.135
-3.526,-9.4813,-1.3509,1.8095,1.83,0.0796
-3.526,-9.4813,-1.3509,1.867,1.6074,-0.0023
-3.526,-9.4813,-1.3509,1.9054,1.4977,-0.0364
-3.526,-9.4813,-1.3509,1.8404,1.4945,-0.045
-3.526,-9.4813,-1.3509,1.8638,1.3634,0.021
-3.526,-9.4813,-1.3509,1.8585,1.275,0.1073
-3.526,-9.4813,-1.3509,1.7499,1.2889,0.2777
-3.526,-9.4813,-1.3509,1.6572,1.2079,0.2852
-3.526,-9.4813,-1.3509,1.5805,1.1067,0.1691
-3.526,-9.4813,-1.3509,1.5485,1.0151,0.0721
-3.526,-9.4813,-1.3509,1.4196,0.9842,0.0924
-3.526,-9.4813,-1.3509,1.3493,0.9501,0.1456
-3.526,-9.4813,-1.3509,1.3163,0.8457,0.1978
-3.526,-9.4813,-1.3509,1.2226,0.8809,0.3107
-3.526,-9.4813,-1.3509,1.1576,0.7158,0.4173
-3.526,-9.4813,-1.3509,1.1384,0.5294,0.429
-3.526,-9.4813,-1.3509,1.2034,0.5581,0.3938
-3.526,-9.4813,-1.3509,1.1374,0.6178,0.4066
-3.526,-9.4813,-1.3509,0.9211,0.4527,0.381
-3.526,-9.4813,-1.3509,0.6186,0.311,0.4524
-3.526,-9.4813,-1.3509,0.3693,0.3621,0.4162
-3.526,-9.4813,-1.3509,0.2468,0.5347,0.299
-3.526,-9.4813,-1.3509,0.1371,0.5422,0.1744
-3.526,-9.4813,-1.3509,0.005,0.5752,0.0945
-3.526,-9.4813,-1.3509,-0.1504,0.2854,0.0135
-3.526,-9.4813,-1.3509,-0.3432,0.0692,-0.0343
-3.526,-9.4813,-1.3509,-0.8503,-0.0468,0.1882
-3.526,-9.4813,-1.3509,-1.4979,-0.2109,0.348
-3.526,-9.4813,-1.3509,-2.1457,-0.5006,0.2894
-3.526,-9.4813,-1.3509,-2.5036,-0.8916,0.0711
-3.526,-9.4813,-1.3509,-2.7114,-1.2452,-0.1387
-3.526,-9.4813,-1.3509,-2.6411,-1.8684,-0.1525
-3.526,-9.4813,-1.3509,-2.2736,-2.2902,-0.193
-3.526,-9.4813,-1.3509,-2.1692,-1.8748,-0.2474
-3.526,-9.4813,-1.3509,-2.2373,-1.3613,-0.2687
-3.526,-9.4813,-1.3509,-2.3769,-1.2665,-0.2335
-3.526,-9.4813,-1.3509,-2.4983,-0.8788,-0.2729
-3.526,-9.4813,-1.3509,-2.2938,-0.4825,-0.3677
-3.526,-9.4813,-1.3509,-2.0637,-0.4612,-0.5062
-3.526,-9.4813,-1.3509,-1.922,-0.9022,-0.5744
-3.526,-9.4813,-1.3509,-1.8102,-1.5051,-0.5691
-3.526,-9.4813,-1.3509,-1.6621,-1.8013,-0.3475
-3.526,-9.4813,-1.3509,-1.4947,-1.8428,-0.0929
-3.526,-9.4813,-1.3509,-1.3243,-1.4465,0.0753
-3.526,-9.4813,-1.3509,-1.2497,-1.2186,0.1222
-3.526,-9.4813,-1.3509,-1.2412,-1.046,0.0593
-3.526,-9.4813,-1.3509,-1.1262,-0.85,-0.0173
-3.526,-9.4813,-1.3509,-1.0644,-0.7999,-0.0279
-3.526,-9.4813,-1.3509,-1.0207,-0.7286,-0.013
-3.526,-9.4813,-1.3509,-0.9515,-0.5208,-0.0151
-3.526,-9.4813,-1.3509,-0.9312,-0.4101,-0.1099
-3.526,-9.4813,-1.3509,-0.8631,-0.5145,-0.2239
-3.526,-9.4813,-1.3509,-0.6809,-0.6561,-0.3134
-3.526,-9.4813,-1.3509,-0.3975,-0.7861,-0.3848
-3.526,-9.4813,-1.3509,-0.0332,-0.7872,-0.4508
-3.526,-9.4813,-1.3509,0.3778,-0.7051,-0.5509
-3.526,-9.4813,-1.3509,0.7709,-0.5805,-0.7395
-3.526,-9.4813,-1.3509,0.2458,-0.3813,-0.8961
-3.526,-9.4813,-1.3509,-0.8066,-0.0372,-0.3837
-3.526,-9.4813,-1.3509,0.054,-0.7978,0.5888
-3.526,-9.4813,-1.3509,1.2417,1.0204,-0.1856
-3.526,-9.4813,-1.3509,1.3802,0.7914,0.0902
-3.526,-9.4813,-1.3509,1.3323,2.0441,0.0636
-3.526,-9.4813,-1.3509,1.7776,2.9987,0.0178
-3.526,-9.4813,-1.3509,1.4047,1.5818,0.2969
-3.526,-9.4813,-1.3509,1.9011,2.1208,0.0391
-3.526,-9.4813,-1.3509,2.0034,2.5726,-0.0897
-3.526,-9.4813,-1.3509,2.0364,2.5108,-0.0663
-3.526,-9.4813,-1.3509,2.0769,2.2957,-0.1451
-3.526,-9.4813,-1.3509,2.0758,2.0867,-0.242
-3.526,-9.4813,-1.3509,2.1216,1.7235,-0.2804
-3.526,-9.4813,-1.3509,2.0993,1.5264,-0.1994
-3.526,-9.4813,-1.3509,2.0151,1.3571,-0.0237
-3.526,-9.4813,-1.3509,1.9033,1.176,0.0625
-3.526,-9.4813,-1.3509,1.7935,1.0993,0.0817
-3.526,-9.4813,-1.3509,1.6955,1.0971,0.0189
-3.526,-9.4813,-1.3509,1.6199,0.8425,0.0348
-3.526,-9.4813,-1.3509,1.4676,0.703,0.1616
-3.526,-9.4813,-1.3509,1.3248,0.7797,0.3086
-3.526,-9.4813,-1.3509,1.3397,0.931,0.3342
-3.526,-9.4813,-1.3509,1.3941,1.0417,0.3406
-3.526,-9.4813,-1.3509,1.4495,0.8798,0.4577
-3.526,-9.4813,-1.3509,1.4889,0.6263,0.5163
-3.526,-9.4813,-1.3509,1.4069,0.5922,0.4726
-3.526,-9.4813,-1.3509,1.1544,0.6061,0.494
-3.526,-9.4813,-1.3509,0.9307,0.5006,0.544
-3.526,-9.4813,-1.3509,0.6995,0.4548,0.527
-3.526,-9.4813,-1.3509,0.5387,0.5667,0.3288
-3.526,-9.4813,-1.3509,0.4737,0.637,0.2202
-3.526,-9.4813,-1.3509,0.3182,0.6125,0.1488
-3.526,-9.4813,-1.3509,0.0956,0.7403,0.1499
-3.526,-9.4813,-1.3509,-0.2484,0.6902,0.2926
-3.526,-9.4813,-1.3509,-0.7533,0.2258,0.3555
-3.526,-9.4813,-1.3509,-1.2678,-0.3121,-0.2687
-3.526,-9.4813,-1.3509,-1.8421,-0.6945,-0.4902
-3.526,-9.4813,-1.3509,-2.4323,-0.7232,-0.2974
-3.526,-9.4813,-1.3509,-3.0331,-0.2908,0.0146
-3.526,-9.4813,-1.3509,-3.0544,-0.4484,0.0103
-3.526,-9.4813,-1.3509,-2.5825,-0.9097,-0.1866
-3.526,-9.4813,-1.3509,-2.3716,-1.1078,-0.2814
-3.526,-9.4813,-1.3509,-2.3503,-1.4199,-0.2836
-3.526,-9.4813,-1.3509,-2.4163,-1.5882,-0.2846
-3.526,-9.4813,-1.3509,-2.461,-1.2985,-0.2484
-3.526,-9.4813,-1.3509,-2.4014,-1.0939,-0.0865
-3.526,-9.4813,-1.3509,-2.2959,-1.1898,-0.0066
-3.526,-9.4813,-1.3509,-2.215,-1.1057,-0.0524
-3.526,-9.4813,-1.3509,-2.1479,-1.3006,-0.0876
-3.526,-9.4813,-1.3509,-2.0009,-1.6063,0.0828
-3.526,-9.4813,-1.3509,-1.7132,-1.3901,0.3438
-3.526,-9.4813,-1.3509,-1.4351,-0.9682,0.4013
-3.526,-9.4813,-1.3509,-1.1773,-0.7392,0.2884
-3.526,-9.4813,-1.3509,-1.0015,-0.3664,0.119
-3.526,-9.4813,-1.3509,-0.9227,-0.4101,-0.16
-3.526,-9.4813,-1.3509,-0.9067,-0.8042,-0.3422
-3.526,-9.4813,-1.3509,-0.8322,-0.932,-0.4689
-3.526,-9.4813,-1.3509,-0.6063,-0.6189,-0.6276
-3.526,-9.4813,-1.3509,-0.3187,-0.343,-0.7736
-3.526,-9.4813,-1.3509,-0.0908,-0.3973,-0.8386
-3.526,-9.4813,-1.3509,0.0082,-0.507,-0.7693
-3.526,-9.4813,-1.3509,0.185,-0.6806,-0.6234
-3.526,-9.4813,-1.3509,0.5067,-0.7456,-0.568
-3.526,-9.4813,-1.3509,0.9179,-0.6402,-0.6159
-3.526,-9.4813,-1.3509,1.1065,-0.6572,-0.6308
-3.526,-9.4813,-1.3509,0.5185,-0.588,-0.6734
-3.526,-9.4813,-1.3509,0.0039,0.6721,0.0551
-3.526,-9.4813,-1.3509,-0.4529,0.425,1.0308
-3.526,-9.4813,-1.3509,0.3949,0.2098,0.3139
-3.526,-9.4813,-1.3509,1.4335,1.1174,0.3448
-3.526,-9.4813,-1.3509,0.8774,1.9525,0.1701
-3.526,-9.4813,-1.3509,1.6891,3.3598,-0.1557
-3.526,-9.4813,-1.3509,1.3174,1.4178,-0.2175
-3.526,-9.4813,-1.3509,1.6338,1.2473,-0.4689
-3.526,-9.4813,-1.3509,1.916,2.009,-0.3272
-3.526,-9.4813,-1.3509,1.9075,2.2561,0.0476
-3.526,-9.4813,-1.3509,1.8638,2.1698,0.2106
-3.526,-9.4813,-1.3509,1.9065,1.8535,0.1531
-3.526,-9.4813,-1.3509,1.9491,1.5818,0.0519
-3.526,-9.4813,-1.3509,1.9118,1.4593,0.0625
-3.526,-9.4813,-1.3509,1.7637,1.4465,0.1797
-3.526,-9.4813,-1.3509,1.6295,1.3208,0.2948
-3.526,-9.4813,-1.3509,1.5283,1.1856,0.3107
-3.526,-9.4813,-1.3509,1.4793,0.9896,0.1968
-3.526,-9.4813,-1.3509,1.4218,0.8979,0.1786
-3.526,-9.4813,-1.3509,1.3195,0.9384,0.2447
-3.526,-9.4813,-1.3509,1.2833,0.9278,0.3342
-3.526,-9.4813,-1.3509,1.295,0.8713,0.4173
-3.526,-9.4813,-1.3509,1.3152,0.7904,0.3704
-3.526,-9.4813,-1.3509,1.4591,0.6497,0.3086
-3.526,-9.4813,-1.3509,1.572,0.5006,0.3235
-3.526,-9.4813,-1.3509,1.5187,0.5954,0.3832
-3.526,-9.4813,-1.3509,1.3525,0.588,0.4599
-3.526,-9.4813,-1.3509,1.1501,0.4878,0.5195
-3.526,-9.4813,-1.3509,0.8295,0.426,0.4854
-3.526,-9.4813,-1.3509,0.528,0.6348,0.4013
-3.526,-9.4813,-1.3509,0.3161,0.9182,0.3661
-3.526,-9.4813,-1.3509,0.1115,0.8266,0.3853
-3.526,-9.4813,-1.3509,0.0295,0.8415,0.266
-3.526,-9.4813,-1.3509,-0.0663,0.8425,0.3001
1.4661,-10.5042,-0.1077,-0.0663,0.8425,0.3001
2.9248,-12.5498,1.2144,-0.0663,0.8425,0.3001
1.3772,-13.0313,0.8119,-0.0663,0.8425,0.3001
-0.237,-12.7584,0.2729,-0.0663,0.8425,0.3001
0.4384,-11.666,-0.9606,-0.0663,0.8425,0.3001
1.9617,-10.4204,-0.9941,-0.0663,0.8425,0.3001
2.1559,-9.6106,-0.1987,-0.0663,0.8425,0.3001
1.0732,-9.2104,-0.3977,-0.0663,0.8425,0.3001
0.1651,-9.6465,-0.5605,-0.0663,0.8425,0.3001
-0.4815,-9.668,-0.5174,-0.0663,0.8425,0.3001
-1.3796,-8.626,-0.1292,-0.0663,0.8425,0.3001
-2.3427,-7.0428,-0.2394,-0.0663,0.8425,0.3001
-2.7428,-6.209,-0.8215,-0.0663,0.8425,0.3001
-2.4935,-6.5062,-1.6959,-0.0663,0.8425,0.3001
-2.0913,-7.2439,-3.1286,-0.0663,0.8425,0.3001
-1.7295,-7.8691,-4.2473,-0.0663,0.8425,0.3001
-1.1833,-8.1109,-4.5753,-0.0663,0.8425,0.3001
-0.4647,-7.5216,-3.9549,-0.0663,0.8425,0.3001
-0.146,-6.76,-3.4901,-0.0663,0.8425,0.3001
-1.0851,-6.6067,-3.2411,-0.0663,0.8425,0.3001
-2.4361,-7.0667,-2.7356,-0.0663,0.8425,0.3001
-3.7011,-7.524,-3.7538,-0.0663,0.8425,0.3001
-4.4388,-7.8068,-3.2483,-0.0663,0.8425,0.3001
-5.0688,-7.4737,-2.5704,-0.0663,0.8425,0.3001
-5.9241,-6.8342,-2.5896,-0.0663,0.8425,0.3001
-5.6844,-6.3982,-2.6423,-0.0663,0.8425,0.3001
-4.6327,-6.5134,-3.3273,-0.0663,0.8425,0.3001
-3.6433,-6.6355,-3.8112,-0.0663,0.8425,0.3001
-3.2076,-6.6858,-4.6471,-0.0663,0.8425,0.3001
-4.6974,-8.801,-7.9912,-0.0663,0.8425,0.3001
-5.5407,-12.2002,-8.6164,-0.0663,0.8425,0.3001
-7.7925,-15.2711,-7.3804,-0.0663,0.8425,0.3001
-6.3575,-10.5856,1.5499,-0.0663,0.8425,0.3001
-6.3503,-4.8006,-4.9275,-0.0663,0.8425,0.3001
2.683,-5.445,-1.5092,-0.0663,0.8425,0.3001
3.0612,-8.5278,-1.751,-0.0663,0.8425,0.3001
-0.7616,-11.4885,-4.0075,-0.0663,0.8425,0.3001
1.3557,-11.4766,-2.8721,-0.0663,0.8425,0.3001
0.6371,-10.14,-3.1549,-0.0663,0.8425,0.3001
-0.3618,-9.6273,-1.8635,-0.0663,0.8425,0.3001
-1.4469,-9.3113,-2.3451,-0.0663,0.8425,0.3001
-1.974,-8.7244,-2.4839,-0.0663,0.8425,0.3001
-1.2767,-8.8513,-2.0985,-0.0663,0.8425,0.3001
0.3019,-9.4166,-1.2407,-0.0663,0.8425,0.3001
1.2288,-10.3387,-1.6409,-0.0663,0.8425,0.3001
0.8023,-10.418,-1.7055,-0.0663,0.8425,0.3001
0.1268,-9.2152,-1.3078,-0.0663,0.8425,0.3001
-0.1604,-8.3937,-0.3666,-0.0663,0.8425,0.3001
-0.6754,-8.3291,-0.3019,-0.0663,0.8425,0.3001
-1.7175,-8.7196,-0.4743,-0.0663,0.8425,0.3001
-1.5714,-9.4573,-0.5078,-0.0663,0.8425,0.3001
-1.0109,-9.9149,-0.2923,-0.0663,0.8425,0.3001
-0.8744,-9.4933,-0.2876,-0.0663,0.8425,0.3001
-0.9247,-9.5747,-0.5222,-0.0663,0.8425,0.3001
-0.1388,-9.5579,-0.2657,-0.0663,0.8425,0.3001
0.8406,-9.7351,0.6563,-0.0663,0.8425,0.3001
1.3437,-10.14,1.0875,-0.0663,0.8425,0.3001
1.0612,-10.4755,0.4408,-0.0663,0.8425,0.3001
1.9593,-10.2741,0.1484,-0.0663,0.8425,0.3001
2.1033,-9.8647,0.4001,-0.0663,0.8425,0.3001
1.6074,-9.6106,0.7018,-0.0663,0.8425,0.3001
1.1426,-9.3305,0.9917,-0.0663,0.8425,0.3001
1.4853,-9.5651,0.9558,-0.0663,0.8425,0.3001
2.0027,-9.6369,0.975,-0.0663,0.8425,0.3001
2.0817,-9.6513,1.0492,-0.0663,0.8425,0.3001
2.1009,-9.7351,0.8649,-0.0663,0.8425,0.3001
2.1128,-10.2525,0.2852,-0.0663,0.8425,0.3001
1.9186,-10.365,-0.2657,-0.0663,0.8425,0.3001
1.6433,-10.7005,-0.3522,-0.0663,0.8425,0.3001
2.2349,-11.2012,-0.2513,-0.0663,0.8425,0.3001
4.7524,-12.6144,-0.2178,-0.0663,0.8425,0.3001
6.3527,-14.7919,0.8672,-0.0663,0.8425,0.3001
1.775,-15.3333,-0.2585,-0.0663,0.8425,0.3001
-2.6183,-13.453,-2.568,-0.0663,0.8425,0.3001
-0.8768,-12.8134,-1.2216,-0.0663,0.8425,0.3001
0.2801,-12.521,-0.5629,-0.0663,0.8425,0.3001
-0.673,-11.1198,-0.2322,-0.0663,0.8425,0.3001
-0.6036,-10.8753,-0.2585,-0.0663,0.8425,0.3001
-1.1833,-11.1031,0.0861,-0.0663,0.8425,0.3001
-2.12,-12.0901,0.369,-0.0663,0.8425,0.3001
-1.5044,-12.1308,0.6946,-0.0663,0.8425,0.3001
-0.9343,-12.0299,-0.6108,-0.0663,0.8425,0.3001
-0.3139,-10.4851,-2.1104,-0.0663,0.8425,0.3001
0.0814,-8.88,-2.4217,-0.0663,0.8425,0.3001
-0.5916,-8.0989,-1.6145,-0.0663,0.8425,0.3001
-2.4193,-7.7925,-1.9788,-0.0663,0.8425,0.3001
-1.9668,-7.7997,-2.1583,-0.0663,0.8425,0.3001
-1.5379,-7.4761,-1.9788,-0.0663,0.8425,0.3001
-1.0923,-6.6235,-1.7821,-0.0663,0.8425,0.3001
-0.9846,-5.852,-2.357,-0.0663,0.8425,0.3001
-1.2551,-5.5886,-3.4925,-0.0663,0.8425,0.3001
-1.7486,-5.8879,-4.1871,-0.0663,0.8425,0.3001
-1.7414,-6.3886,-4.2664,-0.0663,0.8425,0.3001
-1.5331,-5.8831,-4.4484,-0.0663,0.8425,0.3001
-1.5906,-5.3564,-4.7093,-0.0663,0.8425,0.3001
-1.7869,-4.9419,-4.961,-0.0663,0.8425,0.3001
-2.2996,-5.1286,-5.2459,-0.0663,0.8425,0.3001
-2.3594,-5.2962,-6.1659,-0.0663,0.8425,0.3001
-2.5656,-5.8209,-6.3982,-0.0663,0.8425,0.3001
-2.029,-5.9576,-6.5996,-0.0663,0.8425,0.3001
-1.4422,-5.8978,-7.2152,-0.0663,0.8425,0.3001
-0.9654,-5.6485,-7.6536,-0.0663,0.8425,0.3001
-1.394,-5.2699,-8.0678,-0.0663,0.8425,0.3001
-1.7055,-6.0869,-10.7436,-0.0663,0.8425,0.3001
-3.0876,-11.0145,-15.6257,-0.0663,0.8425,0.3001
-5.6197,-19.7554,-8.1806,-0.0663,0.8425,0.3001
-4.4196,-11.5463,-1.4446,-0.0663,0.8425,0.3001
-6.9371,1.8204,5.3297,-0.0663,0.8425,0.3001
-8.7364,-2.7907,-6.3072,-0.0663,0.8425,0.3001
1.2336,-12.3271,-0.8239,-0.0663,0.8425,0.3001
3.107,-14.3969,-0.4049,-0.0663,0.8425,0.3001
-0.3761,-11.4694,-6.6475,-0.0663,0.8425,0.3001
1.7917,-8.0774,-2.7835,-0.0663,0.8425,0.3001
2.4241,-7.2391,-3.1956,-0.0663,0.8425,0.3001
2.9008,-7.9577,-2.3427,-0.0663,0.8425,0.3001
2.9511,-9.4095,-3.011,-0.0663,0.8425,0.3001
1.4062,-10.2358,-3.3512,-0.0663,0.8425,0.3001
0.9534,-9.6369,-2.369,-0.0663,0.8425,0.3001
0.9271,-8.9255,-2.0865,-0.0663,0.8425,0.3001
1.9186,-8.1567,-1.212,-0.0663,0.8425,0.3001
2.5151,-8.1687,-1.0923,-0.0663,0.8425,0.3001
2.0602,-8.6092,-1.1426,-0.0663,0.8425,0.3001
1.5906,-9.0021,-1.0923,-0.0663,0.8425,0.3001
1.8875,-9.5795,-0.6227,-0.0663,0.8425,0.3001
1.3245,-9.2658,-0.7089,-0.0663,0.8425,0.3001
1.1426,-9.0764,-0.9127,-0.0663,0.8425,0.3001
0.8047,-9.1482,-0.3642,-0.0663,0.8425,0.3001
1.0444,-8.9758,0.3378,-0.0663,0.8425,0.3001
1.0372,-8.4871,1.1785,-0.0663,0.8425,0.3001
0.8936,-9.0836,0.5701,-0.0663,0.8425,0.3001
1.423,-10.0753,-0.7233,-0.0663,0.8425,0.3001
1.4086,-10.6239,-1.4278,-0.0663,0.8425,0.3001
1.7223,-10.8633,-0.7832,-0.0663,0.8425,0.3001
1.4948,-11.194,-0.5126,-0.0663,0.8425,0.3001
1.2862,-11.0624,0.0574,-0.0663,0.8425,0.3001
1.1905,-11.6229,0.3618,-0.0663,0.8425,0.3001
0.582,-11.9294,0.3977,-0.0663,0.8425,0.3001
0.1915,-11.9701,0.4264,-0.0663,0.8425,0.3001
-0.1316,-11.9246,-0.0861,-0.0663,0.8425,0.3001
2.4552,-12.8565,-0.4671,-0.0663,0.8425,0.3001
5.2436,-13.9153,-0.2274,-0.0663,0.8425,0.3001
2.9487,-14.3179,-0.4791,-0.0663,0.8425,0.3001
-1.2671,-12.89,-2.4504,-0.0663,0.8425,0.3001
-1.1522,-10.8226,-2.5752,-0.0663,0.8425,0.3001
1.8324,-11.6684,-1.775,-0.0663,0.8425,0.3001
2.8051,-12.8062,-1.3868,-0.0663,0.8425,0.3001
0.4551,-12.2864,-0.7185,-0.0663,0.8425,0.3001
0.1053,-10.8801,0.7065,-0.0663,0.8425,0.3001
0.2585,-11.1581,0.6251,-0.0663,0.8425,0.3001
-0.0239,-11.9246,-0.3833,-0.0663,0.8425,0.3001
0.1197,-11.376,-0.6084,-0.0663,0.8425,0.3001
-0.5964,-10.6862,-0.9032,-0.0663,0.8425,0.3001
-1.7702,-9.6082,-0.4192,-0.0663,0.8425,0.3001
-1.5331,-8.3865,-0.6275,-0.0663,0.8425,0.3001
-0.3714,-7.9385,-0.9439,-0.0663,0.8425,0.3001
-0.3067,-7.4929,-0.951,-0.0663,0.8425,0.3001
-0.9798,-6.7672,-0.7425,-0.0663,0.8425,0.3001
-1.4996,-6.1946,-0.975,-0.0663,0.8425,0.3001
-0.9151,-5.8663,-1.569,-0.0663,0.8425,0.3001
-0.2513,-6.1899,-2.1631,-0.0663,0.8425,0.3001
0.2202,-6.6403,-2.9894,-0.0663,0.8425,0.3001
0.0095,-6.4775,-3.7514,-0.0663,0.8425,0.3001
-0.2657,-5.9648,-4.2736,-0.0663,0.8425,0.3001
-0.4887,-5.8472,-4.8078,-0.0663,0.8425,0.3001
-0.4935,-5.9504,-5.8017,-0.0663,0.8425,0.3001
-0.8768,-6.1228,-6.5445,-0.0663,0.8425,0.3001
-1.3988,-5.7945,-6.9276,-0.0663,0.8425,0.3001
-1.1139,-5.4091,-7.129,-0.0663,0.8425,0.3001
0.0023,-5.8927,-6.9994,-0.0663,0.8425,0.3001
0.2876,-7.0428,-8.6595,-0.0663,0.8425,0.3001
-0.8649,-11.3353,-12.5976,-0.0663,0.8425,0.3001
0.3043,-16.9766,-15.6305,-0.0663,0.8425,0.3001
-3.5595,-16.2246,1.6792,-0.0663,0.8425,0.3001
-3.9142,2.6279,6.9826,-0.0663,0.8425,0.3001
-7.3971,-0.5389,-2.7476,-0.0663,0.8425,0.3001
-0.6036,-9.9413,-6.1444,-0.0663,0.8425,0.3001
3.6122,-18.0283,-0.2035,-0.0663,0.8425,0.3001
-0.3857,-15.3094,-4.616,-0.0663,0.8425,0.3001
-4.6926,-7.0308,-4.8701,-0.0663,0.8425,0.3001
-1.3605,-3.7657,-1.526,-0.0663,0.8425,0.3001
1.4039,-6.8773,-1.423,-0.0663,0.8425,0.3001
3.5787,-10.5377,-3.2387,-0.0663,0.8425,0.3001
4.4963,-11.52,-2.5465,-0.0663,0.8425,0.3001
3.0708,-10.2789,-2.726,-0.0663,0.8425,0.3001
1.1929,-8.6427,-1.974,-0.0663,0.8425,0.3001
1.2886,-7.8547,-1.2455,-0.0663,0.8425,0.3001
1.3628,-8.7484,-1.1713,-0.0663,0.8425,0.3001
0.8406,-9.8647,-1.1186,-0.0663,0.8425,0.3001
0.5413,-9.4741,-0.963,-0.0663,0.8425,0.3001
0.5653,-8.8776,-0.7568,-0.0663,0.8425,0.3001
1.2312,-8.9231,-0.7568,-0.0663,0.8425,0.3001
1.7893,-9.0069,-0.8864,-0.0663,0.8425,0.3001
1.8947,-9.1745,-0.9103,-0.0663,0.8425,0.3001
1.411,-9.285,-0.5342,-0.0663,0.8425,0.3001
1.0157,-9.3185,-0.0454,-0.0663,0.8425,0.3001
0.7568,-8.7484,0.369,-0.0663,0.8425,0.3001
0.5533,-8.5972,0.975,-0.0663,0.8425,0.3001
0.6251,-9.5771,0.6874,-0.0663,0.8425,0.3001
0.4312,-9.7758,0.4216,-0.0663,0.8425,0.3001
0.5557,-9.6824,0.4073,-0.0663,0.8425,0.3001
0.7855,-10.8609,0.1508,-0.0663,0.8425,0.3001
1.1162,-12.2601,0.2011,-0.0663,0.8425,0.3001
0.2202,-12.5857,0.9894,-0.0663,0.8425,0.3001
-0.3306,-13.4482,-0.1388,-0.0663,0.8425,0.3001
0.6826,-13.5224,-1.1091,-0.0663,0.8425,0.3001
2.2493,-12.9738,-1.4326,-0.0663,0.8425,0.3001
5.3971,-13.2758,-0.9391,-0.0663,0.8425,0.3001
5.421,-14.4256,0.673,-0.0663,0.8425,0.3001
-0.8119,-14.3921,-2.9104,-0.0663,0.8425,0.3001
-1.3676,-11.9174,-3.9285,-0.0663,0.8425,0.3001
2.738,-11.4526,-3.4326,-0.0663,0.8425,0.3001
5.0472,-12.2457,-1.0372,-0.0663,0.8425,0.3001
2.4337,-11.5029,0.752,-0.0663,0.8425,0.3001
-0.4791,-11.2707,0.4599,-0.0663,0.8425,0.3001
-0.6539,-11.0839,1.435,-0.0663,0.8425,0.3001
-0.5796,-11.3975,1.0564,-0.0663,0.8425,0.3001
-0.7951,-11.8982,-0.0502,-0.0663,0.8425,0.3001
0.1508,-11.0408,-1.1546,-0.0663,0.8425,0.3001
0.1915,-10.1663,-1.236,-0.0663,0.8425,0.3001
-0.067,-9.7997,-0.8888,-0.0663,0.8425,0.3001
-0.067,-9.5962,-0.7281,-0.0663,0.8425,0.3001
-0.831,-9.1602,-1.1091,-0.0663,0.8425,0.3001
-1.2503,-8.1758,-1.042,-0.0663,0.8425,0.3001
-2.053,-7.1673,-0.8649,-0.0663,0.8425,0.3001
-2.223,-6.4269,-0.7018,-0.0663,0.8425,0.3001
0.4432,-8.1663,-0.7688,-0.0663,0.8425,0.3001
0.5078,-9.1003,-0.7736,-0.0663,0.8425,0.3001
0.9678,-9.7399,-0.9989,-0.0663,0.8425,0.3001
1.4661,-9.8431,-0.9199,-0.0663,0.8425,0.3001
1.6313,-9.6992,-0.908,-0.0663,0.8425,0.3001
1.2072,-9.613,-0.9534,-0.0663,0.8425,0.3001
1.1905,-9.4621,-0.3522,-0.0663,0.8425,0.3001
1.0899,-9.0213,0.4575,-0.0663,0.8425,0.3001
0.4982,-8.9327,0.5749,-0.0663,0.8425,0.3001
0.3259,-9.3161,0.0071,-0.0663,0.8425,0.3001
0.5605,-9.5603,-0.1843,-0.0663,0.8425,0.3001
1.1043,-9.7614,0.0957,-0.0663,0.8425,0.3001
0.9846,-10.1831,0.4049,-0.0663,0.8425,0.3001
0.9798,-10.7915,0.1484,-0.0663,0.8425,0.3001
1.054,-11.23,-0.2346,-0.0663,0.8425,0.3001
1.0923,-11.0384,-0.448,-0.0663,0.8425,0.3001
1.6169,-11.3521,-0.1699,-0.0663,0.8425,0.3001
2.9415,-12.6674,0.5749,-0.0663,0.8425,0.3001
3.4159,-13.7451,1.5283,-0.0663,0.8425,0.3001
0.2828,-15.2495,-1.315,-0.0663,0.8425,0.3001
-1.2623,-15.0293,-3.368,-0.0663,0.8425,0.3001
1.6217,-14.9957,-3.0493,-0.0663,0.8425,0.3001
3.3057,-13.6493,-2.4576,-0.0663,0.8425,0.3001
1.6888,-11.9796,-2.7667,-0.0663,0.8425,0.3001
2.3259,-11.6133,-2.1871,-0.0663,0.8425,0.3001
3.1597,-12.1451,-0.7281,-0.0663,0.8425,0.3001
0.067,-11.8599,0.2729,-0.0663,0.8425,0.3001
-0.8334,-10.0945,1.2838,-0.0663,0.8425,0.3001
0.345,-9.8934,0.7927,-0.0663,0.8425,0.3001
0.357,-11.2922,-1.9497,-0.0663,0.8425,0.3001
-0.0814,-11.1078,-2.6853,-0.0663,0.8425,0.3001
-0.1268,-10.1807,-1.5978,-0.0663,0.8425,0.3001
0.7065,-9.5004,-0.6946,-0.0663,0.8425,0.3001
0.5988,-9.1602,-1.0875,-0.0663,0.8425,0.3001
-0.5078,-8.6164,-1.4302,-0.0663,0.8425,0.3001
-0.4791,-7.287,-1.0324,-0.0663,0.8425,0.3001
-1.66,-5.8161,-0.4623,-0.0663,0.8425,0.3001
-2.0865,-5.0568,-0.5868,-0.0663,0.8425,0.3001
-1.7558,-5.3755,-1.2264,-0.0663,0.8425,0.3001
-1.1713,-5.7347,-2.0721,-0.0663,0.8425,0.3001
-0.7185,-6.0199,-2.9679,-0.0663,0.8425,0.3001
-0.9175,-6.0917,-3.5356,-0.0663,0.8425,0.3001
-1.1617,-5.6269,-3.919,-0.0663,0.8425,0.3001
-1.0277,-5.6173,-4.616,-0.0663,0.8425,0.3001
-0.5054,-6.1851,-5.8017,-0.0663,0.8425,0.3001
-0.3857,-6.7791,-7.0066,-0.0663,0.8425,0.3001
-1.1857,-6.5397,-7.5456,-0.0663,0.8425,0.3001
-1.7342,-5.7873,-7.4809,-0.0663,0.8425,0.3001
-1.0923,-5.2914,-7.0619,-0.0663,0.8425,0.3001
-0.1053,-5.0376,-6.9419,-0.0663,0.8425,0.3001
0.1412,-5.524,-9.2607,-0.0663,0.8425,0.3001
-3.2267,-11.9318,-13.8866,-0.0663,0.8425,0.3001
-10.5569,-23.0301,-7.7135,-0.0663,0.8425,0.3001
-2.5007,-6.7935,2.1104,-0.0663,0.8425,0.3001
-5.9576,1.2503,-1.3198,-0.0663,0.8425,0.3001
-0.594,-6.1803,-5.658,-0.0663,0.8425,0.3001
4.2305,-13.2399,3.4398,-0.0663,0.8425,0.3001
-2.5537,-14.1356,-7.0619,-0.0663,0.8425,0.3001
-0.1675,-10.0825,-3.4973,-0.0663,0.8425,0.3001
0.7113,-6.8605,-3.1812,-0.0663,0.8425,0.3001
0.1053,-6.8941,-2.9224,-0.0663,0.8425,0.3001
1.1091,-8.2429,-2.3211,-0.0663,0.8425,0.3001
1.7726,-9.5723,-2.7644,-0.0663,0.8425,0.3001
1.5044,-10.5784,-2.5704,-0.0663,0.8425,0.3001
1.6481,-10.4563,-2.3546,-0.0663,0.8425,0.3001
1.8635,-9.6585,-2.0554,-0.0663,0.8425,0.3001
1.2455,-8.6236,-1.3676,-0.0663,0.8425,0.3001
1.054,-7.905,-1.1857,-0.0663,0.8425,0.3001
0.424,-8.5158,-1.291,-0.0663,0.8425,0.3001
1.0588,-9.5483,-1.2431,-0.0663,0.8425,0.3001
1.9641,-9.8671,-1.3988,-0.0663,0.8425,0.3001
2.278,-9.208,-1.2455,-0.0663,0.8425,0.3001
1.9521,-8.7651,-1.4733,-0.0663,0.8425,0.3001
1.3796,-8.7268,-1.1641,-0.0663,0.8425,0.3001
1.1402,-9.1769,-0.685,-0.0663,0.8425,0.3001
1.0444,-8.9614,-0.4216,-0.0663,0.8425,0.3001
1.0444,-8.7026,-0.0239,-0.0663,0.8425,0.3001
1.4374,-9.1817,-0.1244,-0.0663,0.8425,0.3001
1.7127,-9.9269,-0.2753,-0.0663,0.8425,0.3001
1.5882,-10.2166,-0.4623,-0.0663,0.8425,0.3001
1.9545,-10.5928,-0.5749,-0.0663,0.8425,0.3001
1.4254,-10.77,-0.6754,-0.0663,0.8425,0.3001
1.2695,-10.8993,-0.6467,-0.0663,0.8425,0.3001
1.291,-11.0767,0.0383,-0.0663,0.8425,0.3001
1.3533,-11.2802,-0.1484,-0.0663,0.8425,0.3001
1.8013,-12.5833,0.1316,-0.0663,0.8425,0.3001
2.7979,-15.0149,0.4073,-0.0663,0.8425,0.3001
1.7319,-15.585,-0.9463,-0.0663,0.8425,0.3001
-1.2024,-14.8733,-3.7442,-0.0663,0.8425,0.3001
0.7736,-14.3514,-3.7466,-0.0663,0.8425,0.3001
3.0517,-13.2088,-3.0804,-0.0663,0.8425,0.3001
3.1142,-11.1318,-1.5738,-0.0663,0.8425,0.3001
2.8505,-10.4324,-1.1067,-0.0663,0.8425,0.3001
0.9223,-11.7737,-0.4958,-0.0663,0.8425,0.3001
0.5126,-12.3462,1.5762,-0.0663,0.8425,0.3001
1.0301,-11.7474,0.6323,-0.0663,0.8425,0.3001
0.4192,-12.4277,-1.2551,-0.0663,0.8425,0.3001
-1.0253,-12.8038,-1.6289,-0.0663,0.8425,0.3001
-0.7616,-11.915,-1.9521,-0.0663,0.8425,0.3001
-0.3594,-10.9857,-0.7281,-0.0663,0.8425,0.3001
0.2828,-10.1951,-0.7161,-0.0663,0.8425,0.3001
0.237,-9.4813,-0.8143,-0.0663,0.8425,0.3001
0.0718,-8.2692,-0.6778,-0.0663,0.8425,0.3001
-1.4374,-6.3024,-0.6874,-0.0663,0.8425,0.3001
-1.9258,-4.9467,-0.6419,-0.0663,0.8425,0.3001
-2.0697,-4.6639,-0.884,-0.0663,0.8425,0.3001
-1.4374,-5.0424,-1.6864,-0.0663,0.8425,0.3001
-0.5366,-5.8256,-2.5968,-0.0663,0.8425,0.3001
-0.0814,-5.5838,-3.0903,-0.0663,0.8425,0.3001
-0.4911,-4.7117,-3.8926,-0.0663,0.8425,0.3001
-0.8816,-4.8126,-4.2928,-0.0663,0.8425,0.3001
-0.6084,-5.064,-4.9179,-0.0663,0.8425,0.3001
-0.448,-5.7323,-6.1444,-0.0663,0.8425,0.3001
-0.7736,-6.0797,-6.7552,-0.0663,0.8425,0.3001
-1.0516,-5.6317,-6.8294,-0.0663,0.8425,0.3001
-1.4039,-5.0927,-6.5589,-0.0663,0.8425,0.3001
-1.4134,-4.6758,-6.1923,-0.0663,0.8425,0.3001
-1.4637,-4.3622,-6.1994,-0.0663,0.8425,0.3001
-1.3796,-4.0004,-7.0162,-0.0663,0.8425,0.3001
-1.6169,-5.9289,-11.8312,-0.0663,0.8425,0.3001
-6.233,-16.596,-17.7649,-0.0663,0.8425,0.3001
-11.3664,-29.3948,-9.0117,-0.0663,0.8425,0.3001
3.2698,-0.9846,4.8317,-0.0663,0.8425,0.3001
-7.0189,5.0951,-2.3427,-0.0663,0.8425,0.3001
-0.7951,-6.8797,-2.7787,-0.0663,0.8425,0.3001
2.3259,-14.1284,4.7743,-0.0663,0.8425,0.3001
-3.5093,-16.021,-8.813,-0.0663,0.8425,0.3001
0.963,-10.1496,-2.5369,-0.0663,0.8425,0.3001
1.1043,-6.3934,-3.9788,-0.0663,0.8425,0.3001
1.0229,-6.7432,-2.592,-0.0663,0.8425,0.3001
2.4648,-8.1543,-2.4384,-0.0663,0.8425,0.3001
3.4111,-9.8814,-2.75,-0.0663,0.8425,0.3001
2.9248,-10.5521,-2.3834,-0.0663,0.8425,0.3001
2.2301,-9.5076,-1.9764,-0.0663,0.8425,0.3001
1.4733,-8.1854,-1.4012,-0.0663,0.8425,0.3001
1.1665,-7.8068,-1.2431,-0.0663,0.8425,0.3001
1.1857,-8.2716,-1.2503,-0.0663,0.8425,0.3001
1.7414,-9.0141,-0.7448,-0.0663,0.8425,0.3001
1.5643,-9.4502,-0.752,-0.0663,0.8425,0.3001
0.9487,-9.3041,-1.1905,-0.0663,0.8425,0.3001
0.1268,-9.3137,-1.3126,-0.0663,0.8425,0.3001
0.2852,-9.4023,-0.661,-0.0663,0.8425,0.3001
0.9008,-8.8417,0.3115,-0.0663,0.8425,0.3001
1.0396,-8.1037,0.7688,-0.0663,0.8425,0.3001
1.2192,-8.59,0.4887,-0.0663,0.8425,0.3001
2.2541,-10.1615,-0.1723,-0.0663,0.8425,0.3001
1.8659,-10.7676,-0.4551,-0.0663,0.8425,0.3001
1.2264,-10.8897,-0.3785,-0.0663,0.8425,0.3001
1.6528,-11.4119,-0.7664,-0.0663,0.8425,0.3001
2.738,-11.5176,-0.5557,-0.0663,0.8425,0.3001
1.6098,-11.1342,-0.0239,-0.0663,0.8425,0.3001
0.7401,-11.5176,-0.9606,-0.0663,0.8425,0.3001
0.2633,-12.8206,-1.3269,-0.0663,0.8425,0.3001
0.9271,-13.5966,-2.4097,-0.0663,0.8425,0.3001
4.2832,-14.9502,-2.3283,-0.0663,0.8425,0.3001
6.0151,-15.5515,-1.8204,-0.0663,0.8425,0.3001
0.0287,-14.6267,-2.6087,-0.0663,0.8425,0.3001
-1.0732,-11.6756,-2.0793,-0.0663,0.8425,0.3001
1.2982,-11.1055,-1.4326,-0.0663,0.8425,0.3001
1.7175,-12.6698,-0.5246,-0.0663,0.8425,0.3001
-0.079,-13.7909,1.0851,-0.0663,0.8425,0.3001
0.1077,-13.3141,0.9175,-0.0663,0.8425,0.3001
0.1364,-12.8398,0.1699,-0.0663,0.8425,0.3001
0.0167,-11.7498,-0.8215,-0.0663,0.8425,0.3001
0.3905,-10.5042,-0.9774,-0.0663,0.8425,0.3001
-0.7855,-9.6321,-0.697,-0.0663,0.8425,0.3001
-1.2623,-9.5483,-0.4863,-0.0663,0.8425,0.3001
-0.4887,-9.5268,-0.6706,-0.0663,0.8425,0.3001
-0.2899,-8.8872,-0.8505,-0.0663,0.8425,0.3001
-0.8649,-6.8486,-0.5868,-0.0663,0.8425,0.3001
-1.4422,-4.7767,-0.1699,-0.0663,0.8425,0.3001
-1.9812,-4.2305,-0.5701,-0.0663,0.8425,0.3001
-0.9271,-4.6471,-1.0013,-0.0663,0.8425,0.3001
-0.2537,-4.9778,-2.1871,-0.0663,0.8425,0.3001
0.5318,-5.6126,-3.7083,-0.0663,0.8425,0.3001
0.2106,-6.1085,-4.9012,-0.0663,0.8425,0.3001
0.6227,-5.828,-5.5934,-0.0663,0.8425,0.3001
1.3557,-4.75,-4.707,-0.0663,0.8425,0.3001
1.121,-3.7825,-3.9525,-0.0663,0.8425,0.3001
-0.582,-4.355,-5.2268,-0.0663,0.8425,0.3001
-2.369,-5.0209,-7.1697,-0.0663,0.8425,0.3001
-2.8482,-5.4138,-7.8092,-0.0663,0.8425,0.3001
-2.0841,-5.2459,-7.7302,-0.0663,0.8425,0.3001
-1.5858,-5.1167,-7.4307,-0.0663,0.8425,0.3001
-1.3006,-5.2268,-7.3852,-0.0663,0.8425,0.3001
-1.4709,-7.4498,-11.8096,-0.0663,0.8425,0.3001
-7.6488,-17.5875,-9.4047,-0.0663,0.8425,0.3001
-11.3664,-32.0849,-10.928,-0.0663,0.8425,0.3001
1.8157,-5.7107,1.394,-0.0663,0.8425,0.3001
-2.8075,5.3995,5.1909,-0.0663,0.8425,0.3001
0.1101,-3.7322,-6.4918,-0.0663,0.8425,0.3001
5.4354,-13.005,5.6557,-0.0663,0.8425,0.3001
2.2948,-18.608,-7.8428,-0.0663,0.8425,0.3001
2.5175,-12.4468,-2.5537,-0.0663,0.8425,0.3001
-0.1029,-6.1803,-1.83,-0.0663,0.8425,0.3001
-1.0061,-5.5407,-1.7534,-0.0663,0.8425,0.3001
0.4528,-8.626,-0.8023,-0.0663,0.8425,0.3001
1.6193,-10.9112,-1.0827,-0.0663,0.8425,0.3001
2.0913,-11.0743,-1.4709,-0.0663,0.8425,0.3001
2.041,-9.4406,-1.2384,-0.0663,0.8425,0.3001
2.1679,-8.286,-0.9822,-0.0663,0.8425,0.3001
1.8324,-8.2692,-1.0899,-0.0663,0.8425,0.3001
1.7438,-8.8441,-0.9008,-0.0663,0.8425,0.3001
2.2278,-9.2898,-0.6227,-0.0663,0.8425,0.3001
1.763,-9.2009,-0.7592,-0.0663,0.8425,0.3001
1.2575,-9.0907,-0.975,-0.0663,0.8425,0.3001
0.7137,-8.7771,-0.884,-0.0663,0.8425,0.3001
1.0899,-8.5302,-0.4599,-0.0663,0.8425,0.3001
2.1033,-8.5924,0.2442,-0.0663,0.8425,0.3001
1.8755,-8.7101,0.7568,-0.0663,0.8425,0.3001
1.0061,-8.7026,0.2876,-0.0663,0.8425,0.3001
1.423,-8.8178,0.1364,-0.0663,0.8425,0.3001
1.4613,-9.5076,0.2852,-0.0663,0.8425,0.3001
1.0157,-11.048,0.436,-0.0663,0.8425,0.3001
0.8601,-12.5833,-0.6802,-0.0663,0.8425,0.3001
1.3461,-13.0265,-1.4781,-0.0663,0.8425,0.3001
1.8228,-12.3343,-0.4647,-0.0663,0.8425,0.3001
0.884,-12.5474,-0.2059,-0.0663,0.8425,0.3001
1.1809,-12.5306,-0.5749,-0.0663,0.8425,0.3001
0.7401,-12.5522,-1.2168,-0.0663,0.8425,0.3001
0.1484,-12.8541,-1.8516,-0.1707,0.8724,0.4119
-0.357,-12.8757,-2.7069,-0.3837,0.8191,0.5877
-0.1292,-12.7344,-3.6098,-0.7203,0.671,0.7528
0.9774,-13.3285,-3.8304,-1.1251,0.5592,0.8753
5.6269,-13.5176,-2.9391,-1.1251,0.5592,0.8753
5.6269,-13.5176,-2.9391,-2.1202,0.1288,0.8327
8.3626,-12.9978,-1.6074,-2.5079,-0.0681,0.3118
5.1382,-15.6377,1.7869,-2.5079,-0.0681,0.3118
0.1101,-15.3022,1.5283,-2.5814,-0.4868,-0.4444
0.1101,-15.3022,1.5283,-2.3353,-1.3347,-1.1272
-4.2353,-10.8729,-0.752,-2.3353,-1.3347,-1.1272
-4.3646,-9.5675,0.0694,-2.4216,-1.2931,-1.0026
-4.3646,-9.5675,0.0694,-2.6624,-2.3552,-0.307
-4.3646,-9.5675,0.0694,-3.0704,-3.3119,0.3906
-4.3646,-9.5675,0.0694,-3.0512,-1.9685,0.3917
-4.3646,-9.5675,0.0694,-2.5985,-0.5986,0.0103
-4.3646,-9.5675,0.0694,-2.5399,-0.8095,-0.2324
-4.3646,-9.5675,0.0694,-2.8413,-1.0886,-0.2303
-4.3646,-9.5675,0.0694,-2.9937,-1.0588,-0.225
-4.3646,-9.5675,0.0694,-2.7508,-1.3049,-0.3294
-4.3646,-9.5675,0.0694,-2.5399,-1.6159,-0.5169
-4.3646,-9.5675,0.0694,-2.248,-1.9493,-0.6212
-4.3646,-9.5675,0.0694,-2.0243,-2.1102,-0.6394
-4.3646,-9.5675,0.0694,-1.9178,-1.8982,-0.5648
-4.3646,-9.5675,0.0694,-1.8571,-1.6266,-0.5051
-4.3646,-9.5675,0.0694,-1.6919,-1.2527,-0.5222
-4.3646,-9.5675,0.0694,-1.4223,-1.0812,-0.4721
-4.3646,-9.5675,0.0694,-1.1464,-1.111,-0.3581
-4.3646,-9.5675,0.0694,-0.846,-0.9288,-0.3049
-4.3646,-9.5675,0.0694,-0.584,-0.6189,-0.3379
-4.3646,-9.5675,0.0694,-0.4274,-0.2726,-0.3613
-4.3646,-9.5675,0.0694,-0.2942,-0.1768,-0.3975
-4.3646,-9.5675,0.0694,-0.1973,-0.1406,-0.4732
-4.3646,-9.5675,0.0694,-0.0833,-0.1597,-0.5584
-4.3646,-9.5675,0.0694,0.0711,-0.3067,-0.6798
-4.3646,-9.5675,0.0694,0.2788,-0.524,-0.7746
-4.3646,-9.5675,0.0694,0.3629,-0.7392,-0.878
-4.3646,-9.5675,0.0694,-0.2516,-1.1195,-1.0495
-4.3646,-9.5675,0.0694,-1.1837,-1.3986,-1.4883
-4.3646,-9.5675,0.0694,0.1041,-1.8098,-0.7054
-4.3646,-9.5675,0.0694,0.7081,-0.3099,-0.1568
-4.3646,-9.5675,0.0694,1.2748,-0.2673,0.4311
-4.3646,-9.5675,0.0694,0.9264,0.637,0.1957
-4.3646,-9.5675,0.0694,1.5208,2.5407,-0.5307
-4.3646,-9.5675,0.0694,1.5006,1.9685,-0.3102
-4.3646,-9.5675,0.0694,1.6007,1.4934,-0.2175
-4.3646,-9.5675,0.0694,1.9171,1.6116,-0.422
-4.3646,-9.5675,0.0694,1.9278,1.6713,-0.3113
-4.3646,-9.5675,0.0694,1.7616,1.6053,-0.045
-4.3646,-9.5675,0.0694,1.9448,1.8577,0.0242
-4.3646,-9.5675,0.0694,2.2068,1.7821,-0.0876
-4.3646,-9.5675,0.0694,2.3443,1.3624,-0.1014
-4.3646,-9.5675,0.0694,2.2377,1.0109,0.0189
-4.3646,-9.5675,0.0694,2.1621,0.7424,0.1509
-4.3646,-9.5675,0.0694,2.1461,0.6689,0.2639
-4.3646,-9.5675,0.0694,2.1419,0.7403,0.2958
-4.3646,-9.5675,0.0694,2.0918,0.7147,0.1627
-4.3646,-9.5675,0.0694,1.965,0.6828,0.0231
-4.3646,-9.5675,0.0694,1.8031,0.7414,0.1169
-4.3646,-9.5675,0.0694,1.7115,0.8095,0.2553
-4.3646,-9.5675,0.0694,1.605,0.7073,0.2884
-4.3646,-9.5675,0.0694,1.6007,0.6146,0.315
-4.3646,-9.5675,0.0694,1.5805,0.7435,0.3299
-4.3646,-9.5675,0.0694,1.5006,1.0119,0.315
-4.3646,-9.5675,0.0694,1.3973,0.8042,0.3107
-4.3646,-9.5675,0.0694,1.2322,0.4708,0.3512
-4.3646,-9.5675,0.0694,0.8359,0.1182,0.3768
-4.3646,-9.5675,0.0694,0.4141,0.148,0.3299
-4.3646,-9.5675,0.0694,0.2852,0.6955,0.2479
-4.3646,-9.5675,0.0694,0.3043,0.7169,0.3406
-4.3646,-9.5675,0.0694,0.1978,0.7371,0.3693
-4.3646,-9.5675,0.0694,-0.0119,0.7009,0.4652
-4.3646,-9.5675,0.0694,-0.3624,0.2865,0.5067
-4.3646,-9.5675,0.0694,-0.487,0.2737,0.1115
-4.3646,-9.5675,0.0694,-1.1219,0.1651,0.0583
-4.3646,-9.5675,0.0694,-1.9519,0.1597,0.1105
-4.3646,-9.5675,0.0694,-2.4887,0.0149,-0.0876
-4.3646,-9.5675,0.0694,-2.5175,-0.1374,-0.356
-4.3646,-9.5675,0.0694,-2.5303,-0.6178,-0.503
-4.3646,-9.5675,0.0694,-2.6389,-0.9938,-0.4487
-4.3646,-9.5675,0.0694,-2.608,-1.2143,-0.3688
-4.3646,-9.5675,0.0694,-2.4791,-1.421,-0.3699
-4.3646,-9.5675,0.0694,-2.4845,-1.1536,-0.3816
-4.3646,-9.5675,0.0694,-2.4728,-0.8841,-0.2814
-4.3646,-9.5675,0.0694,-2.5047,-1.0023,-0.0428
-4.3646,-9.5675,0.0694,-2.5899,-1.2654,0.1467
-4.3646,-9.5675,0.0694,-2.6123,-1.225,0.2308
-4.3646,-9.5675,0.0694,-2.5441,-0.9938,0.3001
-4.3646,-9.5675,0.0694,-2.3641,-0.6412,0.3853
-4.3646,-9.5675,0.0694,-2.0232,-0.5006,0.4631
-4.3646,-9.5675,0.0694,-1.5886,-0.539,0.445
-4.3646,-9.5675,0.0694,-1.2082,-0.6444,0.3587
-4.3646,-9.5675,0.0694,-0.9856,-0.7744,0.2298
-4.3646,-9.5675,0.0694,-0.8449,-0.6806,0.0753
-4.3646,-9.5675,0.0694,-0.6628,-0.605,-0.0151
-4.3646,-9.5675,0.0694,-0.4732,-0.4857,-0.0972
-4.3646,-9.5675,0.0694,-0.356,-0.4782,-0.1813
-4.3646,-9.5675,0.0694,-0.3347,-0.769,-0.2282
-4.3646,-9.5675,0.0694,-0.422,-1.2324,-0.1983
-4.3646,-9.5675,0.0694,-0.3219,-0.948,-0.1941
-4.3646,-9.5675,0.0694,-0.1451,-0.3909,-0.2442
-4.3646,-9.5675,0.0694,-0.0045,-0.49,-0.2985
-4.3646,-9.5675,0.0694,0.1946,-0.8756,-0.389
-4.3646,-9.5675,0.0694,0.4343,-1.1536,-0.4838
-4.3646,-9.5675,0.0694,0.5461,-1.5083,-0.5659
-4.3646,-9.5675,0.0694,0.1318,-0.4729,-0.8577
-4.3646,-9.5675,0.0694,-0.0268,-0.18,-0.0545
-4.3646,-9.5675,0.0694,-0.4732,-0.5336,1.1224
-4.3646,-9.5675,0.0694,0.886,0.6476,-0.3155
-4.3646,-9.5675,0.0694,1.1938,0.8106,-0.1589
-4.3646,-9.5675,0.0694,1.1938,2.0079,-0.5158
-4.3646,-9.5675,0.0694,1.4452,2.8581,-0.438
-4.3646,-9.5675,0.0694,1.5049,1.813,-0.3198
-4.3646,-9.5675,0.0694,1.7701,1.3517,-0.8609
-4.3646,-9.5675,0.0694,1.9629,1.9057,-0.8524
-4.3646,-9.5675,0.0694,2.0226,2.4427,-0.4402
-4.3646,-9.5675,0.0694,1.9267,2.1485,-0.1493
-4.3646,-9.5675,0.0694,1.8212,1.5616,-0.2047
-4.3646,-9.5675,0.0694,1.8905,1.2569,-0.3198
-4.3646,-9.5675,0.0694,1.8905,1.4188,-0.2889
-4.3646,-9.5675,0.0694,1.7499,1.4274,-0.1014
-4.3646,-9.5675,0.0694,1.5879,1.1717,0.0956
-4.3646,-9.5675,0.0694,1.5922,0.8947,0.0945
-4.3646,-9.5675,0.0694,1.4708,0.8149,0.0881
-4.3646,-9.5675,0.0694,1.3248,0.8159,-0.0023
-4.3646,-9.5675,0.0694,1.2588,0.9789,-0.0982
-4.3646,-9.5675,0.0694,1.1895,1.2079,-0.0428
-4.3646,-9.5675,0.0694,1.0681,1.1824,0.0519
-4.3646,-9.5675,0.0694,1.001,1.0226,0.1467
-4.3646,-9.5675,0.0694,1.0351,0.9022,0.2085
-4.3646,-9.5675,0.0694,1.1405,0.9565,0.2692
-4.3646,-9.5675,0.0694,1.295,1.0897,0.3033
-4.3646,-9.5675,0.0694,1.4196,1.0449,0.3097
-4.3646,-9.5675,0.0694,1.4346,0.9246,0.3427
-4.3646,-9.5675,0.0694,1.2748,0.6444,0.3629
-4.3646,-9.5675,0.0694,1.001,0.4516,0.3736
-4.3646,-9.5675,0.0694,0.8018,0.6529,0.3523
-4.3646,-9.5675,0.0694,0.5888,0.8415,0.2937
-4.3646,-9.5675,0.0694,0.3171,0.8756,0.25
-4.3646,-9.5675,0.0694,-0.1099,0.6103,0.2287
-4.3646,-9.5675,0.0694,-0.2995,0.3493,0.1264
-4.3646,-9.5675,0.0694,-0.5786,-0.2194,0.1009
-4.3646,-9.5675,0.0694,-1.1485,-0.4026,0.1733
-4.3646,-9.5675,0.0694,-1.9753,-0.8958,0.3171
-4.3646,-9.5675,0.0694,-2.6016,-1.2367,0.1829
-4.3646,-9.5675,0.0694,-2.738,-1.4444,-0.0886
-4.3646,-9.5675,0.0694,-2.6645,-1.7256,-0.0727
-4.3646,-9.5675,0.0694,-2.5612,-2.2092,-0.1621
-4.3646,-9.5675,0.0694,-2.5686,-2.6632,-0.3432
-4.3646,-9.5675,0.0694,-2.6634,-2.7771,-0.4423
-4.3646,-9.5675,0.0694,-2.7753,-2.5119,-0.4455
-4.3646,-9.5675,0.0694,-2.8243,-2.2039,-0.5094
-4.3646,-9.5675,0.0694,-2.8158,-2.0569,-0.4412
-4.3646,-9.5675,0.0694,-2.8701,-1.895,-0.373
-4.3646,-9.5675,0.0694,-2.8541,-2.0047,-0.437
-4.3646,-9.5675,0.0694,-2.8839,-2.2444,-0.3645
-4.3646,-9.5675,0.0694,-2.9042,-2.383,-0.1259
-4.3646,-9.5675,0.0694,-2.6901,-1.9855,-0.0013
-4.3646,-9.5675,0.0694,-2.412,-1.7278,0.0902
-4.3646,-9.5675,0.0694,-2.0861,-1.4955,0.1552
-4.3646,-9.5675,0.0694,-1.6621,-1.3017,0.184
-4.3646,-9.5675,0.0694,-1.2167,-0.9033,0.1424
-4.3646,-9.5675,0.0694,-0.8013,-0.7147,0.1627
-4.3646,-9.5675,0.0694,-0.4018,-0.4133,0.1914
-4.3646,-9.5675,0.0694,-0.0822,-0.0436,0.0849
-4.3646,-9.5675,0.0694,0.152,0.3163,-0.0631
-4.3646,-9.5675,0.0694,0.2255,0.3099,-0.1525
-4.3646,-9.5675,0.0694,0.0444,-0.066,-0.1856
-4.3646,-9.5675,0.0694,-0.1983,-0.3312,-0.2431
-4.3646,-9.5675,0.0694,-0.4274,-0.3653,-0.2548
-4.3646,-9.5675,0.0694,-0.6074,-0.6391,-0.2101
-4.3646,-9.5675,0.0694,0.021,-0.4868,-0.2878
-4.3646,-9.5675,0.0694,0.6995,0.3376,-0.5264
-4.3646,-9.5675,0.0694,0.7645,0.4069,-0.6894
-4.3646,-9.5675,0.0694,1.3046,1.1302,-0.944
-4.3646,-9.5675,0.0694,1.4761,1.6074,-0.7736
-4.3646,-9.5675,0.0694,1.5443,1.4966,-0.5509
-4.3646,-9.5675,0.0694,1.8979,1.8993,-0.3624
-4.3646,-9.5675,0.0694,1.9704,1.846,-0.078
-4.3646,-9.5675,0.0694,1.9885,1.8652,-0.0375
-4.3646,-9.5675,0.0694,2.0758,1.8396,-0.1589
-4.3646,-9.5675,0.0694,2.1163,1.8567,-0.2303
-4.3646,-9.5675,0.0694,2.0971,1.7789,-0.2516
-4.3646,-9.5675,0.0694,2.1408,1.7075,-0.1014
-4.3646,-9.5675,0.0694,2.1163,1.3017,-0.0226
-4.3646,-9.5675,0.0694,2.0588,0.9011,0.054
-4.3646,-9.5675,0.0694,2.0588,0.5411,0.1776
-4.3646,-9.5675,0.0694,1.9363,0.3025,0.2916
-4.3646,-9.5675,0.0694,1.8351,0.2322,0.331
-4.3646,-9.5675,0.0694,1.7605,0.5347,0.2852
-4.3646,-9.5675,0.0694,1.6732,0.6774,0.2319
-4.3646,-9.5675,0.0694,1.6135,0.6689,0.1637
-4.3646,-9.5675,0.0694,1.5741,0.6828,0.1904
-4.3646,-9.5675,0.0694,1.4463,0.6295,0.2276
-4.3646,-9.5675,0.0694,1.3866,0.5304,0.2181
-4.3646,-9.5675,0.0694,1.2982,0.54,0.2319
-4.3646,-9.5675,0.0694,1.2375,0.6657,0.2607
-4.3646,-9.5675,0.0694,1.2396,0.9065,0.3267
-4.3646,-9.5675,0.0694,1.1821,0.899,0.4055
-4.3646,-9.5675,0.0694,1.0266,0.7616,0.4471
-4.3646,-9.5675,0.0694,0.838,0.6913,0.4535
-4.3646,-9.5675,0.0694,0.6378,0.6796,0.3821
-4.3646,-9.5675,0.0694,0.3896,0.7019,0.3991
-4.3646,-9.5675,0.0694,0.1989,0.785,0.4481
-4.3646,-9.5675,0.0694,0.005,0.8276,0.5653
-4.3646,-9.5675,0.0694,-0.2644,0.4548,0.6623
-4.3646,-9.5675,0.0694,-0.6894,-0.2119,0.6804
-4.3646,-9.5675,0.0694,-0.911,-0.6252,0.0711
-4.3646,-9.5675,0.0694,-1.3073,-0.9565,-0.1302
-4.3646,-9.5675,0.0694,-1.9337,-1.2175,-0.0844
-4.3646,-9.5675,0.0694,-2.493,-1.3794,0.0519
-4.3646,-9.5675,0.0694,-2.8509,-1.4444,0.0284
-4.3646,-9.5675,0.0694,-2.624,-1.0332,-0.3454
-4.3646,-9.5675,0.0694,-2.1756,-0.8788,-0.6298
-4.3646,-9.5675,0.0694,-2.1692,-1.2942,-0.601
-4.3646,-9.5675,0.0694,-2.4387,-1.9813,-0.5254
-4.3646,-9.5675,0.0694,-2.6645,-2.0505,-0.5275
-4.3646,-9.5675,0.0694,-2.6528,-1.4806,-0.5051
-4.3646,-9.5675,0.0694,-2.5665,-1.2409,-0.4721
-4.3646,-9.5675,0.0694,-2.5303,-1.3943,-0.5254
-4.3646,-9.5675,0.0694,-2.4589,-1.5893,-0.6298
-4.3646,-9.5675,0.0694,-2.3481,-1.7107,-0.6894
-4.3646,-9.5675,0.0694,-2.2576,-1.6617,-0.6756
-4.3646,-9.5675,0.0694,-2.1393,-1.585,-0.5872
-4.3646,-9.5675,0.0694,-1.9348,-1.4881,-0.4838
-4.3646,-9.5675,0.0694,-1.7058,-1.471,-0.486
-4.3646,-9.5675,0.0694,-1.4553,-1.4167,-0.5105
-4.3646,-9.5675,0.0694,-1.1869,-1.389,-0.5222
-4.3646,-9.5675,0.0694,-0.9131,-1.2186,-0.4348
-4.3646,-9.5675,0.0694,-0.6223,-0.9171,-0.3102
-4.3646,-9.5675,0.0694,-0.3496,-0.6146,-0.2442
-4.3646,-9.5675,0.0694,-0.1451,-0.3696,-0.2537
-4.3646,-9.5675,0.0694,-0.0237,-0.1587,-0.3049
-4.3646,-9.5675,0.0694,0.0636,-0.0809,-0.3198
-4.3646,-9.5675,0.0694,0.1211,-0.1725,-0.3464
-4.3646,-9.5675,0.0694,0.2319,-0.3653,-0.4359
-4.3646,-9.5675,0.0694,0.4162,-0.5027,-0.5808
-4.3646,-9.5675,0.0694,0.6335,-0.6423,-0.7406
-4.3646,-9.5675,0.0694,0.8529,-0.524,-0.8769
-4.3646,-9.5675,0.0694,1.0138,-0.344,-0.9334
-4.3646,-9.5675,0.0694,0.6346,-0.0798,-0.7139
-4.3646,-9.5675,0.0694,-0.1323,-0.0521,-0.3485
-4.3646,-9.5675,0.0694,0.2788,-0.3259,-0.2761
-4.3646,-9.5675,0.0694,1.2109,0.9139,-0.6447
-4.3646,-9.5675,0.0694,1.5421,1.3624,-0.1621
-4.3646,-9.5675,0.0694,1.4335,1.5275,0.2138
-4.3646,-9.5675,0.0694,1.7371,2.0516,0.0114
-4.3646,-9.5675,0.0694,1.5752,1.585,-0.0492
-4.3646,-9.5675,0.0694,1.6732,1.9941,-0.0972
-4.3646,-9.5675,0.0694,1.7371,2.2487,-0.2239
-4.3646,-9.5675,0.0694,1.6998,2.2071,-0.2143
-4.3646,-9.5675,0.0694,1.6135,2.1027,-0.1057
-4.3646,-9.5675,0.0694,1.4772,1.9099,0.0593
-4.3646,-9.5675,0.0694,1.3802,1.6063,0.1541
-4.3646,-9.5675,0.0694,1.3067,1.4029,0.266
-4.3646,-9.5675,0.0694,1.2332,1.209,0.233
-4.3646,-9.5675,0.0694,1.2098,1.2399,0.1616
-4.3646,-9.5675,0.0694,1.1459,1.226,0.1861
-4.3646,-9.5675,0.0694,1.034,1.1589,0.25
-4.3646,-9.5675,0.0694,0.985,0.9821,0.2447
-4.3646,-9.5675,0.0694,0.969,0.6902,0.2191
-4.3646,-9.5675,0.0694,0.9371,0.4793,0.1723
-4.3646,-9.5675,0.0694,0.8913,0.442,0.1467
-4.3646,-9.5675,0.0694,0.8561,0.5635,0.1254
-4.3646,-9.5675,0.0694,0.788,0.6348,0.1637
-4.3646,-9.5675,0.0694,0.6932,0.5262,0.185
-4.3646,-9.5675,0.0694,0.6772,0.4655,0.2042
-4.3646,-9.5675,0.0694,0.6814,0.4079,0.2607
-4.3646,-9.5675,0.0694,0.6868,0.4388,0.2713
-4.3646,-9.5675,0.0694,0.724,0.5177,0.2798
-4.3646,-9.5675,0.0694,0.7251,0.474,0.3246
-4.3646,-9.5675,0.0694,0.7017,0.3909,0.3565
-4.3646,-9.5675,0.0694,0.7507,0.3632,0.3608
-4.3646,-9.5675,0.0694,0.7784,0.3898,0.4215
-4.3646,-9.5675,0.0694,0.7219,0.4122,0.4087
-4.3646,-9.5675,0.0694,0.6495,0.4154,0.4205
-4.3646,-9.5675,0.0694,0.4865,0.3579,0.478
-4.3646,-9.5675,0.0694,0.3267,0.2599,0.4258
-4.3646,-9.5675,0.0694,0.2042,0.1778,0.3544
-4.3646,-9.5675,0.0694,0.0668,0.294,0.1446
-4.3646,-9.5675,0.0694,0.054,0.5283,-0.0311
