andar
2.1296,-10.286,-1.2312,0.2053,0.5656,0.4641
2.8146,-9.7423,-1.2886,0.2053,0.5656,0.4641
2.8817,-8.0846,-1.7127,0.2053,0.5656,0.4641
2.841,-6.9012,-2.3068,0.2053,0.5656,0.4641
2.7644,-7.117,-2.3355,0.2053,0.5656,0.4641
3.0974,-7.6416,-2.2541,0.2053,0.5656,0.4641
3.0493,-8.0104,-1.9883,0.2053,0.5656,0.4641
2.7644,-7.8212,-1.8611,0.2053,0.5656,0.4641
2.2804,-7.0763,-2.1535,0.2053,0.5656,0.4641
1.5547,-6.9491,-2.4432,0.2053,0.5656,0.4641
1.4589,-7.0596,-3.2243,0.2053,0.5656,0.4641
1.8228,-7.4953,-3.3512,0.2053,0.5656,0.4641
2.3187,-7.4929,-3.9956,0.2053,0.5656,0.4641
2.7117,-7.4857,-4.2329,0.2053,0.5656,0.4641
2.9727,-7.3732,-4.4196,0.2053,0.5656,0.4641
2.9008,-7.4857,-4.4532,0.2053,0.5656,0.4641
2.8434,-7.6153,-4.434,0.2053,0.5656,0.4641
2.8769,-7.4905,-4.7791,0.2053,0.5656,0.4641
2.9966,-7.3062,-5.131,0.2053,0.5656,0.4641
3.078,-7.4833,-5.0855,0.2053,0.5656,0.4641
3.0588,-7.4761,-4.9347,0.2053,0.5656,0.4641
3.3249,-7.668,-5.6964,0.2053,0.5656,0.4641
3.6194,-8.0463,-5.9887,0.2063,0.6178,0.5174
3.6194,-8.0463,-5.9887,0.0615,0.5315,0.593
3.7178,-8.7532,-6.6115,-0.1504,0.5805,0.6282
4.0913,-9.9796,-6.8534,-0.3507,0.7786,0.6122
5.9457,-15.3429,-5.2938,-0.3507,0.7786,0.6122
5.9457,-15.3429,-5.2938,-0.3677,0.964,0.3448
6.4942,-15.6784,-3.7131,-0.3677,0.964,0.3448
6.4942,-15.6784,-3.7131,-0.0865,0.1246,-0.1046
4.3718,-8.8537,1.5858,0.1541,0.0319,-0.1195
1.7773,-4.8677,0.5725,0.1541,0.0319,-0.1195
1.7773,-4.8677,0.5725,0.4567,-0.1107,0.2809
2.2732,-8.8609,-1.1498,0.4567,-0.1107,0.2809
2.2732,-8.8609,-1.1498,0.6015,-0.5027,0.5259
2.2732,-8.8609,-1.1498,0.886,-1.3038,0.6889
2.2732,-8.8609,-1.1498,1.1374,-1.7469,0.936
2.2732,-8.8609,-1.1498,1.1576,-1.2409,0.903
2.2732,-8.8609,-1.1498,1.2716,-0.9608,0.7986
2.2732,-8.8609,-1.1498,1.3717,-1.1451,0.7059
2.2732,-8.8609,-1.1498,1.2918,-1.0748,0.5536
2.2732,-8.8609,-1.1498,1.2172,-0.7733,0.4695
2.2732,-8.8609,-1.1498,1.1533,-0.8639,0.4418
2.2732,-8.8609,-1.1498,1.0798,-1.1515,0.3597
2.2732,-8.8609,-1.1498,1.0319,-1.2335,0.2223
2.2732,-8.8609,-1.1498,0.985,-1.0886,0.1073
2.2732,-8.8609,-1.1498,0.903,-0.9342,0.0508
2.2732,-8.8609,-1.1498,0.837,-0.8042,0.0487
2.2732,-8.8609,-1.1498,0.838,-0.6679,0.0774
2.2732,-8.8609,-1.1498,0.8615,-0.6007,0.0998
2.2732,-8.8609,-1.1498,0.9243,-0.3962,0.0849
2.2732,-8.8609,-1.1498,0.9488,-0.1906,0.0881
2.2732,-8.8609,-1.1498,0.9584,-0.0628,0.135
2.2732,-8.8609,-1.1498,0.9264,-0.05,0.1563
2.2732,-8.8609,-1.1498,0.9456,-0.1608,0.1318
2.2732,-8.8609,-1.1498,1.0053,-0.3685,0.1637
2.2732,-8.8609,-1.1498,1.0095,-0.4452,0.1616
2.2732,-8.8609,-1.1498,0.9722,-0.3962,0.1158
2.2732,-8.8609,-1.1498,0.9733,-0.4399,0.0774
2.2732,-8.8609,-1.1498,0.9499,-0.6295,0.0668
2.2732,-8.8609,-1.1498,0.8476,-0.7083,0.0412
2.2732,-8.8609,-1.1498,0.707,-0.7712,0.0306
2.2732,-8.8609,-1.1498,0.5557,-0.8468,0.0103
2.2732,-8.8609,-1.1498,0.4002,-0.7818,-0.0311
2.2732,-8.8609,-1.1498,0.233,-0.6029,-0.0972
2.2732,-8.8609,-1.1498,0.0806,-0.4378,-0.1728
2.2732,-8.8609,-1.1498,-0.0354,-0.392,-0.2186
2.2732,-8.8609,-1.1498,-0.1195,-0.4079,-0.324
2.2732,-8.8609,-1.1498,-0.3539,-0.0458,-0.552
2.2732,-8.8609,-1.1498,-0.7959,0.1768,-0.4796
2.2732,-8.8609,-1.1498,-1.0516,0.4197,-0.1451
2.2732,-8.8609,-1.1498,-1.0718,0.4463,0.0189
2.2732,-8.8609,-1.1498,-1.2657,0.5986,-0.3049
2.2732,-8.8609,-1.1498,-1.7878,0.9778,-0.7906
2.2732,-8.8609,-1.1498,-2.4632,1.2367,-0.8854
2.2732,-8.8609,-1.1498,-2.5431,1.0471,-0.6532
2.2732,-8.8609,-1.1498,-2.1979,0.5954,-0.4817
2.2732,-8.8609,-1.1498,-1.8581,0.7222,-0.3635
2.2732,-8.8609,-1.1498,-1.6845,1.258,-0.2719
2.2732,-8.8609,-1.1498,-1.6749,1.78,-0.2015
2.2732,-8.8609,-1.1498,-1.7111,2.0388,-0.0844
2.2732,-8.8609,-1.1498,-1.726,1.9578,-0.0023
2.2732,-8.8609,-1.1498,-1.6334,1.6532,0.0412
2.2732,-8.8609,-1.1498,-1.5512,1.4263,0.0657
2.2732,-8.8609,-1.1498,-1.4383,1.1376,0.1211
2.2732,-8.8609,-1.1498,-1.2934,0.9885,0.0796
2.2732,-8.8609,-1.1498,-1.1784,0.9469,0.0039
2.2732,-8.8609,-1.1498,-1.0175,0.752,-0.0982
2.2732,-8.8609,-1.1498,-0.8087,0.4197,-0.1493
2.2732,-8.8609,-1.1498,-0.5637,0.099,-0.1653
2.2732,-8.8609,-1.1498,-0.3656,0.0149,-0.1792
2.2732,-8.8609,-1.1498,-0.1845,0.1193,-0.1579
2.2732,-8.8609,-1.1498,0.0327,0.2023,-0.0396
2.2732,-8.8609,-1.1498,0.2777,0.23,0.1595
2.2732,-8.8609,-1.1498,0.5099,0.1928,0.3544
2.2732,-8.8609,-1.1498,0.6388,0.0916,0.511
2.2732,-8.8609,-1.1498,0.6218,-0.0213,0.5696
2.2732,-8.8609,-1.1498,0.3693,-0.082,0.5025
2.2732,-8.8609,-1.1498,0.0242,0.0191,0.3224
2.2732,-8.8609,-1.1498,-0.1802,0.1938,0.201
2.2732,-8.8609,-1.1498,-0.1312,0.5432,0.184
2.2732,-8.8609,-1.1498,-0.1217,0.8468,0.234
2.2732,-8.8609,-1.1498,-0.1611,0.9768,0.217
2.2732,-8.8609,-1.1498,0.0711,0.9459,-0.1547
2.2732,-8.8609,-1.1498,-0.4764,0.4378,-0.5861
2.2732,-8.8609,-1.1498,-0.8577,0.7222,0.0359
2.2732,-8.8609,-1.1498,0.7698,-0.3792,0.9243
2.2732,-8.8609,-1.1498,1.1682,-1.7331,0.9232
2.2732,-8.8609,-1.1498,0.756,-1.2207,0.3352
2.2732,-8.8609,-1.1498,1.5816,-2.1112,0.511
2.2732,-8.8609,-1.1498,1.229,-0.7467,0.7017
2.2732,-8.8609,-1.1498,1.1459,-0.295,0.5717
2.2732,-8.8609,-1.1498,1.4793,-0.9192,0.5408
2.2732,-8.8609,-1.1498,1.4335,-1.2228,0.4481
2.2732,-8.8609,-1.1498,1.426,-1.5424,0.4407
2.2732,-8.8609,-1.1498,1.3792,-1.8843,0.4737
2.2732,-8.8609,-1.1498,1.2609,-1.7981,0.3672
2.2732,-8.8609,-1.1498,1.2268,-1.3922,0.0924
2.2732,-8.8609,-1.1498,1.1917,-1.1142,-0.0577
2.2732,-8.8609,-1.1498,1.1395,-0.9832,0.0434
2.2732,-8.8609,-1.1498,1.0969,-0.7584,0.2671
1.8228,-12.2409,-1.9354,1.0969,-0.7584,0.2671
-0.4312,-12.4396,-0.0215,1.0969,-0.7584,0.2671
1.0564,-9.8814,-0.9582,1.0969,-0.7584,0.2671
0.9032,-8.377,-1.3581,1.0969,-0.7584,0.2671
-0.6395,-8.1325,-0.9894,1.0969,-0.7584,0.2671
-0.4623,-8.4655,-1.2,1.0969,-0.7584,0.2671
0.1843,-9.0405,-1.4805,1.0969,-0.7584,0.2671
0.5509,-9.2898,-2.108,1.0969,-0.7584,0.2671
0.8864,-8.9926,-2.1799,1.0969,-0.7584,0.2671
1.1881,-8.6643,-1.7295,1.0969,-0.7584,0.2671
0.6898,-8.8465,-1.224,1.0969,-0.7584,0.2671
-0.1699,-9.5411,-0.8672,1.0969,-0.7584,0.2671
-0.6706,-9.8383,-0.6826,1.0969,-0.7584,0.2671
-0.9223,-9.8093,-0.448,1.0969,-0.7584,0.2671
-1.1258,-9.5699,-0.4264,1.0969,-0.7584,0.2671
-0.9343,-9.5651,0.0383,1.0969,-0.7584,0.2671
-0.8936,-9.7806,-0.0478,1.0969,-0.7584,0.2671
-0.7185,-10.3004,-0.2154,1.0969,-0.7584,0.2671
-0.2995,-10.1663,-0.5174,1.0969,-0.7584,0.2671
0.1484,-9.4933,-0.3522,1.0969,-0.7584,0.2671
-0.1747,-9.2658,0.2082,1.0969,-0.7584,0.2671
-0.0239,-9.2152,0.7018,1.0969,-0.7584,0.2671
0.3306,-9.2416,1.0875,1.0969,-0.7584,0.2671
0.5773,-9.232,0.9247,1.0969,-0.7584,0.2671
0.4647,-9.8431,0.0454,1.0969,-0.7584,0.2671
0.4791,-10.2789,-0.7855,1.0969,-0.7584,0.2671
0.2059,-10.3411,-1.3413,1.0969,-0.7584,0.2671
-0.2154,-10.4444,-1.2,1.0969,-0.7584,0.2671
-0.5868,-10.6957,-0.6108,1.0969,-0.7584,0.2671
-0.618,-11.036,-0.7185,1.0969,-0.7584,0.2671
-0.3043,-11.4167,-1.5906,1.0969,-0.7584,0.2671
-0.4384,-11.5005,-2.0985,1.0969,-0.7584,0.2671
-0.237,-10.9977,-1.8564,1.0969,-0.7584,0.2671
-0.6467,-11.0193,-0.896,1.0969,-0.7584,0.2671
-3.435,-14.3128,-0.8334,1.0969,-0.7584,0.2671
-5.773,-15.0221,1.1067,1.0969,-0.7584,0.2671
-0.5701,-13.2806,1.9569,1.0969,-0.7584,0.2671
5.8807,-10.219,-0.0287,1.0969,-0.7584,0.2671
6.1707,-8.1423,-0.2561,1.0969,-0.7584,0.2671
2.3666,-9.3376,-0.8382,1.0969,-0.7584,0.2671
-0.515,-11.7929,-0.9894,1.0969,-0.7584,0.2671
-0.6587,-12.4731,-0.4887,1.0969,-0.7584,0.2671
-0.4216,-12.0275,1.2264,1.0969,-0.7584,0.2671
0.0526,-11.6971,1.933,1.0969,-0.7584,0.2671
0.3833,-10.7077,0.9606,1.0969,-0.7584,0.2671
0.606,-9.3735,0.1292,1.0969,-0.7584,0.2671
1.435,-8.4919,-0.2489,1.0969,-0.7584,0.2671
1.9883,-8.4177,-0.7927,1.0969,-0.7584,0.2671
2.2517,-9.1841,-1.4374,1.0969,-0.7584,0.2671
1.9668,-9.3209,-1.3365,1.0969,-0.7584,0.2671
2.1464,-8.4536,-0.6946,1.0969,-0.7584,0.2671
2.2349,-7.6321,-0.764,1.0969,-0.7584,0.2671
2.7356,-7.2535,-1.3988,1.0969,-0.7584,0.2671
2.6063,-7.2439,-2.1511,1.0969,-0.7584,0.2671
2.3906,-6.8079,-2.46,1.0969,-0.7584,0.2671
2.1655,-6.4532,-2.5441,1.0969,-0.7584,0.2671
1.9931,-6.233,-2.3235,1.0969,-0.7584,0.2671
1.526,-6.3359,-2.2038,1.0969,-0.7584,0.2671
1.0708,-6.6475,-2.1823,1.0969,-0.7584,0.2671
1.0803,-6.9252,-2.6111,1.0969,-0.7584,0.2671
1.569,-7.2319,-3.7131,1.0969,-0.7584,0.2671
2.4001,-7.9098,-5.2723,1.0969,-0.7584,0.2671
3.4781,-8.7196,-6.8773,1.0969,-0.7584,0.2671
4.3095,-9.0357,-7.5025,1.0969,-0.7584,0.2671
4.1464,-8.7939,-6.8246,1.0969,-0.7584,0.2671
3.0421,-8.262,-4.8461,1.0969,-0.7584,0.2671
2.1033,-7.7015,-4.4125,1.0969,-0.7584,0.2671
3.1166,-9.0883,-5.3058,1.0969,-0.7584,0.2671
6.3239,-13.2614,-4.2808,1.0969,-0.7584,0.2671
9.1338,-20.2513,-5.682,1.0969,-0.7584,0.2671
2.9439,-16.7396,-4.8868,1.0969,-0.7584,0.2671
-1.9186,-0.2585,5.7634,1.0969,-0.7584,0.2671
-0.2609,-1.1546,1.9473,1.0969,-0.7584,0.2671
4.1033,-7.3564,-2.1727,1.0969,-0.7584,0.2671
-1.4302,-14.7009,2.7404,1.0969,-0.7584,0.2671
-2.8098,-15.7478,1.4422,1.0969,-0.7584,0.2671
0.697,-9.3065,-0.7161,1.0969,-0.7584,0.2671
0.9558,-6.2018,-0.7472,1.0969,-0.7584,0.2671
1.3605,-6.3479,-1.8923,1.0969,-0.7584,0.2671
1.1378,-9.4597,-2.0123,1.0969,-0.7584,0.2671
0.7018,-11.1486,-2.0075,1.0969,-0.7584,0.2671
0.2322,-9.9245,-0.8023,1.0969,-0.7584,0.2671
0.2729,-8.0941,0.4408,1.0969,-0.7584,0.2671
-0.7688,-8.1277,0.0837,1.0969,-0.7584,0.2671
-2.0793,-9.8479,-0.4791,1.0969,-0.7584,0.2671
-2.3187,-11.3185,-0.6036,1.0969,-0.7584,0.2671
-1.8947,-11.3473,-0.5102,1.0617,-0.6167,0.3352
-0.6922,-10.2813,-0.3833,1.0617,-0.6167,0.3352
-0.2154,-9.8021,-0.6323,1.0276,-0.4718,0.3587
0.0646,-9.6273,-0.9271,0.9893,-0.3675,0.3342
0.0646,-9.6273,-0.9271,0.8838,-0.3675,0.2362
0.2202,-9.4957,-1.133,0.8295,-0.4207,0.1925
0.5342,-9.1338,-1.4757,0.8295,-0.4207,0.1925
0.5342,-9.1338,-1.4757,0.7517,-0.5869,0.0988
0.6012,-9.129,-0.9822,0.7517,-0.5869,0.0988
0.448,-9.4071,-0.436,0.7432,-0.6668,0.0572
0.448,-9.4071,-0.436,0.7986,-0.7435,0.0316
0.2801,-9.5124,0.1819,0.7986,-0.7435,0.0316
0.2801,-9.5124,0.1819,0.8359,-0.6785,0.0061
0.2801,-9.5124,0.1819,0.821,-0.5773,-0.0311
0.2801,-9.5124,0.1819,0.7848,-0.6817,-0.0876
0.2801,-9.5124,0.1819,0.691,-0.7147,-0.1536
0.2801,-9.5124,0.1819,0.6718,-0.8031,-0.1717
0.2801,-9.5124,0.1819,0.6655,-0.7882,-0.1749
0.2801,-9.5124,0.1819,0.6218,-0.7392,-0.1696
0.2801,-9.5124,0.1819,0.6196,-0.7445,-0.2005
0.2801,-9.5124,0.1819,0.5983,-0.8266,-0.2537
0.2801,-9.5124,0.1819,0.5611,-0.9107,-0.3272
0.2801,-9.5124,0.1819,0.4492,-0.9491,-0.4721
0.2801,-9.5124,0.1819,0.0892,-0.6178,-0.5786
0.2801,-9.5124,0.1819,-0.5829,-0.3973,-0.6202
0.2801,-9.5124,0.1819,-1.3626,0.1448,-0.3155
0.2801,-9.5124,0.1819,-1.856,0.4516,0.0316
0.2801,-9.5124,0.1819,-2.3811,1.0002,-0.3773
0.2801,-9.5124,0.1819,-2.8296,0.9714,-0.5094
0.2801,-9.5124,0.1819,-2.95,0.6977,-0.4497
0.2801,-9.5124,0.1819,-2.5708,0.5145,-0.3059
0.2801,-9.5124,0.1819,-2.052,1.0162,-0.0663
0.2801,-9.5124,0.1819,-2.0147,2.5364,0.0838
0.2801,-9.5124,0.1819,-2.4397,2.8975,-0.0503
0.2801,-9.5124,0.1819,-2.526,2.5822,-0.2069
0.2801,-9.5124,0.1819,-2.3428,2.2797,-0.1728
0.2801,-9.5124,0.1819,-2.0978,1.8535,-0.1568
0.2801,-9.5124,0.1819,-1.7889,1.5584,-0.0066
0.2801,-9.5124,0.1819,-1.6078,1.5957,0.2255
0.2801,-9.5124,0.1819,-1.4958,1.7746,0.3491
0.2801,-9.5124,0.1819,-1.2828,1.6159,0.282
0.2801,-9.5124,0.1819,-0.8428,0.8798,0.1989
0.2801,-9.5124,0.1819,-0.3677,0.2822,0.1701
0.2801,-9.5124,0.1819,-0.1142,0.1683,0.1201
0.2801,-9.5124,0.1819,0.0977,0.1565,0.054
0.2801,-9.5124,0.1819,0.2979,0.1139,-0.0002
0.2801,-9.5124,0.1819,0.5504,0.0745,0.0561
0.2801,-9.5124,0.1819,0.8157,-0.0681,0.2244
0.2801,-9.5124,0.1819,0.9999,-0.2609,0.5483
0.2801,-9.5124,0.1819,0.9424,-0.1917,0.8636
0.2801,-9.5124,0.1819,0.5845,0.1512,0.8817
0.2801,-9.5124,0.1819,0.1382,0.3792,0.577
0.2801,-9.5124,0.1819,-0.2165,0.3078,0.3107
0.2801,-9.5124,0.1819,-0.0982,0.523,0.2894
0.2801,-9.5124,0.1819,0.0497,0.8873,0.4066
0.2801,-9.5124,0.1819,0.4119,0.8042,0.1957
0.2801,-9.5124,0.1819,0.0284,-0.2205,-0.3006
0.2801,-9.5124,0.1819,-1.1464,0.0511,-0.6532
0.2801,-9.5124,0.1819,-0.0386,-0.0106,0.103
0.2801,-9.5124,0.1819,1.1864,-1.9344,0.9957
0.2801,-9.5124,0.1819,0.7613,-1.4444,0.6388
0.2801,-9.5124,0.1819,1.4516,-1.9823,0.6846
0.2801,-9.5124,0.1819,1.6412,-1.4135,0.8561
0.2801,-9.5124,0.1819,1.3238,-0.5443,0.6388
0.2801,-9.5124,0.1819,1.5709,-0.8884,0.4098
0.2801,-9.5124,0.1819,1.507,-1.4071,0.1062
0.2801,-9.5124,0.1819,1.5272,-1.781,-0.0482
0.2801,-9.5124,0.1819,1.54,-2.0228,-0.013
0.2801,-9.5124,0.1819,1.4708,-1.8854,0.0945
0.2801,-9.5124,0.1819,1.3621,-1.3826,0.054
0.2801,-9.5124,0.1819,1.2407,-1.1195,0.0359
0.2801,-9.5124,0.1819,1.2236,-1.0194,0.0743
0.2801,-9.5124,0.1819,1.2151,-0.8212,0.1435
0.2801,-9.5124,0.1819,1.2354,-0.5848,0.1435
0.2801,-9.5124,0.1819,1.2854,-0.3813,0.0913
0.2801,-9.5124,0.1819,1.2854,-0.4644,-0.0119
0.2801,-9.5124,0.1819,1.2929,-0.4388,-0.0833
0.2801,-9.5124,0.1819,1.2204,-0.344,-0.1344
0.2801,-9.5124,0.1819,1.0852,-0.2758,-0.1707
0.2801,-9.5124,0.1819,0.9605,-0.1672,-0.1952
0.2801,-9.5124,0.1819,0.8529,-0.1171,-0.2282
0.2801,-9.5124,0.1819,0.6932,-0.3131,-0.258
0.2801,-9.5124,0.1819,0.511,-0.5358,-0.1941
0.2801,-9.5124,0.1819,0.4162,-0.572,-0.1163
0.2801,-9.5124,0.1819,0.2788,-0.5177,-0.1344
0.2801,-9.5124,0.1819,0.1158,-0.572,-0.1802
0.2801,-9.5124,0.1819,-0.0418,-0.7637,-0.2878
0.2801,-9.5124,0.1819,-0.2836,-0.5539,-0.4657
0.2801,-9.5124,0.1819,-0.6905,-0.2918,-0.4796
0.2801,-9.5124,0.1819,-1.4287,0.2002,-0.4593
0.2801,-9.5124,0.1819,-2.068,0.7105,-0.0844
0.2801,-9.5124,0.1819,-2.4973,0.6476,-0.2207
0.2801,-9.5124,0.1819,-2.8541,0.9853,-0.4423
0.2801,-9.5124,0.1819,-2.9202,0.7786,-0.4082
0.2801,-9.5124,0.1819,-2.7167,0.5826,-0.241
0.2801,-9.5124,0.1819,-2.2096,0.964,-0.0173
0.2801,-9.5124,0.1819,-2.0211,2.1709,0.0455
0.2801,-9.5124,0.1819,-2.46,2.9731,-0.1632
0.2801,-9.5124,0.1819,-2.6656,2.8592,-0.3965
0.2801,-9.5124,0.1819,-2.5058,1.8162,-0.4093
0.2801,-9.5124,0.1819,-2.0584,1.1003,-0.3166
0.2801,-9.5124,0.1819,-1.7665,0.9597,-0.1781
0.2801,-9.5124,0.1819,-1.7164,1.1483,-0.0631
0.2801,-9.5124,0.1819,-1.5993,1.3496,0.0242
0.2801,-9.5124,0.1819,-1.2487,1.324,0.0519
0.2801,-9.5124,0.1819,-0.6745,0.8862,0.0519
0.2801,-9.5124,0.1819,-0.16,0.4239,0.1094
0.2801,-9.5124,0.1819,0.1925,0.1363,0.1765
0.2801,-9.5124,0.1819,0.4961,-0.1022,0.2596
0.2801,-9.5124,0.1819,0.7315,-0.3291,0.3512
0.2801,-9.5124,0.1819,0.9137,-0.4527,0.4684
0.2801,-9.5124,0.1819,1.1043,-0.3856,0.6346
0.2801,-9.5124,0.1819,1.1895,-0.2375,0.8199
0.2801,-9.5124,0.1819,1.0234,-0.0426,0.8487
0.2801,-9.5124,0.1819,0.5493,0.0766,0.5728
0.2801,-9.5124,0.1819,-0.1046,-0.1256,0.2394
0.2801,-9.5124,0.1819,-0.3496,-0.131,0.1552
0.2801,-9.5124,0.1819,-0.209,0.3312,0.1488
0.2801,-9.5124,0.1819,0.1073,0.3419,0.1563
0.2801,-9.5124,0.1819,0.6282,0.0063,0.2948
0.2801,-9.5124,0.1819,0.1669,-0.4516,0.1797
0.2801,-9.5124,0.1819,-0.7576,-0.4442,-0.2207
0.2801,-9.5124,0.1819,-0.0567,0.05,0.1296
0.2801,-9.5124,0.1819,1.1405,-1.4955,0.7688
0.2801,-9.5124,0.1819,1.1256,-1.1334,0.6527
0.2801,-9.5124,0.1819,1.1778,-1.3933,0.3619
0.2801,-9.5124,0.1819,1.5507,-1.6361,0.6697
0.2801,-9.5124,0.1819,1.2045,-0.7424,0.5749
0.2801,-9.5124,0.1819,1.1597,-0.7616,0.0679
0.2801,-9.5124,0.1819,1.1949,-1.4977,-0.1472
0.2801,-9.5124,0.1819,1.2098,-1.9397,-0.1366
0.2801,-9.5124,0.1819,1.1331,-1.8801,0.0508
0.2801,-9.5124,0.1819,1.0276,-1.3485,0.1627
0.2801,-9.5124,0.1819,0.9605,-0.8766,0.1744
0.2801,-9.5124,0.1819,0.9616,-0.6657,0.1371
0.2801,-9.5124,0.1819,0.9935,-0.556,0.1233
0.2801,-9.5124,0.1819,1.0031,-0.3802,0.152
0.2801,-9.5124,0.1819,1.0138,-0.2077,0.1201
0.2801,-9.5124,0.1819,1.0543,-0.2364,0.0082
0.2801,-9.5124,0.1819,1.1629,-0.5091,-0.094
0.2801,-9.5124,0.1819,1.2929,-0.6817,-0.1973
0.2801,-9.5124,0.1819,1.376,-0.6721,-0.2953
0.2801,-9.5124,0.1819,1.3994,-0.5091,-0.3837
0.2801,-9.5124,0.1819,1.2385,-0.4143,-0.4146
0.2801,-9.5124,0.1819,1.0117,-0.5358,-0.3283
0.2801,-9.5124,0.1819,0.7539,-0.6817,-0.2037
0.2801,-9.5124,0.1819,0.576,-0.7733,-0.0854
0.2801,-9.5124,0.1819,0.3949,-0.8351,-0.078
0.2801,-9.5124,0.1819,0.1925,-0.866,-0.1376
0.2801,-9.5124,0.1819,0.0615,-0.9746,-0.2143
0.2801,-9.5124,0.1819,-0.0609,-0.9203,-0.3784
0.2801,-9.5124,0.1819,-0.5882,-0.4271,-0.6777
0.2801,-9.5124,0.1819,-1.3083,-0.197,-0.7363
0.2801,-9.5124,0.1819,-1.922,0.049,-0.3283
0.2801,-9.5124,0.1819,-2.5207,1.0662,0.0679
0.2801,-9.5124,0.1819,-2.9585,1.3347,-0.0663
0.2801,-9.5124,0.1819,-2.8733,0.6945,-0.2388
0.2801,-9.5124,0.1819,-2.7284,0.343,-0.3933
0.2801,-9.5124,0.1819,-2.395,0.8202,-0.2165
0.2801,-9.5124,0.1819,-2.1393,1.6085,0.1467
0.2801,-9.5124,0.1819,-2.3119,2.1421,0.2809
0.2801,-9.5124,0.1819,-2.4536,2.4586,0.1595
0.2801,-9.5124,0.1819,-2.3939,2.4054,0.103
0.2801,-9.5124,0.1819,-2.183,2.0889,0.0242
0.2801,-9.5124,0.1819,-1.9412,1.7544,-0.0215
0.2801,-9.5124,0.1819,-1.775,1.6564,0.037
0.2801,-9.5124,0.1819,-1.5693,1.7459,0.2255
0.2801,-9.5124,0.1819,-1.2583,1.7107,0.3438
0.2801,-9.5124,0.1819,-0.8087,1.3975,0.3917
0.2801,-9.5124,0.1819,-0.3805,1.0109,0.4109
0.2801,-9.5124,0.1819,-0.046,0.6828,0.4524
0.2801,-9.5124,0.1819,0.2692,0.3547,0.479
0.2801,-9.5124,0.1819,0.4961,0.1736,0.4524
0.2801,-9.5124,0.1819,0.7208,-0.0138,0.4439
0.2801,-9.5124,0.1819,1.001,-0.2322,0.5334
0.2801,-9.5124,0.1819,1.2599,-0.409,0.7326
0.2801,-9.5124,0.1819,1.2865,-0.475,0.9595
0.2801,-9.5124,0.1819,1.0969,-0.2758,0.9094
0.2801,-9.5124,0.1819,0.4535,-0.099,0.577
0.2801,-9.5124,0.1819,-0.2601,-0.0308,0.3182
0.2801,-9.5124,0.1819,-0.2175,0.6572,0.2394
0.2801,-9.5124,0.1819,0.1637,1.0907,0.2852
0.2801,-9.5124,0.1819,1.0628,0.0031,0.0284
0.2801,-9.5124,0.1819,1.0713,-1.2676,0.0061
0.2801,-9.5124,0.1819,0.4077,-0.6615,-0.3603
0.2801,-9.5124,0.1819,-0.4359,0.1438,-0.3209
0.2801,-9.5124,0.1819,0.7177,-1.5019,0.5685
0.2801,-9.5124,0.1819,1.6849,-2.6067,1.0234
0.2801,-9.5124,0.1819,1.0436,-1.4423,0.2191
0.2801,-9.5124,0.1819,0.9957,-1.0162,0.0593
0.2801,-9.5124,0.1819,1.2567,-1.1291,0.3469
0.2801,-9.5124,0.1819,1.1991,-0.8916,0.0732
0.2801,-9.5124,0.1819,1.2162,-1.1642,-0.144
0.2801,-9.5124,0.1819,1.3152,-1.6138,-0.1856
0.2801,-9.5124,0.1819,1.2961,-1.6127,-0.1195
0.2801,-9.5124,0.1819,1.2652,-0.9768,0.0199
0.2801,-9.5124,0.1819,1.2684,-0.5049,0.087
0.2801,-9.5124,0.1819,1.3003,-0.4207,0.1318
0.2801,-9.5124,0.1819,1.2854,-0.3877,0.119
0.2801,-9.5124,0.1819,1.2684,-0.3142,0.0529
0.2801,-9.5124,0.1819,1.2545,-0.262,0.0711
0.2801,-9.5124,0.1819,1.2705,-0.3355,0.0519
0.2801,-9.5124,0.1819,1.1874,-0.2066,-0.0322
0.2801,-9.5124,0.1819,1.0042,-0.1906,-0.1451
0.2801,-9.5124,0.1819,0.9467,-0.3664,-0.2175
0.2801,-9.5124,0.1819,0.9168,-0.3462,-0.3017
0.2801,-9.5124,0.1819,0.8114,-0.2471,-0.3177
0.2801,-9.5124,0.1819,0.5941,-0.3451,-0.2857
0.2801,-9.5124,0.1819,0.4535,-0.3355,-0.1994
0.2801,-9.5124,0.1819,0.4268,-0.4239,-0.1749
0.2801,-9.5124,0.1819,0.3427,-0.441,-0.2889
0.2801,-9.5124,0.1819,0.2159,-0.7083,-0.3571
0.2801,-9.5124,0.1819,0.1019,-0.8255,-0.4593
0.2801,-9.5124,0.1819,-0.2516,-0.2812,-0.5722
0.2801,-9.5124,0.1819,-0.7608,0.0351,-0.4242
0.2801,-9.5124,0.1819,-1.4393,0.3877,-0.1557
0.2801,-9.5124,0.1819,-2.019,0.5709,0.0231
0.2801,-9.5124,0.1819,-2.4973,0.7211,-0.0364
0.2801,-9.5124,0.1819,-2.9095,0.6945,-0.3049
0.2801,-9.5124,0.1819,-2.8488,0.6274,-0.2484
0.2801,-9.5124,0.1819,-2.5931,0.5517,-0.0588
0.2801,-9.5124,0.1819,-2.134,1.1089,0.1478
0.2801,-9.5124,0.1819,-1.9881,2.2487,0.1126
0.2801,-9.5124,0.1819,-2.4387,2.775,-0.1717
0.2801,-9.5124,0.1819,-2.5974,2.3692,-0.3869
0.2801,-9.5124,0.1819,-2.3289,1.5179,-0.3209
0.2801,-9.5124,0.1819,-1.9764,0.9619,-0.242
0.2801,-9.5124,0.1819,-1.7058,0.9437,-0.0876
0.2801,-9.5124,0.1819,-1.5352,1.0439,0.0679
0.2801,-9.5124,0.1819,-1.2615,1.1419,0.2468
0.2801,-9.5124,0.1819,-0.8716,1.2154,0.4002
0.2801,-9.5124,0.1819,-0.3858,0.9959,0.4652
0.2801,-9.5124,0.1819,0.0998,0.6721,0.4908
0.2801,-9.5124,0.1819,0.4982,0.3707,0.5078
0.2801,-9.5124,0.1819,0.8018,-0.0319,0.5451
0.2801,-9.5124,0.1819,1.033,-0.4047,0.6143
0.2801,-9.5124,0.1819,1.2226,-0.6742,0.6814
0.2801,-9.5124,0.1819,1.3003,-0.7115,0.7155
0.2801,-9.5124,0.1819,1.2077,-0.3973,0.6889
0.2801,-9.5124,0.1819,0.9147,0.1438,0.4343
0.2801,-9.5124,0.1819,0.1211,0.2226,0.0636
0.2801,-9.5124,0.1819,-0.634,-0.0362,-0.0045
0.2801,-9.5124,0.1819,-0.6852,0.3504,-0.0098
0.2801,-9.5124,0.1819,-0.1973,0.3067,0.1009
0.2801,-9.5124,0.1819,0.6431,-0.0617,0.0572
0.2801,-9.5124,0.1819,0.7336,-0.7935,-0.1312
0.2801,-9.5124,0.1819,-0.5243,-0.6636,-0.34
0.2801,-9.5124,0.1819,-0.2814,-0.1097,0.1243
0.2801,-9.5124,0.1819,1.165,-1.4891,0.8093
0.2801,-9.5124,0.1819,1.3674,-2.0058,0.7027
0.2801,-9.5124,0.1819,1.1917,-1.4923,0.1243
0.2801,-9.5124,0.1819,1.5741,-1.8428,0.3246
0.2801,-9.5124,0.1819,1.2322,-1.2133,0.3011
0.2801,-9.5124,0.1819,1.2545,-0.752,-0.0822
0.2801,-9.5124,0.1819,1.3642,-1.3304,-0.1973
0.2801,-9.5124,0.1819,1.3397,-1.976,-0.0205
0.2801,-9.5124,0.1819,1.2407,-1.8929,0.2234
0.2801,-9.5124,0.1819,1.0798,-1.4828,0.266
0.2801,-9.5124,0.1819,0.969,-1.0652,0.1968
0.2801,-9.5124,0.1819,0.9605,-0.8457,0.0689
0.2801,-9.5124,0.1819,1.0394,-0.6977,-0.0045
0.2801,-9.5124,0.1819,1.0905,-0.4718,0.0444
0.2801,-9.5124,0.1819,1.1129,-0.4175,0.0519
0.2801,-9.5124,0.1819,1.1278,-0.425,-0.03
0.2801,-9.5124,0.1819,1.1565,-0.3888,-0.143
0.2801,-9.5124,0.1819,1.1725,-0.4463,-0.2399
0.2801,-9.5124,0.1819,1.1895,-0.3802,-0.3102
0.2801,-9.5124,0.1819,1.1864,-0.3121,-0.3496
0.2801,-9.5124,0.1819,1.0255,-0.4079,-0.4018
0.2801,-9.5124,0.1819,0.6793,-0.5411,-0.3315
0.2801,-9.5124,0.1819,0.4343,-0.5784,-0.1994
0.2801,-9.5124,0.1819,0.2149,-0.6061,-0.1877
0.2801,-9.5124,0.1819,0.0178,-0.735,-0.2015
0.2801,-9.5124,0.1819,-0.1472,-0.8947,-0.2314
0.2801,-9.5124,0.1819,-0.3997,-0.6689,-0.4732
0.2801,-9.5124,0.1819,-0.9568,-0.2183,-0.6298
0.2801,-9.5124,0.1819,-1.7484,-0.1363,-0.6585
0.2801,-9.5124,0.1819,-2.4781,0.6157,-0.2889
0.2801,-9.5124,0.1819,-3.0682,1.2633,0.0679
0.2801,-9.5124,0.1819,-3.0544,1.2868,0.0242
0.2801,-9.5124,0.1819,-2.7753,1.0162,-0.1334
0.2801,-9.5124,0.1819,-2.4738,1.078,-0.177
0.2801,-9.5124,0.1819,-2.248,1.8247,-0.0364
0.2801,-9.5124,0.1819,-2.3066,2.4107,0.0423
0.2801,-9.5124,0.1819,-2.5921,2.4224,-0.0354
0.2801,-9.5124,0.1819,-2.6538,2.1411,-0.0577
0.2801,-9.5124,0.1819,-2.3705,1.6404,-0.0322
0.2801,-9.5124,0.1819,-1.9572,1.4178,-0.0237
0.2801,-9.5124,0.1819,-1.8315,1.3603,-0.0087
0.2801,-9.5124,0.1819,-1.6962,1.438,0.0647
0.2801,-9.5124,0.1819,-1.3222,1.5243,0.201
0.2801,-9.5124,0.1819,-0.7576,1.3326,0.2884
0.2801,-9.5124,0.1819,-0.1643,0.9374,0.2862
0.2801,-9.5124,0.1819,0.2713,0.5443,0.2756
0.2801,-9.5124,0.1819,0.5909,0.1491,0.3374
0.2801,-9.5124,0.1819,0.8529,-0.2492,0.4801
0.2801,-9.5124,0.1819,1.1331,-0.5805,0.6868
0.2801,-9.5124,0.1819,1.4399,-0.7243,0.8732
0.2801,-9.5124,0.1819,1.5326,-0.556,0.9222
0.2801,-9.5124,0.1819,1.2311,-0.0671,0.6814
0.2801,-9.5124,0.1819,0.4098,0.4047,0.2362
0.2801,-9.5124,0.1819,-0.4199,0.3153,0.0114
0.2801,-9.5124,0.1819,-0.5776,0.3557,0.1211
0.2801,-9.5124,0.1819,-0.1376,0.4655,0.1456
0.2801,-9.5124,0.1819,0.5589,-0.3717,-0.1067
0.2801,-9.5124,0.1819,0.5579,-0.932,0.0061
0.2801,-9.5124,0.1819,-0.7256,-0.1022,0.0348
0.2801,-9.5124,0.1819,-0.2378,-0.9501,0.2447
0.2801,-9.5124,0.1819,0.9137,-1.0982,0.4513
0.2801,-9.5124,0.1819,1.0394,-1.405,0.5834
0.2801,-9.5124,0.1819,1.1235,-1.4572,0.5206
0.2801,-9.5124,0.1819,1.572,-1.2399,0.6804
0.2801,-9.5124,0.1819,1.3824,-0.8127,0.4002
0.2801,-9.5124,0.1819,1.3387,-0.833,-0.0982
0.2801,-9.5124,0.1819,1.4473,-1.3805,-0.2708
0.2801,-9.5124,0.1819,1.5762,-1.8023,-0.1046
0.2801,-9.5124,0.1819,1.5421,-1.6905,0.1424
0.2801,-9.5124,0.1819,1.3312,-1.2356,0.1616
0.2801,-9.5124,0.1819,1.2236,-0.7797,0.1723
0.2801,-9.5124,0.1819,1.2002,-0.6402,0.1509
0.2801,-9.5124,0.1819,1.1533,-0.5698,0.0988
0.2801,-9.5124,0.1819,1.131,-0.3632,0.0636
0.2801,-9.5124,0.1819,1.1192,-0.3014,0.0007
0.2801,-9.5124,0.1819,1.1097,-0.3067,-0.0663
0.2801,-9.5124,0.1819,1.115,-0.2918,-0.1195
0.2801,-9.5124,0.1819,1.132,-0.3376,-0.1611
0.2801,-9.5124,0.1819,1.1778,-0.3025,-0.2367
0.2801,-9.5124,0.1819,1.2055,-0.23,-0.2995
0.2801,-9.5124,0.1819,1.0511,-0.3067,-0.3432
0.2801,-9.5124,0.1819,0.7741,-0.507,-0.2697
0.2801,-9.5124,0.1819,0.5706,-0.5379,-0.1792
0.2801,-9.5124,0.1819,0.299,-0.5965,-0.1664
0.2801,-9.5124,0.1819,0.1041,-0.8756,-0.1589
0.2801,-9.5124,0.1819,-0.0833,-1.0748,-0.2431
0.2801,-9.5124,0.1819,-0.388,-0.7435,-0.4774
0.2801,-9.5124,0.1819,-0.9014,-0.4665,-0.5467
0.2801,-9.5124,0.1819,-1.6419,-0.3344,-0.5062
0.2801,-9.5124,0.1819,-2.4461,0.5283,-0.3667
0.2801,-9.5124,0.1819,-3.0704,1.1323,-0.0961
0.2801,-9.5124,0.1819,-3.0746,1.2271,0.0103
0.2801,-9.5124,0.1819,-2.7401,0.7318,-0.0641
0.2801,-9.5124,0.1819,-2.4099,0.9501,-0.094
0.2801,-9.5124,0.1819,-2.2906,2.3425,0.0593
0.2801,-9.5124,0.1819,-2.5228,2.9561,0.1041
0.2801,-9.5124,0.1819,-2.7817,2.7548,-0.1291
0.2801,-9.5124,0.1819,-2.721,2.0985,-0.1632
0.2801,-9.5124,0.1819,-2.2704,1.4774,-0.0119
0.2801,-9.5124,0.1819,-1.9092,0.9832,-0.1089
0.2801,-9.5124,0.1819,-1.7516,0.9065,-0.177
0.2801,-9.5124,0.1819,-1.5618,1.0599,-0.094
0.2801,-9.5124,0.1819,-1.1539,1.1536,0.0402
0.2801,-9.5124,0.1819,-0.5797,1.0535,0.1541
0.2801,-9.5124,0.1819,0.0167,0.671,0.2394
0.2801,-9.5124,0.1819,0.4066,0.327,0.2756
0.2801,-9.5124,0.1819,0.7262,0,0.3651
0.2801,-9.5124,0.1819,0.9967,-0.2631,0.5419
0.2801,-9.5124,0.1819,1.2726,-0.507,0.7837
0.2801,-9.5124,0.1819,1.5272,-0.6178,0.9541
0.2801,-9.5124,0.1819,1.524,-0.5038,0.7688
0.2801,-9.5124,0.1819,0.8647,-0.0713,0.2362
0.2801,-9.5124,0.1819,-0.29,0.4995,-0.1344
0.2801,-9.5124,0.1819,-0.9951,0.7765,-0.1334
0.2801,-9.5124,0.1819,-0.9568,0.7818,0.0327
0.2801,-9.5124,0.1819,-0.3113,0.5145,0.2372
0.2801,-9.5124,0.1819,0.5621,0.4772,0.495
0.2801,-9.5124,0.1819,1.5272,0.1129,0.593
0.2801,-9.5124,0.1819,0.5419,-1.4178,0.2862
0.2801,-9.5124,0.1819,-0.6415,-0.4665,-0.4838
0.2801,-9.5124,0.1819,-0.128,0.2173,-0.2303
0.2801,-9.5124,0.1819,1.1959,-1.9898,0.5781
0.2801,-9.5124,0.1819,1.4154,-1.927,0.675
0.2801,-9.5124,0.1819,1.0404,-1.5818,0.3384
0.2801,-9.5124,0.1819,1.4718,-1.7139,0.6111
0.2801,-9.5124,0.1819,1.328,-0.9374,0.593
0.2801,-9.5124,0.1819,1.2726,-0.7328,-0.0492
0.2801,-9.5124,0.1819,1.3898,-1.3432,-0.4231
0.2801,-9.5124,0.1819,1.4761,-1.8503,-0.3422
0.2801,-9.5124,0.1819,1.4175,-1.8524,-0.0599
0.2801,-9.5124,0.1819,1.3259,-1.4487,0.1414
0.2801,-9.5124,0.1819,1.3163,-0.9129,0.2362
0.2801,-9.5124,0.1819,1.3621,-0.7296,0.1786
0.2801,-9.5124,0.1819,1.426,-0.572,0.0636
0.2801,-9.5124,0.1819,1.3824,-0.279,-0.0237
0.2801,-9.5124,0.1819,1.3323,-0.0607,-0.0822
0.2801,-9.5124,0.1819,1.2258,0.0841,-0.1078
0.2801,-9.5124,0.1819,1.1789,-0.0553,-0.0961
0.2801,-9.5124,0.1819,1.1832,-0.2695,-0.1451
0.2801,-9.5124,0.1819,1.0937,-0.1384,-0.2655
0.2801,-9.5124,0.1819,0.9179,-0.0532,-0.3422
0.2801,-9.5124,0.1819,0.6473,-0.1757,-0.2719
0.2801,-9.5124,0.1819,0.4268,-0.2716,-0.1323
0.2801,-9.5124,0.1819,0.2671,-0.3856,-0.0972
0.2801,-9.5124,0.1819,0.1861,-0.5869,-0.1408
0.2801,-9.5124,0.1819,0.1019,-0.8074,-0.2356
0.2801,-9.5124,0.1819,-0.062,-0.7169,-0.4327
0.2801,-9.5124,0.1819,-0.4061,-0.2332,-0.4966
0.2801,-9.5124,0.1819,-0.8045,-0.0138,-0.3794
0.2801,-9.5124,0.1819,-1.5352,0.2748,-0.339
0.2801,-9.5124,0.1819,-2.1489,0.556,-0.0513
0.2801,-9.5124,0.1819,-2.6368,0.4995,-0.0183
0.2801,-9.5124,0.1819,-2.8882,0.8266,-0.1717
0.2801,-9.5124,0.1819,-2.7966,0.4303,-0.2314
0.2801,-9.5124,0.1819,-2.5409,0.3994,-0.2111
0.2801,-9.5124,0.1819,-2.1287,1.3017,-0.1078
0.2801,-9.5124,0.1819,-2.2192,2.2967,-0.1493
0.2801,-9.5124,0.1819,-2.6006,2.2732,-0.2772
0.2801,-9.5124,0.1819,-2.5399,1.7842,-0.3219
0.2801,-9.5124,0.1819,-2.2096,1.1376,-0.241
0.2801,-9.5124,0.1819,-1.921,0.8457,-0.1952
0.2801,-9.5124,0.1819,-1.8251,0.9043,-0.127
0.2801,-9.5124,0.1819,-1.6738,1.0354,-0.0205
0.2801,-9.5124,0.1819,-1.3318,1.1802,0.1126
0.2801,-9.5124,0.1819,-0.8684,1.1397,0.2127
0.2801,-9.5124,0.1819,-0.3645,0.8106,0.2543
0.2801,-9.5124,0.1819,0.0391,0.6242,0.3033
0.2801,-9.5124,0.1819,0.3427,0.4367,0.3395
0.2801,-9.5124,0.1819,0.5248,0.1736,0.3757
0.2801,-9.5124,0.1819,0.6431,-0.1203,0.4173
0.2801,-9.5124,0.1819,0.8018,-0.295,0.5238
0.2801,-9.5124,0.1819,0.9232,-0.3632,0.6963
0.2801,-9.5124,0.1819,0.9041,-0.0862,0.7869
0.2801,-9.5124,0.1819,0.5099,0.4559,0.5025
0.2801,-9.5124,0.1819,-0.1227,0.4942,0.1456
0.2801,-9.5124,0.1819,-0.4945,0.3589,0.0412
0.2801,-9.5124,0.1819,-0.4284,0.5102,0.0764
0.2801,-9.5124,0.1819,-0.2644,0.4069,0.233
0.2801,-9.5124,0.1819,0.478,0.0468,0.1872
0.2801,-9.5124,0.1819,1.2641,-0.6519,0.185
0.2801,-9.5124,0.1819,-0.1643,-1.2708,-0.0844
0.2801,-9.5124,0.1819,-0.2282,-0.1171,-0.3699
0.2801,-9.5124,0.1819,0.7667,-0.9395,0.413
0.2801,-9.5124,0.1819,1.5198,-2.2497,0.9776
0.2801,-9.5124,0.1819,1.3632,-1.6564,0.5323
0.2801,-9.5124,0.1819,1.6338,-1.8716,0.626
0.2801,-9.5124,0.1819,1.4346,-1.2079,0.6484
0.2801,-9.5124,0.1819,1.3419,-0.9501,0.1968
0.2801,-9.5124,0.1819,1.4069,-1.5531,-0.1153
0.2801,-9.5124,0.1819,1.4654,-2.0676,-0.1334
0.2801,-9.5124,0.1819,1.4633,-2.1517,0.0508
0.2801,-9.5124,0.1819,1.2641,-1.6926,0.1019
0.2801,-9.5124,0.1819,1.0862,-1.0631,0.0934
0.2801,-9.5124,0.1819,1.0692,-0.8681,0.0892
0.2801,-9.5124,0.1819,1.1192,-0.8159,0.0593
0.2801,-9.5124,0.1819,1.1778,-0.475,0.0615
0.2801,-9.5124,0.1819,1.1917,-0.2354,0.0529
0.2801,-9.5124,0.1819,1.2066,-0.2844,0.0018
0.2801,-9.5124,0.1819,1.2577,-0.3153,-0.1035
0.2801,-9.5124,0.1819,1.2918,-0.3366,-0.2026
0.2801,-9.5124,0.1819,1.3067,-0.2972,-0.3059
0.2801,-9.5124,0.1819,1.2673,-0.2173,-0.3773
0.2801,-9.5124,0.1819,1.0915,-0.2929,-0.3933
0.2801,-9.5124,0.1819,0.8316,-0.3579,-0.2932
0.2801,-9.5124,0.1819,0.6005,-0.4133,-0.1376
0.2801,-9.5124,0.1819,0.3608,-0.4793,-0.1142
0.2801,-9.5124,0.1819,0.1946,-0.7403,-0.1355
0.2801,-9.5124,0.1819,0.0977,-1.0172,-0.1941
0.2801,-9.5124,0.1819,0.0071,-0.9938,-0.3507
0.2801,-9.5124,0.1819,-0.421,-0.5294,-0.666
0.2801,-9.5124,0.1819,-1.0154,-0.409,-0.7192
0.2801,-9.5124,0.1819,-1.7505,-0.4484,-0.7065
0.2801,-9.5124,0.1819,-2.558,0.6774,-0.1185
0.2801,-9.5124,0.1819,-3.0064,0.9629,0.3608
0.2801,-9.5124,0.1819,-2.8275,0.9778,0.1712
0.2801,-9.5124,0.1819,-2.607,0.6902,-0.1866
0.2801,-9.5124,0.1819,-2.51,1.0268,-0.3262
0.2801,-9.5124,0.1819,-2.3769,2.0431,-0.1877
0.2801,-9.5124,0.1819,-2.5558,2.1272,-0.1131
0.2801,-9.5124,0.1819,-2.6751,2.0058,-0.1078
0.2801,-9.5124,0.1819,-2.5537,1.7427,-0.0332
0.2801,-9.5124,0.1819,-2.2064,1.5722,0.0924
0.2801,-9.5124,0.1819,-1.8911,1.3784,0.0316
0.2801,-9.5124,0.1819,-1.6866,1.3965,0.0487
0.2801,-9.5124,0.1819,-1.4681,1.3826,0.1701
0.2801,-9.5124,0.1819,-1.0686,1.438,0.3469
0.2801,-9.5124,0.1819,-0.5584,1.3624,0.4599
0.2801,-9.5124,0.1819,-0.0407,1.0513,0.494
0.2801,-9.5124,0.1819,0.3555,0.7722,0.4205
0.2801,-9.5124,0.1819,0.6505,0.3547,0.3342
0.2801,-9.5124,0.1819,0.8465,-0.0553,0.3342
0.2801,-9.5124,0.1819,0.9776,-0.3408,0.4045
0.2801,-9.5124,0.1819,1.0383,-0.3941,0.5621
0.2801,-9.5124,0.1819,0.8604,-0.131,0.7081
0.2801,-9.5124,0.1819,0.4471,0.3121,0.479
0.2801,-9.5124,0.1819,0.0359,0.5145,0.1094
0.2801,-9.5124,0.1819,-0.5222,0.5262,-0.013
0.2801,-9.5124,0.1819,-0.5786,0.9682,-0.0098
0.2801,-9.5124,0.1819,-0.3027,1.3176,0.1861
0.2801,-9.5124,0.1819,0.2362,1.0055,0.4758
0.2801,-9.5124,0.1819,1.0596,-0.8031,0.4993
0.2801,-9.5124,0.1819,-0.1632,-1.4966,-0.1483
0.2801,-9.5124,0.1819,-0.9099,0.1629,-0.8982
0.2801,-9.5124,0.1819,0.2031,-0.3387,-0.2165
0.2801,-9.5124,0.1819,1.0958,-2.3275,0.8263
0.2801,-9.5124,0.1819,0.8146,-1.6308,0.5643
0.2801,-9.5124,0.1819,1.3749,-1.9749,0.6569
0.2801,-9.5124,0.1819,1.4963,-1.1941,0.8785
0.2801,-9.5124,0.1819,1.1885,-0.0894,0.3448
0.2801,-9.5124,0.1819,1.3089,-0.5603,-0.2303
0.2801,-9.5124,0.1819,1.5198,-1.4625,-0.2697
0.2801,-9.5124,0.1819,1.6668,-1.7842,-0.0758
0.2801,-9.5124,0.1819,1.6018,-1.7022,0.1478
0.2801,-9.5124,0.1819,1.5144,-1.3773,0.1999
0.2801,-9.5124,0.1819,1.523,-0.9619,0.1446
0.2801,-9.5124,0.1819,1.4889,-0.6753,0.0263
0.2801,-9.5124,0.1819,1.4772,-0.6093,-0.0205
0.2801,-9.5124,0.1819,1.5485,-0.6284,-0.0375
0.2801,-9.5124,0.1819,1.5954,-0.621,-0.0439
0.2801,-9.5124,0.1819,1.6433,-0.475,-0.0503
0.2801,-9.5124,0.1819,1.621,-0.3749,-0.0716
0.2801,-9.5124,0.1819,1.6093,-0.4633,-0.1344
0.2801,-9.5124,0.1819,1.4931,-0.8117,-0.2836
0.2801,-9.5124,0.1819,0.9392,-0.7744,-0.388
0.2801,-9.5124,0.1819,0.4322,-0.3643,-0.3507
0.2801,-9.5124,0.1819,0.2266,-0.4814,-0.3123
0.2801,-9.5124,0.1819,0.0838,-0.6391,-0.2942
0.2801,-9.5124,0.1819,-0.0673,-0.5102,-0.3571
0.2801,-9.5124,0.1819,-0.356,-0.0692,-0.4519
0.2801,-9.5124,0.1819,-0.7054,0.1683,-0.1589
0.2801,-9.5124,0.1819,-1.2231,0.3504,0.1478
0.2801,-9.5124,0.1819,-1.9018,0.7659,-0.0194
0.2801,-9.5124,0.1819,-2.5676,0.6849,-0.5307
0.2801,-9.5124,0.1819,-3.0331,0.3898,-0.7288
0.2801,-9.5124,0.1819,-3.0842,0.1619,-0.3752
0.2801,-9.5124,0.1819,-2.7284,-0.1278,-0.1462
0.2801,-9.5124,0.1819,-2.1553,0.3941,0.0167
0.2801,-9.5124,0.1819,-1.9188,2.1475,0.0913
0.2801,-9.5124,0.1819,-2.5335,3.1617,-0.1238
0.2801,-9.5124,0.1819,-2.8136,2.6419,-0.3805
0.2801,-9.5124,0.1819,-2.4546,1.6351,-0.3145
0.2801,-9.5124,0.1819,-1.8879,1.1579,-0.1376
0.2801,-9.5124,0.1819,-1.611,0.9587,0.0295
0.2801,-9.5124,0.1819,-1.5097,1.2111,0.2713
0.2801,-9.5124,0.1819,-1.3871,1.2463,0.4471
0.2801,-9.5124,0.1819,-1.0804,1.2868,0.5568
0.2801,-9.5124,0.1819,-0.5669,0.9192,0.5717
0.2801,-9.5124,0.1819,0.0359,0.3824,0.6079
0.2801,-9.5124,0.1819,0.5227,0.033,0.5877
0.2801,-9.5124,0.1819,0.837,-0.3035,0.5749
0.2801,-9.5124,0.1819,0.9946,-0.6125,0.5675
0.2801,-9.5124,0.1819,1.0575,-0.7179,0.6079
0.2801,-9.5124,0.1819,1.0628,-0.4963,0.7123
0.2801,-9.5124,0.1819,1.0287,0.1374,0.7848
0.2801,-9.5124,0.1819,0.5983,0.9533,0.495
0.2801,-9.5124,0.1819,-0.2537,0.6955,0.119
0.2801,-9.5124,0.1819,-0.8439,0.409,-0.0023
0.2801,-9.5124,0.1819,-0.8279,1.0119,0.0114
0.2801,-9.5124,0.1819,-0.4007,1.0087,0.201
0.2801,-9.5124,0.1819,0.7826,0.2993,0.1541
0.2801,-9.5124,0.1819,0.5216,-0.7616,-0.0247
0.2801,-9.5124,0.1819,-0.9419,-0.2226,-0.5861
0.2801,-9.5124,0.1819,-0.2537,0.0713,-0.2399
0.2801,-9.5124,0.1819,1.1927,-2.0697,0.674
0.2801,-9.5124,0.1819,1.1682,-2.0335,0.6324
0.2801,-9.5124,0.1819,1.3397,-2.0495,0.4268
0.2801,-9.5124,0.1819,1.7733,-1.7693,0.8082
0.2801,-9.5124,0.1819,1.4111,-0.9086,0.6346
0.2801,-9.5124,0.1819,1.4953,-1.0332,0.1233
0.2801,-9.5124,0.1819,1.572,-1.8471,-0.2932
0.2801,-9.5124,0.1819,1.6263,-2.1986,-0.307
0.2801,-9.5124,0.1819,1.5102,-2.1709,-0.0482
0.2801,-9.5124,0.1819,1.2865,-1.8961,0.1318
0.2801,-9.5124,0.1819,1.2428,-1.4252,0.1669
0.2801,-9.5124,0.1819,1.1864,-1.1728,0.0604
0.2801,-9.5124,0.1819,1.1917,-0.932,-0.0066
0.2801,-9.5124,0.1819,1.2556,-0.5464,-0.0055
0.2801,-9.5124,0.1819,1.3312,-0.3462,0.0018
0.2801,-9.5124,0.1819,1.4058,-0.4569,-0.0311
0.2801,-9.5124,0.1819,1.3887,-0.5091,-0.1227
0.2801,-9.5124,0.1819,1.3174,-0.4047,-0.2335
0.2801,-9.5124,0.1819,1.2567,-0.2929,-0.3496
0.2801,-9.5124,0.1819,1.131,-0.2961,-0.4189
0.2801,-9.5124,0.1819,0.8402,-0.3643,-0.3869
0.2801,-9.5124,0.1819,0.5653,-0.4122,-0.2431
0.2801,-9.5124,0.1819,0.2532,-0.4367,-0.1983
0.2801,-9.5124,0.1819,0.0189,-0.5794,-0.1728
0.2801,-9.5124,0.1819,-0.0865,-0.8916,-0.1579
0.2801,-9.5124,0.1819,-0.2101,-0.9043,-0.2814
0.2801,-9.5124,0.1819,-0.5872,-0.4303,-0.4306
0.2801,-9.5124,0.1819,-1.1283,-0.1821,-0.3315
0.2801,-9.5124,0.1819,-1.8144,-0.0841,-0.4029
0.2801,-9.5124,0.1819,-2.5846,0.7829,-0.2623
0.2801,-9.5124,0.1819,-3.114,0.899,-0.0961
0.2801,-9.5124,0.1819,-2.9606,0.5784,-0.1057
0.2801,-9.5124,0.1819,-2.5516,0.4303,-0.2154
0.2801,-9.5124,0.1819,-2.1724,0.8745,-0.0972
0.2801,-9.5124,0.1819,-1.9891,2.3223,0.135
0.2801,-9.5124,0.1819,-2.4717,2.9689,0.1467
0.2801,-9.5124,0.1819,-2.7763,2.6301,-0.1227
0.2801,-9.5124,0.1819,-2.5676,1.7927,-0.1717
0.2801,-9.5124,0.1819,-2.0275,1.4732,-0.0758
0.2801,-9.5124,0.1819,-1.6792,1.1461,-0.0471
0.2801,-9.5124,0.1819,-1.5224,1.0918,-0.0045
0.2801,-9.5124,0.1819,-1.3626,1.1653,0.0902
0.2801,-9.5124,0.1819,-1.0346,1.2495,0.2468
0.2801,-9.5124,0.1819,-0.5605,1.0407,0.3725
0.2801,-9.5124,0.1819,-0.0332,0.5869,0.462
0.2801,-9.5124,0.1819,0.4396,0.2045,0.4929
0.2801,-9.5124,0.1819,0.8029,-0.1853,0.4876
0.2801,-9.5124,0.1819,1.0628,-0.5336,0.5089
0.2801,-9.5124,0.1819,1.23,-0.7861,0.5099
0.2801,-9.5124,0.1819,1.278,-0.7829,0.5057
0.2801,-9.5124,0.1819,1.1011,-0.3046,0.4908
0.2801,-9.5124,0.1819,0.7315,0.6689,0.3107
0.2801,-9.5124,0.1819,-0.0226,0.9736,-0.0908
0.2801,-9.5124,0.1819,-0.7544,0.2396,-0.1419
0.2801,-9.5124,0.1819,-0.9334,0.5826,-0.0226
0.2801,-9.5124,0.1819,-0.2356,0.818,-0.128
0.2801,-9.5124,0.1819,0.5589,0.181,-0.1206
0.2801,-9.5124,0.1819,-0.2591,0.0884,-0.1057
0.2801,-9.5124,0.1819,-1.1805,0.0788,0.1318
0.2801,-9.5124,0.1819,0.4758,-1.0524,0.3736
0.2801,-9.5124,0.1819,1.1725,-1.7235,0.576
0.2801,-9.5124,0.1819,0.8029,-1.6596,0.3011
0.2801,-9.5124,0.1819,1.523,-1.878,0.3768
0.2801,-9.5124,0.1819,1.4005,-1.046,0.6878
0.2801,-9.5124,0.1819,1.1459,-0.6007,0.446
0.2801,-9.5124,0.1819,1.2684,-1.0322,0.0753
0.2801,-9.5124,0.1819,1.3387,-1.7501,-0.1003
0.2801,-9.5124,0.1819,1.4676,-2.1453,-0.0087
0.2801,-9.5124,0.1819,1.3557,-2.0718,0.1041
0.2801,-9.5124,0.1819,1.1821,-1.5445,-0.0141
0.2801,-9.5124,0.1819,1.0564,-1.1142,-0.1952
0.2801,-9.5124,0.1819,1.0436,-0.9129,-0.2335
0.2801,-9.5124,0.1819,1.0798,-0.6625,-0.0513
0.2801,-9.5124,0.1819,1.1352,-0.2524,0.168
0.2801,-9.5124,0.1819,1.1608,-0.066,0.2042
0.2801,-9.5124,0.1819,1.0756,-0.1033,0.1083
0.2801,-9.5124,0.1819,0.9882,-0.2322,-0.0151
0.2801,-9.5124,0.1819,0.9445,-0.3909,-0.0929
0.2801,-9.5124,0.1819,0.9648,-0.4772,-0.1291
0.2801,-9.5124,0.1819,1.0138,-0.3547,-0.1547
0.2801,-9.5124,0.1819,1.0138,-0.1821,-0.1621
0.2801,-9.5124,0.1819,0.919,-0.2364,-0.1983
0.2801,-9.5124,0.1819,0.7709,-0.5272,-0.2399
0.2801,-9.5124,0.1819,0.6825,-0.687,-0.2559
0.2801,-9.5124,0.1819,0.6218,-0.6103,-0.2644
0.2801,-9.5124,0.1819,0.4854,-0.539,-0.2921
0.2801,-9.5124,0.1819,0.2447,-0.5986,-0.389
0.2801,-9.5124,0.1819,-0.1845,-0.4463,-0.4391
0.2801,-9.5124,0.1819,-0.5169,-0.1533,-0.079
0.2801,-9.5124,0.1819,-0.7267,0.115,0.2458
0.2801,-9.5124,0.1819,-1.3264,0.3493,-0.1376
0.2801,-9.5124,0.1819,-2.1937,0.3877,-0.7054
0.2801,-9.5124,0.1819,-2.8307,0.3909,-0.715
0.2801,-9.5124,0.1819,-3.0107,0.2972,-0.3091
0.2801,-9.5124,0.1819,-2.6304,0.1086,0.0636
0.2801,-9.5124,0.1819,-2.1809,0.6721,0.1307
0.2801,-9.5124,0.1819,-1.9966,2.2893,0.1328
0.2801,-9.5124,0.1819,-2.3087,2.759,-0.1185
0.2801,-9.5124,0.1819,-2.3524,2.2572,-0.4061
0.2801,-9.5124,0.1819,-2.2139,1.9238,-0.4007
0.2801,-9.5124,0.1819,-2.1202,1.4806,-0.2356
0.2801,-9.5124,0.1819,-1.9401,1.2047,-0.0396
0.2801,-9.5124,0.1819,-1.7388,1.2601,0.1925
0.2801,-9.5124,0.1819,-1.5897,1.4199,0.266
0.2801,-9.5124,0.1819,-1.3595,1.2868,0.1968
0.2801,-9.5124,0.1819,-0.9216,0.817,0.0977
0.2801,-9.5124,0.1819,-0.454,0.2769,0.086
0.2801,-9.5124,0.1819,-0.1579,0.0383,0.1584
0.2801,-9.5124,0.1819,0.054,-0.0031,0.2564
0.2801,-9.5124,0.1819,0.1978,-0.0213,0.2426
0.2801,-9.5124,0.1819,0.3938,0.0415,0.2319
0.2801,-9.5124,0.1819,0.7283,0.1693,0.315
0.2801,-9.5124,0.1819,1.0958,0.2247,0.5067
0.2801,-9.5124,0.1819,1.2694,0.0948,0.7912
0.2801,-9.5124,0.1819,1.2631,0.0862,1.0138
0.2801,-9.5124,0.1819,0.8423,0.3515,0.8402
0.2801,-9.5124,0.1819,0.1019,0.3131,0.4396
0.2801,-9.5124,0.1819,-0.3315,0.3781,0.1616
0.2801,-9.5124,0.1819,-0.2846,0.7818,0.1009
0.2801,-9.5124,0.1819,-0.1877,0.8852,0.1978
0.2801,-9.5124,0.1819,0.3086,0.5315,0.2937
0.2801,-9.5124,0.1819,1.2982,0.0575,0.3949
0.2801,-9.5124,0.1819,0.7113,-0.7414,0.3214
0.2801,-9.5124,0.1819,-0.5254,-0.4197,-0.3784
0.2801,-9.5124,0.1819,-0.5999,0.4015,-0.1462
0.2801,-9.5124,0.1819,0.9403,-1.5073,0.5589
0.2801,-9.5124,0.1819,1.034,-1.4252,0.5738
0.2801,-9.5124,0.1819,0.6133,-1.0854,0.315
0.2801,-9.5124,0.1819,1.2268,-1.5744,0.7251
0.2801,-9.5124,0.1819,1.1491,-1.0812,0.6974
0.2801,-9.5124,0.1819,1.0564,-0.524,0.2223
0.2801,-9.5124,0.1819,1.132,-1.1653,-0.0513
0.2801,-9.5124,0.1819,1.2407,-1.9951,-0.0354
0.2801,-9.5124,0.1819,1.2322,-2.2295,0.0668
0.2801,-9.5124,0.1819,1.1395,-1.7927,0.0977
0.2801,-9.5124,0.1819,1.0415,-1.3432,0.119
0.2801,-9.5124,0.1819,1.0628,-1.2015,0.1307
0.2801,-9.5124,0.1819,1.1129,-1.062,0.0796
0.2801,-9.5124,0.1819,1.1171,-0.7243,0.0764
0.2801,-9.5124,0.1819,1.1224,-0.5698,0.0338
0.2801,-9.5124,0.1819,1.1981,-0.6359,-0.0599
0.2801,-9.5124,0.1819,1.2897,-0.7488,-0.1696
0.2801,-9.5124,0.1819,1.3419,-0.6402,-0.2537
0.2801,-9.5124,0.1819,1.3366,-0.5549,-0.2985
0.2801,-9.5124,0.1819,1.3302,-0.4452,-0.3475
0.2801,-9.5124,0.1819,1.2726,-0.4026,-0.3571
0.2801,-9.5124,0.1819,1.0543,-0.4442,-0.3368
0.2801,-9.5124,0.1819,0.7698,-0.5858,-0.2324
0.2801,-9.5124,0.1819,0.478,-0.4974,-0.1568
0.2801,-9.5124,0.1819,0.2042,-0.441,-0.1685
0.2801,-9.5124,0.1819,0.0423,-0.6679,-0.143
0.2801,-9.5124,0.1819,-0.0141,-0.8575,-0.1536
0.2801,-9.5124,0.1819,-0.1611,-0.7637,-0.372
0.2801,-9.5124,0.1819,-0.4242,-0.5102,-0.4444
0.2801,-9.5124,0.1819,-0.7491,-0.2652,-0.372
0.2801,-9.5124,0.1819,-1.4202,0.3717,-0.4796
0.2801,-9.5124,0.1819,-2.2022,1.0428,-0.4487
0.2801,-9.5124,0.1819,-2.7337,0.8969,-0.2857
0.2801,-9.5124,0.1819,-2.885,0.7488,-0.471
0.2801,-9.5124,0.1819,-2.6879,0.197,-0.438
0.2801,-9.5124,0.1819,-2.4387,0.0159,-0.373
0.2801,-9.5124,0.1819,-2.0967,0.6412,-0.0844
0.2801,-9.5124,0.1819,-2.0126,1.4891,0.0284
0.2801,-9.5124,0.1819,-2.2352,2.1581,-0.1813
0.2801,-9.5124,0.1819,-2.3055,2.3234,-0.2836
0.2801,-9.5124,0.1819,-2.1383,2.0367,-0.1717
0.2801,-9.5124,0.1819,-1.7931,1.7991,-0.0013
0.2801,-9.5124,0.1819,-1.4926,1.4497,0.1467
0.2801,-9.5124,0.1819,-1.3019,1.3613,0.3097
0.2801,-9.5124,0.1819,-1.1123,1.4465,0.4854
0.2801,-9.5124,0.1819,-0.8545,1.5126,0.6175
0.2801,-9.5124,0.1819,-0.4892,1.225,0.6868
0.2801,-9.5124,0.1819,-0.0407,0.7616,0.7091
0.2801,-9.5124,0.1819,0.3406,0.3973,0.6644
0.2801,-9.5124,0.1819,0.6165,0.033,0.577
0.2801,-9.5124,0.1819,0.7741,-0.3952,0.462
0.2801,-9.5124,0.1819,0.9126,-0.6444,0.4364
0.2801,-9.5124,0.1819,1.0042,-0.6465,0.5025
0.2801,-9.5124,0.1819,1.017,-0.4218,0.6708
0.2801,-9.5124,0.1819,0.9765,0.1203,0.6346
0.2801,-9.5124,0.1819,0.3991,0.3728,0.2617
0.2801,-9.5124,0.1819,-0.6202,-0.0266,0.0231
0.2801,-9.5124,0.1819,-0.9856,0.5667,-0.0098
0.2801,-9.5124,0.1819,-0.8098,1.2015,0.0508
0.2801,-9.5124,0.1819,-0.078,0.9906,0.3278
0.2801,-9.5124,0.1819,0.805,0.5027,0.3928
0.2801,-9.5124,0.1819,0.0828,-0.3472,0.0551
0.2801,-9.5124,0.1819,-1.042,0.5571,-0.0332
0.2801,-9.5124,0.1819,0.1435,-0.6242,0.07
0.2801,-9.5124,0.1819,1.5006,-1.5339,0.6623
0.2801,-9.5124,0.1819,1.0713,-1.4934,0.4268
0.2801,-9.5124,0.1819,1.2673,-2.0505,0.2916
0.2801,-9.5124,0.1819,1.5773,-1.7682,0.8007
0.2801,-9.5124,0.1819,1.1778,-0.9203,0.4119
0.2801,-9.5124,0.1819,1.1832,-0.6519,-0.1898
0.2801,-9.5124,0.1819,1.3334,-1.5467,-0.3155
0.2801,-9.5124,0.1819,1.4452,-2.157,-0.1355
0.2801,-9.5124,0.1819,1.3014,-2.059,0.0764
0.2801,-9.5124,0.1819,1.1459,-1.3262,0.0966
0.2801,-9.5124,0.1819,1.099,-0.8607,-0.0268
0.2801,-9.5124,0.1819,1.1395,-0.5986,-0.0652
0.2801,-9.5124,0.1819,1.2183,-0.2023,0.0018
0.2801,-9.5124,0.1819,1.2907,-0.0479,0.0966
0.2801,-9.5124,0.1819,1.3057,-0.1757,0.0934
0.2801,-9.5124,0.1819,1.2769,-0.3025,0.0114
0.2801,-9.5124,0.1819,1.2109,-0.4505,-0.0993
0.2801,-9.5124,0.1819,1.0958,-0.5006,-0.2058
0.2801,-9.5124,0.1819,1.0319,-0.4473,-0.2655
0.2801,-9.5124,0.1819,0.9659,-0.2908,-0.3038
0.2801,-9.5124,0.1819,0.7986,-0.3003,-0.3198
0.2801,-9.5124,0.1819,0.5163,-0.4559,-0.2442
0.2801,-9.5124,0.1819,0.3267,-0.4825,-0.1632
0.2801,-9.5124,0.1819,0.1552,-0.4527,-0.192
0.2801,-9.5124,0.1819,0.0668,-0.6167,-0.1813
0.2801,-9.5124,0.1819,0.0551,-0.818,-0.2175
0.2801,-9.5124,0.1819,-0.0716,-0.67,-0.4402
0.2801,-9.5124,0.1819,-0.3113,-0.4154,-0.4444
0.2801,-9.5124,0.1819,-0.6873,-0.0649,-0.4146
0.2801,-9.5124,0.1819,-1.3776,0.6093,-0.339
0.2801,-9.5124,0.1819,-1.84,0.7137,-0.1003
0.2801,-9.5124,0.1819,-2.199,0.5635,-0.1238
0.2801,-9.5124,0.1819,-2.5569,0.7989,-0.3975
0.2801,-9.5124,0.1819,-2.5292,0.6167,-0.2857
0.2801,-9.5124,0.1819,-2.3854,0.4612,-0.0993
0.2801,-9.5124,0.1819,-2.0893,0.6199,0.0551
0.2801,-9.5124,0.1819,-1.8528,1.4817,0.0934
0.2801,-9.5124,0.1819,-2.1191,2.0388,-0.1366
0.2801,-9.5124,0.1819,-2.2608,2.0622,-0.2932
0.2801,-9.5124,0.1819,-2.1511,1.8396,-0.2857
0.2801,-9.5124,0.1819,-1.9146,1.4508,-0.2197
0.2801,-9.5124,0.1819,-1.6792,1.0013,-0.1802
0.2801,-9.5124,0.1819,-1.5235,0.9107,-0.062
0.2801,-9.5124,0.1819,-1.3989,1.0716,0.119
0.2801,-9.5124,0.1819,-1.172,1.1611,0.2394
0.2801,-9.5124,0.1819,-0.7959,0.9757,0.2916
0.2801,-9.5124,0.1819,-0.3454,0.5922,0.331
0.2801,-9.5124,0.1819,-0.0119,0.3174,0.3651
0.2801,-9.5124,0.1819,0.2255,0.1661,0.3778
0.2801,-9.5124,0.1819,0.4194,-0.0234,0.3544
0.2801,-9.5124,0.1819,0.6452,-0.1981,0.3736
0.2801,-9.5124,0.1819,0.935,-0.2513,0.4929
0.2801,-9.5124,0.1819,1.1342,-0.1725,0.6889
