andar
-1.7199,1.423,8.8369,-0.1075,0.1922,-0.0479
-1.7199,1.423,8.8369,-0.2343,-0.0367,-0.0287
-1.4565,1.6337,8.7771,-0.2343,-0.0367,-0.0287
-1.4565,1.6337,8.7771,-0.2844,-0.3722,-0.0319
-1.2336,1.6457,9.0237,-0.2737,-0.483,-0.05
-0.9726,1.569,9.4957,-0.2471,-0.4905,-0.0692
-0.872,1.1953,10.3076,-0.2471,-0.4905,-0.0692
-0.9726,1.0875,10.298,-0.2194,-0.4138,-0.0681
-1.066,1.1617,10.2693,-0.2023,-0.3264,-0.0564
-1.1498,1.2791,10.1687,-0.2023,-0.2327,-0.0458
-1.3461,1.2144,9.9149,-0.2087,-0.1102,-0.0628
-1.3461,1.2144,9.9149,-0.2247,-0.0335,-0.0521
-1.1043,1.1665,10.0562,-0.2247,-0.0335,-0.0521
-0.8864,1.1306,10.2142,-0.2343,-0.0239,-0.0404
-0.8864,1.1306,10.2142,-0.2141,0.0239,-0.0553
-0.8625,1.0732,10.1975,-0.1874,0.0015,-0.0607
-1.1474,0.9917,9.8958,-0.1874,0.0015,-0.0607
-1.1881,1.0372,9.6249,-0.1555,-0.0825,-0.0575
-1.1881,1.0372,9.6249,-0.0926,-0.4031,-0.0458
-0.8481,1.3341,9.6225,-0.0926,-0.4031,-0.0458
-0.8481,1.3341,9.6225,-0.0351,-0.728,-0.1118
-0.3642,1.4422,10.1376,-0.0351,-0.728,-0.1118
-0.3642,1.4422,10.1376,0.0213,-0.8154,-0.229
-0.4551,0.8984,10.0969,0.0213,-0.8154,-0.229
-0.4551,0.8984,10.0969,-0.1288,-0.4298,-0.2364
-0.7305,0.6443,10.0634,-0.1608,-0.336,-0.1565
-0.6419,1.0061,9.3951,-0.1608,-0.336,-0.1565
-0.6419,1.0061,9.3951,-0.2364,-0.4372,-0.0756
-0.7425,1.4302,9.4502,-0.1768,-0.5107,-0.0713
-0.2418,1.9545,11.0624,-0.1768,-0.5107,-0.0713
-0.0574,1.5954,11.4933,-0.0511,-0.6119,-0.0926
-0.0574,1.5954,11.4933,0.2599,-0.6258,0.0958
-0.5366,1.2886,11.4598,0.4388,-0.6162,0.294
1.066,-0.0359,9.5316,0.4388,-0.6162,0.294
1.066,-0.0359,9.5316,0.4601,-0.6428,0.2109
0.6323,-0.0981,9.1003,0.3408,-0.4404,0.1363
0.2705,0.4001,8.5781,0.3408,-0.4404,0.1363
0.2705,0.4001,8.5781,0.0447,-0.3382,0.0692
0.0454,1.2072,9.5747,0.0447,-0.3382,0.0692
0.0454,1.2072,9.5747,0.099,-0.5331,0.0948
0.3546,0.7377,9.3496,0.099,-0.5331,0.0948
0.3187,0.5485,9.2706,0.1235,-0.6577,0.1043
0.3306,0.3378,9.1626,0.1299,-0.7227,0.1097
0.5533,0.3354,9.2898,0.1267,-0.6886,0.1608
0.8358,0.448,9.3352,0.1097,-0.5991,0.2471
1.0301,0.7329,9.1458,0.0841,-0.5288,0.3419
0.9726,0.9032,8.3171,0.0362,-0.4894,0.4165
0.9726,0.9032,8.3171,-0.1065,-0.7376,0.5752
-2.4432,-0.3737,7.1338,-0.1065,-0.7376,0.5752
-2.4145,-0.9008,8.207,-0.2812,-0.842,0.7701
-0.4456,-0.6539,9.9149,-0.4708,-0.8591,1.0822
-0.4456,-0.6539,9.9149,-0.3738,-0.9123,1.667
2.5321,0.0383,10.7532,-0.3738,-0.9123,1.667
4.1536,1.1617,10.6455,-0.1491,-1.086,1.7096
4.5154,2.0649,9.4837,0.0245,-1.0114,1.4689
3.5595,1.7965,8.6331,0.0063,-0.8058,0.9725
1.9425,0.7018,7.5192,-0.131,-0.5022,0.5123
1.9425,0.7018,7.5192,-0.6039,-0.1422,0.3973
0.5844,0.0287,7.445,-0.6892,-0.2657,0.491
1.0013,-0.5294,9.5747,-0.6892,-0.2657,0.491
0.9774,-0.9008,10.2573,-0.589,-0.5161,0.5507
0.3187,-1.3796,10.0227,-0.4175,-0.7046,0.6039
0.3187,-1.3796,10.0227,-0.1661,-1.0306,0.9459
1.3461,-0.7879,9.8527,-0.1661,-1.0306,0.9459
2.1176,-0.9151,9.7399,-0.0298,-1.233,1.0577
2.1176,-0.9151,9.7399,0.2599,-1.7134,1.1312
4.2377,-0.1005,8.6643,0.2599,-1.7134,1.1312
4.9491,0.2561,8.0056,0.328,-1.8519,1.0769
4.7548,0.1053,7.6464,0.2588,-1.7549,0.9778
4.1919,-0.3091,7.6704,0.0617,-1.4258,0.8873
4.1919,-0.3091,7.6704,-0.2726,-0.8601,0.9054
3.6771,-0.5557,8.0582,-0.2513,-0.8569,0.9714
2.2756,-1.5307,9.6609,-0.2513,-0.8569,0.9714
1.8971,-1.818,10.1879,-0.0479,-1.1009,1.0897
1.3988,-2.0075,10.152,0.3153,-1.6047,1.2527
1.3988,-2.0075,10.152,1.1877,-3.0449,1.6745
1.2527,-2.108,9.2535,1.487,-3.7171,1.9131
3.0684,-1.133,7.8835,1.487,-3.7171,1.9131
3.8591,-0.9056,7.7685,1.6459,-4.1667,2.075
4.7644,-1.1258,8.2908,1.7322,-4.4309,2.1741
4.7644,-1.1258,8.2908,2.0155,-4.7249,2.3126
5.1861,-1.1713,8.7555,2.2179,-4.7164,2.3914
4.3837,-1.5427,7.3325,2.2179,-4.7164,2.3914
4.3837,-1.5427,7.3325,2.4853,-4.7462,2.7834
5.0281,-1.423,6.6475,2.4491,-4.4735,2.9709
7.2152,-1.2312,7.2607,2.4491,-4.4735,2.9709
7.2152,-1.2312,7.2607,2.0911,-2.9746,3.2405
8.7268,-0.8792,8.0223,1.8057,-1.5802,3.1819
8.3267,-0.4863,4.1751,1.8057,-1.5802,3.1819
8.3674,0.2971,5.7251,1.16,-0.1731,3.2107
9.5842,-0.1197,6.7001,0.6338,0.3627,3.3108
9.5842,-0.1197,6.7001,0.5368,0.434,3.2618
11.3425,-1.042,7.3085,0.5368,0.434,3.2618
11.3425,-1.042,7.3085,0.9033,-0.4809,2.956
11.4071,0.2466,7.2056,0.9033,-0.4809,2.956
11.4071,0.2466,7.2056,1.4433,-1.8348,2.6162
11.575,0.5796,7.9553,1.8451,-2.2417,2.3935
10.4084,-0.5174,9.2368,1.8451,-2.2417,2.3935
9.3352,-0.7736,7.5575,2.3542,-2.36,2.2955
8.5493,-0.6539,5.9361,2.7622,-2.4697,2.353
7.9122,-1.0037,4.4532,2.9572,-2.5997,2.4883
7.9122,-1.0037,4.4532,2.9678,-2.6668,2.875
9.3879,-1.9641,2.4863,2.9678,-2.6668,2.875
11.1462,-2.0219,1.1522,2.8347,-2.5826,3.0124
11.1462,-2.0219,1.1522,2.3234,-2.3387,2.8505
11.0384,-1.2,1.8157,2.3234,-2.3387,2.8505
10.1208,-1.37,1.0899,2.0997,-2.0106,2.7184
10.1208,-1.37,1.0899,1.4913,-1.7123,2.6321
9.0955,-1.8468,0.7185,1.1749,-1.5717,2.6961
7.3588,-3.4638,2.2397,1.1749,-1.5717,2.6961
7.3588,-3.4638,2.2397,0.932,-1.4822,2.9677
6.2928,-4.0028,3.4446,1.0194,-1.7251,3.2448
5.1143,-5.4043,2.5561,1.0194,-1.7251,3.2448
5.9864,-6.0199,2.6973,1.0748,-2.0202,3.5835
5.9864,-6.0199,2.6973,1.0939,-2.1459,3.5548
21.8372,0.831,-0.7305,1.0939,-2.1459,3.5548
14.2362,-0.225,-3.5188,0.9576,-2.1565,2.3967
8.4272,-1.9692,-4.0243,0.5826,-2.115,1.8311
8.4272,-1.9692,-4.0243,-0.4559,-1.724,2.4915
7.1003,-4.4603,-0.5413,-0.6945,-1.4833,2.7823
5.7945,-6.8462,3.2291,-0.6945,-1.4833,2.7823
5.7945,-6.8462,3.2291,-0.8489,-1.184,3.2789
8.547,-5.2819,2.029,-0.8489,-1.184,3.2789
8.547,-5.2819,2.029,-0.7509,-1.2287,3.3833
8.4153,-6.8941,4.7429,-0.7509,-1.2287,3.3833
8.4679,-5.7778,4.9802,-0.5187,-1.282,3.281
8.8226,-4.446,3.1525,-0.1832,-1.479,3.0178
7.8835,-3.9788,0.9822,0.1565,-1.6431,2.6907
7.8835,-3.9788,0.9822,0.0617,-1.2937,1.8449
5.9768,-4.0099,-0.7305,-0.1821,-1.0029,1.5626
4.0985,-5.3683,0.2777,-0.1821,-1.0029,1.5626
4.0985,-5.3683,0.2777,-0.2236,-0.728,1.2101
4.695,-6.9946,1.5978,0.05,-0.8697,1.046
5.0496,-10.4324,2.2038,0.05,-0.8697,1.046
4.815,-11.3257,1.9449,0.3206,-0.9603,0.9054
7.2463,-10.0346,0.8047,0.5049,-1.0508,0.9917
8.5517,-9.0883,-0.8382,0.5336,-0.8825,0.964
8.5517,-9.0883,-0.8382,0.2897,-0.3957,0.6615
8.693,-8.4129,0.3881,0.2897,-0.3957,0.6615
6.7528,-7.8212,1.0875,0.3153,-0.3019,0.4197
6.2641,-8.2549,1.0875,0.4687,-0.1816,0.3525
5.4091,-7.6823,0.527,0.5347,0.0303,0.327
5.5647,-7.117,0.2633,0.5198,0.2508,0.3259
5.5647,-7.117,0.2633,0.4804,0.2689,0.4154
5.8328,-6.2976,0.5773,0.4452,0.3531,0.5422
5.3755,-6.1444,1.0827,0.4303,0.4298,0.7744
4.8006,-6.2665,1.581,0.3941,0.4766,1.0194
6.7169,-4.803,-0.9822,0.3941,0.4766,1.0194
5.5024,-6.2928,0.5413,0.2929,0.3605,1.16
4.6255,-8.0439,-0.3498,0.2545,0.0601,1.1653
4.2063,-8.9399,0.1819,0.2162,-0.0836,1.3379
4.791,-8.341,2.0649,0.0372,-0.1784,1.5094
4.791,-8.341,2.0649,0.1033,-0.2977,1.6937
5.0305,-7.9864,0.9678,0.1033,-0.2977,1.6937
5.0305,-7.9864,0.9678,0.148,-0.3808,1.6425
2.4624,-8.5254,1.0923,0.148,-0.3808,1.6425
6.3598,-4.8892,-2.3523,0.0969,-0.2806,1.732
6.3598,-4.8892,-2.3523,-0.1587,-0.7003,1.1728
3.816,-7.2607,0.3905,-0.1587,-0.7003,1.1728
3.816,-7.2607,0.3905,-0.4537,-0.3605,0.866
4.4268,-9.7494,3.6915,-0.4537,-0.3605,0.866
5.4019,-11.0217,6.2856,-0.6061,0.1741,0.866
5.4019,-11.0217,6.2856,0.2481,0.1347,0.6817
4.3646,-12.5234,2.278,0.2481,0.1347,0.6817
4.3646,-12.5234,2.278,0.4367,-0.0079,0.8916
4.2233,-11.206,-0.618,0.1576,0.14,1.0226
4.2664,-10.0801,-0.7784,0.0639,0.0623,1.0716
5.3923,-9.2152,0.7903,0.197,-0.0314,0.9597
5.3731,-9.3376,1.6145,0.197,-0.0314,0.9597
4.1129,-9.7135,1.5714,0.2673,0.0601,0.768
3.5691,-9.9892,1.054,0.2162,0.2721,0.6434
3.5691,-9.9892,1.054,0.0511,0.6194,0.4271
4.2975,-10.8969,0.0095,0.0511,0.6194,0.4271
4.2975,-10.8969,0.0095,-0.2098,0.9348,0.1278
4.2137,-10.4132,0.5725,-0.262,0.9902,-0.1661
1.9716,-11.7067,1.7702,-0.262,0.9902,-0.1661
4.7357,-11.4622,1.6672,-0.1949,0.7697,-0.295
6.9036,-11.1486,1.3221,-0.0479,0.5161,-0.3621
6.1731,-10.4444,1.7199,-0.1075,0.4798,-0.6178
6.1731,-10.4444,1.7199,-0.3408,1.1692,-1.3656
4.2736,-9.8694,1.9282,-0.3142,0.5193,-1.3752
2.0099,-7.3253,0.1316,-0.5613,-0.27,-0.8298
-1.3676,-4.3622,0.0478,-0.7403,-0.4671,-0.1981
0.4839,-6.7887,1.2096,-0.7424,-0.5938,0.0681
3.6218,-8.0894,1.6145,-0.72,-0.8569,0.2205
4.1847,-9.2682,1.4517,-0.72,-0.8569,0.2205
4.1847,-9.2682,1.4517,-0.5848,-1.9765,0.7371
3.7633,-9.3592,1.593,-0.2418,-2.132,1.0258
3.0086,-9.9245,0.8334,-0.2418,-2.132,1.0258
1.6696,-9.9317,-0.8481,-0.1075,-1.7997,0.9927
3.2531,-10.0969,1.8085,-0.1395,-1.8529,1.0609
3.4039,-9.7135,1.4158,-0.0553,-1.9541,1.258
3.4039,-9.7135,1.4158,0.3792,-1.1222,0.8798
3.3081,-9.903,-0.3737,0.1832,-0.8527,0.7584
2.9535,-10.4468,-2.041,-0.147,-0.5587,0.6987
3.4398,-9.3879,0.7137,-0.147,-0.5587,0.6987
3.4398,-9.3879,0.7137,-0.0106,0.4862,0.18
2.9463,-8.0271,0.6563,-0.0106,0.4862,0.18
2.9463,-8.0271,0.6563,0.801,1.0595,-0.181
2.6183,-10.4731,-0.2609,0.801,1.0595,-0.181
2.6183,-10.4731,-0.2609,1.1419,1.591,-0.0298
2.5441,-7.814,0.673,1.1419,1.591,-0.0298
2.5441,-7.814,0.673,0.0031,0.9529,-0.1129
-1.3078,-11.6612,3.0421,0.0031,0.9529,-0.1129
2.999,-7.5552,9.9269,-2.4234,-2.2162,0.2418
3.9453,-7.723,8.7292,-2.6417,-1.0689,0.719
3.9453,-7.723,8.7292,-1.1547,0.1858,0.3834
0.4384,-10.5808,-5.2124,-1.1547,0.1858,0.3834
0.6587,-10.3459,-4.906,-0.8596,-0.2902,0.5869
1.6337,-10.7508,-1.9521,-0.7509,-0.5363,0.932
1.6337,-10.7508,-1.9521,-0.4473,-0.1858,1.258
3.2986,-9.7111,1.2407,-0.1491,0.0101,1.2111
4.2521,-8.5039,3.8615,-0.1491,0.0101,1.2111
4.2521,-8.5039,3.8615,0.2854,0.5959,1.1664
2.8098,-8.1181,0.6587,0.2854,0.5959,1.1664
2.8098,-8.1181,0.6587,0.1214,0.7559,1.0268
1.3844,-8.5541,-0.3498,0.0511,0.3477,1.0215
1.0899,-8.9255,-0.9487,0.0042,-0.0793,1.0609
1.2934,-9.0045,0.0215,0.0213,-0.2359,1.0705
2.1176,-9.3185,1.0348,0.0372,-0.189,1.0322
2.762,-9.8455,1.2,0.0777,-0.0346,0.9459
2.7021,-9.7303,1.4398,0.0777,-0.0346,0.9459
2.7021,-9.7303,1.4398,0.3217,0.1411,0.6093
2.4241,-10.2669,0.975,0.5038,-0.0793,0.3621
1.3892,-11.5415,0.0119,0.5038,-0.0793,0.3621
1.3892,-11.5415,0.0119,0.7137,-0.4916,0.0234
1.5331,-10.77,-1.121,0.7126,-0.6162,-0.1129
0.606,-11.4215,-0.1651,0.7019,-0.5991,-0.2332
1.0157,-12.7727,0.2082,0.7414,-0.5778,-0.3099
0.9056,-13.3045,0.9774,0.8607,-0.6354,-0.3707
1.1498,-13.151,1.2551,1.0034,-0.6332,-0.4655
1.1881,-12.2577,0.8358,1.0609,-0.4873,-0.6167
1.7295,-10.061,-0.7257,1.0609,-0.4873,-0.6167
0.6084,-10.0275,2.278,0.98,-0.2103,-0.8319
0.6084,-10.0275,2.278,1.2069,-0.8346,-1.1216
0.3953,-10.5377,1.6528,1.1174,-1.0359,-1.2782
0.6658,-11.4742,1.0181,1.0396,-1.1531,-1.2633
-0.7185,-11.7163,0.9798,0.9203,-1.1637,-1.1994
4.5609,-14.1404,0.764,0.9203,-1.1637,-1.1994
4.5609,-14.1404,0.764,0.997,-0.5352,-1.4156
5.7514,-12.4157,2.829,1.0119,0.1038,-1.4188
7.4187,-12.7655,-0.6299,0.9011,0.9625,-1.4604
2.9942,-12.3175,0.0742,0.9011,0.9625,-1.4604
2.7237,-11.9174,1.1306,0.9342,1.1937,-1.2814
2.7237,-11.9174,1.1306,0.9768,1.0222,-1.0524
2.5441,-11.0073,1.0516,0.8607,1.0925,-0.9917
2.0769,-10.7987,0.9463,0.8916,1.1223,-0.8521
2.5273,-9.2607,2.1104,0.8916,1.1223,-0.8521
3.0974,-8.8298,1.8827,1.0268,0.8922,-0.7286
3.0974,-8.8298,1.8827,1.1525,0.4532,-0.7509
2.0793,-9.0524,0.6754,1.1525,0.4532,-0.7509
2.0793,-9.0524,0.6754,0.9789,0.662,-0.6519
2.0003,-8.4105,0.5844,0.9789,0.662,-0.6519
2.8146,-7.7302,1.3581,0.7967,0.9572,-0.5304
2.7811,-7.6321,2.908,0.6476,1.1298,-0.4367
2.7811,-7.6321,2.908,0.622,1.3194,-0.377
2.3116,-7.5336,3.3967,0.622,1.117,-0.3057
1.4637,-7.3756,1.6002,0.4761,0.6641,-0.1842
0.6443,-6.7265,-0.9367,0.4761,0.6641,-0.1842
1.1522,-6.2593,-0.6395,0.2386,0.1528,-0.033
1.4709,-5.8448,-0.2106,-0.0117,-0.2295,0.0745
1.4709,-5.8448,-0.2106,-0.5304,-0.3701,0.2311
1.8516,-5.4521,-0.0861,-0.8117,-0.3083,0.2865
3.1812,-4.3933,0.7448,-0.8117,-0.3083,0.2865
3.998,-4.1249,1.4086,-1.0684,-0.2647,0.2897
3.998,-4.1249,1.4086,-1.3805,-0.3105,0.0479
4.5346,-4.1656,2.3044,-1.4082,-0.3296,-0.1342
4.762,-3.9453,3.1477,-1.3741,-0.3371,-0.3099
4.9347,-3.5619,3.8495,-1.2963,-0.3296,-0.4804
5.1262,-3.0828,4.458,-1.176,-0.3201,-0.6721
5.313,-3.2339,4.9371,-1.0354,-0.3669,-0.8788
4.5202,-5.4905,6.6953,-1.0354,-0.3669,-0.8788
4.5202,-5.4905,6.6953,-0.6167,-0.2551,-1.1291
2.2996,-7.9002,7.893,-0.6167,-0.2551,-1.1291
2.2996,-7.9002,7.893,-0.1256,-0.124,-0.8149
3.526,-8.681,7.05,-0.1256,-0.124,-0.8149
3.526,-8.681,7.05,0.3408,-0.4596,-0.5624
4.9012,-8.5685,6.2138,0.507,-0.6332,-0.6327
5.7299,-9.0572,7.0356,0.507,-0.6332,-0.6327
5.7299,-9.0572,7.0356,1.0013,-0.8111,-0.7616
5.84,-9.6369,6.3407,1.0013,-0.8111,-0.7616
5.512,-10.0059,5.7395,1.2111,-0.7451,-0.8425
5.2028,-10.0801,4.8844,1.34,-0.6194,-0.9118
5.1621,-10.0993,4.1704,1.422,-0.5288,-0.9256
5.21,-10.3674,3.8112,1.4625,-0.5342,-0.9139
4.9562,-10.7341,4.132,1.4774,-0.6386,-0.9065
4.3718,-10.904,3.8543,1.4828,-0.7568,-0.8692
3.7035,-10.5545,1.5954,1.5328,-0.6961,-0.801
3.078,-9.8165,-1.1713,1.4614,-0.5235,-0.6838
3.1573,-9.0213,-2.108,1.1536,-0.4298,-0.507
3.1573,-9.0213,-2.108,0.3493,-0.2657,-0.1906
3.3177,-8.4823,-2.5872,-0.0639,-0.139,-0.0426
3.5212,-7.4737,-2.6662,-0.0639,-0.139,-0.0426
3.5212,-7.4737,-2.6662,-0.7286,0.0484,0.2098
4.3646,-6.4918,-1.8779,-0.8756,0.0292,0.2407
5.1167,-4.6615,-1.7055,-0.8756,0.0292,0.2407
5.0951,-5.2819,-1.4398,-0.9523,-0.0846,0.2205
5.0951,-5.2819,-1.4398,-1.193,0.0612,0.1011
3.0927,-6.0797,2.7452,-1.193,0.0612,0.1011
3.0927,-6.0797,2.7452,-1.274,0.9561,0.2758
2.3235,-6.3335,3.4901,-1.2708,1.1979,0.4537
2.302,-6.5828,3.8112,-1.1248,1.0882,0.6359
3.2603,-7.2774,4.9682,-0.9065,0.7314,0.8074
1.8635,-7.9194,3.8352,-0.9065,0.7314,0.8074
1.8635,-7.9194,3.8352,-0.7179,-0.0143,1.6606
3.447,-9.0429,2.2732,-0.8266,-0.384,1.8897
5.1526,-9.9556,-0.0454,-1.0226,-0.4447,1.9227
7.4067,-12.3558,0.0861,-1.0226,-0.4447,1.9227
6.4197,-12.2529,-0.7879,-1.2612,-0.1486,1.8961
4.9012,-10.2382,-2.7476,-1.5637,0.3403,1.8108
4.4963,-6.6642,-4.961,-1.9983,0.9955,1.9152
5.1933,-6.7265,-0.0143,-2.5597,1.5985,1.961
4.5346,-8.0606,0.3953,-2.8537,2.2653,1.7352
4.3837,-11.1342,5.0592,-2.8409,2.2046,1.3688
4.3837,-11.1342,5.0592,-1.6085,1.2395,0.915
-2.2661,-9.8886,7.9553,-1.6085,1.2395,0.915
0.7832,-8.1085,3.8639,-0.7286,0.5789,1.4274
0.7832,-8.1085,3.8639,0.2311,-0.907,1.4593
1.0253,-10.6048,0.2971,0.2311,-0.907,1.4593
1.0253,-10.6048,0.2971,0.2673,-1.2383,1.3358
3.4685,-10.8298,-0.9726,0.2673,-1.2383,1.3358
3.1573,-7.723,-1.212,0.148,-0.989,1.2942
1.1976,-11.1438,0.4073,-0.0543,-0.6343,1.0119
0.6826,-12.1451,0.9127,-0.1214,-0.1709,0.7829
0.661,-8.1878,1.291,-0.049,0.156,0.7392
2.4648,-10.2046,0.3259,0.0873,0.3041,0.6732
1.9835,-11.1198,0.7329,0.1533,0.2135,0.4868
1.4012,-11.0528,1.2862,0.1363,0.2412,0.1683
1.4012,-11.0528,1.2862,0.3014,0.4894,0.1395
2.8482,-10.7077,1.672,0.4303,0.564,-0.0266
1.1593,-9.4573,-0.0191,0.4303,0.564,-0.0266
0.1508,-9.1913,0.4049,0.4889,0.4521,-0.1267
0.345,-10.8083,-0.213,0.4537,0.1688,-0.1203
1.236,-12.4995,-0.872,0.4378,0.0047,-0.0766
2.4696,-12.4109,1.4398,0.3451,-0.2604,-0.001
3.5212,-12.9188,3.7466,0.246,-0.1603,0.0553
3.5212,-12.9188,3.7466,0.3483,0.5246,-0.0127
4.6782,-14.3801,4.2975,0.4548,0.5395,-0.1406
4.0698,-13.9728,3.107,0.49,0.5832,-0.1022
1.4134,-11.3904,-0.0766,0.49,0.5832,-0.1022
1.4134,-11.3904,-0.0766,0.0394,0.3978,0.082
1.66,-9.7925,-1.0324,0.0394,0.3978,0.082
2.4983,-8.7555,1.1091,-0.5698,0.0324,0.5059
2.4983,-8.7555,1.1091,-1.5861,-0.7035,1.1579
2.8146,-8.1878,1.7271,-1.7139,-1.3991,1.2058
1.9955,-11.5247,8.0439,-1.7139,-1.3991,1.2058
1.3485,-9.1697,-2.448,-0.2386,-1.7997,1.1461
0.6946,-5.6964,-8.1711,1.4987,-1.1264,0.8532
1.2024,-6.7743,-1.2743,0.85,-0.3957,0.7083
1.2024,-6.7743,-1.2743,-0.3792,0.0889,0.6487
2.5007,-10.5712,2.2062,-0.3792,0.0889,0.6487
2.2038,-11.6397,2.5465,-0.4495,-0.4458,0.5422
1.1953,-11.5295,1.3245,-0.3749,-1.0529,0.4623
1.1953,-11.5295,1.3245,-0.1917,-2.1086,0.392
0.4958,-10.5305,-0.1173,-0.1267,-2.523,0.2428
0.3091,-9.9173,-0.436,-0.131,-2.5016,0.0351
0.8215,-10.1137,0.2828,-0.2364,-1.887,-0.1949
1.3964,-9.903,1.0324,-0.3099,-1.1456,-0.4165
1.2647,-9.443,1.6169,-0.3376,-0.5416,-0.605
1.1522,-9.2583,1.1426,-0.3366,-0.3105,-0.7115
1.0372,-9.3257,0.0981,-0.2375,-0.4095,-0.7264
1.315,-9.6297,-0.357,-0.0127,-0.5938,-0.686
1.7797,-8.8154,-0.4695,0.246,-0.6087,-0.3025
0.0646,-4.6926,-1.7151,-0.1683,0.0101,0.6551
2.5079,-5.5264,-0.8143,0.0628,0.3147,0.4878
4.9108,-8.6044,1.9138,0.2684,0.8464,0.2002
2.8529,-10.5162,1.4182,0.2631,1.2597,0.2844
1.8659,-9.6656,-0.0694,0.2631,1.2597,0.2844
1.9354,-7.0356,0.333,0.1896,1.1244,0.3834
1.0013,-5.972,1.5331,0.0596,0.5501,0.2599
-0.2828,-8.3171,1.145,0.1107,-0.0719,-0.0106
-0.7113,-10.2621,0.1771,0.1693,-0.3808,-0.1011
0.0263,-10.4635,0.7496,0.1928,-0.7398,0.0458
1.49,-10.2238,-2.8625,0.3014,-1.1382,0.3035
4.2353,-13.0768,-0.055,0.2609,-1.4194,0.4612
4.5753,-11.285,2.1368,0.0095,-1.283,0.4079
2.6494,-8.9591,2.0147,0.0031,-0.5683,0.3451
1.3006,-10.6119,0.3522,0.2098,-0.2284,0.3163
1.3006,-10.6119,0.3522,0.2588,-0.025,0.4857
0.8167,-10.6407,-0.3354,0.2588,-0.025,0.4857
0.8167,-10.6407,-0.3354,0.131,-0.3424,0.5986
0.8768,-9.6561,0.5533,0.1928,-0.5374,0.5709
0.7377,-7.9936,0.8984,0.3185,-0.7451,0.4974
0.6826,-6.3814,1.1115,0.4047,-1.0444,0.3994
0.4911,-7.8811,-0.1556,0.3302,-1.3128,0.3941
0.424,-9.6561,-0.4408,0.3643,-1.429,0.4388
0.9247,-9.4286,2.0673,0.7158,-0.8665,0.3696
1.7031,-6.59,6.5301,1.1706,-0.336,0.2045
-0.7425,-9.8718,-3.7035,1.1706,-0.336,0.2045
-0.7425,-9.8718,-3.7035,0.8127,-1.92,0.425
1.5643,-3.5763,-0.5294,0.8127,-1.92,0.425
3.8854,-8.1325,-1.2551,0.7786,-2.0244,0.3003
3.8854,-8.1325,-1.2551,0.4101,-1.168,-0.2215
1.763,-11.8336,0.5605,0.4101,-1.168,-0.2215
1.763,-11.8336,0.5605,0.2929,0.1613,0.1746
3.4015,-11.4933,3.4638,0.2929,0.1613,0.1746
2.3786,-13.5392,1.7773,0.4612,0.8816,0.0308
2.3786,-13.5392,1.7773,0.6007,0.8475,0.3653
0.8984,-11.5774,0.1723,0.6071,0.0857,0.4516
1.8947,-9.6944,0.0861,0.6093,-0.8591,0.1565
4.2712,-5.1502,1.3269,0.7744,-1.1882,-0.1715
-0.0766,-10.1615,3.0469,0.882,-1.2212,0.2215
-1.1929,-13.889,0.3929,0.7552,-1.6037,0.3238
2.7644,-9.6273,-1.9306,0.5816,-1.7752,0.2535
2.0003,-14.5956,-0.6634,0.2748,-1.4716,0.491
1.1665,-15.9441,-0.5222,-0.0149,-0.9741,0.6657
1.9907,-14.7943,0.0239,-0.245,-0.4181,0.6913
2.6135,-13.9704,0.0383,-0.245,-0.4181,0.6913
2.4337,-13.8962,-0.0095,-0.4697,-0.0591,0.6029
1.3317,-14.2793,0.055,-0.6987,-0.009,0.4473
1.3317,-14.2793,0.055,-1.0162,-1.0849,0.3344
0.7401,-13.6684,-0.1484,-1.0162,-1.0849,0.3344
1.0468,-12.8805,-0.6251,-1.1099,-1.8369,0.3856
1.0468,-12.8805,-0.6251,-1.3922,-2.899,0.2812
0.4025,-10.219,-2.6901,-1.3922,-2.899,0.2812
-0.4001,-9.5986,-2.1057,-1.6244,-3.3229,0.2258
-0.4001,-9.5986,-2.1057,-1.7608,-3.6936,0.5975
-1.672,-11.2371,-1.6121,-1.862,-3.2484,1.0471
-1.3341,-11.1821,-2.3858,-2.0409,-2.7743,1.4156
-0.7305,-9.6585,-2.726,-2.1443,-2.3504,1.682
-0.7233,-8.4847,-1.9521,-2.0857,-2.0266,1.8716
-0.8601,-8.0822,-0.4958,-1.8907,-1.6367,2.0495
-1.4876,-9.0309,2.7763,-1.8907,-1.6367,2.0495
-1.0636,-9.7039,3.0852,-1.6106,-1.0977,2.2593
-0.3402,-10.5689,2.041,-1.3389,-0.4149,2.4585
0.527,-11.0624,0.357,-1.2101,0.2466,2.565
0.527,-11.0624,0.357,-1.4167,0.5725,2.5064
0.4623,-11.3688,-1.0013,-1.6575,0.2359,2.255
1.435,-8.5829,-2.1392,-1.6575,0.2359,2.255
2.0458,-7.3133,-2.5127,-2.0867,0.0282,1.2921
-2.2158,-10.1615,-1.4086,-2.7227,0.0537,-0.1789
-5.3444,-11.2922,-1.0779,-3.0071,-0.3531,-1.3624
-6.5852,-11.678,-0.0478,-2.9112,-1.2745,-1.519
-6.5852,-11.678,-0.0478,-2.1933,-2.9288,-0.5155
-6.6331,-11.8719,0.1556,-1.8226,-3.2921,-0.0585
-2.8889,-10.2836,-2.3044,-1.8226,-3.2921,-0.0585
-2.8889,-10.2836,-2.3044,-1.6074,-2.655,0.0266
-1.2599,-9.5795,-2.2804,-1.5818,-1.6143,-0.0969
-0.8481,-10.0155,-1.9114,-1.4678,-0.3541,-0.1523
-0.8505,-10.1951,-0.8816,-1.2303,0.725,-0.1693
-0.7592,-9.68,-0.6563,-0.9746,1.1543,-0.2854
-1.4134,-8.4129,-0.5174,-0.9746,1.1543,-0.2854
-2.1152,-7.8978,-0.1699,-0.7467,1.1021,-0.4633
-2.5728,-7.4139,-0.0407,-0.5432,0.791,-0.5922
-2.5728,-7.4139,-0.0407,-0.2726,-0.0133,-0.6572
-2.6925,-6.6666,-0.2513,-0.2726,-0.0133,-0.6572
-2.6925,-6.6666,-0.2513,-0.2918,-0.4692,-0.5624
-2.4768,-5.9696,-0.697,-0.2918,-0.4692,-0.5624
-2.5465,-5.7347,-0.6108,-0.3472,-0.6013,-0.4953
-2.6638,-5.6006,-0.7425,-0.3589,-0.7131,-0.4005
-2.6566,-5.4857,-0.9894,-0.3142,-0.7025,-0.3163
-2.5752,-5.3827,-1.2575,-0.2183,-0.6705,-0.2524
-2.5007,-5.4258,-1.6457,-0.0713,-0.6407,-0.2258
-2.3307,-5.4833,-2.0314,0.0852,-0.5501,-0.2173
-2.1871,-5.6461,-2.2852,0.2322,-0.4319,-0.213
-2.1871,-5.6461,-2.2852,0.4793,-0.3456,-0.2151
-2.0793,-5.8113,-2.6734,0.5741,-0.3893,-0.23
-1.763,-6.4125,-3.2459,0.5741,-0.3893,-0.23
-1.4853,-6.9036,-3.514,0.6636,-0.5043,-0.2524
-1.4853,-6.9036,-3.514,0.8117,-0.8292,-0.3248
-1.2336,-7.6321,-3.895,0.85,-1.0156,-0.3525
-0.8529,-9.3903,-5.0592,0.85,-1.0156,-0.3525
-0.8936,-10.4994,-5.7849,0.8404,-1.1424,-0.3749
-0.8936,-10.4994,-5.7849,0.7211,-1.1914,-0.3611
-1.1234,-12.454,-8.353,0.7211,-1.1914,-0.3611
-1.9883,-13.1582,-9.3257,0.5006,-1.0327,-0.3749
-1.9883,-13.1582,-9.3257,-0.1821,-0.2295,-0.2311
-3.1286,-12.6168,-8.8848,-0.1821,-0.2295,-0.2311
-3.4518,-11.6109,-7.6057,-0.3536,-0.0623,-0.2173
-3.4518,-11.6109,-7.6057,-0.2194,-0.4138,-0.3536
-3.9285,-9.2368,-4.0052,-0.2194,-0.4138,-0.3536
-3.9285,-9.2368,-4.0052,0.2098,-1.4407,-0.4846
-4.1081,-8.5326,-2.5369,0.409,-1.9488,-0.5496
-3.9022,-8.3674,-0.9343,0.6007,-2.1672,-0.5368
-4.2592,-8.7962,0.1173,0.7978,-1.8668,-0.4761
-3.7969,-9.2802,1.37,0.9842,-1.152,-0.4271
-2.6063,-12.0443,2.7835,0.9842,-1.152,-0.4271
-2.6063,-12.0443,2.7835,1.0971,0.9103,-0.2684
-2.4145,-15.6568,-2.108,1.0971,0.9103,-0.2684
-3.1094,-16.0498,-5.342,0.8894,1.6656,-0.2066
-3.8447,-14.2098,-3.4087,0.3419,1.8477,-0.2396
-3.7442,-10.7341,0.2657,-0.1288,1.5591,-0.3376
-2.8266,-6.9012,2.9798,-0.1778,1.1244,-0.4814
-2.3187,-4.3598,3.919,0.1182,0.8198,-0.6178
-2.6638,-3.2267,3.5021,0.5081,0.7133,-0.735
-2.9008,-3.1022,2.3953,0.8511,0.7335,-0.7222
-2.9008,-3.1022,2.3953,1.2356,0.7111,-0.3493
-2.2158,-3.5093,1.2336,1.3027,0.5501,-0.1427
-2.0865,-4.8102,-0.2154,1.2974,0.3563,0.1278
-1.5236,-10.0227,-0.8095,1.2974,0.3563,0.1278
-0.4408,-11.7426,-0.0933,1.2463,0.3019,0.3781
0.5342,-12.89,0.5868,1.1579,0.3861,0.4505
0.5342,-12.89,0.5868,0.9874,0.7463,0.1267
2.0099,-13.9632,0.2801,0.9874,0.7463,0.1267
2.5776,-12.8685,0.1436,0.9065,0.7665,-0.1288
2.1128,-11.115,0.2801,0.9011,0.6268,-0.3643
0.9439,-10.2334,0.4815,0.9991,0.4266,-0.5837
0.424,-9.7327,0.4432,1.1312,0.3339,-0.6828
0.424,-9.7327,0.4432,1.2186,0.7772,-0.7115
-0.0023,-9.3664,0.2178,1.2186,0.7772,-0.7115
-0.1077,-9.3352,0.6802,1.1792,1.0893,-0.7062
-0.0502,-9.273,1.0732,1.1461,1.3673,-0.6817
-0.3474,-9.4166,0.7568,1.1877,1.5122,-0.6529
-0.3019,-9.2706,1.1306,1.2037,1.5047,-0.6103
-0.3019,-9.2706,1.1306,1.1845,1.2949,-0.5123
-0.4528,-8.8417,0.8601,1.1845,1.2949,-0.5123
-0.5222,-8.6858,0.776,1.1408,1.1756,-0.4665
-0.4504,-8.6355,0.8095,1.0876,1.0627,-0.4133
-0.5653,-8.6595,0.7257,1.0449,0.9561,-0.3632
-0.5653,-8.6595,0.7257,0.9523,0.8017,-0.2524
-1.1354,-8.9184,1.0851,0.9523,0.8017,-0.2524
-1.1354,-8.9184,1.0851,0.9001,0.8656,-0.1225
-0.8744,-9.0572,1.6552,0.9651,0.9668,-0.1043
-0.2466,-9.2921,1.8444,1.0556,1.02,-0.1033
-0.1747,-9.7614,1.2168,1.0556,1.02,-0.1033
-0.1747,-9.7614,1.2168,1.111,1.0009,-0.0447
0.3019,-9.3185,0.7137,1.111,1.0009,-0.0447
0.3019,-9.3185,0.7137,1.029,1.1138,-0.0149
0.4623,-9.0907,0.618,0.9789,1.2054,0.0287
0.0957,-9.1721,0.8262,0.948,1.2555,0.0703
0,-9.1769,0.8696,0.948,1.2555,0.0703
0,-9.1769,0.8696,0.9352,1.1607,0.098
0.0646,-9.419,0.2947,0.9374,0.9604,0.1331
-0.4695,-9.9796,0.7568,0.9374,0.9604,0.1331
-0.776,-10.322,0.8071,0.9533,0.8453,0.1853
-0.776,-10.322,0.8071,0.9608,0.8667,0.2833
-1.0827,-10.667,0.5988,0.8745,0.873,0.3387
-0.884,-10.8945,-0.0957,0.7115,0.8784,0.393
-0.752,-11.3449,0.0311,0.5145,0.8869,0.4228
-0.4408,-11.757,0.0598,0.3344,0.8805,0.4228
-0.0478,-11.915,0.4504,0.3344,0.8805,0.4228
-0.0478,-11.915,0.4504,0.1874,0.8336,0.2854
0.2657,-11.5439,0.1915,0.1874,0.8336,0.2854
0.2705,-11.3137,-0.357,0.181,0.824,0.1874
0.3378,-11.1557,-1.1713,0.1917,0.8304,0.1161
0.4121,-11.2754,-2.2589,0.1757,0.7963,0.0862
0.4121,-11.2754,-2.2589,-0.0671,0.5363,0.1363
0.3211,-12.442,-2.7715,-0.0671,0.5363,0.1363
0.3211,-12.442,-2.7715,-0.4995,0.4202,0.2236
0.436,-13.6924,-3.605,-0.4995,0.4202,0.2236
0.424,-13.8292,-3.7753,-0.8031,0.3158,0.262
0.5102,-14.1189,-3.7059,-1.1738,0.1539,0.2758
0.5102,-14.1189,-3.7059,-2.0388,-0.1432,0.2545
2.0099,-13.9393,-2.6135,-2.0388,-0.1432,0.2545
3.0205,-13.1462,-1.6193,-2.4862,-0.2966,0.2268
3.0205,-13.1462,-1.6193,-3.2267,-0.5693,0.0372
1.7893,-11.218,1.2767,-3.2267,-0.5693,0.0372
0.5485,-10.4156,2.6255,-3.4163,-0.5501,0.0042
-0.6371,-10.6694,3.526,-3.444,-0.3211,-0.0031
-1.9859,-11.6037,3.9501,-3.3076,-0.0719,0.0085
-3.3033,-12.5976,3.4135,-3.053,0.1336,0.0884
-3.3033,-12.5976,3.4135,-2.4734,0.0942,0.4601
-4.5705,-13.9321,-0.5653,-2.4734,0.0942,0.4601
-4.5705,-13.9321,-0.5653,-2.4393,-0.7515,0.7222
-3.8495,-13.678,-2.2804,-2.6652,-1.0796,0.687
-3.0852,-12.7871,-2.8194,-2.924,-1.0828,0.6529
-3.356,-12.0586,-1.9473,-3.1031,-0.7259,0.7318
-2.0171,-10.0586,0.0526,-3.1031,-0.7259,0.7318
-1.4206,-9.3783,0.5677,-3.1478,-0.2221,0.8021
-0.3139,-9.1865,0.9247,-3.052,0.2487,0.8234
-0.3139,-9.1865,0.9247,-2.5341,0.7324,0.5613
0.2801,-9.4813,0.2513,-2.2636,0.839,0.3504
0.5964,-9.4861,-0.0287,-1.9216,0.7473,0.1203
0.7616,-9.352,-0.9487,-1.9216,0.7473,0.1203
0.7616,-9.352,-0.9487,-1.5307,0.4532,-0.1928
0.8816,-8.7651,-0.8071,-1.5307,0.4532,-0.1928
0.5126,-8.3794,-0.4336,-1.4519,0.2796,-0.3344
0.5126,-8.3794,-0.4336,-1.1941,-0.4085,-0.67
0.8119,-8.1543,0.3163,-1.013,-0.8995,-0.8383
-0.4575,-7.2583,0.6156,-1.013,-0.8995,-0.8383
-0.4575,-7.2583,0.6156,-0.8308,-1.512,-0.8713
-1.212,-6.3,0.5389,-0.7659,-1.6463,-0.752
-1.7773,-4.4627,1.0995,-0.7659,-1.6463,-0.752
-1.5475,-3.7609,1.2623,-0.6583,-1.6995,-0.6189
-1.5475,-3.7609,1.2623,-0.1949,-1.8369,-0.4633
-2.7213,-3.9214,1.3245,0.0468,-1.6931,-0.3983
-2.6758,-3.6724,0.6227,0.0468,-1.6931,-0.3983
-2.6662,-3.7322,0.2489,0.2865,-1.5291,-0.3845
-2.4648,-3.7945,-0.1316,0.5262,-1.3469,-0.3728
-2.2014,-3.9908,-0.4456,0.7499,-1.1893,-0.3547
-2.1847,-4.1919,-0.7472,0.964,-1.0945,-0.3515
-2.472,-4.4556,-0.987,1.16,-1.0252,-0.3685
-2.472,-4.4556,-0.987,1.5744,-0.9272,-0.392
-2.8745,-4.815,-1.2934,1.7982,-0.9081,-0.3877
-3.0684,-5.1526,-1.7199,1.9921,-0.8953,-0.3877
-3.6532,-6.0989,-2.2804,2.105,-0.792,-0.3089
-4.0243,-7.1218,-3.2603,2.105,-0.7696,-0.2556
-3.7298,-10.9857,-7.7901,2.105,-0.7696,-0.2556
-3.7298,-10.9857,-7.7901,1.5051,-1.1935,-0.0948
-3.1549,-18.6391,-17.4582,1.5051,-1.1935,-0.0948
-3.1549,-18.6391,-17.4582,-0.4601,-1.2298,0.2503
-1.4374,-20.5198,-11.2419,-0.4601,-1.2298,0.2503
-1.4374,-20.5198,-11.2419,-0.7531,-0.4681,0.0692
-1.0803,-12.5234,-4.6232,-0.7531,-0.4681,0.0692
-1.4278,-9.8479,-4.0818,-0.3717,-0.2934,-0.2098
-2.2709,-8.2956,-3.1621,-0.0234,-0.4607,-0.4846
-3.0998,-7.354,-2.0745,0.1981,-0.8282,-0.6391
-3.0998,-7.354,-2.0745,0.3653,-1.0892,-0.5688
-3.8567,-6.7743,-0.5054,0.4889,-0.8623,-0.4527
-4.6615,-9.1243,2.2732,0.4889,-0.8623,-0.4527
-4.5346,-12.0515,2.8625,0.6934,-0.5033,-0.3131
-4.0842,-15.1633,0.4671,0.8617,-0.0282,-0.1288
-3.0134,-17.7865,-4.3885,0.8138,0.5459,0.0862
-2.3139,-17.753,-4.1344,0.2844,1.1117,0.2961
-0.2537,-13.901,0.515,-0.4665,1.5452,0.4218
0.6515,-8.5302,5.5048,-0.6924,1.3705,0.3451
0.6515,-8.5302,5.5048,0.083,0.9146,-0.1331
0.3809,-4.6327,6.8246,0.3621,0.7516,-0.2652
0.6778,-1.66,3.0756,0.3621,0.7516,-0.2652
0.6778,-1.66,3.0756,0.8649,-0.0399,-0.4228
0.5054,-2.0985,2.0147,1.2612,-0.5491,-0.3707
-0.4144,-5.8951,0.4887,1.2612,-0.5491,-0.3707
-0.4144,-5.8951,0.4887,1.6555,-0.6332,-0.0607
-0.0287,-9.3735,0.3187,1.5467,-0.2647,-0.0053
2.4313,-16.0713,-0.8649,1.5467,-0.2647,-0.0053
2.4313,-16.0713,-0.8649,1.0247,0.1613,-0.3067
3.2626,-16.1815,-0.2777,1.0247,0.1613,-0.3067
1.2743,-13.3141,0.5892,0.9906,-0.0079,-0.5698
1.2743,-13.3141,0.5892,1.4124,-0.2593,-0.7935
-0.9726,-9.5028,0.5605,1.4124,-0.2593,-0.7935
-1.2671,-8.3387,0.764,1.4487,-0.0154,-0.7563
-1.3174,-7.6225,1.0037,1.4263,0.1826,-0.686
-1.3174,-7.6225,1.0037,1.4391,0.0804,-0.589
-0.8334,-7.2295,1.1713,1.5286,-0.0942,-0.6093
-0.6826,-7.4714,0.5796,1.5286,-0.0942,-0.6093
-0.9175,-7.7015,-0.0861,1.6202,-0.2838,-0.6178
-0.9175,-7.7015,-0.0861,1.5509,-0.6673,-0.4985
-1.1426,-7.9313,-0.6443,1.4093,-0.6844,-0.3866
-1.5116,-8.4248,-0.1604,1.4093,-0.6844,-0.3866
-1.5116,-8.4248,-0.1604,1.1983,-0.1571,-0.197
-0.9223,-8.8106,2.0027,1.1983,-0.1571,-0.197
-0.6706,-8.8369,1.7007,1.2527,0.3126,-0.1523
-0.6706,-8.8369,1.7007,1.3666,0.9615,-0.1374
-1.1402,-9.0357,1.3317,1.389,0.9625,-0.0948
-1.37,-9.2607,0.5964,1.389,0.9625,-0.0948
-1.37,-9.2607,0.5964,1.3954,0.3818,0.0511
-1.7007,-9.3209,0.7377,1.3922,-0.0218,0.1544
-1.2455,-9.232,0.0909,1.3219,-0.3605,0.2471
-1.2455,-9.232,0.0909,1.079,-0.2647,0.4218
-1.2455,-9.232,0.0909,0.9533,0.2157,0.4559
-1.2455,-9.232,0.0909,0.8873,0.499,0.426
-1.2455,-9.232,0.0909,0.6817,0.6364,0.4005
-1.2455,-9.232,0.0909,0.5177,0.7942,0.3099
-1.2455,-9.232,0.0909,0.3611,0.7729,0.2364
-1.2455,-9.232,0.0909,0.0532,0.5885,0.2545
-1.2455,-9.232,0.0909,-0.2609,0.2167,0.2577
-1.2455,-9.232,0.0909,-0.6668,-0.2551,0.1693
-1.2455,-9.232,0.0909,-1.2878,-0.8271,0.001
-1.2455,-9.232,0.0909,-1.9792,-1.3864,-0.0916
-1.2455,-9.232,0.0909,-2.565,-1.5323,-0.0085
-1.2455,-9.232,0.0909,-3.0231,-1.2862,0.1768
-1.2455,-9.232,0.0909,-2.8526,-0.6055,0.3003
-1.2455,-9.232,0.0909,-2.6055,-0.0676,0.4133
-1.2455,-9.232,0.0909,-2.8409,-0.6854,0.7105
-1.2455,-9.232,0.0909,-2.7994,-1.4375,0.8852
-1.2455,-9.232,0.0909,-2.3648,-1.0721,0.7893
-1.2455,-9.232,0.0909,-2.1794,0.2252,0.7243
-1.2455,-9.232,0.0909,-2.1815,1.2619,0.6306
-1.2455,-9.232,0.0909,-2.01,1.5676,0.4868
-1.2455,-9.232,0.0909,-1.6393,1.1117,0.131
-1.2455,-9.232,0.0909,-1.2889,0.4426,-0.1267
-1.2455,-9.232,0.0909,-1.1035,-0.0665,-0.1938
-1.2455,-9.232,0.0909,-0.8479,-0.8623,-0.2982
-1.2455,-9.232,0.0909,-0.5837,-1.5131,-0.3962
-1.2455,-9.232,0.0909,-0.3749,-2.0383,-0.4591
-1.2455,-9.232,0.0909,-0.3834,-1.9584,-0.4165
-1.2455,-9.232,0.0909,-0.2119,-1.8732,-0.426
-1.2455,-9.232,0.0909,0.1395,-1.9925,-0.5027
-1.2455,-9.232,0.0909,0.4058,-1.7698,-0.4974
-1.2455,-9.232,0.0909,0.5784,-1.6548,-0.6135
-1.2455,-9.232,0.0909,0.6572,-1.7294,-0.6806
-1.2455,-9.232,0.0909,0.8372,-2.0489,-0.6444
-1.2455,-9.232,0.0909,1.0769,-2.1416,-0.5656
-1.2455,-9.232,0.0909,0.8383,-2.2055,-0.5507
-1.2455,-9.232,0.0909,-0.0948,-2.1096,-0.2567
-1.2455,-9.232,0.0909,-0.6945,-2.572,-0.049
-1.2455,-9.232,0.0909,-0.9043,-2.3781,-0.1683
-1.2455,-9.232,0.0909,-0.539,-1.87,-0.2673
-1.2455,-9.232,0.0909,0.0905,-0.8282,-0.4495
-1.2455,-9.232,0.0909,0.0969,-0.9251,-0.148
-1.2455,-9.232,0.0909,-0.0916,-0.6886,0.2396
-1.2455,-9.232,0.0909,0.4782,-0.1017,-0.3206
-1.2455,-9.232,0.0909,0.6444,-0.7675,-0.833
-1.2455,-9.232,0.0909,0.621,-1.8732,-0.9629
-1.2455,-9.232,0.0909,0.7978,-2.0564,-1.078
-1.2455,-9.232,0.0909,0.8692,-1.7571,-1.0705
-1.2455,-9.232,0.0909,0.8575,-1.9126,-1.1078
-1.2455,-9.232,0.0909,0.9917,-2.2481,-0.9832
-1.2455,-9.232,0.0909,1.0183,-1.9158,-0.7733
-1.2455,-9.232,0.0909,0.9629,-1.0657,-0.5805
-1.2455,-9.232,0.0909,0.9384,-0.237,-0.5411
-1.2455,-9.232,0.0909,0.9981,-0.1315,-0.4058
-1.2455,-9.232,0.0909,1.0045,-0.9347,-0.3163
-1.2455,-9.232,0.0909,1.0364,-1.9626,-0.2492
-1.2455,-9.232,0.0909,0.9544,-2.4335,-0.2109
-1.2455,-9.232,0.0909,0.9065,-2.0553,-0.2087
-1.2455,-9.232,0.0909,0.931,-1.0103,-0.2247
-1.2455,-9.232,0.0909,1.03,-0.0282,-0.2194
-1.2455,-9.232,0.0909,1.1334,0.4958,-0.2066
-1.2455,-9.232,0.0909,1.2473,0.5693,-0.0553
-1.2455,-9.232,0.0909,1.3091,0.1613,0.1715
-1.2455,-9.232,0.0909,1.079,-0.9549,0.4431
-1.2455,-9.232,0.0909,0.5816,-1.9147,0.5762
-1.2455,-9.232,0.0909,0.1619,-1.5568,0.6103
-1.2455,-9.232,0.0909,0.017,-0.3733,0.5517
-1.2455,-9.232,0.0909,0.0916,0.4479,0.4697
-1.2455,-9.232,0.0909,0.0617,0.2902,0.4633
-1.2455,-9.232,0.0909,-0.2087,-1.0135,0.67
-1.2455,-9.232,0.0909,-0.6615,-2.1459,0.8905
-1.2455,-9.232,0.0909,-1.2899,-2.5251,1.0258
-1.2455,-9.232,0.0909,-2.042,-2.2258,0.9278
-1.2455,-9.232,0.0909,-2.6577,-2.0393,0.6987
-1.2455,-9.232,0.0909,-3.2086,-2.0031,0.5091
-1.2455,-9.232,0.0909,-3.0754,-1.168,0.5762
-1.2455,-9.232,0.0909,-2.3658,-0.1432,0.6434
-1.2455,-9.232,0.0909,-2.2391,0.1027,0.2119
-1.2455,-9.232,0.0909,-2.6364,-0.842,0.164
-1.2455,-9.232,0.0909,-2.8047,-0.9549,0.2173
-1.2455,-9.232,0.0909,-2.8186,-0.2018,0.2844
-1.2455,-9.232,0.0909,-2.7717,0.4596,0.2812
-1.2455,-9.232,0.0909,-2.4606,0.3552,0.1171
-1.2455,-9.232,0.0909,-1.8045,0.0431,-0.2173
-1.2455,-9.232,0.0909,-1.2079,0.0037,-0.6881
-1.2455,-9.232,0.0909,-0.8596,0.172,-1.0407
-1.2455,-9.232,0.0909,-0.5155,-0.0111,-1.1888
-1.2455,-9.232,0.0909,-0.2215,-0.9027,-1.2154
-1.2455,-9.232,0.0909,-0.0841,-1.9413,-1.1067
-1.2455,-9.232,0.0909,-0.197,-2.3887,-0.768
-1.2455,-9.232,0.0909,-0.229,-2.3376,-0.426
-1.2455,-9.232,0.0909,0.0745,-1.9989,-0.4633
-1.2455,-9.232,0.0909,0.5613,-1.4055,-0.4708
-1.2455,-9.232,0.0909,0.9714,-1.1264,-0.4942
-1.2455,-9.232,0.0909,1.1717,-1.4162,-0.279
-1.2455,-9.232,0.0909,0.3685,-1.2841,0.1022
-1.2455,-9.232,0.0909,-0.6987,-0.3967,0.1842
-1.2455,-9.232,0.0909,-0.72,-0.1113,-0.0468
-1.2455,-9.232,0.0909,-0.2982,-0.6151,-0.3099
-1.2455,-9.232,0.0909,0.3387,-0.7366,-0.4271
-1.2455,-9.232,0.0909,0.6103,-0.7238,-0.3131
-1.2455,-9.232,0.0909,0.4537,0.839,-0.0916
-1.2455,-9.232,0.0909,0.3153,1.4557,0.2396
-1.2455,-9.232,0.0909,-0.0149,0.8432,0.0553
-1.2455,-9.232,0.0909,0.5326,0.6929,-0.2098
-1.2455,-9.232,0.0909,1.3123,0.0058,-0.3142
-1.2455,-9.232,0.0909,1.7172,0.3499,-0.1864
-1.2455,-9.232,0.0909,1.6191,0.7655,-0.0585
-1.2455,-9.232,0.0909,1.3091,0.5842,-0.3888
-1.2455,-9.232,0.0909,1.3816,-0.2306,-0.7243
-1.2455,-9.232,0.0909,1.3954,-0.2178,-0.6966
-1.2455,-9.232,0.0909,1.3421,0.0697,-0.5762
-1.2455,-9.232,0.0909,1.4785,0.1954,-0.6391
-1.2455,-9.232,0.0909,1.5989,0.1677,-0.6753
-1.2455,-9.232,0.0909,1.5094,0.1944,-0.5613
-1.2455,-9.232,0.0909,1.3784,0.5033,-0.3568
-1.2455,-9.232,0.0909,1.421,0.9561,-0.3078
-1.2455,-9.232,0.0909,1.5605,1.0137,-0.2567
-1.2455,-9.232,0.0909,1.5584,0.5235,-0.0458
-1.2455,-9.232,0.0909,1.4284,-0.1762,0.148
-1.2455,-9.232,0.0909,1.3805,-0.2828,0.2982
-1.2455,-9.232,0.0909,1.2708,-0.1006,0.3632
-1.2455,-9.232,0.0909,1.0833,0.139,0.3536
-1.2455,-9.232,0.0909,0.7946,0.5832,0.3131
-1.2455,-9.232,0.0909,0.474,0.888,0.3472
-1.2455,-9.232,0.0909,0.3312,0.8485,0.3099
-1.2455,-9.232,0.0909,0.2311,0.4031,0.2684
-1.2455,-9.232,0.0909,0.049,-0.0165,0.2386
-1.2455,-9.232,0.0909,-0.3728,-0.2977,0.3067
-1.2455,-9.232,0.0909,-1.0055,-0.3637,0.1672
-1.2455,-9.232,0.0909,-1.8322,-0.7653,0.0852
-1.2455,-9.232,0.0909,-2.662,-1.2777,0.0031
-1.2455,-9.232,0.0909,-3.2363,-1.316,-0.098
-1.2455,-9.232,0.0909,-2.9432,-0.2519,-0.2332
-1.2455,-9.232,0.0909,-2.3562,0.8219,-0.1363
-1.2455,-9.232,0.0909,-2.8654,-0.074,0.5496
-1.2455,-9.232,0.0909,-3.51,-1.6708,1.1525
-1.2455,-9.232,0.0909,-3.2277,-1.6921,1.0247
-1.2455,-9.232,0.0909,-2.7216,-1.0774,1.0556
-1.2455,-9.232,0.0909,-2.319,0.6897,1.2079
-1.2455,-9.232,0.0909,-1.731,2.0842,0.9597
-1.2455,-9.232,0.0909,-1.1919,2.8054,0.343
-1.2455,-9.232,0.0909,-0.8085,1.9042,-0.1683
-1.2455,-9.232,0.0909,-0.7861,0.7537,-0.3419
-1.2455,-9.232,0.0909,-0.7073,-0.2167,-0.4186
-1.2455,-9.232,0.0909,-0.4122,-0.9113,-0.4729
-1.2455,-9.232,0.0909,-0.0553,-1.0071,-0.5507
-1.2455,-9.232,0.0909,0.4133,-0.9837,-0.6348
-1.2455,-9.232,0.0909,0.9395,-0.7344,-0.768
-1.2455,-9.232,0.0909,1.4444,-0.3147,-0.9118
-1.2455,-9.232,0.0909,1.6459,0.254,-0.8958
-1.2455,-9.232,0.0909,1.2548,0.1507,-0.7243
-1.2455,-9.232,0.0909,0.5645,-0.8463,-0.4324
-1.2455,-9.232,0.0909,-0.278,-0.7589,-0.2524
-1.2455,-9.232,0.0909,-0.3856,0.564,-0.2332
-1.2455,-9.232,0.0909,-0.196,0.0314,-0.1757
-1.2455,-9.232,0.0909,0.0085,-1.3001,-0.1778
-1.2455,-9.232,0.0909,0.3973,-1.4567,-0.1768
-1.2455,-9.232,0.0909,0.8926,-0.5374,-0.1235
-1.2455,-9.232,0.0909,1.3336,0.9721,0.1203
-1.2455,-9.232,0.0909,0.6913,2.048,0.2801
-1.2455,-9.232,0.0909,-0.6071,0.7931,0.0937
-1.2455,-9.232,0.0909,-0.0436,1.0445,-0.1587
-1.2455,-9.232,0.0909,0.6093,1.4717,-0.4761
-1.2455,-9.232,0.0909,1.307,1.1841,-0.3547
-1.2455,-9.232,0.0909,1.778,0.9881,-0.1043
-1.2455,-9.232,0.0909,1.8919,1.3034,-0.3589
-1.2455,-9.232,0.0909,1.7535,1.264,-0.6721
-1.2455,-9.232,0.0909,1.454,1.5686,-0.6508
-1.2455,-9.232,0.0909,1.3176,2.2216,-0.6103
-1.2455,-9.232,0.0909,1.4433,2.5838,-0.6316
-1.2455,-9.232,0.0909,1.4124,2.3612,-0.5741
-1.2455,-9.232,0.0909,1.1525,1.934,-0.3579
-1.2455,-9.232,0.0909,0.8639,1.5431,-0
-1.2455,-9.232,0.0909,0.687,1.1639,0.196
-1.2455,-9.232,0.0909,0.7957,1.0094,0.1896
-1.2455,-9.232,0.0909,0.9853,0.9849,0.1842
-1.2455,-9.232,0.0909,1.0045,1.1074,0.2332
-1.2455,-9.232,0.0909,0.9821,1.3417,0.3142
-1.2455,-9.232,0.0909,0.9789,1.1553,0.2876
-1.2455,-9.232,0.0909,0.9927,0.4841,0.3014
-1.2455,-9.232,0.0909,0.7382,0.3701,0.262
-1.2455,-9.232,0.0909,0.3589,1.0808,0.1651
-1.2455,-9.232,0.0909,0.1683,1.7657,0.0181
-1.2455,-9.232,0.0909,0.0511,1.7146,-0.1001
-1.2455,-9.232,0.0909,0.0138,1.1692,-0.0873
-1.2455,-9.232,0.0909,-0.1033,1.0435,-0.0713
-1.2455,-9.232,0.0909,-0.4761,1.0286,-0.0181
-1.2455,-9.232,0.0909,-1.079,0.9668,0.1097
-1.2455,-9.232,0.0909,-1.7544,0.7133,0.1331
-1.2455,-9.232,0.0909,-2.5246,0.0601,0.1991
-1.2455,-9.232,0.0909,-2.7973,0.1432,0.3248
-1.2455,-9.232,0.0909,-2.5597,1.3524,0.5038
-1.2455,-9.232,0.0909,-2.4905,2.1535,0.6796
-1.2455,-9.232,0.0909,-2.8953,0.9125,1.029
-1.2455,-9.232,0.0909,-2.7429,-0.7941,1.3166
-1.2455,-9.232,0.0909,-2.1059,-0.5768,1.3283
-1.2455,-9.232,0.0909,-1.6351,1.3758,1.1216
-1.2455,-9.232,0.0909,-1.2473,2.5167,0.8234
-1.2455,-9.232,0.0909,-0.8947,2.1215,0.5517
-1.2455,-9.232,0.0909,-0.6721,1.4887,0.3302
-1.2455,-9.232,0.0909,-0.7126,0.7346,0.3185
-1.2455,-9.232,0.0909,-0.8095,0.2519,0.3728
-1.2455,-9.232,0.0909,-0.5848,0.1432,0.2748
-1.2455,-9.232,0.0909,-0.1043,0.189,0.0777
-1.2455,-9.232,0.0909,0.4995,0.4298,-0.1267
-1.2455,-9.232,0.0909,1.0439,0.5949,-0.1928
-1.2455,-9.232,0.0909,1.3528,0.9178,-0.2364
-1.2455,-9.232,0.0909,1.4018,1.2927,-0.3227
-1.2455,-9.232,0.0909,1.1973,1.3897,-0.3973
-1.2455,-9.232,0.0909,0.817,1.1266,-0.4239
-1.2455,-9.232,0.0909,0.5752,1.0275,-0.3462
-1.2455,-9.232,0.0909,0.5187,0.6023,-0.3131
-1.2455,-9.232,0.0909,0.3728,-0.0442,-0.3653
-1.2455,-9.232,0.0909,-0.0031,-0.4404,-0.3046
-1.2455,-9.232,0.0909,-0.1363,-0.7834,-0.2982
-1.2455,-9.232,0.0909,0.1853,-0.9848,-0.4378
-1.2455,-9.232,0.0909,0.719,-0.8271,-0.5485
-1.2455,-9.232,0.0909,1.3911,0.4287,-0.3632
-1.2455,-9.232,0.0909,1.5754,2.5774,-0.0543
-1.2455,-9.232,0.0909,0.2844,1.1639,0.2173
-1.2455,-9.232,0.0909,-0.8031,0.075,0.3131
-1.2455,-9.232,0.0909,0.2236,1.2416,0.1086
-1.2455,-9.232,0.0909,0.8766,1.9862,-0.033
-1.2455,-9.232,0.0909,1.1451,2.0416,-0.1182
-1.2455,-9.232,0.0909,1.5722,2.2909,-0.3451
-1.2455,-9.232,0.0909,1.5254,2.5721,-0.7637
-1.2455,-9.232,0.0909,1.3709,2.4283,-0.7829
-1.2455,-9.232,0.0909,1.291,2.0555,-0.7328
-1.2455,-9.232,0.0909,1.0961,2.1982,-0.6018
-1.2455,-9.232,0.0909,1.0599,2.6062,-0.4591
-1.2455,-9.232,0.0909,1.0204,2.6978,-0.4154
-1.2455,-9.232,0.0909,0.9256,2.2238,-0.3174
-1.2455,-9.232,0.0909,0.9043,1.3929,-0.1619
-1.2455,-9.232,0.0909,1.0023,0.8059,0.0223
-1.2455,-9.232,0.0909,0.9331,0.6705,0.1576
-1.2455,-9.232,0.0909,0.9288,0.8027,0.2151
-1.2455,-9.232,0.0909,1.0258,1.0105,0.2748
-1.2455,-9.232,0.0909,1.0822,1.0286,0.3376
-1.2455,-9.232,0.0909,1.0705,0.8922,0.3323
-1.2455,-9.232,0.0909,1.0407,0.7335,0.3089
-1.2455,-9.232,0.0909,0.8969,0.6716,0.2822
-1.2455,-9.232,0.0909,0.4921,1.1159,0.1427
-1.2455,-9.232,0.0909,0.1991,1.77,-0.0575
-1.2455,-9.232,0.0909,0.1203,2.0768,-0.1746
-1.2455,-9.232,0.0909,0.066,1.5495,-0.1161
-1.2455,-9.232,0.0909,-0.0468,0.937,-0.0415
-1.2455,-9.232,0.0909,-0.311,0.888,0.0255
-1.2455,-9.232,0.0909,-0.8415,0.8411,0.0841
-1.2455,-9.232,0.0909,-1.5062,0.238,0.1491
-1.2455,-9.232,0.0909,-2.2092,-0.5054,0.2908
-1.2455,-9.232,0.0909,-2.7973,-0.3531,0.3142
-1.2455,-9.232,0.0909,-2.9965,0.27,0.5049
-1.2455,-9.232,0.0909,-2.7696,1.1053,0.6966
-1.2455,-9.232,0.0909,-2.6194,1.7018,0.8127
-1.2455,-9.232,0.0909,-2.7919,0.2199,1.0098
-1.2455,-9.232,0.0909,-2.5586,-1.2021,1.111
-1.2455,-9.232,0.0909,-2.3051,-0.6812,1.1696
-1.2455,-9.232,0.0909,-2.2369,0.8358,1.2122
-1.2455,-9.232,0.0909,-1.8694,1.9819,0.882
-1.2455,-9.232,0.0909,-1.258,1.7092,0.5773
-1.2455,-9.232,0.0909,-1.0151,1.2981,0.3685
-1.2455,-9.232,0.0909,-0.7978,0.7516,0.2205
-1.2455,-9.232,0.0909,-0.5986,0.1688,0.0766
-1.2455,-9.232,0.0909,-0.2769,-0.3062,-0.0894
-1.2455,-9.232,0.0909,0.0916,-0.2742,-0.2481
-1.2455,-9.232,0.0909,0.6306,-0.1486,-0.3952
-1.2455,-9.232,0.0909,1.2548,-0.1805,-0.5145
-1.2455,-9.232,0.0909,1.7737,0.058,-0.6306
-1.2455,-9.232,0.0909,2.0592,0.401,-0.7211
-1.2455,-9.232,0.0909,1.9761,0.7047,-0.67
-1.2455,-9.232,0.0909,1.4124,0.6013,-0.3802
-1.2455,-9.232,0.0909,0.1374,0.2529,-0.197
-1.2455,-9.232,0.0909,-1.2857,-0.5555,-0.2737
-1.2455,-9.232,0.0909,-1.5264,-1.4066,-0.1981
-1.2455,-9.232,0.0909,-0.8468,-1.3789,-0.1832
-1.2455,-9.232,0.0909,0.2908,-0.8101,-0.23
-1.2455,-9.232,0.0909,1.3155,0.2838,-0.0873
-1.2455,-9.232,0.0909,1.6266,1.6613,0.3344
-1.2455,-9.232,0.0909,-0.8585,1.1351,0.5453
-1.2455,-9.232,0.0909,-0.6125,1.1148,0.0937
-1.2455,-9.232,0.0909,0.8617,1.6709,-0.409
-1.2455,-9.232,0.0909,1.5829,2.0959,-0.5432
-1.2455,-9.232,0.0909,1.648,2.0757,-0.1001
-1.2455,-9.232,0.0909,1.6672,1.9063,0.1374
-1.2455,-9.232,0.0909,1.4881,1.7114,-0.0703
-1.2455,-9.232,0.0909,1.2133,0.9892,-0.3217
-1.2455,-9.232,0.0909,1.2995,0.3765,-0.3387
-1.2455,-9.232,0.0909,1.2665,0.3105,-0.3174
-1.2455,-9.232,0.0909,1.2101,0.7175,-0.3547
-1.2455,-9.232,0.0909,1.2047,1.0935,-0.409
-1.2455,-9.232,0.0909,1.1515,1.1308,-0.3174
-1.2455,-9.232,0.0909,1.2761,0.8943,-0.2961
-1.2455,-9.232,0.0909,1.4039,0.5299,-0.1427
-1.2455,-9.232,0.0909,1.3347,0.3637,-0.0394
-1.2455,-9.232,0.0909,1.4465,0.4372,-0.0383
-1.2455,-9.232,0.0909,1.4561,0.3797,0.148
-1.2455,-9.232,0.0909,1.3091,0.3691,0.3621
-1.2455,-9.232,0.0909,1.2388,0.4809,0.4825
-1.2455,-9.232,0.0909,1.1227,0.4308,0.5123
-1.2455,-9.232,0.0909,0.7669,0.4266,0.4346
-1.2455,-9.232,0.0909,0.3888,0.6961,0.3014
-1.2455,-9.232,0.0909,0.2119,1.2512,0.164
-1.2455,-9.232,0.0909,0.0191,1.1532,0.0841
-1.2455,-9.232,0.0909,-0.1278,0.3062,0.132
-1.2455,-9.232,0.0909,-0.4282,-0.1262,0.2311
-1.2455,-9.232,0.0909,-1.1238,-0.2061,0.2801
-1.2455,-9.232,0.0909,-1.9025,-0.6151,0.2311
-1.2455,-9.232,0.0909,-2.6439,-1.1211,0.132
-1.2455,-9.232,0.0909,-3.1542,-1.4812,0.0372
-1.2455,-9.232,0.0909,-3.1276,-0.8367,0.0862
-1.2455,-9.232,0.0909,-2.5107,0.4639,0.1139
-1.2455,-9.232,0.0909,-2.3807,0.5022,0.6796
-1.2455,-9.232,0.0909,-3.1287,-1.4588,0.9736
-1.2455,-9.232,0.0909,-3.1383,-1.9467,1.0812
-1.2455,-9.232,0.0909,-2.8239,-0.9943,1.2058
-1.2455,-9.232,0.0909,-2.5022,0.3552,1.0769
-1.2455,-9.232,0.0909,-2.0345,1.3907,0.6742
-1.2455,-9.232,0.0909,-1.4423,1.4057,0.2758
-1.2455,-9.232,0.0909,-0.9437,0.6141,-0.0852
-1.2455,-9.232,0.0909,-0.7627,-0.3318,-0.2993
-1.2455,-9.232,0.0909,-0.7158,-1.1392,-0.4655
-1.2455,-9.232,0.0909,-0.442,-1.9136,-0.5294
-1.2455,-9.232,0.0909,-0.1864,-1.691,-0.6263
-1.2455,-9.232,0.0909,0.3451,-1.2724,-0.7339
-1.2455,-9.232,0.0909,0.9693,-0.9219,-0.8489
-1.2455,-9.232,0.0909,1.5403,-0.4948,-0.9437
-1.2455,-9.232,0.0909,2.0411,0.1294,-0.9491
-1.2455,-9.232,0.0909,2.171,0.27,-0.8564
-1.2455,-9.232,0.0909,1.2921,-0.6705,-0.4995
-1.2455,-9.232,0.0909,-0.9501,-1.8678,0.0223
-1.2455,-9.232,0.0909,-1.5062,-0.8601,-0.1129
-1.2455,-9.232,0.0909,-0.784,-0.3925,-0.3248
-1.2455,-9.232,0.0909,0.1086,-1.1882,-0.4175
-1.2455,-9.232,0.0909,0.9001,-0.5949,-0.4282
-1.2455,-9.232,0.0909,1.5413,0.1368,-0.0681
-1.2455,-9.232,0.0909,1.013,0.5427,0.5315
-1.2455,-9.232,0.0909,-0.4995,0.4308,0.8202
-1.2455,-9.232,0.0909,0.4431,0.6961,-0.2045
-1.2455,-9.232,0.0909,1.1057,1.607,-0.6945
-1.2455,-9.232,0.0909,1.3027,1.2523,-0.5794
-1.2455,-9.232,0.0909,1.4082,0.3222,-0
-1.2455,-9.232,0.0909,1.4433,0.2082,0.262
-1.2455,-9.232,0.0909,1.389,-0.1954,-0.4143
-1.2455,-9.232,0.0909,1.5158,-0.3179,-0.7062
-1.2455,-9.232,0.0909,1.3517,0.3712,-0.5975
-1.2455,-9.232,0.0909,1.2591,0.8315,-0.49
-1.2455,-9.232,0.0909,1.3507,1.0275,-0.4932
-1.2455,-9.232,0.0909,1.3997,0.9636,-0.4559
-1.2455,-9.232,0.0909,1.1962,0.6077,-0.3099
-1.2455,-9.232,0.0909,0.9363,0.4149,-0.099
-1.2455,-9.232,0.0909,0.9171,0.4756,-0.049
-1.2455,-9.232,0.0909,1.1142,0.5746,-0.0404
-1.2455,-9.232,0.0909,1.1493,0.3392,0.0255
-1.2455,-9.232,0.0909,1.1472,0.09,0.1086
-1.2455,-9.232,0.0909,1.1909,0.0324,0.1395
-1.2455,-9.232,0.0909,1.2985,0.0292,0.1746
-1.2455,-9.232,0.0909,1.2122,-0.0687,0.2631
-1.2455,-9.232,0.0909,0.7669,0.2146,0.3856
-1.2455,-9.232,0.0909,0.2428,0.5629,0.4612
-1.2455,-9.232,0.0909,-0.0127,0.6439,0.3376
-1.2455,-9.232,0.0909,-0.066,0.5661,0.196
