andar
-5.8253,-4.0773,2.2313,-2.1339,2.2026,1.122
-5.1143,1.6328,0.3998,-0.3105,-0.9879,0.706
-3.3949,0.0861,6.9075,1.0486,-2.8889,0.1715
-2.8754,-2.466,13.3216,1.3644,-1.3,0.1477
-4.2353,-4.6495,13.4676,2.219,0.7554,0.3224
-5.6338,-9.3544,7.0129,3.2764,2.0334,0.6621
-5.6745,-11.0112,5.3561,3.825,2.307,1.1251
-4.3191,-13.6424,2.0661,3.6289,2.9814,1.7072
-2.5929,-15.8717,-1.1037,3.0913,3.3742,2.0279
-0.0526,-17.0281,0.1675,2.2508,3.0957,2.1746
0.1604,-16.8198,-1.2258,1.2434,1.9026,2.1263
1.865,-16.0513,-5.076,0.5361,0.5752,1.8807
1.3215,-13.81,-1.3048,0.0828,-0.1669,1.5906
-1.7381,-10.4581,0.4118,-0.0118,-0.4466,1.1947
-2.4277,-9.8237,0.711,1.0846,-1.1638,1.2283
-2.4492,-8.6912,0.4596,1.9032,-1.2719,1.3658
-2.0159,-7.4414,0.5171,2.2196,-0.9812,1.4666
-0.7589,-5.8756,0.7182,2.1671,-0.6531,1.4763
-0.577,-5.8421,0.8259,1.9435,-0.3526,1.4024
-0.3543,-6.0169,1.8818,1.5544,0.0291,1.2094
-1.458,-6.9937,2.0542,1.4108,0.1892,1.0744
-2.1595,-7.9562,1.3024,1.3534,0.103,0.9962
-2.1906,-8.1022,1.051,1.2886,-0.0239,1.0402
-1.8674,-8.3105,1.0319,1.2575,0.136,1.1446
-1.5131,-8.5883,1.0175,1.3656,0.8135,1.2912
-1.0726,-8.8971,0.8331,1.4951,1.2698,1.3352
-0.905,-8.9617,0.565,1.6411,1.5978,1.3438
-0.4525,-8.9617,-0.4477,1.7419,1.6687,1.3279
-0.0766,-8.7463,-1.367,1.6985,1.4256,1.2857
-0.9409,-7.7982,-2.4061,1.4682,1.012,1.2198
-0.9409,-7.7982,-2.4061,0.9789,0.6565,1.2295
-1.2713,-8.3273,-1.5155,0.9789,0.6565,1.2295
-0.6296,-9.115,-0.2346,0.9087,0.6614,1.3804
0.869,-10.901,1.549,0.8549,0.3914,1.4843
0.9672,-11.0662,1.5993,0.8733,0.0248,1.4776
1.2114,-11.7701,1.7381,0.9771,-0.1638,1.2894
1.1659,-12.1245,0.802,0.9936,-0.0337,1.1013
0.6224,-11.5211,-3.9025,0.9582,0.3028,0.9284
0.5889,-11.411,-4.5729,0.8494,0.8373,0.8148
0.7062,-11.3559,-4.8195,0.6295,1.4268,0.7958
1.5275,-11.2243,-1.7046,0.3846,1.9051,0.8221
3.3087,-11.7151,2.0087,0.0394,1.7676,0.8465
4.1587,-12.0934,2.8467,-0.134,1.1702,0.7799
4.906,-13.0798,2.5426,-0.2238,0.5551,0.59
4.1299,-14.1667,-0.3495,-0.1633,0.2057,0.3151
2.794,-14.703,-4.6662,0.0413,0.2044,0.031
3.1028,-14.8302,-4.6208,0.1555,0.3242,-0.1173
5.313,-15.2277,-1.9991,-0.2256,0.4011,-0.055
6.2778,-14.636,-0.3663,-0.6055,0.4366,-0.0825
4.2377,-12.6321,-3.62,-0.8218,0.4775,-0.3678
3.6056,-12.1987,-4.9826,-0.9397,0.5416,-0.7667
2.8634,-11.3631,-5.5692,-1.1944,0.6827,-1.1039
3.0669,-10.6928,-3.3303,-2.0496,0.574,-1.4197
1.1061,-11.6026,-0.9744,-2.5646,0.3462,-1.6261
-0.0407,-12.1963,-0.7709,-2.8236,0.1348,-1.8998
-2.7509,-13.4628,-0.802,-2.8676,0.0658,-2.1332
-5.3968,-15.1487,-2.0254,-2.7674,0.1336,-2.193
-9.7518,-19.961,0.6703,-2.5695,0.2044,-2.0617
-10.1732,-21.4861,1.7908,-2.3826,-0.1174,-1.5486
-11.6409,-24.3568,4.841,-2.1993,-0.6983,-1.1704
-14.8997,-24.4023,5.4255,-1.8566,-0.9384,-1.3653
-17.4854,-21.0959,2.6479,-1.5383,-0.6323,-1.9181
-13.8651,-17.1071,-0.9959,-1.3019,0.3498,-2.0922
-8.4494,-12.8715,-3.6008,-1.0924,2.4598,-1.7612
-2.9951,-10.9489,-3.7421,-0.9024,3.1189,-1.6414
-0.158,-10.324,-1.2617,-0.5255,2.957,-1.6921
0.7541,-10.1181,-0.893,-0.1401,2.4536,-1.9243
1.5873,-9.8308,-1.3694,0.1995,1.8208,-2.1881
1.7118,-9.3616,-1.5873,0.4365,1.4243,-2.4698
0.4477,-8.2076,0.3136,0.4652,1.2545,-2.8088
0.2394,-7.8963,0.474,0.3235,0.9472,-2.8992
-0.2944,-6.6944,0.656,0.15,0.2625,-2.8302
-0.5003,-5.4135,0.5147,-0.0558,-0.487,-2.6536
-2.2074,-3.8929,0.9169,-0.2806,-1.0251,-2.4227
-2.5306,-3.7469,1.2282,-0.5194,-1.2548,-2.2071
-3.4165,-3.268,2.4277,-0.8939,-1.2841,-1.8418
-3.4835,-3.0669,2.4827,-1.1175,-1.5535,-1.529
-3.6176,-3.0023,2.1404,-1.3514,-2.0685,-1.248
-3.5697,-2.9807,2.1906,-1.6306,-2.6103,-1.0819
-3.4524,-2.8562,2.3199,-1.9085,-3.0349,-1.0049
-3.4524,-2.8562,2.3199,-2.0942,-2.9988,-1.0385
-4.9874,-1.6735,3.8786,-2.0942,-2.9988,-1.0385
-5.4638,-0.8786,3.608,-1.7888,-2.6861,-1.0067
-5.2627,0.0837,2.8491,-1.2115,-2.4332,-0.8436
-5.1574,0.723,2.0135,-0.5799,-2.143,-0.6152
-4.4747,0.4237,1.1611,-0.071,-1.7496,-0.3812
-4.0031,-0.0526,0.6105,0.431,-1.4393,0.0347
-2.8179,-1.379,-1.2138,0.7212,-1.3764,0.3334
-1.9153,-3.098,-3.632,1.0241,-1.3587,0.5936
-0.4022,-6.5077,-10.7287,1.2746,-1.388,0.7781
-0.4022,-6.5077,-10.7287,1.1787,-1.8932,1.0359
4.5825,-13.5466,-16.2668,1.1787,-1.8932,1.0359
4.5825,-13.5466,-16.2668,0.3357,-2.8718,0.706
10.7957,-27.606,-16.0393,0.3357,-2.8718,0.706
8.3393,-28.025,-10.2259,-0.4553,-2.0734,-0.0917
5.5285,-26.0162,-4.2137,-1.0362,0.1525,-0.9682
3.6655,-19.7288,-5.6793,-0.4876,1.1391,-1.3128
2.4588,-10.3456,-6.5628,0.5214,0.1666,-1.124
2.4085,-8.8325,-6.115,0.1793,-0.7918,-0.9102
2.1452,-4.906,-4.2832,-0.4455,-1.0422,-0.8931
0.7541,-1.6807,-2.873,-0.8365,-1.1388,-0.9762
-0.8978,-3.1052,1.8866,-0.8291,-1.038,-1.0183
-1.1875,-6.0312,6.4191,-0.3044,0.1207,-0.7544
-3.268,-10.1373,11.5595,0.6185,1.0358,-0.3128
-6.2707,-18.4718,-4.4819,1.7645,1.8299,0.1269
-8.028,-29.0234,-15.0098,2.1726,1.7585,0.4941
-9.3352,-25.9181,-4.0174,0.4951,1.7597,0.5863
-6.0672,-12.9696,9.8739,-2.0686,2.3852,0.5533
-7.6785,-4.4101,3.3016,-1.7363,-0.0551,0.4012
-8.6026,-0.4022,2.2218,0.2312,-3.705,0.0072
-8.2459,-0.7374,5.4183,1.2037,-3.5608,-0.0312
-8.3297,-2.4851,9.8835,1.5715,-1.1736,0.2418
-8.957,-4.4699,8.4781,1.9759,0.9454,0.7775
-9.0312,-7.8293,4.8243,2.5525,2.1091,1.4354
-7.9993,-9.2802,3.6846,2.93,2.9344,2.2967
-4.5394,-12.4812,2.2266,2.7608,3.1824,2.8092
-2.0183,-14.5163,2.6479,2.3699,3.067,3.0353
-0.3663,-16.499,1.5107,1.9221,2.5538,2.8496
-0.237,-16.5756,1.0773,1.591,1.7499,2.3645
0.893,-16.0417,-0.8978,1.2178,0.4836,1.5893
1.5251,-14.7584,-1.221,1.0553,-0.1467,1.1666
-0.4189,-11.3464,0.3256,1.0131,-0.5346,0.8514
-0.9074,-9.7447,0.5937,1.2434,-0.6336,0.6993
-0.9074,-8.0376,0.814,1.5758,-0.6397,0.8209
-0.5075,-7.056,0.4572,1.7773,-0.5658,1.053
-0.0095,-6.6537,0.134,1.7877,-0.4509,1.3163
-0.1891,-6.7399,0.5889,1.6802,-0.2444,1.3505
-0.8283,-7.123,1.0486,1.5238,0.0462,1.2674
-1.5969,-7.6449,0.9864,1.3839,0.2924,1.1605
-1.8124,-7.8915,0.972,1.2746,0.4641,1.1037
-1.6974,-7.8915,1.1731,1.1952,0.775,1.13
-1.4724,-7.8508,1.5227,1.1872,0.9747,1.1746
-1.0797,-7.9658,1.4772,1.2441,1.1501,1.2088
-0.4429,-8.1525,0.2178,1.3522,1.2484,1.246
-0.3375,-8.1836,-0.079,1.4719,1.2814,1.2613
-0.2059,-8.2267,-1.6711,1.5208,1.2282,1.2546
-0.6033,-8.3321,-2.964,1.3326,1.0028,1.221
-0.1628,-9.2347,-0.9145,1.1622,0.8801,1.2442
-0.0023,-9.4717,-0.5267,1.0076,0.6131,1.3157
0.4285,-10.506,0.5267,0.9142,0.1183,1.3566
0.6248,-11.2937,0.6368,0.927,-0.3593,1.3151
0.5937,-11.988,-0.0071,1.0003,-0.5297,1.2088
0.4955,-12.2681,-0.6775,1.0803,-0.0826,1.0133
0.2346,-11.9401,-2.1883,1.0235,0.4677,0.9113
0.2466,-11.0734,-3.1699,0.8702,1.001,0.8661
0.893,-11.0734,-2.6982,0.6265,1.3351,0.8862
1.1372,-11.2003,-2.0254,0.3675,1.4854,0.9058
1.6352,-11.5379,-0.4932,0.1799,1.3895,0.8319
2.4971,-11.8444,1.1755,0.0895,1.0633,0.7903
3.8307,-13.2402,2.4971,-0.057,0.6522,0.7262
3.6559,-13.8603,2.1547,-0.1737,0.2875,0.5924
2.9376,-14.9739,0.6991,-0.159,0.0438,0.3969
1.8722,-15.5437,-1.877,0.0303,-0.0227,0.2241
3.9456,-15.5341,-0.8259,0.227,-0.0624,0.1831
4.1635,-15.2301,-0.134,0.0235,-0.0508,0.2558
3.347,-14.3631,-0.6081,-0.2317,0.1116,0.1465
2.7222,-13.8483,-2.3726,-0.371,0.3095,-0.1497
2.7078,-12.8499,-4.4149,-0.5359,0.4347,-0.4307
2.6288,-12.3855,-4.4268,-1.0393,0.5019,-0.7856
2.1236,-11.0136,-4.3071,-1.4797,0.4744,-1.0348
2.0302,-9.8931,-3.0861,-1.9122,0.3681,-1.2609
1.0055,-10.1852,-0.7924,-2.352,0.2057,-1.4612
-0.7709,-10.9609,-0.7278,-2.6904,0.1238,-1.7019
-3.9264,-12.2969,-0.8499,-2.7796,0.3272,-1.953
-6.3305,-13.901,-1.5298,-2.6764,0.8813,-2.0116
-8.6337,-16.6474,-0.1005,-2.5786,0.9619,-1.7709
-8.921,-18.2827,1.6041,-2.534,0.6577,-1.4398
-9.5387,-19.8054,4.1467,-2.3575,0.0755,-1.1686
-12.5435,-19.4463,3.4787,-1.9372,-0.4583,-1.3403
-13.7478,-17.258,-1.0893,-1.4626,-0.705,-1.89
-12.2705,-16.0992,-2.2266,-1.1737,-0.063,-2.1124
-7.7982,-13.1947,-3.6631,-1.2922,1.0645,-1.8057
-3.6248,-11.4469,-2.5857,-1.3514,2.4304,-1.5009
0.1987,-10.3025,0.4357,-1.1743,3.3999,-1.3427
0.6153,-10.2235,0.6105,-0.7363,3.5434,-1.4392
0.9433,-10.008,-0.0742,0.0455,2.4903,-1.8308
0.8212,-9.6704,-0.3854,0.365,1.6424,-2.1051
-0.0095,-8.1405,0.4213,0.4444,1.0548,-2.3219
-0.0095,-8.1405,0.4213,0.2502,0.2979,-2.4795
-0.3663,-7.0536,0.3998,0.2502,0.2979,-2.4795
-0.6631,-6.2587,-0.0383,0.0926,-0.1614,-2.4294
-1.1492,-5.3369,-0.2561,-0.2311,-0.7185,-2.2578
-1.64,-5.0113,-0.146,-0.4962,-0.906,-2.1124
-2.296,-4.7716,0.5291,-0.7503,-0.9408,-1.9389
-2.5426,-4.4532,1.3263,-0.977,-0.9463,-1.7208
-2.6527,-3.7493,1.6472,-1.1388,-1.1174,-1.4722
-2.8179,-3.268,1.786,-1.2836,-1.8309,-1.179
-2.794,-2.4851,1.9464,-1.3673,-2.41,-1.0654
-3.2034,-1.4676,2.0733,-1.4174,-2.848,-1.0006
-4.6423,-0.0933,2.2553,-1.396,-2.9591,-1.0049
-5.0784,0.2513,2.3606,-1.2665,-2.68,-1.0043
-6.1605,0.9696,2.5163,-1.0289,-2.1931,-0.945
-6.4981,1.0199,1.7741,-0.4522,-1.5694,-0.6872
-5.155,-0.9409,0.5889,-0.0087,-1.297,-0.435
-4.841,-1.2952,0.5363,0.3265,-1.0936,-0.1711
-3.3303,-2.9137,-0.1388,0.5471,-0.9744,0.0866
-1.9225,-4.4723,-1.2162,0.7468,-0.9445,0.353
-0.4357,-7.3385,-5.1837,1.0009,-1.1003,0.6773
-0.4357,-7.3385,-5.1837,1.1793,-1.7789,0.863
-0.4405,-9.8524,-11.3751,1.1793,-1.7789,0.863
2.7581,-15.0481,-18.2922,1.1029,-2.4216,0.976
15.3546,-24.3927,-21.3401,0.8256,-3.2542,1.1715
18.0983,-29.5237,-23.4254,0.0578,-4.2084,1.1562
8.7008,-30.9866,-9.0264,-1.8969,-2.8871,-0.4502
4.683,-24.8431,-2.6216,-2.4943,0.7328,-1.7673
2.5234,-12.3208,-3.1771,-1.17,2.0578,-1.9908
1.9464,-8.0352,-4.7788,0.1647,0.9772,-1.719
1.6304,-2.7006,-6.6633,0.6277,-0.6,-1.4563
0.8834,1.1396,-6.4814,0.5733,-1.2072,-1.2859
-1.4652,3.2249,-5.55,0.2679,-0.41,-1.1179
-2.2936,2.0302,-4.0246,0.1042,0.2032,-0.9133
-3.0717,-4.4771,-0.2968,-0.1651,0.6858,-0.5516
-2.8395,-12.4094,13.2545,-0.371,0.9289,-0
-11.9377,-30.5341,-13.8866,-0.1022,1.403,0.4751
-11.6935,-33.388,-16.7504,1.029,1.7609,0.5973
-6.297,-26.9979,0.2298,-0.1517,1.5544,0.8777
-3.6296,-14.2529,10.1828,-2.0533,1.0315,1.1153
-4.4939,-0.984,1.5562,-1.9232,-0.0117,0.6608
-4.6639,-0.292,1.5538,-0.3337,-2.074,-0.0428
-5.2244,-0.1723,6.2898,1.0681,-2.7221,-0.4258
-7.5492,-1.8746,7.7048,1.9239,-0.8248,-0.2144
-9.9721,-5.5955,4.8075,2.3625,0.2307,0.2949
-10.0008,-7.9705,4.015,2.5421,1.0804,1.009
-7.4223,-11.502,3.4835,2.2966,1.8373,1.7201
-3.948,-14.5115,2.5617,1.9294,2.4555,2.4207
0.0454,-18.1486,1.142,1.5287,2.6736,2.9791
1.2258,-19.2044,0.5937,1.3345,2.329,2.8777
3.0382,-19.3337,-0.4979,1.2679,1.6797,2.4403
3.6511,-17.2484,-0.3998,1.4029,0.6388,1.8716
0.96,-12.0886,0.6847,1.5452,-0.3953,1.2833
0.316,-10.8747,0.7685,1.5422,-1.1424,0.7292
-1.0175,-8.1956,1.0678,1.4866,-1.8748,0.3756
-1.8435,-6.3592,0.6871,1.4933,-2.016,0.4647
-2.2625,-4.8602,-0.4022,1.5831,-1.8773,0.6895
-2.3965,-4.8602,-0.474,1.7242,-1.4283,0.9754
-2.7916,-5.2005,-0.6153,1.828,-0.7087,1.2265
-3.7588,-5.6817,-0.8427,1.7969,0.0377,1.3542
-4.4556,-6.8908,-0.9409,1.5446,0.8184,1.4262
-4.1539,-7.0488,-0.6895,1.4249,1.0291,1.5142
-2.861,-7.3145,-0.146,1.4316,0.9674,1.6119
-1.798,-7.1493,0.0837,1.5519,0.7994,1.6303
-1.0558,-6.7064,0.4836,1.6808,0.6821,1.571
-0.8571,-6.3856,0.8379,1.7376,0.6968,1.4061
-1.0749,-5.9834,1.288,1.6497,0.6565,1.2711
-1.6304,-5.6984,1.1109,1.5122,0.5441,1.163
-2.4756,-6.5915,-0.8571,1.3876,0.439,1.1495
-2.6719,-7.7287,-2.2433,1.2502,0.3578,1.2564
-3.1555,-9.261,-3.79,1.1048,0.3975,1.4696
-2.4875,-10.5347,-2.466,0.9508,0.8312,1.7952
-0.0766,-11.4685,1.5059,0.8525,1.0248,1.9394
0.474,-11.6863,1.8746,0.8555,0.9271,1.9369
1.3311,-12.1269,1.458,1.0095,0.7243,1.7494
2.1452,-11.9784,0.0885,1.131,0.5807,1.4605
3.043,-10.5706,-4.3358,1.1915,0.8758,1.0475
3.043,-10.5706,-4.3358,0.8256,1.6528,0.739
3.6703,-11.1405,-4.2281,0.8256,1.6528,0.739
3.5769,-11.8611,-1.3431,0.395,1.8971,0.6352
5.0305,-12.917,1.7262,-0.0038,1.8764,0.5118
5.21,-13.1205,1.6615,-0.2372,1.5887,0.3902
5.7703,-14.0877,0.4094,-0.1926,1.1055,0.097
5.5787,-14.4349,-1.2737,-0.1022,0.8281,-0.1662
5.2459,-14.2745,-3.699,-0.0998,0.6241,-0.4117
5.9283,-15.1678,-4.0007,-0.2201,0.5795,-0.5657
6.7399,-16.4583,-2.9352,-0.5658,0.5734,-0.65
6.4454,-16.5086,-3.7493,-0.9806,0.5997,-0.7966
5.2076,-14.8183,-6.0384,-1.352,0.6125,-1.1937
4.4388,-13.3743,-4.9874,-1.7747,0.2649,-1.4386
2.1954,-11.2961,-2.6982,-2.3636,-0.2145,-1.6451
-0.7493,-10.2977,-1.4844,-2.7307,-0.4021,-1.8442
-6.3473,-11.6049,-1.1037,-2.8401,-0.308,-1.9578
-7.4079,-12.5507,-1.3766,-2.8926,0.202,-1.7514
-7.8006,-14.9691,-0.043,-2.9879,0.3016,-1.2731
-7.8652,-17.7512,3.2944,-3.0014,0.2228,-0.6524
-8.8588,-23.6553,3.8881,-2.5334,0.2014,-0.1723
-10.111,-24.1987,2.6958,-1.8102,-0.1278,0.0188
-16.7312,-24.4525,-1.64,-1.228,-0.1687,-0.6414
-18.7567,-22.2977,-5.4878,-1.3148,0.0658,-2.226
-9.7997,-14.3655,-2.1859,-1.7711,0.4995,-2.4722
-8.4446,-13.5993,-1.5155,-1.8254,1.4647,-2.3323
-3.5003,-11.4014,1.3934,-1.3288,2.4738,-2.0122
-0.62,-10.5443,2.3894,-0.6691,3.0077,-1.8253
1.4891,-10.5659,0.2489,0.299,2.8189,-1.9866
2.0159,-10.6137,-0.5051,0.6992,2.2649,-2.2584
1.4149,-10.3767,-1.2856,0.8,1.6785,-2.5748
0.8236,-9.7447,-1.039,0.7242,1.1727,-2.8589
0.3543,-8.4326,-0.1197,0.5104,0.6699,-2.9896
0.3351,-7.7215,0.2561,0.23,0.1421,-2.9841
-0.4189,-6.2731,0.9864,-0.1731,-0.7264,-2.8002
-0.4189,-6.2731,0.9864,-0.5048,-1.5108,-2.3726
-2.2984,-3.2944,1.3838,-0.5048,-1.5108,-2.3726
-2.557,-2.861,1.6232,-0.5854,-1.6165,-2.0843
-2.8778,-1.98,1.8124,-0.6489,-1.6226,-1.7721
-2.8682,-1.0031,1.8004,-0.6795,-1.7765,-1.3018
-3.3614,0.1987,2.5378,-0.7326,-2.1491,-1.0532
-3.3614,0.1987,2.5378,-0.9195,-3.0892,-0.7404
-3.8881,0.7469,2.8347,-0.9195,-3.0892,-0.7404
-4.6016,1.4341,3.2704,-0.9757,-3.344,-0.6634
-5.6961,2.7988,3.6727,-0.969,-3.369,-0.5901
-5.7008,2.9233,3.7229,-0.7393,-3.1497,-0.391
-5.6817,2.6312,3.3494,-0.4565,-2.9219,-0.2315
-5.0257,1.6927,2.4372,-0.104,-2.6287,-0.0923
-5.0257,1.6927,2.4372,0.5587,-2.0911,0.1819
-2.7174,-1.8435,-0.2466,0.5587,-2.0911,0.1819
-1.5682,-4.0533,-2.8251,0.8531,-1.9805,0.3511
-1.2138,-6.1198,-8.0304,1.1738,-1.8834,0.4812
1.6208,-11.2937,-16.432,1.2361,-1.9872,0.524
3.3877,-16.5636,-22.1086,1.1023,-2.3574,0.5979
11.8731,-28.9755,-27.946,0.9111,-2.9402,0.582
6.1725,-35.4545,-16.2356,-0.1529,-3.603,0.2906
6.1725,-35.4545,-16.2356,-1.5035,0.2692,-1.339
1.5059,-23.2099,-5.708,-1.5035,0.2692,-1.339
-0.3351,-14.5785,-9.0503,0.1775,-0.0752,-1.1619
-1.8483,-10.0152,-11.1333,0.7218,-0.3795,-0.8992
-4.458,-15.2827,-17.2244,0.6045,-0.0062,-0.7392
-1.5203,-20.9833,-16.2093,0.4011,0.6235,-0.6439
6.1462,-30.5724,-3.9959,-0.2384,1.5477,-0.3965
5.289,-27.7688,16.6642,-0.5029,3.037,-0.6897
-7.8437,-6.8094,12.2131,-0.5109,4.4982,-1.5987
-7.8437,-6.8094,12.2131,-0.2751,1.6876,-1.7825
-7.8484,2.1763,-2.9688,-0.2751,1.6876,-1.7825
-7.3624,8.5212,-7.0057,-1.7283,-2.1161,-0.3659
-16.4583,10.008,4.6064,-2.4693,-4.311,0.0408
-10.6712,6.3712,9.9098,-0.7393,-7.4698,0.378
-3.0526,0.1388,9.3209,1.1512,-5.6262,1.2357
-7.3169,-2.7222,10.4797,2.5208,-0.5285,1.4635
-10.4031,-6.5005,10.1325,3.0479,3.5056,1.0939
-12.5866,-11.0998,7.5851,3.2886,5.5587,1.4708
-8.3776,-19.9251,1.4317,3.4707,5.6607,2.0389
-5.2292,-23.6888,3.6224,2.9679,4.5941,2.9522
2.4301,-23.7127,0.1029,2.1268,2.9912,3.3126
3.5003,-22.0152,-2.9017,1.726,1.4647,3.0811
4.8964,-18.2108,-5.4973,1.4273,-0.0019,2.2674
1.64,-13.5347,-0.6512,0.8665,-0.9317,0.929
-0.7661,-9.9051,2.0925,0.9747,-0.8028,0.4311
-0.9097,-9.103,1.9512,1.4548,-0.8248,0.4647
-0.7852,-7.3313,1.1923,1.8714,-0.9359,0.6969
-0.6344,-6.2707,-0.407,2.0895,-1.0337,0.9308
-0.1939,-7.293,-0.1173,2.1707,-0.7484,1.1721
-0.158,-7.5851,0.0383,2.051,-0.1711,1.221
-0.3854,-8.4254,0.8451,1.8268,0.4909,1.1776
-1.063,-8.9594,1.6017,1.5446,0.9082,1.0646
-1.7214,-8.2028,1.2665,1.2984,1.0248,0.9687
-1.9201,-7.6904,1.1587,1.1903,0.9534,0.9632
-1.3766,-7.4295,1.2282,1.3375,1.0291,1.1404
-1.13,-7.2283,1.3575,1.5666,1.2576,1.3077
-0.7948,-7.0224,0.7374,1.7725,1.4457,1.3988
-0.8667,-6.8692,0.1292,1.8641,1.4237,1.4287
-0.905,-6.6729,-1.4053,1.7963,1.18,1.4018
-1.2737,-6.8381,-2.3798,1.4145,0.6009,1.3981
-1.8435,-7.9346,-1.7812,1.1054,0.4317,1.4531
-1.6112,-8.2339,-1.288,0.8891,0.4708,1.5588
-0.5482,-9.2036,-0.0957,0.8116,0.4653,1.6675
0.4094,-10.2905,0.5961,0.9007,0.3089,1.7323
1.6136,-11.7941,1.6519,1.0614,0.0853,1.6969
1.6136,-11.7941,1.6519,1.2239,0.1311,1.3114
1.8171,-12.6153,0.3375,1.2239,0.1311,1.3114
1.3287,-12.7781,-3.1555,1.1689,0.4512,1.1446
1.6376,-11.6121,-6.048,1.095,1.0187,1.0426
2.1045,-11.3943,-5.0616,0.905,1.5209,1.0365
3.5673,-11.3248,-0.9433,0.5739,1.7145,1.009
4.4173,-11.9928,1.5298,0.103,1.3871,0.8673
5.2843,-13.2881,3.0502,-0.0851,0.9692,0.6981
5.0807,-14.3894,2.217,-0.1657,0.6363,0.4745
3.4284,-15.673,-2.0494,-0.0936,0.4579,0.221
2.6431,-16.3386,-5.6458,0.1353,0.4702,0.0377
5.2005,-15.5629,-1.5586,0.1268,0.3498,0.1227
5.9618,-14.9643,0.0861,-0.2506,0.0218,0.1795
6.6082,-14.0973,0.644,-0.4724,-0.1363,-0.0348
5.7439,-13.4628,-0.4836,-0.6355,-0.2096,-0.4337
2.0254,-12.2442,-5.1645,-0.8969,-0.195,-0.8821
1.1803,-11.8587,-6.0959,-1.2683,-0.1296,-1.2645
0.7206,-12.0311,-4.8362,-2.0814,0.0499,-1.5712
-0.7182,-13.379,-1.8171,-2.7026,0.2112,-1.653
-0.7182,-13.379,-1.8171,-3.115,0.1892,-1.8937
-5.8565,-15.072,0.9337,-3.115,0.1892,-1.8937
-8.6361,-16.3936,1.0726,-2.9714,-0.206,-1.8125
-9.3807,-19.4008,2.0709,-2.7723,-1.0441,-1.3525
-14.0901,-21.3664,1.4844,-2.5536,-1.11,-1.0971
-15.1678,-21.388,1.1156,-2.192,-0.6042,-1.474
-17.9882,-20.4279,-1.2401,-1.9042,0.0872,-2.0452
-16.2859,-17.4375,-2.8419,-1.7454,0.8019,-2.2627
-10.9034,-12.7542,-1.7741,-1.5897,1.6827,-2.1429
-6.4239,-10.7861,-0.1867,-1.0997,3.45,-1.7428
-1.6328,-9.7183,1.8842,-0.6251,4.2386,-1.54
0.6703,-9.7686,1.7836,-0.1132,4.282,-1.5907
2.0614,-9.9482,-0.1364,0.3296,3.5355,-1.8277
2.5929,-9.917,-0.8379,0.5293,2.4329,-2.1252
2.1715,-9.5387,-0.9959,0.4878,1.475,-2.4062
1.2761,-8.842,-0.0502,0.1469,0.4879,-2.7446
0.9121,-7.5492,0.6967,-0.1621,0.0627,-2.821
0.8547,-7.1972,0.6751,-0.4314,-0.2188,-2.7672
-0.067,-6.7711,0.7302,-0.6526,-0.3917,-2.6603
-1.446,-6.2707,1.4532,-0.8413,-0.5242,-2.5376
-2.2409,-4.961,3.055,-1.101,-0.7942,-2.2077
-2.2409,-4.961,3.055,-1.3758,-1.7655,-1.6243
-3.122,-3.5793,2.8898,-1.3758,-1.7655,-1.6243
-3.7469,-2.4037,2.8491,-1.5493,-2.3831,-1.4209
-4.3957,-0.9983,2.8251,-1.7699,-2.7918,-1.2718
-4.6782,-0.6943,2.8874,-1.9556,-2.9549,-1.1601
-5.4255,0.3064,3.2513,-2.0221,-2.9023,-1.0391
-5.799,1.4173,3.3279,-1.8132,-2.6971,-0.8882
-5.799,1.4173,3.3279,-0.8365,-2.1821,-0.4661
-5.7032,2.612,1.4915,-0.8365,-2.1821,-0.4661
-4.8964,1.968,1.1779,-0.393,-1.7643,-0.2444
-3.8905,0.3854,0.6799,0.0339,-1.3678,0.1446
-2.2673,-1.9728,-1.9153,0.299,-1.3153,0.3835
-1.7693,-3.0861,-3.845,0.6039,-1.3611,0.5515
-1.0893,-4.9874,-9.0479,0.8641,-1.5957,0.6718
0.9337,-7.0512,-13.8866,1.0394,-1.9591,0.7702
11.1836,-17.5955,-19.4319,1.0932,-2.311,0.8948
13.6137,-20.9594,-23.2961,1.0596,-2.7215,0.8856
14.3511,-26.5549,-21.6561,0.7303,-2.5993,0.3969
8.107,-28.7504,-7.7886,-0.5548,-0.8828,-0.5547
3.055,-24.618,-3.699,-1.3746,1.1818,-1.4527
2.4947,-20.7631,-5.9163,-0.6453,1.3333,-1.6078
1.5035,-15.0218,-6.9219,0.1329,-1.1766,-1.1601
0.7158,-9.5986,-4.9586,-0.4088,-1.9555,-0.9939
-1.5921,-1.9249,-4.5992,-0.9873,-1.9262,-1.0287
-1.9752,-1.4628,-4.367,-1.1938,-1.9555,-1.0923
-1.3311,-4.1539,-0.4644,-1.1242,-1.5554,-1.0733
-0.0814,-8.3297,7.5994,-0.7381,-0.413,-0.9035
-2.4564,-14.1141,7.032,0.8586,1.9766,-0.4643
-6.4407,-19.0584,-4.7907,1.8403,2.9265,-0.3238
-6.4407,-19.0584,-4.7907,-0.4205,2.8782,-0.0715
-10.1397,-15.843,3.0909,-0.4205,2.8782,-0.0715
-7.9298,-5.629,2.9544,-2.0997,2.0993,0.3071
-7.0272,-3.5122,0.3399,-1.2396,-1.1943,0.524
-7.0105,-2.7389,3.0526,1.1286,-3.8534,0.4611
-6.0001,-3.8786,10.0104,1.6491,-1.8944,0.5271
-6.6059,-5.7272,9.4669,2.015,0.6553,0.9211
-7.3983,-6.218,7.2571,2.5867,2.2136,1.3865
-6.7208,-8.9617,2.533,3.04,2.88,1.7305
-4.1683,-12.3711,0.3998,2.8916,3.1732,2.3413
-0.4165,-15.7089,2.0518,2.3766,3.1946,2.6107
0.1532,-16.2883,1.8938,1.8641,2.8892,2.6235
0.292,-16.5756,-0.3519,1.6026,2.2368,2.3939
0.7948,-15.7855,-0.4836,1.547,1.4555,2.0658
1.537,-12.4118,0.5841,1.5012,0.891,1.7873
1.2138,-11.8204,0.7733,1.4817,-0.0361,1.4556
-0.2178,-9.6369,1.4125,1.4988,-0.556,1.2222
-1.1396,-8.4925,1.0821,1.5916,-0.8651,1.1037
-1.2306,-7.8484,0.3232,1.7596,-0.8999,1.1355
-0.8571,-7.7215,0.2825,1.8971,-0.7142,1.2827
-0.1628,-7.7072,0.4118,1.9172,-0.173,1.4843
0.0095,-7.8484,0.4644,1.8054,0.0933,1.4965
-1.0438,-7.8341,0.2561,1.6515,0.2179,1.4012
-1.5658,-7.6234,0.0359,1.4847,0.2295,1.2662
-2.0877,-7.202,0.2585,1.2972,0.1605,1.1825
-2.0829,-7.0272,0.7589,1.1701,0.216,1.1715
-1.7908,-7.1038,1.1755,1.2404,0.7066,1.2509
-1.6855,-7.1469,1.0678,1.3656,1.0542,1.2998
-1.3503,-7.2475,0.6607,1.4768,1.2533,1.3328
-0.9744,-7.3576,0.0143,1.5342,1.2912,1.3493
-0.8307,-7.7239,-1.7262,1.497,1.1892,1.3401
-0.9169,-7.8293,-1.9416,1.3485,1.0047,1.2992
-0.984,-8.447,-2.0039,1.0364,0.8764,1.2473
-0.2873,-9.455,-0.5746,0.9099,0.902,1.2772
1.458,-11.004,1.7022,0.9203,0.8275,1.3328
1.6567,-11.2482,2.0063,1.0315,0.5648,1.3401
1.6974,-11.8252,2.2457,1.1115,0.2075,1.246
1.0582,-12.2179,1.1851,1.0669,-0.1681,0.9809
0.0742,-12.0287,-3.0741,1.0327,0.0193,0.841
0.2154,-11.6792,-4.8964,1.0223,0.6925,0.8288
1.1899,-11.2865,-4.9874,0.872,1.5105,0.951
2.3894,-11.1812,-2.7557,0.5471,1.9772,1.031
4.4723,-11.8899,1.4101,0.2312,1.9576,0.9736
4.9371,-12.2921,2.2409,-0.0753,1.2008,0.7763
5.5835,-13.5466,2.1667,-0.1877,0.6198,0.5277
5.222,-14.9212,0.5937,-0.2091,0.1867,0.232
5.222,-14.9212,0.5937,-0.0014,0.1568,-0.2749
3.8546,-16.6474,-3.3063,-0.0014,0.1568,-0.2749
5.1813,-16.2404,-1.0031,-0.1938,0.1061,-0.2908
6.0911,-15.2085,0.6272,-0.4571,-0.0978,-0.2847
4.1252,-14.0614,-2.1068,-0.5701,-0.2408,-0.4539
3.3949,-13.9896,-3.0023,-0.6886,-0.3019,-0.7416
1.8315,-13.2617,-4.027,-0.991,-0.1492,-1.0306
0.1915,-11.9425,-4.2401,-1.4815,0.0132,-1.2645
-1.3431,-11.648,-1.4963,-2.3013,0.0206,-1.4514
-1.7812,-11.9042,-1.1731,-2.7778,-0.082,-1.4649
-4.5585,-12.9816,-0.723,-2.9849,0.0242,-1.4692
-6.6202,-13.9345,-1.0989,-2.9036,0.2741,-1.4062
-8.7894,-16.3338,-1.051,-2.7075,0.4237,-1.1735
-8.921,-18.6849,0.4357,-2.5683,0.2503,-0.807
-10.0774,-19.9514,3.0023,-2.2866,-0.06,-0.5803
-14.1332,-18.6681,2.794,-1.8462,0.1262,-1.2896
-14.6623,-15.9723,0.3447,-1.4455,0.2936,-2.0971
-12.5602,-14.8446,-0.6224,-1.2922,0.6504,-2.3433
-7.1182,-13.2617,-1.5753,-1.3343,1.3095,-2.1802
-2.1571,-12.0838,-1.549,-1.1871,2.7511,-1.7612
1.9704,-11.4326,0.0694,-0.8383,3.3107,-1.6433
2.9089,-11.5978,0.3782,-0.3734,3.2081,-1.7251
3.3423,-11.7414,-0.6512,0.0901,2.5153,-1.9371
2.4875,-11.2745,-1.4652,0.4023,1.6039,-2.2682
-0.2849,-9.3209,0.8068,0.445,0.8336,-2.5846
-0.5051,-9.0048,1.0941,0.161,0.1226,-2.7868
-0.9792,-7.4342,1.482,-0.0387,-0.366,-2.6732
-1.379,-6.2874,0.8092,-0.1816,-0.8358,-2.4355
-2.6384,-5.0185,1.1468,-0.3325,-1.1559,-2.1796
-2.6384,-5.0185,1.1468,-0.9311,-1.3092,-1.5681
-3.4021,-4.6303,2.0135,-0.9311,-1.3092,-1.5681
-3.7181,-4.1036,2.2601,-1.0924,-1.3019,-1.3274
-3.62,-3.3351,1.9033,-1.2109,-1.4387,-1.1155
-3.5122,-2.8323,1.6519,-1.3331,-1.7502,-0.9811
-3.5506,-2.2768,1.8962,-1.5084,-2.1754,-0.9756
-4.1276,-1.8339,2.3127,-1.6947,-2.5847,-1.0874
-5.052,-0.9624,2.7198,-1.7534,-2.8052,-1.2718
-5.4447,-0.3998,2.8083,-1.5322,-2.6109,-1.2835
-5.6242,0.2178,2.308,-1.1022,-2.3477,-1.1601
-5.562,0.6224,1.6687,-0.539,-2.0526,-0.9261
-4.6782,-0.0885,0.6847,-0.0442,-1.6336,-0.6646
-4.2999,-0.5602,0.5913,0.4194,-1.2139,-0.2603
-3.4596,-1.9057,-0.0311,0.6081,-1.1681,0.0084
-2.4205,-3.5817,-1.628,0.7945,-1.2652,0.2662
-0.7182,-6.2611,-6.206,1.0101,-1.4576,0.513
-0.316,-7.0344,-8.265,1.1958,-1.76,0.7085
1.2641,-9.3017,-13.7262,1.2874,-2.154,0.8093
6.0001,-15.4647,-19.0009,1.1591,-2.8357,0.8899
12.8236,-28.1016,-25.6308,0.8769,-3.0563,0.8551
12.1724,-29.3226,-21.2395,0.194,-2.5053,0.4525
7.8891,-32.5189,-5.55,-0.9934,-0.0276,-0.4631
4.9275,-28.4535,-2.0709,-1.3758,2.4365,-1.3525
4.5274,-16.08,-6.3688,-0.4669,2.1555,-1.6817
4.4603,-11.0615,-5.459,0.0828,-0.633,-1.4704
3.6655,-4.2425,-3.0837,-0.4754,-1.3843,-1.4123
1.9129,0.8547,-2.3319,-0.8945,-1.457,-1.4734
0.5698,4.5801,0.0598,-0.9635,-1.3715,-1.5229
0.3399,3.7684,5.234,-0.7772,-0.8297,-1.4246
-3.1603,0.2489,12.3663,0.1561,0.5936,-1.0171
-9.6513,-6.4311,7.6425,1.3907,1.6607,-0.5681
-7.518,-33.1701,-24.5965,2.3021,1.9833,0.2687
-5.6003,-37.8894,-19.5492,1.745,1.3425,1.2161
-4.4843,-34.6931,3.5913,-0.8621,0.5239,2.089
-1.0797,-16.4343,11.1213,-2.6452,2.7676,2.1336
-6.4885,0.8283,-4.185,-0.7405,-0.1785,1.1569
-6.4885,0.8283,-4.185,0.7792,-3.9255,-0.0177
-3.4213,1.5179,6.8979,0.7792,-3.9255,-0.0177
-5.5883,0.4261,11.7199,0.913,-2.3073,0.0151
-9.8284,-4.8195,7.2475,1.6802,-0.3037,0.13
-10.4414,-5.5356,6.783,2.9398,1.7206,0.9149
-9.6992,-8.8851,4.5418,3.1011,2.8861,1.5564
-5.9666,-12.2011,3.2369,2.9465,3.8855,2.3144
-2.3846,-15.4288,3.5506,2.5818,4.3363,2.8447
-1.4604,-17.0185,2.9041,2.0968,3.8147,2.9613
-0.3351,-17.7416,2.1978,1.6601,2.4879,2.7219
-0.2274,-17.392,0.3974,1.0852,0.2374,2.0212
0.7374,-15.0266,-3.2632,0.7896,-0.848,1.4824
-0.6799,-12.8571,-2.6599,0.533,-1.4674,1.0603
-1.9345,-10.1588,-0.6871,0.8403,-1.5047,0.8814
-1.3263,-8.7056,0.6943,1.5629,-0.994,1.0359
-0.9313,-7.1158,0.9624,2.0339,-0.5493,1.2796
-0.9504,-6.6777,0.9145,2.1158,-0.3013,1.3157
-1.0869,-6.1198,1.0773,1.8995,-0.2848,1.2027
-1.8004,-6.3976,1.4772,1.6069,-0.1889,1.0988
-1.9201,-7.8389,1.4221,1.31,-0.06,1.0591
-1.8267,-7.9035,1.4269,1.1396,0.2301,1.108
-1.3527,-8.1908,1.7334,1.1921,1.0053,1.2271
-0.9696,-8.4015,1.7884,1.3253,1.5013,1.2363
-0.6991,-8.3776,1.6112,1.4383,1.7536,1.2033
-0.7493,-8.3153,1.4006,1.5299,1.7988,1.152
-1.0941,-8.0543,-0.4453,1.6057,1.673,1.108
-0.8738,-7.8963,-2.6958,1.6142,1.3822,1.0939
-0.881,-7.961,-3.7445,1.3284,0.8746,1.1966
-0.7589,-8.2722,-3.0454,1.0516,0.7732,1.2882
-0.146,-8.933,-1.0342,0.8513,0.8397,1.3835
-0.146,-8.933,-1.0342,0.8397,0.7023,1.4311
1.2545,-11.1764,2.0542,0.8397,0.7023,1.4311
1.288,-11.6217,2.0542,0.9924,0.2209,1.2827
1.1061,-12.1796,1.4125,1.0419,0.0878,1.1349
0.6943,-12.4932,-0.6296,1.0351,0.2441,1.0078
0.462,-11.6313,-5.4806,1.0193,0.7041,0.9363
0.7996,-11.3536,-6.0696,0.9343,1.2508,0.9492
2.2888,-11.4493,-4.3957,0.6735,1.6155,1.009
4.0054,-12.0191,-0.8283,0.1763,1.6668,0.9907
5.0951,-12.972,2.3032,-0.0539,1.3333,0.8606
5.2555,-13.2953,2.5043,-0.1743,0.8684,0.6156
5.3537,-14.3248,1.3215,-0.1993,0.4115,0.3279
4.5489,-15.0936,-1.7908,-0.115,0.1177,0.0426
3.7469,-15.5437,-3.8666,0.0333,0.0273,-0.187
3.7469,-15.5437,-3.8666,-0.3111,0.0413,-0.1527
5.811,-14.8901,-0.1388,-0.3111,0.0413,-0.1527
5.9714,-14.0183,-0.213,-0.4858,-0.0392,-0.1619
4.9682,-13.3312,-2.126,-0.5591,-0.2212,-0.3665
3.6056,-12.8427,-3.019,-0.7668,-0.3831,-0.686
1.877,-11.4733,-3.6224,-1.3447,-0.1901,-1.1778
1.142,-10.4677,-3.2249,-1.7943,-0.0416,-1.3781
0.7852,-10.8029,-0.8188,-2.2726,-0.0398,-1.4924
-0.1556,-11.7989,-0.2442,-2.713,-0.1534,-1.6023
-2.715,-13.4245,-0.3974,-2.9134,-0.0697,-1.7557
-5.404,-14.8973,-1.2042,-2.8279,0.2234,-1.8577
-8.526,-18.1414,1.4939,-2.4333,0.5612,-1.6921
-8.3321,-19.6665,3.7134,-2.2854,0.2277,-1.3311
-9.0503,-21.2826,5.7655,-2.0918,-0.5218,-0.9976
-13.4389,-20.4063,3.9719,-1.5292,-0.8706,-1.2804
-14.4469,-16.2452,-1.7788,-1.0338,-0.8064,-2.0275
-13.3767,-15.017,-2.9209,-1.1126,-0.0453,-2.325
-8.8253,-12.8499,-4.0222,-1.5292,0.9326,-2.1704
-4.6662,-11.2506,-2.521,-1.5958,2.0523,-2.0415
-0.383,-11.0136,1.2593,-1.1083,2.8122,-1.9475
-0.0407,-11.1357,1.4532,-0.3979,2.9436,-1.9414
0.8499,-11.5164,0.4572,0.2331,2.4286,-2.0501
1.3982,-11.5307,-0.6033,0.7725,1.4078,-2.3531
1.4317,-10.8268,-0.7996,0.734,0.8324,-2.5461
1.2162,-10.281,-0.2705,0.4768,0.2545,-2.686
0.4022,-9.2586,0.0023,0.0968,-0.3892,-2.7465
-0.8858,-7.937,-0.0119,-0.2977,-0.9799,-2.7184
-2.9328,-6.4502,1.2186,-0.8554,-1.4393,-2.4667
-3.2656,-5.8948,1.7262,-1.173,-1.4527,-2.146
-3.6798,-4.9778,2.1763,-1.3942,-1.4014,-1.7495
-3.9935,-4.0964,2.2505,-1.5377,-1.4521,-1.3861
-4.4603,-2.4779,2.3989,-1.6538,-1.6574,-1.1265
-4.5968,-2.0015,2.2601,-1.7888,-2.0496,-0.9945
-4.9108,-1.0031,2.1739,-1.9464,-2.7209,-0.9707
-5.3752,-0.1197,2.2601,-1.9806,-3.0233,-1.0098
-6.467,1.1779,2.3965,-1.8658,-2.9732,-1.0446
-6.6944,1.3335,2.2122,-1.5469,-2.6421,-0.9945
-6.9793,1.6041,1.6687,-1.0307,-2.1449,-0.8204
-6.8764,1.4556,0.8499,-0.5054,-1.6452,-0.5571
-5.6314,-0.0239,0.134,0.1048,-1.0746,-0.1295
-5.2555,-0.4165,0.0526,0.3455,-0.9017,0.1508
-4.4005,-1.7262,-0.3711,0.5269,-0.8883,0.422
-2.9376,-3.5649,-2.5043,0.7095,-1.0276,0.6908
-0.9265,-6.6849,-8.9306,0.9197,-1.2273,0.9376
1.6687,-8.9282,-13.9848,1.1207,-1.5352,1.2112
7.1158,-14.1524,-19.0895,0.9142,-1.7356,1.323
16.9156,-21.0504,-18.4096,0.4316,-2.0667,1.2399
17.4327,-28.1184,-23.0471,-0.2128,-3.0557,0.8685
9.6944,-28.5302,-14.3439,-0.7925,-3.1894,-0.3134
2.9328,-25.2333,-4.2832,-1.3923,-0.082,-1.8497
1.3503,-17.4686,-2.1643,-0.3056,2.0945,-1.9664
2.138,-9.9769,-4.9802,0.362,0.9479,-1.3812
2.2242,-8.0687,-5.2747,0.2416,-0.7307,-1.0538
1.695,-3.7732,-4.1946,-0.3282,-1.2212,-1.1295
-0.2346,-1.2737,-3.201,-0.7729,-0.9237,-1.2621
-1.5083,-6.4957,7.2643,-0.7705,-0.1779,-1.1637
-2.9209,-8.5835,9.9577,-0.4498,0.6327,-0.7654
-5.3992,-16.4248,-0.6895,0.4108,1.6314,-0.2596
-7.9107,-28.3003,-17.7943,1.2141,1.8257,0.2375
-5.4997,-17.3274,9.2491,0.5471,2.2014,0.4818
-4.9227,-14.0518,10.3025,-1.5078,2.7322,0.5075
-4.9227,-14.0518,10.3025,0.1854,-1.8309,-0.2676
-6.5005,1.9919,-2.5402,0.1854,-1.8309,-0.2676
-5.5021,1.4101,5.9307,0.9246,-3.5993,-0.2749
-5.3178,-1.2904,10.7311,1.1365,-2.7649,-0.0501
-6.9961,-4.5585,9.5196,1.6814,-0.4503,0.3297
-9.9721,-6.8118,6.7974,2.4804,1.3327,0.8594
-9.091,-11.5331,3.3901,2.8164,2.632,1.6871
-7.0392,-13.2115,2.8826,2.5287,3.0749,2.5099
-3.1387,-15.4934,3.0382,2.0785,3.2557,3.2393
-0.1125,-17.799,0.9624,1.6081,2.88,3.5942
2.0015,-19.3409,-2.9903,1.2868,2.0566,3.4812
2.0374,-18.3066,-2.4372,0.9191,0.4689,2.4891
1.3048,-15.8478,-0.5315,0.9227,-0.6867,1.7305
-0.577,-12.6464,0.383,1.153,-1.2805,1.1355
-2.6623,-8.1788,0.9097,1.3613,-1.3721,0.7537
-2.6958,-8.0424,0.8954,1.4542,-1.3428,0.6462
-2.7198,-6.7304,0.4501,1.5226,-1.2432,0.7561
-2.217,-6.0767,0.2825,1.6301,-0.8785,1.0518
-1.233,-6.6825,0.8499,1.7022,-0.363,1.2039
-1.0486,-6.8596,0.9648,1.734,0.1953,1.2729
-1.0366,-7.4989,0.8738,1.7425,0.6375,1.2466
-1.3814,-7.9227,0.5889,1.7566,0.8972,1.1691
-1.4484,-8.0759,0.316,1.6252,0.8532,1.0866
-1.3,-8.2148,0.2849,1.4737,0.7041,1.1043
-1.0558,-8.4326,0.3327,1.3937,0.6546,1.1397
-1.0558,-8.4326,0.3327,1.5929,1.1647,1.1581
-0.3974,-8.8181,0.9433,1.5929,1.1647,1.1581
-0.2609,-8.7415,1.0438,1.6753,1.3724,1.1324
-0.3399,-8.4183,0.8571,1.6228,1.2686,1.0188
-0.7613,-7.8221,-0.0837,1.4902,1.0071,0.9382
-1.7525,-7.4917,-2.4205,1.3265,0.7108,0.9321
-1.9249,-7.8053,-2.782,1.1707,0.5923,1.0365
-1.731,-8.7175,-2.0422,1.048,0.6974,1.2466
-1.051,-9.2874,-0.1723,0.946,0.8025,1.4971
-0.0909,-10.5922,1.4293,0.9331,0.3853,1.64
0.1484,-10.8675,1.4844,1.0492,-0.0166,1.5802
0.4668,-11.5475,1.446,1.1426,-0.162,1.4537
1.0917,-11.9641,0.8092,1.1555,0.0035,1.2992
2.1954,-12.1532,-2.7461,1.1103,0.3736,1.1562
2.1954,-12.1532,-2.7461,0.8189,1.5624,0.9095
3.055,-12.3112,-4.7141,0.8189,1.5624,0.9095
4.1371,-12.747,-3.5889,0.5513,1.8104,0.8264
4.853,-12.7182,1.2114,0.1738,1.6998,0.6902
4.7357,-12.8308,2.4372,-0.184,1.1873,0.4562
3.96,-13.7071,1.5035,-0.2616,0.5795,0.1807
2.8419,-14.8542,-0.7134,-0.1706,0.0224,-0.0636
1.3455,-15.2468,-3.8091,0.0419,-0.3568,-0.2199
2.4157,-15.3067,-3.292,0.1268,-0.231,-0.0923
5.3321,-15.2516,-0.6895,-0.0649,-0.0526,0.163
5.3321,-15.2516,-0.6895,-0.4944,0.4366,-0.0587
4.865,-12.9026,-2.4205,-0.4944,0.4366,-0.0587
4.8219,-12.7542,-3.0214,-0.5848,0.5264,-0.4557
4.0222,-12.261,-3.7205,-1.0142,0.5074,-0.986
3.1387,-11.7055,-3.371,-1.4736,0.4439,-1.3232
2.3008,-12.0886,-1.3527,-1.9629,0.3052,-1.5895
1.4269,-12.5626,-0.7805,-2.4388,0.0053,-1.8021
-1.8411,-13.5706,-0.4213,-2.8004,-0.3269,-2.0263
-5.3321,-14.2098,-0.553,-2.9311,-0.2561,-2.2004
-10.3576,-16.3362,-1.6543,-2.7924,0.0536,-2.0043
-11.0232,-16.9299,-1.2976,-2.5475,0.3346,-1.5626
-11.4852,-20.0017,0.9145,-2.3764,0.2637,-0.9157
-12.225,-20.2172,2.7222,-2.2616,-0.2298,-0.3244
-15.9364,-18.2755,3.4404,-2.0252,-0.5682,-0.5498
-15.9004,-15.7113,1.4676,-1.7301,-0.3953,-1.5602
-12.5554,-12.7637,-1.4508,-1.5286,0.5807,-1.8198
-7.4247,-11.15,-3.3039,-1.2909,1.9564,-1.8332
-0.6703,-10.7335,-2.2888,-0.9214,3.0431,-1.675
1.3694,-11.1405,-0.9528,-0.4748,3.6008,-1.5754
2.9616,-11.9521,0.3016,0.1647,3.5844,-1.84
3.1747,-12.1389,0.2657,0.4548,2.9704,-2.2156
2.1284,-10.8077,0.7517,0.5733,2.1794,-2.6066
2.1954,-10.0966,0.9409,0.5128,1.3187,-2.8741
1.9153,-8.8708,0.6991,0.3455,0.4867,-2.978
0.8188,-7.7383,0.213,0.1421,-0.1803,-3.0134
-1.8076,-6.1414,1.1803,-0.3239,-0.9732,-2.9407
-2.0159,-5.9929,1.2952,-0.7057,-1.3489,-2.7202
-2.4995,-5.5404,1.6017,-1.0295,-1.5829,-2.336
-2.636,-5.0592,2.035,-1.2726,-1.7637,-1.8772
-2.8347,-3.62,2.308,-1.4864,-1.9903,-1.4539
-2.9161,-3.4261,2.3056,-1.7686,-2.482,-1.0104
-3.383,-2.4947,2.4325,-1.9385,-2.7539,-0.8479
-4.2377,-1.719,3.0885,-2.0649,-2.8663,-0.7728
-5.052,-0.5578,3.6032,-2.0857,-2.7924,-0.7569
-5.4806,0.3016,4.0246,-1.9189,-2.5163,-0.7807
-5.8732,1.1707,3.2872,-1.5347,-2.1852,-0.796
-5.3776,1.7836,2.1954,-0.6685,-1.9714,-0.73
-4.3215,0.9911,1.1971,-0.1779,-1.7258,-0.5657
-3.8187,0.4118,0.9337,0.1604,-1.4362,-0.3555
-3.0334,-0.8475,0.5147,0.4127,-1.2206,-0.1405
-2.2146,-2.2649,-0.5746,0.6344,-1.1498,0.0579
-0.8475,-4.604,-4.8243,0.8525,-1.2139,0.2412
-0.6512,-5.3776,-7.5037,1.1488,-1.5047,0.4733
0.1915,-7.6641,-12.7015,1.2422,-1.8046,0.5826
4.0773,-12.1987,-16.7264,1.1207,-2.1717,0.7268
13.8914,-24.6803,-26.0378,0.9686,-2.6061,0.885
14.4636,-27.2708,-24.3065,0.7541,-2.9255,0.8062
8.8444,-30.072,-8.1693,-0.9818,-0.8413,-0.3592
5.55,-28.3985,-3.1124,-1.7216,1.0908,-1.2987
1.7022,-14.8566,-7.4486,-0.8004,0.9723,-1.5046
1.7022,-14.8566,-7.4486,0.0248,-1.2579,-1.0489
1.3431,-8.7056,-7.1062,0.0248,-1.2579,-1.0489
1.0917,-4.8291,-6.6418,-0.3997,-1.3972,-1.0128
-1.2713,-4.2449,-5.2603,-0.7375,-1.4619,-1.0965
-1.5682,-8.4949,-3.7325,-0.7405,-1.0044,-1.0183
1.7549,-15.0098,3.1531,-0.4314,-0.0587,-0.6549
2.193,-18.7831,9.3783,0.2013,1.0835,-0.2267
-8.368,-19.7168,-7.269,0.9576,2.5495,-0.2163
-12.0455,-15.3809,-2.9209,0.2209,3.3015,-0.4276
-10.9896,-5.7607,5.2771,-1.6917,3.6473,-0.1882
-9.5579,1.233,1.154,-2.6293,1.0383,0.3132
-8.7439,2.7581,0.0311,-1.1804,-4.3183,0.422
-6.9027,0.9504,5.1669,0.5782,-6.1668,0.4018
-3.9169,-2.6024,14.7967,1.6869,-2.9793,0.5026
-5.574,-6.4478,13.3407,2.93,2.3266,0.8991
-9.1317,-12.8499,1.3335,3.5794,3.1574,1.2772
-9.4717,-14.9092,-2.8802,3.7065,3.3376,1.6853
-4.616,-17.4351,-1.9393,3.1341,3.4335,2.2002
0.2202,-18.4335,2.7174,1.8806,2.869,2.8538
2.5091,-17.981,-1.3072,0.9881,2.1354,3.0426
2.2936,-17.1646,-1.9009,0.9747,1.1275,2.4427
0.972,-13.9058,-0.5027,1.0797,0.5942,1.885
-0.0095,-11.4374,0.0861,1.1524,0.0694,1.4794
-1.3407,-9.1581,0.4596,1.2667,-0.5816,1.3181
-2.138,-8.2076,0.79,1.3216,-1.1186,1.2668
-2.5234,-7.4271,1.0007,1.3565,-1.4674,1.3035
-2.454,-7.0177,0.6847,1.4249,-1.3629,1.3676
-1.9033,-6.9841,0.5626,1.5599,-0.95,1.4128
-1.6903,-7.2834,0.5482,1.7486,-0.3214,1.4189
-1.446,-7.7694,0.5985,1.938,0.2722,1.4116
-1.403,-8.131,0.3806,2.0315,0.6308,1.3908
-1.2521,-8.2004,-0.0119,1.8873,0.4928,1.3193
-0.9504,-8.1669,-0.1029,1.6375,0.1238,1.2796
-0.5746,-8.107,0.067,1.3644,-0.1937,1.2638
-0.5243,-8.0304,0.4908,1.1824,-0.2554,1.2369
-0.407,-8.1573,1.367,1.1365,-0.0386,1.1978
-0.3303,-8.2315,1.391,1.2789,0.5648,1.1477
-0.1149,-8.593,1.2378,1.4322,0.935,1.1165
-0.4932,-8.9043,0.6655,1.5141,1.1201,1.0701
-1.9009,-9.1509,-2.1475,1.475,1.1134,1.0127
-1.9704,-9.1533,-2.3942,1.34,0.9631,1.0188
-1.5442,-9.1892,-1.9752,1.1659,0.7835,1.155
-0.2777,-9.2419,-0.1867,0.9631,0.4292,1.4513
0.9696,-9.8045,0.5363,0.9435,-0.0172,1.5319
0.9768,-10.2115,0.1747,1.0168,-0.5096,1.4562
0.4405,-10.6329,-0.3184,1.1054,-0.6861,1.2607
-0.3495,-10.9346,-0.7493,1.0962,-0.4613,1.0548
-0.9457,-11.1405,-2.3989,0.9979,0.0407,0.9351
-1.0103,-11.0495,-3.3039,0.8073,0.8904,0.9394
-0.5171,-11.0519,-3.8786,0.6662,1.3266,0.9803
0.5817,-11.1093,-2.5689,0.486,1.5263,0.976
2.6934,-11.7486,0.9648,0.2874,1.483,0.9443
3.1962,-12.0263,1.8818,0.0651,1.2374,0.8905
4.6998,-13.2402,3.5266,-0.3099,0.6669,0.6944
5.4279,-14.9332,3.5841,-0.451,0.2142,0.4647
2.8969,-17.0951,-2.3918,-0.33,-0.0087,0.1355
2.0997,-17.0233,-4.7309,0.037,0.0829,-0.1827
2.7509,-16.0752,-5.4638,0.3168,0.3205,-0.2908
5.2651,-14.8494,-1.4317,0.0987,0.3791,-0.1246
4.6543,-12.4788,-1.9536,-0.4699,0.2838,-0.0324
4.4005,-12.0958,-2.715,-0.5237,0.2771,-0.3055
4.343,-11.3583,-3.9815,-0.6581,0.3089,-0.6243
4.5872,-10.8675,-4.1659,-1.0509,0.4207,-0.8901
4.5872,-10.8675,-4.1659,-2.443,0.1232,-1.6506
4.0821,-10.6401,-1.2162,-2.443,0.1232,-1.6506
1.9728,-12.1149,-1.1204,-2.7833,-0.132,-2.0031
-1.5921,-13.561,-1.2928,-2.9262,-0.2658,-2.2902
-6.1246,-15.5892,-1.051,-2.9421,-0.2029,-2.4588
-8.0567,-16.6929,-0.9409,-2.8548,-0.1718,-2.372
-10.4725,-18.5939,1.0773,-2.6617,-0.3526,-2.0281
-11.1429,-21.8716,3.5386,-2.3838,-1.1412,-1.1723
-15.57,-22.3313,2.5713,-2.1113,-1.5322,-0.7325
-17.1454,-21.5795,2.0326,-1.8206,-1.2011,-1.1246
-16.9108,-17.5117,-0.5578,-1.8047,-0.4045,-1.5767
-13.1396,-12.6297,-2.8203,-1.8395,0.8245,-1.7373
-13.1396,-12.6297,-2.8203,-0.8474,3.3528,-1.8711
-4.0007,-8.9474,-2.387,-0.8474,3.3528,-1.8711
-0.6967,-9.2155,-0.5746,-0.3557,3.442,-1.8687
0.7374,-9.4645,0.225,0.0461,3.2789,-1.9835
0.7374,-9.4645,0.225,0.4194,2.4555,-2.4239
1.7597,-9.7303,0.6895,0.4194,2.4555,-2.4239
2.1667,-9.6896,0.3758,0.3534,1.5233,-2.6903
2.1212,-9.5483,0.0287,0.164,0.742,-2.7917
1.628,-9.17,-0.1795,-0.1291,0.0682,-2.8613
1.628,-9.17,-0.1795,-0.8084,-0.6397,-2.7966
-1.4987,-7.4749,1.1276,-0.8084,-0.6397,-2.7966
-1.8148,-6.3616,1.8052,-1.1071,-0.7991,-2.5418
-1.9728,-4.7285,2.3295,-1.4076,-1.3306,-1.9059
-2.3535,-4.0964,2.5474,-1.5872,-1.9457,-1.5302
-3.1938,-2.7796,2.7485,-1.7766,-2.512,-1.278
-4.3574,-1.6567,2.4037,-1.9268,-2.829,-1.1173
-5.641,-0.4285,2.8514,-2.0234,-2.8712,-1.0018
-5.866,0.055,3.5721,-2.0124,-2.6103,-0.8369
-6.4,0.6799,3.6942,-1.7118,-2.2866,-0.7661
-6.6513,1.154,2.296,-1.013,-2.2615,-0.7532
-4.6136,1.5849,0.7829,-0.1877,-2.074,-0.6964
-4.3957,1.5514,0.7158,0.4389,-1.6055,-0.5132
-3.5769,0.6799,-0.1268,0.8305,-1.245,-0.2651
-2.5594,-0.6081,-0.5889,1.2386,-0.9891,0.1184
-1.4939,-3.8187,-2.4851,1.4456,-0.9799,0.3615
-1.2354,-4.3143,-3.043,1.6258,-1.1345,0.5368
-1.446,-6.1701,-6.9243,1.7584,-1.4173,0.673
-1.7669,-8.7965,-13.0127,1.7914,-1.7991,0.8007
3.6774,-15.2803,-20.0233,1.4774,-2.6317,1.1556
13.9201,-21.0599,-23.3009,0.8342,-3.201,1.436
19.3074,-27.6539,-24.2801,-0.1602,-3.2676,1.2857
11.2075,-31.001,-7.961,-1.1877,-1.4979,0.0811
4.9084,-22.0895,0.134,-1.4766,1.4689,-1.3775
4.1874,-16.6857,-2.3415,-0.3203,2.2527,-1.923
3.7445,-9.6297,-4.5968,0.737,-0.1632,-1.5571
3.3135,-5.1933,-4.276,0.2056,-1.3471,-1.3128
1.0893,1.47,-2.5139,-0.3875,-1.3263,-1.2114
0.9409,2.7126,-1.9895,-0.5732,-1.0978,-1.1503
0.8523,3.5218,1.8363,-0.363,-0.7576,-1.0037
0.292,0.0598,10.1086,0.0626,-0.165,-0.7966
0.292,0.0598,10.1086,2.6814,1.2191,0.0536
-6.9171,-22.6305,2.6384,2.6814,1.2191,0.0536
1.6017,-41.1383,-29.8901,2.9044,1.1684,0.5478
-0.0215,-46.1688,-18.6083,1.0113,0.1262,0.7402
-8.4685,-10.8532,9.1269,-2.4516,1.9546,0.2332
-9.4047,-6.1653,6.9147,-2.7808,0.3101,-0.5413
-9.3951,4.2568,-7.0871,-0.9623,-5.4105,-0.7044
-7.1541,6.0456,2.6527,-0.0662,-6.383,-0.4185
-8.1334,5.5261,11.3129,-0.1205,-4.617,-0.1314
-9.115,4.0509,11.9904,0.4713,-1.6476,0.1135
-9.9266,-1.1611,9.1341,1.8506,1.2985,0.5112
-13.154,-5.2555,8.526,3.2483,3.723,1.1507
-13.2138,-12.735,3.7636,3.2941,4.778,1.5667
-8.4159,-15.1942,3.4189,3.1139,5.1164,2.3487
-3.4787,-17.914,6.8333,2.5397,4.285,3.3016
-0.4381,-19.9778,5.4327,2.0211,2.9704,3.4891
2.1763,-20.198,1.0917,1.963,0.5954,2.8917
2.4181,-19.6569,-0.6703,1.8647,-0.749,2.1617
3.9288,-17.0928,-6.4359,1.5696,-1.6488,1.312
1.6041,-12.6608,-3.1004,1.1396,-1.8186,0.5765
0.2059,-9.2419,1.0845,1.1854,-0.8956,0.2039
0.2346,-8.8899,1.1037,1.8537,-0.0551,0.3554
0.2202,-7.5085,0.383,2.4132,0.0413,0.8001
-0.0837,-6.4909,-0.5985,2.2947,-0.3361,0.9687
-1.0079,-5.9546,-1.2186,1.9545,-0.622,1.0927
-1.1348,-6.1557,-0.9457,1.5489,-0.5426,1.2149
-1.2066,-6.6681,-0.1843,1.2196,-0.0923,1.3273
-1.1731,-6.9554,0.6799,1.0748,0.5196,1.389
-1.0965,-6.9793,1.549,1.1103,1.2441,1.3829
-1.0773,-6.9339,1.5418,1.197,1.4292,1.3187
-1.0941,-6.9937,1.3646,1.2972,1.4133,1.2295
-1.1899,-6.8884,1.0079,1.3754,1.2881,1.1465
-0.9768,-6.6178,-0.2011,1.3815,1.0658,1.089
-0.6967,-6.7423,-1.13,1.2679,0.6559,1.1104
-0.8236,-7.2619,-1.8148,1.1567,0.5453,1.1764
-0.9624,-7.767,-1.1396,1.0443,0.6467,1.2424
0.1268,-8.5475,1.2641,0.9551,0.7658,1.3242
0.5195,-8.9067,1.6065,0.9368,0.6656,1.3975
1.1109,-9.5962,1.9201,1.0095,0.3455,1.3994
1.233,-10.4869,1.5945,1.1207,-0.1485,1.2381
0.2202,-11.7462,-1.233,1.1622,-0.2176,1.1086
-0.146,-11.8875,-2.5115,1.2288,0.07,1.009
-0.8451,-12.1532,-6.4,1.2911,0.6944,0.9889
0.881,-12.2346,-5.4614,1.1756,1.3278,1.0646
5.21,-13.2043,1.7812,0.5428,1.673,1.2222
5.459,-13.4365,2.3774,0.1818,1.5398,1.1727
6.2635,-14.5354,3.11,-0.0161,1.067,0.8905
5.7727,-15.5844,0.7709,-0.0533,0.4439,0.4678
4.0342,-16.0034,-3.8379,0.073,0.1122,0.0176
3.2704,-15.6969,-5.0233,0.2624,0.2881,-0.3207
4.0677,-15.6083,-2.4037,0.0223,0.4628,-0.4295
4.7979,-15.6538,-0.2035,-0.4333,0.1391,-0.3867
3.9935,-14.2122,-1.4437,-0.6538,-0.019,-0.4582
3.2082,-13.5179,-2.6743,-0.71,0.1415,-0.6659
2.6886,-12.9601,-4.6375,-0.8902,0.5233,-0.9676
2.3439,-12.8954,-5.4303,-1.655,0.8782,-1.3427
0.6991,-14.0015,-4.1922,-2.3343,0.7927,-1.5779
-0.6009,-14.3008,-3.2441,-2.8627,0.8208,-1.8363
-4.75,-14.6839,-2.2553,-3.1186,1.0432,-2.088
-8.4685,-15.0266,-2.3894,-3.0814,1.1488,-2.168
-8.4685,-15.0266,-2.3894,-2.9152,-0.5945,-1.0367
-8.6553,-17.8781,4.1706,-2.9152,-0.5945,-1.0367
-9.3927,-18.8357,5.9451,-2.867,-0.9659,-0.642
-13.3048,-18.8118,4.6208,-2.5096,-0.3294,-1.0354
-14.4804,-16.3673,-4.2808,-2.0759,0.9625,-1.5718
-12.6847,-15.2013,-4.841,-1.6904,2.4121,-1.7648
-7.1924,-13.1612,-4.1515,-1.3991,3.5709,-1.6481
-1.288,-12.6153,-1.1133,-0.8731,4.6876,-1.4484
2.6024,-13.4293,1.6041,-0.4828,4.8091,-1.5119
3.8474,-14.0279,0.5722,-0.0356,4.208,-1.8552
3.924,-13.9896,-1.2665,0.3174,2.9796,-2.3286
3.0382,-12.8787,-1.3551,0.3803,1.7866,-2.8021
1.8531,-10.8436,0.0718,0.1115,0.6052,-3.2834
1.2904,-9.929,0.3519,-0.1034,0.0786,-3.3824
0.3782,-8.131,0.9576,-0.2806,-0.3904,-3.347
-1.063,-6.0241,1.3623,-0.4424,-0.7576,-3.1991
-3.2273,-4.1539,1.6567,-0.5726,-0.986,-2.9536
-3.5984,-3.6535,2.2577,-0.6978,-1.0826,-2.6078
-4.1347,-2.8874,3.2417,-0.991,-1.2347,-1.9383
-4.5968,-2.272,3.268,-1.2079,-1.5493,-1.5113
-4.5825,-1.2928,2.9664,-1.4467,-2.0129,-1.201
-4.6639,-1.2042,2.9664,-1.6703,-2.4112,-0.9921
-4.786,-0.723,3.2465,-1.8523,-2.7215,-0.8907
-5.0376,0.0718,3.4691,-1.8566,-2.9823,-0.9108
-5.2052,1.8435,2.7557,-1.5725,-3.0166,-0.9206
-5.052,2.2242,2.4157,-1.0759,-3.0013,-0.8436
-4.9395,2.9951,1.9608,-0.509,-2.6977,-0.672
-4.6878,2.7485,1.6041,-0.0558,-2.1858,-0.4661
-3.62,1.118,0.9409,0.2844,-1.6946,-0.2089
-3.0693,-0.2705,-0.0766,0.7095,-1.3067,0.2363
-2.5258,-1.877,-2.5354,1.0266,-1.1998,0.4702
-2.4061,-3.5218,-8.6098,1.3357,-1.2487,0.6346
4.2999,-8.4805,-17.9642,1.5086,-1.5914,0.7916
10.4797,-14.9715,-18.1462,1.3742,-2.1094,1.0115
17.246,-25.614,-27.0481,1.0516,-2.4271,1.0652
13.9824,-31.4942,-17.993,0.1524,-2.5083,0.2974
6.6585,-30.3881,-3.7756,-1.6898,-0.6201,-0.8082
6.3545,-27.4815,-4.2568,-2.0478,0.527,-1.2932
4.7285,-17.8326,-6.4981,-0.8108,0.2918,-1.0666
2.3391,-10.5611,-6.6442,0.1121,-0.5963,-0.8449
0.2274,-1.6831,-7.305,0.1726,-1.0758,-0.8076
0.2274,-1.6831,-7.305,-0.5555,-0.6152,-0.818
-0.2322,0.0454,-1.7764,-0.5555,-0.6152,-0.818
0.2992,-4.1946,6.3856,-0.8609,-0.2438,-0.8259
-0.8619,-10.8149,7.1924,-0.5029,0.4799,-0.777
-2.1835,-12.1843,4.2521,0.6735,1.4921,-0.5229
-5.0831,-22.4366,-15.2085,1.9801,2.1482,-0.0067
-6.3185,-28.8175,-12.7637,0.9374,1.8733,0.458
-3.9001,-17.0353,10.5108,-1.4827,2.1855,0.6517
-3.4668,-8.3776,7.384,-2.6495,2.26,0.7677
-4.9251,-1.695,-1.4269,-1.0521,-1.3269,0.4818
-4.7022,0.2705,3.7828,1.1866,-3.9805,-0.0807
-6.9123,-1.7764,10.0535,1.475,-2.4051,-0.0941
-7.8604,-2.873,8.593,1.9258,-0.5792,0.1392
-9.747,-5.4135,3.4189,2.5635,0.5746,0.7042
-10.1732,-8.4829,0.9481,2.8555,1.2368,1.3682
-5.3513,-13.6831,3.1316,2.4633,1.5398,2.0793
-3.9911,-14.6911,3.3566,1.4701,1.5392,3.0585
-1.6328,-16.8773,1.1492,1.1598,1.4341,3.3279
-0.1268,-18.637,-1.8986,1.1072,1.2716,3.2234
0.4668,-17.5931,-0.5027,1.0443,1.037,2.8202
0.3112,-16.3529,0.3854,0.8904,0.6424,2.2399
-0.4213,-13.6137,0.6416,0.9508,-0.0862,1.6926
-1.6855,-10.4725,0.5243,1.3662,-1.2628,1.1593
-2.9233,-7.0153,0.0311,1.5293,-1.724,0.9883
-2.9879,-6.7256,-0.0095,1.6124,-1.8651,0.9779
-2.9185,-5.7799,-0.3495,1.6888,-1.661,1.0811
-2.4875,-5.5692,-0.2777,1.8317,-1.1278,1.2216
-1.5346,-6.1318,0.1077,2.0113,-0.0649,1.4214
-1.4891,-6.3257,0.055,2.0431,0.4341,1.48
-1.6759,-6.5891,-0.3782,1.9826,0.5984,1.4427
-1.5203,-6.9889,-0.6775,1.817,0.4732,1.3914
-0.8762,-7.7503,-0.4572,1.569,0.2173,1.37
-0.8355,-7.9322,-0.0526,1.3406,0.0395,1.356
-0.4285,-8.2602,0.6512,1.1964,0.2154,1.2857
-0.0981,-8.5643,1.2114,1.2422,0.5575,1.2357
0.1675,-8.9689,1.4748,1.3326,0.8929,1.1685
0.0885,-9.0934,1.3263,1.3955,1.0358,1.0848
-0.2202,-9.2514,0.5889,1.3687,0.9161,1.0017
-0.5746,-9.2993,-0.6368,1.208,0.5288,0.9595
-1.1133,-9.5196,-1.6543,1.1249,0.4048,1.0286
-1.0438,-9.5699,-1.5011,1.1005,0.4781,1.1819
-0.2442,-9.9122,-0.2513,1.0944,0.4958,1.3774
0.395,-10.3264,0.3758,1.1097,0.2802,1.5234
0.9528,-11.1884,-0.407,1.1836,-0.0587,1.5362
0.8954,-11.2961,-0.8092,1.274,-0.2408,1.3554
0.4572,-11.3296,-2.2625,1.2007,-0.0649,1.1666
