andar
-3.4404,-0.802,1.6879,0.172,-1.2096,-0.4478
-3.2632,-0.4908,1.2186,0.4426,-1.1033,-0.2138
-2.9616,-0.7493,1.0199,0.6375,-1.1088,0.0096
-2.6623,-1.4317,0.5889,0.7706,-1.1919,0.2228
-2.2146,-2.2553,0.1244,0.9227,-1.2499,0.3988
-1.2928,-3.7708,-1.628,1.2147,-1.3385,0.5949
-1.0582,-4.4053,-3.0478,1.4475,-1.4338,0.6926
-1.0917,-5.4447,-6.9219,1.6698,-1.6067,0.7598
-0.565,-7.8221,-13.0774,1.8433,-1.9029,0.8239
8.4278,-16.9084,-19.4319,1.9044,-2.3825,0.9443
13.913,-20.3225,-21.546,1.7535,-2.8431,1.1019
18.3018,-27.9101,-20.0376,0.715,-2.0648,0.6724
11.4158,-32.3992,-6.807,-0.5713,0.1965,-0.6811
3.5003,-22.2307,-3.8881,-1.1883,2.2753,-2.0275
3.28,-17.732,-5.6745,-0.6104,1.8452,-2.3219
2.6001,-10.5683,-6.9865,-0.2726,-0.4082,-1.8228
2.0111,-5.3704,-5.6745,-0.5243,-1.8529,-1.3959
-0.1891,2.114,-5.5668,-0.8975,-1.7191,-1.2218
-0.6368,2.5546,-5.0616,-0.7302,-1.3061,-1.1821
-1.3192,-2.375,0.4836,-0.517,-0.3251,-1.0556
-1.5753,-10.1804,6.467,-0.0814,0.8892,-0.7526
-0.4094,-26.0498,-4.1323,0.8445,2.0945,-0.2529
-1.6998,-33.862,-8.2267,1.5507,2.676,0.2503
-4.5777,-26.5669,3.8139,0.0645,2.4457,-0.1136
-4.9993,-10.6425,3.5984,-1.2922,3.0108,-0.4215
-6.9961,2.2912,-0.4453,-1.6037,1.5654,-0.5095
-6.8692,3.4811,-2.2218,-1.3282,-1.9579,-0.4734
-7.9801,1.2186,7.0105,-0.1926,-4.9469,-0.281
-6.7208,-3.0909,9.8189,1.0284,-3.3195,0.2516
-10.2929,-8.2124,5.8277,1.8329,-0.8523,0.7824
-10.5323,-9.8835,4.0821,2.2941,0.505,1.3138
-8.1812,-13.4365,2.4061,2.2666,1.202,2.0249
-4.7548,-16.1255,4.3167,1.8372,1.5166,2.8147
-0.9672,-19.2284,2.9472,1.2013,1.4396,3.4012
-0.4979,-19.779,1.0989,1.1445,1.1006,3.119
-0.5554,-18.2013,-1.6519,1.1549,0.5453,2.3303
-1.0127,-14.7078,-0.2346,1.0632,-0.2353,1.4354
-1.9105,-10.2115,1.1731,1.0064,-1.0288,0.8783
-2.0422,-9.7279,1.3168,1.1066,-1.6757,0.6749
-2.7006,-7.8413,1.4173,1.3638,-1.9524,0.7121
-2.7533,-6.9243,1.0414,1.5409,-1.7808,0.8826
-3.2321,-6.8884,-0.1005,1.704,-1.3874,1.0897
-3.632,-7.2667,-0.5985,1.8018,-0.7716,1.2326
-3.5984,-8.1142,-0.4453,1.7896,-0.0636,1.3126
-3.3638,-8.7271,-0.2011,1.6698,0.4543,1.37
-3.3734,-8.6984,0.3016,1.5043,0.7157,1.3377
-3.1603,-8.4566,0.4022,1.5055,0.7438,1.2564
-2.7174,-7.9514,0.6991,1.5299,0.7035,1.2094
-1.8219,-7.4414,0.8738,1.5037,0.6003,1.2106
-1.1779,-6.8477,1.1492,1.4627,0.53,1.235
-0.9241,-6.7519,1.118,1.4206,0.5722,1.2485
-0.5123,-6.874,0.6991,1.4218,0.6919,1.2601
-0.4405,-7.1876,-0.3591,1.4133,0.8251,1.2638
-0.9481,-8.2866,-3.1244,1.3479,0.9253,1.257
-1.0079,-8.4542,-3.3686,1.1988,1.0169,1.2552
-0.7829,-9.0001,-3.0166,0.9857,1.1342,1.2729
0.4357,-9.5627,-0.9241,0.6711,1.114,1.3487
2.363,-10.5515,1.312,0.6503,0.8666,1.3536
2.4779,-10.6544,1.4101,0.8,0.4463,1.2631
2.5594,-11.0303,1.2928,0.9533,0.0041,1.0805
2.4301,-11.2578,0.7948,1.0125,-0.242,0.8478
1.7405,-11.1333,-0.9074,0.9533,0.0377,0.549
0.8499,-10.4797,-3.1723,0.8824,0.5661,0.4434
-0.3471,-10.2115,-6.783,0.7664,1.133,0.4476
-0.8762,-10.3647,-7.0153,0.53,1.5477,0.5289
-0.4836,-10.9202,-1.6903,0.1653,1.6858,0.5613
0.1364,-11.265,-0.2705,-0.1327,1.5844,0.5723
1.4053,-11.6337,0.96,-0.3142,1.0963,0.6254
2.6958,-11.8085,1.5562,-0.396,0.9521,0.6431
4.015,-12.996,-0.0909,-0.4321,0.9454,0.579
4.3143,-13.4437,-1.0654,-0.3869,0.9448,0.4165
5.2603,-14.229,-2.7461,-0.3184,0.9644,0.2051
6.4646,-14.7321,-2.8155,-0.3142,1.0071,-0.0141
7.8844,-15.3258,-1.9512,-0.5457,0.7841,-0.4179
7.7814,-15.2085,-2.3104,-0.7143,0.4708,-0.7899
7.2068,-14.8805,-3.5218,-0.8261,0.1745,-1.215
6.4335,-14.5594,-3.9719,-1.1113,-0.1913,-1.6158
2.3271,-11.3775,-1.7046,-1.6526,-0.6446,-1.9414
1.4867,-10.7885,-1.2665,-2.4772,-1.0923,-2.2144
-0.3854,-10.2546,-0.0335,-2.735,-1.0691,-2.135
-2.4827,-10.9394,0.7661,-2.8712,-0.9604,-1.8864
-4.841,-12.2131,1.1851,-2.9305,-0.7515,-1.6341
-5.0975,-13.8339,1.3838,-2.8822,-0.5175,-1.3134
-5.7822,-16.0704,1.8914,-2.6538,-0.1999,-0.9011
-6.7351,-18.3425,3.608,-2.0759,0.3681,-0.3959
-8.2914,-22.3289,3.6415,-1.6404,0.3309,-0.2151
-9.6992,-22.3145,1.8459,-1.1578,0.1226,-0.223
-12.328,-18.9554,-0.711,-0.7748,0.3614,-1.0263
-10.2259,-14.2936,-2.1954,-0.8462,0.6632,-2.0183
-2.6048,-11.9569,-3.8163,-1.1443,1.2148,-2.441
-0.5147,-11.8276,-3.8498,-1.0674,1.0884,-2.2309
2.6264,-11.8492,-3.2369,-0.8126,0.7793,-2.1124
3.8139,-11.9832,-1.7621,-0.5304,0.5154,-2.226
2.7174,-11.7414,-0.3351,-0.2952,0.3376,-2.5003
2.205,-11.4565,-0.0359,-0.1004,0.2075,-2.8082
0.7422,-10.4342,1.209,0.0492,-0.1394,-3.0983
-0.6081,-9.0431,2.3367,0.0382,-0.6049,-3.0635
-1.6256,-6.5268,2.2505,-0.0246,-1.2579,-2.8754
-1.7022,-6.0145,2.0901,-0.1199,-1.8571,-2.5705
-2.2218,-4.762,1.9321,-0.2659,-2.1241,-2.226
-2.7078,-4.3023,2.4756,-0.6104,-2.1131,-1.8015
-3.1794,-4.6375,3.3638,-0.8749,-2.1155,-1.548
-3.0334,-4.8291,3.3375,-1.0948,-2.2554,-1.3189
-2.7868,-4.8674,2.8706,-1.2592,-2.5309,-1.1368
-2.7461,-4.8338,2.2098,-1.4192,-2.8999,-1.066
-3.201,-4.8889,2.1763,-1.5976,-3.3128,-1.1039
-3.5529,-4.8051,2.5091,-1.8114,-3.6757,-1.2584
-4.0701,-4.434,3.0693,-1.7674,-3.6402,-1.3409
-4.9323,-3.5146,3.4141,-1.4864,-3.4234,-1.3543
-5.5787,-1.4317,2.5139,-0.9317,-3.2016,-1.2743
-5.7056,-0.8355,2.1595,-0.2439,-3.0214,-1.0904
-5.5069,0.2442,1.5107,0.3632,-2.7368,-0.8497
-5.4159,0.723,0.8068,0.9374,-2.2921,-0.4655
-4.5418,-0.4118,-0.4309,1.1384,-2.1296,-0.2212
-4.4819,-0.6368,-0.7062,1.2563,-2.0587,0.0451
-4.4819,-0.6368,-0.7062,1.4963,-1.9738,0.56
-4.4316,-3.6894,-4.2042,1.4963,-1.9738,0.56
-4.8291,-6.6489,-9.1293,1.6863,-1.7991,0.9211
-4.3526,-7.4558,-10.4509,1.7853,-1.895,1.2118
0.2298,-13.2953,-18.6083,1.8574,-2.2908,1.557
11.4374,-21.716,-25.638,1.6265,-2.6934,1.7292
15.5892,-28.8677,-24.1317,0.6845,-2.7343,1.4702
11.4254,-31.7887,-12.8811,-0.8065,-1.6653,0.3719
4.039,-27.357,-2.5689,-2.0179,1.4249,-1.6243
3.0286,-16.8916,-5.2675,-0.8554,1.3749,-1.8852
1.4867,-7.0799,-5.1071,0.2331,-0.0636,-1.5467
1.1109,-3.9312,-5.811,0.2196,-0.9347,-1.3452
0.6871,-0.565,-8.0663,-0.1792,-0.8327,-1.2517
0.8906,-1.9752,-1.8914,-0.8187,0.5642,-1.2547
0.0981,-9.1916,10.02,-0.892,1.9729,-1.2224
-0.2705,-11.9138,5.5189,0.1616,2.9967,-1.1259
-4.4963,-21.0887,-11.174,1.412,2.8892,-0.9481
-3.0071,-27.5557,-3.134,1.2471,2.0389,-0.6787
-1.6831,-16.7576,6.795,-0.8273,1.0542,-0.3745
-1.4676,-11.3966,3.2513,-1.7943,0.2637,-0.5431
-4.6806,-5.2819,4.1012,-0.374,-1.1607,-0.8821
-6.4215,-4.1611,8.6385,0.4585,-2.669,-0.9799
-9.2921,-5.3154,7.6904,0.5892,-2.9469,-0.672
-9.771,-6.1198,7.688,0.7767,-2.4332,-0.1845
-10.1253,-7.8556,6.8213,1.1543,-1.6097,0.4098
-7.5348,-10.3576,3.4548,1.5678,-1.0697,1.4714
-4.7429,-13.403,0.9289,1.6307,-0.8956,2.1031
-3.8977,-14.7393,0.6248,1.522,-0.5138,2.4256
-2.6431,-16.5732,0.3256,1.409,-0.1284,2.4678
-3.4811,-17.088,-0.7374,1.4621,0.158,2.2466
-5.1598,-14.0805,-1.0821,1.7101,0.2044,1.3163
-4.6495,-12.917,-0.5961,1.7065,-0.1467,0.8588
-3.8953,-11.2793,-0.0981,1.6387,-0.7008,0.8184
-3.8139,-9.8141,0.0359,1.6857,-1.1045,0.8942
-4.106,-8.1669,-0.1125,1.8195,-1.1864,0.9797
-4.1276,-7.8149,-0.1604,1.9588,-0.9103,1.0561
-4.0366,-7.3696,-0.0861,2.0437,-0.1412,1.1636
-3.7541,-7.1422,0.1484,2.0089,0.4408,1.2222
-2.5378,-7.2834,-0.0478,1.949,0.9405,1.2955
-2.1356,-7.3409,-0.0574,1.9026,1.2563,1.3853
-1.1707,-7.5396,-0.1101,1.8726,1.4048,1.4385
-0.5458,-7.633,-0.0646,1.8513,1.4402,1.4525
-0.2466,-7.6138,0.4716,1.8354,1.4017,1.4036
-0.2849,-7.5899,0.6871,1.8042,1.3883,1.3285
-0.2394,-7.4366,1.2904,1.7425,1.3944,1.2448
-0.1244,-7.3672,1.6496,1.6405,1.307,1.1721
0.0167,-7.1685,1.9416,1.5073,1.0865,1.1147
-0.0239,-7.0153,1.5011,1.3693,0.7225,1.0652
0.0071,-7.0679,-0.043,1.3308,0.5459,1.0701
-0.1939,-7.542,-1.458,1.3119,0.5154,1.1312
-0.632,-8.5906,-2.4325,1.2685,0.6699,1.2399
-0.6224,-8.8803,-2.0015,1.1934,0.9491,1.3725
-0.4285,-9.4071,-0.9792,1.0834,1.114,1.4898
-0.1101,-10.2833,-0.2442,1.04,0.9283,1.524
0.5841,-11.174,-0.2705,1.0547,0.6149,1.4666
0.8451,-11.2291,-0.577,1.0357,0.4439,1.3529
1.3503,-10.8149,-1.7501,1.0229,0.6204,1.1917
1.4939,-10.3384,-2.9017,0.9954,1.1116,0.9974
2.7102,-10.9489,-2.4516,0.7175,1.8165,0.7665
2.9233,-11.1022,-2.2002,0.3601,1.9796,0.6993
3.8355,-11.8085,-0.8307,-0.0313,1.921,0.6138
4.6686,-12.6129,-0.1484,-0.316,1.778,0.4666
4.8386,-14.2146,-1.9991,-0.3746,1.6607,0.2583
4.8171,-14.3319,-2.1308,-0.2561,1.5416,0.0066
5.4016,-15.0122,-1.9153,-0.2207,1.0804,-0.3647
6.9458,-16.0178,-1.0414,-0.4095,0.5471,-0.5584
8.2004,-17.3513,-1.3814,-0.6538,0.0914,-0.7929
8.3033,-17.4016,-2.6336,-0.8139,-0.0441,-1.1246
7.5803,-16.6666,-5.0041,-0.9776,0.0804,-1.5107
6.0408,-14.7512,-5.5165,-1.6055,0.1672,-2.058
2.6886,-11.4996,-3.6942,-2.2738,-0.0612,-2.2957
1.2378,-10.822,-2.0925,-2.7888,-0.2927,-2.3629
-0.6584,-11.3488,-0.7182,-3.0741,-0.4192,-2.223
-3.2848,-12.5291,-0.7182,-3.184,-0.4741,-1.964
-5.8206,-15.0888,1.0103,-3.1865,-0.3196,-1.7251
-6.0193,-16.0202,2.217,-2.9855,0.0719,-1.0788
-6.5077,-18.412,5.8014,-2.6232,0.2777,-0.5486
-7.4654,-19.9754,7.6785,-2.0411,0.2289,-0.0868
-7.4606,-23.0088,1.9512,-1.3093,-0.0532,0.2717
-7.3935,-22.5779,-1.3886,-0.7754,-0.424,0.5167
-8.2243,-18.9818,-5.9642,-0.867,0.0487,-0.3543
-6.7471,-14.835,-6.0265,-1.6263,0.6779,-1.5076
-1.7405,-12.1532,-0.2202,-1.9635,1.4421,-2.3653
-0.5793,-12.0551,0.3663,-1.5616,1.5392,-2.6115
1.1947,-11.7678,0.5722,-0.7552,0.9912,-2.5669
2.1859,-11.4374,0.2274,-0.0619,0.3853,-2.6231
1.6352,-10.7047,-0.0359,0.3956,-0.1944,-2.9059
0.7805,-10.0966,0.4189,0.3778,-0.5511,-3.0941
-0.3758,-9.1748,1.9057,0.1903,-1.0062,-3.16
-1.3623,-7.8987,2.3415,-0.0625,-1.5462,-3.047
-2.2074,-5.629,2.4756,-0.291,-2.0917,-2.7972
-2.4923,-4.8362,2.612,-0.5157,-2.4344,-2.4594
-3.1651,-4.0342,2.9305,-0.8181,-2.4539,-1.934
-3.2728,-3.7756,3.3614,-0.98,-2.3452,-1.609
-3.371,-3.6128,3.2345,-1.1132,-2.3202,-1.3024
-3.3901,-3.5218,3.1675,-1.2127,-2.3965,-1.0825
-3.5362,-3.2154,3.1004,-1.3416,-2.636,-0.9774
-3.3375,-2.8491,2.9137,-1.5353,-3.168,-0.9597
-4.0605,-2.0111,3.4907,-1.5725,-3.4362,-1.0061
-4.2137,-1.8387,3.6296,-1.4992,-3.5413,-1.0635
-4.8027,-0.8667,3.7469,-1.2824,-3.4845,-1.0629
-5.2531,-0.043,3.3016,-0.9226,-3.3654,-0.9829
-5.5237,1.0127,1.8387,-0.4431,-3.1876,-0.8296
-5.4662,1.0175,1.5777,0.2832,-2.8553,-0.5364
-5.1119,0.6703,0.9169,0.6057,-2.5718,-0.3378
-4.9371,-0.158,0.1819,0.7822,-2.421,-0.1387
-4.8937,-1.9105,-1.1731,0.9014,-2.3898,0.0695
-4.7524,-3.3446,-2.9137,1.0303,-2.3819,0.3071
-4.8099,-5.2651,-6.1701,1.3088,-2.1571,0.6834
-4.2568,-7.7359,-12.2993,1.4707,-2.0581,0.9253
2.612,-14.4014,-23.502,1.4566,-2.1522,1.1385
8.8325,-20.5165,-23.7798,1.1255,-2.3208,1.1996
13.2354,-27.8406,-27.0721,0.3528,-2.3941,0.8484
8.1046,-32.0951,-12.0886,-0.7809,-1.9738,-0.0709
1.5897,-24.0766,-5.3704,-2.1461,0.8239,-1.7147
1.3958,-19.1757,-7.6497,-0.8786,0.9644,-1.7899
-0.2537,-11.4613,-8.5787,0.2893,0.4042,-1.3659
-2.0207,-8.1357,-12.158,0.2642,0.2283,-1.113
1.0797,-17.5213,-10.6999,-0.1792,0.3535,-1.0379
3.5314,-21.1916,-4.6088,-0.8132,0.5343,-1
4.9874,-24.024,9.4837,-0.9989,2.1995,-0.8662
-2.5474,-19.0464,14.6983,-0.3704,3.753,-1.1979
-9.2012,-5.866,1.0103,-0.269,3.5734,-1.5614
-8.7702,-4.3287,-0.0861,-0.9611,1.494,-1.2505
-5.9977,2.1092,5.7032,-2.2396,-0.8229,-0.4307
-6.6394,2.6072,8.38,-1.7796,-3.0245,0.1642
-5.574,-0.3663,11.1907,0.5678,-3.9982,0.0732
-6.5747,-2.9185,11.842,1.7712,-2.3642,0.188
-8.1884,-7.7455,11.4972,2.2697,-0.4436,0.4739
-9.0192,-12.0167,8.368,2.613,0.7047,0.9968
-5.7751,-17.5548,1.7549,2.8195,1.3553,1.5576
-3.1124,-19.2188,-0.4884,2.5464,1.7059,2.4837
0.0047,-20.8253,-2.5426,1.9588,1.3975,2.7976
0.7996,-20.9546,-3.0597,1.3253,0.8422,2.6541
-3.6248,-15.436,0.5961,0.8952,0.3614,2.1196
-4.3957,-13.7813,0.3591,0.7627,-0.2115,1.4055
-4.786,-10.8101,-0.5147,1.1707,-1.6537,0.973
-4.3023,-8.5954,-0.7924,1.3442,-2.3513,1.0945
-3.3231,-6.2826,-0.4094,1.4505,-2.504,1.2448
-3.3518,-6.0504,-0.3878,1.5953,-2.3025,1.3419
-3.6918,-5.8325,-1.0055,1.7889,-1.881,1.3529
-4.0797,-6.0743,-1.367,1.9612,-1.3275,1.2882
-4.4891,-6.7878,-1.4006,2.037,-0.4601,1.1856
-4.5441,-6.8788,-1.3,1.9911,0.0847,1.1507
-4.0916,-7.1254,-0.9433,1.894,0.4567,1.1898
-3.5386,-6.9793,-0.7541,1.792,0.6339,1.2497
-2.5833,-6.9793,-0.5817,1.7101,0.6675,1.3157
-2.1499,-7.0631,-0.3615,1.6472,0.6516,1.3804
-1.3814,-7.554,-0.2777,1.6014,0.5887,1.4391
-1.3814,-7.554,-0.2777,1.7547,0.8355,1.4452
-0.2466,-9.0886,0.2106,1.7547,0.8355,1.4452
-0.0885,-9.1389,0.4357,1.7779,0.9778,1.3798
-0.0311,-8.9953,0.6224,1.6772,1.0511,1.2766
-0.1364,-8.6697,0.4572,1.4267,1.1097,1.1459
-0.1221,-8.5954,-1.3144,1.3003,1.1476,1.1306
0.1628,-8.9019,-2.0518,1.2373,1.1904,1.1996
1.2378,-9.9194,-2.9328,1.1982,1.224,1.3261
2.6024,-10.8053,-2.0901,1.1029,1.1745,1.4238
3.9576,-11.4757,-0.8259,0.9704,0.9845,1.3988
4.015,-11.4278,-1.13,0.8818,0.6131,1.0561
3.2465,-10.5994,-3.1028,0.8678,0.5154,0.7311
1.9009,-10.1301,-4.5705,0.7725,0.6577,0.4519
1.5993,-10.688,-1.8794,0.5067,1.0706,0.3291
1.8602,-10.8364,-1.2713,0.0657,1.5099,0.3872
3.1148,-11.4804,-0.2513,-0.5078,1.5795,0.5704
4.1419,-12.2873,-0.2968,-0.5897,1.4298,0.6175
5.4016,-13.5969,-0.4812,-0.5005,1.2673,0.5594
5.7224,-13.8411,-0.5339,-0.3765,0.9741,0.4226
6.2491,-13.9058,-0.7757,-0.3245,0.45,0.2332
7.1445,-14.6264,-0.7302,-0.4186,-0.1107,0.061
6.8237,-14.8326,-0.7302,-0.8261,-0.5065,-0.2505
5.7032,-14.1428,-1.7477,-1.0582,-0.3318,-0.5639
3.7636,-13.3982,-4.3574,-1.1889,-0.1211,-0.8797
2.8514,-12.7901,-4.2975,-1.4449,-0.0911,-1.0605
0.9504,-11.9665,-1.0917,-1.9348,-0.2243,-1.1857
-0.1173,-11.7534,-0.2513,-2.4339,-0.5028,-1.3678
-3.3375,-11.4757,0.5554,-2.87,-0.9537,-1.6219
-5.8421,-12.0215,0.5841,-2.9623,-1.019,-1.6121
-8.7199,-15.3689,0.6727,-2.9372,-0.9341,-1.3616
-9.0767,-16.8988,1.221,-2.7808,-0.848,-0.9768
-11.083,-22.3887,1.2018,-2.5249,-0.9182,-0.6133
-15.345,-24.733,1.9321,-1.8114,-0.5658,-0.9261
-18.5891,-19.4199,1.9177,-1.4479,0.0627,-2.0458
-17.337,-18.1366,1.6352,-1.2622,0.9503,-2.722
-9.6704,-13.8914,-0.3567,-1.2164,1.687,-2.6255
-3.383,-12.4453,-2.1763,-1.1382,1.7414,-2.1497
0.292,-11.5906,-3.0957,-0.9831,1.2215,-1.8363
1.7022,-11.3871,-3.3542,-0.531,0.888,-1.9652
2.794,-10.9848,-2.1835,-0.1749,1.2215,-2.1545
4.0222,-11.5283,-0.7086,0.0846,1.6821,-2.383
1.7956,-11.8204,0.4429,0.2679,1.888,-2.65
0.5578,-11.3871,0.79,0.3693,1.5771,-2.9676
-0.6081,-10.2163,1.6065,0.318,0.2136,-3.0953
-0.984,-8.708,1.9656,0.197,-0.8859,-2.9163
-2.1188,-6.3545,2.5402,0.0877,-1.6562,-2.6377
-2.4372,-5.8253,2.7078,-0.0124,-2.0581,-2.3726
-3.0166,-4.9826,3.189,-0.1199,-2.2823,-2.1026
-3.7229,-4.3335,3.711,-0.2329,-2.4191,-1.8204
-3.936,-3.4691,3.4691,-0.3887,-2.6012,-1.424
-3.9145,-3.2369,3.3973,-0.4846,-2.7099,-1.2083
-3.766,-2.5498,3.3039,-0.6336,-2.8864,-1.0813
-3.3375,-1.9201,3.2345,-0.8505,-3.2249,-1.0483
-3.7876,-0.8259,3.5051,-1.0698,-3.6433,-1.0837
-3.7924,-0.6344,3.5745,-1.2366,-3.9848,-1.1503
-4.1491,0.2394,3.8211,-1.1291,-3.9744,-1.0733
-4.5753,1.2018,3.778,-0.8169,-3.8235,-0.9334
-5.289,1.7573,2.5689,-0.3368,-3.5724,-0.7551
-5.3561,1.6615,1.7214,0.2239,-3.3519,-0.548
-5.3561,1.6615,1.7214,1.1995,-2.9891,0.1679
-5.1645,0.2442,-1.3862,1.1995,-2.9891,0.1679
-5.6386,-2.3439,-3.7565,1.2886,-2.7496,0.4666
-5.5787,-3.9336,-5.3369,1.2447,-2.4863,0.7488
-4.4795,-7.0655,-9.431,1.0932,-2.3415,1.0848
-0.905,-11.5978,-16.0585,0.8024,-2.3696,1.4348
12.4597,-23.4374,-24.958,0.3204,-2.6122,1.6309
12.6057,-26.1599,-22.0033,-1.1211,-3.5999,1.1795
7.3241,-30.4551,-14.9452,-2.2207,-2.8925,-0.0636
-0.4022,-28.353,-5.7224,-2.2304,-0.5792,-1.3183
-0.6895,-14.8925,-4.4867,-1.2757,1.2924,-1.7728
-0.6488,-11.9497,-3.8426,-0.0436,1.2899,-1.3879
-0.462,-5.9403,-4.185,0.2202,-0.118,-1.1552
0.0861,-1.4891,-6.2731,-0.1932,-0.5645,-1.2248
3.5506,-2.3558,0.7278,-0.7283,-0.3813,-1.2828
4.039,-3.9552,4.355,-1.0441,0.2857,-1.3024
2.6072,-8.119,10.8651,-0.6703,1.224,-1.2847
-2.4803,-13.0319,9.3209,0.8427,2.0773,-1.2755
0.0263,-26.4616,-14.9835,2.726,1.9051,-0.964
1.9201,-31.8868,-8.5284,1.8464,0.7597,-0.5034
-1.3,-30.1558,7.8532,-0.757,0.8849,-0.6353
-5.6697,-16.5062,1.6448,-1.983,2.0242,-1.077
-6.5436,-5.7344,7.8867,-1.4528,1.0719,-1.08
-7.044,-4.2137,9.3903,-0.7638,-2.7557,-0.4405
-6.9913,-3.019,8.0687,0.0376,-3.7569,-0.0947
-7.9825,-4.4125,6.7878,0.7584,-3.6005,0.2241
-10.2618,-7.4941,6.3114,1.2801,-2.9164,0.4855
-10.0511,-8.4781,6.3425,1.6344,-2.0715,0.8478
-7.8796,-11.0112,5.7008,1.7804,-1.4442,1.4269
-5.301,-13.7047,4.2568,1.8885,-0.7606,2.2283
-4.9275,-16.1351,-0.5219,1.8849,-0.476,2.2906
-5.1957,-16.0273,-0.9193,1.7095,-0.3312,1.8734
-5.9235,-14.2601,-0.2968,1.2862,-0.374,1.2412
-5.052,-12.1317,-1.4724,0.7804,-0.6879,0.7971
-3.4955,-9.68,-1.5849,1.0565,-1.118,0.7989
-3.3111,-9.5172,-1.13,2.5562,-0.84,1.1489
-2.7485,-8.9354,0.5171,2.6613,-0.4192,1.1941
-2.4564,-8.1573,0.8738,2.3222,-0.2915,1.1263
-2.0661,-7.6425,-0.2011,1.9618,-0.3153,1.0231
-1.7525,-7.6665,-1.0941,1.7486,-0.2866,0.9669
-1.4413,-7.8844,-1.4676,1.7749,0.3272,1.0286
-1.3239,-7.7383,-1.3096,1.883,0.8538,1.1336
-1.4484,-7.0153,-0.9385,1.9484,1.1238,1.2381
-1.6496,-6.7734,-0.5722,1.9313,1.1018,1.2943
-1.6543,-6.4287,0.1364,1.8311,0.9075,1.2552
-1.9967,-5.799,1.233,1.6668,0.6314,1.1379
-2.5641,-4.8003,2.2649,1.4432,0.3229,0.954
-2.466,-4.7213,2.1595,1.387,0.2423,0.9168
-2.3487,-4.7572,1.4101,1.3998,0.2924,0.9742
-2.3654,-5.4686,-0.0359,1.4182,0.4775,1.0756
-2.4349,-7.8508,-1.5179,1.4334,0.8061,1.1862
-2.5187,-8.5164,-1.8411,1.3571,1.351,1.3028
-2.3223,-9.7518,-1.5897,1.2758,1.5453,1.3419
-1.6855,-10.5683,-0.6344,1.1775,1.552,1.3755
-0.6751,-11.5355,-0.0478,1.0938,1.4604,1.3719
-0.5817,-11.6241,-0.1077,1.026,1.3712,1.3224
0.0263,-11.5834,-0.8523,0.96,1.3804,1.2326
0.6129,-11.0878,-1.9632,0.872,1.6394,1.075
2.1619,-10.8029,-1.8315,0.7596,1.9039,0.9785
3.2728,-10.9441,-0.9241,0.5409,2.0584,0.904
4.5968,-11.4134,0.4525,0.2783,2.0749,0.7928
6.0121,-12.1987,0.8667,0.0565,1.9399,0.5894
7.4773,-13.7166,-0.5578,-0.0643,1.723,0.3065
7.4127,-14.6073,-1.9129,-0.1089,1.5062,-0.2841
6.8094,-15.9579,-3.8881,-0.1505,1.4463,-0.7551
7.1996,-16.8988,-3.699,-0.2201,1.4811,-1.135
9.2778,-17.1789,0.316,-0.4412,1.2625,-1.3586
9.3209,-16.839,0.656,-0.8084,0.618,-1.5669
7.8413,-15.0074,-0.9337,-0.9678,-0.1785,-2.0373
5.6003,-13.4605,-3.8929,-0.9299,-0.3917,-2.3103
1.6711,-10.9657,-5.6913,-1.214,-0.6226,-2.3738
1.4341,-10.8484,-5.3226,-1.7839,-0.7551,-2.1845
1.4341,-10.8484,-5.3226,-2.5829,-0.322,-1.5101
-1.3215,-11.0279,-0.8619,-2.5829,-0.322,-1.5101
-4.3526,-12.6488,0.3088,-2.7081,-0.2451,-1.2755
-4.8338,-13.3383,0.7876,-2.7112,-0.3495,-0.9774
-6.3281,-15.9196,2.0805,-2.6477,-0.2921,-0.5431
-7.0153,-17.8852,4.3119,-2.4192,-0.0704,-0.0239
-8.3273,-20.2818,4.8099,-2.0166,0.1574,0.5411
-8.2555,-22.6688,1.8842,-1.1278,0.3724,1.2595
-7.3888,-23.4494,-1.6304,-0.7949,0.2423,1.48
-9.8715,-20.5404,-3.9145,-0.8084,0.5636,0.5698
-9.9027,-13.6999,-2.6767,-1.162,0.7506,-1.0953
-8.2794,-12.2705,-1.4676,-1.2806,0.7878,-2.4704
-3.4811,-10.6042,-1.209,-1.0112,0.7053,-2.8723
0.3088,-9.692,-1.8842,-0.2293,0.8526,-2.4905
4.0366,-9.8763,-1.5729,0.1549,0.8355,-2.3897
4.5968,-10.1325,-1.2162,0.3406,0.6998,-2.4917
4.2568,-10.2403,-0.9504,0.4017,0.505,-2.7544
1.8507,-9.6106,-0.0407,0.3937,0.2002,-3.0928
-0.2322,-7.542,2.296,0.2257,-0.4772,-3.3683
-0.3974,-6.977,2.5402,0.0633,-1.1589,-3.2248
-1.5179,-5.368,2.6384,-0.0515,-1.8174,-2.9206
-2.6144,-4.3718,2.5067,-0.1425,-2.3067,-2.5547
-3.3423,-3.699,3.4404,-0.2439,-2.4649,-2.1411
-3.3351,-3.6679,3.4189,-0.3734,-2.3642,-1.7141
-3.3949,-3.5027,3.1938,-0.5585,-2.2383,-1.1442
-3.3255,-3.3111,2.9759,-0.7369,-2.3464,-0.8803
-2.8491,-2.8898,2.5737,-0.9837,-2.6623,-0.7099
-2.7964,-2.5953,2.4181,-1.2537,-3.1381,-0.6292
-3.0765,-2.2625,2.8012,-1.4937,-3.6256,-0.642
-3.8043,-1.9297,3.1483,-1.6049,-3.8308,-0.7105
-4.5872,-0.984,3.3806,-1.3612,-3.5724,-0.7722
-4.8745,-0.5746,3.0526,-0.9831,-3.2713,-0.7453
-5.4303,-0.2585,1.9488,-0.5182,-3.0514,-0.6811
-5.3106,-0.1149,0.9193,-0.046,-2.898,-0.5773
-4.7548,-0.4596,-0.6871,0.3094,-2.6568,-0.4038
-4.8434,-0.9265,-1.4245,0.7095,-2.3196,-0.1198
-5.1669,-2.2744,-3.0573,0.9429,-2.2212,0.0866
-5.3513,-3.9504,-6.2132,1.1329,-2.1436,0.3413
-4.6088,-8.5356,-13.8627,1.2514,-2.0025,0.659
-3.62,-9.6225,-15.0912,1.2337,-1.8675,1.0212
4.5753,-16.4655,-18.5341,1.0394,-1.9048,1.3633
11.8659,-23.0495,-19.9586,0.164,-2.4179,1.2497
5.9187,-27.7736,-8.8229,-0.5219,-2.0337,0.3505
4.7596,-27.2828,-6.953,-1.0948,-0.3562,-0.8528
2.5881,-20.9211,-6.5364,-0.9055,1.3101,-1.5999
1.9608,-13.4054,-6.4478,0.1592,1.475,-1.5186
2.1523,-7.3648,-5.9139,0.3919,0.2985,-1.1173
2.2912,-4.7237,-6.309,-0.0411,-0.3819,-1.0519
1.786,-2.1619,-7.779,-0.4467,-0.5248,-1.11
1.8171,-5.7224,-4.4771,-0.6556,-0.2762,-1.1619
0.5363,-14.2481,9.0312,-0.5573,0.4353,-1.0525
0.0502,-18.989,10.0248,0.1378,1.596,-0.763
-4.8434,-30.412,-9.2993,1.4634,3.0523,-0.3323
-7.5923,-32.4255,-7.8844,0.679,2.5752,-0.2511
-7.2738,-9.443,8.8229,-1.9959,2.3932,-0.2596
-8.2842,-4.2137,6.6513,-3.3978,1.6204,-0.2432
-9.9218,0.1939,4.8123,-2.3184,-2.1797,-0.3226
-8.8899,0.984,4.0821,-0.2793,-6.1808,-0.4667
-8.593,-3.9719,10.2642,1.0932,-3.8925,-0.0794
-8.7942,-4.9467,10.3432,1.6851,0.0371,0.4348
-10.6401,-7.8125,9.3089,2.3002,2.1384,1.1972
-10.1612,-10.609,6.9889,2.6454,2.9075,1.8257
-3.5314,-15.4647,6.4167,2.6894,3.0969,2.5209
-2.5881,-16.4296,5.9522,2.4731,2.6821,3.2698
-2.5881,-16.4296,5.9522,2.2941,1.3187,2.483
-0.6703,-19.8365,-1.4269,2.2941,1.3187,2.483
0.1795,-17.7416,-2.9017,1.8958,0.4097,1.5955
0.4237,-15.6012,-0.4429,1.3045,-0.2628,0.8447
-0.2657,-12.4166,2.0901,0.9869,-0.4265,0.4012
-0.7805,-10.0966,2.059,1.803,-0.6421,0.2961
-1.64,-7.3912,-0.4692,2.368,-0.8345,0.4379
-1.9033,-6.2204,-1.5322,2.5935,-1.0642,0.6168
-2.2433,-4.8889,-2.5115,2.544,-1.0936,0.8349
-2.296,-4.8075,-1.5466,2.3448,-0.6928,1.086
-2.9209,-5.9929,-0.0023,2.0345,0.4482,1.4183
-3.0957,-6.3233,0.1244,1.9728,1.147,1.5325
-3.347,-6.5173,0.4812,1.9673,1.5771,1.5667
-2.9735,-6.6944,0.6416,1.8842,1.6302,1.5936
-2.3798,-6.5268,0.972,1.7578,1.4219,1.626
-2.1356,-6.4167,0.9696,1.682,1.238,1.6492
-1.8195,-6.1893,0.7709,1.6533,1.0755,1.6333
-1.8243,-5.9666,-0.4477,1.591,0.9894,1.5845
-1.051,-7.3097,-3.7804,1.511,0.9656,1.557
-0.9265,-7.6569,-3.8067,1.3112,0.9405,1.5869
-0.2394,-9.3424,-2.6791,0.9814,0.9472,1.6138
0.62,-10.4892,-0.3615,0.77,1.1232,1.6107
1.7812,-11.581,2.1092,0.8885,1.5331,1.5179
2.3247,-12.079,2.5617,1.0608,1.6064,1.3682
2.7078,-12.4501,1.9033,1.1622,1.5416,1.1507
2.9089,-12.146,-0.1675,1.1689,1.5099,0.9052
2.6096,-10.6209,-6.4981,1.1378,1.7078,0.6883
2.3894,-9.8811,-7.7527,0.9832,2.2606,0.5252
2.3989,-9.3424,-4.3382,0.5251,2.5031,0.5161
2.4277,-9.7614,-0.4668,-0.0283,2.4897,0.5319
3.2656,-11.0232,1.865,-0.2622,2.2075,0.5362
3.8666,-11.2985,1.6472,-0.247,1.7603,0.524
5.6242,-12.0407,-0.0263,-0.1468,1.4274,0.4806
7.1134,-12.7039,-1.6543,-0.0973,1.2673,0.2687
8.5906,-14.2625,-2.1404,-0.1645,1.3382,-0.0092
8.6888,-15.0553,-1.9177,-0.3624,1.3174,-0.3501
8.7846,-16.59,-1.0462,-0.7314,1.0034,-0.7386
7.9562,-17.2077,-1.2018,-1.0906,0.5697,-1.1228
3.4213,-14.6121,-3.3207,-1.3758,-0.0661,-1.6292
2.7078,-14.0087,-3.8139,-1.5652,-0.509,-1.7923
0.1197,-11.5259,-3.7732,-1.8144,-0.7441,-1.7581
-0.0837,-10.9705,-0.3998,-2.1443,-0.4521,-1.675
-3.2202,-11.9569,0.8379,-2.5053,-0.1882,-1.5889
-5.0903,-13.2689,0.3232,-2.6581,-0.2579,-1.5724
-7.9083,-15.922,-0.4046,-2.4687,-0.1204,-1.2926
-9.3328,-18.8166,0.4668,-2.2421,-0.0251,-0.8907
-10.4677,-24.7545,3.359,-1.9519,-0.0197,-0.3946
-11.2722,-26.0593,3.4787,-1.6593,-0.2218,0.0457
-16.1447,-26.385,0.9696,-1.2989,-0.038,-0.2914
-17.4902,-21.8788,-0.4501,-1.0454,0.7005,-1.5321
-11.1955,-13.7573,-1.628,-1.1749,1.0493,-2.8186
-7.7742,-12.4405,-2.047,-1.082,1.2435,-2.967
-4.0988,-10.2738,-1.7645,-0.7088,1.3229,-2.6353
-0.9816,-9.2395,-1.209,-0.2238,1.6534,-2.4197
3.5242,-10.1588,-2.0829,0.2832,2.0303,-2.3445
4.1802,-10.7191,-2.1667,0.9398,2.4127,-2.5058
4.707,-11.7175,-2.7629,1.1237,2.1965,-2.8265
3.4308,-12.0239,-2.8083,1.0944,1.5709,-3.2071
-0.1556,-10.1708,0.1843,0.8336,0.6583,-3.5235
-0.4596,-9.4909,0.8068,0.4524,-0.3214,-3.6084
-1.628,-7.1948,1.7238,0.106,-1.2395,-3.4025
-2.8347,-5.5668,2.0278,-0.2103,-2.0795,-2.7721
-3.5458,-3.7948,2.9209,-0.3636,-2.2994,-2.2932
-3.5673,-2.9424,2.9616,-0.5255,-2.4057,-1.8222
-3.7325,-2.0183,3.0621,-0.6923,-2.5657,-1.3977
-4.0102,-1.2425,3.0765,-0.8817,-2.7386,-1.0568
-4.3813,-0.407,2.2457,-1.2054,-3.1571,-0.7019
-4.1228,-0.134,2.1332,-1.4156,-3.4087,-0.5272
-4.4532,0.5003,2.2266,-1.5939,-3.5773,-0.3708
-4.8267,1.2785,2.691,-1.6263,-3.57,-0.2603
-5.1813,2.4564,3.0142,-1.4345,-3.2988,-0.1295
-5.1358,2.7341,2.9376,-1.0173,-2.9164,0.0219
-5.0712,3.1723,2.375,-0.2225,-2.2719,0.2326
-5.064,2.8155,1.4149,0.1995,-1.9036,0.3658
-3.5434,0.237,0.0047,0.4731,-1.7466,0.5454
-3.3111,-0.1963,-0.1651,0.6191,-1.7478,0.7751
-2.8443,-2.2002,-1.8387,0.7065,-1.8083,0.9626
-2.9496,-4.1898,-4.707,0.8812,-1.9402,1.1422
-0.1005,-11.2027,-12.9409,0.9148,-2.1791,1.2674
1.0941,-12.7494,-14.3056,0.7413,-2.6885,1.4452
11.0591,-22.1206,-21.9362,0.3833,-3.6653,1.5912
16.3793,-30.6586,-27.697,-0.1834,-4.9047,1.4391
2.2385,-34.7027,-9.1892,-1.1058,-4.5449,0.4263
1.1324,-29.3873,-1.9895,-2.2256,1.921,-1.6958
1.5993,-17.0137,-3.0597,-0.9629,3.4359,-1.7728
1.391,-10.2211,-3.9432,0.274,1.538,-1.628
0.7086,-2.387,-6.8596,0.4255,-0.3947,-1.5834
1.1156,0.4477,-9.1844,0.0498,-0.8755,-1.5602
1.968,1.0271,-3.9049,-0.5487,-0.4008,-1.5382
0.4046,-3.0286,4.5968,-1.371,1.0108,-1.595
-7.5779,-12.8499,2.7126,-0.6294,1.6522,-1.617
-10.3456,-17.1789,-2.8754,0.7279,1.1708,-1.3506
-5.7296,-28.0393,-7.9634,1.3192,0.607,-0.6885
1.6903,-36.8216,2.0733,0.197,0.2973,0.287
-5.8948,-17.2795,1.0726,-1.3148,2.3828,0.0836
-6.4742,-14.4349,1.2425,-0.4119,2.0425,-1.1204
-6.6346,-6.0815,5.5045,-0.181,-0.3764,-1.4521
-7.4175,-0.8571,5.0185,-0.6562,-2.0856,-0.9255
-6.716,-1.312,7.4007,-0.4968,-2.3489,-0.4209
-7.0512,-2.1763,7.9921,0.0535,-2.0709,0.097
-9.0192,-4.1204,7.7144,0.7022,-1.3605,0.6767
-9.8763,-6.4311,6.7639,1.2813,-0.8071,1.0316
-7.1326,-11.1955,3.6367,1.7498,-0.3312,1.6113
-5.6889,-13.9393,1.3503,2.0076,0.0688,2.2662
-3.5529,-18.1654,-1.2186,2.051,0.4793,2.6779
-2.0542,-20.5787,-1.8507,1.8067,1.0658,2.5808
-1.1851,-19.0153,0.4908,1.6344,1.2704,1.9803
-1.1635,-16.3099,1.4891,1.6802,1.0566,1.2418
-1.3862,-12.3136,1.288,1.9527,0.519,0.7219
-1.6711,-9.8213,0.2298,2.2031,-0.1766,0.4672
-1.2665,-7.4103,-1.2042,2.2844,-0.8211,0.4134
-1.4939,-7.1757,-1.6615,2.1549,-1.3245,0.5918
-1.7238,-7.2643,-2.0063,1.9979,-1.2689,0.7647
-2.2122,-7.9873,-1.4317,1.8855,-0.8529,1.0102
-0.7445,-8.0783,-1.0462,1.8855,-0.2255,1.3493
-0.5722,-7.9993,-0.8858,2.0822,0.483,1.7152
-0.2585,-7.6521,-0.3375,2.3509,0.9778,1.8691
-1.4556,-6.2587,0.0335,2.4206,0.9699,1.6327
-3.2704,-4.8554,-0.4165,2.2184,0.6797,1.3316
-3.2728,-4.8769,-0.328,1.9795,0.4751,1.1226
-3.2728,-4.8769,-0.328,1.7486,0.3602,1.1678
-2.5306,-5.6554,0.6177,1.7486,0.3602,1.1678
-2.1667,-5.8613,0.5841,1.6998,0.2594,1.3261
-2.0087,-6.036,0.3495,1.6222,0.2222,1.3792
-1.7453,-6.4,0.0622,1.5177,0.2771,1.4262
-1.8914,-7.0488,-0.158,1.4328,0.5545,1.466
-1.731,-8.5883,0.2489,1.3778,1.0218,1.5014
-1.2354,-9.3352,0.5027,1.2941,1.4463,1.5301
0.2035,-10.1995,0.7134,1.2251,1.833,1.5521
1.2066,-10.3312,0.395,1.2062,1.8263,1.4714
1.2425,-9.8021,-0.984,1.2025,1.7108,1.2711
1.0223,-9.6896,-1.616,1.1848,1.6333,1.0115
0.8786,-9.8907,-2.1835,1.0974,1.6522,0.7861
1.5993,-10.5826,-0.9911,0.7163,1.7304,0.6297
3.8857,-12.1412,1.4197,0.3791,1.662,0.5881
4.3215,-12.4932,1.6065,0.1708,1.5123,0.5008
5.4064,-13.64,1.5753,0.1176,1.3089,0.3322
5.6913,-14.6528,0.6153,0.1219,1.0627,0.061
3.7708,-15.5988,-1.209,0.1366,0.8562,-0.2786
3.6176,-15.5126,-1.2066,0.1317,0.8458,-0.708
3.4165,-14.2553,-1.0007,-0.0381,0.7371,-0.7777
4.0438,-12.9194,-0.8044,-0.1981,0.6131,-0.6818
4.2137,-12.8427,-1.2904,-0.2641,0.6137,-0.5376
3.6032,-13.4341,-2.4325,-0.4052,0.5349,-0.4582
2.5163,-13.1947,-4.841,-0.6159,0.4482,-0.4368
1.8579,-12.723,-7.4558,-1.0826,0.4146,-0.3898
1.7621,-11.1572,-6.5029,-1.5744,0.3724,-0.4124
1.7788,-10.2594,-4.7548,-2.1657,0.3602,-0.4844
1.1731,-9.8428,-1.8794,-2.5976,0.4439,-0.6103
-0.2609,-10.4749,0.5219,-2.8041,0.4653,-0.7777
-1.968,-12.6823,1.5562,-2.9403,0.2771,-0.9554
-2.5522,-13.5706,1.7118,-2.9268,0.1543,-0.9279
-4.9898,-16.08,1.6567,-2.8157,0.1892,-0.8418
-8.3847,-19.1805,1.1755,-2.5414,0.4115,-0.716
-9.6321,-25.0059,2.8179,-2.1596,0.5441,-0.4557
-10.6544,-25.1687,2.4325,-1.8291,0.3223,-0.1167
-14.6025,-23.2578,1.0749,-1.2586,0.6168,-0.9511
-13.5945,-17.6267,-1.2785,-1.1706,1.1977,-1.8448
-5.8301,-12.1101,-2.0518,-1.1517,2.1354,-2.3195
-4.264,-11.7247,-1.956,-1.0496,2.7475,-2.441
-0.577,-11.253,-1.1228,-0.809,2.5972,-2.3855
1.2928,-11.3751,-2.2457,-0.3771,1.494,-2.4062
3.5673,-11.4421,-3.9432,-0.1132,0.6235,-2.5229
4.6974,-11.2889,-3.8953,0.0199,0.2038,-2.6616
2.5785,-10.4031,-1.5825,-0.0002,0.2307,-2.8528
0.5698,-9.2921,0.8116,-0.1211,0.3431,-3.0947
-0.9145,-7.3744,1.6089,-0.2183,0.0835,-3.1258
-1.4963,-6.3808,1.5658,-0.2677,-0.9598,-2.766
-2.4947,-5.0712,1.6376,-0.341,-1.5621,-2.4441
-3.2034,-4.4412,1.719,-0.4418,-1.7875,-2.1234
-3.1699,-4.446,2.6096,-0.5445,-1.7624,-1.7789
-3.11,-4.671,2.6982,-0.6508,-1.7515,-1.4411
-2.885,-4.7596,2.5354,-0.7699,-2.1045,-1.0806
-2.7629,-4.422,2.2912,-0.8768,-2.4766,-0.9603
-2.8083,-3.3566,1.968,-1.0399,-2.9048,-0.9536
-2.8131,-3.2082,1.9393,-1.2396,-3.275,-1.0147
-3.3854,-2.636,2.229,-1.4198,-3.4368,-1.0776
-4.0773,-2.0087,2.8874,-1.4669,-3.2469,-1.1216
-5.2914,-0.7134,2.9281,-1.1706,-2.6274,-1.0098
-5.2914,-0.7134,2.9281,-0.1712,-2.1656,-0.606
-5.5428,0.3351,2.0733,-0.1712,-2.1656,-0.606
-5.2986,0.7852,1.2449,0.34,-2.0263,-0.3562
-4.6998,0.3423,0.4692,0.7108,-1.8602,-0.1149
-4.4915,-0.316,0.0957,0.9612,-1.7197,0.1208
-4.0485,-1.6472,-0.893,1.1616,-1.672,0.3756
-3.3518,-3.3782,-2.5905,1.4646,-1.6391,0.805
-2.3223,-5.9115,-7.2595,1.6283,-1.6256,1.0738
-1.3838,-7.0416,-9.9242,1.7218,-1.702,1.2747
2.5929,-10.7526,-16.1159,1.6381,-1.9121,1.4049
11.016,-18.1701,-22.0224,1.2526,-2.3855,1.3865
15.5533,-29.3609,-25.1256,0.0144,-3.2023,0.7854
11.4661,-31.6474,-16.9323,-0.8328,-1.8968,-0.4038
2.1021,-31.001,-3.1938,-1.4754,1.2954,-1.7636
1.7573,-21.3856,-4.2688,-0.7882,2.7004,-2.223
2.4157,-9.771,-6.1581,0.2722,1.563,-1.752
2.4995,-7.293,-6.2324,0.3247,-0.2719,-1.3781
1.6711,-2.6575,-6.2467,-0.3038,-0.5566,-1.3861
-0.1699,-1.5658,-6.8261,-0.5927,-0.038,-1.4954
1.0821,-13.7885,7.0703,-0.5982,0.6559,-1.4264
1.4221,-15.5533,10.1708,-0.2873,1.3406,-0.9951
2.0398,-24.6755,4.7524,0.4744,2.5153,-0.4936
-1.3718,-29.2676,-6.977,1.3894,2.651,-0.3232
-7.6138,-16.8869,5.2531,0.0529,1.7719,-0.8296
-8.0927,-7.4845,2.8467,-1.6538,2.089,-0.9347
-8.921,1.1133,3.3207,-2.0496,0.72,-0.5871
-10.336,0.4189,6.6609,-1.5481,-2.7056,-0.2731
-10.7789,-3.596,8.4566,0.238,-5.8876,-0.1155
-11.7701,-5.0975,7.0344,2.0761,-3.0233,0.4684
-12.0574,-7.7814,3.4189,2.6472,-0.3416,1.0084
-9.6082,-10.8388,2.0757,2.6216,1.194,1.7677
-4.2066,-15.9675,5.234,2.1823,1.9124,2.5899
-3.3063,-16.8797,5.4925,1.7352,2.161,3.1312
-1.8124,-19.0368,2.9257,1.5965,2.07,3.2039
-2.0302,-18.7567,-0.6248,1.8042,1.3742,2.3682
-1.8028,-14.2003,1.0606,1.7663,0.7017,1.5625
-1.7142,-13.5945,1.13,1.6002,0.0126,1.042
-1.312,-11.1812,1.3694,1.5959,-0.6739,0.8215
-1.7405,-9.2107,0.9983,1.7089,-1.099,0.7256
-2.782,-7.4103,-0.0933,1.9056,-1.165,0.7152
-2.6982,-7.4103,-0.0837,2.0027,-0.8852,0.8227
-2.5546,-7.5133,0.7469,2.0858,-0.2487,0.9919
-2.861,-8.0974,0.6153,2.1304,0.5313,1.1123
-3.1316,-8.7223,0.2059,2.1591,1.2148,1.1544
-3.2776,-8.5763,0.3687,2.0895,1.7713,1.1391
-2.9855,-8.0304,0.8882,1.8513,2.1232,1.0835
-2.4492,-7.4773,1.1109,1.6857,1.9918,1.0958
-1.5418,-6.6035,1.1204,1.5984,1.7658,1.1239
-1.0079,-6.5891,1.0127,1.6081,1.6284,1.1654
0.0119,-6.728,0.8116,1.6478,1.6314,1.2131
0.8355,-6.9363,0.4788,1.5984,1.6186,1.221
1.3431,-7.6258,-0.4788,1.376,1.5435,1.1092
1.118,-7.9035,-0.869,1.2043,1.5117,0.9858
0.6655,-8.617,-1.3599,1.0571,1.5294,0.8765
0.7038,-9.4789,-0.6871,0.9374,1.5593,0.849
2.2936,-10.4605,1.9584,0.8519,1.5343,0.9003
2.7006,-10.5683,2.5019,0.8769,1.2545,0.9663
2.9975,-10.5898,2.873,0.9716,0.8898,0.9003
2.7006,-10.2762,2.0422,1.0608,0.5319,0.7555
1.0917,-10.1301,-1.7453,1.0956,0.4036,0.6113
0.802,-10.1684,-2.4564,1.0791,0.665,0.535
-0.0191,-10.2474,-5.2938,1.0022,1.2069,0.5759
0.7613,-10.0918,-5.1023,0.6711,1.9326,0.8966
2.6001,-9.9865,-2.2098,0.4347,2.0541,1.1129
3.8666,-10.2163,-0.5171,0.3186,1.7322,1.1147
4.616,-11.3943,0.5602,0.2929,1.1788,0.9864
5.0664,-12.3974,2.1045,0.1457,0.5563,0.7494
4.8964,-13.4006,2.4875,-0.261,-0.0099,0.2796
4.1563,-13.9465,1.0558,-0.316,0.0187,-0.0574
1.9201,-14.4947,-4.0174,-0.134,0.37,-0.3305
1.1563,-13.8579,-6.4191,0.0718,0.8666,-0.4148
4.0653,-14.0686,-1.0031,-0.0362,1.1598,-0.2535
4.3215,-14.1811,-0.462,-0.4528,0.9509,-0.0611
3.4524,-13.5945,-1.7118,-0.7381,0.4622,-0.292
2.7078,-12.9888,-3.9959,-0.823,0.4317,-0.6433
2.5498,-11.672,-4.1898,-1.0997,0.6498,-0.8833
2.4995,-11.3966,-3.7134,-1.6043,0.8904,-1.0623
1.8555,-11.5595,-2.4564,-2.1694,0.9405,-1.2651
0.2968,-12.4381,-1.2066,-2.6495,0.8623,-1.4911
-3.5386,-14.4636,-0.5315,-3.0863,0.7609,-1.8064
-4.6782,-14.9715,-1.0175,-3.0747,0.8147,-1.8797
-7.7215,-16.985,-2.0159,-2.7637,0.9827,-1.8228
-10.2067,-19.0416,-0.4381,-2.3881,1.0303,-1.573
-11.1596,-23.1333,3.5075,-2.0875,0.706,-1.0941
-12.4525,-24.091,3.2273,-1.5396,-0.06,-0.3788
-15.5748,-22.0057,0.7445,-1.0289,0.1464,-0.8534
-14.5761,-17.392,-1.7908,-0.8474,0.8868,-1.6396
-7.4462,-12.4788,-1.5873,-0.892,2.1904,-2.1038
-3.845,-11.5331,-1.0941,-0.8676,3.3339,-2.226
0.6895,-10.7957,-1.5011,-0.6275,3.3883,-2.0379
3.5242,-10.5778,-3.0454,-0.068,2.0419,-2.0214
5.5021,-10.2953,-3.8067,0.1683,1.1171,-2.1881
5.3106,-10.166,-3.1483,0.219,0.7444,-2.4691
3.2968,-9.7638,-0.5506,0.1133,0.7896,-2.8234
1.1468,-9.0575,1.6328,-0.0643,0.7029,-3.1356
-1.5203,-6.9506,2.3965,-0.2201,-0.1974,-3.1765
-1.9369,-6.2395,2.3367,-0.2824,-1.0306,-2.9267
-2.9233,-5.1167,1.944,-0.3765,-1.6959,-2.5156
-3.7062,-4.4101,2.0111,-0.5084,-2.0098,-2.058
-3.6439,-3.7972,2.5761,-0.7027,-2.0654,-1.6048
-3.6367,-3.6798,2.5785,-0.9281,-2.0844,-1.1674
-3.6559,-3.189,2.1523,-1.3038,-2.4662,-0.705
-3.3614,-2.5905,1.8291,-1.6013,-2.9194,-0.5376
-3.2345,-2.0542,2.0422,-1.9006,-3.3489,-0.4551
-3.6703,-1.6663,2.5234,-2.1101,-3.5529,-0.4716
-4.118,-0.8307,3.6846,-2.1321,-3.3996,-0.5516
-4.8243,-0.0167,4.3502,-1.6642,-2.6397,-0.6207
-5.3202,0.802,3.4284,-0.9678,-2.2408,-0.5816
-5.0161,1.0151,2.8347,-0.1737,-1.9555,-0.438
-4.7788,0.8403,2.0805,0.4628,-1.6708,-0.2358
-4.4556,-0.0646,1.4772,0.8879,-1.4576,-0.0336
-2.8802,-2.4133,0.2442,1.1701,-1.3031,0.1685
-2.284,-3.3423,-0.4812,1.4597,-1.2096,0.4513
-1.8387,-4.7572,-2.2146,1.6075,-1.2554,0.5643
-2.0135,-6.4167,-5.3489,1.7163,-1.3581,0.6272
-1.5658,-11.9665,-16.8725,1.7682,-1.5596,0.6956
-0.3399,-13.6807,-19.0752,1.682,-2.0117,0.8148
9.5196,-23.7774,-26.2509,1.42,-2.8773,1.0396
20.787,-35.2558,-29.7704,-0.0674,-3.6005,1.0432
4.695,-35.3946,0.7445,-1.9049,-2.1088,-0.3378
4.0318,-32.0616,1.3144,-3.0551,1.9491,-2.1875
2.5594,-17.4974,-2.964,-1.6239,2.8336,-2.7092
2.0661,-8.1214,-4.6543,0.1005,0.5111,-2.2987
0.6464,0.067,-4.9682,0.2911,-1.4124,-1.7752
-0.4477,3.1124,-4.1132,-0.1211,-1.0074,-1.5473
-2.9017,5.5356,-2.8036,-0.4211,-0.0557,-1.3213
-3.4787,5.9067,1.3383,-0.4797,0.687,-1.0562
-3.9097,1.707,9.0455,-0.3392,1.1268,-0.6683
-4.9155,-1.9105,7.1278,0.2746,1.1892,-0.2389
-3.0502,-13.0989,0.7278,2.0895,0.921,0.4672
0.5841,-30.8286,-12.0934,2.7621,0.5349,0.9174
-0.8307,-38.9979,2.9041,2.131,0.3156,1.0377
-0.2442,-34.3193,9.3903,0.216,1.7292,0.637
-1.7908,-17.7775,4.4005,-0.9715,3.9277,0.1886
-5.3944,-6.7136,-3.1244,-0.6477,0.166,-0.1924
-6.0839,-0.7182,6.5197,-0.517,-3.2884,-0.2126
-6.285,-0.6057,7.3265,-0.1059,-4.774,0.064
-8.0663,-0.9313,5.6242,0.7798,-4.1839,0.3811
-10.2331,-2.375,4.2664,1.7169,-2.8736,0.6431
-11.0974,-6.7399,4.8099,2.1084,-1.443,0.9705
-9.9984,-8.0687,4.5801,1.9472,0.7506,1.783
-7.1326,-11.4254,4.0964,1.8213,1.8843,2.3816
-5.0065,-14.2984,2.7341,1.671,2.472,2.6559
-2.8131,-16.42,0.0933,1.5031,2.519,2.516
-1.391,-16.2715,-0.8283,1.3186,2.1134,2.1239
-0.0167,-14.8135,-0.2801,1.2398,1.216,1.6853
-0.0143,-12.9409,0.5051,1.591,-0.2414,1.1654
-1.2761,-9.8739,0.8092,1.8757,-0.4955,0.8588
-1.6136,-8.9426,0.6009,2.0498,-0.3538,0.6621
-1.5993,-7.7,0.6799,2.1029,-0.0826,0.6449
-1.5131,-7.1493,0.7589,2.0467,0.2063,0.7549
-0.9169,-7.1445,1.1851,1.8922,0.6046,0.9876
-0.9313,-7.2523,1.4796,1.7584,0.7964,1.1343
-1.2928,-7.5516,1.7357,1.591,0.9356,1.1917
-1.5849,-7.8844,1.786,1.3974,0.9918,1.1911
-1.5227,-8.2842,1.7549,1.2715,1.1067,1.1892
-1.3383,-8.3776,1.7357,1.2673,1.2722,1.21
-0.8978,-8.5236,1.549,1.3571,1.3724,1.2418
-0.0814,-8.6864,1.0055,1.3943,1.2863,1.2418
1.0438,-8.8349,0.1651,1.3846,1.1385,1.2179
1.1779,-8.787,-0.067,1.3473,1.0364,1.1349
1.3694,-8.6601,-0.9888,1.3216,1.0609,1.0023
1.0606,-8.5092,-1.8243,1.2129,1.1769,0.8007
1.1276,-9.0431,-1.4077,1.0883,1.2417,0.7219
1.3958,-9.6369,-0.2154,0.9789,1.2111,0.7121
1.5394,-10.3217,1.1013,0.9453,0.957,0.7079
1.2306,-10.5515,1.6112,0.993,0.5044,0.6694
0.1628,-10.3887,0.9241,1.0657,0.0749,0.6095
-0.6296,-10.1301,-0.1484,1.1347,-0.0215,0.5735
-1.4772,-9.8907,-2.2433,1.1048,0.3211,0.6547
-2.0231,-10.0583,-3.8019,0.9887,0.8275,0.8508
-1.0342,-10.0655,-3.0047,0.814,1.3156,1.0402
0.1651,-9.9841,-1.8914,0.6301,1.5465,1.1843
2.4516,-10.2498,-0.1053,0.5373,1.4683,1.2589
4.0294,-11.2578,1.3311,0.4066,0.8898,1.1776
5.1669,-13.1684,4.2999,0.1805,0.3975,0.9394
5.0568,-13.6304,4.3071,-0.0686,-0.0655,0.5765
4.4077,-15.0768,3.4093,-0.192,-0.4265,0.1587
2.8921,-16.25,1.2138,-0.1627,-0.5193,-0.2157
-0.4094,-15.5581,-7.4486,0.307,0.4115,-0.5107
0.158,-15.254,-6.6681,0.5819,1.2967,-0.3653
3.4021,-14.217,-1.0127,0.1592,1.3932,0.0823
4.1347,-13.3575,0.9696,-0.2531,1.0047,0.3346
3.7636,-12.7733,-1.3359,-0.2567,0.4757,0.1758
3.7134,-12.4357,-3.3446,-0.1883,0.0749,-0.1179
4.0078,-12.0886,-4.7644,-0.5353,0.1751,-0.4832
3.845,-11.5595,-4.2736,-1.0264,0.6846,-0.7276
3.1028,-11.0327,-3.2561,-1.5799,1.0511,-1.0177
2.7772,-11.1237,-2.4037,-2.0997,1.0028,-1.3024
1.154,-11.9473,-1.3024,-2.5487,0.7567,-1.5547
-1.4532,-12.8332,-1.0773,-2.889,0.4115,-1.9108
-6.7519,-14.0877,-1.3551,-2.87,0.4011,-2.0287
-7.6856,-14.6791,-1.4053,-2.688,0.5471,-1.9169
-9.6225,-16.5349,-1.2545,-2.4155,0.7127,-1.5431
-10.4078,-19.0632,0.055,-2.1688,0.7084,-1.0257
-13.0702,-20.0879,1.7884,-2.0362,0.2631,-0.5113
-14.5043,-19.1278,1.5705,-1.6147,-0.118,-0.7954
-14.8542,-15.9148,0.6081,-1.3765,0.2179,-1.5425
-12.1269,-12.8284,-1.0965,-1.2806,1.1672,-1.9059
-2.4899,-11.1357,-2.782,-1.1877,2.3987,-1.9035
-0.8044,-11.2434,-2.6072,-1.0307,3.1751,-1.5968
1.5921,-11.7366,-2.1021,-0.8523,3.0999,-1.4514
2.782,-12.1245,-1.7286,-0.5359,2.2191,-1.7355
3.0645,-12.0407,-0.8331,-0.363,1.6094,-2.0635
2.6839,-11.4302,-0.1388,-0.2855,1.2191,-2.3812
1.5131,-10.1469,0.8427,-0.2702,0.9717,-2.6365
0.2082,-9.036,1.2976,-0.3013,0.6583,-2.796
-1.4844,-7.2738,1.1707,-0.4052,-0.0123,-2.7764
-2.035,-6.6896,0.972,-0.5396,-0.4118,-2.5724
-3.1483,-5.9091,1.3239,-0.7399,-0.6214,-2.2749
-3.6104,-5.4686,1.9225,-0.9953,-0.7197,-1.9481
-4.0054,-4.6591,1.98,-1.25,-0.8681,-1.617
-3.9456,-4.3742,1.798,-1.4724,-1.1888,-1.3531
-3.6439,-3.517,1.1204,-1.7644,-1.9738,-1.1069
-3.6128,-2.9568,1.6519,-1.9464,-2.5352,-1.0648
-4.6112,-1.4556,2.8826,-2.0728,-2.8925,-1.1155
-4.513,-1.2138,2.8802,-1.9238,-2.9109,-1.1576
-4.501,-0.2178,2.5641,-1.4437,-2.7185,-1.047
-4.1276,0.8403,2.3535,-0.5823,-2.2505,-0.7208
-4.3095,1.7501,1.8171,-0.1462,-1.9225,-0.4704
-4.2161,1.695,1.7022,0.1396,-1.6769,-0.2291
-3.7612,1.1947,0.893,0.329,-1.5267,0.0396
-3.0909,0.2274,0.4165,0.5177,-1.465,0.2986
-1.9608,-1.1731,-0.4094,0.7309,-1.3715,0.5075
-1.221,-2.3056,-1.6208,1.1072,-1.2444,0.684
-0.7613,-3.6918,-4.118,1.34,-1.2573,0.7323
-1.2832,-4.7477,-7.384,1.5061,-1.4246,0.7427
0.6009,-10.0679,-15.8454,1.5941,-1.8034,0.7928
5.0257,-15.0218,-20.8253,1.6094,-2.3825,0.9638
17.1957,-25.0274,-29.6459,1.3803,-3.4045,1.2137
16.1423,-32.629,-20.9618,0.3027,-2.4649,0.7176
4.0198,-35.4593,-0.5889,-1.4192,1.2832,-0.8705
3.6032,-29.2173,-1.0366,-1.5652,3.9405,-2.0501
3.1938,-17.9044,-6.0432,-0.4534,2.125,-2.058
3.1938,-17.9044,-6.0432,-0.6764,-2.3452,-1.559
0.1891,-1.4652,-7.5085,-0.6764,-2.3452,-1.559
-0.9002,-0.6703,-7.4271,-0.9385,-1.5041,-1.5565
-3.3446,-3.2321,-4.6543,-1.0386,-0.3233,-1.4685
-2.9065,-9.8668,5.4375,-0.8975,0.9436,-1.1485
-2.9065,-9.8668,5.4375,0.8201,2.7169,-0.1863
-7.4438,-24.1556,-2.7892,0.8201,2.7169,-0.1863
-9.9314,-17.6362,5.0544,-0.1688,2.4274,-0.0104
-8.6194,-6.5484,5.368,-1.1969,2.8812,0.1526
-7.5875,1.0726,-0.0071,-1.6556,1.0994,0.298
-6.637,2.0685,-0.553,-0.9165,-2.7466,0.3505
-5.6194,-0.8259,7.8939,0.4512,-5.3336,0.3627
-5.0688,-3.8666,12.067,1.8421,-1.6928,0.4959
-7.4821,-8.9067,5.9115,2.5385,1.0835,0.7427
-7.9442,-11.0926,2.2601,2.9716,2.2075,1.1459
-6.5029,-15.2157,-1.2856,2.9172,2.8605,1.6272
-2.9065,-17.507,1.9991,2.3509,3.194,2.1874
1.5275,-18.9411,0.9576,1.6161,2.9246,2.5899
1.4269,-18.7424,-0.7876,1.3259,1.3797,2.4
0.984,-16.8078,-1.0295,1.4139,0.2973,1.8813
0.2777,-14.3032,0.0981,1.3931,-0.2335,1.3951
-0.6751,-10.7526,1.0079,1.3552,-0.5768,1.1086
-0.7972,-10.1445,1.3168,1.34,-0.9341,1.0041
-1.1156,-8.7774,1.5394,1.3119,-1.2903,1.0322
-1.4676,-7.5276,0.9504,1.3736,-1.4802,1.0982
-1.8459,-6.8022,0.4836,1.4847,-1.4656,1.1562
-1.8842,-6.8932,0.6488,1.6399,-1.1168,1.1813
-2.2098,-7.3289,1.039,1.8299,-0.4173,1.1801
-2.8754,-7.6378,0.4501,1.9759,0.3413,1.1611
-3.6008,-8.0472,-1.0558,1.9313,0.9845,1.1489
-3.2034,-8.2626,-0.9696,1.6784,0.9534,1.2308
-2.3726,-8.4566,-0.407,1.3717,0.6876,1.3572
-1.6519,-8.5116,-0.1484,1.2062,0.4207,1.4183
-1.5179,-8.3369,0.3854,1.2019,0.3608,1.3817
-1.4245,-8.3249,0.5003,1.2813,0.5374,1.2729
-0.9193,-8.2363,0.8858,1.4163,0.954,1.1269
-0.395,-8.1812,0.7422,1.4493,1.1268,1.0603
0.0478,-8.2004,0.5386,1.4328,1.2191,0.984
0.055,-8.2243,0.2825,1.3393,1.2215,0.904
-0.4501,-8.2794,-0.5243,1.2233,1.1989,0.83
-0.8738,-8.538,-0.9504,1.0779,1.1898,0.8044
-0.1819,-9.4789,0.0766,1.0083,1.1036,0.9088
0.2729,-9.7997,0.4429,0.9594,0.7982,1.0664
0.9911,-10.2642,0.8571,1.0046,0.414,1.1831
1.3072,-10.3073,0.6009,1.1225,0.1666,1.1733
0.6751,-10.0583,-1.2808,1.2215,0.1623,1.0689
0.4979,-9.9458,-1.8028,1.1934,0.4879,0.8759
0.407,-9.8572,-3.1771,1.0437,0.83,0.8154
0.6943,-10.0296,-3.6248,0.8531,1.2289,0.8319
1.5442,-10.3193,-2.4708,0.6503,1.527,0.8526
2.3295,-10.7574,-0.9289,0.4512,1.5819,0.8343
3.1387,-11.3344,1.233,0.081,1.1122,0.7335
3.8498,-12.4333,2.6719,-0.1511,0.676,0.5698
3.4428,-14.3702,2.5139,-0.2647,0.2441,0.3444
2.8347,-15.187,1.4772,-0.2067,-0.0496,0.0842
2.0901,-15.9507,-0.79,-0.0313,-0.1699,-0.1155
1.9823,-15.8573,-2.126,0.1622,-0.0844,-0.1772
3.8666,-14.3846,-0.4333,0.2209,0.1317,-0.0519
4.2233,-13.9632,0.1771,0.0706,0.1476,0.0225
4.2999,-13.8818,-0.3375,-0.1107,-0.0111,-0.0849
3.3039,-14.2434,-2.2457,-0.2861,-0.1779,-0.3543
0.3782,-12.6033,-5.0712,-0.5255,-0.1149,-0.6805
-0.0119,-12.2634,-5.2316,-0.8371,0.2405,-0.967
-0.6871,-11.5714,-4.9706,-1.5811,0.6412,-1.1521
-0.9768,-10.9609,-2.9975,-2.1614,0.5282,-1.1875
-3.2728,-10.7287,-0.5626,-2.5945,0.4579,-1.2273
-3.7469,-10.7646,-0.5051,-2.7595,0.6192,-1.2835
-5.5237,-11.0471,-0.4668,-2.7161,0.9699,-1.2871
-6.364,-12.237,-0.7062,-2.4888,1.4524,-1.0684
-6.2755,-15.3594,-0.7445,-2.286,1.5838,-0.8613
-7.5516,-17.4447,-0.9121,-1.9995,1.5355,-0.8168
-10.8532,-18.2899,-0.1101,-1.6159,1.4274,-1.3561
-12.6273,-17.1885,1.0031,-1.3325,1.0364,-2.2602
-11.0351,-15.6251,0.4764,-1.1663,0.6797,-2.8094
-8.8588,-14.9045,-0.4979,-0.9501,1.1452,-2.4148
-3.9791,-13.3982,-1.3335,-0.8297,2.0346,-1.8265
0.1747,-12.9194,-1.9033,-0.7662,2.8678,-1.3995
4.3813,-13.1157,-2.4253,-0.6789,3.1286,-1.2969
4.5034,-12.9936,-2.6719,-0.5671,2.607,-1.4991
3.4883,-12.2921,-2.5857,-0.4174,1.2142,-2.102
1.1013,-10.992,-1.0726,-0.4198,0.6681,-2.4826
-0.7781,-8.8372,1.5298,-0.4632,0.4977,-2.661
-0.9696,-8.2219,1.7764,-0.4455,0.3608,-2.5718
-0.9145,-6.9171,1.5346,-0.3661,0.089,-2.3445
-1.403,-6.2324,0.9959,-0.2946,-0.2249,-2.0874
-3.1507,-5.9139,0.9169,-0.3716,-0.5786,-1.8106
-3.3231,-5.8852,1.0319,-0.586,-0.8028,-1.6371
-3.5218,-5.4638,1.4006,-0.8737,-1.0453,-1.4386
-3.5362,-4.6591,1.3455,-1.1712,-1.3965,-1.248
-3.2106,-3.2992,1.2785,-1.4437,-1.8889,-1.1283
-3.3997,-2.6024,1.4676,-1.776,-2.6311,-1.0923
-3.9887,-1.719,2.229,-1.8389,-2.8706,-1.1045
-4.4532,-0.8667,2.1859,-1.6379,-2.9158,-1.0587
-4.8458,0.2537,1.9273,-1.1718,-2.7539,-0.9456
-4.8817,0.6607,1.8579,-0.6483,-2.421,-0.7526
-4.6279,1.0869,1.6232,-0.2036,-2.0483,-0.5028
-4.4364,0.8643,1.4317,0.2056,-1.6262,-0.1008
-3.0861,-0.5482,1.0606,0.3681,-1.4595,0.155
-2.6479,-1.039,0.8882,0.5183,-1.4045,0.4116
-1.549,-2.0566,0.2513,0.7083,-1.3813,0.6205
-0.383,-3.4189,-1.2976,0.9276,-1.4143,0.7842
0.146,-5.7296,-7.5731,1.1573,-1.5047,0.8801
0.0167,-6.1055,-8.6864,1.4334,-1.8119,0.9058
0.7038,-9.2251,-14.7632,1.4676,-2.1778,0.9479
6.3928,-16.4966,-21.0767,1.3638,-2.7276,1.1196
17.1861,-33.6561,-26.045,1.1439,-3.2566,1.3181
13.2474,-36.1704,-17.7152,0.2557,-2.6164,0.9638
3.9288,-37.8415,-0.9409,-2.2286,2.5062,-1.3781
3.7852,-26.95,-1.3335,-1.6593,3.5495,-2.0672
4.2449,-13.1348,-5.9307,-0.3166,0.8324,-1.8143
3.7517,-7.1541,-6.139,-0.1816,-1.7655,-1.6866
1.7238,-1.9536,-5.4064,-0.6874,-2.4503,-1.8009
-3.0142,-0.0622,-4.0246,-1.0124,-2.0764,-1.8259
-6.455,-8.9306,0.5817,-1.06,-0.7539,-1.4197
-3.6966,-15.0074,4.0916,-0.5927,0.1134,-0.6121
-0.2178,-23.593,-4.9179,0.2166,1.2173,0.2167
-7.5659,-20.9115,-0.8212,0.555,2.1024,0.4342
-9.5028,-4.6399,6.3616,-0.4565,3.3583,-0.0941
-9.2586,-0.7086,4.513,-1.2506,2.9405,-0.1479
-6.8548,4.3885,-3.5075,-0.9165,-0.6372,-0.008
-7.4319,4.3239,3.371,-0.0955,-4.1735,0.1123
-7.4319,4.3239,3.371,1.8995,-1.6397,0.458
-5.2244,-3.8211,11.6289,1.8995,-1.6397,0.458
-7.8532,-8.5859,6.9219,2.8415,1.3535,0.6382
-10.1445,-13.8651,0.2992,3.2318,3.2148,1.279
-3.8642,-19.4247,2.3199,2.8115,3.5941,1.9583
-1.9345,-20.0544,3.3423,1.9007,3.2502,2.7561
1.8124,-20.8852,1.6184,1.2123,2.2618,3.1452
