bicicleta
-1.7453,-8.8468,1.5945,-0.9644,-2.1195,-0.6511
-1.9081,-9.4502,0.3591,-0.6144,-2.2624,-0.9938
-3.2369,-10.032,0.2178,-0.3847,-2.15,-1.1294
-3.2896,-9.8524,0.9026,-0.4024,-1.0816,-1.1991
-3.2848,-9.7447,1.0965,-0.3884,0.5468,-1.1178
-4.106,-9.9529,-0.1005,-0.163,1.4778,-1.0403
-3.7708,-9.103,-1.6543,0.0544,1.5157,-1.0421
-3.4261,-8.9091,-1.7908,0.226,1.0496,-0.9236
-2.3606,-8.0591,-2.9089,0.3012,0.8553,-0.7849
-2.2505,-7.5156,-3.5865,0.311,0.8413,-0.7305
-1.8579,-7.1996,-1.8315,0.1986,0.9427,-0.7403
-1.9393,-7.123,-1.6735,0.022,1.0984,-0.7562
-1.7932,-6.7734,-0.8714,-0.0848,1.2218,-0.8307
-1.6112,-6.6442,-1.7932,-0.0457,1.03,-0.8283
-1.0893,-6.546,-2.0733,0.022,0.8242,-0.824
-1.0797,-6.546,-2.1475,0.0385,0.8278,-0.8246
-1.0797,-6.546,-2.1475,0.0892,1.063,-0.9505
-1.0749,-6.7878,-2.3798,0.1081,1.2774,-1.1068
-1.1875,-8.3943,-1.2186,0.1081,1.2774,-1.1068
-1.0941,-9.3855,-1.2114,0.1992,1.1974,-1.2125
-1.3383,-10.8029,-1.1085,0.3091,0.9903,-1.3518
-1.5466,-12.0958,-1.7477,0.4075,0.6733,-1.5131
-1.9728,-13.4748,-3.0957,0.4967,0.2664,-1.6731
-1.9871,-13.6233,-3.0119,0.4893,-0.1452,-1.8851
-2.5594,-12.9864,-2.4013,0.3727,-0.0627,-1.9437
-2.7964,-11.9856,-2.9616,0.3103,0.2347,-1.915
-2.205,-10.834,-3.6224,0.3354,0.6421,-1.7654
-2.0231,-10.755,-3.6679,0.391,1.0111,-1.5851
-1.4125,-10.6209,-2.9879,0.4301,1.2505,-1.4239
-1.2713,-10.8292,-2.8945,0.4344,1.3593,-1.3304
-0.8786,-11.1764,-2.5594,0.4423,1.132,-1.3335
-0.8786,-11.1764,-2.5594,0.3971,0.3074,-1.2858
-0.7829,-10.7167,-2.1308,0.3971,0.3074,-1.2858
-0.6464,-10.1756,-2.3654,0.4362,-0.147,-1.2284
-0.6057,-9.4933,-4.0557,0.5058,-0.4952,-1.1459
-0.6057,-9.4933,-4.0557,0.5577,-0.549,-1.0317
-0.3232,-8.9737,-3.6032,0.4863,-0.202,-0.9468
-0.1077,-8.3416,-2.7772,0.3867,0.2084,-0.8906
0.0167,-7.8748,-2.0518,0.3018,0.487,-0.8558
0.2537,-7.9298,-2.375,0.2603,0.5261,-0.8338
0.3926,-7.9275,-2.7413,0.2609,0.344,-0.8167
0.4094,-7.8796,-2.7006,0.2254,0.2011,-0.8265
0.2705,-7.9418,-2.8491,0.179,0.06,-0.824
0.3782,-7.9466,-2.7054,0.1619,-0.0316,-0.7984
0.5602,-7.9059,-2.387,0.1509,-0.0242,-0.7452
0.5889,-7.8628,-2.1667,0.146,0.0239,-0.7037
0.3088,-8.198,-2.442,0.1375,0.0129,-0.6786
0.2849,-8.3201,-2.5761,0.1198,-0.0138,-0.6591
0.2489,-8.6385,-2.5833,0.0764,-0.0481,-0.6224
0.3136,-9.0886,-2.1116,0.0019,-0.056,-0.5601
0.4764,-9.8045,-2.1236,-0.0903,-0.0981,-0.4783
0.4572,-9.8428,-2.0542,-0.2106,-0.1715,-0.3152
0.4572,-9.8428,-2.0542,-0.3371,0.2719,-0.083
0.6344,-10.1014,-1.6448,-0.2711,0.523,0.0415
1.0534,-10.8412,-0.8379,-0.2711,0.523,0.0415
1.1037,-10.8987,-0.8188,-0.1734,0.6482,0.1661
1.4796,-11.593,-1.0079,-0.0561,0.5053,0.2553
1.6543,-12.1891,-1.8602,0.1008,-0.0303,0.3109
1.6615,-12.498,-1.7142,0.1332,-0.3559,0.3243
1.7334,-12.5291,-1.4604,0.1014,-0.4311,0.3579
2.0015,-12.3878,-0.8738,0.0807,-0.2594,0.4306
2.4085,-12.0646,-0.1963,0.0935,0.0178,0.5235
2.5833,-11.7199,-0.8164,0.135,0.2133,0.5986
2.4181,-11.3631,-1.5394,0.2071,0.0832,0.5632
2.0015,-10.8173,-1.8722,0.2218,-0.1146,0.4526
1.4532,-10.5683,-1.9632,0.1802,-0.2393,0.3481
0.2633,-10.0679,-2.442,0.1772,-0.3095,0.2492
0.0215,-10.0224,-2.8395,0.2096,-0.3535,0.1551
-0.7517,-9.8787,-3.6487,0.2884,-0.4353,0.0891
-1.3024,-9.668,-3.7924,0.2627,-0.4524,0.1044
-2.1356,-9.7159,-2.4301,0.1772,-0.5056,0.1685
-2.1715,-9.7351,-2.1811,0.0587,-0.6443,0.2724
-2.0805,-9.85,-1.4844,-0.0359,-0.8177,0.3952
-1.5346,-9.9458,-1.1803,-0.064,-0.9674,0.5222
0.1436,-9.8715,-0.656,-0.0145,-0.8575,0.6902
0.213,-9.8548,-0.6464,0.0581,-0.5813,0.7812
0.7326,-9.7111,-1.2928,0.1607,-0.3291,0.8356
1.0151,-9.4909,-1.5969,0.2535,-0.1336,0.8741
1.4532,-9.3903,-1.3215,0.3024,0.0398,0.9169
1.5562,-9.6609,-1.3766,0.3171,0.1186,0.9511
1.233,-10.3288,-1.4915,0.3299,0.0087,0.9077
0.4453,-11.0495,-2.1739,0.336,-0.1507,0.8185
-0.9289,-11.399,-2.4612,0.3354,-0.2973,0.7263
-1.4221,-11.2171,-2.3463,0.2804,-0.395,0.6676
-1.9512,-10.7478,-2.1667,0.2041,-0.4787,0.6713
-2.2457,-10.1277,-2.0302,0.1295,-0.5154,0.7812
-2.2457,-10.1277,-2.0302,0.0697,-0.2637,0.9639
-1.8746,-9.3185,-1.6807,0.0697,-0.2637,0.9639
-1.6065,-9.1485,-1.4293,0.0581,-0.1128,1.0225
-1.1875,-9.1222,-1.2186,0.0684,0.0093,1.0366
-1.0917,-9.4885,-1.4963,0.0947,0.0667,1.0183
-1.0989,-9.5316,-1.4987,0.1173,-0.0364,0.923
-1.3718,-9.9003,-1.8411,0.1161,-0.18,0.8491
-1.5203,-10.1708,-1.9369,0.1051,-0.2893,0.7806
-1.5203,-10.1708,-1.9369,0.0391,-0.2967,0.6798
-1.5059,-10.0152,-1.5059,0.0348,-0.1146,0.6701
-1.47,-9.9936,-1.5394,0.0348,-0.1146,0.6701
-1.5682,-9.9122,-1.6687,0.0501,-0.0016,0.6811
-1.6352,-9.759,-1.7717,0.0568,0.0471,0.686
-1.8722,-9.8141,-2.0398,0.0672,0.0545,0.6768
-2.0398,-9.8021,-2.193,0.0837,0.0502,0.6554
-2.1811,-9.9098,-2.3654,0.0788,0.0416,0.645
-2.5402,-9.8284,-2.5378,0.0269,0.0337,0.6517
-2.7198,-9.7997,-2.7174,-0.0384,0.0404,0.6884
-3.0047,-9.9122,-2.9424,-0.1159,0.0294,0.7446
-3.1555,-10.257,-2.9831,-0.1911,0.0936,0.8032
-3.0693,-11.344,-3.2345,-0.2619,0.2218,0.8857
-2.9807,-11.5571,-3.3159,-0.3682,0.4424,1.061
-2.4875,-12.0431,-3.1028,-0.4568,0.5291,1.2015
-2.0973,-12.2466,-3.1244,-0.5704,0.545,1.3298
-1.1563,-12.1412,-2.2601,-0.6926,0.4424,1.4282
-1.0989,-12.1365,-2.3199,-0.8129,0.3452,1.5076
-0.7613,-12,-1.9943,-0.8789,0.2567,1.5393
-0.4572,-11.4924,-1.3287,-0.9547,0.1522,1.4996
-0.4572,-11.4924,-1.3287,-0.9174,-0.0615,1.3213
-0.6631,-10.7335,-1.6567,-0.9412,-0.2057,1.2418
-0.5913,-9.8907,-0.9911,-0.9412,-0.2057,1.2418
-0.6464,-9.2395,-0.6392,-0.9259,-0.2814,1.1355
-0.7829,-8.7151,-0.1604,-0.7946,-0.2136,0.9254
-1.3287,-8.6122,-0.3567,-0.6761,-0.1556,0.7605
-1.7501,-8.5643,-0.3471,-0.5527,-0.1183,0.5937
-1.7501,-8.5643,-0.3471,-0.3462,-0.0768,0.408
-2.6647,-8.131,-0.9959,-0.3462,-0.0768,0.408
-2.7102,-7.7479,-0.9193,-0.2674,-0.1079,0.3433
-2.8562,-6.8165,-1.0989,-0.2332,-0.1262,0.3555
-2.8634,-6.0696,-1.209,-0.2338,-0.1543,0.4355
-2.9616,-4.8123,-1.7477,-0.2552,-0.1104,0.5467
-2.9544,-4.6399,-2.0039,-0.2497,0.0752,0.6475
-2.9113,-4.5777,-2.2505,-0.2033,0.341,0.7354
-3.1076,-4.8506,-2.794,-0.1807,0.6604,0.7941
-3.3207,-5.7894,-2.8012,-0.1746,0.9347,0.7422
-3.3758,-5.9235,-2.7653,-0.218,1.0325,0.6695
-3.7421,-6.5029,-2.6599,-0.2705,0.9824,0.5687
-2.9209,-7.0368,-2.5091,-0.2693,0.6837,0.4538
-1.4532,-8.2818,-2.1332,-0.2344,0.2774,0.397
-1.4867,-8.3728,-2.0901,-0.1874,-0.1959,0.2095
-2.0925,-9.2395,-1.9057,-0.1801,-0.3553,0.0207
-2.2673,-9.9482,-1.7645,-0.1514,-0.5948,-0.1936
-2.1715,-10.3528,-0.8547,-0.1202,-0.808,-0.3885
-1.8531,-10.3408,-0.7996,-0.0524,-0.877,-0.5277
-2.1452,-10.2546,-0.7038,0.0434,-0.9338,-0.6004
-2.8491,-10.1684,-0.5099,0.132,-0.7854,-0.733
-3.4093,-9.4262,-0.2849,0.2028,-0.4677,-0.7825
-3.2106,-9.0072,-0.395,0.3,-0.1476,-0.8277
-2.5091,-8.131,-1.1516,0.4325,0.0838,-0.8393
-2.1404,-7.542,-1.6472,0.5675,0.2573,-0.8374
-2.205,-7.0344,-3.3016,0.683,0.5456,-0.8552
-2.2218,-7.0129,-3.5506,0.705,0.6733,-0.8936
-1.7741,-7.1015,-4.2209,0.6384,0.8706,-0.8955
-1.4245,-6.9793,-2.7006,0.4906,1.1381,-0.8729
-1.6328,-7.6737,-3.6822,0.3281,1.4051,-0.9046
-1.6567,-7.7359,-3.6032,0.2853,1.421,-0.9944
-1.64,-7.9107,-2.4301,0.1589,1.3758,-1.127
-1.5298,-8.0687,-2.0877,0.102,1.2029,-1.1765
-1.1252,-8.4997,-3.1244,0.1442,0.873,-1.2064
-1.1252,-8.4997,-3.1244,0.2047,0.5279,-1.2675
-1.403,-9.0503,-3.4332,0.226,0.2298,-1.3805
-1.6831,-9.6369,-3.4452,0.1808,0.0545,-1.4844
-1.9632,-10.0415,-2.8586,0.0629,0.0361,-1.5961
-2.1883,-10.0918,-2.4827,0,0.1039,-1.6572
-2.0901,-10.2019,-1.8866,-0.0316,0.1223,-1.7
-1.9057,-10.2738,-1.9871,-0.0426,0.0893,-1.7043
-1.6591,-10.2283,-1.8794,-0.0365,0.0594,-1.6945
-1.6136,-10.2881,-1.7334,-0.0585,0.2567,-1.6346
-1.6328,-10.5012,-1.7669,-0.0249,0.5303,-1.5583
-1.5969,-10.7933,-1.6017,0.0691,0.8211,-1.4831
-1.13,-11.4206,-2.0494,0.1827,1.0508,-1.408
-1.0797,-11.4302,-2.1021,0.292,1.132,-1.3359
-0.9481,-11.3607,-2.4899,0.3537,1.1308,-1.2687
-0.9504,-11.2482,-2.9328,0.4227,0.9494,-1.16
-0.4477,-10.992,-3.0526,0.4502,0.8486,-1.061
-0.4261,-10.9082,-2.9879,0.4716,0.8266,-0.9841
-0.4022,-10.518,-2.8467,0.4814,0.8278,-0.9541
-0.3663,-10.0296,-2.5091,0.4728,0.7582,-0.937
-0.2801,-9.0192,-2.035,0.4319,0.5297,-0.9101
-0.2992,-8.9905,-2.047,0.427,0.3477,-0.8918
-0.1484,-8.7774,-2.3511,0.4563,0.206,-0.8729
-0.1053,-8.7343,-2.5594,0.4906,0.2066,-0.8509
0,-8.9905,-2.5402,0.5217,0.3495,-0.8436
0.0407,-9.3783,-2.4779,0.5443,0.5523,-0.8289
0.1963,-10.1325,-3.1842,0.5724,0.7411,-0.7709
0.2873,-10.7287,-3.1028,0.5504,0.6745,-0.7257
0.0119,-10.9034,-2.2816,0.438,0.5346,-0.6969
0.0335,-10.6688,-1.7142,0.3116,0.3184,-0.6676
-0.0263,-9.9984,-1.2306,0.2144,0.0875,-0.6133
-0.1268,-9.419,-0.7685,0.1643,-0.1409,-0.5393
0.1891,-9.0862,-0.7541,0.1283,-0.1812,-0.383
0.2561,-9.1581,-0.7829,0.1497,0.0612,-0.2461
0.4285,-9.3879,-0.7038,0.2016,0.4094,-0.1185
0.4333,-9.5316,-0.7062,0.2572,0.669,-0.0232
0.1939,-9.7327,-1.6735,0.3329,0.6983,0.0421
0.1771,-9.7303,-1.8004,0.4447,0.4528,0.1069
0.158,-9.7758,-2.3942,0.4906,0.3306,0.1576
0.2154,-9.9098,-2.8514,0.5193,0.3685,0.2327
0.6057,-10.4581,-4.0509,0.54,0.5303,0.3408
0.6057,-10.4581,-4.0509,0.5443,0.7313,0.4599
0.8188,-10.7598,-4.0653,0.4997,0.9512,0.5607
1.1156,-10.9561,-3.9647,0.4087,1.107,0.634
1.2665,-11.0998,-4.0126,0.3549,1.0917,0.6114
1.1061,-11.0351,-3.62,0.289,0.9634,0.551
0.9504,-10.8053,-4.0916,0.2071,0.8119,0.4776
0.7302,-10.5012,-4.0054,0.132,0.5309,0.4324
0.4118,-10.2833,-3.043,-0.0591,0.2622,0.4245
0.2681,-10.2019,-2.217,-0.1886,0.1333,0.4581
0.1053,-10.3336,-1.13,-0.2833,-0.0328,0.5045
-0.043,-10.7454,-0.1556,-0.2968,-0.2393,0.5473
0.1484,-11.0136,-0.5219,-0.232,-0.3339,0.5638
0.2059,-10.9537,-0.5865,-0.0927,-0.3846,0.5619
0.1651,-10.7335,-1.6735,0.1222,-0.3987,0.5497
-0.3256,-10.3145,-2.2194,0.2364,-0.5435,0.5302
-0.5075,-9.6585,-2.1715,0.2719,-0.6907,0.5137
-0.5075,-9.6585,-2.1715,0.2969,-0.9326,0.5656
-0.1819,-9.3089,-2.6503,0.2969,-0.9326,0.5656
-0.1053,-9.4741,-3.2417,0.2822,-0.9955,0.5668
-0.1053,-9.4741,-3.2417,0.1124,-0.9723,0.6114
-0.3974,-9.6465,-2.4109,0.0684,-0.9998,0.6462
-0.6631,-9.6441,-1.7022,0.0684,-0.9998,0.6462
-0.9576,-9.4262,-2.035,0.0703,-1.0682,0.6762
-1.1156,-9.2658,-2.9424,0.1301,-1.1378,0.7098
-1.2737,-9.2395,-2.8347,0.1827,-1.07,0.8197
-1.0845,-9.4621,-2.6575,0.168,-0.943,0.9254
-1.0845,-9.4621,-2.6575,0.1625,-0.9485,1.1184
-0.7829,-10.4294,-2.3032,0.1625,-0.9485,1.1184
-0.6655,-10.6688,-2.0231,0.1527,-0.9301,1.1563
-0.4908,-10.913,-1.7501,0.1301,-0.866,1.171
-0.4764,-11.0758,-1.6089,0.0849,-0.8361,1.1484
-0.9864,-11.1285,-1.6496,0.0428,-0.8593,1.1252
-1.0654,-11.1046,-1.6591,0.0025,-0.8764,1.1093
-1.1492,-10.9992,-1.7046,-0.0353,-0.8758,1.1044
-1.1492,-10.9992,-1.7046,-0.0298,-0.571,1.0268
-1.1348,-10.5012,-1.8938,-0.0298,-0.571,1.0268
-1.1348,-10.5012,-1.8938,0.03,-0.3278,0.8521
-1.4508,-10.5683,-2.2146,0.03,-0.3278,0.8521
-1.5442,-10.5419,-2.3343,0.044,-0.279,0.7593
-1.2641,-9.9936,-1.4508,0.0184,-0.2906,0.667
-1.2641,-9.9936,-1.4508,-0.1037,-0.5673,0.3964
-1.482,-9.7135,-1.379,-0.1037,-0.5673,0.3964
-1.7238,-9.3807,-1.5705,-0.1092,-0.6852,0.3158
-2.0638,-9.0408,-1.6567,-0.1153,-0.7206,0.2638
-2.284,-8.8875,-1.6759,-0.1288,-0.6614,0.2327
-2.8323,-8.8325,-2.1116,-0.1324,-0.5099,0.2174
-3.1818,-8.9378,-2.2697,-0.1202,-0.2399,0.2321
-3.5506,-9.4382,-2.6288,-0.1349,-0.078,0.284
-3.6727,-9.6944,-2.5737,-0.1581,0.0337,0.3591
-3.8953,-9.9913,-2.3535,-0.1947,0.1052,0.4526
-4.1276,-10.1636,-2.6408,-0.2283,0.1217,0.5662
-4.0605,-10.2235,-2.8682,-0.2546,0.082,0.7104
-3.8953,-10.2283,-2.703,-0.3609,0.0636,1.0103
-3.3159,-10.2163,-2.454,-0.4611,0.0838,1.2327
-2.6719,-10.2139,-2.3942,-0.5411,0.0685,1.4092
-1.8986,-10.3983,-2.1835,-0.6059,0.0044,1.5131
-1.877,-10.3624,-2.2002,-0.6504,-0.0835,1.5564
-1.9105,-10.1397,-2.1691,-0.6541,-0.1232,1.5479
-1.9225,-9.6321,-2.5594,-0.6248,-0.1941,1.5027
-1.8507,-8.7606,-2.7796,-0.6468,-0.2661,1.5198
-1.8507,-8.7606,-2.7796,-0.7097,-0.3462,1.5711
-1.8698,-9.2036,-2.3774,-0.7598,-0.4085,1.6151
-1.8315,-10.0128,-2.1739,-0.7573,-0.3229,1.6261
-1.8124,-10.6951,-1.7142,-0.5869,-0.1788,1.4905
-1.4604,-10.2594,-0.9409,-0.422,-0.2564,1.3127
-1.6184,-8.5188,-0.7637,-0.2821,-0.6009,1.0879
-1.8339,-6.4766,-1.5131,-0.2387,-1.26,0.8503
-1.3192,-4.3526,-2.0183,-0.3676,-2.0138,0.7202
-1.2952,-3.8546,-2.2385,-0.5771,-2.3455,0.7086
-1.3503,-3.6104,-2.7269,-0.6541,-1.3584,0.736
-1.4915,-4.173,-3.1172,-0.6468,-0.3242,0.7464
-2.0709,-6.4359,-1.7022,-0.7879,0.3568,0.6633
-2.0709,-6.4359,-1.7022,-1.1465,0.5517,0.3359
-1.3407,-8.0376,-1.2138,-1.1465,0.5517,0.3359
-0.9265,-8.4661,-0.7829,-0.9394,0.377,0.196
-0.9265,-8.4661,-0.7829,-0.6248,-0.447,-0.2021
-0.6344,-7.5994,-0.5674,-0.6248,-0.447,-0.2021
-1.0247,-7.5731,-0.3758,-0.5283,-0.7915,-0.4703
-1.5011,-7.8365,-0.5267,-0.422,-0.8788,-0.7623
-2.5617,-8.9665,-0.5051,-0.301,-0.8122,-1.0598
-2.5977,-8.9905,-0.4908,-0.1776,-0.5141,-1.4324
-3.2202,-9.0934,-0.3064,-0.1355,-0.155,-1.5711
-4.1108,-9.2754,-0.8499,-0.0799,0.2023,-1.6071
-4.9874,-9.5555,-2.2313,0.0208,0.4418,-1.5485
-5.2316,-9.498,-2.6958,0.1204,0.5823,-1.4428
-5.3609,-9.2754,-2.6839,0.1466,0.6427,-1.3316
-5.2651,-8.9713,-2.9688,0.1179,0.5994,-1.1563
-4.3933,-8.4566,-3.4787,0.0929,0.5126,-1.0439
-3.8905,-8.289,-3.778,0.0239,0.4821,-0.9291
-2.9352,-8.2267,-3.3207,-0.0817,0.5829,-0.8197
-1.9009,-8.095,-2.4708,-0.2039,0.8132,-0.7336
-1.0055,-8.0927,-2.2577,-0.2845,1.1125,-0.6432
-0.9026,-8.131,-2.3487,-0.2619,1.1656,-0.6469
-0.2873,-8.3105,-2.308,-0.2351,1.1522,-0.6768
-0.2489,-8.3584,-1.9823,-0.2369,1.1149,-0.7501
-0.383,-8.7582,-1.8746,-0.2241,1.0538,-0.8692
-0.3471,-8.8061,-1.7812,-0.1789,0.9402,-0.9957
-0.3471,-8.8061,-1.7812,0.0141,0.6525,-1.3451
-0.7422,-9.2706,-0.8619,0.0141,0.6525,-1.3451
-1.0845,-10.0846,-1.4508,0.1552,0.4668,-1.5039
-1.1204,-10.1158,-1.5777,0.2822,0.239,-1.6303
-1.4676,-10.3887,-2.9927,0.3647,0.0184,-1.7336
-1.5921,-10.5012,-3.8163,0.3531,-0.0487,-1.8454
-1.9919,-10.2115,-3.869,0.2144,0.3092,-1.8668
-2.2122,-10.0511,-3.9743,0.0703,0.873,-1.8533
-2.0087,-9.9146,-3.3686,-0.0011,1.4057,-1.8124
-1.9129,-9.9769,-2.9735,-0.0451,1.7851,-1.7641
-2.3463,-10.4078,-3.4237,-0.0744,1.8877,-1.7458
-2.466,-10.6664,-3.2417,-0.1098,1.5871,-1.7311
-2.1954,-10.9489,-2.5785,-0.1636,1.2676,-1.6676
-1.6352,-11.004,-1.6256,-0.1905,0.9225,-1.568
-2.0494,-10.6497,-2.4061,-0.1526,0.6061,-1.4807
-1.9895,-10.6257,-2.6072,-0.0335,0.2493,-1.4263
-1.8004,-10.6832,-2.4756,0.0489,-0.0193,-1.3414
-1.5011,-10.9681,-2.1811,0.0532,0.0539,-1.1636
-1.118,-11.7821,-1.8004,0.0965,0.3257,-1.0439
-1.0127,-11.8372,-1.7788,0.2096,0.6965,-0.9352
-0.6296,-12.17,-1.6831,0.3501,1.0209,-0.8265
-0.2849,-12.3017,-1.7812,0.4643,1.1809,-0.7012
-0.1699,-11.5762,-1.9871,0.5767,0.9653,-0.5448
-0.1699,-11.5762,-1.9871,0.6237,0.7197,-0.4489
0.1963,-10.6497,-1.0726,0.6744,0.5743,-0.3378
0.565,-9.8596,-1.3551,0.7557,0.4747,-0.2028
0.8858,-9.2203,-1.6927,0.8723,0.3587,-0.0726
1.0654,-8.9163,-1.7932,0.9573,0.3214,0.0348
1.3575,-8.7511,-1.695,0.9963,0.3819,0.1276
1.7094,-9.0312,-1.5897,0.9707,0.4497,0.1435
1.8028,-9.4957,-1.98,0.931,0.421,0.1038
1.7405,-9.7016,-1.8411,0.8846,0.3141,0.0158
1.8363,-9.8931,-1.6879,0.8155,0.2109,-0.0775
1.7573,-9.8093,-1.889,0.7355,0.0025,-0.196
0.9457,-9.2371,-2.6934,0.6952,-0.0523,-0.273
0.7206,-9.1892,-2.7605,0.6646,0.0355,-0.3659
0.0742,-9.1413,-3.2225,0.6304,0.2328,-0.4612
-0.5841,-9.4669,-3.5817,0.6176,0.4234,-0.5271
-2.4971,-11.0902,-4.446,0.573,0.5273,-0.5845
-2.691,-11.265,-4.1467,0.4063,0.2634,-0.6236
-3.1507,-11.265,-3.1531,0.1796,-0.2289,-0.5931
-3.5146,-10.518,-2.1404,-0.0567,-0.9045,-0.4941
-3.3542,-9.3544,0.3878,-0.2509,-1.4677,-0.3249
-3.3279,-9.3328,0.4644,-0.3866,-1.5923,-0.0812
-2.5594,-9.7806,0.6967,-0.3835,-1.2759,0.2498
-0.7589,-10.9681,-0.304,-0.0463,-0.4372,0.9224
0.9337,-11.8348,-1.1372,0.2438,-0.0224,1.3139
1.4437,-12,-1.6807,0.4258,0.0545,1.5509
1.8555,-11.6792,-2.5187,0.5223,-0.1366,1.6811
2.2553,-11.1716,-2.0973,0.5443,-0.3052,1.7489
2.7413,-10.7215,-1.5562,0.4789,-0.3474,1.7446
2.9305,-10.7167,-1.561,0.4838,-0.4292,1.6603
3.2489,-10.7885,-2.1523,0.5095,-0.549,1.5253
3.347,-10.9992,-2.2816,0.5052,-0.673,1.3347
2.7868,-10.6688,-1.6352,0.4496,-0.7542,1.0897
2.5761,-10.5276,-1.5969,0.3904,-0.7933,0.8002
1.2761,-9.7159,-1.2114,0.3739,-0.8312,0.3695
0.2082,-8.8229,-0.893,0.4197,-0.8495,0.1563
-1.3,-7.7982,-1.9871,0.4973,-0.8287,0.0531
-1.616,-7.7934,-2.2529,0.5865,-0.8202,0.0116
-3.2058,-7.8173,-3.3399,0.6298,-0.8434,0.0085
-4.1419,-7.9562,-3.5098,0.5284,-1.045,0.1056
-4.4699,-8.4159,-3.5913,0.3806,-1.1904,0.2712
-4.4508,-8.4542,-3.5984,0.2352,-1.257,0.4715
-4.4508,-8.4542,-3.5984,-0.0292,-0.7017,0.8607
-3.4668,-9.0886,-2.5498,-0.0292,-0.7017,0.8607
-2.5354,-9.7159,-1.786,-0.1257,-0.1324,1.0262
-2.126,-10.2379,-1.8842,-0.1715,0.6336,1.2034
-1.4293,-10.8268,-1.2258,-0.188,0.8345,1.2663
-0.7398,-11.2362,-0.7206,-0.265,0.7881,1.2901
-0.6488,-11.5714,-0.9241,-0.3316,0.4833,1.2596
-0.3926,-11.581,-0.6488,-0.3817,0.0862,1.2064
-0.0766,-11.5738,-0.1843,-0.4244,-0.1922,1.1783
0.1484,-11.5618,0.0742,-0.3639,-0.1672,1.1258
-0.486,-11.6456,-0.8523,-0.2357,0.0948,1.0873
-0.486,-11.6456,-0.8523,-0.0023,0.6708,1.0323
-0.4668,-11.7031,-1.0438,-0.0023,0.6708,1.0323
-0.2202,-11.7414,-0.9672,0.0202,0.7441,1.0238
-0.1556,-11.569,-0.8786,-0.0035,0.5218,0.9645
-0.1556,-11.569,-0.8786,0.0141,-0.0371,0.755
-0.4261,-11.3392,-1.0342,0.0141,-0.0371,0.755
-0.7278,-11.0782,-1.3431,0.0477,-0.1855,0.6218
-1.7669,-10.3719,-1.7046,0.0593,-0.279,0.5106
-1.8531,-10.3456,-1.7525,0.0373,-0.2863,0.4153
-3.0286,-10.2067,-2.8155,-0.009,-0.155,0.32
-3.6272,-10.0008,-3.3494,-0.0738,-0.0645,0.3243
-3.6272,-9.7973,-2.861,-0.2106,0.0184,0.3878
-3.3231,-9.7854,-2.3175,-0.3762,0.0691,0.477
-3.019,-9.9242,-1.9488,-0.4849,0.1412,0.5503
-3.0454,-9.9913,-2.0063,-0.5295,0.2151,0.5473
-3.2273,-9.838,-1.8602,-0.5778,0.176,0.5039
-3.2058,-9.6058,-1.7142,-0.6785,0.0392,0.4667
-3.11,-9.1988,-0.9911,-0.805,-0.1928,0.4447
-3.11,-9.1988,-0.9911,-0.9834,-0.665,0.4893
-2.7724,-8.4015,0.0167,-0.9834,-0.665,0.4893
-2.612,-8.2914,0.0454,-0.9473,-0.8294,0.5534
-2.4995,-7.9993,0.0215,-0.8997,-0.8006,0.6096
-2.4444,-7.5659,0.2633,-0.8526,-0.6724,0.6444
-2.5043,-6.795,0.0742,-0.8197,-0.4818,0.6731
-2.545,-6.7304,0.0478,-0.7848,-0.3431,0.6921
-2.5833,-6.7663,-0.0071,-0.7018,-0.2655,0.7226
-2.873,-7.1996,-0.577,-0.5881,-0.2649,0.7409
-4.3766,-8.7774,-3.0358,-0.4177,-0.2784,0.7214
-4.434,-8.8564,-3.055,-0.2668,-0.2729,0.6725
-4.7357,-9.0934,-3.6152,-0.2125,-0.2496,0.6359
-4.7046,-8.8109,-3.5194,-0.2125,-0.2771,0.6365
-2.9927,-7.5276,-3.7086,-0.3035,-0.4567,0.7257
-1.877,-6.8812,-4.0869,-0.4079,-0.6217,0.8197
-0.7661,-6.3114,-3.7181,-0.59,-0.6663,0.8466
-0.2873,-6.2108,-3.031,-0.8007,-0.5111,0.7874
-0.2178,-6.7064,-1.6974,-0.9095,-0.271,0.6579
-0.1484,-7.1996,-1.5993,-0.8704,-0.0187,0.4648
0.158,-8.0639,-2.3032,-0.6578,-0.0902,0.1795
-0.0502,-8.344,-3.2154,-0.6162,-0.5154,0.0171
-1.0175,-7.7383,-2.0805,-0.7066,-0.8776,-0.1447
-1.0175,-7.7383,-2.0805,-0.9168,-0.8819,-0.3475
-1.1851,-7.3481,-1.5107,-0.9168,-0.8819,-0.3475
-1.3575,-7.0727,-0.9792,-0.9272,-0.7432,-0.441
-1.9728,-6.8525,-0.2633,-0.8948,-0.6107,-0.5002
-1.9728,-6.8525,-0.2633,-0.6737,-0.2991,-0.6328
-1.9871,-7.3289,-0.1675,-0.6737,-0.2991,-0.6328
-2.0494,-7.8437,-0.6751,-0.5051,-0.1635,-0.7244
-2.6336,-9.4837,-1.3862,-0.3261,-0.0713,-0.846
-2.6671,-9.5986,-1.3479,-0.1563,-0.0145,-1.0745
-2.8682,-10.518,-1.5442,-0.0866,0.0557,-1.1722
-3.019,-10.9801,-1.7908,-0.0054,0.1162,-1.2144
-3.0765,-11.2219,-1.7525,0.0495,0.1339,-1.2198
-2.7916,-10.8364,-1.4389,0.0672,0.1235,-1.1869
-2.296,-10.2522,-1.0845,0.1136,0.2353,-1.0775
-1.956,-9.8093,-1.616,0.1815,0.3483,-1.025
-1.5993,-9.2012,-2.7126,0.2432,0.4674,-1.0213
-1.4077,-8.8827,-2.5905,0.2596,0.716,-1.036
-1.0773,-8.4326,-2.9472,0.2309,1.063,-1.0335
-0.7757,-8.21,-3.2872,0.1998,1.3226,-1.0103
-0.3639,-8.5164,-3.8905,0.143,1.611,-0.9645
-0.3184,-8.6074,-3.9121,0.0947,1.8162,-0.9615
-0.1987,-9.1509,-3.9193,0.0489,2.0245,-1.0048
-0.2418,-9.6704,-3.2441,-0.0054,2.1009,-1.1081
-0.5291,-10.1349,-2.1284,-0.0713,2.0031,-1.2534
-0.5291,-10.1349,-2.1284,-0.0109,1.0251,-1.6053
-0.8906,-10.1804,-2.0231,-0.0109,1.0251,-1.6053
-1.13,-10.2426,-2.5091,0.08,0.6042,-1.6982
-1.5035,-9.8428,-3.0645,0.1387,0.2487,-1.7452
-1.5203,-9.8428,-3.0645,0.1387,0.0056,-1.7574
-1.5945,-9.6609,-3.0023,0.1014,-0.125,-1.7507
-1.5394,-9.4597,-2.9759,0.0184,-0.0035,-1.6786
-1.6256,-9.3975,-2.6168,-0.0121,0.2109,-1.6102
-1.7238,-9.4478,-2.7605,-0.0115,0.5004,-1.5314
-1.5705,-9.7782,-3.1028,0.0342,0.7997,-1.4404
-1.3886,-10.2067,-3.4907,0.0959,1.1009,-1.3341
-1.3886,-10.2067,-3.4907,0.0721,1.3526,-1.1875
-1.2425,-11.3847,-2.806,0.0721,1.3526,-1.1875
-1.2449,-11.4182,-1.9488,-0.0158,1.085,-1.1288
-1.1252,-11.1572,-1.4508,-0.05,0.5884,-1.017
-0.4261,-10.4581,-2.284,-0.0176,0.0508,-0.8313
-0.4165,-10.3384,-2.1906,0.0587,-0.2655,-0.6273
0.1723,-10.0008,-2.229,0.1485,0.019,-0.3824
0.4333,-9.668,-1.5825,0.1961,0.5279,-0.2394
0.96,-9.431,-1.2306,0.2438,0.9366,-0.1478
0.96,-9.431,-1.2306,0.3733,0.9146,-0.0311
1.0534,-9.4885,-1.6639,0.3733,0.9146,-0.0311
1.1827,-9.455,-2.0518,0.4227,0.7484,-0.0152
1.3383,-9.3999,-2.8491,0.4337,0.6556,0.014
1.3383,-9.3999,-2.8491,0.391,0.7038,0.028
1.4269,-9.522,-2.8299,0.3213,0.8174,0.0329
1.6448,-9.8907,-2.4732,0.2438,0.9494,0.0433
2.126,-10.7646,-2.3175,0.19,1.0477,0.0519
2.2601,-11.3536,-2.4899,0.1833,1.0929,0.0397
2.1068,-12.0335,-3.1148,0.2694,1.0826,-0.05
1.9201,-12.328,-3.6918,0.372,1.121,-0.1374
1.1971,-12.0167,-3.5003,0.438,1.1265,-0.1973
0.893,-11.6672,-3.5625,0.4172,0.9952,-0.2443
0.1173,-10.6975,-3.213,0.3531,0.7252,-0.2846
-0.5746,-10.0272,-3.0573,0.2456,0.3123,-0.3396
-1.9273,-9.3783,-2.7629,0.2059,0.1638,-0.3555
-2.0973,-9.352,-2.7389,0.1711,0.1834,-0.3604
-2.8251,-9.7662,-2.4157,0.1515,0.2463,-0.309
-3.2465,-10.3121,-2.4803,0.1308,0.2939,-0.2174
-3.1172,-10.5826,-1.5921,0.132,0.2897,-0.0891
-3.0071,-10.5659,-1.4796,0.1295,0.1821,0.1759
-2.138,-10.3624,-1.4963,0.1424,-0.0059,0.375
-1.1755,-10.0535,-1.3239,0.1753,-0.2466,0.5766
0.5817,-9.5507,-1.4077,0.1937,-0.3718,0.7379
0.6416,-9.5244,-1.4293,0.2358,-0.4262,0.8509
1.3383,-9.5579,-1.8962,0.3055,-0.519,0.9132
1.8004,-9.7351,-1.7788,0.322,-0.5777,0.9327
2.0877,-10.1397,-2.8227,0.3348,-0.6021,0.8973
1.8794,-10.1565,-2.8179,0.3647,-0.5997,0.8087
1.8962,-10.1684,-2.6312,0.3488,-0.4952,0.6866
1.2425,-10.269,-3.3231,0.336,-0.4463,0.5742
-0.316,-9.9913,-2.7844,0.2975,-0.5752,0.3817
-0.8068,-9.9482,-2.4732,0.2364,-0.7353,0.3207
-1.2569,-10.0272,-2.2146,0.2157,-1.0126,0.3274
-1.5945,-10.0415,-2.2074,0.2468,-1.249,0.3524
-1.7597,-9.917,-1.8411,0.3036,-1.3358,0.3824
-1.798,-9.8835,-1.8531,0.3678,-1.2667,0.4434
-1.8794,-9.783,-2.1499,0.4887,-1.0206,0.5674
-1.877,-9.6728,-2.5641,0.5449,-0.8642,0.6786
-1.7549,-9.6656,-2.964,0.562,-0.778,0.8063
-1.731,-9.7111,-2.9831,0.5474,-0.7334,0.9419
-1.3168,-9.8931,-3.0047,0.5162,-0.7341,1.0757
-0.7302,-10.0511,-2.8443,0.4331,-0.7964,1.2675
0.1412,-10.415,-2.3415,0.361,-0.7866,1.3701
0.2035,-10.4438,-2.3295,0.2731,-0.6992,1.4465
0.5698,-10.4462,-1.8411,0.187,-0.6162,1.499
0.6991,-10.3624,-1.3934,0.0929,-0.5606,1.5192
0.3232,-10.2786,-2.1475,0.0428,-0.549,1.4923
0.0239,-10.2043,-2.0183,0.0776,-0.5673,1.408
-0.1939,-10.1828,-1.5418,0.0849,-0.5624,1.372
-0.3399,-10.2738,-1.695,0.1204,-0.5844,1.3561
-0.328,-10.3384,-2.3367,0.1821,-0.5551,1.3341
-0.5195,-10.3169,-2.4923,0.2022,-0.4812,1.3005
-0.5147,-10.2738,-2.4756,0.0959,-0.3962,1.1948
-0.3519,-10.0415,-2.126,-0.0255,-0.3278,1.105
-0.8523,-9.85,-1.8842,-0.1172,-0.1733,0.9914
-0.8523,-9.85,-1.8842,-0.1978,0.1644,0.7202
-1.5322,-10.1636,-2.1667,-0.1978,0.1644,0.7202
-2.0207,-10.5036,-2.5833,-0.1886,0.2952,0.6084
-2.8155,-10.9633,-2.7653,-0.2271,0.3868,0.5082
-2.8538,-11.0016,-2.8299,-0.3163,0.3336,0.4813
-2.9472,-11.0902,-2.7222,-0.4073,0.2548,0.4844
-3.0238,-11.1596,-2.6001,-0.4904,0.1919,0.5094
-3.1076,-11.2602,-2.0733,-0.5686,0.1094,0.5332
-3.1076,-11.2602,-2.0733,-0.6865,-0.1928,0.5962
-3.2106,-11.1955,-2.0829,-0.6865,-0.1928,0.5962
-2.9592,-11.0303,-1.4149,-0.7299,-0.2686,0.631
-2.7605,-10.7239,-0.9121,-0.7635,-0.3333,0.6646
-2.6336,-10.5132,-0.577,-0.7415,-0.3553,0.6774
-2.8467,-10.2857,-0.4525,-0.6963,-0.3657,0.686
-2.9568,-9.6106,-0.4022,-0.579,-0.4097,0.6976
-3.3973,-8.368,-0.9648,-0.4935,-0.4378,0.7244
-3.3973,-8.368,-0.9648,-0.4061,-0.5215,0.9114
-3.5266,-6.8429,-1.7286,-0.4061,-0.5215,0.9114
-3.134,-6.3952,-1.7956,-0.4434,-0.4555,1.0879
-2.6503,-6.1988,-2.8419,-0.4733,-0.3052,1.2718
-2.6288,-6.297,-3.0406,-0.4727,0.0178,1.4556
-2.2481,-7.2116,-3.2632,-0.5081,0.2756,1.5076
-2.1356,-7.7192,-2.8443,-0.5961,0.5493,1.4935
-1.5562,-7.9658,-1.6376,-0.6761,0.7008,1.361
-1.4245,-7.9562,-1.4963,-0.7158,0.6,1.2101
-0.8164,-7.8389,-1.5011,-0.7036,0.0325,1.0268
-0.4548,-7.621,-1.2952,-0.6657,-0.3871,0.9431
-0.6248,-6.728,-1.1635,-0.6223,-0.6546,0.8503
-0.6775,-6.6801,-1.1803,-0.5399,-0.808,0.6872
-1.1755,-6.2731,-1.3311,-0.4464,-0.8892,0.4367
-1.5514,-6.6681,-1.4987,-0.378,-0.8605,0.2125
-2.0949,-7.6832,-1.1659,-0.3249,-0.5545,-0.0818
-2.4588,-7.9993,-0.8068,-0.276,-0.2667,-0.2693
-2.8562,-7.9322,-0.6464,-0.1715,-0.0548,-0.4373
-3.2034,-7.9777,-0.9457,-0.0341,0.0545,-0.5393
-4.1276,-8.0424,-0.893,0.0477,0.0209,-0.6145
-4.0869,-8.0927,-1.0055,0.1143,0.0019,-0.7165
-3.7876,-8.1741,-1.4915,0.2425,0.0942,-0.6707
-3.3877,-7.9753,-2.5881,0.3629,0.1375,-0.6243
-2.8323,-7.4558,-3.6918,0.4032,0.0954,-0.6383
-2.7485,-7.4199,-3.6535,0.3342,0.1369,-0.6835
-2.6096,-7.5013,-3.383,0.1876,0.2921,-0.7244
-2.6671,-7.7144,-3.0142,-0.0347,0.5401,-0.7831
-2.0207,-7.5851,-2.6575,-0.1269,0.5975,-0.8246
-1.9847,-7.5396,-2.6312,-0.1837,0.5621,-0.8747
-1.6711,-7.36,-2.5258,-0.1966,0.479,-0.9376
-1.3407,-7.3816,-2.7222,-0.1825,0.3868,-0.995
-1.537,-7.8963,-2.9113,-0.1569,0.3214,-1.0549
-1.537,-7.8963,-2.9113,-0.1862,0.3526,-1.2852
-1.6136,-8.4973,-2.1619,-0.1862,0.3526,-1.2852
-1.8914,-8.9546,-1.944,-0.1862,0.3098,-1.3817
-2.0302,-9.2706,-2.1499,-0.1434,0.1241,-1.4782
-1.7764,-9.3879,-2.1356,-0.1068,-0.1049,-1.5289
-1.8626,-9.3855,-2.3056,-0.1062,-0.3535,-1.5265
-1.9009,-9.5962,-2.6743,-0.1165,-0.436,-1.5228
-1.6879,-9.7997,-2.952,-0.1422,-0.3498,-1.4978
-1.6927,-9.8165,-2.5977,-0.1972,-0.0859,-1.4764
-1.8746,-9.8165,-2.5929,-0.2711,0.2597,-1.4752
-1.9847,-10.0822,-2.6599,-0.2931,0.5755,-1.4764
-1.3048,-10.269,-2.5354,-0.2632,0.9494,-1.433
-1.2521,-10.2642,-2.5498,-0.2369,1.1724,-1.4092
-1.0845,-10.5252,-2.715,-0.2137,1.3165,-1.4117
-0.9911,-10.8484,-2.9927,-0.1929,1.3703,-1.4141
-0.5937,-11.0926,-2.6288,-0.177,1.3739,-1.4013
-0.5363,-11.071,-2.6192,-0.21,1.3129,-1.3377
-0.4668,-10.7023,-2.375,-0.232,1.1479,-1.2809
-0.5195,-10.3025,-2.2194,-0.2351,0.8993,-1.2198
-0.3064,-9.5244,-2.0111,-0.232,0.6556,-1.1563
-0.3064,-9.5244,-2.0111,-0.2076,0.4699,-1.091
-0.3136,-9.3927,-2.5689,-0.1532,0.3807,-1.0433
-0.2442,-9.3616,-2.4349,-0.0304,0.487,-1.0219
-0.0933,-9.9913,-2.1356,0.0147,0.691,-1.025
-0.0766,-10.4845,-2.2457,0.0678,0.8486,-1.0476
-0.407,-11.2075,-2.7054,0.1033,0.8895,-1.0958
-0.6727,-11.8468,-2.8874,0.0739,0.8828,-1.1423
-0.6631,-12.2418,-1.8555,-0.0115,1.008,-1.1465
-0.6248,-12.1293,-1.2378,-0.133,1.4118,-1.0622
-0.541,-11.8228,-0.1412,-0.1239,1.5761,-0.9505
-0.2082,-11.4757,0.8619,-0.0396,1.5969,-0.8167
0.4429,-10.9992,0.869,0.113,1.515,-0.6572
0.4572,-10.9441,0.6895,0.3317,1.3776,-0.4923
0.6105,-10.6497,-0.3615,0.7276,1.3049,-0.2449
0.9768,-10.4222,-1.3048,0.9792,1.3574,-0.102
1.0151,-10.0607,-3.2896,1.1686,1.4185,0.0054
1.0151,-10.0607,-3.2896,1.3146,1.3526,0.0482
0.893,-10.0487,-4.8578,1.3146,1.3526,0.0482
0.802,-10.0248,-5.4878,1.2706,1.2664,0.0213
0.6703,-9.4478,-4.8578,1.0128,1.0905,-0.0537
0.7038,-9.4382,-4.8027,0.7789,0.8901,-0.102
0.7709,-9.285,-3.9767,0.5785,0.6458,-0.1417
0.7972,-9.5938,-3.5314,0.4313,0.3422,-0.1887
0.5339,-10.2307,-2.3056,0.3201,0.1107,-0.2302
0.3567,-10.6114,-1.9847,0.2175,0.1021,-0.2626
-0.067,-11.0112,-2.7341,0.2322,0.1296,-0.2364
-0.067,-11.0112,-2.7341,0.2059,0.1742,-0.1087
-0.6464,-10.2187,-1.6998,0.2059,0.1742,-0.1087
-0.5698,-10.0176,-1.561,0.1411,0.0875,-0.0067
-0.3711,-9.8476,-1.2354,0.1155,-0.1623,0.0965
-0.0909,-9.8284,-1.5466,0.0697,-0.4396,0.2199
0.4932,-10.4222,-1.4053,0.0599,-0.5795,0.2926
0.4692,-10.5156,-1.3048,0.0214,-0.6241,0.3634
0.6272,-10.7861,-1.2066,-0.006,-0.5887,0.4263
1.1899,-10.6018,-0.4165,0.0373,-0.4372,0.4966
1.5131,-10.1588,-2.2984,0.1081,-0.2606,0.5711
1.4796,-10.0367,-2.4923,0.2749,-0.3901,0.6188
1.3072,-9.6273,-2.8634,0.2859,-0.5227,0.5925
0.8738,-9.1964,-2.6982,0.2407,-0.3987,0.5491
-0.4716,-9.0384,-2.9305,0.1894,-0.2478,0.4764
-0.5554,-9.0144,-2.9544,0.1546,-0.2637,0.4221
-0.4357,-9.2299,-1.9273,0.1143,-0.3633,0.4453
-0.2561,-9.4885,-1.7549,0.0892,-0.4415,0.5296
-0.0502,-9.8644,-2.8945,0.1399,-0.6357,0.6059
-0.2849,-9.9506,-2.8371,0.1656,-0.6717,0.6603
-0.7254,-9.8955,-2.5474,0.1124,-0.5624,0.6988
-0.8595,-9.9697,-2.8131,0.0489,-0.5569,0.7556
-1.0917,-10.087,-3.5075,0.0116,-0.7866,0.8686
-1.3239,-10.0367,-2.9975,-0.0402,-0.8758,0.9187
-1.5251,-9.929,-2.2409,-0.1318,-0.8703,0.9767
-1.1516,-9.7925,-1.0965,-0.1789,-0.83,1.0598
-1.1851,-9.7303,-1.2665,-0.1624,-0.7371,1.1404
-1.3,-9.8428,-1.3168,-0.0408,-0.662,1.1917
-1.6208,-10.4892,-1.6256,0.0361,-0.6491,1.2308
-1.7836,-11.3081,-1.6376,0.1063,-0.676,1.2815
-1.7764,-12.3495,-1.8387,0.1558,-0.7121,1.3371
-1.8339,-12.3807,-2.0039,0.1912,-0.7738,1.372
-1.8842,-12.249,-2.2361,0.1998,-0.9057,1.3762
-1.5538,-11.6241,-1.7142,0.0843,-1.012,1.3939
-0.6655,-9.8691,-1.8411,0.0422,-0.9863,1.4208
-0.6655,-9.8691,-1.8411,0.0721,-0.8617,1.4391
-0.6679,-9.1557,-1.5562,0.1222,-0.6394,1.4337
-0.6967,-8.7965,-1.2018,0.1674,-0.4512,1.3958
-0.4596,-8.6194,-1.4437,0.2731,-0.271,1.3658
-0.5434,-8.8732,-1.8507,0.3403,-0.2026,1.3298
-0.6536,-9.2299,-2.2218,0.3598,-0.1421,1.2718
-0.486,-9.6369,-1.9057,0.3336,-0.0566,1.1991
-0.9457,-10.4845,-2.3846,0.278,0.0251,1.1056
-1.1013,-10.7191,-2.6791,0.2548,0.1406,0.9853
-1.0414,-10.9585,-2.4325,0.1937,0.3507,0.8295
-1.1444,-11.0974,-2.0925,0.0886,0.3715,0.755
-2.1643,-11.3631,-2.8323,-0.0151,0.2945,0.6988
-2.2218,-11.3152,-2.9089,-0.0836,0.1809,0.6633
-2.3606,-11.0902,-2.6072,-0.1679,0.0881,0.6591
-2.6408,-10.8867,-3.0382,-0.2577,0.0355,0.6579
-2.0997,-10.3528,-2.1308,-0.3181,0.0258,0.6334
-2.0829,-10.2857,-2.0183,-0.4421,0.0227,0.6371
-2.272,-10.0607,-1.7573,-0.5631,0.0197,0.6175
-2.2242,-9.7973,-1.3215,-0.6193,0.0569,0.5632
-2.6216,-8.8947,-0.8164,-0.6553,0.0655,0.5222
-2.6743,-8.8301,-0.814,-0.6321,-0.0468,0.4489
-2.6743,-8.8301,-0.814,-0.5069,-0.2924,0.4105
-3.122,-8.0807,-1.1635,-0.5069,-0.2924,0.4105
-3.5673,-7.5683,-1.233,-0.447,-0.4341,0.4123
-3.9384,-7.2882,-1.616,-0.4287,-0.516,0.4086
-4.2521,-6.7878,-1.7621,-0.4171,-0.4384,0.43
-4.6615,-6.5268,-1.8219,-0.4641,0.0025,0.5534
-4.5537,-7.2523,-2.059,-0.5124,0.3074,0.7098
-4.4364,-7.8245,-2.2074,-0.5319,0.5462,0.9065
-4.1635,-8.8564,-2.5881,-0.5197,0.702,1.0677
-3.5386,-9.3879,-3.1962,-0.4825,0.7912,1.1582
-1.537,-9.0839,-2.964,-0.4183,0.6476,1.2211
-1.3024,-8.8133,-2.8634,-0.4092,0.1571,1.2156
-0.2154,-7.8508,-2.0446,-0.4195,-0.5294,1.1447
0.4285,-6.6609,-1.8986,-0.4898,-1.0908,1.0268
0.0742,-5.2938,-2.0087,-0.5979,-1.4891,0.8723
-0.0694,-5.2459,-2.0853,-0.6889,-1.5209,0.6982
-0.0694,-5.2459,-2.0853,-0.7121,-0.3779,0.3469
-1.5634,-5.9834,-2.8227,-0.7121,-0.3779,0.3469
-2.0183,-8.052,-2.2816,-0.7598,0.1253,0.2596
-2.0183,-8.052,-2.2816,-0.7891,0.3611,-0.0109
-1.9009,-8.6888,-1.5586,-0.7891,0.3611,-0.0109
-2.0542,-8.7487,-1.4628,-0.772,0.041,-0.1069
-1.9177,-8.6242,-0.8475,-0.673,-0.4066,-0.3133
-1.8315,-8.4973,-0.2896,-0.5887,-0.4732,-0.4624
-1.6831,-8.2962,0.2106,-0.4818,-0.4164,-0.6218
-1.9704,-8.1477,0.1915,-0.3487,-0.3077,-0.7971
-2.1763,-8.0352,0.0359,-0.207,-0.2215,-0.9639
-2.0039,-8.0017,-0.2178,0.0092,-0.0474,-1.0525
-1.7645,-7.9179,-0.3615,0.154,0.1088,-1.05
-1.7597,-7.8963,-0.577,0.2829,0.2383,-1.0812
-2.4349,-8.1118,-1.9895,0.4032,0.3434,-1.1264
-2.4564,-8.1238,-2.193,0.5077,0.4179,-1.1404
-2.6503,-8.3249,-2.9065,0.5706,0.5206,-1.1123
-2.8634,-8.6337,-3.2465,0.5645,0.8034,-1.0561
-2.5881,-8.957,-4.0892,0.5241,0.9744,-1.0195
-2.5881,-8.957,-4.0892,0.3812,1.3874,-1.0293
-2.4181,-9.2634,-3.8786,0.3812,1.3874,-1.0293
-1.9847,-9.2658,-3.0166,0.259,1.5676,-1.0891
-1.367,-9.6848,-3.3949,0.1198,1.5896,-1.1844
-1.367,-9.6848,-3.3949,0.1039,1.4124,-1.237
-1.367,-9.6848,-3.3949,0.0733,1.0954,-1.3964
-1.4772,-10.4964,-4.0007,0.0733,1.0954,-1.3964
-1.6663,-10.4414,-3.9312,0.0373,0.9958,-1.4856
-1.7884,-10.5228,-3.5936,-0.0127,0.8724,-1.5784
-1.707,-10.7335,-3.1028,-0.1147,0.5896,-1.6652
-1.5394,-10.7311,-3.1148,-0.1465,0.3904,-1.6762
-1.1875,-10.6784,-3.3446,-0.1654,0.2469,-1.6731
-1.1971,-10.6951,-3.6391,-0.1996,0.1803,-1.6584
-1.0797,-10.6904,-3.5122,-0.2491,0.1919,-1.6377
-0.9816,-10.4653,-3.1172,-0.331,0.2921,-1.5986
-0.9816,-10.4653,-3.1172,-0.4788,0.3611,-1.5344
-0.7326,-10.0559,-1.8579,-0.4788,0.3611,-1.5344
-0.9145,-9.9242,-1.7836,-0.4537,0.3355,-1.5448
-1.118,-9.7686,-2.0063,-0.4049,0.3342,-1.5705
-1.0726,-9.6896,-1.8411,-0.367,0.3795,-1.5754
-1.1156,-9.6968,-1.8411,-0.3224,0.6672,-1.5137
-1.1013,-9.8644,-1.5873,-0.2308,0.925,-1.4624
-1.1516,-10.1253,-1.4245,-0.122,1.121,-1.4123
-1.3623,-10.2259,-1.3455,-0.0121,1.1864,-1.3683
-1.3623,-10.2259,-1.3455,0.0874,1.1113,-1.3249
-1.5993,-10.1876,-1.9369,0.1863,0.9121,-1.2675
-1.3886,-10.2379,-1.9512,0.3085,0.7319,-1.0726
-1.2473,-10.19,-1.9991,0.3751,0.7942,-0.9046
-1.2473,-10.19,-1.9991,0.5932,0.8938,-0.5809
-0.7038,-10.506,-2.3798,0.5932,0.8938,-0.5809
-0.3184,-10.5395,-2.308,0.65,0.9078,-0.405
0.2082,-10.2666,-2.138,0.6653,0.7215,-0.1722
0.4165,-10.075,-2.1715,0.6555,0.5951,-0.039
0.5817,-9.9146,-2.4827,0.6555,0.5083,0.069
0.7613,-9.6944,-2.4109,0.6604,0.4839,0.1466
0.9481,-9.8237,-2.1691,0.6469,0.548,0.2009
1.063,-10.0391,-2.2313,0.6341,0.6501,0.2406
1.4053,-10.7526,-2.1859,0.6402,0.79,0.2895
1.4221,-11.2099,-2.1619,0.6256,0.8235,0.3054
1.5298,-11.7055,-1.537,0.6078,0.7924,0.3213
1.5897,-11.6983,-1.4939,0.592,0.7075,0.3701
1.7525,-11.3895,-1.9823,0.5944,0.5615,0.4392
1.616,-10.7909,-2.8155,0.6188,0.4216,0.4893
1.3072,-9.115,-2.8275,0.6347,0.3959,0.4923
1.3072,-9.115,-2.8275,0.4954,0.5945,0.3817
0.9097,-8.4326,-2.8036,0.4954,0.5945,0.3817
0.3591,-8.1357,-2.9161,0.4099,0.4387,0.2816
-0.1795,-8.198,-2.3127,0.3067,0.1382,0.1722
-0.5267,-8.8013,-1.4796,0.0868,-0.29,0.0873
-1.0151,-10.0008,-0.7134,-0.0549,-0.4005,0.1142
-1.0773,-11.162,-0.3998,-0.1361,-0.271,0.2382
-0.225,-12.5315,-0.7158,-0.1165,0.0978,0.4618
0.0095,-12.8715,-0.8451,-0.0072,0.4625,0.7079
0.4405,-13.1396,-1.5658,0.1582,0.6727,0.8955
1.0845,-12.6895,-2.8323,0.4398,0.7796,1.0567
1.0678,-10.4821,-3.2872,0.5492,0.7081,1.0555
1.0678,-10.4821,-3.2872,0.4954,0.2121,0.8448
0.6512,-8.8372,-3.4284,0.4954,0.2121,0.8448
-0.3327,-8.0136,-2.3558,0.4179,-0.1953,0.7024
-0.3878,-8.3225,-1.3335,0.2841,-0.7402,0.554
-0.3806,-8.3728,-1.3599,0.2932,-0.9515,0.5314
-0.3854,-8.8205,-1.6112,0.3342,-0.9485,0.5002
-0.4357,-9.1844,-2.3774,0.3574,-0.7915,0.488
-0.6919,-9.8452,-2.8921,0.3543,-0.6039,0.5253
-0.6703,-9.8931,-2.8754,0.3336,-0.4036,0.6126
-0.3878,-10.2139,-2.7341,0.3195,-0.1482,0.7745
-0.2418,-10.3456,-2.2194,0.3103,-0.1989,0.8484
-0.565,-10.4773,-1.9752,0.2994,-0.3388,0.8662
-0.5793,-10.4198,-2.8969,0.3048,-0.5984,0.8442
-0.5793,-10.4198,-2.8969,0.2242,-0.9424,0.7727
-1.1061,-10.2666,-4.0007,0.2242,-0.9424,0.7727
-1.6831,-10.2115,-2.1619,-0.0555,-0.6449,0.7776
-1.5753,-10.4845,-2.0207,-0.1074,-0.4182,0.8839
-1.0773,-11.0902,-2.3678,-0.0048,-0.3309,1.0103
-0.9409,-11.5092,-2.9113,0.1081,-0.3339,1.1013
-1.154,-11.5379,-2.047,0.1411,-0.4671,1.1123
-1.1635,-11.4876,-1.9536,0.011,-0.6864,1.102
-1.2066,-11.2003,-1.9728,-0.0591,-0.8843,1.091
-1.0797,-10.8364,-1.7381,-0.0524,-1.0242,1.0708
-1.2066,-10.5228,-2.0661,-0.0035,-1.0334,1.0396
-1.2114,-10.5371,-2.1475,0.088,-0.9179,0.9938
-1.3263,-10.3288,-2.5737,0.1735,-0.756,0.9547
-1.3263,-10.3288,-2.5737,0.0843,-0.3529,0.9022
-1.4628,-9.1868,-2.4636,0.0843,-0.3529,0.9022
-1.4006,-9.1389,-2.3989,-0.0396,-0.3602,0.9346
-1.0031,-8.7965,-2.047,-0.144,-0.5099,0.9944
-0.8259,-8.5571,-2.205,-0.1801,-0.6614,1.0238
-0.8068,-8.3632,-2.1499,-0.1703,-0.8691,0.9743
-1.1204,-8.107,-2.4277,-0.1795,-0.8984,0.9034
-1.8171,-7.4726,-2.7126,-0.2259,-0.8122,0.813
-2.5402,-7.0584,-2.8658,-0.3224,-0.6473,0.7519
-2.5594,-7.0943,-2.8179,-0.4153,-0.4732,0.7525
-2.3511,-7.293,-2.5594,-0.466,-0.1941,0.802
-2.557,-8.4278,-2.8586,-0.568,0.2054,0.8203
-2.6575,-9.8308,-2.7413,-0.6578,0.3141,0.7562
-2.3822,-10.4366,-1.4891,-0.7714,0.3098,0.7055
-2.3726,-10.4485,-1.4891,-0.86,0.1522,0.6792
-2.0374,-10.5156,-1.0845,-0.8838,-0.1617,0.6768
-1.9823,-10.5252,-0.9552,-0.8697,-0.7548,0.6835
-3.0717,-11.2219,-1.956,-0.8258,-1.1171,0.6224
-3.0717,-11.2219,-1.956,-0.7879,-1.3749,0.5681
-3.4979,-11.3368,-2.3151,-0.7934,-1.3242,0.5589
-3.4452,-11.0327,-2.1475,-0.7787,-0.9179,0.5876
-3.2704,-9.8141,-1.5945,-0.7457,-0.3901,0.6401
-3.213,-9.7949,-1.5418,-0.7323,0.0783,0.6902
-3.2369,-9.7734,-1.2665,-0.7543,0.06,0.7147
-3.0142,-10.0439,-1.209,-0.7323,-0.0371,0.7409
-3.1028,-10.7502,-1.6903,-0.6419,-0.1171,0.7568
-3.6128,-11.1237,-2.4875,-0.5118,-0.1916,0.7018
-4.2784,-11.0064,-3.6822,-0.3658,-0.2148,0.5607
-4.209,-10.178,-3.134,-0.2827,-0.2448,0.3952
-2.3223,-8.2171,-1.7621,-0.3609,-0.37,0.4196
-1.221,-7.3864,-1.0678,-0.3969,-0.6223,0.5534
0.146,-6.0935,-1.7214,-0.4092,-0.8581,0.7599
1.0295,-4.9323,-2.7629,-0.3988,-1.07,0.8881
0.656,-3.3542,-2.2074,-0.4721,-0.8184,0.8527
0.4692,-3.2154,-2.0087,-0.5753,-0.2264,0.6798
-0.0861,-2.9089,-1.4413,-0.6358,0.3898,0.4386
-0.4046,-3.1866,-2.3439,-0.6095,0.8174,0.2339
-0.9792,-4.5777,-2.3127,-0.5778,1.0233,0.0513
-0.9792,-4.5777,-2.3127,-0.7103,0.9042,-0.5296
-1.3814,-6.1773,-2.6024,-0.7103,0.9042,-0.5296
-1.6879,-8.052,-1.0223,-0.6566,0.4234,-0.7696
-2.3247,-9.7662,-1.458,-0.5478,-0.2826,-1.0128
-2.3367,-9.8213,-1.5011,-0.276,-1.0859,-1.2345
-2.3798,-10.0966,-1.968,-0.0616,-1.7713,-1.3561
-2.794,-10.1181,-2.6886,0.0239,-2.2411,-1.4337
-3.4811,-9.7949,-3.4045,-0.0946,-2.2429,-1.4825
-3.8163,-9.6417,-3.5338,-0.2796,-2.0205,-1.4966
-3.5673,-9.3735,-2.4277,-0.4495,-1.5215,-1.4703
-3.8115,-9.0144,-1.5011,-0.5753,-0.8367,-1.4453
-3.9743,-8.5763,-1.1731,-0.6126,-0.2722,-1.4685
-3.7756,-8.4302,-1.6663,-0.5655,0.1223,-1.3555
-3.4141,-8.5619,-2.9113,-0.5576,0.1699,-1.2058
-2.9328,-8.7463,-4.0557,-0.5832,0.3562,-1.0537
-1.5346,-8.9522,-3.1651,-0.6663,0.7319,-0.9217
-1.2473,-9.0264,-2.5977,-0.7952,1.1876,-0.8185
-1.2904,-9.2012,-2.138,-0.8936,1.5651,-0.7696
-1.1013,-9.6178,-1.8411,-0.8264,1.661,-0.8491
-0.4955,-10.1924,-1.2713,-0.7256,1.4857,-0.8796
-0.5674,-10.2187,-1.1156,-0.6022,1.1504,-0.9083
-0.6512,-10.4174,-1.446,-0.4586,0.7588,-0.9639
-0.5243,-10.4174,-1.8555,-0.2803,0.3568,-0.9792
-0.5889,-9.6968,-1.5586,-0.0597,-0.0132,-0.9822
-0.5889,-9.6968,-1.5586,0.1613,-0.122,-1.0995
-0.711,-9.4597,-2.1164,0.1613,-0.122,-1.0995
-0.6631,-9.1724,-1.6783,0.2505,0.0239,-1.1472
-0.7661,-8.8277,-1.5107,0.3189,0.366,-1.2015
-0.7661,-8.8277,-1.5107,0.672,1.107,-1.2559
-0.8954,-8.9713,-0.5147,0.672,1.107,-1.2559
-0.8954,-9.3855,-1.6543,0.8736,1.1864,-1.2406
-0.7948,-10.3001,-3.4452,1.0843,1.1614,-1.2192
-0.8738,-10.4845,-3.9791,1.1814,1.1943,-1.1905
-0.8762,-10.3624,-3.845,1.1478,1.3556,-1.1459
-0.8116,-10.1062,-3.7062,0.9701,1.6421,-1.0354
-0.1771,-9.6872,-4.592,0.8803,1.7246,-0.9413
-0.1915,-9.6968,-4.7333,0.8186,1.7649,-0.8576
-0.0502,-9.6178,-4.4987,0.7453,1.7563,-0.8271
0.1316,-9.6417,-4.0414,0.6463,1.7496,-0.8283
0.0478,-10.1158,-4.9634,0.5681,1.6384,-0.8387
0.0119,-10.19,-5.064,0.4912,1.275,-0.8655
0.0718,-10.2786,-4.6447,0.3562,1.0233,-0.8637
-0.158,-10.1948,-3.2034,0.154,0.7838,-0.8399
0.0383,-10.032,-2.1595,0.0067,0.454,-0.7764
0.1125,-9.9984,-2.114,-0.0335,0.0337,-0.6792
0.3711,-9.8452,-1.9656,-0.0408,-0.3248,-0.6023
0.6536,-9.7925,-1.3958,-0.0151,-0.6143,-0.5021
1.0271,-9.9793,-0.9385,-0.0066,-0.4421,-0.4361
1.0223,-10.1373,-0.7852,0.0752,0.0911,-0.3762
1.0271,-10.4054,-0.9121,0.2486,0.8614,-0.3524
0.7829,-10.7526,-1.5873,0.4618,1.4973,-0.3616
0.2801,-11.1572,-2.7365,0.6585,1.6433,-0.4306
-0.0167,-11.1907,-3.1507,0.6591,1.3642,-0.4599
-0.2346,-11.1979,-4.0581,0.6097,0.9781,-0.455
-0.4141,-11.1453,-4.6327,0.5272,0.6525,-0.408
-0.4572,-10.7191,-3.766,0.4111,0.4864,-0.3488
-0.4094,-10.664,-3.6655,0.2841,0.4576,-0.2773
-0.2537,-10.5036,-2.4779,0.143,0.446,-0.1502
0.0383,-10.2403,-1.8914,0.1149,0.2933,-0.0775
0.0119,-9.7375,-0.6488,0.1332,0.052,-0.047
-0.0119,-9.6896,-0.4525,0.1546,-0.1501,-0.0537
-0.2801,-9.4454,-1.0151,0.226,-0.3089,-0.0604
-0.5889,-9.261,-1.4963,0.391,-0.3492,-0.0696
-0.5889,-9.261,-1.4963,0.5565,-0.1519,0.0164
-1.0893,-8.8851,-2.8921,0.5614,-0.2246,0.1148
-1.142,-8.7678,-3.5913,0.5614,-0.2246,0.1148
-0.8547,-8.8803,-3.2632,0.4741,-0.4445,0.2437
-0.383,-9.1317,-2.77,0.3061,-0.6986,0.3866
-0.0694,-9.6154,-2.5354,0.1259,-1.0273,0.5656
0.1508,-10.4725,-2.2002,0.0611,-1.0786,0.6566
0.3758,-11.1141,-2.3463,0.0403,-1.0236,0.7391
0.6224,-11.4661,-2.8155,0.0568,-0.9314,0.8417
0.7876,-11.1285,-2.7006,0.0507,-0.8452,0.9505
0.9768,-10.2283,-2.3104,-0.0054,-0.83,1.0549
1.2904,-9.6896,-1.7477,-0.0713,-0.9143,1.1814
1.9847,-9.5603,-1.5251,-0.0616,-0.965,1.2278
2.0566,-9.6609,-1.5897,0.0116,-0.9607,1.196
2.3032,-9.8907,-1.8914,0.1136,-0.8513,1.0861
2.363,-10.2331,-1.9967,0.1888,-0.6388,0.9315
0.6727,-10.3983,-1.8339,0.2193,-0.2362,0.6499
0.3447,-10.3719,-1.81,0.187,-0.0261,0.4367
-0.9409,-10.2067,-1.8483,0.1631,-0.0383,0.2797
-1.8028,-10.0176,-2.0973,0.1625,-0.2307,0.218
-2.4205,-9.5268,-2.4995,0.1735,-0.3822,0.2351
-2.4037,-9.4909,-2.4971,0.179,-0.3816,0.3323
-2.0063,-9.4454,-2.1883,0.1723,-0.1965,0.6188
-1.7166,-9.6656,-2.0614,0.1582,-0.1049,0.8338
-1.6903,-10.0918,-2.2026,0.1674,-0.0694,0.9914
-1.6496,-10.3791,-2.2936,0.1802,-0.0969,1.0903
-1.6831,-10.5515,-2.2481,0.1772,-0.1855,1.1386
-1.8124,-10.6329,-2.5091,0.1637,-0.3853,1.1148
-2.1068,-10.4629,-2.6599,0.1558,-0.5337,1.0586
-2.1547,-10.3695,-2.7533,0.1259,-0.6455,0.9981
-2.2864,-10.2833,-2.6096,0.0874,-0.7304,0.9553
-2.2481,-10.1565,-2.6982,0.0428,-0.7512,0.9419
-2.2481,-10.1565,-2.6982,-0.0506,-0.5563,1.0293
-1.5107,-9.7901,-1.9225,-0.0506,-0.5563,1.0293
-1.0965,-9.9242,-1.5466,-0.0402,-0.4329,1.0739
-0.8116,-10.0655,-1.4796,-0.0194,-0.3346,1.0848
-0.9816,-10.5874,-1.9105,0.0122,-0.2906,1.0641
-0.9768,-10.6449,-1.9608,0.0397,-0.2289,1.0311
-1.0773,-10.8053,-2.0805,0.0519,-0.0682,0.9908
-0.9792,-10.8675,-1.7669,0.0361,0.0807,0.9663
-0.9433,-10.9298,-1.8195,0.0385,0.2047,0.9291
-0.972,-10.9274,-1.8076,0.066,0.242,0.8692
-1.3431,-10.9561,-2.1164,0.0917,0.2041,0.7959
-1.628,-10.8268,-2.2242,0.0904,0.1247,0.7189
-2.2481,-10.4581,-2.6527,0.0263,-0.0273,0.6511
-2.6144,-10.2379,-2.9328,-0.0445,-0.1085,0.6255
-3.1435,-9.9913,-3.2585,-0.1196,-0.1207,0.6017
-3.4835,-9.8021,-3.1364,-0.1929,-0.0755,0.5858
-3.5146,-9.6944,-2.6048,-0.2662,0.0087,0.5894
-3.4452,-9.6944,-2.3678,-0.3108,0.1003,0.609
-3.2776,-9.6896,-2.0949,-0.3151,0.1504,0.6511
-3.2393,-9.601,-1.98,-0.3139,0.0771,0.6957
-2.9664,-9.4023,-1.7669,-0.3304,-0.0975,0.7458
-2.9688,-9.3305,-1.719,-0.3713,-0.3382,0.7996
-2.8275,-9.0719,-1.3982,-0.4159,-0.5398,0.8423
-2.7629,-8.9282,-1.3311,-0.4324,-0.6162,0.8851
-2.9281,-9.0815,-1.6448,-0.3823,-0.5215,0.9205
-3.0047,-9.0455,-1.7764,-0.3169,-0.3455,0.9523
-3.2345,-8.8181,-2.059,-0.2595,-0.1519,0.9602
-3.2513,-8.3704,-2.1643,-0.2485,-0.0407,0.9627
-3.1818,-7.9849,-2.8299,-0.2766,-0.0145,0.9822
-3.1818,-7.9849,-2.8299,-0.3811,-0.0652,1.0751
-3.0526,-7.9538,-2.7365,-0.3811,-0.0652,1.0751
-2.8155,-8.1046,-2.5426,-0.3963,-0.0462,1.0873
-2.4564,-8.38,-2.7246,-0.3884,-0.0383,1.0684
-2.4732,-8.4518,-2.9999,-0.3713,-0.1036,1.0177
-2.4732,-8.4518,-2.9999,-0.5008,-0.5777,0.8509
-1.4437,-7.5851,-2.4396,-0.5008,-0.5777,0.8509
-0.7326,-6.3377,-1.8028,-0.582,-0.7542,0.8167
-0.4596,-5.5859,-1.5442,-0.5991,-0.8556,0.7825
-0.2537,-5.0329,-1.6352,-0.5985,-0.9045,0.7379
-0.2896,-4.8003,-1.7812,-0.6022,-0.8776,0.6554
-0.9193,-5.3441,-2.0757,-0.5857,-0.5722,0.4526
-1.0438,-5.5237,-2.1499,-0.5222,-0.2167,0.2645
-1.549,-6.7854,-2.2888,-0.4507,0.1327,0.0415
-2.3535,-8.1884,-2.4899,-0.4513,0.3129,-0.1814
-3.4165,-8.9953,-2.8227,-0.5154,0.2603,-0.3891
-3.4596,-8.9713,-2.8443,-0.5771,0.1479,-0.5528
-3.3638,-8.7056,-1.9895,-0.6193,0.0117,-0.6982
-2.8874,-8.1573,-1.2521,-0.6724,-0.0926,-0.766
-2.6958,-7.3792,-0.6751,-0.7011,-0.2246,-0.8258
-2.7269,-7.3504,-0.6727,-0.6853,-0.3034,-0.9138
-2.9759,-7.2738,-0.5913,-0.6278,-0.3425,-1.0323
-2.7293,-7.1829,0.3663,-0.5081,-0.1727,-1.2015
-2.7485,-7.7024,0.2896,-0.3908,-0.0077,-1.2779
-3.1938,-8.2602,-0.4285,-0.2326,0.0172,-1.3677
-4.1108,-9.0503,-1.4963,-0.1049,-0.001,-1.4483
-4.4101,-9.3017,-2.126,-0.0475,0.0661,-1.4636
-3.8881,-9.6752,-2.114,-0.061,0.2218,-1.3909
-3.6439,-9.9122,-1.9704,-0.1184,0.308,-1.2357
-3.4907,-9.917,-2.2218,-0.1275,0.2163,-1.1814
-3.0286,-9.8117,-2.363,-0.1282,0.1027,-1.1465
-2.0422,-9.2754,-1.8148,-0.1642,0.1101,-1.0952
-1.9057,-9.0982,-1.8076,-0.1917,0.2927,-1.0598
-1.4963,-8.7295,-1.6807,-0.1233,0.6507,-1.0708
-1.1635,-8.6337,-1.8674,-0.0414,0.7967,-1.0824
-0.7661,-9.2682,-2.3415,0.0501,0.9072,-1.1282
-0.7589,-9.3616,-2.4301,0.1253,0.9934,-1.2015
-0.8858,-9.8141,-2.8179,0.179,1.041,-1.2993
-0.96,-10.4533,-3.1866,0.2053,1.0819,-1.3976
-0.79,-10.8436,-3.1387,0.2022,1.1956,-1.4618
-0.79,-10.8436,-3.1387,0.1888,1.2622,-1.4813
-0.8954,-10.5323,-3.3734,0.1656,1.2615,-1.5002
-0.9935,-10.2498,-3.4069,0.1265,1.1705,-1.4886
-0.7254,-9.8644,-3.2752,0.0739,1.0716,-1.455
-0.7254,-9.8644,-3.2752,0.0385,0.9579,-1.4239
-0.4477,-9.7063,-3.0789,0.0385,0.9579,-1.4239
-0.5722,-9.9769,-3.4069,0.0703,0.9054,-1.4654
-0.8044,-10.4605,-3.6894,0.1081,0.7918,-1.5155
-1.0031,-10.4557,-3.2417,0.0849,0.6421,-1.5674
-1.039,-10.3217,-2.6503,0.0019,0.4815,-1.5919
-0.972,-10.1708,-2.1092,-0.1129,0.0856,-1.5057
-0.881,-10.0487,-2.2122,-0.1184,-0.1623,-1.397
-0.881,-10.0487,-2.2122,-0.0964,-0.3297,-1.1612
-0.5243,-10.0104,-1.9464,-0.0964,-0.3297,-1.1612
-0.1268,-9.9506,-1.5179,-0.1184,-0.1745,-1.0415
0.2322,-9.7327,-0.656,-0.1379,0.1736,-0.9358
0.3184,-9.7351,-0.5913,-0.0194,0.9005,-0.8087
0.3184,-9.7351,-0.5913,0.3042,1.4014,-0.6976
0.4477,-10.1158,-0.9193,0.3042,1.4014,-0.6976
0.5099,-10.9274,-1.9177,0.4453,1.3177,-0.6621
0.5363,-10.9394,-2.0039,0.5333,1.107,-0.6249
0.486,-10.9274,-2.5737,0.5926,0.7851,-0.5619
0.486,-10.9274,-2.5737,0.5828,0.7374,-0.4312
0.802,-10.6185,-2.9951,0.5828,0.7374,-0.4312
0.7493,-10.3025,-3.0837,0.5694,0.7948,-0.3707
