repouso
-0.3256,1.9057,9.5651,-0.0245,-0.0006,-0.0094
-0.2442,1.9201,9.8261,-0.0392,0.0322,-0.0027
-0.3782,1.9584,9.8548,-0.0325,0.0622,-0.0003
-0.5123,1.9608,9.6776,-0.0007,0.039,-0.0119
-0.4405,1.9584,9.5723,0.034,-0.0147,-0.0155
-0.383,1.9201,9.5507,0.0218,-0.0208,-0.0021
-0.3734,1.9057,9.6154,-0.0056,-0.0257,0.0064
-0.3711,1.8818,9.6058,-0.0258,-0.0129,0.0076
-0.3447,1.8818,9.5842,-0.0294,-0.0006,0.0064
-0.3327,1.8842,9.5986,-0.0148,0.0402,0.0076
-0.3758,1.877,9.5172,0.0047,0.0671,0.0051
-0.3878,1.9105,9.3233,0.0212,0.0658,-0.0033
-0.4118,1.9345,9.4382,0.0291,0.0494,-0.0174
-0.4261,1.968,9.4813,0.0242,0.061,-0.0271
-0.5243,2.0183,9.6465,0.0138,0.0549,-0.0363
-0.5051,2.0159,9.6537,0.0035,-0.0086,-0.0381
-0.395,1.9584,9.8931,-0.0056,-0.0306,-0.0204
-0.395,1.9584,9.8931,-0.019,-0.0501,-0.007
-0.3351,1.968,10.0056,-0.03,-0.0574,-0.0003
-0.3806,1.944,10.0176,-0.0349,-0.0672,0.0094
-0.3878,1.8219,9.8428,-0.03,-0.0843,0.0222
-0.2777,1.7717,9.5651,-0.0221,-0.0855,0.0265
-0.2489,1.8459,9.4023,-0.0062,-0.0764,0.0216
-0.3639,2.0087,9.3855,0.0193,-0.0269,-0.0003
-0.3543,1.9728,9.3592,0.0316,-0.0104,-0.0222
-0.3256,1.9416,9.4813,0.023,-0.0171,-0.0174
-0.3854,1.9225,9.5747,-0.0025,-0.011,-0.0015
-0.4357,1.9153,9.5531,-0.0093,-0.0465,-0.0076
-0.3303,1.956,9.3616,-0.0032,-0.044,-0.0106
-0.3232,1.9512,9.3807,0.0059,-0.0562,-0.0064
-0.2873,1.9201,9.5842,-0.0019,-0.0434,-0.0009
-0.3423,1.9153,9.7494,-0.0135,-0.011,0.0143
-0.395,1.9871,9.6273,-0.0038,-0.0116,0.0088
-0.4165,1.9967,9.5962,0.0114,-0.019,0.0051
-0.4237,1.9728,9.5723,0.0145,-0.0226,0.0051
-0.4261,1.9345,9.5771,0.0041,-0.0208,0.0045
-0.4165,1.8626,9.6872,-0.0062,-0.0214,0.0045
-0.4141,1.865,9.6968,-0.0044,-0.0055,0.0021
-0.4189,1.8962,9.6537,0.0108,0.0054,0.0003
-0.4501,1.9345,9.5292,0.0224,-0.0037,-0.0064
-0.3615,1.9201,9.589,0.0193,-0.0012,-0.0119
-0.3423,1.9201,9.6202,0.0059,0.0127,-0.0058
-0.3639,1.9153,9.5938,-0.0038,0.0066,-0.0027
-0.304,1.9249,9.5747,0.001,-0.0135,-0.0051
-0.3016,1.9536,9.5124,0.0059,-0.0153,-0.0027
-0.3112,1.9464,9.5459,0.0096,-0.0141,0.0003
-0.3016,1.9393,9.6273,0.0059,-0.0061,0.0015
-0.3639,1.9249,9.6513,-0.0025,0.0005,0.0064
-0.3902,1.9225,9.6776,-0.0087,0.0048,0.0094
-0.4022,1.9345,9.6752,-0.0111,-0.0019,0.0119
-0.3519,1.9321,9.5986,-0.0087,-0.0104,0.0131
-0.3327,1.9536,9.5723,-0.0068,-0.0196,0.0106
-0.2633,1.944,9.5986,-0.0074,-0.0251,0.007
-0.2633,1.944,9.5986,-0.0099,-0.0122,-0.0051
-0.2489,1.9464,9.5986,-0.0099,-0.0122,-0.0051
-0.2585,1.9369,9.6058,-0.0044,-0,-0.0131
-0.3184,1.956,9.5723,0.0053,0.0133,-0.0167
-0.3232,1.9584,9.5699,0.0145,0.0261,-0.018
-0.3495,1.9416,9.5435,0.0193,0.0255,-0.0161
-0.3256,1.9584,9.5196,0.0126,0.0249,-0.0106
-0.292,1.9416,9.4621,0.0041,0.0054,-0.0058
-0.3232,1.9153,9.5555,-0.008,-0.0055,-0.0051
-0.3136,1.9273,9.7087,-0.0184,-0.0012,-0.0039
-0.3399,1.9105,9.7973,-0.0258,-0.0025,-0.0015
-0.3687,1.9153,9.6872,-0.0227,-0.0086,-0.0015
-0.4094,1.8962,9.6561,-0.0148,-0.0171,-0.0064
-0.395,1.8842,9.6178,-0.0142,-0.0061,-0.007
-0.3519,1.8531,9.6225,-0.0166,0.0011,0.0003
-0.383,1.877,9.498,-0.0111,0.0048,0.0033
-0.3806,1.9033,9.4597,-0.0025,0.0029,0.0021
-0.3567,1.9512,9.3616,0.0022,-0.0037,-0.0009
-0.3495,1.9728,9.4334,-0.0019,0.0054,0.0021
-0.3902,2.0159,9.4837,-0.0074,0.0127,0.0027
-0.395,2.0183,9.4885,-0.0093,0.0188,0.0003
-0.4668,2.0254,9.589,-0.0129,0.0145,-0.0045
-0.4572,2.0015,9.5962,-0.0172,-0.0019,-0.0082
-0.304,1.9608,9.5866,-0.0197,-0.0336,-0.0088
-0.304,1.9608,9.5866,-0.0184,-0.0318,-0.0106
-0.3256,1.944,9.7327,-0.0209,-0.0129,-0.0119
-0.3711,1.9249,9.8141,-0.0282,0.0035,-0.01
-0.4141,1.8914,9.7854,-0.0227,0.0103,-0.0033
-0.3902,1.8243,9.6872,-0.0117,-0.0012,0.0009
-0.383,1.8243,9.5651,0.0053,-0.0129,0.0064
-0.2968,1.798,9.5675,0.0047,-0.0031,0.0088
-0.3088,1.81,9.5818,-0.0038,0.009,0.0125
-0.3423,1.8483,9.5555,-0.005,0.0121,0.01
-0.3423,1.8722,9.4526,0.0004,-0.0019,0.0015
-0.2681,1.9081,9.4142,-0.0019,-0.0184,-0.0064
-0.2322,1.9105,9.6058,-0.0197,-0.0184,-0.0064
-0.2418,1.9057,9.613,-0.0331,-0.0135,-0.0051
-0.2825,1.944,9.692,-0.0306,-0.0037,-0.0076
-0.407,1.956,9.7135,-0.0135,-0.0019,-0.0113
-0.2585,1.9225,9.6417,0.0004,-0.0012,-0.0137
-0.2537,1.9249,9.6225,0.0077,0.0066,0.0009
-0.2226,1.9416,9.5866,0.012,0.0139,0.0009
-0.2873,1.9153,9.5579,0.0151,0.0341,-0.0027
-0.316,1.8866,9.6465,0.0151,0.0457,-0.0088
-0.3375,1.8818,9.6441,0.0114,0.0585,-0.0088
-0.4788,1.9033,9.6273,0.0132,0.0432,-0.0082
-0.486,1.8938,9.6537,0.023,-0,-0.0155
-0.4429,1.8866,9.5986,0.0126,-0.033,-0.0143
-0.3854,1.8387,9.6465,-0.008,-0.0623,-0.0088
-0.2944,1.786,9.7782,-0.0325,-0.0605,-0.0027
-0.2585,1.8459,9.8117,-0.0392,-0.041,-0.0003
-0.3232,1.9416,9.5028,-0.0032,0.0017,-0.0058
-0.3423,1.9249,9.4358,0.0248,0.02,-0.0076
-0.3687,1.9393,9.4669,0.0352,0.0451,-0.0039
-0.4165,1.9464,9.5292,0.0328,0.0579,0.0015
-0.4501,1.9273,9.4813,0.0242,0.0365,0.0039
-0.4261,1.9201,9.4741,0.0102,0.0005,0.0015
-0.3998,1.8866,9.5435,-0.019,-0.0355,0.0027
-0.4213,1.9057,9.6178,-0.0392,-0.0483,0.0009
-0.3687,1.9488,9.6656,-0.0447,-0.0422,-0.0045
-0.3782,1.9488,9.6824,-0.0313,-0.0257,-0.0051
-0.3447,1.9584,9.6656,-0.0154,-0.0067,-0.0119
-0.3184,1.9943,9.6896,-0.0013,0.0225,-0.0045
-0.3926,2.0207,9.6249,0.0035,0.0261,0.0009
-0.395,2.0207,9.6273,0.0102,0.0231,0.0021
-0.3543,1.9967,9.6441,0.009,0.0158,0.0033
-0.3303,1.9656,9.6609,0.0022,0.0145,0.0051
-0.2825,1.9273,9.6704,0.001,0.0158,0.007
-0.304,1.8914,9.6441,0.0108,0.0072,0.0021
-0.3327,1.8363,9.6225,0.0248,0.0139,-0.0051
-0.3399,1.8818,9.6369,0.0285,0.0237,-0.0076
-0.3447,1.8842,9.5316,0.0267,0.0194,-0.0064
-0.3639,1.8483,9.4645,0.0187,0.0005,-0.0039
-0.3232,1.8363,9.4238,-0.0019,-0.0287,-0.0027
-0.2801,1.786,9.4933,-0.0203,-0.0385,-0.0009
-0.2657,1.786,9.5699,-0.0306,-0.0281,-0.0021
-0.2657,1.8004,9.5627,-0.0251,-0.008,-0.0051
-0.316,1.8626,9.5555,-0.0074,0.0109,-0.0082
-0.3423,1.9033,9.5316,0.0108,0.0231,-0.0088
-0.4213,1.98,9.6393,0.0212,0.0414,-0.0051
-0.4189,1.9847,9.6561,0.0071,0.0365,0.0003
-0.4477,2.0087,9.7183,-0.0099,0.02,0.0064
-0.4118,1.9823,9.7518,-0.0184,-0.0055,0.0064
-0.4046,1.9416,9.7135,-0.0215,-0.03,0.0021
-0.4046,1.9416,9.7135,-0.0184,-0.0391,-0.0021
-0.4644,1.9105,9.6537,-0.0074,-0.0293,-0.0113
-0.4644,1.9369,9.6632,0.0022,-0.0043,-0.0131
-0.4189,1.9249,9.6058,0.0114,0.02,-0.0106
-0.3974,1.9177,9.4669,0.0187,0.0194,-0.0027
-0.3687,1.9273,9.2993,0.0242,0.0023,0.0003
-0.3399,1.9321,9.285,0.0114,-0.0177,0.0021
-0.3423,1.9321,9.4334,-0.0099,-0.0239,0.0051
-0.3256,1.9153,9.4717,-0.027,-0.0257,0.0113
-0.316,1.9416,9.4909,-0.0313,-0.0367,0.0143
-0.2992,1.9393,9.4478,-0.0282,-0.0422,0.0119
-0.3495,1.9009,9.6872,-0.0282,-0.0355,0.0113
-0.3591,1.8986,9.7303,-0.0386,-0.0116,0.0125
-0.3758,1.8722,9.7877,-0.0319,0.0139,0.018
-0.4501,1.865,9.747,-0.016,0.0176,0.0204
-0.4429,1.8076,9.4885,-0.005,0.0005,0.0235
-0.4357,1.8004,9.498,-0.0123,-0.0275,0.0339
-0.4141,1.7908,9.5531,-0.049,-0.0642,0.0534
-0.3806,1.7693,9.6369,-0.0704,-0.0904,0.0601
-0.2992,1.7381,9.6417,-0.0771,-0.1179,0.0626
-0.2944,1.7262,9.6297,-0.071,-0.1289,0.0577
-0.2705,1.7118,9.601,-0.0661,-0.1191,0.0503
-0.2705,1.8794,9.5555,-0.063,-0.0837,0.043
-0.3806,1.9321,9.5483,-0.0465,-0.0489,0.0247
-0.3447,1.9536,9.613,-0.0368,-0.0245,0.0192
-0.3088,1.944,9.6321,-0.0276,0.006,0.0253
-0.3591,2.0135,9.5938,-0.0172,0.0359,0.0241
-0.4165,2.0949,9.6321,-0.0087,0.0469,0.0143
-0.3998,2.0685,9.68,-0.0019,0.0487,0.0039
-0.3543,2.0326,9.7662,-0.0056,0.0225,0.0003
-0.2418,1.9488,9.8811,-0.0087,-0.011,-0.0088
-0.0766,1.8315,9.9194,-0.0184,-0.041,-0.0161
-0.0742,1.8219,9.9266,-0.0239,-0.0623,-0.0253
-0.0167,1.7262,9.8835,-0.0203,-0.0672,-0.0351
0.0263,1.6927,9.7734,0.0065,-0.0232,-0.0436
-0.0574,1.6783,9.6273,0.031,0.0261,-0.0436
-0.0837,1.6735,9.6202,0.0523,0.0701,-0.0424
-0.1532,1.7022,9.5603,0.0719,0.1123,-0.0369
-0.2298,1.7357,9.4765,0.078,0.1318,-0.0265
-0.3256,1.8076,9.4166,0.067,0.1227,-0.0119
-0.3303,1.8124,9.4238,0.0261,0.0683,0.0106
-0.3016,1.8531,9.4238,-0.0044,0.0237,0.0174
-0.2537,1.8674,9.4095,-0.0294,-0.0116,0.021
-0.2059,1.9009,9.5627,-0.038,-0.0159,0.0186
-0.2561,1.9081,9.6752,-0.0343,0.0048,0.0106
-0.3064,1.9177,9.7375,-0.0068,0.0359,-0.0033
-0.292,1.9225,9.7758,0.012,0.0481,-0.0058
-0.3639,1.9393,9.8907,0.0236,0.0585,-0.01
-0.3399,1.9488,9.9051,0.0261,0.0683,-0.0113
-0.3471,1.9105,9.8261,0.0267,0.0585,-0.0125
-0.3208,1.9057,9.6082,0.0303,0.0274,-0.0192
-0.2609,1.8962,9.4071,0.0279,-0.0122,-0.029
-0.2681,1.8914,9.3903,0.0212,-0.0226,-0.0369
-0.2944,1.8794,9.5004,0.0163,-0.0043,-0.0448
-0.3495,1.9057,9.5675,0.0212,0.02,-0.0467
-0.4477,1.8986,9.5866,0.0358,0.0304,-0.0442
-0.4596,1.8938,9.5842,0.0542,0.0255,-0.0363
-0.4357,1.9321,9.5842,0.0493,0.0176,-0.0222
-0.4692,1.9225,9.5914,0.031,0.0005,-0.0131
-0.4165,1.9273,9.7039,0.009,-0.0037,-0.0082
-0.4165,1.9273,9.7039,-0.0056,0.0164,-0.0015
-0.4884,1.9656,9.7183,-0.0038,0.0243,0.0003
-0.4118,1.9728,9.5723,0.0248,0.0103,-0.0088
-0.3375,2.0254,9.3472,0.0395,-0.0012,-0.0131
-0.3687,2.035,9.3448,0.0395,0.0005,-0.0216
-0.4477,2.059,9.443,0.0255,0.0158,-0.0332
-0.4237,2.0781,9.5244,0.0157,0.0188,-0.0394
-0.4836,2.0254,9.5483,0.02,-0.0184,-0.0381
-0.5123,1.9895,9.6082,0.0206,-0.0568,-0.0394
-0.5291,1.944,9.7758,0.0029,-0.088,-0.0369
-0.486,1.8579,9.8069,-0.0245,-0.1088,-0.0259
-0.2322,1.8267,9.5842,-0.0398,-0.1271,-0.0082
-0.2082,1.8267,9.5364,-0.0355,-0.1191,0.0076
-0.1268,1.7621,9.3903,-0.0056,-0.0593,0.0204
-0.1604,1.7908,9.3424,0.0175,0.0133,0.0186
-0.2992,1.9488,9.194,0.0316,0.075,0.0161
-0.3471,1.956,9.1629,0.0364,0.097,0.0125
-0.4405,1.9847,9.182,0.0297,0.0738,0.007
-0.4644,2.0159,9.2395,0.0029,0.0274,0.0009
-0.3758,1.956,9.8045,-0.0581,-0.0403,-0.0058
-0.3782,1.9608,9.8261,-0.0911,-0.0697,-0.0064
-0.3351,1.9632,9.9338,-0.0985,-0.0788,-0.007
-0.2633,1.9704,9.9362,-0.0795,-0.0794,-0.0076
-0.2106,1.9297,10.0032,-0.0532,-0.0605,-0.0125
-0.2466,1.8794,9.9721,-0.0203,-0.0055,-0.01
-0.2633,1.9105,9.8596,0.0004,0.009,-0.0149
-0.2849,1.9057,9.6585,0.0206,0.0066,-0.0192
-0.292,1.9225,9.4885,0.0279,-0.0232,-0.021
-0.2944,1.8579,9.3209,0.0193,-0.0489,-0.021
-0.2489,1.8028,9.3257,-0.0013,-0.0562,-0.0131
-0.2705,1.7693,9.5842,-0.0239,0.0084,-0.0003
-0.3926,1.8243,9.6393,-0.0245,0.0475,0.0009
-0.4118,1.8195,9.6297,-0.008,0.0561,0.0033
-0.4357,1.8435,9.5555,0.0083,0.0506,0.0058
-0.4979,1.8363,9.4861,0.0083,0.0243,0.0088
-0.4644,1.8483,9.6369,-0.0276,-0.0342,0.0045
-0.4644,1.8483,9.6369,-0.0649,-0.0733,0.0088
-0.4213,1.8363,9.6202,-0.0649,-0.0733,0.0088
-0.3256,1.8674,9.5914,-0.06,-0.0825,0.0058
-0.3184,1.8219,9.6848,-0.0465,-0.0642,0.0076
-0.3184,1.8219,9.6848,-0.0148,0.0145,0.0082
-0.3447,1.81,9.8787,-0.0148,0.0145,0.0082
-0.3663,1.8674,9.8691,0.0053,0.0481,0.0094
-0.4285,1.8698,9.7686,0.0224,0.0536,0.007
-0.383,1.8579,9.7758,0.0212,0.0494,0.0051
-0.3423,1.8698,9.7039,0.0083,0.0402,0.0106
-0.3375,1.8962,9.6202,0.001,0.028,0.0119
-0.3519,1.9177,9.5603,-0.0001,0.0145,0.0076
-0.3112,1.9057,9.522,0.0035,0.0103,0.0058
-0.316,1.9201,9.4909,0.0065,0.0048,0.0094
-0.2154,1.9057,9.4885,0.0096,0.009,0.0143
-0.2274,1.8866,9.5196,0.0035,0.0066,0.0192
-0.2226,1.8579,9.5651,-0.0099,-0,0.0161
-0.1771,1.8148,9.5723,-0.0142,-0.0006,0.0167
-0.1532,1.8363,9.5507,-0.008,0.0041,0.0155
-0.2418,1.8698,9.6034,0.0004,0.0164,0.0113
-0.2705,1.8794,9.5962,0.009,0.0219,0.0045
-0.2896,1.9321,9.6154,0.012,0.0261,0.0009
-0.3639,1.9512,9.613,0.009,0.017,0.0015
-0.2801,1.8746,9.783,0.0016,0.006,-0.0003
-0.2801,1.8746,9.783,-0.0074,0.0109,0.0003
-0.2418,1.8746,9.7973,-0.0099,0.0261,0.0027
-0.2825,1.8794,9.6944,0.0004,0.0274,0.0003
-0.304,1.8866,9.6728,0.0255,0.0292,-0.0051
-0.3208,1.8842,9.6513,0.0328,0.0261,-0.0076
-0.3327,1.9105,9.5603,0.0316,0.0213,-0.0082
-0.3327,1.8842,9.5555,0.0224,0.0127,-0.007
-0.3423,1.9153,9.5292,0.0096,0.0011,-0.01
-0.3471,1.9177,9.5292,0.0029,-0.0067,-0.0119
-0.3711,1.9081,9.5004,-0.0025,-0.008,-0.0094
-0.2992,1.8698,9.4406,-0.0001,0.0017,-0.0045
-0.3711,1.8914,9.6321,0.0077,0.0127,-0.0021
-0.3902,1.8938,9.6369,0.012,0.017,-0.0021
-0.3878,1.8794,9.6393,0.0145,0.0084,-0.0033
-0.3423,1.8531,9.601,0.0022,-0.0208,0.0015
-0.3878,1.7932,9.6992,-0.016,-0.0318,0.0009
-0.3902,1.7884,9.7279,-0.0337,-0.0196,-0.0039
-0.4596,1.8267,9.8165,-0.0355,0.0127,-0.0064
-0.5171,1.8674,9.7447,-0.0166,0.0347,-0.007
-0.486,1.9512,9.4071,0.0175,0.0451,-0.0076
-0.4668,1.956,9.3951,0.0487,0.0243,-0.0021
-0.3591,1.9321,9.4023,0.0364,0.0054,0.007
-0.3639,1.9081,9.5435,0.0083,-0.0092,0.0106
-0.2489,1.9225,9.6297,-0.0129,-0.0214,0.0106
-0.1723,1.9177,9.6752,-0.0184,-0.0263,0.0143
-0.1915,1.9297,9.6417,-0.0135,-0.0232,0.0131
-0.2442,1.9105,9.6609,0.0004,-0.022,0.0009
-0.2082,1.8746,9.6202,0.0022,-0.0275,-0.0058
-0.1675,1.8698,9.5866,0.001,-0.0391,-0.0106
-0.146,1.8411,9.6058,-0.0056,-0.041,-0.0149
-0.1699,1.8435,9.6441,-0.0135,-0.0312,-0.0186
-0.3495,1.8052,9.6489,-0.0129,-0.0061,-0.0229
-0.3734,1.8171,9.6297,-0.0013,0.0151,-0.0229
-0.3758,1.8267,9.5627,0.009,0.0475,-0.0143
-0.3998,1.8626,9.4813,0.0169,0.0805,-0.0003
-0.4668,1.9201,9.613,0.0218,0.0939,0.0094
-0.4668,1.9201,9.613,0.0206,0.0701,0.021
-0.4596,1.944,9.589,0.0206,0.0701,0.021
-0.3734,1.9105,9.5818,0.0132,0.02,0.018
-0.237,1.956,9.534,-0.0013,-0.022,0.0113
-0.2394,1.956,9.534,-0.0154,-0.0562,0.0015
-0.2561,1.9536,9.6848,-0.0258,-0.0758,-0.01
-0.2729,1.8986,9.7734,-0.0313,-0.0648,-0.0265
-0.2609,1.8818,9.8668,-0.019,-0.0422,-0.0284
-0.304,1.8914,9.8428,0.001,-0.0129,-0.0271
-0.3399,1.8938,9.6944,0.02,0.0072,-0.0247
-0.3351,1.8986,9.5723,0.0297,0.0194,-0.0186
-0.3184,1.9057,9.4119,0.0291,0.0237,-0.0082
-0.3543,1.8722,9.3975,0.0169,0.02,0.0033
-0.3447,1.8555,9.4238,0.0035,0.0194,0.0027
-0.3639,1.8387,9.4765,-0.0056,0.0261,0.0027
-0.4046,1.8363,9.6297,-0.0074,0.0243,0.0003
-0.4285,1.8315,9.6632,-0.0038,0.0145,-0.0076
-0.4094,1.8507,9.6968,-0.0001,-0.0025,-0.0131
-0.4094,1.8698,9.6537,-0.0025,-0.0141,-0.0131
-0.3327,1.9416,9.7255,-0.0038,-0.0159,-0.0082
-0.3327,1.9416,9.7255,0.0041,-0.0006,0.0027
-0.3543,1.9656,9.668,0.0041,-0.0006,0.0027
-0.3663,1.9225,9.6513,0.0114,0.0066,0.007
-0.3758,1.8555,9.6249,0.012,0.0072,0.0119
-0.3758,1.8555,9.6249,0.0077,0.0054,0.0106
-0.3663,1.8483,9.5938,0.0059,-0.0037,0.0051
-0.2801,1.8842,9.5244,0.0077,-0.008,-0.0003
-0.3399,1.8914,9.4765,0.009,-0.0122,-0.0058
-0.3734,1.889,9.4693,0.009,-0.0214,-0.0149
-0.3998,1.9823,9.5124,-0.0001,-0.0129,-0.0186
-0.4165,1.9776,9.5723,-0.005,-0.0037,-0.0125
-0.3734,1.9608,9.5818,-0.0019,0.0035,-0.0058
-0.3926,1.9512,9.6178,0.0022,0.0103,-0.0003
-0.4118,1.9273,9.6992,0.001,0.009,0.0033
-0.3567,1.9393,9.7207,-0.0105,-0.0055,0.0094
-0.2442,1.9033,9.7207,-0.0111,-0.0214,0.0113
-0.2513,1.9033,9.7207,-0.005,-0.0281,0.007
-0.2992,1.9009,9.68,0.0047,-0.0318,-0.0009
-0.2753,1.9177,9.5795,0.0181,-0.022,-0.01
-0.3232,1.9728,9.4119,0.0255,-0.0061,-0.0161
-0.3471,1.9871,9.3999,0.0297,0.0182,-0.0235
-0.3663,1.9536,9.3951,0.0248,0.0237,-0.0229
-0.3926,1.9464,9.4597,0.0151,0.0298,-0.0167
-0.4548,1.8722,9.6441,0.0029,0.0255,-0.0106
-0.4525,1.8626,9.6728,-0.0099,0.0096,-0.007
-0.407,1.8459,9.7423,-0.019,-0.0012,0.0039
-0.3303,1.8555,9.7207,-0.0178,-0.0092,0.0076
-0.4118,1.8674,9.6106,-0.0111,-0.0232,0.0027
-0.3926,1.9057,9.589,-0.0105,-0.0318,-0.0094
-0.3375,1.9129,9.5866,-0.0178,-0.0355,-0.0137
-0.3327,1.8962,9.6058,-0.0215,-0.03,-0.0131
-0.3806,1.889,9.6537,-0.008,-0.0116,-0.0155
-0.3806,1.944,9.6369,0.0053,-0.0019,-0.0137
-0.3471,1.9512,9.5555,0.0169,0.0066,-0.0076
-0.3926,1.98,9.498,0.0193,0.0029,-0.0003
-0.4022,1.9345,9.5699,0.0114,0.009,0.007
-0.4022,1.9345,9.5699,-0.0105,-0.011,0.0143
-0.3303,1.9297,9.4957,-0.0105,-0.011,0.0143
-0.3495,1.9225,9.5292,-0.0148,-0.0208,0.0106
-0.4381,1.9488,9.7686,-0.0209,-0.0141,0.0045
-0.4309,1.956,9.7758,-0.0209,-0.0049,0.0027
-0.4309,1.9345,9.7925,-0.0099,-0.0074,0.0021
-0.3926,1.9009,9.7135,0.0096,-0.008,0.0076
-0.3303,1.8626,9.5579,0.012,-0.0061,0.0119
-0.3232,1.8602,9.5555,0.0047,0.0041,0.0149
-0.3136,1.8579,9.522,-0.0007,0.0103,0.0174
-0.3016,1.8818,9.3712,-0.0001,0.0054,0.0161
-0.2801,1.9057,9.2802,0.0041,-0.0135,0.0106
-0.2394,1.8866,9.4023,-0.0056,-0.0324,-0.0009
-0.2585,1.8626,9.5914,-0.0172,-0.0214,-0.0051
-0.2489,1.8243,9.7494,-0.0239,-0.0074,-0.0088
-0.3112,1.8507,9.8261,-0.0227,0.0011,-0.01
-0.3303,1.8794,9.8165,-0.0117,0.006,-0.01
-0.3639,1.8746,9.747,-0.0007,0.0005,-0.007
-0.3184,1.8986,9.6513,-0.0001,-0.0067,0.0009
-0.3351,1.9273,9.5411,0.0022,-0.0043,0.007
-0.304,1.9416,9.498,0.0041,0.0041,0.0076
-0.3064,1.9776,9.4142,0.0059,0.0072,0.0082
-0.328,1.956,9.4957,0.0022,0.0139,0.007
-0.3663,1.9369,9.5172,-0.008,0.017,0.0015
-0.3519,1.9512,9.5148,-0.0099,0.0194,-0.0021
-0.3639,1.9105,9.6656,-0.0093,0.0127,-0.0027
-0.4237,1.8938,9.7135,-0.0123,0.0048,-0.0039
-0.2777,1.889,9.7662,-0.0105,-0.0067,-0.0058
-0.2777,1.889,9.7662,-0.0148,-0.0232,-0.0015
-0.2896,1.8794,9.8787,-0.0166,-0.0171,-0.0039
-0.2896,1.8794,9.8787,0.0187,-0.0416,-0.0045
-0.3854,1.9345,9.6656,0.0187,-0.0416,-0.0045
-0.3088,1.9153,9.589,0.0316,-0.0519,-0.0003
-0.3112,1.9297,9.5244,0.0407,-0.0306,0.0125
-0.395,1.98,9.3328,0.0364,0.0151,0.0137
-0.3471,1.9321,9.5316,0.0212,0.0622,0.0119
-0.4405,1.956,9.6752,-0.0032,0.1056,0.0161
-0.474,1.944,9.6321,-0.0062,0.1263,0.0094
-0.4501,1.9225,9.7638,0.0151,0.1086,0.0027
-0.4237,1.9297,9.8811,0.0358,0.1019,-0.0058
-0.4309,1.9201,9.8763,0.0432,0.0573,-0.0125
-0.2968,1.9225,9.7614,0.0444,0.0213,-0.0167
-0.1915,1.8626,9.6178,0.0493,0.0054,-0.0167
-0.0909,1.9273,9.3017,0.0591,0.009,-0.0125
-0.1029,1.9225,9.2969,0.0682,0.0237,-0.0113
-0.1963,1.9201,9.3209,0.078,0.053,-0.0253
-0.3136,1.9009,9.2658,0.0823,0.0408,-0.032
-0.4309,1.8076,9.7159,0.0707,0.0396,-0.0277
-0.4357,1.8052,9.7518,0.0377,0.0225,-0.0198
-0.407,1.8148,9.8093,-0.0007,-0.0165,-0.0094
-0.2777,1.8435,9.6345,-0.0148,-0.0623,0.0015
-0.2274,1.8507,9.4621,-0.008,-0.1375,0.0076
-0.2011,1.8291,9.5292,-0.0044,-0.1326,0.0051
-0.3208,1.8722,9.6632,-0.0093,-0.102,0.0009
-0.3974,1.9297,9.7734,-0.0093,-0.0776,-0.0082
-0.3591,1.956,9.7039,-0.0032,-0.0636,-0.0125
-0.4118,1.9656,9.692,0.0114,-0.0581,-0.01
-0.4501,2.0063,9.6752,0.0114,-0.0501,-0.0143
-0.4477,2.0709,9.5699,0.009,-0.0507,-0.0161
-0.4525,2.0278,9.4741,0.009,-0.0599,-0.0174
-0.4644,2.0398,9.4765,0.0004,-0.0611,-0.0204
-0.4094,2.0829,9.5268,-0.0135,-0.0318,-0.0229
-0.4094,2.1332,9.4502,-0.0099,0.0365,-0.0106
-0.553,2.1404,9.5004,0.0151,0.0768,-0.007
-0.553,2.1404,9.5004,0.0438,0.1117,0.0015
-0.541,2.0901,9.5699,0.0438,0.1117,0.0015
-0.6129,2.0781,9.6632,0.0346,0.0891,0.0045
-0.3926,1.9823,9.4334,0.0114,0.017,0.0076
-0.3926,1.9823,9.4334,-0.0117,-0.0715,-0.007
-0.2681,1.9033,9.3688,-0.0117,-0.0715,-0.007
-0.2585,1.8914,9.5531,-0.0331,-0.0568,-0.0161
-0.2298,1.9321,9.7327,-0.0386,-0.0098,-0.0222
-0.2633,1.9081,9.6321,-0.016,0.0371,-0.0229
-0.3112,2.0183,9.455,0.0383,0.05,-0.0259
-0.3567,2.1164,9.3137,0.0566,0.0396,-0.0265
-0.3423,2.0542,9.3161,0.0444,0.0145,-0.0222
-0.2896,2.0087,9.3376,0.0151,-0.0153,-0.0051
-0.213,2.0135,9.4286,-0.0123,-0.0397,0.0106
-0.213,2.035,9.5747,-0.0313,-0.041,0.0143
-0.3232,1.9871,9.8308,-0.0471,-0.0342,0.018
-0.316,1.9632,9.8691,-0.0496,-0.0434,0.0198
-0.3543,1.9728,10.0343,-0.0526,-0.0568,0.0229
-0.3351,1.9297,9.9841,-0.0636,-0.0862,0.0222
-0.237,1.7956,9.9769,-0.063,-0.1246,0.0174
-0.2154,1.786,9.9577,-0.049,-0.1301,0.0131
-0.2082,1.7238,9.8452,-0.0306,-0.1362,0.0064
-0.1699,1.6927,9.6944,-0.005,-0.1136,0.0009
-0.2394,1.7741,9.3305,0.0157,-0.0703,-0.0076
-0.2394,1.7884,9.3017,0.0248,-0.0239,-0.0198
-0.2729,1.8818,9.1868,0.0297,0.0414,-0.0253
-0.3854,1.9871,9.1485,0.0352,0.1483,-0.0253
-0.4716,2.1188,9.0886,0.0358,0.1673,-0.0241
-0.4764,2.1667,9.0575,0.0346,0.1495,-0.0161
-0.4381,2.193,9.1653,0.0187,0.0994,-0.0051
-0.5027,2.1859,9.5124,-0.0123,0.0255,0.0009
-0.3758,2.1308,9.9266,-0.0642,-0.0782,0.0051
-0.2992,2.0973,10.0248,-0.0881,-0.1301,0.0125
-0.2178,1.9776,10.0583,-0.0911,-0.1631,0.0155
-0.1675,1.9249,10.1541,-0.074,-0.1393,0.0119
-0.1867,1.8052,9.8261,-0.0502,-0.1051,-0.0003
-0.1771,1.8004,9.7949,-0.0178,-0.0629,-0.007
-0.213,1.81,9.6202,0.0334,0.0451,-0.0076
-0.3112,1.8459,9.5244,0.0578,0.0994,-0.0155
-0.4596,1.9033,9.5172,0.0664,0.1159,-0.0216
-0.4572,1.9057,9.5244,0.0609,0.1111,-0.0235
-0.4596,1.9416,9.5268,0.0432,0.0787,-0.0186
-0.4285,1.8938,9.5818,0.0108,0.0041,-0.0076
-0.3256,1.8674,9.6465,-0.005,-0.041,0.0015
-0.316,1.8722,9.6465,-0.0099,-0.0727,0.0064
-0.2466,1.9009,9.6154,-0.0062,-0.0831,0.01
-0.1939,1.9632,9.5938,0.0059,-0.0776,0.0125
-0.1723,2.0542,9.3712,0.0206,-0.0599,0.0094
-0.1843,2.1116,9.1629,0.045,-0.0318,-0.0021
-0.1723,2.1045,9.1509,0.045,0.0054,-0.0113
-0.1867,2.1092,9.2969,0.0291,0.0597,-0.0174
-0.2896,2.0207,9.6872,0.0126,0.1086,-0.0265
-0.3615,1.9943,9.8883,0.0035,0.1446,-0.0345
-0.5291,2.0326,10.02,0.0151,0.1453,-0.0381
-0.5865,2.0685,9.9865,0.0444,0.0915,-0.0528
-0.5961,2.138,10.0056,0.0572,0.0445,-0.051
-0.6033,2.1116,9.9984,0.0548,-0.0177,-0.0461
-0.4979,2.059,9.6944,0.045,-0.08,-0.0351
-0.3663,2.1116,9.2012,0.0474,-0.1283,-0.0192
-0.1244,2.1571,8.9282,0.0456,-0.1411,-0.0149
-0.1173,2.1547,8.945,0.0297,-0.077,-0.0033
-0.0622,2.0925,9.0671,0.0151,-0.0006,0.0106
-0.146,2.1045,9.2491,0.0132,0.0524,0.0131
-0.213,2.0661,9.5579,0.0157,0.0799,0.0106
-0.2178,2.0661,9.5986,0.0157,0.0768,0.0113
-0.2896,2.0278,9.8021,-0.0019,0.0439,0.0094
-0.3136,1.9728,9.9003,-0.0148,-0.0006,0.0045
-0.2825,1.9608,10.0343,-0.0209,-0.041,0.0003
-0.3639,1.9369,10.0415,-0.0221,-0.0721,-0.0051
-0.3615,1.8914,9.9529,-0.0178,-0.1081,-0.0064
-0.2681,1.8531,9.9003,0.001,-0.1521,-0.007
-0.1795,1.7812,9.5124,0.0212,-0.1424,-0.0064
-0.1891,1.7908,9.3975,0.0334,-0.1136,-0.0076
-0.2657,1.8602,9.352,0.0297,-0.0642,-0.0143
-0.3184,1.8818,9.4597,0.0175,-0.0074,-0.0198
-0.4094,1.9201,9.3831,0.0059,0.0365,-0.018
-0.4453,1.9464,9.3041,0.0096,0.0353,-0.0125
-0.4118,2.0063,9.2514,0.0083,0.0219,-0.0113
-0.395,2.0757,9.2921,-0.0074,0.0261,-0.0015
-0.5482,2.1164,9.6585,-0.0251,0.0255,0.0045
-0.5386,2.1021,9.7039,-0.0374,0.0219,0.0076
-0.5267,2.1308,9.8524,-0.041,0.0121,0.0155
-0.4141,2.1452,9.8787,-0.0276,-0.0281,0.029
-0.3016,2.0159,9.7207,-0.0142,-0.0752,0.032
-0.3016,2.0039,9.7183,-0.0105,-0.1069,0.0265
-0.1675,1.9273,9.7375,-0.0233,-0.1008,0.0247
-0.146,1.8698,9.759,-0.0386,-0.0672,0.0235
-0.1843,1.8219,9.747,-0.0264,0.0243,0.0204
-0.225,1.7908,9.7063,0.0047,0.0768,0.0186
-0.3639,1.8291,9.7638,0.0322,0.1178,0.0186
-0.3184,1.8866,9.5483,0.0468,0.1306,0.0241
-0.2442,1.8459,9.3209,0.0487,0.1208,0.0339
-0.213,1.9177,9.2275,0.0352,0.1043,0.0448
-0.2011,1.9249,9.2203,0.0059,0.0298,0.0326
-0.1939,1.9823,9.2921,-0.0062,-0.011,0.0241
-0.2561,2.0709,9.6345,-0.0172,-0.0489,0.0082
-0.213,2.0709,9.6632,-0.0331,-0.0788,-0.0039
-0.1675,2.0518,9.6345,-0.0551,-0.1045,-0.0027
-0.1699,2.047,9.783,-0.0679,-0.1008,-0.0015
-0.213,2.1236,9.8739,-0.0539,-0.0617,-0.0051
-0.2274,2.1045,9.8644,-0.0282,-0.0269,-0.0015
-0.2082,2.0757,9.7303,-0.0025,-0.0025,0.007
-0.1651,2.0685,9.6393,0.0126,0.0213,0.0149
-0.1221,2.0254,9.4358,0.0175,0.0371,0.018
-0.134,2.0326,9.4286,0.0236,0.0426,0.0149
-0.1915,2.035,9.3448,0.0273,0.0335,0.0039
-0.2442,2.0566,9.4334,0.023,0.0194,-0.0088
-0.2968,1.9776,9.6202,0.0053,-0.008,-0.0167
-0.225,1.9584,9.7662,-0.0178,-0.0385,-0.0131
-0.1628,1.9009,9.8859,-0.0294,-0.0599,-0.0033
-0.1604,1.8698,9.8548,-0.0245,-0.0672,0.0003
-0.0646,1.9033,9.6058,-0.0135,-0.066,0.0064
-0.0957,1.9033,9.5435,-0.0001,-0.0501,0.01
-0.1388,1.9273,9.4621,0.0102,-0.0287,0.0051
-0.1101,1.9393,9.4502,0.0126,-0.0122,-0.0021
-0.1388,1.9488,9.4334,0.012,0.0151,-0.007
-0.1556,1.9512,9.4334,0.0114,0.0384,-0.0167
-0.146,1.9823,9.4238,0.0151,0.0683,-0.0229
-0.1723,2.0446,9.3712,0.0193,0.0842,-0.0265
-0.3232,2.1045,9.3089,0.0206,0.0817,-0.029
-0.316,2.1021,9.3352,0.02,0.0768,-0.0339
-0.3256,2.1332,9.4645,-0.0044,0.0683,-0.0265
-0.4046,2.1619,9.6369,-0.0172,0.0426,-0.0192
-0.3974,2.0542,9.7662,-0.0221,0.0035,-0.0161
-0.3974,2.0542,9.7662,-0.0478,-0.0819,0.0045
-0.3423,2.0254,9.8141,-0.0478,-0.0819,0.0045
-0.2753,1.968,9.8045,-0.0569,-0.1094,0.0113
-0.2202,1.9129,9.7039,-0.0551,-0.1045,0.0082
-0.2346,1.9129,9.601,-0.0484,-0.0807,0.0045
-0.2657,1.9201,9.7494,-0.0355,-0.0422,-0.0015
-0.2585,1.9057,9.613,-0.0215,0.0103,-0.0058
-0.3663,2.0135,9.3807,0.012,0.0603,-0.0076
-0.3902,2.0278,9.3592,0.0468,0.0744,-0.0131
-0.4118,2.0183,9.3352,0.045,0.0683,-0.0082
-0.3998,1.9991,9.3448,0.0255,0.0402,-0.0021
-0.2944,2.0207,9.5435,-0.005,0.0054,0.0033
-0.2777,1.98,9.5675,-0.0355,-0.0312,0.0082
-0.2609,1.944,9.6896,-0.0581,-0.0684,0.0094
-0.1963,1.9752,9.7303,-0.0563,-0.0825,0.0076
-0.1268,1.9153,9.7662,-0.0465,-0.0825,0.0058
-0.1173,1.9201,9.7614,-0.0343,-0.0648,0.0033
-0.1364,1.9416,9.7423,-0.0215,-0.0385,0.0003
-0.1723,1.9512,9.7207,-0.0013,-0.0171,-0.0033
-0.2298,1.9847,9.5579,0.0193,0.0029,-0.0094
-0.2298,1.9847,9.5579,0.0224,-0.0037,-0.0106
-0.1723,1.9752,9.5292,0.012,-0.0129,-0.0076
-0.1867,1.956,9.5268,-0.0007,-0.0025,-0.0039
-0.2513,1.9608,9.5172,-0.0117,0.0023,-0.0033
-0.2537,1.968,9.5459,-0.0123,0.017,-0.0045
-0.2609,1.9584,9.6225,-0.0093,0.0365,-0.0015
-0.2944,1.9536,9.6537,-0.0056,0.042,0.0021
-0.3519,1.9704,9.5699,0.0029,0.0359,0.0045
-0.3471,1.9656,9.5435,0.0047,0.0121,0.0064
-0.2178,1.9656,9.5771,-0.0062,-0.0202,0.0088
-0.1915,1.9488,9.5842,-0.027,-0.0746,0.0076
-0.1173,1.8962,9.601,-0.03,-0.0898,-0.0009
-0.1244,1.877,9.5962,-0.027,-0.1008,-0.0125
-0.1125,1.8746,9.4933,-0.0258,-0.0904,-0.0216
-0.1077,1.9488,9.5196,-0.0294,-0.0501,-0.0296
-0.2035,2.0087,9.3903,-0.0319,0.0231,-0.0326
-0.225,2.0326,9.3999,-0.0117,0.1074,-0.0259
-0.316,2.1236,9.4214,0.0004,0.122,-0.0265
-0.3256,2.1475,9.3927,0.0004,0.1098,-0.0174
-0.2753,2.047,9.7375,-0.0172,0.0524,-0.0051
-0.2537,2.0302,9.7183,-0.0465,-0,0.0045
-0.0694,1.8746,9.8261,-0.074,-0.0739,0.0174
-0.0311,1.865,9.9529,-0.0832,-0.0739,0.0137
-0.0454,1.7334,9.9362,-0.0771,-0.055,0.0033
-0.0909,1.6711,9.8739,-0.0502,-0.0214,-0.0021
-0.3471,1.6903,9.7686,-0.0215,0.0115,-0.0088
-0.3088,1.7022,9.4645,0.0083,0.0451,-0.0259
-0.4357,1.7405,9.2754,0.0456,0.0842,-0.0271
-0.4884,1.7717,9.3281,0.0444,0.0878,-0.0265
-0.5865,1.9105,9.4885,0.02,0.0597,-0.0284
-0.5985,1.9105,9.5627,-0.0111,0.0072,-0.0222
-0.3734,2.0207,9.6417,-0.0416,-0.0471,-0.0161
-0.383,2.0518,9.6369,-0.0532,-0.0666,-0.0039
-0.4094,2.0614,9.6178,-0.0386,-0.0538,-0.0039
-0.3687,2.0973,9.6154,-0.0264,-0.0293,-0.0021
-0.2801,2.1452,9.5052,-0.0074,-0.0012,0.0027
-0.292,2.1356,9.51,0.0065,0.0041,0.0045
-0.2873,2.1212,9.534,0.0108,-0.0055,0.0045
-0.407,2.0829,9.7039,-0.0062,-0.0006,0.0051
-0.213,1.9632,9.6489,-0.0221,-0.0141,0.0088
-0.1987,1.9488,9.6465,-0.0282,-0.0293,0.0198
-0.1508,1.8842,9.6848,-0.0227,-0.0037,0.0345
-0.225,1.8626,9.6321,-0.0148,0.031,0.0381
-0.2418,1.8722,9.3592,-0.0105,0.0445,0.04
-0.1508,1.8363,9.3616,-0.0129,0.0432,0.0497
-0.1604,1.8387,9.3759,-0.0215,0.0402,0.0528
-0.2513,1.8674,9.4526,-0.0355,0.0096,0.0357
-0.1795,1.7788,9.613,-0.0587,-0.0043,0.0259
-0.146,1.707,9.6872,-0.0752,0.0054,0.0332
-0.1508,1.6974,9.6178,-0.0539,0.0316,0.0345
-0.2442,1.8195,9.7255,-0.0135,0.0408,0.0161
-0.2442,1.9009,9.4957,0.02,0.0225,-0.0082
-0.1723,1.889,9.589,0.0138,-0.0208,-0.0198
-0.1149,1.9201,9.7399,-0.0251,-0.0251,-0.0088
-0.1005,1.8555,9.8739,-0.0606,-0.0428,-0.0051
-0.0957,1.8531,9.6632,-0.0649,-0.0489,-0.0131
-0.1149,1.8435,9.5675,-0.0447,-0.0452,-0.0137
-0.0335,1.8459,9.4502,-0.0215,-0.0379,-0.0155
-0.1316,1.8914,9.5938,-0.0068,0.0127,-0.0143
-0.2489,1.9464,9.5771,-0.0093,0.0292,-0.0259
-0.2489,1.9393,9.5771,-0.0282,0.0304,-0.0271
-0.1915,1.8626,9.6154,-0.0392,0.0475,-0.0143
-0.3519,1.8555,9.7255,-0.0459,0.0249,-0.0137
-0.3064,1.9081,9.8021,-0.0484,0.0103,-0.018
-0.3184,1.877,9.7494,-0.0441,-0.0031,-0.0082
-0.3663,1.8387,9.6752,-0.0337,-0.0324,-0.0003
-0.3303,1.8315,9.6321,-0.0239,-0.0465,0.0027
-0.3639,1.8004,9.6369,-0.0239,-0.0397,0.0039
-0.3471,1.7645,9.6082,-0.0251,-0.0324,0.0027
-0.3423,1.7477,9.5244,-0.0129,-0.0086,0.0064
-0.3687,1.7429,9.3951,0.0035,0.0115,0.0051
-0.4237,1.8243,9.2874,0.0212,0.0219,-0.0027
-0.3878,1.8387,9.3113,0.0151,0.0243,-0.0039
-0.407,1.8411,9.3616,-0.0025,0.0158,0.0009
-0.4022,1.8579,9.34,-0.0258,-0.0104,0.0064
-0.3208,1.7597,9.6824,-0.0471,-0.0355,0.0143
-0.3064,1.7621,9.747,-0.0673,-0.0318,0.0192
-0.3399,1.7501,9.9673,-0.0936,-0.044,0.0192
-0.292,1.7597,10.0391,-0.0899,-0.0513,0.0125
-0.0861,1.8387,9.8644,-0.0685,-0.0489,0.0113
-0.0861,1.8387,9.8644,-0.0429,-0.0697,0.0088
-0.1197,1.7621,9.7542,-0.0282,-0.1008,0.0082
-0.0742,1.7669,9.7016,-0.0227,-0.0947,0.01
0.0598,1.7118,9.5986,-0.0361,-0.0697,0.0082
0.1077,1.6927,9.6034,-0.0331,-0.0361,0.0094
0.0837,1.6855,9.6656,-0.0288,0.0029,0.0033
-0.0766,1.719,9.7662,-0.0178,0.0237,-0.0058
-0.1125,1.7621,9.6225,-0.0019,0.0439,-0.0131
-0.0861,1.8004,9.4286,0.0273,0.0579,-0.0094
-0.0981,1.8219,9.3616,0.0389,0.0561,-0.0027
-0.1795,1.8171,9.4262,0.0371,0.0432,-0.0009
-0.055,1.7166,9.601,0.02,0.0023,-0.0064
-0.0383,1.6998,9.6417,-0.0019,-0.0458,-0.0113
-0.0239,1.6424,9.7782,-0.03,-0.0855,-0.0119
0.0023,1.6256,9.8261,-0.0465,-0.0965,-0.0186
0.0861,1.6615,9.5962,-0.0361,-0.0825,-0.0241
0.0454,1.6496,9.5651,-0.019,-0.0581,-0.0271
-0.0167,1.6567,9.4526,-0.0123,-0.0239,-0.0314
-0.1101,1.6879,9.4502,-0.0111,0.0255,-0.0345
-0.1101,1.6879,9.4502,-0.0019,0.1483,-0.0424
-0.2418,1.8028,9.5795,0.0016,0.1355,-0.0455
-0.462,1.8171,9.7135,0.0016,0.1355,-0.0455
-0.5219,1.8555,9.7949,0.0071,0.0964,-0.0473
-0.5003,1.889,9.85,0.0053,0.0353,-0.0461
-0.4189,1.865,9.838,-0.0105,-0.041,-0.04
-0.3495,1.8291,9.9051,-0.0484,-0.1259,-0.0332
-0.2226,1.8052,9.929,-0.0685,-0.1326,-0.0308
-0.1197,1.8267,9.9721,-0.0655,-0.0984,-0.0271
-0.1484,1.8291,9.9458,-0.0361,-0.0416,-0.0247
-0.2322,1.7717,9.9266,0.0108,0.0084,-0.0314
-0.2705,1.7932,9.8452,0.0645,0.0518,-0.032
-0.2849,1.8076,9.4023,0.0817,0.039,-0.0265
-0.2801,1.7812,9.3448,0.0749,-0.0025,-0.0265
-0.2035,1.7357,9.352,0.0505,-0.0251,-0.0247
-0.3064,1.6639,9.5387,0.0224,-0.0269,-0.021
-0.3591,1.6974,9.6728,-0.0001,-0.0275,-0.0265
-0.3758,1.7214,9.6776,0.0035,-0.0355,-0.0277
-0.2442,1.7046,9.601,0.0175,-0.0367,-0.0235
-0.1484,1.6998,9.5962,0.0255,-0.033,-0.0143
-0.1795,1.8579,9.4238,0.0334,-0.0141,-0.0113
-0.1699,1.865,9.3831,0.0511,0.0249,-0.0155
-0.237,1.9297,9.3185,0.0652,0.0341,-0.021
-0.2082,1.9129,9.4382,0.0584,0.0164,-0.0271
-0.2585,1.8674,9.5699,0.034,0.0023,-0.029
-0.3112,1.8363,9.6345,0.0114,-0.0019,-0.0284
-0.2825,1.8435,9.6824,-0.0056,-0.0037,-0.0216
-0.3256,1.7908,9.7854,-0.0056,-0,-0.0143
-0.2944,1.7812,9.7662,0.0151,0.0384,-0.0021
-0.3447,1.8363,9.6561,0.0413,0.0494,0.0045
-0.3232,1.9536,9.522,0.0633,0.0549,0.0027
-0.2202,1.9656,9.5196,0.07,0.0775,0.0082
-0.1628,1.877,9.522,0.0554,0.0634,0.0174
-0.1412,1.8746,9.522,0.0261,0.0084,0.0137
-0.0311,1.8818,9.4214,-0.0233,-0.0739,0.0076
0.0167,1.8698,9.4334,-0.0386,-0.0947,-0.0003
-0.1651,1.8531,9.7925,-0.0386,-0.0672,-0.007
-0.1651,1.8531,9.7925,-0.008,0.0487,-0.0082
-0.1915,1.8291,9.8859,-0.008,0.0487,-0.0082
-0.2442,1.8339,9.8811,0.0426,0.0982,0.0094
-0.3639,1.8938,9.601,0.0688,0.0878,0.0076
-0.3782,1.8938,9.5986,0.0804,0.0597,0.0039
-0.3327,1.9129,9.5603,0.0755,0.0475,0.0033
-0.328,1.8962,9.4741,0.0536,0.0274,0.0003
-0.2777,1.8507,9.4765,0.0334,0.0121,-0.0039
-0.2394,1.8195,9.4909,0.0053,-0.0067,-0.0106
-0.2896,1.7908,9.4957,-0.0068,-0.0153,-0.0113
-0.2705,1.7717,9.4454,-0.0093,-0.0092,-0.0094
-0.2178,1.8028,9.534,-0.0154,0.0103,-0.0058
-0.2418,1.8579,9.7614,-0.0197,0.0371,0.0009
-0.3543,1.8722,9.8356,-0.0044,0.0396,0.0058
-0.4237,1.8938,9.9218,0.0114,0.0145,0.0094
-0.0933,1.9225,9.6968,0.0206,0.0029,0.0216
-0.1316,1.9177,9.668,0.0218,-0.0165,0.032
-0.1484,1.7405,9.7447,0.0151,0.0017,0.0284
-0.1101,1.7405,9.6393,0.0047,0.0145,0.0229
-0.2657,1.9321,9.3448,0.0303,0.0494,0.0161
-0.2729,1.9297,9.3065,0.0462,0.0597,-0.0033
-0.2705,1.9488,9.2514,0.056,0.0549,-0.007
-0.2346,1.8962,9.3376,0.0432,0.05,-0.0033
-0.2705,1.9776,9.9027,0.02,0.0414,0.0021
-0.2753,1.98,9.9051,-0.008,0.0359,0.0003
-0.3256,1.9991,9.8404,-0.03,-0.0465,0.0119
-0.1532,1.9464,9.5842,-0.0184,-0.0837,0.0375
-0.0407,1.956,9.5387,0.001,-0.0807,0.0534
-0.1077,1.8507,9.5483,0.0114,-0.0752,0.0491
-0.1675,1.7166,9.6321,0.0175,-0.0654,0.0302
-0.3208,2.0638,9.5818,0.0145,-0.03,-0.0167
-0.4501,2.0638,9.3807,0.023,-0.0355,-0.0394
-0.4046,1.9393,9.443,0.0218,-0.0208,-0.0387
-0.1723,1.7405,9.6465,0.0059,0.0109,-0.0137
-0.1364,1.8028,9.6369,-0.0019,0.0371,0.0064
-0.213,1.8315,9.3783,0.0187,0.0261,0.0015
-0.2346,1.8435,9.4071,0.0285,0.0072,-0.0064
-0.2944,1.8387,9.7039,0.012,0.0109,-0.0015
-0.2944,1.8387,9.7039,0.0126,0.0261,-0.0027
-0.2226,1.9895,9.7111,0.0126,0.0261,-0.0027
-0.225,1.9919,9.6656,0.0426,0.0329,0.0039
-0.2035,1.956,9.5172,0.0603,0.0139,0.0039
-0.1484,1.9512,9.4382,0.0517,0.0054,0.0094
-0.292,1.8626,9.5052,0.0364,-0.0031,0.0088
-0.3016,1.865,9.5292,0.0255,-0.0037,-0.0039
-0.3136,1.8746,9.5986,0.0193,0.0035,-0.0131
-0.2801,1.8818,9.6345,0.0175,-0.008,-0.0186
-0.3064,1.8363,9.9075,0.0187,-0.0214,-0.0143
-0.2873,1.7741,9.9338,0.0102,-0.0055,-0.0064
-0.1795,1.8076,9.7087,0.0151,0.0035,0.0051
-0.1316,1.8507,9.6106,0.0322,0.0396,0.0106
-0.2466,1.9321,9.7016,0.0395,0.0713,0.0094
-0.292,1.9345,9.7542,0.0401,0.0842,0.0082
-0.2609,1.9369,9.7901,0.0395,0.0726,0.0119
-0.2705,1.9584,9.5986,0.045,0.0426,0.0137
-0.2082,1.9369,9.4861,0.0419,-0.0043,0.0027
-0.1963,1.9345,9.4957,0.0163,-0.0385,-0.0106
-0.1628,1.9081,9.5244,-0.0111,-0.0519,-0.0125
-0.2011,1.8674,9.5795,-0.0251,-0.0581,-0.0174
-0.2896,1.8674,9.7447,-0.0117,-0.0336,-0.0204
-0.2944,1.877,9.7207,0.0108,-0.0012,-0.0167
-0.3016,1.9057,9.5795,0.0297,0.0206,-0.0088
-0.3064,1.9823,9.4214,0.0383,0.0463,-0.0009
-0.383,2.059,9.5124,0.0322,0.0628,0.0058
-0.383,2.059,9.5124,0.0029,0.0139,0.0125
-0.3471,2.059,9.6225,0.0029,0.0139,0.0125
-0.2896,2.0614,9.6537,-0.0044,-0.0513,0.0082
-0.1484,1.9632,9.601,-0.016,-0.1075,-0.0009
-0.0909,1.8962,9.6225,-0.0355,-0.1387,-0.0106
-0.1101,1.889,9.6537,-0.0581,-0.0941,-0.021
-0.1125,1.9369,9.6154,-0.0392,-0.0342,-0.0265
-0.2609,2.0135,9.4957,0.0083,0.0268,-0.0308
-0.3615,2.0111,9.5028,0.0536,0.0781,-0.0302
-0.3854,2.047,9.5052,0.07,0.1025,-0.0192
-0.328,2.0063,9.5627,0.056,0.0946,0.0051
-0.328,2.0063,9.5627,-0.0233,0.0103,0.0571
-0.3112,1.8866,9.7638,-0.0233,0.0103,0.0571
-0.2513,1.9464,9.6225,-0.0313,-0.0184,0.0613
-0.2513,1.8914,9.498,-0.0276,-0.0458,0.0595
-0.2346,1.889,10.0463,-0.0227,-0.0465,0.0534
-0.2346,1.889,10.0463,-0.0001,-0.0733,0.0491
-0.0933,1.8866,10.1134,-0.0001,-0.0733,0.0491
0.0383,1.8339,9.8691,0.0426,-0.1063,0.0491
-0.0837,1.8602,9.7135,0.078,-0.1234,0.0436
-0.0837,1.8602,9.7135,0.0713,-0.1656,0.0345
-0.2394,1.9656,9.7255,0.0713,-0.1656,0.0345
-0.2082,2.1547,9.3568,0.0658,-0.2138,0.0174
-0.1963,2.138,8.9378,0.0542,-0.2267,0.0137
-0.1029,2.1595,9.0264,0.0065,-0.1796,0.0167
-0.1436,2.1404,9.2538,-0.049,-0.077,0.0235
-0.2585,2.1523,9.3209,-0.0618,0.0432,0.0216
-0.4932,2.1739,9.4645,-0.0398,0.1385,0.0216
-0.5913,2.2122,9.5364,0.0169,0.1892,0.0137
-0.5865,2.2266,9.5316,0.0474,0.1532,0.0137
-0.5123,2.1475,9.4765,0.0548,0.0732,0.021
-0.3615,2.1164,9.2634,0.0377,-0.0067,0.0302
-0.3184,2.0829,9.2395,0.0016,-0.091,0.032
-0.1268,1.956,9.2347,-0.0649,-0.124,0.0229
-0.1795,1.8219,9.5387,-0.1027,-0.0929,0.0125
0.0335,1.2354,9.5627,-0.1107,-0.0257,-0.007
0.0814,1.2689,10.0583,-0.0868,0.0243,-0.021
0.3327,1.2952,10.1469,-0.0221,0.155,-0.0571
0.0071,1.5418,9.589,0.0639,0.1104,-0.0974
-0.4309,2.2577,9.7854,0.0908,-0.0043,-0.142
-0.3758,2.2146,9.8404,-0.0178,-0.0342,-0.1322
-0.1651,1.9847,10.2474,-0.1064,-0.091,-0.0748
-0.0023,1.8267,10.3073,-0.1149,-0.1808,-0.0406
0.2753,1.7621,10.2379,-0.0948,-0.3183,-0.0369
0.2992,2.0254,9.8811,-0.0557,-0.4295,-0.0516
0.1915,2.0111,9.6345,-0.0264,-0.4276,-0.0607
0.3567,1.9871,9.6824,0.0022,-0.3238,-0.0626
0.2489,2.1212,9.7279,0.0401,-0.1845,-0.0503
0.067,2.2697,9.6968,0.0774,-0.0825,-0.0503
-0.2466,2.7102,9.6273,0.1079,-0.0184,-0.0552
-0.3639,2.885,9.4142,0.0878,-0.0159,-0.0113
0.5171,0.6919,11.016,0.0273,-0.0697,0.0693
0.553,0.8738,11.0902,-0.0001,-0.0642,0.1353
0.4237,2.1475,10.0176,0.1134,-0.1301,0.0497
0.2226,2.2888,8.5188,0.3321,-0.1955,-0.062
0.1316,1.8483,9.3688,0.4873,0.053,-0.0754
0.0287,1.9105,9.5747,0.4182,0.3206,-0.0644
-0.4261,2.2697,10.0679,0.3486,0.4971,-0.0968
-0.6177,2.4612,9.8524,0.3315,0.5069,-0.1249
-0.5075,2.308,8.957,0.3297,0.3823,-0.1059
-0.5075,2.308,8.957,0.304,0.2473,-0.0632
-0.3591,2.3008,8.8325,0.1788,0.1312,-0.0033
-0.292,2.229,8.8085,0.081,0.0988,0.0192
-0.2226,2.1787,8.866,-0.0013,0.1037,0.0308
-0.2992,2.2074,8.8253,-0.0539,0.1129,0.0308
-0.3184,2.2313,8.9163,-0.0673,0.1294,0.0247
-0.3758,2.2409,9.0551,-0.0508,0.1734,0.0198
-0.4333,2.2888,9.1605,-0.0099,0.2008,0.0021
-0.4884,2.2912,9.3305,-0.0044,0.1856,-0.0119
-0.6823,2.2864,9.7782,-0.0282,0.1434,-0.0167
-0.6536,2.2673,9.9458,-0.0673,0.0732,-0.021
-0.3734,2.308,9.6704,-0.093,-0.0348,-0.0094
-0.2681,2.3247,9.5962,-0.1088,-0.1558,0.0058
-0.1316,2.2673,9.4693,-0.1272,-0.1979,0.0167
-0.0981,2.2146,9.5771,-0.1516,-0.201,0.018
-0.0047,2.1715,9.6297,-0.1724,-0.1686,0.0149
-0.0071,2.1667,9.6178,-0.1718,-0.1283,0.0076
0.067,2.1787,9.3951,-0.1485,-0.088,0.0003
-0.0023,2.1571,9.3376,-0.0972,-0.0245,-0.0027
-0.2178,2.2816,9.3281,-0.0746,0.0103,-0.0045
-0.2202,2.2936,9.3041,-0.0618,0.0005,-0.0051
-0.2873,2.2888,9.2371,-0.0624,-0.0397,-0.0033
-0.2035,2.2409,9.2682,-0.0881,-0.0684,0.0058
-0.0814,2.1547,9.261,-0.1455,-0.0935,0.0265
-0.0574,2.1739,9.419,-0.1742,-0.0764,0.0369
0.0861,2.0805,9.4573,-0.1913,-0.0465,0.0442
0.0215,1.9464,9.352,-0.1907,-0.0361,0.0522
-0.0023,1.8507,9.8668,-0.1846,-0.0086,0.0406
-0.0407,1.7956,10.0008,-0.1852,0.0353,0.0339
-0.2011,1.8387,10.3839,-0.1363,0.1062,0.018
-0.2442,1.8722,10.2019,-0.0728,0.1269,0.0064
-0.1484,1.9823,9.7518,-0.0013,0.1104,0.0009
-0.1316,1.9776,9.6752,0.0328,0.0616,0.0009
-0.1149,1.9823,9.6082,0.0285,0.0243,0.0009
-0.1029,1.9871,9.6225,-0.0123,-0.0074,0.0039
-0.0335,1.9847,9.5459,-0.0392,-0.0416,-0.0015
-0.0407,1.9512,9.5459,-0.0514,-0.0501,-0.0033
0.0311,1.9321,9.5435,-0.052,-0.0263,-0.0009
0.0478,1.9416,9.4597,-0.0459,-0.0025,0.0015
-0.1675,1.9704,9.4406,-0.0398,0.0188,-0.0003
-0.1699,1.9632,9.443,-0.0429,0.0512,-0.0082
-0.2896,1.9369,9.5842,-0.0471,0.0762,-0.0045
-0.2585,1.9416,9.6178,-0.0502,0.1013,0.0021
-0.2322,1.9416,9.419,-0.041,0.1172,0.0088
-0.2729,1.9656,9.3688,-0.0398,0.0689,0.0064
-0.2274,1.9009,9.6465,-0.0545,0.0139,0.0051
-0.2609,1.8722,9.7423,-0.0936,-0.019,0.0058
-0.3256,1.786,9.8069,-0.1021,-0.0648,0.0003
-0.2322,1.7429,9.8021,-0.096,-0.0862,0.0015
-0.0933,1.7836,9.8045,-0.085,-0.0764,0.0045
-0.0861,1.8148,9.7662,-0.0795,-0.0568,0.007
-0.0933,1.9728,9.7039,-0.0673,0.0005,-0.0039
-0.0814,1.9871,9.6537,-0.0453,0.0249,-0.0076
-0.2777,1.9177,9.4023,-0.0111,0.0555,-0.0045
-0.1915,1.9393,9.3712,0.0187,0.0872,-0.0021
-0.3351,2.0614,9.2754,0.0297,0.1062,0.0125
-0.3471,2.0207,9.3831,0.0248,0.0933,0.0119
-0.5339,1.9895,9.8189,-0.0166,0.0445,-0.0033
-0.7493,2.1571,9.9266,-0.0361,0.0371,-0.0027
-0.4094,2.0661,10.2283,-0.0465,0.0127,-0.0119
-0.4094,2.0661,10.2283,-0.0392,-0.0281,-0.0186
-0.3495,2.0063,10.3815,-0.0392,-0.0281,-0.0186
-0.1316,1.9369,10.1349,0.009,-0.0574,-0.0198
0.0215,1.8315,9.8548,0.0584,-0.0746,-0.0106
0.043,1.7812,9.5962,0.1061,-0.0587,-0.0155
0.146,1.798,9.4238,0.144,-0.0422,-0.0253
0.0694,1.8842,9.1868,0.158,0.0048,-0.0339
-0.0167,1.8555,8.8995,0.169,0.072,-0.0406
-0.1508,1.9177,8.9881,0.1507,0.1251,-0.0442
-0.4118,1.9225,9.5076,0.133,0.207,-0.0522
-0.5674,1.9776,9.7973,0.1372,0.2735,-0.0644
-0.735,2.1547,9.9051,0.1849,0.3029,-0.0925
-0.7302,2.2122,9.8189,0.2521,0.3071,-0.1218
-0.7158,2.2697,9.8093,0.3022,0.2509,-0.1456
-0.9074,2.2744,9.8165,0.2961,0.1013,-0.1554
-0.9337,2.3894,9.1509,0.2625,0.0121,-0.1432
-0.9217,2.3511,9.115,0.1996,-0.0764,-0.1169
-0.6584,2.2577,8.9163,0.0902,-0.1607,-0.0815
-0.4118,2.114,8.9258,-0.0374,-0.2089,-0.0369
-0.2873,1.8483,9.4502,-0.1803,-0.1527,0.0161
-0.2873,1.8483,9.4502,-0.2371,-0.0733,0.0302
-0.1915,1.7238,9.7327,-0.2616,0.0158,0.0418
-0.2753,1.9105,9.9075,-0.2475,0.0732,0.0644
-0.5003,2.1021,9.7399,-0.209,0.0756,0.0772
-0.4908,2.1021,9.6297,-0.1485,0.0952,0.0919
-0.8571,2.3056,9.0527,-0.0575,0.119,0.1096
-1.4628,2.9448,8.6122,-0.0337,0.0787,0.0968
-1.2832,2.5378,9.2778,-0.0459,0.1404,0.1365
-1.0295,2.3223,9.3951,-0.0722,0.1813,0.2183
-0.8978,2.2816,9.2371,-0.0948,0.0695,0.2641
-0.9816,2.3894,9.3544,-0.1455,-0.0458,0.2739
-0.292,2.0661,9.7925,-0.2054,-0.0159,0.3051
-0.1125,1.9321,9.8117,-0.253,0.0481,0.3527
0.5626,1.3383,9.941,-0.2634,0.0506,0.3704
0.984,0.9816,9.9529,-0.2469,0.0286,0.3448
1.0702,0.6943,10.2259,-0.2206,0.0243,0.2672
1.0175,0.7062,10.3432,-0.1571,0.0958,0.101
0.6081,0.905,10.7957,-0.0972,0.1349,-0.0051
0.1173,1.3144,10.6928,-0.0044,0.1404,-0.0968
-0.2346,1.9153,9.8093,0.1055,0.0854,-0.1646
-0.2513,1.9225,9.759,0.2038,0.031,-0.197
-0.3711,2.0231,9.273,0.2924,0.0029,-0.2055
-0.4692,2.1021,9.0096,0.2918,0.0115,-0.1774
-0.553,2.1499,9.1988,0.2356,0.0347,-0.1371
-0.5195,2.0805,9.2323,0.1434,0.0353,-0.0943
-0.3495,1.9057,9.3137,0.0474,-0.0055,-0.0528
-0.3208,1.7118,9.5627,-0.0447,-0.091,-0.0222
-0.2106,1.6089,9.3544,-0.1247,-0.1924,0.0003
-0.1628,1.6017,9.2898,-0.1119,-0.2199,0.0033
0.0383,1.6639,9.2155,-0.0795,-0.2114,-0.0198
0.0718,1.7764,9.1413,-0.0581,-0.1882,-0.0748
-0.1292,1.9057,9.0982,-0.0331,-0.1527,-0.1261
-0.0981,1.9201,9.1437,-0.0129,-0.099,-0.1395
-0.1197,1.9369,9.5483,-0.0233,-0.0416,-0.1408
-0.1723,1.8602,9.7518,-0.0331,-0.0611,-0.1389
-0.067,1.8626,9.6441,-0.0325,-0.0929,-0.1328
-0.0598,1.8531,9.6297,-0.0306,-0.1259,-0.1237
-0.1101,1.7764,9.6249,-0.0453,-0.1643,-0.123
-0.1053,1.6903,9.5387,-0.1064,-0.1839,-0.1145
-0.1891,2.0087,9.2012,-0.1406,-0.1698,-0.0962
-0.1628,2.0183,9.2036,-0.1565,-0.0831,-0.0766
0.0119,2.3558,9.0862,-0.1547,0.0151,-0.0222
-0.4884,1.7214,8.9929,-0.1327,0.1703,0.0259
0.407,1.403,10.0415,-0.0881,0.29,0.0925
-0.0957,1.4987,10.2211,-0.0905,0.5026,0.1151
-0.4596,1.81,10.2259,-0.0404,0.5478,0.0601
-0.6871,1.8483,10.4007,0.0303,0.5057,0.0339
-0.4548,2.0805,9.419,0.0792,0.3664,0.0265
-0.4118,2.5953,9.3113,0.1012,0.2552,0.0113
-0.9672,2.624,9.3209,0.0352,0.0946,-0.0235
-1.4221,1.9656,9.3568,-0.0154,-0.0642,-0.0003
-0.0071,1.482,9.68,-0.0948,-0.1271,0.0754
-0.0311,1.5227,9.6369,-0.1852,-0.0746,0.1328
-0.1197,1.6639,9.668,-0.2066,-0.0135,0.0907
-0.2944,1.695,9.8572,-0.1931,0.0109,0.0241
-0.5386,1.7381,9.6249,-0.14,0.0738,-0.0479
-0.6057,1.7405,9.6321,-0.107,0.1288,-0.0681
-0.8547,1.7621,9.759,-0.0972,0.152,-0.0675
-0.881,1.7166,10.0391,-0.0807,0.1654,-0.0565
-0.893,1.8674,9.8883,-0.0624,0.1385,-0.0448
-0.8762,1.8842,9.9027,-0.0319,0.0603,-0.0302
-0.6344,1.8602,10.1828,-0.0288,0.0041,-0.0106
-0.6009,1.7405,10.4126,-0.0258,-0.0391,0.0058
-0.4357,1.7286,10.1301,-0.0203,-0.0892,0.0143
-0.4118,1.6711,10.008,-0.0203,-0.1179,0.0253
-0.3734,1.6424,9.9434,-0.0319,-0.1399,0.0113
-0.3543,1.6448,9.5435,-0.0374,-0.1136,-0.032
-0.3447,1.8435,9.7925,-0.0013,-0.0208,-0.0558
-0.3615,1.8411,9.9027,0.0578,0.0958,-0.0491
-0.6009,1.8938,9.747,0.1488,0.1746,-0.0271
-0.7661,1.9416,9.194,0.2533,0.1691,-0.0271
-0.8547,2.0733,8.7319,0.3168,0.1056,-0.0216
-0.881,2.0997,8.708,0.2832,0.0219,-0.0174
-0.7972,1.9632,8.8899,0.1934,-0.0312,-0.0204
-0.711,2.0566,9.0575,0.07,-0.0959,-0.0082
-0.6224,1.6543,9.1772,-0.0465,-0.1735,-0.0216
-0.5865,1.6735,9.1892,-0.1345,-0.2242,-0.0503
-0.5722,1.7788,9.5411,-0.2982,-0.2273,-0.0675
-0.6751,1.798,10.0559,-0.4253,-0.1607,-0.076
-0.4237,1.6112,10.36,-0.4656,-0.0733,-0.0662
-0.4118,1.5897,10.336,-0.4173,-0.0226,-0.0394
-0.3471,1.4652,10.19,-0.3135,0.0005,-0.0161
-0.328,1.4293,9.996,-0.1876,0.0072,0.0051
-0.2466,1.367,9.6082,-0.0135,0.0133,0.0149
-0.2346,1.3263,9.34,0.0633,-0,0.0015
-0.2585,1.4293,9.1653,0.0975,-0.0055,-0.0222
-0.3782,1.2785,9.1964,0.089,-0.019,-0.0406
-0.7134,1.4676,9.2874,0.0529,-0.0257,-0.0595
-0.6129,1.4724,9.3903,-0.0019,-0.0184,-0.0693
-0.7709,1.4197,9.6656,-0.0325,-0.0257,-0.0546
-0.7709,1.4197,9.6656,-0.0502,-0.0214,0.0009
-0.3687,1.5658,9.6872,-0.0502,-0.0214,0.0009
-0.4237,1.5969,9.668,-0.049,-0.0116,0.0155
-0.3782,1.64,9.6872,-0.0368,0.0151,0.0155
-0.4333,1.6065,9.5052,-0.0111,0.0469,0.0204
-0.3423,1.5514,9.5579,0.0035,0.0469,0.0192
-0.3375,1.5514,9.5938,0.0035,0.0634,0.0204
-0.4405,1.6112,9.8141,0.0004,0.0781,0.0167
-0.3232,1.2497,10.1277,0.0022,0.0817,0.0009
-0.5123,2.1811,9.5076,0.0169,0.0799,-0.0143
-0.5315,2.1643,9.4813,0.1091,0.0597,-0.0577
-0.6679,1.7836,9.7255,0.1256,0.1208,-0.0339
-0.5434,1.5873,10.0487,0.103,0.1367,-0.0106
