andar
0.2585,-8.9091,0.0263,-2.0941,1.906,-0.1154
0.7038,-8.5452,0.2202,-2.0514,1.881,-0.2693
0.8954,-8.1788,0.1077,-1.793,1.5303,-0.5265
0.893,-7.9538,-0.5075,-1.5792,1.1473,-0.6737
0.62,-7.8532,-0.7278,-1.523,0.7649,-0.7898
0.3806,-8.0232,-0.6177,-1.7044,0.5713,-0.8106
0.1532,-8.4566,-0.3112,-1.8565,0.3599,-0.7727
0.0071,-8.9953,-0.0239,-1.8382,0.3599,-0.755
0.0215,-9.4478,0.1244,-1.7185,0.7307,-0.6719
0.1532,-9.8117,0.3208,-1.6843,1.0801,-0.576
0.4812,-10.0487,0.6655,-1.625,1.3904,-0.4893
0.8427,-10.2857,1.0223,-1.4466,1.5328,-0.4667
0.5722,-10.7095,1.1923,-1.1491,1.4766,-0.5265
0.2202,-11.0662,1.2665,-0.7221,1.132,-0.7183
-0.7709,-11.4517,0.9648,-0.487,0.8107,-0.8374
-2.2146,-11.9784,0.292,-0.3031,0.6091,-0.9108
-3.1555,-12.826,0.1819,-0.2212,0.7136,-0.8295
-3.7277,-13.5012,0.2896,-0.275,0.9763,-0.62
-3.2417,-13.8675,1.2258,-0.4277,0.9775,-0.3573
-2.5977,-14.1213,2.1547,-0.4741,0.6104,-0.0433
-2.4564,-14.1787,2.114,-0.2218,0.5309,-0.0256
-2.3678,-14.1907,2.0494,0.0981,0.3385,-0.0067
-2.5043,-13.8818,1.9776,0.4207,0.0862,0.0476
-2.9879,-13.7885,2.1499,0.7383,-0.1849,0.116
-3.529,-13.8531,2.1763,1.2545,-0.3303,0.2199
-3.7732,-13.8052,2.0638,1.7426,-0.4323,0.3323
-3.3973,-13.5538,1.8938,2.2429,-0.5972,0.5271
-2.6527,-13.5347,1.5777,2.7023,-0.6638,0.7275
-1.221,-13.731,0.9121,3.1409,-0.6766,0.8558
0.1939,-13.9968,0.2035,3.4713,-0.7151,1.0024
1.7357,-14.5139,-0.7086,3.6479,-0.5007,1.2229
3.2704,-15.254,-1.8315,3.5935,-0.351,1.3286
4.5801,-15.7089,-2.3104,3.3968,0.0074,1.2785
5.6721,-16.0393,-2.6647,3.1384,0.5224,1.1093
6.6777,-16.1925,-2.5809,3.0743,0.9757,0.9987
7.1852,-16.0465,-2.0853,3.0498,1.1271,1.0965
5.9714,-15.6012,-2.1978,2.9087,0.7869,0.9779
4.7764,-15.2732,-2.375,2.8226,0.6714,0.7434
3.5003,-15.2827,-1.7788,2.5526,0.1479,0.7165
2.5498,-15.2995,-0.7541,1.9753,-1.7585,0.9871
1.4125,-14.9715,-0.6153,1.9167,-3.106,1.2278
0.5003,-14.6528,-0.5099,2.6106,-2.6699,1.2553
-0.1819,-14.0183,-0.6009,2.9277,-1.8153,1.3579
-0.4141,-13.2138,-0.9026,3.1891,-1.0542,1.441
-0.407,-12.0455,-1.5179,3.3504,-0.9986,1.4648
-0.2753,-10.7574,-2.0015,3.3742,-1.4384,1.361
-0.0766,-9.5004,-2.4516,3.2789,-2.2178,1.2351
0.0454,-8.2938,-2.7868,3.0498,-3.0859,1.0048
0.0694,-7.1661,-3.1507,2.8953,-3.3119,0.7971
0.1173,-6.1845,-3.4715,2.8018,-3.2618,0.6236
0.225,-5.3393,-3.5266,2.6296,-3.0389,0.5094
0.4094,-4.5489,-3.4213,2.3559,-2.7444,0.419
0.6081,-3.8762,-3.2273,1.9491,-2.5893,0.2816
0.79,-3.3399,-3.0502,1.6296,-2.4848,0.1979
0.9528,-2.9568,-2.8036,1.3016,-2.4005,0.1679
1.0247,-2.6862,-2.5689,1.0548,-2.3015,0.1582
0.9672,-2.5809,-2.4588,0.8721,-2.213,0.1618
0.9217,-2.4971,-2.3702,0.654,-2.089,0.2339
0.8882,-2.5019,-2.2481,0.1947,-1.7029,0.5302
0.8355,-2.5402,-2.0494,-0.1418,-1.381,0.777
0.802,-2.5426,-1.5538,-0.4558,-1.1189,1.0079
0.7829,-2.5426,-1.1204,-0.7368,-0.9369,1.1966
0.8475,-2.6336,-0.3064,-1.0007,-0.7322,1.3267
1.154,-2.9999,0.9935,-1.3416,-0.4451,1.3652
2.0087,-4.0054,3.1507,-1.4888,-0.3431,1.2944
2.6192,-5.38,5.4207,-1.4692,-0.3242,1.0567
2.5641,-7.3169,7.5755,-1.2133,-0.2625,0.5705
2.0829,-9.7614,9.601,-0.9225,-0.3339,0.0653
1.6807,-12.6991,11.3392,-0.6519,-0.7481,-0.2645
1.6807,-12.6991,11.3392,1.1097,-2.2747,-0.2492
1.5562,-15.4719,11.514,1.1097,-2.2747,-0.2492
1.5418,-14.4325,10.6688,1.5325,-2.472,0.039
1.6615,-11.4661,9.7087,1.5606,-1.9949,0.248
1.8052,-8.8061,8.8684,1.373,-1.318,0.3616
2.3415,-6.6633,7.8963,1.1611,-0.9338,0.4147
3.2273,-6.7447,7.19,0.7438,-0.8532,0.4966
3.6415,-9.3688,6.7375,0.2087,-0.9778,0.4386
3.8402,-11.897,6.4478,-0.2536,-0.7585,0.1514
1.118,-30.9124,1.9752,-0.5749,0.0526,-0.1618
2.5091,-27.3714,5.368,-0.3489,1.3807,-0.405
-1.6543,-1.0271,-16.0297,0.8245,2.8809,-0.4917
-1.8195,0.146,-16.9611,1.5178,1.2139,-0.3842
4.0797,5.5404,-12.7302,0.9106,0.9024,0.0073
12.3017,2.5857,-0.486,-0.6843,1.2957,0.6707
9.5627,-1.039,10.9513,-1.8229,0.9928,0.8313
3.2202,-3.6391,-0.6655,-2.016,0.5786,0.4245
-5.6194,-8.6337,-18.3784,-1.2102,0.0905,0.1704
-4.2832,-12.7087,-13.5203,-2.0874,2.088,0.4453
-3.845,-14.8254,-3.5146,-3.4869,4.3372,0.5784
-4.7884,-16.1351,-0.6488,-3.8748,5.3201,0.1887
-5.7511,-17.5907,1.7214,-3.5718,5.1912,-0.2632
-4.8988,-17.258,2.1236,-2.8516,3.8791,-0.5595
-2.2912,-13.2569,1.3599,-2.5407,2.8131,-0.6072
-1.6424,-12.7494,1.2042,-2.4277,1.9097,-0.6273
1.118,-10.6066,0.2513,-2.5224,1.3012,-0.6249
2.4229,-8.8756,-0.225,-2.7386,1.1247,-0.6352
2.794,-6.3592,-1.5298,-2.939,1.3422,-0.7605
2.7748,-6.23,-1.6663,-3.0135,1.9799,-1.0494
1.0989,-5.9594,-2.217,-3.0172,2.1919,-1.2229
-1.4748,-6.807,-2.8467,-3.0746,1.9298,-1.3854
0.8188,-9.4909,-2.6455,-3.077,1.3623,-1.0659
0.5746,-9.5124,-2.5617,-2.8241,0.779,-0.2327
-1.9991,-9.9098,-1.4413,-2.2982,0.5713,-0.2736
-2.2002,-10.6664,-0.1532,-2.0801,0.6049,-0.5241
-1.4652,-11.2123,0.0694,-1.9353,0.8498,-0.5516
-1.0558,-10.7215,0.3495,-1.8376,1.1998,-0.4502
-0.0526,-9.2538,1.2976,-1.8962,1.6103,-0.2895
0.6607,-7.767,2.047,-2.0398,2.1491,-0.1276
1.9656,-6.1701,0.8667,-2.0514,2.6836,-0.1466
2.1859,-5.9834,-0.7254,-1.8529,2.5095,-0.2712
1.2569,-6.1126,-3.031,-1.6036,2.0257,-0.4868
-0.1843,-7.0823,-3.7541,-1.4479,1.4582,-0.7226
-1.4125,-9.7447,-0.4788,-1.454,0.8364,-0.8607
-1.5131,-10.0272,-0.0598,-1.6336,0.2328,-0.8863
-1.9512,-10.7502,1.0247,-1.8596,0.052,-0.8106
-1.7525,-11.2314,1.5059,-1.8736,0.4473,-0.7544
-1.7525,-11.2314,1.5059,-1.7618,1.2609,-0.5595
0.5698,-11.8444,0.8116,-1.6775,1.3752,-0.4752
2.1164,-11.8731,2.4492,-1.6775,1.3752,-0.4752
2.5091,-11.0591,3.8355,-1.4698,1.2597,-0.4825
-1.0031,-12.4549,1.9033,-1.2078,1.0826,-0.5992
-1.3694,-12.5842,1.6855,-0.895,0.9402,-0.722
-5.0041,-13.415,-0.292,-0.6281,0.8498,-0.8197
-7.135,-13.9656,-2.1092,-0.4302,0.7307,-0.8704
-6.6896,-15.2061,-2.4396,-0.2994,0.713,-0.7874
-4.5226,-15.7376,-0.2849,-0.319,0.9647,-0.5057
-0.225,-15.4982,3.6415,-0.4228,0.9732,-0.306
1.379,-15.5126,5.4734,-0.4937,0.749,-0.1221
-0.9361,-15.0409,3.1531,-0.3849,0.5468,-0.0824
-1.9943,-14.1332,1.8531,-0.1192,0.341,-0.0842
-2.7629,-11.8779,1.0295,0.1574,0.0813,-0.0091
-3.8163,-11.8348,1.9512,0.6113,-0.1165,0.0995
-4.4771,-13.5012,2.8538,0.9118,-0.1,0.1722
-4.4316,-13.4365,2.8371,1.2851,-0.1941,0.2528
-3.0334,-12.7757,2.2218,1.7377,-0.3938,0.3518
-1.3838,-12.7206,1.3287,2.2362,-0.5508,0.5125
3.1483,-13.1157,-0.8619,2.9301,-0.5233,0.7519
3.8666,-13.1229,-1.0821,3.2875,-0.5123,0.9132
6.2898,-13.7549,-2.3032,3.4836,-0.4017,1.0531
7.5659,-15.1319,-3.6798,3.5434,-0.1525,1.1129
7.9921,-16.9659,-5.3968,3.5288,0.1021,1.1624
7.9921,-16.9659,-5.3968,3.4359,0.4082,1.1435
7.7982,-16.4703,-4.4675,3.139,0.8944,0.9938
8.7798,-16.1854,-2.3151,3.0779,1.0655,1.0067
8.3656,-15.3067,-0.3184,3.0101,0.8956,1.1478
6.7064,-14.5905,0.237,2.91,0.5871,1.1459
1.1731,-14.6576,-1.6735,2.7627,0.3996,0.9517
-0.6703,-15.1151,1.8962,2.3675,-0.4537,0.769
-1.8219,-15.0002,3.2297,1.9796,-2.1714,0.9676
-1.8626,-14.7656,1.5394,2.1421,-2.8953,1.116
-3.5721,-13.221,0.6895,2.5379,-2.6247,1.1942
-2.7102,-11.5427,0.0167,2.8336,-1.8397,1.2418
-0.7829,-9.1054,-2.0757,3.067,-1.0163,1.3762
-0.8475,-8.5811,-2.533,3.2239,-0.7732,1.331
-0.2442,-6.9051,-3.4452,3.1696,-1.158,1.1624
-0.316,-5.6506,-3.6511,3.0254,-1.924,1.0054
0.4094,-4.288,-4.4987,2.9008,-2.4262,0.8521
0.292,-4.1802,-4.4029,2.8336,-2.7157,0.7269
0.316,-3.857,-4.501,2.7511,-2.6962,0.565
0.8499,-3.5242,-4.2904,2.6222,-2.5105,0.3982
2.1595,-2.375,-3.1794,2.4396,-2.3284,0.3701
2.2146,-2.308,-3.1555,2.2276,-2.1134,0.3549
2.6695,-1.7693,-2.9855,2.0438,-1.9814,0.2981
2.5881,-0.5386,-2.7102,1.8458,-2.0975,0.2657
1.8746,-0.4165,-2.0159,1.4445,-2.2307,0.2235
1.4532,-0.6584,-1.9081,1.059,-2.1806,0.2156
0.9265,-1.1252,-2.0135,0.6962,-2.114,0.2626
0.395,-1.7286,-1.8866,0.3791,-1.9118,0.3579
0.0814,-2.3127,-1.3814,0.0346,-1.6485,0.4984
-0.1747,-2.4372,-0.9504,-0.3245,-1.4298,0.6872
0.0574,-2.7868,0.3351,-0.8217,-1.1922,0.9401
-0.0311,-3.6296,3.0214,-1.129,-1.0957,1.0647
2.6551,-6.7734,11.7438,-1.4143,-0.9405,1.1508
3.5697,-7.4462,13.1348,-1.611,-0.7628,1.2351
6.3425,-11.1548,15.8358,-1.6128,-0.5929,1.2394
5.3034,-15.3665,15.5317,-1.1296,-0.4189,0.6982
0.3591,-24.3639,20.8086,-0.9726,-0.5196,0.1288
0.3208,-24.642,20.562,-0.7802,-0.9301,-0.2553
-0.4357,-22.9083,14.8925,0.056,-1.5404,-0.4306
-0.0718,-16.2811,9.17,1.2252,-2.1788,-0.3671
1.0558,-4.0749,6.0767,1.9405,-2.5367,-0.0195
1.2066,-3.3806,6.06,1.8122,-2.0169,0.3292
2.8179,1.0534,5.8828,1.3816,-1.5746,0.4153
5.8708,0.4357,4.6136,1.0041,-1.3968,0.4282
8.5164,-8.7726,4.853,0.6931,-1.2948,0.4831
6.9267,-13.2402,4.3861,0.2637,-1.2728,0.4996
3.3111,-19.3098,6.5268,-0.1394,-1.0529,0.2455
0.8259,-26.1623,4.604,-0.6385,0.0838,-0.1857
3.9959,-20.8373,-0.395,-0.2554,1.2072,-0.1991
3.541,-12.5866,-5.2148,0.5141,2.5456,-0.1624
0.5075,-1.5945,-14.0183,1.0902,1.994,-0.2333
3.0142,3.2513,-10.9561,0.7695,1.0514,-0.1343
9.8596,-0.9313,6.625,-1.1333,1.3733,0.4605
9.2203,-1.4604,8.2746,-1.8492,1.2493,0.4954
3.2537,-4.5633,1.1228,-1.8205,0.7399,0.2742
-4.9323,-8.8325,-14.9619,-1.3855,0.2475,0.2345
-3.3949,-13.2569,-7.1302,-1.7881,1.3391,0.4263
-3.2178,-13.573,-5.5931,-3.1613,3.5395,0.6603
-4.2473,-14.9021,-0.6799,-3.8614,5.165,0.2388
-4.1491,-16.3697,1.0678,-3.4949,4.9664,-0.1844
-2.6934,-14.768,1.7022,-3.0349,4.1937,-0.405
-2.533,-14.4947,1.6208,-2.713,3.3379,-0.5601
-0.8212,-11.9808,1.2354,-2.5407,2.4454,-0.6481
1.3838,-10.1636,0.9289,-2.6183,1.4118,-0.6316
2.624,-8.344,-0.802,-2.7166,1.2212,-0.6572
2.5929,-7.5971,-1.8291,-2.7588,1.4344,-0.7599
2.3989,-6.8261,-2.7581,-2.818,1.7704,-0.9175
1.1252,-6.6346,-3.0933,-2.8651,2.0825,-1.0665
-1.4149,-8.2459,-2.7365,-2.9115,2.1809,-1.2443
-0.2585,-9.364,-2.4851,-2.983,1.5719,-1.0537
0.4812,-9.8955,-1.2497,-2.7557,0.7997,-0.3115
-1.1875,-10.0822,-0.7158,-2.424,0.1992,-0.1496
-2.1212,-10.9657,0.2346,-2.1058,0.1394,-0.397
-2.0614,-10.9753,0.3734,-1.9433,0.2988,-0.5766
-1.3623,-10.8508,0.8667,-1.8865,0.6831,-0.5613
-0.3016,-10.1253,1.4389,-1.8651,1.4766,-0.3158
1.5155,-7.3912,1.2808,-1.9494,1.9475,-0.1423
1.5155,-7.3912,1.2808,-1.9695,2.4124,-0.1093
2.2361,-6.5149,0.304,-1.8773,2.6366,-0.1496
2.2218,-5.7583,-1.6831,-1.7227,2.5566,-0.2993
0.5147,-6.0624,-3.8546,-1.4705,1.9048,-0.623
0.5147,-6.0624,-3.8546,-1.6085,0.7099,-0.8973
-0.4525,-7.5109,-1.3192,-1.6085,0.7099,-0.8973
-1.3431,-9.5052,0.2346,-1.8272,0.1968,-0.9358
-1.3431,-9.5052,0.2346,-1.9091,0.3636,-0.9144
-1.6352,-11.9545,1.221,-1.9091,0.3636,-0.9144
-0.8643,-12.4884,0.7757,-1.9475,0.9989,-0.7929
0.3088,-11.7486,1.2162,-1.8877,1.3471,-0.6884
1.7597,-10.9753,3.1148,-1.7276,1.5205,-0.6169
2.1116,-11.1213,3.2561,-1.4595,1.4173,-0.6017
0.3112,-12.2083,3.055,-1.1229,1.1424,-0.6371
-3.1459,-12.7877,2.2026,-0.6721,0.7215,-0.7935
-8.6074,-14.9619,-1.7453,-0.4442,0.578,-0.8649
-8.6457,-15.3354,-1.9608,-0.2677,0.6733,-0.8173
-6.9363,-16.341,-0.0981,-0.2286,0.9213,-0.6407
-3.213,-16.329,3.4787,-0.3544,0.9885,-0.4263
-1.561,-16.6307,2.964,-0.4705,0.7179,-0.196
-1.561,-16.6307,2.964,0.0138,-0.1849,0.0891
-1.7693,-14.478,1.7286,0.0138,-0.1849,0.0891
-3.517,-12.5746,1.4221,0.2765,-0.4524,0.1979
-4.8075,-14.859,1.561,0.6351,-0.5276,0.2058
-4.8171,-15.029,1.5801,1.0456,-0.5209,0.3017
-4.1084,-15.2827,1.4915,1.6583,-0.6748,0.5149
-1.5634,-14.0398,1.1731,2.1024,-0.7817,0.6615
2.7485,-13.0103,1.0414,2.5502,-0.7738,0.7971
5.3297,-12.1819,0.3447,2.9894,-0.6803,0.871
7.7958,-12.3543,-1.3263,3.395,-0.5856,0.9224
9.5244,-13.8507,-1.6974,3.6461,-0.5068,0.9627
8.9067,-17.0401,-5.3657,3.7114,-0.5264,0.9718
8.04,-17.6674,-6.5556,3.7908,-0.0694,0.8368
7.9155,-17.3537,-5.4614,3.6467,0.6049,0.7483
9.4334,-16.5588,-3.7565,3.3437,1.1791,0.8613
7.3361,-14.4133,0.134,3.0786,1.3538,1.1154
6.3808,-14.1931,0.1053,2.8348,1.2322,1.1661
1.0319,-13.6376,-2.126,2.6992,1.2481,0.8582
-2.3606,-15.4096,-0.407,2.5269,1.1021,0.7922
-1.5155,-16.7408,3.1196,1.9533,-0.6052,1.0335
-1.8794,-16.5541,2.7533,1.6528,-2.72,1.3494
-3.7038,-14.6815,0.7972,1.9949,-3.3455,1.4514
-3.9288,-12.474,-0.7781,2.8147,-2.3461,1.4202
-0.7613,-9.0623,-3.0238,3.1781,-1.3913,1.4996
-0.7709,-8.8612,-3.2225,3.3504,-1.0761,1.5332
-0.4548,-7.2738,-4.2209,3.4573,-1.2655,1.3573
0.1029,-5.9187,-3.6607,3.439,-1.833,1.1221
0.5291,-4.4101,-4.288,3.3785,-2.3541,0.9474
0.5195,-3.8977,-3.9288,3.3333,-2.6668,0.7324
0.7062,-2.9592,-3.7517,3.1122,-2.8837,0.5949
0.9121,-2.1499,-3.5817,2.8434,-2.9417,0.5082
1.6208,-1.1659,-2.5234,2.5404,-2.7139,0.4813
1.8363,-0.5051,-2.4947,2.2508,-2.4549,0.4783
2.2481,-0.0742,-2.3127,1.9326,-2.3076,0.4691
2.5043,-0.1795,-1.9393,1.6467,-2.3223,0.4538
1.5729,-1.3694,-1.6543,1.348,-2.2777,0.4245
1.4197,-1.5777,-1.7238,1.1024,-2.1641,0.364
0.8188,-1.9177,-1.9225,0.8532,-2.092,0.3219
0.316,-2.2337,-2.0542,0.56,-1.9814,0.3426
-0.3232,-3.1052,-1.3239,0.067,-1.6901,0.485
-0.3399,-3.1651,-1.2378,-0.2738,-1.4518,0.6395
-0.1101,-3.3375,-0.3687,-0.6305,-1.3064,0.846
0.6416,-3.0741,1.6687,-0.9952,-1.1268,1.0506
3.2513,-5.0376,9.2323,-1.3226,-0.8513,1.2052
3.6128,-5.0376,9.2323,-1.5877,-0.5019,1.2712
6.7088,-8.1836,13.5658,-1.7649,-0.202,1.273
6.1653,-12.6919,16.9012,-1.6934,-0.1537,0.9718
1.0845,-19.8652,17.5979,-1.5114,-0.2105,0.3885
-0.4764,-24.9867,21.024,-1.2585,-0.3535,-0.1447
-0.7565,-27.8574,18.6562,-0.8376,-0.8294,-0.3225
-1.5945,-21.0049,11.7055,0.8318,-1.9576,-0.2718
-1.0678,-8.7846,7.8652,1.676,-2.3926,0.0146
-0.1532,-4.367,7.6832,1.8672,-2.2777,0.3524
1.865,2.2098,6.2802,1.6766,-1.8428,0.5632
4.8267,3.1124,3.6343,1.4317,-1.6333,0.6652
7.0344,-11.3847,2.4947,1.1421,-1.5844,0.6921
7.0344,-11.3847,2.4947,-0.4589,-0.4634,0.1075
3.7828,-19.1159,4.1659,-0.4589,-0.4634,0.1075
0.1029,-25.4225,2.0901,-0.8541,0.4576,-0.1466
6.4598,-18.5053,2.0159,-0.5218,1.8932,-0.2376
5.3944,-15.3498,-2.1332,0.1727,3.2188,-0.1032
-0.5722,-1.1587,-17.8972,1.2686,1.2341,-0.207
2.8443,3.2537,-11.9353,0.6155,0.8431,-0.0891
8.6385,-1.5538,9.9075,-0.9182,0.8871,0.4251
8.2435,-1.8938,9.9482,-1.7264,0.5823,0.6041
2.5067,-4.6016,-0.1699,-1.6171,0.4289,0.3976
-5.5069,-8.6912,-16.0225,-1.0807,0.2444,0.2571
-3.9073,-12.8954,-10.4294,-2.0502,2.4118,0.4868
-3.9959,-13.5802,-5.9139,-3.212,4.4344,0.4465
-4.9275,-15.1295,-0.3878,-3.4936,5.3311,-0.0054
-3.9336,-15.606,2.7389,-3.2695,5.135,-0.3726
-2.2481,-13.9872,2.545,-2.8993,4.2468,-0.5314
-2.2481,-12.9074,1.6759,-2.545,3.1192,-0.6462
-0.8643,-11.2817,0.5099,-2.4442,1.5609,-0.7684
1.367,-10.032,-0.5434,-2.6085,0.9188,-0.7
2.5761,-8.3416,-2.3056,-2.7704,0.9286,-0.6554
2.5761,-8.3416,-2.3056,-2.9133,1.8522,-0.8863
2.3894,-7.3768,-2.6743,-2.9133,1.8522,-0.8863
1.9321,-7.0991,-2.6527,-2.9323,2.3501,-1.2089
-0.5219,-8.9234,-0.723,-2.92,2.2011,-1.4379
-0.2609,-9.1413,-0.7302,-2.9225,1.5694,-1.6194
0.7326,-10.0607,-0.9888,-2.6781,0.7735,-1.0641
-0.8786,-9.9721,-1.1971,-2.2163,0.2267,-0.4416
-2.1092,-9.8308,0.0957,-1.9793,-0.1098,-0.441
-2.1667,-9.8548,0.1771,-2.0911,0.1351,-0.6273
-2.0518,-9.8979,0.5698,-2.1088,0.9152,-0.5968
-1.5801,-9.4765,0.6392,-2.052,1.6525,-0.4544
-0.3854,-8.617,0.3591,-2.0007,2.1394,-0.3414
0.6392,-7.8891,0.0239,-1.9659,2.3916,-0.2602
1.2832,-7.3385,-0.2944,-1.87,2.2737,-0.3072
1.3766,-6.9578,-0.3447,-1.7563,1.9738,-0.4776
0.881,-6.9339,-2.0542,-1.6256,1.4582,-0.6536
0.2202,-7.3169,-1.8387,-1.5267,0.9176,-0.7788
-0.4692,-8.672,-0.4094,-1.589,0.5688,-0.8509
-1.2306,-9.8931,0.6033,-1.7496,0.3202,-0.882
-1.7214,-11.3368,0.2418,-1.8522,0.3709,-0.8747
-1.6591,-11.4852,0.1173,-1.8406,0.5914,-0.8142
-1.6591,-11.4852,0.1173,-1.7863,1.2457,-0.6243
0.8164,-11.5714,1.5538,-1.7863,1.2457,-0.6243
1.7908,-10.7933,3.0214,-1.6733,1.4246,-0.565
1.7908,-10.7933,3.0214,-0.9366,1.0013,-0.7458
0.213,-12.0934,2.0949,-0.9366,1.0013,-0.7458
-2.6336,-12.6512,1.5993,-0.6947,0.8755,-0.802
-7.6258,-14.5857,-1.5562,-0.5664,0.8052,-0.8411
-7.7958,-14.744,-1.7741,-0.4308,0.7362,-0.8332
-7.9083,-15.6634,-1.4293,-0.3068,0.7447,-0.7415
-5.1119,-16.159,2.1045,-0.3904,0.6934,-0.521
-2.1667,-17.1023,3.5913,-0.4552,0.3605,-0.3066
-1.5682,-17.009,2.7964,-0.3129,0.0135,-0.1215
-1.7046,-15.898,1.9009,-0.1204,-0.2228,0.1044
-2.9544,-14.0638,1.2952,0.0969,-0.4476,0.2932
-3.0502,-13.6879,1.2737,0.4463,-0.6107,0.3304
-3.1387,-14.8685,1.4987,1.0425,-0.695,0.4789
-2.624,-15.2205,1.288,1.4304,-0.7573,0.5699
-0.5889,-13.719,0.9959,1.877,-0.8623,0.6133
5.617,-11.5116,1.1851,2.3278,-0.7481,0.6988
6.1629,-11.4445,1.0893,2.7682,-0.4506,0.7745
7.9993,-11.7582,-0.2561,3.4035,-0.1354,0.8808
9.0695,-12.8164,-2.2218,3.7102,-0.1391,0.9462
7.9586,-17.2388,-5.6721,3.8214,-0.2588,0.9572
7.9586,-17.653,-5.8972,3.8256,-0.1617,0.8423
8.2195,-17.3322,-5.1095,3.7151,0.2212,0.7922
9.024,-16.2117,-3.5601,3.4335,0.6586,0.8753
5.21,-13.0894,0.1292,3.0474,0.9414,1.1142
4.8027,-12.9744,0.2681,2.7969,1.0001,0.9944
0.9337,-12.9888,-1.0797,2.6021,1.1052,0.7269
-2.2385,-15.0577,0.62,2.4274,1.0465,0.5998
-2.1691,-16.6977,3.9145,2.0218,-0.2515,0.7556
-0.9959,-16.1303,3.7684,1.7444,-2.3529,1.0531
-3.0334,-14.4062,1.3144,2.2942,-3.6094,1.1899
-3.5913,-11.5307,-0.0861,2.8886,-2.7603,1.1111
-0.2849,-9.0623,-1.98,3.3058,-1.4249,1.1435
0.2202,-8.2028,-2.6527,3.508,-0.8556,1.174
-0.4237,-7.056,-3.9839,3.5575,-0.8831,0.9944
-0.5985,-5.9403,-3.4261,3.45,-1.5276,0.6053
0.4668,-4.5896,-3.4548,3.3144,-2.0236,0.5302
0.5075,-4.3837,-3.347,3.1726,-2.417,0.5357
0.4644,-3.8977,-3.1794,2.9546,-2.5844,0.4886
0.3064,-3.7134,-3.4356,2.7078,-2.5966,0.4092
1.2162,-2.8993,-2.5857,2.4512,-2.5294,0.3463
1.2713,-2.7988,-2.5402,2.089,-2.1751,0.3695
1.6184,-2.229,-2.6408,1.9662,-2.078,0.3622
1.786,-1.4269,-2.7629,1.8745,-2.2136,0.3371
1.9273,-0.5841,-2.533,1.7664,-2.4323,0.3103
1.8986,-0.5889,-2.533,1.5777,-2.5483,0.2889
1.7118,-0.5554,-2.7605,1.092,-2.4591,0.2474
1.3431,-0.9457,-2.9568,0.7371,-2.2679,0.248
1.1923,-1.7118,-2.6719,0.3553,-2.0627,0.2828
1.1923,-1.7118,-2.6719,-0.4992,-1.6491,0.4948
0.7038,-2.3702,-1.6615,-0.4992,-1.6491,0.4948
1.063,-3.3758,0.5889,-0.9384,-1.4604,0.6481
0.7661,-4.5681,7.6378,-1.5419,-1.1885,0.9309
1.5107,-5.9379,13.6137,-1.7771,-0.8978,1.0916
4.5992,-9.4933,21.0959,-1.7466,-0.4793,1.2418
8.4781,-12.8092,12.5123,-1.1779,-0.0566,1.2217
3.4117,-18.9938,19.0153,-0.578,0.2872,0.8454
3.1938,-20.3608,20.6362,-0.9665,0.0899,0.1936
2.0422,-24.4789,21.4071,-1.1931,-0.5648,-0.3445
2.0949,-22.6449,12.8523,0.0022,-1.2001,-0.4477
1.1372,-9.4023,5.1981,1.3284,-2.0077,-0.1753
1.3168,-8.7127,5.3321,1.8984,-2.2985,0.1765
4.2449,-4.8865,7.3337,1.6192,-1.8416,0.5051
7.9562,-5.5548,8.3656,1.2979,-1.6229,0.6047
8.9354,-17.641,5.6673,1.0542,-1.6699,0.5729
8.5547,-18.479,5.1574,0.8269,-1.7011,0.3915
2.6336,-24.1604,2.1595,0.5826,-1.1519,-0.0262
-1.98,-21.6681,1.2761,0.3181,0.2719,-0.43
2.4636,-6.3066,-5.9091,0.516,1.953,-0.5002
3.0262,2.8682,-15.2085,1.4353,2.3483,-0.0604
3.0262,2.8682,-15.2085,-0.2616,1.2823,0.2761
7.9538,3.6296,-5.8972,-0.2616,1.2823,0.2761
4.6926,-2.4516,11.4445,-1.8223,1.275,0.2974
0.4213,-5.3824,4.8482,-2.2255,0.9201,0.0739
-6.1869,-11.1237,-13.7765,-1.2579,0.1443,0.0329
-6.5675,-15.0098,-15.7257,-1.6885,1.6329,0.3665
-2.3822,-17.9642,-0.2992,-3.1302,4.1002,0.5913
-3.1268,-18.1701,1.7956,-3.8748,5.0239,0.3475
-5.2052,-17.6362,2.5402,-3.7013,4.7801,-0.1588
-4.4436,-15.5126,1.8722,-3.0856,3.8272,-0.4392
-0.4979,-10.2067,1.1372,-2.537,1.9567,-0.3555
-0.2082,-9.6872,1.0845,-2.4436,1.1925,-0.2736
2.4923,-7.937,0.9193,-2.4869,1.0349,-0.2302
4.4149,-6.9674,0.3902,-2.6342,1.2316,-0.2724
3.687,-7.4271,-2.0566,-2.782,1.515,-0.4514
3.5889,-7.4558,-2.0877,-2.8657,1.8889,-0.7513
2.387,-7.8867,-1.9919,-2.9836,2.3556,-1.2333
-0.6224,-8.4039,-2.3726,-3.0459,2.2401,-1.4563
-1.8962,-10.2977,-1.786,-3.096,1.9427,-1.6169
-0.8307,-11.3536,-1.6807,-3.085,1.5114,-1.2699
-1.7788,-11.4014,-1.2138,-2.8144,0.9879,-0.5198
-3.45,-10.7981,-0.462,-2.3678,0.239,-0.4489
-2.4923,-10.3073,-0.1244,-2.1467,0.1437,-0.5174
-1.8387,-9.8739,0.0718,-2.0318,0.333,-0.4654
-0.5171,-9.0839,0.0981,-1.953,0.7093,-0.3121
0.1795,-8.0232,-0.1244,-1.9512,1.1149,-0.1319
1.1899,-6.1294,-0.1125,-2.0563,1.5193,-0.0274
1.2808,-5.878,-0.2035,-2.2438,2.0251,-0.0061
1.9847,-5.1621,-0.7733,-2.2463,2.107,-0.0525
2.1619,-5.1214,-1.3934,-2.1314,1.9427,-0.1777
0.8355,-7.1637,-1.3192,-1.9188,1.4552,-0.3683
0.7326,-7.384,-1.1994,-1.7276,0.7399,-0.5601
0.0191,-9.4262,-0.1244,-1.6391,0.2463,-0.7122
-0.1221,-10.7215,0.5865,-1.6635,0.2432,-0.7373
0.6584,-12.5147,0.8188,-1.7001,0.355,-0.7312
0.7637,-12.589,0.7829,-1.7154,0.5829,-0.7079
1.5777,-13.3,1.1492,-1.6885,0.8235,-0.6676
1.5777,-13.3,1.1492,-1.4808,1.0734,-0.5717
2.7892,-10.5539,3.1196,-1.4808,1.0734,-0.5717
2.6384,-10.087,2.6815,-1.2542,1.1559,-0.5974
1.209,-11.4589,1.9033,-0.9647,1.2176,-0.6371
-2.363,-12.8811,0.3208,-0.7142,1.1943,-0.7031
-2.363,-12.8811,0.3208,-0.4973,0.997,-0.7733
-8.2004,-14.9404,-2.1092,-0.4973,0.997,-0.7733
-8.9139,-16.0585,-2.3223,-0.4253,0.9506,-0.6707
-7.2212,-16.0872,0.0933,-0.3868,0.7875,-0.5601
-1.1037,-15.7209,4.4316,-0.4503,0.4857,-0.4214
-0.9385,-16.1135,4.3071,-0.5151,0.2249,-0.2345
-1.3814,-16.9084,2.3056,-0.424,0.151,-0.1557
-1.1899,-15.1702,1.3982,-0.1314,-0.2521,-0.0629
-3.383,-11.2889,2.7629,0.0481,-0.6186,0.0232
-3.383,-11.2889,2.7629,0.7286,-0.764,-0.0549
-4.0797,-12.0311,2.5091,0.7286,-0.764,-0.0549
-3.2393,-12.3639,1.6136,1.194,-0.7176,0.0629
0.4405,-11.2267,1.2785,1.6778,-0.8092,0.2162
0.4405,-11.2602,1.2785,2.3412,-0.8544,0.4899
2.8514,-11.1668,0.7541,2.7096,-0.7805,0.6872
4.5537,-11.4589,-0.4405,3.067,-0.6577,0.8356
6.194,-13.5538,-1.8602,3.3168,-0.5062,0.9468
6.4047,-15.1606,-3.4069,3.4396,-0.3718,1.0213
6.376,-16.9467,-6.8932,3.5581,-0.1403,1.0439
6.874,-17.325,-6.6992,3.4463,0.1791,1.0604
8.6553,-16.4343,-3.1483,3.136,0.5597,1.083
9.2634,-15.9387,-2.1332,2.9283,0.7301,1.1307
8.9857,-15.1702,-0.2059,2.8745,0.5896,1.2107
7.0655,-14.4756,0.5315,2.8379,0.4155,1.1972
0.2561,-15.3043,-3.098,2.8819,0.7539,0.9004
-0.7422,-15.8023,-1.3982,2.7634,0.8633,0.7733
-0.2561,-16.4942,2.4803,2.1696,-0.6357,0.9309
-0.2561,-15.5892,2.3846,1.7731,-2.6143,1.2119
-3.9456,-12.8667,-0.1628,2.0212,-3.329,1.3219
-4.0246,-12.4525,-0.1675,2.7517,-2.1213,1.306
-2.1428,-11.2434,-1.0462,3.0407,-0.9821,1.4416
-0.6679,-9.613,-2.2361,3.1812,-0.6754,1.62
-0.1005,-6.376,-3.0214,3.2789,-0.9998,1.5497
0.0023,-6.2012,-3.0406,3.2447,-1.6638,1.364
-0.0502,-4.9179,-3.7565,3.0621,-2.7175,1.1484
-0.1364,-4.2808,-3.5122,2.9148,-3.0584,0.9682
0,-3.268,-4.1012,2.7108,-3.2985,0.8197
0.2609,-2.3702,-4.106,2.5367,-3.329,0.6939
1.0031,-1.561,-3.1986,2.3437,-3.0144,0.609
1.379,-0.9744,-2.703,2.125,-2.6919,0.5571
1.7812,-0.1388,-2.3582,1.957,-2.4665,0.4935
2.0278,-0.0143,-1.9823,1.6491,-2.4439,0.4098
2.1835,-0.1843,-1.7836,1.329,-2.4909,0.3805
1.9321,-0.4596,-2.3439,1.0334,-2.4891,0.3396
0.8523,-1.0893,-2.6455,0.7774,-2.4249,0.2883
0.7254,-1.2066,-2.5881,0.4952,-2.2631,0.2724
0.2082,-1.7549,-2.3439,-0.0068,-1.9509,0.353
-0.213,-2.1835,-1.7741,-0.3544,-1.7597,0.4526
1.1947,-3.6487,1.1755,-0.7221,-1.5581,0.5742
1.2641,-3.7205,1.4796,-1.0917,-1.3266,0.744
2.4923,-4.8051,5.3154,-1.4362,-1.0151,0.9059
5.2268,-7.2044,10.8244,-1.6946,-0.7011,1.0439
6.5819,-16.4774,17.1646,-1.7221,-0.3822,1.0598
6.1055,-17.0808,17.1167,-1.38,-0.3993,0.7086
2.2864,-22.0152,17.3633,-1.0202,-0.6705,0.1417
1.1013,-26.8494,18.5628,-0.779,-1.2625,-0.2791
-0.1532,-22.6066,12.6943,-0.1907,-1.5508,-0.4141
-0.5027,-16.2691,8.5978,1.3345,-1.7206,-0.1698
-0.0885,-9.2921,5.7535,1.8214,-1.7701,0.2431
2.6551,-4.9778,6.558,1.7011,-1.439,0.521
8.0424,-7.7742,8.5906,1.3602,-0.9949,0.6731
10.0774,-12.553,9.8237,1.1244,-0.9173,0.7244
8.7989,-21.8859,8.5835,0.9827,-0.9552,0.5833
1.379,-26.3323,4.8698,0.8788,-0.4048,-0.2486
-2.6431,-10.7813,-4.3789,0.8562,0.3892,-0.7959
-1.154,-7.8508,-6.6992,1.1812,0.9946,-0.6805
1.039,2.8012,-19.8844,1.5215,1.049,-0.0671
5.7392,5.7248,-16.183,1.1806,0.9341,0.1783
5.7392,5.7248,-16.183,-2.1803,1.1351,0.5577
6.6633,-0.0502,8.7367,-2.1803,1.1351,0.5577
3.4979,-3.9791,5.957,-2.0606,1.0343,0.3426
-2.8491,-8.0735,-12.2466,-1.3886,0.3648,0.3225
-1.209,-15.8071,-9.9314,-1.3159,0.6678,0.4667
-0.9935,-16.0561,-8.9115,-2.6219,2.9145,0.6658
-1.7956,-18.6418,-0.3232,-3.9194,5.11,0.2596
-4.8964,-19.3457,2.6958,-3.76,4.8492,-0.3127
-4.4196,-16.9156,2.375,-3.2004,3.8424,-0.6426
-2.6192,-14.0901,1.4077,-2.702,2.581,-0.6047
-0.3663,-10.5299,0.6655,-2.3892,1.5328,-0.477
2.6431,-7.5563,0.96,-2.3147,1.1003,-0.3597
5.1598,-5.6051,0.553,-2.5071,1.2273,-0.3243
5.8206,-5.325,-0.2753,-2.5486,1.5511,-0.466
5.7248,-5.3345,-1.4987,-2.5163,1.964,-0.7165
4.1108,-6.5819,-2.5713,-2.515,2.2878,-1.0525
-2.4444,-9.5387,-3.7493,-2.617,2.22,-1.3768
-2.9735,-10.0511,-3.6176,-2.8559,1.8834,-1.7617
-2.4061,-12.656,-2.7581,-2.9042,1.7295,-1.4666
-2.9113,-13.1372,-1.1252,-2.6751,1.3617,-0.733
-4.6327,-12.17,0.7302,-2.3593,0.8639,-0.4917
-4.5034,-12.0239,0.7278,-2.0679,0.6177,-0.5271
-3.2537,-10.2977,0.9026,-1.8565,0.7631,-0.4477
-1.6256,-8.3608,1.2425,-1.8266,1.0893,-0.284
0.656,-6.2898,0.9528,-1.8535,1.4124,-0.1264
0.7757,-6.2252,0.8068,-1.8797,1.6384,-0.0806
1.549,-6.3592,-0.0311,-1.8773,1.7087,-0.1197
1.7501,-6.7639,-1.4173,-1.8736,1.6446,-0.1863
1.118,-6.8309,-2.1523,-1.8559,1.4967,-0.2913
0.4333,-6.7854,-2.6431,-1.7991,0.9836,-0.5094
-0.2154,-6.795,-2.5115,-1.7527,0.6244,-0.6365
-0.5386,-7.2188,-1.2497,-1.8101,0.4356,-0.7
0.2442,-8.9737,0.4429,-1.9066,0.4124,-0.7092
0.8331,-10.2379,0.9433,-1.9158,0.5584,-0.7073
1.0678,-11.83,1.6041,-1.7991,0.8003,-0.7678
0.7972,-12.7015,2.2673,-1.7655,0.7765,-0.8008
0.6727,-11.4972,3.3614,-1.7771,0.705,-0.7574
0.7876,-11.2793,3.28,-1.7515,0.8046,-0.6658
1.1994,-10.8316,2.8634,-1.5712,1.1168,-0.5736
0.7876,-10.858,2.2409,-1.2591,1.4295,-0.5247
-5.1933,-12.1173,0.8858,-0.7673,1.3837,-0.6194
-6.0121,-12.4333,0.553,-0.5713,1.0667,-0.7379
-8.3153,-14.5211,-1.561,-0.4271,0.7838,-0.7898
-8.8995,-15.989,-1.9871,-0.2994,0.655,-0.7391
-6.1557,-18.2085,1.5035,-0.2756,0.5377,-0.6853
-5.8541,-18.2755,1.5993,-0.3043,-0.0316,-0.5839
-3.5098,-17.9403,2.2098,-0.2542,-0.4311,-0.3133
-1.7884,-16.4559,1.8722,-0.2096,-0.5294,0.1075
-1.312,-13.494,0.1699,-0.0484,-0.5893,0.4214
-0.5147,-13.1755,0.0478,0.3156,-0.6253,0.5357
-0.5985,-15.4503,0.9816,0.7225,-0.6345,0.6133
-0.3591,-14.8997,1.1276,1.3559,-0.8141,0.6719
3.0621,-12.1724,1.8579,1.8043,-0.9399,0.7061
4.7907,-11.6409,2.5282,2.2166,-0.662,0.8124
6.9913,-11.7869,2.126,2.6253,-0.2173,0.9162
7.9562,-12.1077,0.4908,3.0951,0.0032,0.9388
8.5021,-15.4575,-2.229,3.5318,0.0264,0.9071
8.3009,-16.1375,-2.3439,3.8782,-0.0108,0.8411
7.8149,-17.4806,-4.0701,3.8855,0.143,0.6652
7.463,-16.7528,-4.0701,3.8049,0.3544,0.5705
8.1884,-14.9164,-3.1148,3.5685,0.6024,0.5919
7.9322,-14.8422,-2.9472,3.3712,0.9781,0.7531
6.6825,-14.5283,-2.5929,3.0682,1.5639,0.8588
1.7405,-14.5426,-5.6841,2.833,1.8156,0.7654
-2.1715,-15.6874,3.3111,2.4659,1.5682,0.6585
-2.3942,-15.6347,3.7445,1.7475,-0.4237,0.8185
-2.8227,-15.6275,2.8682,1.5593,-2.8745,1.0396
-3.0909,-14.3822,0.9624,2.0108,-4.1635,1.1777
-3.0909,-14.3822,0.9624,3.5324,-1.3718,1.1661
-1.4891,-9.4142,-0.6847,3.5324,-1.3718,1.1661
0.3423,-7.4702,-2.4013,3.7126,-0.6339,1.215
0.2082,-6.2683,-3.5194,3.7426,-0.7903,1.0494
0.5386,-4.3957,-3.7469,3.6155,-1.2246,0.755
0.5482,-4.0414,-4.0007,3.2753,-1.9375,0.5839
1.1228,-3.96,-3.7588,3.0425,-2.1311,0.5858
0.9409,-4.0988,-3.7828,2.7982,-2.3315,0.6188
0.8355,-4.1754,-3.5266,2.6253,-2.4176,0.6169
0.9074,-4.0701,-3.4021,2.4481,-2.3431,0.6261
1.1779,-3.4572,-2.7653,2.2343,-2.1586,0.6456
1.3144,-2.6791,-2.545,1.9527,-2.0346,0.6151
1.1707,-0.9313,-2.2744,1.7964,-2.1397,0.5558
1.1707,-0.8882,-2.2744,1.5917,-2.2557,0.4984
0.7589,-0.7972,-1.9728,1.2588,-2.373,0.4422
0.5746,-1.1372,-1.9416,0.9491,-2.4042,0.4062
0.6536,-1.8818,-1.4796,0.6803,-2.2924,0.4092
0.644,-1.9656,-1.4365,0.1941,-1.8147,0.5192
0.9744,-2.4516,-0.9576,-0.1992,-1.4243,0.678
1.0893,-2.5905,0.134,-0.6067,-1.1592,0.8961
1.1779,-3.134,2.5594,-0.9805,-0.9363,1.0732
1.3527,-3.9743,5.6769,-1.3037,-0.7115,1.1856
3.4284,-5.8277,12.237,-1.6238,-0.3712,1.2589
5.6242,-8.368,15.606,-1.5664,-0.2203,1.2486
5.1574,-12.984,11.9617,-1.1681,-0.1293,1.0005
1.9871,-16.0896,13.9824,-0.8565,-0.1488,0.5204
1.1133,-21.5244,18.2827,-1.0239,-0.406,0.0067
1.8435,-24.0599,17.7512,-1.0257,-0.913,-0.2461
1.8746,-16.0225,8.2363,0.3291,-1.6198,-0.3695
1.6496,-14.4708,7.8053,1.257,-2.0621,-0.2107
1.1755,-8.9258,7.4941,1.5648,-1.9601,0.0586
2.2146,-3.6176,8.5068,1.4433,-1.5001,0.2211
7.3265,-4.6255,5.7846,1.2093,-1.1226,0.3402
7.4199,-6.8788,5.3585,0.9442,-1.0328,0.4972
5.5021,-12.8763,4.7955,0.5251,-1.1922,0.4276
2.8491,-17.8924,4.2257,-0.0484,-1.1201,0.0751
-0.1149,-23.8851,0.146,-0.5297,-0.3144,-0.2247
0.2992,-22.9298,0.4501,-0.4729,0.862,-0.3591
3.2202,-11.5068,-2.4708,0.2612,2.2609,-0.1985
0.8379,-1.5035,-15.2851,1.0658,1.9262,0.1001
3.4715,2.1883,-10.4246,0.5936,1.4796,0.2119
6.4957,0.1723,-1.3215,-0.9005,1.7508,0.5681
7.4486,-1.6543,8.9474,-2.027,1.3214,0.7562
3.2082,-4.0294,0.8188,-2.162,0.8217,0.6352
-2.8275,-11.0375,-15.2756,-1.6219,0.3,0.5064
-2.715,-12.5363,-12.8404,-2.366,1.5407,0.532
-2.3415,-12.8715,-5.2603,-3.5303,3.6115,0.441
-2.782,-14.6169,-0.0095,-3.7917,4.6977,0.0464
-1.9871,-14.5809,1.6783,-3.3501,4.6335,-0.3616
-2.0829,-14.1811,1.6472,-2.785,3.9866,-0.6725
-2.1452,-12.3064,1.3263,-2.245,2.7759,-1.0042
-0.5315,-11.1333,1.1372,-2.14,2.027,-1.0403
2.1523,-9.2802,-0.6919,-2.2011,1.512,-0.9395
2.1523,-9.2802,-0.6919,-2.5602,1.2389,-0.9853
1.731,-8.1836,-1.5586,-2.5602,1.2389,-0.9853
0.8547,-7.5013,-1.9608,-2.7771,1.5364,-1.0543
-2.7988,-8.4159,-2.5091,-2.9097,1.972,-1.16
-2.7293,-8.6098,-2.6312,-2.9823,1.8193,-1.2675
-0.7709,-10.0367,-3.517,-2.9048,1.4399,-0.9908
-0.3543,-10.0774,-2.9328,-2.6146,1.041,-0.3335
-1.5442,-10.0008,-0.9576,-2.369,0.7392,-0.1759
-1.561,-10.0272,-0.2633,-2.0935,0.5071,-0.4563
-0.9457,-9.9075,-0.1891,-1.8712,0.4778,-0.5338
-0.9457,-9.9075,-0.1891,-1.7105,0.8413,-0.3671
0.5339,-9.2634,1.7477,-1.7105,0.8413,-0.3671
0.8475,-8.9139,2.1452,-1.8327,1.2353,-0.2486
1.4532,-8.1621,1.5251,-1.8975,1.661,-0.2076
1.8124,-7.2978,0.0598,-1.7582,1.9298,-0.2419
0.7733,-6.6513,-2.7102,-1.6293,1.7001,-0.3316
0.5937,-6.6466,-2.8874,-1.4845,1.344,-0.4618
-0.3184,-7.0751,-2.4157,-1.4246,0.9622,-0.5937
-0.9217,-7.9753,-1.1587,-1.5169,0.6122,-0.6597
-0.3184,-9.9242,0.3782,-1.7172,0.3239,-0.6664
-0.2202,-10.0248,0.4165,-1.7582,0.424,-0.656
0.6631,-10.8077,0.644,-1.7386,0.6354,-0.6554
1.6112,-11.6552,0.7805,-1.6898,0.7759,-0.6646
1.5849,-11.3727,2.2218,-1.6348,0.8016,-0.6817
1.5322,-11.344,2.3032,-1.5804,0.8052,-0.7165
1.0151,-11.3847,2.2553,-1.4002,0.975,-0.7806
1.0151,-11.3847,2.2553,-0.9127,1.1394,-0.8045
-2.9999,-12.5147,1.2282,-0.9127,1.1394,-0.8045
-5.7056,-13.3503,0.4764,-0.7564,0.859,-0.8155
-7.9729,-14.8901,-1.7884,-0.6012,0.5242,-0.802
-7.767,-16.2021,-2.1212,-0.4161,0.4418,-0.7116
-3.6272,-16.329,2.2313,-0.4094,0.7777,-0.5082
-0.7996,-15.9387,4.0342,-0.5218,0.6091,-0.3145
0.395,-16.3529,4.3454,-0.5004,0.1992,-0.1105
0.0981,-15.6275,2.3008,-0.3135,0.0881,-0.0238
-1.7669,-11.8228,1.9536,-0.0722,0.016,0.0635
-2.3726,-11.3009,2.1571,0.2826,-0.2588,0.1087
-3.201,-11.8994,2.4899,0.6119,-0.2997,0.0873
-3.4332,-13.4772,2.4995,1.023,-0.1922,0.1857
-1.4101,-12.2753,1.877,1.4616,-0.1776,0.2883
-1.2425,-12.158,1.8028,1.9063,-0.304,0.4141
0.9528,-12.1101,1.956,2.3638,-0.403,0.5736
3.3327,-12.0096,0.8331,2.9649,-0.3761,0.8552
6.2635,-13.7597,-2.4899,3.3308,-0.3455,0.9896
6.3976,-13.7597,-2.703,3.5648,-0.2075,1.0726
7.4558,-16.262,-4.4915,3.6723,-0.023,1.1429
7.8173,-17.902,-5.313,3.6399,0.1382,1.1074
7.4534,-16.8821,-3.8714,3.3724,0.5823,0.8845
7.1541,-16.1686,-3.6774,3.2178,0.8394,0.7751
7.2595,-15.5557,-2.612,3.15,0.7942,0.7886
6.7902,-14.636,-0.9864,2.9729,0.4937,0.8985
0.4692,-14.6216,-1.0199,2.7395,0.3074,0.8729
-1.142,-15.1487,0.6727,2.5587,0.3141,0.7055
-0.8954,-15.6706,2.861,2.1067,-1.3987,0.8552
-0.067,-15.1582,1.6472,2.0957,-2.654,1.0855
-1.9225,-12.8404,-0.2896,2.4072,-2.8049,1.1649
-2.1835,-11.9018,-0.553,2.676,-2.5105,1.0922
-1.8531,-9.7806,-1.0917,2.8825,-1.7505,1.0897
-0.6272,-8.5691,-2.1045,3.0841,-1.0774,1.1319
0.0574,-6.3976,-4.1467,3.3266,-1.1116,1.1582
0.067,-6.1821,-4.1491,3.3272,-1.5306,1.0793
0.2489,-5.4973,-4.1898,3.1787,-2.0725,1.0134
0.5363,-4.434,-4.2377,2.9533,-2.519,0.9584
0.2681,-3.6655,-3.8187,2.7902,-2.7175,0.8894
0.2801,-3.5841,-3.79,2.6357,-2.6674,0.7874
0.9217,-2.7054,-2.9496,2.4616,-2.6198,0.747
1.0414,-2.1499,-2.4779,2.2233,-2.4885,0.7257
1.64,-1.2186,-2.2266,2.0138,-2.3522,0.6658
1.8124,-0.7948,-1.9033,1.8031,-2.3919,0.62
1.5945,-1.0462,-1.4915,1.5441,-2.4897,0.5797
1.209,-1.7094,-1.4652,1.1342,-2.5098,0.5106
0.8954,-2.1332,-2.1092,0.8849,-2.4213,0.5314
0.7805,-2.2218,-2.035,0.6223,-2.2246,0.6133
0.7493,-2.533,-1.9225,0.3107,-1.9588,0.7312
1.1971,-2.612,-1.5155,0.0126,-1.7053,0.871
2.1045,-1.9512,-0.5363,-0.476,-1.4475,1.1129
2.1643,-1.9321,-0.0933,-0.8327,-1.3113,1.2321
2.0374,-2.8395,3.4069,-1.2133,-1.1494,1.2736
2.5689,-5.2675,9.2275,-1.5841,-0.8489,1.2345
5.8277,-11.9306,16.2979,-1.8541,-0.4408,1.1429
5.8062,-12.4238,16.1159,-1.8351,-0.1024,0.9486
2.7964,-17.2723,15.5222,-1.2628,0.041,0.1844
0.5363,-22.9298,18.8453,-0.9983,-0.3492,-0.2217
1.64,-24.0072,12.6009,-0.5835,-1.0389,-0.2571
1.7812,-23.0447,11.897,0.395,-1.6039,-0.218
2.7437,-14.9236,7.8053,1.3742,-2.0395,-0.124
2.4061,-9.0958,6.6106,1.7597,-2.0694,0.1301
2.387,-0.6296,6.3209,1.552,-1.0914,0.2626
3.8355,2.0063,5.6769,1.2472,-0.651,0.3341
6.9003,-3.4572,5.5811,0.9955,-0.5374,0.3897
6.2994,-11.0782,6.8884,0.6601,-0.753,0.4337
3.2704,-20.7655,5.3537,0.224,-1.0847,0.2394
-0.6464,-25.6523,3.1986,-0.2341,-0.7408,-0.2657
-2.2673,-25.5518,-0.5793,-0.1333,0.4124,-0.4483
1.4963,-14.7201,-0.8667,0.3413,2.2438,-0.262
1.0342,2.0063,-16.7217,0.8654,2.4857,0.0024
2.2266,3.1411,-15.7328,0.9857,1.4253,0.0256
10.5491,2.7892,-4.0988,-0.0221,1.7264,0.2724
12.5866,-0.711,9.9841,-1.7172,1.06,0.5491
-0.8307,-6.6394,-10.9992,-1.6953,0.1821,0.1631
-3.1292,-7.4965,-14.4971,-1.0691,-0.5319,-0.113
-5.5404,-11.6145,-14.1835,-1.4185,0.2988,-0.0531
-3.0454,-13.8746,-6.9817,-2.9585,2.9072,0.3152
-4.7812,-16.8414,1.0534,-3.8522,5.1546,0.1423
-4.7812,-16.8414,1.0534,-3.4906,5.0941,-0.2797
-4.0366,-16.1901,1.8459,-2.9872,4.3501,-0.4721
-2.6886,-13.6137,0.905,-2.5657,3.3623,-0.5638
-0.6631,-11.3009,0.5746,-2.2829,2.6079,-0.6438
1.6496,-9.9984,0.2729,-2.2536,2.2847,-0.656
3.213,-9.0168,-0.3902,-2.5951,2.0172,-0.6597
3.4117,-8.3536,-1.3551,-2.9005,1.9726,-0.8197
2.5306,-7.8676,-1.8914,-3.0721,2.1986,-1.0122
0.1292,-7.5061,-1.5705,-3.1534,2.4112,-1.1826
-1.1683,-8.4254,-1.9033,-3.2065,2.2713,-1.422
0.1604,-9.4023,-2.9544,-3.0783,1.917,-1.0763
-1.2282,-9.7351,-1.9704,-2.6684,0.9457,-0.2583
-1.7836,-10.0607,-1.2737,-2.4619,0.534,-0.4074
-2.9281,-10.5491,-0.1388,-2.2915,0.3959,-0.6688
-2.1308,-10.7047,0.3902,-2.0917,0.4857,-0.7654
-2.1308,-10.7047,0.3902,-1.9298,1.0899,-0.4074
-0.8044,-9.2658,1.0726,-2.0306,1.556,-0.2852
-0.7398,-8.4278,1.5251,-2.0306,1.556,-0.2852
-0.7398,-8.4278,1.5251,-2.0098,2.2921,-0.2168
1.0079,-7.269,0.1556,-2.0098,2.2921,-0.2168
1.0534,-7.2044,-0.0694,-1.8926,2.1681,-0.2614
0.972,-6.7112,-2.0518,-1.6629,1.7062,-0.3744
0.158,-6.7375,-2.7892,-1.4344,1.005,-0.5736
-0.5578,-8.0112,-0.9241,-1.5541,0.5804,-0.6414
-0.9481,-8.9857,-0.158,-1.771,0.1986,-0.6585
-1.3479,-10.2283,0.4788,-1.8657,0.0856,-0.6798
-1.0989,-11.3152,1.1659,-1.8492,0.3862,-0.689
0.9648,-12.2705,0.4572,-1.7722,0.8901,-0.6426
1.7669,-12.656,1.2569,-1.7087,0.9647,-0.6017
2.9688,-12.2059,2.7844,-1.6433,1.1278,-0.6065
2.4085,-11.1884,3.5218,-1.5102,1.0673,-0.6517
-1.9177,-11.8372,1.6711,-1.2634,0.9274,-0.7599
-2.7724,-12.1029,1.3575,-0.9579,0.7625,-0.8686
-7.4247,-13.4078,-0.395,-0.6,0.4564,-0.9908
-9.9673,-14.7249,-2.6168,-0.4106,0.1937,-0.9957
-5.5021,-16.9994,-0.4572,-0.2939,0.132,-0.8038
-3.9767,-16.9539,0.6057,-0.3788,0.355,-0.4966
1.98,-16.4248,4.501,-0.5688,0.6079,-0.1576
2.9113,-16.475,4.1371,-0.5597,0.6323,0.08
1.2306,-12.7637,-0.1125,-0.2677,0.4338,-0.0171
1.2162,-12.4094,-0.0095,0.0096,0.1113,-0.0384
0.1891,-10.4078,1.628,0.1763,-0.1464,-0.0054
0.1891,-10.4078,1.628,0.698,-0.1434,-0.0268
-2.6479,-12.5123,2.6455,0.698,-0.1434,-0.0268
-1.7836,-12.5028,2.5282,1.3816,-0.0786,0.1667
0.2322,-12.079,3.0837,1.8422,-0.0926,0.364
1.0007,-12.5626,3.0502,2.2979,-0.1653,0.5577
2.308,-13.4724,0.8283,2.7841,-0.1788,0.6847
2.2816,-14.0255,-0.5746,3.2252,-0.1513,0.8161
2.6623,-14.7057,-2.9137,3.5489,-0.0126,0.8991
4.8722,-16.238,-5.5907,3.7291,0.5047,1.0714
7.7718,-16.6259,-4.6639,3.6882,0.8956,1.196
7.9394,-16.5948,-4.355,3.453,1.1644,1.1197
8.6481,-16.1255,-2.8347,3.1971,1.1937,0.9492
8.6194,-15.582,-2.5905,3.1671,0.8578,0.7757
6.2371,-13.8842,0.2585,3.1103,0.0557,0.7605
5.1526,-13.7047,0.3854,2.9161,-0.2857,0.7299
0.3902,-13.6831,-0.055,2.7426,-0.4243,0.5131
-0.1819,-13.7956,2.7485,2.5221,-1.1152,0.4434
-0.6943,-12.9265,0.7158,2.2826,-2.4207,0.612
-0.7086,-12.8595,0.4261,2.4665,-2.6937,0.7055
-2.047,-11.6935,-1.0007,2.957,-1.9197,0.6982
-2.5163,-10.2929,-1.4628,3.0798,-1.4121,0.7018
-2.3822,-8.9402,-1.9512,3.114,-0.9589,0.8069
-2.1356,-8.5883,-3.1723,3.161,-1.0578,0.9309
-1.5586,-7.7024,-3.9887,3.2368,-1.3553,1.0354
-1.379,-6.4287,-4.537,3.2172,-1.8202,1.1099
-0.2777,-4.985,-4.9682,3.1128,-2.4359,1.1435
0.0478,-4.7237,-4.5058,2.9998,-2.6076,1.1343
0.2825,-4.4388,-4.1994,2.8428,-2.6571,1.0787
0.5889,-4.0533,-3.8618,2.6717,-2.6888,0.9889
1.2282,-3.2273,-3.1124,2.4628,-2.6668,0.9028
1.3,-2.9855,-2.9975,2.1079,-2.6259,0.8344
1.3239,-2.0638,-2.8155,1.8794,-2.6717,0.8197
1.3239,-2.0638,-2.8155,1.4091,-2.7805,0.7977
1.4245,-1.3623,-2.4444,1.4091,-2.7805,0.7977
1.4245,-1.4173,-2.4349,1.1268,-2.6302,0.8381
1.5155,-1.7741,-2.2984,0.6675,-2.059,0.9584
1.7836,-1.8291,-1.9273,0.3413,-1.6339,1.0763
2.1978,-1.8555,-1.1252,0.0169,-1.3003,1.1966
2.1859,-1.8626,-1.0438,-0.2976,-1.0841,1.2858
2.2242,-2.4229,0.5339,-0.6122,-0.9002,1.3347
2.6527,-3.7158,4.5394,-0.9378,-0.7377,1.3029
4.6878,-6.8932,13.1013,-1.3904,-0.5477,1.171
5.4327,-9.3185,16.1255,-1.4454,-0.4366,1.0152
4.9084,-13.3168,14.5019,-1.1064,-0.3608,0.7147
1.7357,-17.993,17.2915,-0.7478,-0.3291,0.2999
1.7357,-17.993,17.2915,-0.655,-1.3187,-0.2394
3.28,-23.5116,18.9961,-0.655,-1.3187,-0.2394
2.4875,-18.5484,12.2921,0.5893,-2.0505,-0.5235
1.3766,-11.6265,7.0991,1.3675,-2.7096,-0.3714
0.3782,-2.9927,6.9267,1.6253,-2.4579,-0.1136
0.7613,-2.1978,7.19,1.4738,-1.643,0.0861
3.0909,-1.4077,7.0967,1.2191,-0.8483,0.2651
5.471,-7.281,6.4909,0.8599,-0.5703,0.4111
3.6152,-19.2978,7.712,0.4421,-1.0389,0.3671
3.6152,-19.2978,7.712,-0.1125,-0.6308,-0.1539
-0.3878,-26.2988,3.3183,-0.1125,-0.6308,-0.1539
-0.4525,-21.455,0.5267,0.1892,0.2768,-0.2559
1.6927,0.8906,-16.6091,0.7231,1.6653,-0.1356
1.8602,1.695,-16.8677,1.1433,1.5767,-0.0024
6.1007,4.2377,-11.66,0.2704,1.5199,0.185
11.6792,1.4101,2.8323,-1.14,1.6152,0.5326
8.5954,-1.9297,11.5858,-1.9219,1.005,0.4825
1.7764,-5.0017,-0.6153,-1.6885,0.0282,0.1637
-6.9937,-10.0846,-18.1103,-1.0551,-0.9167,0.0818
-4.9515,-13.798,-13.6113,-2.14,1.3067,0.587
-2.2194,-16.001,-3.371,-3.658,4.1259,0.8142
-3.201,-16.6929,0.5506,-4.0019,5.2413,0.4178
-3.8833,-17.1981,2.1356,-3.5889,5.0758,-0.1661
-3.347,-15.3067,1.7741,-2.9109,4.1967,-0.4978
-1.209,-10.4438,1.4532,-2.2695,2.4741,-0.6432
-1.209,-10.4438,1.4532,-2.1949,1.341,-0.4489
2.4157,-8.1932,0.8619,-2.1949,1.341,-0.4489
4.094,-8.1022,0.0143,-2.4258,1.1278,-0.375
3.4213,-8.0687,-2.1691,-2.6616,1.1088,-0.5027
3.2848,-8.0759,-2.2529,-2.796,1.5126,-0.7654
1.9871,-8.1405,-2.0853,-2.928,2.1436,-1.1398
-2.0374,-8.3704,-1.4149,-2.997,2.1308,-1.364
-0.541,-10.8556,-3.1842,-3.0355,1.7643,-1.4483
-0.5793,-10.8508,-3.1962,-2.8632,1.173,-0.6982
-1.865,-10.7047,-1.8291,-2.6574,0.512,-0.2113
-3.517,-10.6951,-0.2322,-2.391,0.1821,-0.3604
-2.4325,-10.822,0.6057,-2.1717,0.3355,-0.4428
-1.2808,-10.3528,0.7709,-1.9591,0.4961,-0.35
-0.0981,-9.4645,1.1755,-1.848,0.5853,-0.2168
0.2202,-8.3752,1.7214,-1.8779,0.76,-0.0916
0.9911,-7.0033,0.9504,-1.972,1.1516,-0.0171
1.3168,-6.5436,0.4836,-1.997,1.8034,0.0097
1.6519,-6.23,-0.2226,-1.9262,2.0245,-0.0647
1.9177,-6.0983,-1.4341,-1.7765,1.8449,-0.1863
0.7661,-6.3138,-2.7796,-1.6165,1.4417,-0.3365
0.5698,-6.5556,-2.3989,-1.5554,1.0227,-0.4825
0.2825,-7.6378,-1.0295,-1.636,0.669,-0.554
-0.0023,-9.115,-0.1268,-1.8345,0.2133,-0.6047
0.0957,-12.0407,0.7781,-1.8779,0.1614,-0.6328
0.0933,-12.1532,0.8355,-1.8516,0.2909,-0.6487
0.2849,-12.51,1.1707,-1.8095,0.5212,-0.6579
0.7398,-11.7247,1.6112,-1.7539,0.7478,-0.6389
1.5083,-10.6329,2.4085,-1.5584,1.0874,-0.5711
1.5394,-10.6592,2.3918,-1.3122,1.2713,-0.5314
0.5841,-11.107,1.9776,-1.027,1.2921,-0.532
-2.4229,-11.727,1.5562,-0.7887,1.1076,-0.5968
-6.2419,-13.3288,-1.0773,-0.6311,0.7893,-0.689
-8.1453,-14.6192,-3.2752,-0.479,0.5517,-0.733
-7.7934,-15.7735,-2.8802,-0.3996,0.7551,-0.5888
-3.529,-16.2021,1.3982,-0.5615,0.884,-0.3946
0.8643,-15.3258,4.6471,-0.7484,0.658,-0.1539
0.8978,-15.108,4.1323,-0.7545,0.4247,0.0207
-0.4261,-14.7512,1.4125,-0.5713,0.3275,0.0238
-0.5291,-13.3288,0.4644,-0.0465,0.0288,-0.0335
-3.3231,-13.7214,3.7708,0.2075,-0.246,0.0116
-3.438,-13.8723,3.9097,0.4482,-0.1769,0.0354
-3.9049,-14.6264,3.7134,0.8061,-0.0114,0.1356
-3.9504,-14.4995,2.9616,1.3107,0.0105,0.2883
-0.5746,-13.3048,1.6687,1.8599,-0.1568,0.4697
-0.5746,-13.3048,1.6687,3.056,-0.2887,0.9462
2.7365,-13.2522,0.8858,3.056,-0.2887,0.9462
4.8027,-12.5842,-0.7493,3.4463,-0.2777,1.072
7.8221,-15.1439,-4.6998,3.712,-0.2441,1.1258
7.9969,-15.4503,-4.9084,3.8183,-0.1855,1.1704
8.514,-17.2651,-5.7583,3.6815,0.0001,1.1368
7.767,-17.2675,-4.1587,3.4872,0.457,0.9132
7.4438,-16.5158,-3.0885,3.3321,1.0532,0.6896
7.2834,-15.8573,-2.2433,3.2979,1.4955,0.6157
6.1629,-15.0816,-1.0247,3.1903,1.4717,0.7525
2.6336,-14.7536,-2.2697,3.0101,1.2634,0.8692
-0.6919,-15.8478,1.5346,2.6039,0.5138,0.8313
-0.3016,-16.0513,3.0597,2.0932,-1.4677,0.9621
-0.3711,-15.7472,2.3511,2.0126,-3.103,1.1191
-1.6543,-14.3798,0.2178,2.4286,-3.26,1.1722
-2.4875,-10.8316,-0.6655,2.9002,-2.654,1.1313
-2.2673,-10.4892,-0.8236,3.1928,-1.618,1.1264
-1.1994,-9.2874,-2.6264,3.4121,-0.8165,1.2302
-0.9337,-8.2842,-3.8953,3.464,-0.9289,1.1783
-0.0598,-6.0528,-4.2161,3.3785,-1.4799,1.0793
0.1532,-5.8158,-4.343,3.2239,-2.0731,1.0036
0.905,-4.4005,-4.6375,3.0975,-2.3608,0.9596
1.0127,-3.9001,-4.1323,2.8703,-2.4598,0.8759
1.64,-2.5713,-3.4284,2.6931,-2.4909,0.8142
1.7046,-2.5139,-3.3255,2.5043,-2.5111,0.7709
1.9009,-2.0901,-2.4851,2.2576,-2.4555,0.7403
2.1284,-1.1037,-2.2744,2.0248,-2.4384,0.6756
1.8483,-0.2178,-1.7142,1.8061,-2.4811,0.576
1.3144,-0.225,-1.4844,1.337,-2.5129,0.3885
0.8379,-0.3711,-1.4173,1.0151,-2.4543,0.2919
0.5602,-0.6177,-1.8818,0.7518,-2.3101,0.2669
0.2585,-0.96,-2.308,0.4897,-2.1067,0.3084
0.2801,-1.1587,-2.3678,0.1794,-1.8391,0.394
0.1173,-1.2401,-2.0542,-0.1547,-1.6076,0.5149
0.4525,-1.3192,-1.0821,-0.6629,-1.3791,0.6878
0.3639,-2.8323,3.122,-1.0001,-1.2515,0.7696
0.395,-3.1579,4.1395,-1.3037,-1.1061,0.8265
1.6759,-5.4351,11.7749,-1.5334,-0.9595,0.9272
3.7924,-9.7207,18.5772,-1.6482,-0.7829,1.0195
3.8067,-18.1247,14.2936,-1.1815,-0.6406,0.8362
3.4668,-18.7328,15.084,-0.9146,-0.6046,0.4105
2.6647,-23.7223,19.5181,-1.2628,-0.6498,-0.1227
2.1883,-26.2317,18.5604,-1.1015,-0.8129,-0.4899
4.3574,-14.9571,7.3121,-0.082,-1.1409,-0.6841
4.3574,-14.9571,7.3121,1.6876,-1.596,0.1215
3.9456,-7.1374,4.6016,1.6876,-1.596,0.1215
4.094,-1.0055,4.1323,1.4989,-1.2252,0.2284
6.7758,0.395,4.4268,1.1238,-1.0548,0.3298
9.4166,-5.1358,5.5979,0.7554,-0.8318,0.3921
9.8356,-11.3488,5.9977,0.3541,-0.6992,0.35
8.016,-15.8813,5.7248,-0.2903,-0.8043,-0.0287
1.1994,-25.9468,2.3247,-0.691,-0.5386,-0.5125
-0.7374,-26.1527,-3.5458,-0.7417,0.1259,-0.8741
-1.7022,-12.2634,-3.5913,-0.1522,1.3715,-0.8759
-0.6751,-3.4763,-8.5475,0.2924,2.4521,-0.5259
4.1539,0.4548,-8.5332,0.5587,1.9671,-0.1527
5.7679,-0.079,-5.5189,-0.6831,1.9591,0.4386
5.7679,-0.079,-5.5189,-2.0795,1.1418,0.4972
4.0749,-4.1946,8.4159,-2.0795,1.1418,0.4972
-8.2243,-10.8915,-17.1023,-1.4497,0.1223,0.3158
-7.7527,-11.6385,-15.3426,-1.1113,0.3086,0.3182
-5.1119,-12.3328,-7.4678,-2.4069,2.388,0.5192
-4.4149,-12.9194,-0.9361,-3.7404,4.5333,0.4691
-2.3199,-14.205,0.7972,-3.4539,4.4857,0.1185
-2.0757,-14.1021,0.8116,-2.9084,3.8473,-0.1148
-0.6081,-12.723,1.2401,-2.5419,3.0758,-0.2693
0.5339,-11.2554,1.7142,-2.3587,2.6158,-0.4948
3.031,-9.6944,1.7525,-2.2896,2.3953,-0.7403
3.9671,-9.206,0.7086,-2.3648,2.1687,-0.8155
4.1922,-8.6601,-1.731,-2.4228,2.165,-0.9407
3.8929,-8.4805,-3.3806,-2.5132,2.3623,-1.0708
1.3431,-8.672,-1.8818,-2.6873,2.4992,-1.1685
1.7812,-8.8947,-1.5251,-2.8602,2.4252,-1.2394
1.5849,-8.5068,-1.2138,-2.6342,1.7056,-0.2864
0.4118,-8.3297,-2.193,-2.4265,0.8834,-0.1973
-2.5809,-9.4047,-1.3048,-2.2029,0.3562,-0.3988
-2.885,-9.5459,-1.063,-2.0276,0.2188,-0.5766
-3.2896,-9.8476,-0.2202,-1.8944,0.4198,-0.6426
-2.7461,-9.9434,0.2202,-1.8461,0.9653,-0.4844
-1.81,-8.9402,1.7477,-1.8773,1.3385,-0.2522
-1.7836,-8.8229,1.7334,-1.9567,1.6794,-0.0629
-1.0534,-7.8125,1.865,-2.0068,2.0001,0.0531
-0.304,-7.111,1.2856,-2.0245,2.2182,0.1007
0.9145,-6.8644,-1.1683,-1.9469,2.3165,0.0488
0.9361,-6.9051,-1.4341,-1.6727,1.9304,-0.1826
0.2082,-7.4845,-3.3279,-1.4753,1.3672,-0.3854
-0.4094,-8.4087,-2.6551,-1.443,0.8284,-0.5815
-0.0766,-10.0487,-0.5746,-1.567,0.4277,-0.6902
0.2298,-11.0806,0.9624,-1.6727,0.0294,-0.7379
0.2729,-11.6409,2.308,-1.7313,-0.1953,-0.7892
-0.158,-11.7318,2.2266,-1.6904,-0.031,-0.8643
-0.7158,-11.7869,0.6368,-1.5749,0.2628,-0.8649
-0.6775,-11.6959,0.3064,-1.4955,0.6262,-0.8002
-0.4692,-11.2698,0.4477,-1.4479,1.0093,-0.6951
-0.2346,-11.4733,1.3024,-1.3434,1.2884,-0.6261
-0.9337,-12.3519,1.6352,-1.0294,1.1314,-0.631
-1.2737,-12.51,1.5969,-0.7942,0.6556,-0.7024
-3.7277,-12.9577,0.4141,-0.6146,0.085,-0.7648
-5.799,-13.9034,-2.0614,-0.4466,-0.2313,-0.7898
-4.3119,-16.104,-1.0917,-0.3135,-0.1501,-0.733
-3.9073,-16.1423,-0.723,-0.3178,0.1858,-0.5845
0.0502,-16.0632,2.8467,-0.5163,0.4619,-0.2767
1.1971,-16.4894,4.2353,-0.5377,0.3904,-0.058
