bicicleta
-5.3369,-8.6481,-2.557,0.1576,-0.5331,-0.0842
-5.392,-8.2746,-2.4277,0.0892,-0.6553,-0.0616
-5.4495,-7.9753,-2.4636,0.0379,-0.7304,0.0054
-5.222,-7.7359,-2.272,-0.0048,-0.7811,0.0757
-4.6279,-7.5683,-1.9033,-0.0414,-0.8006,0.1594
-4.422,-7.5563,-1.9464,-0.0445,-0.8006,0.2583
-3.869,-7.609,-1.877,0.0061,-0.8086,0.394
-2.9472,-7.9897,-1.9369,0.0507,-0.7835,0.4972
-2.4516,-8.8971,-2.3104,0.0923,-0.7597,0.59
-2.4444,-8.9881,-2.3295,0.099,-0.7585,0.6023
-2.533,-9.1222,-2.217,0.0691,-0.7487,0.5626
-2.5641,-9.1341,-2.1811,0.0012,-0.7225,0.5051
-3.1531,-8.8803,-1.9249,-0.0408,-0.7279,0.4703
-3.2441,-8.8229,-1.8267,-0.0793,-0.7377,0.4239
-3.7612,-8.605,-1.4844,-0.119,-0.7512,0.3836
-4.2305,-8.4733,-1.3599,-0.1416,-0.7579,0.3628
-5.0568,-8.4757,-1.3,-0.1361,-0.7738,0.364
-5.0568,-8.4757,-1.3,-0.064,-0.789,0.4703
-5.1214,-8.4614,-1.312,-0.064,-0.789,0.4703
-5.0329,-8.4733,-1.4676,-0.0274,-0.7762,0.5455
-4.9203,-8.5428,-1.4987,0.0067,-0.7499,0.6096
-4.9706,-8.5691,-1.6304,0.0232,-0.6962,0.6511
-5.0592,-8.5715,-1.7549,0.0355,-0.6382,0.6682
-5.1933,-8.6888,-1.8435,0.0428,-0.5642,0.689
-5.3465,-9.2491,-1.8076,0.0355,-0.5068,0.7171
-5.4088,-9.5411,-1.7669,0.0196,-0.4714,0.7507
-5.4255,-10.0727,-1.628,0.0037,-0.4665,0.7733
-5.5332,-10.4342,-1.537,-0.0133,-0.4769,0.7782
-5.131,-10.111,-1.3144,-0.0365,-0.4317,0.7703
-5.0879,-10.0128,-1.2162,-0.0555,-0.326,0.7861
-4.7836,-9.5795,-1.2162,-0.0695,-0.1788,0.7941
-4.8817,-9.2131,-1.0797,-0.05,-0.0902,0.7855
-5.0305,-8.8157,-1.3144,-0.0213,-0.0322,0.755
-5.0017,-8.8157,-1.4197,0.0293,-0.0358,0.7354
-5.1382,-8.7104,-1.6448,0.0972,-0.0682,0.7153
-5.3106,-8.7367,-1.9536,0.121,-0.0743,0.6872
-5.4997,-8.3967,-2.0015,0.1185,-0.0438,0.6615
-5.4997,-8.3967,-2.0015,0.0452,0.1314,0.6511
-5.629,-8.1908,-1.8435,0.0452,0.1314,0.6511
-5.8421,-8.1381,-1.7693,-0.02,0.1864,0.6493
-6.2587,-8.0184,-1.9728,-0.0457,0.1626,0.6444
-6.4885,-7.9466,-2.0829,-0.0701,0.1272,0.6444
-6.8525,-7.87,-2.0542,-0.1074,0.1369,0.656
-7.2044,-7.791,-2.0422,-0.1373,0.173,0.6792
-7.3074,-7.5204,-2.0159,-0.1599,0.2518,0.7202
-7.2499,-7.4271,-1.7621,-0.1935,0.4277,0.8381
-6.9099,-7.4199,-1.731,-0.2027,0.5566,0.9486
-6.479,-7.6186,-1.5442,-0.2008,0.6794,1.0653
-5.5069,-8.5859,-1.4365,-0.2186,0.8016,1.1808
-5.5069,-8.5859,-1.4365,-0.298,0.8071,1.353
-5.143,-9.1748,-1.5921,-0.298,0.8071,1.353
-4.8171,-9.5483,-1.4844,-0.4079,0.5334,1.3683
-4.9922,-9.5555,-1.0534,-0.5093,0.2939,1.2809
-5.0329,-9.5052,-1.051,-0.5674,0.0752,1.1508
-5.2316,-9.1174,-0.9696,-0.5472,-0.0554,1.0409
-5.5117,-8.6361,-0.7326,-0.5032,-0.0395,0.9181
-6.1079,-7.8748,-0.6703,-0.4434,0.1272,0.7367
-6.139,-7.8245,-0.656,-0.4006,0.2115,0.6517
-6.4287,-7.3361,-0.3327,-0.3829,0.1986,0.5583
-6.8285,-6.8596,-0.1364,-0.3957,0.0374,0.4831
-6.6346,-6.3233,-0.3136,-0.378,-0.1977,0.4593
-6.5149,-6.0241,-0.4596,-0.2906,-0.3248,0.5302
-6.4119,-5.6362,-0.7661,-0.1324,-0.2979,0.6444
-6.3114,-5.3896,-1.0103,-0.0634,-0.202,0.6914
-6.6059,-5.368,-1.3455,-0.0255,-0.0914,0.7189
-6.3281,-5.368,-1.5346,-0.0225,0.0093,0.7434
-5.9618,-5.3824,-1.8579,-0.0481,0.085,0.8148
-5.811,-5.6242,-2.1428,-0.1037,0.1773,0.948
-5.4973,-5.9546,-2.4157,-0.1453,0.1467,0.9749
-5.5548,-6.0791,-2.3343,-0.1575,0.0832,0.9761
-5.3585,-6.4933,-2.0781,-0.1709,-0.0248,0.9138
-4.3837,-6.4981,-1.4604,-0.177,-0.2032,0.8417
-3.3782,-5.1574,-0.8738,-0.1575,-0.3443,0.7696
-3.3063,-4.9754,-0.9002,-0.1147,-0.4011,0.5845
-3.6415,-4.2616,-1.4365,-0.1025,-0.2411,0.4581
-3.9743,-3.9935,-3.4524,-0.0658,-0.001,0.353
-4.865,-4.0318,-5.7679,0.0012,0.165,0.2864
-4.9347,-4.0749,-5.7679,-0.0206,0.3666,0.2388
-5.4183,-4.8027,-5.1334,-0.2632,0.6085,0.149
-6.2467,-5.9858,-4.0438,-0.4873,0.5658,0.05
-7.1852,-7.1134,-2.5378,-0.6828,0.3886,-0.0537
-6.9817,-7.2044,-1.4748,-0.8294,0.1681,-0.1301
-6.4167,-6.8501,-0.2801,-0.8887,0.0807,-0.1942
-6.0719,-6.443,0.2106,-0.8099,0.1565,-0.2724
-5.8421,-6.3497,-0.6943,-0.4299,0.3544,-0.3824
-6.2707,-6.3784,-1.3072,-0.1477,0.3959,-0.4984
-7.2379,-6.6106,-2.0135,0.0122,0.3465,-0.7037
-7.8484,-6.9339,-2.3056,0.0355,0.2359,-0.8674
-8.4254,-7.4079,-2.5522,-0.0066,0.0532,-0.9602
-8.2962,-7.4941,-2.4803,-0.0738,-0.1629,-1.0164
-7.8006,-7.6761,-2.035,-0.1911,-0.3003,-0.9963
-7.6425,-7.9418,-1.6424,-0.2387,-0.2313,-0.9498
-7.3002,-8.3608,-1.3718,-0.2381,-0.1073,-0.9181
-7.2523,-8.3656,-1.3742,-0.2039,0.0355,-0.8723
-6.8572,-8.4566,-1.3335,-0.1379,0.1638,-0.81
-6.4646,-8.4135,-1.2521,-0.0206,0.2713,-0.7171
-5.7511,-7.8317,-1.1875,0.0465,0.2958,-0.6994
-5.7272,-7.7886,-1.1851,0.0947,0.3147,-0.7299
-5.4662,-7.4941,-1.3048,0.1375,0.3257,-0.7898
-5.1167,-7.1613,-1.6567,0.1924,0.2964,-0.8558
-4.6782,-6.4478,-1.8579,0.2395,0.2701,-0.923
-4.3718,-6.0576,-2.0709,0.2896,0.3178,-1.0415
-4.173,-5.7703,-2.2697,0.3189,0.3471,-1.1136
-4.2712,-5.7415,-2.8419,0.3427,0.3459,-1.1875
-4.8003,-6.0887,-3.5146,0.3568,0.3104,-1.273
-5.1837,-6.4047,-3.7445,0.336,0.3165,-1.3597
-5.7727,-6.8692,-3.9312,0.2474,0.3727,-1.4569
-6.6968,-7.4271,-3.7924,0.1637,0.4271,-1.5002
-7.9849,-8.1142,-3.5051,0.0703,0.5016,-1.5277
-8.0352,-8.1238,-3.1507,-0.0121,0.5511,-1.5155
-7.7575,-8.0927,-2.5522,-0.1135,0.6391,-1.4514
-7.202,-7.7096,-1.8914,-0.1966,0.746,-1.3579
-6.0217,-7.0177,-1.7549,-0.2283,0.8846,-1.2113
-6.0217,-7.0177,-1.7549,-0.177,0.895,-1.1478
-5.7368,-6.7974,-1.5777,-0.108,0.9097,-1.1282
-5.7272,-6.6466,-1.7381,-0.0274,0.9311,-1.1331
-5.7846,-6.9674,-1.6472,0.066,0.9237,-1.1362
-5.811,-7.0057,-1.7046,0.1466,0.9195,-1.1123
-5.957,-7.4845,-1.9895,0.2651,0.8474,-1.0506
-5.8421,-7.9777,-2.2601,0.3366,0.7753,-0.9834
-5.5931,-8.3967,-2.1404,0.3898,0.7154,-0.8869
-5.3226,-8.538,-2.0566,0.4252,0.6806,-0.777
-4.9371,-8.7271,-2.035,0.4612,0.6214,-0.6585
-4.4771,-8.8756,-1.968,0.5303,0.4601,-0.4966
-3.8953,-9.2083,-2.0063,0.5724,0.3587,-0.4111
-3.8139,-9.5028,-2.4779,0.6097,0.2732,-0.3549
-3.7205,-10.099,-2.6192,0.6274,0.2176,-0.3378
-3.7325,-10.415,-2.4899,0.6072,0.2542,-0.3646
-3.6415,-10.439,-2.2074,0.5846,0.3239,-0.4202
-3.6415,-10.439,-2.2074,0.6317,0.3959,-0.4575
-3.2369,-9.8907,-2.2625,0.6317,0.3959,-0.4575
-2.94,-9.3879,-2.3798,0.6744,0.4216,-0.4386
-2.7629,-9.0839,-2.7054,0.7147,0.4692,-0.4379
-2.7916,-9.0839,-2.7054,0.7416,0.5169,-0.4563
-2.9472,-9.1988,-2.9041,0.7441,0.5584,-0.5033
-3.3159,-9.2754,-3.055,0.7233,0.5694,-0.5467
-3.8355,-8.8732,-3.1507,0.6824,0.6097,-0.5864
-3.8762,-8.8349,-3.1723,0.628,0.6928,-0.6188
-4.1108,-8.5188,-3.1244,0.5681,0.7954,-0.6426
-4.2521,-8.38,-2.8874,0.5144,0.8816,-0.6542
-4.513,-8.3033,-2.1068,0.435,0.997,-0.6438
-4.6758,-8.4039,-1.9321,0.3855,1.0697,-0.6243
-4.8267,-8.6816,-1.5825,0.3555,1.1009,-0.5784
-4.9012,-9.0791,-1.2569,0.3226,1.1375,-0.5027
-4.8937,-9.4262,-0.9816,0.3061,1.1308,-0.4105
-4.7979,-9.5507,-1.039,0.3091,1.0648,-0.3103
-4.4963,-9.6656,-0.9696,0.3329,0.8999,-0.1514
-4.1371,-9.838,-0.8068,0.3525,0.7863,-0.0513
-3.6918,-9.929,-0.9265,0.369,0.6586,0.0189
-3.6248,-9.8955,-1.0486,0.4014,0.4784,0.0549
-3.2321,-9.7518,-1.47,0.4576,0.3019,0.0769
-2.8562,-9.6872,-1.8602,0.5602,0.1235,0.1087
-2.7246,-9.5459,-2.114,0.5895,0.0349,0.0934
-2.7341,-9.5292,-2.0781,0.5871,-0.0426,0.0671
-2.6288,-9.5052,-2.4684,0.5816,-0.1476,0.0568
-2.6503,-9.6585,-2.9089,0.5742,-0.2399,0.0659
-2.6312,-10.0966,-3.5841,0.5315,-0.2918,0.0842
-2.6312,-10.0966,-3.5841,0.3317,-0.1098,0.1356
-2.691,-10.3456,-3.2513,0.3317,-0.1098,0.1356
-2.9209,-10.3695,-2.6862,0.2034,-0.0487,0.1252
-3.2417,-9.8668,-2.1763,0.0684,-0.1397,0.1056
-3.2609,-9.2467,-2.1619,-0.0206,-0.3101,0.0989
-3.1196,-8.4973,-2.1428,-0.0408,-0.4812,0.1417
-3.1627,-8.028,-2.2529,-0.0133,-0.4983,0.1887
-3.3854,-7.9059,-2.4492,0.0239,-0.5276,0.2302
-3.4308,-8.0496,-2.4899,0.0458,-0.5484,0.2773
-3.4404,-8.4159,-2.7653,0.0593,-0.6033,0.3158
-3.608,-8.775,-3.2561,0.0868,-0.654,0.3329
-3.517,-8.8516,-4.5944,0.1234,-0.5673,0.3329
-3.4332,-8.8492,-4.7046,0.0972,-0.4922,0.3573
-3.213,-8.8492,-4.0462,-0.0151,-0.4531,0.3946
-3.359,-8.9139,-2.861,-0.1801,-0.4396,0.4025
-3.6343,-9.1174,-1.968,-0.301,-0.5239,0.3921
-3.6343,-9.1174,-1.968,-0.3585,-0.6345,0.3982
-3.5098,-9.1006,-1.4245,-0.3835,-0.6944,0.4502
-3.3183,-9.1006,-1.2114,-0.3413,-0.7053,0.4899
-2.6647,-9.012,-2.0159,-0.2509,-0.6809,0.5235
-2.6647,-9.012,-2.0159,-0.0793,-0.6107,0.5503
-2.308,-9.0048,-2.4564,-0.0793,-0.6107,0.5503
-2.284,-8.8803,-2.8969,-0.0213,-0.5648,0.521
-2.6144,-8.854,-3.0142,-0.0158,-0.5025,0.4728
-2.9448,-8.9594,-3.0238,-0.042,-0.4213,0.4306
-3.4117,-9.2491,-2.7557,-0.0909,-0.3651,0.3933
-3.8594,-9.5028,-2.4253,-0.1575,-0.3266,0.3793
-4.4867,-9.9841,-1.8004,-0.2265,-0.3168,0.3811
-4.7884,-10.1038,-1.616,-0.3218,-0.3535,0.383
-5.2603,-10.3097,-1.4508,-0.3578,-0.4079,0.3848
-5.3345,-10.3169,-1.403,-0.3652,-0.4787,0.4062
-5.2292,-10.0056,-1.2186,-0.3548,-0.5435,0.4495
-5.2292,-10.0056,-1.2186,-0.2454,-0.5422,0.6072
-4.9132,-9.7638,-1.1516,-0.2454,-0.5422,0.6072
-4.616,-9.6393,-1.2473,-0.1624,-0.5258,0.6737
-4.5394,-9.5531,-1.5993,-0.0836,-0.5056,0.7128
-4.525,-9.5507,-1.6184,-0.028,-0.4622,0.7324
-4.4627,-9.5531,-1.7764,-0.0054,-0.4024,0.7476
-4.3574,-9.6632,-1.9584,-0.0121,-0.3688,0.758
-4.5609,-9.4861,-1.8818,-0.0744,-0.326,0.7257
-4.5609,-9.4861,-1.8818,-0.1324,-0.3791,0.6603
-4.7046,-9.1653,-1.8579,-0.1324,-0.3791,0.6603
-4.8291,-8.7223,-1.8124,-0.1392,-0.4085,0.6352
-4.9491,-8.119,-2.1068,-0.1398,-0.4127,0.6175
-5.2603,-7.8077,-2.2505,-0.1385,-0.3901,0.609
-5.222,-7.4079,-2.2984,-0.1825,-0.2344,0.6389
-5.0784,-7.2403,-2.296,-0.2406,-0.0639,0.7037
-5.2196,-7.1685,-2.3774,-0.2955,0.0838,0.744
-5.368,-7.2259,-2.4133,-0.3383,0.2102,0.7495
-5.72,-7.5013,-2.3104,-0.3798,0.3068,0.7422
-6.2036,-7.8891,-2.1883,-0.4379,0.4173,0.7507
-6.1055,-8.6002,-1.7166,-0.4812,0.4741,0.7745
-6.0241,-8.6577,-1.6448,-0.5338,0.5187,0.8277
-5.7655,-8.8899,-1.221,-0.5839,0.5291,0.8918
-5.8229,-9.0072,-0.8212,-0.6443,0.4955,0.9443
-6.1749,-9.1174,-0.4955,-0.7011,0.4057,0.9615
-6.2276,-9.1365,-0.4884,-0.7152,0.1388,0.9761
-6.7998,-9.1293,-0.5363,-0.6517,-0.0407,0.9865
-6.7998,-9.1293,-0.5363,-0.4189,-0.1171,1.036
-7.4726,-8.957,-1.3623,-0.4189,-0.1171,1.036
-7.4726,-8.957,-1.3623,-0.0884,0.0881,1.2724
-7.0416,-8.9067,-1.6543,-0.0884,0.0881,1.2724
-6.5412,-8.8875,-1.7549,-0.0658,0.0936,1.3145
-6.4047,-8.8708,-1.4939,-0.1178,-0.0481,1.3139
-6.2994,-8.6888,-1.3599,-0.1892,-0.2362,1.2791
-5.6745,-8.119,-1.4915,-0.2271,-0.3657,1.276
-5.21,-7.5516,-1.6424,-0.2198,-0.3413,1.32
-4.8195,-6.7184,-1.7669,-0.1624,-0.0438,1.4208
-4.6327,-6.5029,-1.9943,-0.0988,0.1754,1.4782
-4.5585,-6.1222,-2.5713,-0.0274,0.286,1.4929
-4.592,-5.8445,-3.1316,0.0122,0.3055,1.4538
-4.6878,-5.6458,-3.1866,-0.0035,0.2444,1.3768
-4.6423,-5.6027,-3.1603,-0.0726,0.1925,1.2999
-3.9935,-5.3106,-2.9137,-0.1886,0.2072,1.2547
-3.5003,-5.0161,-1.9871,-0.2717,0.2286,1.2235
-3.383,-4.7405,-1.4341,-0.3291,0.2371,1.1258
-3.383,-4.7405,-1.4341,-0.3029,0.1394,0.8032
-3.4045,-4.5872,-1.6974,-0.3029,0.1394,0.8032
-4.537,-4.8362,-2.0039,-0.2308,0.319,0.6188
-5.6554,-6.1174,-2.9807,-0.243,0.4271,0.4288
-5.6554,-6.1174,-2.9807,-0.2118,0.3758,0.3029
-6.2348,-6.716,-2.2457,-0.2118,0.3758,0.3029
-6.637,-6.7854,-0.9959,-0.2845,0.2872,0.2131
-6.9554,-6.874,-0.3088,-0.2998,0.2903,0.1423
-6.8309,-6.886,-0.3782,-0.1159,0.4644,0.0971
-7.3289,-6.7351,-0.5171,0.055,0.5187,0.0916
-7.4031,-6.6394,-1.3982,0.2236,0.4668,0.0653
-7.6425,-6.6825,-2.0494,0.3562,0.3202,0.0207
-7.7192,-6.7088,-2.1835,0.3983,0.2206,-0.0806
-7.5109,-6.6274,-2.3989,0.427,0.1626,-0.1954
-6.3856,-6.5436,-2.8778,0.4508,0.2151,-0.2021
-5.969,-6.2324,-3.383,0.4606,0.319,-0.1887
-6.0097,-6.1294,-3.2704,0.424,0.3984,-0.2693
-5.89,-5.8301,-3.1459,0.3433,0.4088,-0.3927
-5.9881,-5.6362,-3.1962,0.2804,0.3862,-0.474
-6.1821,-5.5165,-2.3223,0.1839,0.3795,-0.5986
-6.2371,-5.5117,-2.3032,0.1246,0.3526,-0.6621
-6.206,-5.5069,-1.9967,0.0739,0.2347,-0.7391
-5.6721,-5.5524,-1.6017,0.0532,0.151,-0.7648
-5.653,-5.9594,-1.5969,0.0764,0.1754,-0.7574
-5.653,-5.9594,-1.5969,0.1369,0.2286,-0.7977
-5.8684,-6.2659,-1.6304,0.2224,0.3116,-0.9077
-5.9403,-6.4909,-1.7286,0.259,0.3245,-0.9737
-5.72,-6.613,-1.7214,0.2847,0.3214,-1.0122
-5.5309,-6.5819,-1.8483,0.3116,0.3538,-0.9993
-5.4854,-6.613,-2.1068,0.3641,0.41,-0.9663
-5.2172,-6.637,-2.5402,0.4429,0.4864,-0.9724
-5.5261,-6.9051,-2.6671,0.4906,0.5737,-0.9767
-5.9474,-7.135,-2.691,0.5034,0.6763,-1.0213
-6.4167,-7.8317,-3.4069,0.4826,0.6635,-1.0879
-6.7399,-8.4829,-3.3877,0.4295,0.5334,-1.1386
-6.4742,-9.0168,-3.0142,0.3158,0.454,-1.1832
-6.3688,-9.0527,-2.9999,0.1705,0.3904,-1.1722
-6.0025,-9.0479,-2.8586,0.1308,0.3947,-1.138
-5.7679,-8.9091,-2.715,0.1277,0.4601,-1.1007
-5.131,-8.5404,-2.126,0.1387,0.5652,-1.0891
-5.131,-8.5404,-2.126,0.2041,0.8229,-1.0372
-4.8362,-8.4757,-1.9776,0.2041,0.8229,-1.0372
-4.8722,-8.6481,-1.9225,0.2596,0.8101,-1.0427
-5.3896,-9.2083,-1.7717,0.3183,0.7692,-1.0684
-5.3968,-9.2467,-1.7788,0.3708,0.7209,-1.0983
-5.5261,-9.5579,-1.98,0.4252,0.6574,-1.1068
-5.562,-9.7423,-1.7357,0.4753,0.5884,-1.08
-5.4351,-9.6752,-1.8028,0.5193,0.5444,-1.0201
-5.2531,-9.4861,-1.8052,0.559,0.5193,-0.9676
-4.7668,-9.2012,-1.98,0.6091,0.5181,-0.9089
-4.4364,-8.9785,-2.2098,0.6689,0.5077,-0.8649
-4.3837,-8.8396,-2.6862,0.7233,0.4931,-0.8649
-4.4699,-8.8277,-2.8275,0.777,0.5004,-0.9132
-4.3861,-8.6744,-2.8012,0.7752,0.5511,-0.9462
-4.3622,-8.5045,-2.8826,0.7569,0.6097,-0.9639
-4.2281,-8.2148,-3.0166,0.7398,0.6488,-0.9712
-4.2281,-8.2148,-3.0166,0.6934,0.7197,-0.9327
-4.2066,-8.119,-2.7509,0.6934,0.7197,-0.9327
-4.1826,-8.1812,-2.7557,0.6555,0.7557,-0.8979
-4.3766,-8.4566,-2.8275,0.6408,0.7441,-0.8778
-4.4005,-8.4877,-2.8012,0.6127,0.7698,-0.8637
-4.5418,-8.7558,-2.6767,0.5779,0.8223,-0.8478
-4.6806,-9.1629,-2.6599,0.5541,0.8578,-0.8283
-5.0807,-9.8859,-2.3463,0.5364,0.8633,-0.8045
-5.0807,-9.9218,-2.2912,0.4802,0.8639,-0.7483
-4.786,-9.941,-1.8938,0.4356,0.8523,-0.6597
-4.3263,-9.8093,-1.8171,0.4252,0.7716,-0.5265
-3.6559,-9.6465,-1.6998,0.449,0.6433,-0.4013
-3.3566,-9.613,-1.8052,0.4844,0.5377,-0.3097
-3.1196,-9.6824,-2.0542,0.5364,0.4583,-0.24
-3.0909,-9.7758,-2.2912,0.559,0.4418,-0.2339
-3.0693,-9.8452,-2.6479,0.5608,0.446,-0.2357
-3.11,-9.8165,-2.6839,0.5504,0.4546,-0.2309
-3.0645,-9.7327,-3.0502,0.5223,0.4546,-0.2168
-2.9472,-9.4214,-3.098,0.4673,0.41,-0.1912
-2.5498,-8.8779,-2.5665,0.322,0.2817,-0.1417
-2.5139,-8.8229,-2.4061,0.2053,0.1937,-0.1093
-2.5929,-8.8157,-1.889,0.1124,0.1101,-0.1001
-3.0166,-9.036,-1.7741,0.0465,0.0532,-0.1191
-4.0557,-9.3424,-2.1691,0.0263,0.0209,-0.1588
-4.1347,-9.3568,-2.2697,0.088,0.0526,-0.2003
-4.8027,-9.1605,-3.1459,0.1833,0.1027,-0.1948
-5.2579,-8.4183,-3.632,0.248,0.1204,-0.1783
-5.2771,-6.795,-2.9233,0.2199,0.1046,-0.1166
-5.2603,-6.7423,-2.8562,0.1002,-0.0035,-0.0445
-5.2603,-6.7423,-2.8562,-0.1862,-0.3138,0.1942
-4.6974,-7.0823,-0.7445,-0.1862,-0.3138,0.1942
-4.6974,-7.0823,-0.7445,-0.1501,-0.5178,0.4605
-4.0414,-9.1293,0.1508,-0.1501,-0.5178,0.4605
-3.7397,-9.8261,-0.2178,-0.0451,-0.5569,0.5638
-3.2441,-10.1038,-0.9935,0.1136,-0.5484,0.6585
-2.521,-10.269,-2.205,0.2713,-0.5166,0.7422
-2.2266,-10.348,-2.8131,0.3989,-0.4543,0.8161
-1.9584,-10.5084,-3.2704,0.3953,-0.4298,0.8216
-1.5227,-10.7502,-3.347,0.3372,-0.3962,0.8075
-1.1803,-11.162,-3.1292,0.2511,-0.3675,0.7788
-1.2497,-11.1668,-3.1196,0.1442,-0.3535,0.7147
-1.5346,-10.7502,-3.1771,-0.0396,-0.4402,0.5766
-1.7908,-10.1469,-3.1364,-0.152,-0.5038,0.4935
-2.0733,-9.4334,-2.138,-0.232,-0.4793,0.4538
-2.0997,-9.455,-2.1547,-0.2699,-0.384,0.4379
-2.3726,-9.7854,-2.4444,-0.2607,-0.3315,0.4269
-2.8969,-10.0343,-1.9153,-0.2332,-0.3364,0.3866
-4.197,-10.415,-1.5825,-0.2125,-0.2686,0.2974
-4.2497,-10.4031,-1.5753,-0.1776,-0.3498,0.2474
-4.5226,-10.0679,-1.2928,-0.1685,-0.4237,0.2113
-4.5346,-9.5651,-1.0654,-0.1782,-0.4323,0.2241
-4.537,-8.842,-0.8212,-0.1819,-0.4482,0.2693
-4.4939,-8.4757,-0.7422,-0.1654,-0.4671,0.342
-4.367,-8.0543,-0.6775,-0.1263,-0.4579,0.4019
-4.3837,-7.8676,-0.8092,-0.0646,-0.4347,0.4642
-4.3766,-7.8676,-1.0223,0.0012,-0.3828,0.5235
-4.3861,-7.9251,-1.1444,0.0611,-0.3016,0.5888
-4.6447,-8.2435,-1.3623,0.1136,-0.2228,0.6572
-4.9251,-8.6385,-1.6591,0.1521,-0.1495,0.7476
-5.0065,-9.2538,-2.1212,0.1515,-0.1311,0.821
-4.9586,-9.3305,-2.1715,0.121,-0.1281,0.8998
-4.8602,-9.534,-2.0398,0.0642,-0.1262,0.9779
-4.9419,-9.6297,-1.865,-0.0084,-0.1476,1.0329
-4.525,-9.5555,-1.5059,-0.0768,-0.2063,1.061
-4.458,-9.5196,-1.458,-0.1813,-0.326,1.1007
-3.7852,-9.3807,-1.1061,-0.2491,-0.3541,1.1074
-3.5793,-9.2945,-0.9576,-0.287,-0.3657,1.0842
-3.4572,-8.7606,-0.5315,-0.2931,-0.3492,1.0024
-3.4141,-8.7223,-0.5003,-0.276,-0.3071,0.8863
-3.3159,-8.2291,-0.2418,-0.1966,-0.2576,0.7073
-3.5434,-7.6689,-0.2896,-0.1086,-0.246,0.5864
-4.4029,-6.9578,-0.8307,0,-0.2173,0.4844
-5.2028,-6.9386,-1.6112,0.1295,-0.1397,0.4233
-6.048,-7.6952,-2.7246,0.2743,-0.0077,0.4147
-8.1334,-9.3903,-3.9863,0.3934,0.1895,0.4227
-9.8045,-11.5164,-4.5082,0.4026,0.5126,0.3775
-9.1246,-12.1628,-4.1706,0.2688,0.669,0.4117
-8.3967,-12.4788,-2.6886,0.0587,0.782,0.4783
-7.2379,-11.8228,-0.972,-0.2118,0.9952,0.5186
-5.5859,-9.6082,0.2106,-0.4482,1.1504,0.6035
-5.55,-9.3233,0.2729,-0.4763,0.8675,0.6914
-5.3992,-8.0472,0.3998,-0.3933,0.5377,0.6902
-5.3633,-7.2188,0.328,-0.2656,0.2145,0.711
-5.8373,-6.5221,-0.5315,-0.1007,-0.0584,0.7648
-5.8373,-6.5221,-0.5315,0.0739,-0.2594,0.8271
-6.8213,-6.5053,-1.5322,0.2254,-0.3688,0.8796
-7.7311,-6.534,-2.4612,0.3708,-0.3962,0.9779
-8.775,-6.4933,-3.6559,0.3855,-0.326,1.083
-8.787,-6.4957,-3.7541,0.3568,-0.2118,1.2137
-8.5667,-6.716,-4.3789,0.3103,-0.0719,1.3713
-7.8341,-7.2164,-4.4867,0.2444,0.129,1.5534
-6.364,-8.04,-4.2018,0.1735,0.3477,1.7177
-5.0017,-8.6242,-3.7229,0.0788,0.5988,1.8668
-3.5769,-9.0719,-2.4803,-0.0176,0.7863,1.86
-3.1268,-9.1198,-1.4293,-0.1721,0.975,1.7446
-3.1723,-8.2267,-0.5889,-0.3163,0.9952,1.5699
-3.5362,-7.7838,-0.905,-0.3853,0.7857,1.4037
-4.6519,-7.0775,-1.695,-0.3102,0.2328,1.2137
-5.9355,-6.7806,-2.2361,-0.2351,-0.0481,1.1154
-6.7088,-6.1653,-1.8507,-0.1807,-0.2038,1.0512
-6.5101,-6.0719,-1.5275,-0.1379,-0.26,1.0213
-5.1047,-5.2076,0.4189,-0.1361,-0.216,1.0012
-3.3901,-4.0557,0.9337,-0.1056,-0.2148,0.9822
-1.2952,-2.5881,-1.1085,0.0782,-0.3639,1.0891
-1.2952,-2.636,-1.3431,0.1546,-0.3914,1.1215
-3.632,-3.3183,-3.1842,0.1796,-0.4451,0.9211
-7.7407,-4.6758,-5.289,0.1918,-0.5984,0.5473
-10.6497,-7.8245,-4.4723,0.1466,-0.7548,0.229
-10.6497,-7.8245,-4.4723,-0.3554,-0.3749,0.1392
-8.7295,-7.9418,-2.1308,-0.3554,-0.3749,0.1392
-6.6561,-7.8963,-0.486,-0.4073,-0.1708,0.3243
-5.3944,-7.0512,0.3615,-0.3792,-0.1207,0.4123
-5.0305,-6.2707,0.0933,-0.3181,-0.2148,0.3249
-5.2819,-5.2938,-2.035,-0.1911,-0.3211,0.2186
-5.799,-4.6782,-4.2688,0.0446,-0.301,0.0769
-5.538,-3.8091,-4.355,0.033,-0.0377,-0.0128
-5.222,-3.5338,-3.869,-0.0946,0.242,-0.0647
-4.7285,-3.383,-3.0765,-0.2473,0.3685,-0.0922
-4.3574,-3.7134,-2.8562,-0.3951,0.322,-0.1191
-4.3574,-3.7134,-2.8562,-0.6877,-0.0108,-0.2394
-4.774,-5.1502,-2.1906,-0.6877,-0.0108,-0.2394
-5.9211,-6.2946,-1.7884,-0.7286,-0.0377,-0.3188
-7.8796,-7.6378,-2.4851,-0.6859,-0.1488,-0.4459
-10.4126,-8.8684,-1.4221,-0.6798,-0.395,-0.6969
-10.4677,-8.8971,-1.1635,-0.7451,-0.5025,-0.9639
-9.996,-8.6888,-0.304,-0.6956,-0.191,-1.0702
-9.1269,-8.5595,0.3184,-0.5014,0.0985,-0.9578
-4.5465,-7.3361,-0.632,-0.2711,0.3599,-0.8228
-4.2544,-7.2307,-0.7038,-0.0231,0.5273,-0.6188
-2.7868,-6.7184,-1.5538,0.1656,0.5761,-0.4037
-2.7724,-6.3425,-2.691,0.2493,0.4723,-0.3756
-3.2513,-5.9259,-3.5745,0.2157,0.2115,-0.6792
-3.5242,-5.7775,-3.9097,0.121,0.1553,-0.8619
-3.8522,-5.7224,-4.1898,0.0031,0.1797,-0.9987
-4.2042,-5.8852,-4.4987,-0.1159,0.2536,-1.102
-4.4891,-6.3904,-3.8115,-0.221,0.3813,-1.1734
-4.5441,-6.6513,-3.5122,-0.3639,0.5511,-1.2467
-4.9969,-6.8405,-2.6455,-0.4183,0.5309,-1.2803
-5.5524,-6.8836,-1.8794,-0.4501,0.4998,-1.3432
-6.5604,-7.1182,-0.9744,-0.4672,0.4473,-1.372
-6.6896,-7.1374,-0.8092,-0.4849,0.4039,-1.3805
-7.0081,-7.2236,-0.4812,-0.4788,0.4045,-1.3762
-7.2355,-7.4845,-0.62,-0.3444,0.4234,-1.2993
-7.4702,-8.2148,-1.0797,-0.1917,0.4369,-1.2272
-7.4702,-8.2148,-1.0797,-0.0219,0.4851,-1.1355
-7.4007,-8.4757,-1.0127,0.1656,0.5438,-1.0274
-7.0919,-8.6601,-1.1635,0.3659,0.5798,-0.8961
-6.3162,-8.921,-1.3862,0.5669,0.5566,-0.7629
-6.2731,-8.9163,-1.3646,0.7917,0.5462,-0.6249
-5.8517,-8.9354,-1.7238,0.8907,0.548,-0.5754
-5.5883,-8.8995,-2.1906,0.9725,0.4918,-0.5534
-5.3273,-8.8157,-2.4157,1.0244,0.4277,-0.5546
-5.0831,-8.8085,-2.5689,1.0501,0.3935,-0.5711
-4.9371,-8.7989,-2.9137,1.0855,0.3086,-0.5968
-4.8291,-8.866,-3.1244,1.1069,0.22,-0.6151
-4.5896,-9.0431,-3.1938,1.1094,0.1498,-0.6218
-4.5082,-9.1365,-3.1268,1.0904,0.1101,-0.6255
-4.276,-9.1916,-2.6336,1.0642,0.0789,-0.6414
-4.3095,-9.1916,-2.7437,1.0275,0.0539,-0.6621
-4.3406,-9.3065,-3.5003,1.0238,-0.103,-0.7299
-4.3478,-9.2467,-3.3542,0.9322,-0.0163,-0.7617
-4.3885,-8.9809,-3.28,0.7954,0.1858,-0.8063
-4.2568,-8.7415,-3.2202,0.7074,0.2817,-0.8558
-3.7014,-7.9059,-3.5338,0.6567,0.3275,-0.8918
-3.6703,-7.8365,-3.5601,0.628,0.3996,-0.9395
-3.6176,-7.53,-3.4739,0.5993,0.5236,-1.0079
-3.8642,-7.3768,-3.4931,0.5553,0.705,-1.1032
-5.0281,-7.9825,-3.0885,0.5278,0.8425,-1.2015
-5.0281,-7.9825,-3.0885,0.5009,0.961,-1.2742
-5.811,-9.0408,-3.0262,0.4759,1.03,-1.3072
-6.716,-10.2163,-2.3846,0.3751,1.1082,-1.2675
-7.3409,-11.095,-0.9792,0.234,1.1827,-1.1856
-7.2164,-11.2171,-0.462,0.1033,1.1204,-1.0403
-6.6705,-11.0136,0.3208,0.0257,0.8486,-0.8265
-5.8708,-10.4677,0.6631,-0.0041,0.4552,-0.5919
-4.6064,-9.4023,0.1963,0.1008,-0.0853,-0.2907
-4.0485,-8.9953,-0.1795,0.2871,-0.2729,-0.1295
-3.2728,-8.4661,-0.9504,0.5168,-0.2729,-0.0091
-2.9305,-8.1645,-1.7836,0.7263,-0.1079,0.0409
-3.2393,-7.8724,-3.3303,0.8827,0.1608,0.0262
-3.3255,-7.8844,-3.3686,0.9646,0.4283,-0.0384
-3.4572,-7.9538,-3.5386,0.9017,0.6855,-0.1191
-3.5098,-8.21,-3.4931,0.7807,0.6831,-0.1215
-3.4691,-9.4502,-3.292,0.6164,0.5126,-0.091
-3.5122,-9.534,-3.2561,0.4111,0.2035,-0.0519
-3.7565,-10.0607,-3.019,0.1998,-0.1085,-0.0586
-3.7397,-10.4174,-2.8754,0.0532,-0.2386,-0.0427
-3.3949,-10.3959,-1.7357,-0.0133,-0.0707,0.0372
-3.3949,-10.3959,-1.7357,-0.0188,0.2817,0.0745
-3.3806,-9.7949,-0.9409,-0.0188,0.2817,0.0745
-3.4907,-9.194,-0.7972,-0.0237,0.2353,0.0513
-3.4907,-9.194,-0.7972,-0.0127,-0.001,0.0696
-3.517,-8.3297,-0.565,-0.0127,-0.001,0.0696
-3.5697,-8.3081,-0.8451,0.0245,-0.0713,0.1386
-3.6152,-8.1884,-1.0031,0.0593,-0.1189,0.1826
-3.3207,-8.1357,-1.1037,0.0562,-0.0957,0.2516
-3.201,-8.21,-1.1611,0.0342,-0.0823,0.35
-2.7748,-8.4518,-0.9265,0,-0.0743,0.4532
-2.3511,-8.9857,-0.5793,-0.0811,0.0068,0.6065
-2.2026,-10.075,-0.462,-0.1282,0.0093,0.6707
-2.2122,-10.1828,-0.3303,-0.1782,-0.0261,0.6853
-2.2816,-10.5467,-0.3112,-0.2228,-0.0426,0.6743
-2.3942,-10.8867,-0.2035,-0.2143,-0.1067,0.6499
-3.7421,-11.2722,-1.7812,-0.1098,-0.0261,0.5821
-3.7421,-11.2722,-1.7812,0.0129,0.0496,0.5253
-4.4556,-11.4757,-2.5761,0.0654,0.0129,0.4966
-5.1981,-11.7103,-3.4021,0.0263,-0.2038,0.4734
-5.7032,-10.0439,-3.031,-0.0475,-0.4677,0.4331
-5.5716,-9.8787,-2.8514,-0.1544,-0.5532,0.3927
-4.2449,-9.0001,-1.6998,-0.2363,-0.3419,0.5131
-3.8379,-8.763,-1.2569,-0.108,-0.2069,0.6108
-3.9288,-9.2467,-0.5147,-0.0176,-0.1067,0.5925
-4.2928,-9.3592,0.0215,-0.086,-0.122,0.5253
-4.683,-9.0144,0.5578,-0.1825,-0.1886,0.4208
-4.8626,-8.6122,0.7613,-0.1789,-0.2319,0.3231
-4.8626,-8.6122,0.7613,0.2633,-0.5893,0.1331
-5.6458,-7.5947,-0.8236,0.2633,-0.5893,0.1331
-5.5428,-7.4055,-1.4269,0.4661,-0.6717,0.1447
-5.6314,-7.4678,-1.9225,0.57,-0.6455,0.2052
-5.38,-7.1852,-1.64,0.5376,-0.6705,0.2309
-5.2436,-7.1062,-1.5777,0.2987,-0.7524,0.273
-4.6782,-6.8357,-1.6615,0.1589,-0.8263,0.3353
-3.9983,-6.6705,-1.8698,0.0782,-0.9405,0.4068
-3.9695,-7.1374,-2.0039,0.0373,-0.9729,0.4434
-4.0318,-7.1374,-2.0398,0.0037,-0.9485,0.4178
-4.7836,-7.882,-2.0757,-0.0512,-0.9521,0.3671
-5.3345,-8.4709,-1.9632,-0.1673,-0.9918,0.3097
-5.9642,-8.672,-1.9991,-0.2375,-1.0761,0.3072
-5.9642,-8.672,-1.9991,-0.2888,-1.1543,0.3127
-5.8229,-8.4302,-2.0063,-0.3328,-1.1372,0.3268
-5.4327,-8.2052,-1.6735,-0.3578,-1.0535,0.3652
-5.2268,-8.2483,-1.4748,-0.3621,-0.8629,0.419
-5.2268,-8.2483,-1.4748,-0.2803,-0.6149,0.4532
-5.1526,-8.9115,-1.1492,-0.2803,-0.6149,0.4532
-5.3824,-9.4789,-1.2569,-0.2235,-0.4738,0.4557
-5.7224,-10.008,-1.4676,-0.1563,-0.3681,0.4544
-5.7224,-10.008,-1.4676,-0.0781,-0.0786,0.4477
-6.1342,-9.8883,-1.446,-0.0781,-0.0786,0.4477
-6.0624,-9.6465,-1.6448,-0.0689,-0.0352,0.463
-6.1773,-9.1269,-1.7286,-0.0823,-0.0285,0.4886
-6.1773,-9.1269,-1.7286,-0.1593,-0.0688,0.5296
-6.1701,-8.7104,-1.5801,-0.1593,-0.0688,0.5296
-6.2515,-8.4087,-1.4867,-0.21,-0.1049,0.5363
-6.613,-7.8772,-1.0702,-0.2784,-0.1293,0.5345
-6.704,-7.8221,-0.9959,-0.3084,-0.0658,0.5516
-6.874,-7.6808,-0.893,-0.2992,0.0245,0.6047
-6.9506,-7.6928,-0.8355,-0.2632,0.1272,0.6835
-7.1924,-8.3009,-0.9002,-0.2082,0.253,0.7715
-7.1709,-8.3369,-0.9169,-0.1202,0.454,0.9248
-6.9315,-8.7439,-0.9672,-0.0677,0.5645,1.058
-6.2443,-9.0384,-0.9074,-0.0151,0.6042,1.193
-5.3226,-9.0791,-0.893,0.0281,0.6165,1.295
-5.0089,-9.0048,-0.9864,0.0538,0.6378,1.3457
-4.6758,-8.8157,-1.0342,0.0538,0.6653,1.3548
-4.5681,-8.4374,-0.9552,0.0348,0.6537,1.3158
-4.6399,-7.9203,-1.0965,0.0214,0.6134,1.2889
-4.6495,-7.7718,-1.2928,0.0269,0.5474,1.2712
-4.6495,-7.7718,-1.2928,0.0599,0.5016,1.2308
-5.3321,-7.7623,-2.1619,0.0599,0.5016,1.2308
-7.0512,-8.21,-2.4277,0.0617,0.5774,1.1636
-7.1876,-8.2626,-2.387,0.0104,0.7124,1.0635
-7.7766,-8.3847,-2.2266,-0.0603,0.8681,0.9871
-7.5707,-8.2698,-2.047,-0.1056,0.9482,1.0012
-6.3233,-7.7527,-1.2904,-0.1355,0.9598,1.0793
-6.1031,-7.6569,-1.2449,-0.1734,0.9402,1.1557
-5.5165,-7.3935,-1.1324,-0.2167,0.8205,1.2162
-5.289,-7.1661,-1.0007,-0.2186,0.7118,1.1844
-4.9993,-6.4239,-0.6081,-0.2448,0.6214,1.1013
-4.9946,-6.3736,-0.6177,-0.2552,0.5328,1.036
-5.404,-6.0193,-0.9002,-0.2228,0.4766,0.9999
-5.7799,-5.8541,-1.1587,-0.1624,0.4717,0.9621
-6.7256,-6.0169,-1.5634,-0.0268,0.4827,0.9205
-7.0631,-6.23,-1.6496,0.0886,0.4674,0.8912
-7.1876,-6.5077,-1.2976,0.1784,0.4057,0.871
-6.5268,-6.4909,-1.0055,0.2267,0.2658,0.8576
-4.3263,-5.5356,-0.9983,0.2346,0.0355,0.8466
-3.6822,-5.3513,-0.5793,0.1564,-0.1769,0.8332
-3.7804,-5.1406,-0.7493,0.0733,-0.0847,0.788
-4.5298,-5.3848,-1.7573,0.0929,-0.1366,0.6212
-5.1837,-7.3768,-3.6487,0.1845,-0.3859,0.43
-5.2747,-7.6976,-3.632,0.2279,-0.6345,0.2962
-6.1126,-8.8923,-4.0294,0.1747,-0.698,0.2419
-6.2539,-8.9354,-2.8514,-0.0335,-0.7341,0.1001
-5.5955,-7.8053,-1.4269,-0.2577,-0.6962,0.0073
-5.6841,-7.6713,-1.3527,-0.3963,-0.7414,-0.0586
-5.9331,-7.1278,-0.8906,-0.4208,-0.8452,-0.1417
-6.4814,-6.7567,-1.6903,-0.3841,-0.946,-0.1979
-6.6513,-5.6817,-1.5682,-0.29,-0.9741,-0.2632
-6.6513,-5.6817,-1.5682,-0.257,-0.5685,-0.4214
-6.3521,-4.9515,-1.2138,-0.257,-0.5685,-0.4214
-6.115,-4.3957,-1.0702,-0.2228,-0.34,-0.4587
-6.1533,-3.8929,-1.051,-0.1691,-0.1672,-0.5155
-6.4119,-3.8163,-1.1252,-0.1135,-0.0047,-0.609
-6.6681,-3.8259,-1.2521,-0.0188,0.2231,-0.7232
-6.7471,-3.9815,-1.6376,0.0422,0.3013,-0.7629
-7.4247,-4.3766,-1.6903,0.0819,0.3678,-0.8093
-7.7862,-4.6423,-1.7764,0.091,0.4912,-0.8582
-8.2243,-5.2196,-2.0638,0.1081,0.5658,-0.8698
-8.3656,-5.7583,-2.3463,0.1301,0.5676,-0.8381
-7.5923,-6.9171,-2.7174,0.1253,0.5933,-0.7318
-7.3624,-7.0416,-2.7533,0.1027,0.6592,-0.6469
-6.9291,-7.5707,-2.5043,0.0691,0.7289,-0.6078
-6.6849,-7.8484,-2.2409,0.0245,0.7808,-0.6407
-6.1486,-7.4821,-1.5562,-0.0145,0.7845,-0.7122
-6.0384,-7.3792,-1.5155,-0.0707,0.7594,-0.8155
-5.8636,-6.874,-1.5394,-0.0878,0.7111,-0.8576
-5.72,-6.443,-1.6735,-0.0756,0.6659,-0.9144
-5.5931,-6.3305,-2.1571,-0.0322,0.658,-0.9541
-5.5931,-6.3305,-2.1571,0.0348,0.6592,-0.9627
-5.8373,-6.7351,-2.1188,0.1081,0.6659,-0.9847
-6.0193,-7.3121,-1.9919,0.1766,0.7509,-1.0238
-6.5604,-8.0041,-1.9919,0.2181,0.782,-1.0494
-7.0847,-8.2387,-2.3319,0.2584,0.7692,-1.102
-7.5372,-8.4422,-2.5306,0.2871,0.7759,-1.1728
-7.3864,-8.4494,-2.6144,0.292,0.8608,-1.193
-7.0895,-8.4542,-2.9688,0.322,0.9494,-1.0928
-6.9339,-8.4973,-3.0166,0.3287,0.9378,-1.0293
-6.5029,-8.344,-2.2074,0.292,0.9463,-0.9975
-6.0648,-7.9801,-1.3287,0.2395,0.9561,-0.9676
-5.3944,-7.3385,-0.9169,0.226,0.8425,-0.9254
-5.3585,-7.2236,-0.9002,0.2474,0.6378,-0.8808
-5.0664,-6.7232,-0.7709,0.3128,0.4393,-0.8845
-4.8123,-6.3377,-0.7182,0.3891,0.4082,-0.9077
-5.0736,-6.2563,-1.6232,0.5022,0.4033,-0.9401
-5.0736,-6.2563,-1.6232,0.7813,0.4589,-1.0244
-5.3848,-6.6633,-2.0039,0.7813,0.4589,-1.0244
-5.708,-7.0057,-1.6807,0.8846,0.5285,-1.0598
-6.8285,-7.6449,-1.64,0.9866,0.5346,-1.0958
-6.8285,-7.6449,-1.64,1.069,0.341,-1.0781
-7.2283,-7.5348,-2.4468,1.069,0.341,-1.0781
-6.7758,-7.4271,-2.5665,1.0965,0.2695,-0.992
-6.1079,-7.3648,-2.9759,1.1277,0.2683,-0.8436
-5.7727,-7.5659,-2.6096,1.201,0.1956,-0.6701
-6.2659,-8.0927,-3.9121,1.2163,0.165,-0.6218
-6.4981,-8.6098,-4.8291,1.2254,0.1259,-0.5949
-6.3616,-9.2754,-4.6806,1.1326,0.2512,-0.5216
-6.0743,-9.4645,-4.2784,0.9792,0.4137,-0.452
-5.6338,-9.6225,-3.517,0.8113,0.4955,-0.4037
-4.9969,-9.6537,-2.6024,0.5632,0.3843,-0.3439
-4.2257,-9.6609,-1.8698,0.4075,0.242,-0.3097
-4.2114,-9.7063,-1.8339,0.3,0.0325,-0.3133
-4.2329,-9.8572,-1.877,0.2273,-0.1427,-0.3506
-4.2975,-9.917,-1.8195,0.1906,-0.2423,-0.3964
-4.094,-10.0846,-2.126,0.1967,-0.2258,-0.4007
-4.094,-10.0846,-2.126,0.3403,-0.1067,-0.3152
-4.1539,-10.3576,-2.6791,0.3403,-0.1067,-0.3152
-4.0605,-10.3169,-3.1387,0.4142,0.0007,-0.2974
-3.9528,-10.5946,-3.4931,0.4527,0.1724,-0.2877
-3.9408,-10.664,-3.529,0.4612,0.3312,-0.2974
-4.1515,-11.3607,-3.3925,0.3989,0.3996,-0.3481
-4.0007,-11.6073,-2.9113,0.2767,0.3336,-0.3683
-3.3997,-11.2602,-2.0183,0.1228,0.1272,-0.3414
-2.7222,-10.6999,-1.312,-0.0225,-0.1623,-0.2858
-2.0039,-9.9242,-0.6368,-0.1117,-0.4243,-0.2315
-1.3862,-9.182,-0.5722,-0.1092,-0.5771,-0.2003
-1.0678,-7.8939,-0.7613,0.0098,-0.549,-0.2412
-1.13,-7.5492,-1.0845,0.1369,-0.4298,-0.3335
-1.6208,-7.2212,-1.8339,0.2603,-0.3315,-0.4459
-2.4157,-7.2283,-2.4277,0.3317,-0.2777,-0.5784
-3.9145,-7.4199,-2.5929,0.311,-0.2796,-0.6988
-3.9145,-7.4199,-2.5929,-0.0408,-0.6705,-0.8319
-4.422,-7.8101,-2.1954,-0.0408,-0.6705,-0.8319
-4.422,-7.8101,-2.1954,-0.3047,-1.1598,-0.6921
-3.8283,-7.9945,-1.5801,-0.3047,-1.1598,-0.6921
-3.7588,-7.9658,-1.549,-0.353,-1.2087,-0.5693
-3.2297,-7.5731,-1.628,-0.3059,-1.1,-0.4159
-3.213,-7.3097,-2.0877,-0.1819,-0.7787,-0.2431
-3.4955,-7.1876,-2.8562,-0.1868,-0.6375,-0.1795
-3.4691,-7.2044,-2.8706,-0.2968,-0.6491,-0.0696
-3.292,-7.4007,-3.0885,-0.4611,-0.7206,0.094
-2.9735,-7.8437,-2.9257,-0.5924,-0.7396,0.2877
-2.2361,-8.6577,-2.4277,-0.6755,-0.5386,0.5943
-1.9273,-9.1844,-2.4444,-0.6627,-0.359,0.7733
-1.9273,-9.1844,-2.4444,-0.6785,-0.348,0.9199
-0.9864,-10.7071,-2.6455,-0.6785,-0.348,0.9199
-1.2617,-11.6672,-2.9376,-0.717,-0.5349,0.857
-2.0111,-12.0191,-3.1052,-0.7482,-0.6608,0.6688
-3.7421,-12.0838,-2.8706,-0.8129,-0.7707,0.2645
-4.5705,-11.7965,-2.3582,-0.8105,-0.6827,0.0806
-5.0113,-10.9968,-1.6136,-0.7641,-0.6669,0.0433
-4.9539,-10.8771,-1.4891,-0.7103,-0.7444,0.0788
-4.5082,-10.4198,-0.9816,-0.6853,-0.8452,0.1685
-4.1778,-10.0727,-0.5961,-0.6028,-0.8727,0.2974
-4.1204,-9.2347,-0.8738,-0.4727,-0.8336,0.3524
-4.0988,-9.1772,-0.9026,-0.3236,-0.8245,0.397
-3.5506,-8.8229,-1.0247,-0.174,-0.7951,0.4721
-3.1244,-8.8325,-1.2593,-0.0549,-0.767,0.5839
-2.7533,-9.4142,-0.9792,0.0049,-0.7591,0.6664
-2.7485,-9.4454,-0.9433,0.0006,-0.7658,0.6945
-2.9424,-9.6202,-0.9528,-0.0023,-0.7469,0.6737
-3.0669,-9.7135,-1.1252,0.0507,-0.7524,0.623
-2.7916,-9.8189,-1.288,0.1399,-0.7243,0.5888
-2.612,-9.8476,-1.6615,0.2334,-0.6956,0.5791
-2.7533,-9.7806,-2.3798,0.3146,-0.7041,0.5345
-3.0597,-9.534,-2.7222,0.3519,-0.6699,0.3665
-3.4931,-8.7726,-2.0446,0.2975,-0.5239,0.2583
-3.7301,-8.4925,-2.0278,0.2242,-0.417,0.1808
-4.1754,-8.0352,-2.1236,0.1741,-0.447,0.1276
-4.525,-7.6042,-2.1667,0.1265,-0.5001,0.1069
-4.6016,-7.4654,-1.9752,0.0275,-0.5355,0.149
-4.6327,-7.5013,-1.9895,-0.0487,-0.5606,0.1875
-5.0305,-7.6282,-1.9871,-0.1214,-0.5984,0.1857
-5.2364,-7.9059,-1.9177,-0.1929,-0.5813,0.1576
-5.392,-8.5571,-1.7764,-0.2601,-0.4812,0.1588
-5.4303,-8.6481,-1.8171,-0.3175,-0.3529,0.1704
-5.8349,-9.0144,-1.7429,-0.3737,-0.1562,0.1276
-6.1797,-9.103,-1.3455,-0.3982,-0.0114,0.0775
-5.9786,-8.8779,-0.6057,-0.4061,0.1711,0.0525
-5.9786,-8.8779,-0.6057,-0.3762,0.3306,0.0733
-5.641,-8.7008,-0.5746,-0.2992,0.4271,0.1343
-5.6482,-8.6266,-0.656,-0.1569,0.4961,0.2046
-5.9163,-8.4374,-0.6847,-0.0866,0.5493,0.2083
-6.0552,-8.2794,-0.6799,-0.0512,0.6036,0.2144
-6.3233,-8.265,-0.79,-0.0292,0.5945,0.2504
-6.3138,-8.4302,-0.8595,-0.0158,0.5108,0.3054
-6.4622,-8.8468,-0.9552,-0.0109,0.3892,0.3671
-6.5747,-9.0671,-1.1133,-0.0298,0.1797,0.4245
-6.953,-8.9905,-0.9983,-0.0677,0.0801,0.4312
-7.02,-8.684,-0.7948,-0.1172,0.0361,0.452
-6.6801,-8.0112,-0.9768,-0.1355,-0.0193,0.5393
-6.6106,-7.961,-0.9504,-0.1153,-0.0914,0.6426
-6.5197,-7.7742,-0.7805,-0.097,-0.1134,0.7122
-6.4407,-7.5085,-0.7685,-0.0658,-0.0572,0.7861
-6.4167,-7.0799,-1.2018,-0.0188,-0.0242,0.8484
-6.4478,-7.0608,-1.2306,0.0391,-0.0059,0.9108
-6.4239,-6.9171,-1.3239,0.0819,0.0325,0.9749
-6.467,-6.7543,-1.3599,0.0978,0.1101,1.0433
-6.7184,-7.281,-2.0638,0.121,0.1907,1.1649
-6.7519,-7.3504,-2.0997,0.1424,0.1876,1.2455
-7.0129,-8.0927,-2.5163,0.146,0.2139,1.2944
-7.0584,-8.8851,-2.3894,0.1265,0.2817,1.3206
-6.7615,-9.5747,-2.0733,0.077,0.388,1.342
-6.3976,-9.6561,-1.5921,0.0147,0.4723,1.3567
-5.7032,-9.5387,-1.1492,-0.0811,0.5303,1.372
-4.8027,-9.0312,-0.6679,-0.1129,0.5035,1.3878
-4.2449,-7.9322,-0.541,-0.1129,0.4436,1.3878
-4.1922,-7.5372,-0.7398,-0.075,0.3367,1.3225
-4.4412,-6.8309,-1.2593,-0.0188,0.2145,1.2229
-4.7884,-6.2898,-1.7788,0.0422,0.1394,1.0861
-5.6099,-5.7224,-2.8538,0.0526,0.1614,1.0183
-5.6099,-5.7224,-2.8538,-0.0603,0.3758,0.8668
-6.3185,-5.6099,-3.2034,-0.0603,0.3758,0.8668
-6.5795,-5.7415,-3.3997,-0.1636,0.5267,0.7935
-6.2898,-6.2802,-3.0741,-0.2638,0.6604,0.7831
-6.23,-6.3305,-3.0502,-0.4153,0.8229,0.8411
-5.9858,-6.8285,-2.7772,-0.5191,0.8571,0.8723
-5.5117,-7.5276,-2.229,-0.6113,0.7887,0.8924
-5.5045,-8.7989,-1.4532,-0.6883,0.6696,0.8833
-5.617,-8.8588,-1.3287,-0.7366,0.5004,0.8338
-5.9594,-9.0408,-0.9864,-0.7641,0.2903,0.7391
-5.9403,-8.8181,-1.2545,-0.673,0.0087,0.6462
-5.5476,-7.882,-1.1587,-0.557,-0.023,0.645
-5.0305,-7.2714,-1.051,-0.4843,0.0087,0.6102
-4.5322,-6.3664,-1.4245,-0.403,0.0025,0.5705
-4.9179,-5.7727,-1.2569,-0.3163,-0.0157,0.5174
-4.9179,-5.7727,-1.2569,-0.1807,-0.0511,0.3298
-5.5476,-5.4231,-2.7461,-0.1807,-0.0511,0.3298
-5.9786,-5.6649,-2.4492,-0.2161,-0.0212,0.2828
-5.708,-6.0432,-2.557,-0.2955,-0.0035,0.2559
-6.9506,-7.0703,-1.81,-0.3334,0.0007,0.2724
-7.0272,-7.1948,-1.6783,-0.3768,0.027,0.2144
-6.4478,-7.4247,-1.0031,-0.4403,0.0649,0.1295
-6.0911,-7.4151,-0.6991,-0.378,0.0826,0.1765
-6.048,-6.6394,-0.1747,-0.3035,0.0288,0.1276
-6.048,-6.6394,-0.1747,-0.1049,-0.1458,-0.0372
-5.5309,-5.9498,-0.7876,-0.1049,-0.1458,-0.0372
-5.9762,-5.7032,-1.1659,0.1014,-0.2148,-0.1301
-6.1533,-5.2076,-1.5753,0.1753,-0.1959,-0.2357
-6.127,-5.2005,-1.6041,0.226,-0.1238,-0.273
-6.2755,-5.1502,-2.0063,0.27,-0.0456,-0.262
-6.4119,-5.1238,-2.1092,0.2853,-0.0236,-0.2773
-5.9379,-5.0568,-1.9608,0.2645,-0.001,-0.2968
-6.0217,-5.0161,-2.3008,0.2462,0.0368,-0.2901
-5.9905,-4.9586,-2.3295,0.2242,0.0649,-0.3347
-6.1845,-5.076,-2.2122,0.1808,0.1302,-0.3903
-6.7256,-5.617,-2.9041,0.1356,0.1992,-0.4605
-6.9506,-5.9307,-3.2537,0.0996,0.2383,-0.5326
-6.9506,-5.9307,-3.2537,-0.0475,0.6061,-0.5919
-7.7599,-6.8668,-2.2433,-0.0475,0.6061,-0.5919
-8.4638,-7.7072,-2.3654,-0.0316,0.5816,-0.5992
-8.3943,-7.7694,-2.3247,-0.0225,0.4931,-0.6438
-7.5779,-7.8628,-2.047,-0.0439,0.5377,-0.6407
-7.5779,-7.8628,-2.047,0.066,0.7264,-0.6017
-6.9099,-7.6354,-2.0015,0.066,0.7264,-0.6017
-6.8716,-7.6234,-2.0566,0.135,0.6855,-0.6719
-6.6561,-7.5252,-2.3008,0.1656,0.6824,-0.7379
-6.6082,-7.5276,-2.7222,0.1894,0.7099,-0.7941
-6.9243,-7.6928,-2.2074,0.2163,0.7099,-0.8594
-6.9243,-7.6928,-2.2074,0.2236,0.6849,-0.9285
-7.0248,-7.7431,-2.3822,0.245,0.5725,-0.9816
-6.7639,-7.4917,-2.7054,0.289,0.4747,-0.9724
-6.0408,-6.8022,-3.1364,0.3244,0.5083,-0.9419
-5.8134,-6.4766,-3.2776,0.3641,0.6391,-0.8991
-5.9115,-6.3904,-3.3782,0.3885,0.779,-0.8967
-6.1462,-6.4837,-3.0621,0.3543,0.9396,-0.9853
-6.218,-6.7136,-2.703,0.3042,1.0105,-1.0384
-6.0767,-6.8165,-2.4588,0.2676,1.0154,-1.0531
-5.8038,-7.1254,-2.0685,0.2291,0.9604,-1.0158
-5.6817,-7.372,-1.9656,0.2004,0.8101,-0.9633
-5.4973,-7.4654,-1.4389,0.1778,0.6415,-0.9437
-5.3417,-7.439,-1.5203,0.1876,0.512,-0.9224
-4.9515,-7.3959,-1.968,0.2706,0.4381,-0.8625
-4.6854,-7.3433,-2.126,0.383,0.3904,-0.799
-4.3837,-7.111,-2.3654,0.4789,0.4204,-0.7629
-4.3837,-7.111,-2.3654,0.5938,0.6415,-0.7519
-4.2042,-6.8285,-2.2649,0.5938,0.6415,-0.7519
-4.2042,-6.8285,-2.2649,0.7001,0.6378,-0.8258
-4.4819,-6.4095,-3.0095,0.7001,0.6378,-0.8258
-4.4819,-6.4095,-3.0095,0.7196,0.4925,-0.86
-4.6279,-6.4885,-3.3973,0.7196,0.4925,-0.86
-5.0137,-6.9434,-4.1826,0.7129,0.3972,-0.8704
-5.3848,-8.0184,-4.7405,0.7013,0.2231,-0.879
-5.72,-8.672,-4.6639,0.6286,0.253,-0.868
-6.1845,-9.5627,-4.4388,0.5468,0.3202,-0.8625
-6.4742,-10.2211,-3.924,0.4753,0.3678,-0.8454
-6.4095,-10.7694,-3.0047,0.394,0.424,-0.7874
-6.1342,-10.834,-2.5689,0.325,0.446,-0.6878
-5.5907,-10.6209,-2.1667,0.2859,0.3831,-0.5259
-4.9347,-10.0391,-1.9057,0.3268,0.2933,-0.4538
-4.0414,-9.1964,-2.6288,0.4172,0.2145,-0.4153
-3.9743,-9.1437,-2.7629,0.548,0.1791,-0.3958
-3.8474,-9.115,-2.9592,0.6524,0.2512,-0.3976
-3.8235,-9.3065,-2.7988,0.7434,0.4894,-0.4312
-4.3646,-10.1541,-2.3056,0.7825,0.5939,-0.4599
-4.3909,-10.178,-2.2697,0.7813,0.6476,-0.499
-4.6447,-9.9386,-1.6017,0.7153,0.6287,-0.5363
-4.4244,-9.5747,-0.6751,0.6164,0.5114,-0.5681
-4.6471,-9.2083,-1.4221,0.5785,0.3184,-0.5674
-4.6471,-9.2083,-1.4221,0.8131,0.1107,-0.5662
-4.5657,-8.8995,-1.6519,0.8131,0.1107,-0.5662
-4.3191,-8.5045,-1.9823,0.8962,0.2023,-0.5406
-4.2497,-8.1094,-2.1954,0.9744,0.2487,-0.5015
-4.4412,-7.9753,-2.4923,1.0263,0.253,-0.4691
-4.7596,-7.9993,-2.8706,1.0275,0.1424,-0.4404
-4.671,-7.9945,-3.1364,0.8919,-0.144,-0.3622
-4.264,-8.0615,-3.4835,0.8125,-0.3284,-0.2761
-4.2257,-8.0472,-3.7205,0.7477,-0.4445,-0.1997
-4.2257,-8.0472,-3.7205,0.5571,-0.3333,-0.1136
-3.8307,-7.6904,-3.2321,0.5571,-0.3333,-0.1136
-2.8874,-7.7335,-2.3798,0.4221,-0.1513,-0.0164
-2.8083,-7.8006,-2.0805,0.3421,-0.1067,0.0616
-2.2984,-8.3704,-1.7022,0.259,-0.1238,0.1307
-2.1045,-8.8875,-1.4915,0.2083,-0.2215,0.1685
-2.0015,-9.6058,-2.229,0.1845,-0.3303,0.1716
-2.0231,-9.7016,-2.4947,0.1992,-0.3944,0.1637
-2.2816,-10.2211,-3.2848,0.2322,-0.2362,0.135
-2.6886,-10.6377,-3.711,0.2022,-0.0316,0.1136
-3.1411,-10.2474,-3.5386,0.1075,0.1186,0.0836
-3.1268,-10.1852,-3.5338,-0.0115,0.1852,0.058
-3.031,-9.7039,-3.3399,-0.1257,0.1614,0.08
-2.7533,-9.4142,-2.6264,-0.2998,0.129,0.1679
-2.2409,-9.5651,-1.7932,-0.3957,0.1748,0.2302
-2.1404,-9.771,-1.1013,-0.4458,0.2072,0.2687
-2.0805,-10.0942,-0.5363,-0.4513,0.1895,0.2693
-2.1691,-10.494,-0.7709,-0.3982,0.0887,0.2504
-2.6288,-10.6425,-1.3263,-0.3114,-0.0468,0.2131
-2.6431,-10.5012,-1.5083,-0.1941,-0.1696,0.1502
-2.6886,-10.0727,-2.2146,-0.1508,-0.2735,0.135
-2.7269,-9.5459,-2.5785,-0.1392,-0.3822,0.1282
-2.8419,-8.5356,-2.964,-0.166,-0.4311,0.1264
-2.8538,-8.3656,-2.8538,-0.2082,-0.4384,0.1447
-2.9376,-8.1142,-2.1571,-0.2851,-0.3071,0.2028
-2.9352,-8.3512,-1.8459,-0.3041,-0.2209,0.2498
-3.0095,-9.2538,-2.1619,-0.2613,-0.2313,0.2761
-3.0095,-9.2802,-2.1619,-0.1966,-0.1769,0.2669
-3.0238,-9.4837,-1.81,-0.1673,-0.0884,0.2614
-3.1771,-9.4789,-1.1372,-0.1874,-0.0914,0.2516
-3.7588,-9.1964,-0.6823,-0.243,-0.2612,0.2046
-3.7588,-9.1964,-0.6823,-0.2296,-0.3956,0.1631
-4.0438,-9.0886,-0.96,-0.1532,-0.4231,0.1325
-4.2832,-9.1557,-1.4508,-0.0384,-0.3688,0.127
-4.3885,-9.273,-1.9105,0.0581,-0.2784,0.1343
-4.537,-9.3712,-2.035,0.1081,-0.2466,0.1496
-4.7836,-9.5627,-1.695,0.1075,-0.37,0.1527
-5.0017,-9.7854,-1.9297,0.0849,-0.5374,0.1612
-4.8698,-9.8189,-1.865,0.0819,-0.7402,0.1832
-4.6208,-9.6872,-1.5777,0.0599,-0.7787,0.2193
-4.2209,-9.4669,-1.3168,0.0495,-0.7139,0.2614
-4.106,-9.2706,-1.1659,0.1228,-0.7243,0.284
-4.2401,-8.9139,-1.5155,0.1973,-0.764,0.2638
-4.2353,-8.8923,-1.5945,0.2651,-0.8318,0.2333
-4.1898,-8.6553,-1.9416,0.3146,-0.8947,0.2131
-4.2449,-8.4614,-2.2792,0.3452,-0.9179,0.1948
-4.5968,-7.9705,-2.2912,0.3513,-0.9063,0.1624
-4.671,-7.9298,-2.3056,0.3116,-0.8629,0.1136
-5.0089,-7.7623,-2.442,0.2786,-0.8837,0.0959
-5.155,-7.6497,-2.5234,0.2383,-0.8965,0.1117
-5.0831,-7.6904,-2.3127,0.1851,-0.8672,0.1698
-5.0975,-7.6928,-2.3343,0.1295,-0.808,0.2486
-5.0975,-7.6928,-2.3343,0.0434,-0.6339,0.4734
-4.8913,-7.8867,-2.3415,0.0434,-0.6339,0.4734
-4.1395,-8.0472,-1.8363,0.0147,-0.494,0.5705
-4.343,-8.1621,-1.9081,0.0098,-0.3791,0.6359
-4.3454,-8.3393,-2.0063,0.0355,-0.3028,0.6554
-4.0964,-8.4398,-1.7669,0.0593,-0.213,0.6884
-3.8546,-8.8516,-1.7621,0.0752,-0.0652,0.7305
-4.1108,-9.024,-1.8674,0.0855,-0.0102,0.6896
-4.6615,-9.2586,-2.0207,0.0855,0.0331,0.5943
-4.973,-9.3233,-2.1475,0.0629,0.0606,0.5051
-4.9993,-9.0767,-2.1523,0.0165,0.06,0.4587
-4.9922,-9.0024,-2.1763,-0.0506,0.0471,0.4367
-5.3609,-8.7535,-2.2553,-0.1636,0.0209,0.3799
-5.7248,-8.5452,-2.1356,-0.2509,-0.0035,0.3323
-6.3664,-8.2004,-2.0614,-0.3383,-0.0389,0.3017
-6.3664,-8.2004,-2.0614,-0.4476,-0.1855,0.3103
-6.4095,-8.1812,-2.0231,-0.4886,-0.2472,0.3836
-6.7471,-8.1238,-1.9704,-0.4886,-0.2472,0.3836
-7.0512,-8.4231,-1.4173,-0.5124,-0.1873,0.4294
-7.0871,-8.4757,-1.3527,-0.5271,-0.0407,0.4685
-7.19,-8.866,-1.1875,-0.5112,0.1088,0.5351
-7.3193,-9.1557,-0.9481,-0.4666,0.2163,0.609
-7.3002,-9.4933,-0.7996,-0.4012,0.2921,0.6646
-7.2786,-9.5914,-0.711,-0.2992,0.3361,0.7397
-7.2116,-9.5411,-0.6871,-0.2369,0.333,0.7916
-6.8812,-9.2036,-0.5626,-0.1825,0.3086,0.857
-6.5197,-8.4518,-0.735,-0.1398,0.2554,0.9156
-6.3784,-8.1214,-0.8858,-0.0878,0.1388,0.9529
-6.5771,-7.8772,-1.2521,-0.0029,-0.0737,1.0177
-6.6992,-7.9203,-1.7932,0.0483,-0.1794,1.094
-6.534,-8.1621,-2.4037,0.0819,-0.2441,1.2034
-6.4359,-8.1764,-2.5067,0.0855,-0.2582,1.3255
-6.0528,-8.1549,-2.7509,0.0691,-0.2515,1.4416
-5.5811,-8.0879,-2.6288,0.041,-0.2191,1.532
-4.8937,-7.9705,-2.3439,-0.0329,-0.1116,1.5687
-4.8865,-7.9682,-2.3247,-0.0897,-0.0236,1.5112
-4.7596,-7.8796,-2.0853,-0.152,0.0868,1.4031
-4.6758,-7.7646,-1.7573,-0.2015,0.1766,1.3041
-4.4412,-7.5563,-1.7645,-0.2216,0.2335,1.2321
-4.4508,-7.5372,-1.8124,-0.2125,0.2451,1.1924
-4.7093,-7.3768,-1.9704,-0.1935,0.2683,1.1288
-4.7093,-7.3768,-1.9704,-0.2552,0.3752,1.0354
-5.1981,-6.9219,-1.8962,-0.2552,0.3752,1.0354
-5.2388,-6.7734,-1.7884,-0.2931,0.4289,1.0036
-5.4303,-6.3736,-1.3215,-0.32,0.4411,0.9749
-5.1382,-5.9858,-1.0534,-0.3285,0.4466,0.9498
-5.5572,-5.6506,-1.0055,-0.3151,0.468,0.9407
-5.4231,-5.5285,-1.2976,-0.2925,0.5028,0.9315
-5.4614,-5.3944,-1.731,-0.2656,0.5432,0.9651
-5.7368,-5.4758,-1.9488,-0.2381,0.592,1.0097
-6.3257,-6.0169,-1.6352,-0.2296,0.6165,1.006
-6.3257,-6.0169,-1.6352,-0.1862,0.4723,0.9217
-6.1749,-6.2946,-1.0462,-0.1862,0.4723,0.9217
-5.8756,-6.3281,-0.9313,-0.1416,0.333,0.8356
-5.3393,-6.0193,-1.3144,-0.0738,0.1601,0.7599
-5.3393,-6.0193,-1.3144,-0.0591,-0.0511,0.4434
-5.3609,-5.8613,-0.7661,-0.0591,-0.0511,0.4434
-5.9163,-5.9977,-1.2569,-0.0518,-0.1134,0.2681
-8.1238,-6.8429,-1.865,0.0006,-0.2838,0.1233
-8.1573,-6.8932,-1.8195,0.0196,-0.4708,0.0134
-8.131,-6.9315,-1.2689,0.0006,-0.5722,-0.0403
-7.5755,-6.5292,-1.0845,-0.0048,-0.5655,-0.0555
-7.4462,-6.206,-1.5442,0.0648,-0.5227,-0.0745
-7.0967,-5.9834,-1.9728,0.1338,-0.4989,-0.1343
-6.4502,-5.6984,-2.5833,0.1937,-0.4805,-0.1826
-6.1773,-5.5237,-2.8562,0.2059,-0.4616,-0.2327
-5.957,-5.5644,-3.4332,0.1784,-0.4451,-0.3017
-5.8876,-5.5428,-3.2585,0.1442,-0.4512,-0.3463
-5.7344,-5.7296,-3.6679,0.03,-0.4048,-0.3903
-5.8086,-5.787,-3.3854,-0.064,-0.3908,-0.4276
-5.8732,-5.8182,-2.296,-0.1892,-0.3046,-0.4838
-5.8469,-5.8277,-2.2433,-0.2839,-0.2564,-0.5229
-5.8229,-5.8708,-1.8052,-0.3358,-0.2741,-0.5461
-5.8062,-5.9044,-1.3503,-0.3664,-0.3174,-0.5815
-6.4766,-6.3832,-1.6376,-0.3639,-0.351,-0.6181
-6.4766,-6.3832,-1.6376,-0.3572,-0.3724,-0.6914
-6.8453,-6.5987,-1.5131,-0.3615,-0.3254,-0.7757
-7.1613,-6.7974,-1.3958,-0.3646,-0.2142,-0.8436
-7.214,-7.3145,-1.2521,-0.3358,-0.1018,-0.8985
-7.2068,-7.3457,-1.2761,-0.2589,0.0563,-0.9334
-7.123,-7.7,-1.1444,-0.2088,0.1559,-0.9443
-7.1613,-7.8915,-0.8331,-0.1825,0.242,-0.9773
-7.2164,-7.9969,-0.8643,-0.1703,0.2561,-1.0293
-7.1206,-7.949,-1.0103,-0.1624,0.1785,-1.0702
-6.8165,-7.7551,-1.379,-0.1373,0.0435,-1.0714
-6.4383,-7.451,-1.7477,-0.0939,-0.0059,-1.0341
-5.969,-6.9506,-2.0638,-0.0518,-0.0236,-1.0067
-5.7128,-6.7351,-2.217,-0.0206,-0.0022,-1.0085
-5.4207,-6.3976,-2.5426,-0.006,0.0704,-1.0207
-4.9802,-6.1222,-2.8443,0.0043,0.1815,-1.0341
-4.6639,-6.0624,-3.0334,0.0257,0.3068,-1.0219
-4.6734,-6.0743,-2.9688,0.0202,0.3452,-1.0512
-4.8075,-6.0911,-2.9544,-0.0176,0.3923,-1.1203
-4.8075,-6.0911,-2.9544,-0.1129,0.4576,-1.2712
-5.04,-6.0887,-2.8874,-0.1611,0.5022,-1.3011
-5.0736,-5.8996,-2.8227,-0.2057,0.5462,-1.3017
-5.0664,-5.9642,-2.9616,-0.2057,0.5462,-1.3017
-5.1861,-6.2539,-3.0095,-0.2118,0.5523,-1.3054
-6.0552,-7.3888,-2.9233,-0.2131,0.5816,-1.3286
-6.1222,-7.4702,-2.8682,-0.2112,0.6305,-1.3677
-6.5508,-8.0687,-2.4109,-0.218,0.7002,-1.3994
-6.7639,-8.6074,-2.1523,-0.2063,0.7771,-1.375
-7.0296,-9.2562,-1.9297,-0.1654,0.738,-1.3115
-7.0296,-9.2562,-1.9297,-0.0732,0.6061,-1.1991
-7.5611,-9.996,-1.7501,-0.0732,0.6061,-1.1991
-7.3433,-9.9506,-1.5801,-0.0182,0.5542,-1.1368
-6.5771,-9.6824,-1.4963,0.0434,0.5187,-1.0506
-6.3018,-9.5579,-1.5586,0.1662,0.4228,-0.9071
-5.8948,-9.5651,-1.9225,0.2658,0.3269,-0.8265
-5.5835,-9.5795,-2.0302,0.3592,0.2475,-0.7593
-4.8386,-9.4933,-2.4803,0.4337,0.217,-0.7067
-4.75,-9.4621,-2.3965,0.5022,0.2011,-0.6633
-4.4484,-9.3305,-2.533,0.5816,0.2286,-0.6481
-4.3143,-9.1006,-2.6767,0.6225,0.2524,-0.6805
-4.1156,-8.3871,-2.6264,0.6433,0.2988,-0.7342
-4.094,-8.3345,-2.612,0.6347,0.3568,-0.7843
-4.0869,-7.9777,-2.3726,0.6115,0.3868,-0.8265
-3.9959,-7.7,-2.3223,0.5736,0.3721,-0.8594
-3.8833,-7.542,-2.1619,0.5174,0.2341,-0.8637
-3.8833,-7.5444,-2.1906,0.4851,0.1125,-0.8509
-3.9719,-7.6186,-2.3247,0.4588,0.0184,-0.8381
-4.1515,-7.7599,-2.8754,0.4533,-0.0505,-0.8399
