bicicleta
-5.8277,-10.1397,-1.8363,-0.7647,-0.8819,2.3738
-4.3885,-9.6752,-1.4484,-0.703,-1.1104,2.3377
-3.0406,-8.7319,-1.9608,-0.6364,-1.1702,2.1294
-1.1061,-7.5324,-0.2442,-0.6602,-0.965,1.8918
-1.1013,-7.4773,-0.0071,-0.8661,-0.2405,1.5919
-1.5059,-7.1565,0.7326,-1.0273,0.3972,1.1759
-2.2697,-6.8525,0.6248,-0.995,0.589,0.7452
-3.5697,-6.7734,-0.9193,-0.6956,0.3361,0.2327
-3.6463,-6.795,-1.1635,-0.4617,0.1125,0.0824
-3.936,-6.8285,-2.4684,-0.2821,-0.0328,0.0836
-4.1228,-6.9889,-3.5098,-0.1844,-0.0688,0.1563
-3.0262,-6.1486,-3.5075,-0.2033,0.0441,0.2425
-2.8203,-6.0312,-3.4069,-0.3053,0.2548,0.2987
-1.956,-4.8602,-1.6208,-0.4599,0.6244,0.3207
-1.2521,-4.1323,-0.7996,-0.48,0.8486,0.3115
0.0957,-3.8546,-0.9265,-0.3896,0.8804,0.3115
0.6105,-4.0366,-0.4477,-0.342,0.8028,0.2412
0.9337,-4.4603,0.5003,-0.4806,0.6995,0.0519
-0.0814,-5.1693,0.6081,-0.6077,0.5835,-0.171
-1.3575,-6.1964,-0.5913,-0.5325,0.2335,-0.6377
-1.4245,-6.5604,-1.2354,-0.4128,0.0789,-0.8356
-1.5897,-6.8668,-1.7094,-0.2968,0.184,-0.8943
-1.8411,-7.2188,-2.059,-0.2106,0.4045,-0.9841
-3.1699,-7.0751,-1.7525,-0.1679,0.5371,-1.1893
-3.3423,-6.9937,-1.5873,-0.199,0.7215,-1.5784
-3.5051,-6.8668,-2.0518,-0.2418,0.8474,-1.7134
-3.7253,-7.2307,-3.675,-0.2338,0.9078,-1.7733
-6.9578,-9.9075,-4.2808,-0.2351,1.0386,-1.8985
-7.2547,-10.4318,-4.3885,-0.301,1.333,-2.1215
-10.5922,-12.668,-5.4016,-0.3462,1.5676,-2.3652
-13.0774,-15.0936,-5.4064,-0.2619,1.4527,-2.6053
-12.6656,-16.5756,-2.3558,-0.2344,1.2646,-2.5607
-12.4214,-16.5756,-2.3558,-0.2454,1.2933,-2.3616
-9.3951,-14.2194,0.3902,-0.309,1.7337,-1.9981
-6.3138,-10.7789,2.5713,-0.3621,2.1302,-1.5112
-3.766,-7.6354,3.5194,-0.353,1.8535,-1.0525
-2.9185,-6.0288,2.703,-0.086,1.5835,-0.9871
-2.7868,-5.2268,0.5363,0.3446,1.5273,-1.0286
-3.3063,-5.6027,-1.6615,0.7825,1.5309,-1.1032
-3.3063,-5.6027,-1.6615,1.2908,0.7374,-1.2479
-3.3854,-6.3904,-5.8924,1.2908,0.7374,-1.2479
-4.2808,-7.0272,-6.3616,1.1698,0.2768,-1.4892
-7.4797,-9.3999,-6.2659,0.9799,0.3452,-1.813
-10.7646,-11.7247,-3.2178,0.7966,0.7221,-2.1447
-10.6736,-11.6097,-2.9161,0.6897,1.1052,-2.2015
-9.5292,-10.6257,-2.6527,0.7508,1.2713,-1.9944
-7.1062,-9.6776,-1.5035,0.8766,1.1992,-1.4978
-3.5027,-8.7319,-1.0773,0.7685,1.1498,-1.116
-3.4548,-8.6194,-1.7717,0.752,1.008,-0.8649
-3.5601,-7.9227,-4.6878,0.8962,0.76,-0.755
-3.4644,-7.5109,-6.115,1.0458,0.4833,-0.6768
-3.0861,-6.6657,-6.5987,1.0012,0.2927,-0.5723
-3.043,-6.6753,-6.4646,0.7392,0.1504,-0.5222
-2.8538,-7.1876,-4.8123,0.4844,0.1345,-0.5638
-3.3327,-8.4757,-3.3087,0.2981,0.2151,-0.6291
-3.6391,-8.5883,-2.5306,0.234,0.1895,-0.6841
-3.3877,-8.0328,-2.466,0.234,0.1815,-0.6658
-2.8754,-7.0392,-2.4971,0.2181,0.2383,-0.51
-2.3415,-6.6346,-2.557,0.1479,0.3098,-0.1875
-2.9975,-7.8437,-4.2999,0.0666,0.2884,-0.0079
-3.2609,-9.2419,-5.1167,-0.0035,0.286,0.1056
-3.5146,-12.802,-5.4518,-0.1404,0.2988,0.1832
-4.9084,-15.5892,-4.8219,-0.3426,0.3208,0.1857
-5.0065,-15.005,-2.6503,-0.4501,0.198,0.0397
-5.0065,-15.005,-2.6503,-0.3994,-0.348,0.477
-2.9951,-12.9936,-1.3215,-0.3994,-0.348,0.477
-1.944,-11.5259,-0.2082,-0.2369,-0.629,0.722
-2.2266,-9.7542,-0.2346,-0.0414,-0.709,0.8148
-2.308,-9.5842,-0.4453,0.1924,-0.7762,0.7929
-2.6503,-8.9713,-1.4891,0.5358,-0.8526,0.7055
-3.0861,-8.6505,-2.0781,0.6524,-0.8965,0.6475
-3.0861,-8.6505,-2.0781,0.7257,-0.7787,0.5045
-4.4125,-8.5547,-2.8826,0.7257,-0.7787,0.5045
-4.7884,-8.0591,-2.2577,0.7153,-0.7371,0.474
-5.0089,-7.6018,-1.6304,0.6689,-0.7896,0.5797
-5.1502,-7.0775,-1.6687,0.6934,-0.8788,0.7324
-5.0376,-6.7256,-1.9345,0.752,-0.8935,0.926
-4.6327,-6.2874,-1.9704,0.7905,-0.767,1.1398
-3.9384,-5.9642,-2.1308,0.7899,-0.5209,1.35
-3.5601,-5.8421,-2.1978,0.7728,-0.2893,1.5167
-4.0078,-6.2371,-2.557,0.7392,-0.092,1.576
-5.4399,-7.2834,-3.1986,0.7276,-0.1012,1.5296
-6.5987,-8.2243,-4.0557,0.6872,-0.1372,1.4941
-6.9913,-9.3855,-4.0366,0.6103,-0.1617,1.5467
-6.9913,-9.3855,-4.0366,0.3415,-0.0933,1.8723
-6.6442,-9.9386,-3.7325,0.3415,-0.0933,1.8723
-6.2563,-10.1229,-3.5218,0.1882,-0.0688,2.0494
-6.2563,-10.1229,-3.5218,-0.0151,-0.0047,2.1655
-5.9498,-11.0112,-3.4859,-0.0151,-0.0047,2.1655
-7.1158,-11.8635,-3.9432,-0.1569,0.0954,2.1429
-8.6792,-12.4477,-3.9097,-0.3371,0.2481,2.0457
-9.2754,-11.4134,-2.5953,-0.6523,0.3941,1.926
-9.2754,-11.4134,-2.5953,-0.7683,-0.3425,1.8277
-9.2658,-10.4581,-2.0494,-0.7683,-0.3425,1.8277
-8.8636,-9.6968,-1.6998,-0.6578,-1.1171,1.7489
-7.439,-9.0551,-1.3766,-0.5521,-1.7292,1.7537
-6.127,-8.4781,-0.2489,-0.4916,-1.9992,1.8338
-5.2555,-7.8077,1.0749,-0.5393,-1.2368,1.8057
-4.7907,-7.2403,1.1468,-0.4318,-0.8758,1.6639
-4.7907,-6.2491,-0.5793,-0.1538,-1.0462,1.5265
-4.7692,-5.8996,-1.3551,0.1503,-1.403,1.3689
-4.5753,-5.3082,-2.4516,0.336,-1.5819,1.2217
-4.3047,-4.8003,-3.5051,0.3201,-1.4366,1.0433
-3.8067,-3.9935,-4.0414,0.1698,-1.2356,0.9596
-3.6128,-3.8738,-4.0414,-0.0561,-0.9424,0.8955
-3.0526,-3.6846,-3.8331,-0.2998,-0.6534,0.8863
-2.3511,-3.6439,-3.6631,-0.5374,-0.3688,0.8894
-1.6136,-3.6655,-3.0047,-0.7311,-0.1293,0.8827
-1.616,-3.699,-3.0382,-0.8948,0.1956,0.777
-1.561,-4.0438,-2.964,-0.9119,0.3617,0.6756
-1.4748,-4.8314,-3.1747,-0.9046,0.4931,0.5919
-2.6048,-7.6856,-3.268,-0.871,0.5487,0.4966
-2.6048,-7.6856,-3.268,-0.8569,0.5505,0.3652
-3.2968,-8.9354,-2.8083,-0.8881,0.4992,0.1875
-3.383,-9.7949,-2.126,-0.9314,0.0471,-0.1136
-3.6152,-10.2666,-1.0438,-0.9803,-0.3529,-0.3659
-3.2297,-9.3879,0.6057,-1.2131,-0.5282,-0.634
-3.2297,-9.3879,0.6057,-1.6016,0.0685,-0.9688
-3.4859,-6.7663,2.557,-1.6016,0.0685,-0.9688
-2.8562,-5.4806,2.2529,-1.232,0.2756,-1.2321
-2.4708,-5.4854,1.9512,-0.8148,0.41,-1.2235
-2.1883,-5.878,0.7852,-0.3505,0.3801,-1.2009
-2.4588,-7.0224,-0.9816,0.0519,0.1882,-1.3384
-4.3047,-9.3281,-5.2052,0.3018,0.027,-1.5809
-4.3047,-9.3281,-5.2052,0.0544,0.5829,-2.1789
-5.5596,-10.4725,-4.6495,0.0544,0.5829,-2.1789
-6.2611,-10.6233,-3.4284,-0.1666,0.8327,-2.2986
-6.5795,-8.6002,-2.4372,-0.2833,0.7845,-2.3463
-6.5005,-8.4278,-2.4085,-0.2931,0.5071,-2.3194
-5.7751,-7.0392,-2.0661,-0.2772,0.297,-2.2223
-5.7751,-7.0392,-2.0661,-0.2473,0.8578,-2.0671
-5.4231,-6.7926,-2.4803,-0.2473,0.8578,-2.0671
-5.4231,-6.7926,-2.4803,-0.1111,1.4051,-1.8606
-5.3082,-7.3504,-3.0741,-0.1111,1.4051,-1.8606
-5.5596,-7.6521,-4.4627,0.0159,1.3587,-1.7611
-6.467,-8.2962,-4.3837,0.091,1.2212,-1.7073
-6.953,-8.8899,-3.4787,-0.1214,1.3287,-1.7256
-7.0033,-9.5771,-2.3008,-0.3548,1.399,-1.7006
-6.9339,-10.3456,-0.6919,-0.5307,1.3049,-1.6035
-6.3066,-10.3288,2.6623,-0.6553,1.1088,-1.5418
-5.6099,-10.1445,3.8091,-0.6944,1.1192,-1.5253
-5.5069,-10.4031,3.1699,-0.557,1.2493,-1.5118
-6.4742,-10.6042,-0.7038,0.1246,0.7857,-1.576
-7.9298,-11.2745,-8.2219,0.7276,0.1577,-1.6163
-8.0232,-11.3536,-8.6146,1.1252,-0.2026,-1.5406
-7.2643,-11.3176,-9.6752,1.2218,-0.2912,-1.3823
-6.7519,-11.2793,-9.2562,1.1136,-0.3315,-1.1881
-6.7519,-11.2793,-9.2562,0.4344,0.3251,-0.9462
-4.2161,-10.0104,-3.845,0.1619,0.4851,-0.7929
-3.6104,-9.5795,-2.6144,0.1619,0.4851,-0.7929
-3.6894,-9.3185,-2.5187,0.0746,0.6452,-0.7257
-4.0438,-9.1844,-1.8052,0.1711,0.6452,-0.6908
-3.9935,-9.1772,-1.7381,0.2994,0.5364,-0.6212
-3.7158,-9.0216,-2.0853,0.4313,0.3391,-0.5088
-3.7445,-8.8205,-2.3343,0.4661,0.1974,-0.51
-3.5362,-8.5188,-0.7206,0.4069,0.0258,-0.551
-3.6391,-8.4278,-0.6679,0.3238,-0.1574,-0.5601
-3.9504,-8.1477,-1.4389,0.3391,-0.4097,-0.5216
-3.4404,-7.9107,-1.3838,0.4026,-0.6394,-0.3604
-2.7868,-8.0017,-2.5091,0.3555,-0.6834,-0.1331
-2.7006,-8.04,-2.8107,0.3549,-0.7334,0.0891
-2.521,-7.9275,-3.8929,0.369,-0.6675,0.2828
-2.3223,-7.6066,-4.9108,0.3653,-0.6754,0.4538
-1.8171,-6.886,-5.3872,0.3287,-0.6449,0.5791
-1.6879,-6.7495,-5.1454,0.168,-0.5655,0.6957
-1.4796,-6.5436,-5.0736,0.0129,-0.5459,0.722
-1.6711,-6.9003,-4.4987,-0.1153,-0.571,0.7037
-3.517,-8.842,-1.6543,-0.2308,-0.5227,0.6713
-3.7373,-9.1317,-1.5131,-0.2729,-0.4909,0.6768
-4.0462,-10.3217,-1.7429,-0.1679,-0.6027,0.8032
-3.8905,-11.0615,-1.877,0.0544,-0.5777,1.0989
-2.806,-10.9202,-0.9217,0.1198,-0.4335,1.2675
-2.806,-10.9202,-0.9217,0.1136,-0.3071,1.3512
-2.8227,-9.9649,-0.7876,0.0929,-0.3028,1.3103
-2.8227,-9.9649,-0.7876,0.077,-0.6357,0.9779
-3.8067,-7.7144,-1.616,0.077,-0.6357,0.9779
-3.9624,-7.2738,-1.8914,0.0703,-0.676,0.9486
-4.8865,-7.0799,-2.5881,0.0678,-0.7218,0.9541
-6.5436,-7.4726,-3.0837,0.0697,-0.7463,0.9425
-8.4877,-8.9809,-3.8091,0.0599,-0.7029,0.9462
-9.0767,-9.8069,-3.8594,0.0422,-0.6143,1.0012
-9.6034,-11.1979,-3.596,0.0275,-0.4121,1.1691
-8.5883,-11.8659,-2.2385,0.055,-0.2826,1.2822
-6.9386,-11.6241,-1.1037,0.124,-0.2661,1.3713
-6.9746,-11.5164,-1.1228,0.2535,-0.4103,1.3878
-7.2379,-10.7502,-1.7046,0.3788,-0.6088,1.3658
-6.8118,-9.8644,-1.9919,0.413,-0.6717,1.4141
-6.1845,-8.6385,-1.6974,0.2902,-0.3669,1.5002
-6.1222,-8.5835,-1.5634,0.1204,-0.0297,1.5583
-6.1222,-8.5835,-1.5634,-0.0921,0.0801,1.6041
-6.7256,-8.2124,-1.2306,-0.0921,0.0801,1.6041
-9.036,-9.115,-2.6599,-0.072,-0.1941,1.6181
-9.1916,-9.1988,-2.7413,0.0122,-0.7328,1.7037
-9.6321,-9.6489,-3.3423,0.0458,-1.0328,1.8344
-9.6321,-9.6489,-3.3423,0,-1.2899,2.1508
-8.5523,-9.8189,-3.3686,0,-1.2899,2.1508
-7.7287,-9.6345,-2.9185,-0.0506,-1.2399,2.2021
-6.6777,-9.3831,-2.5019,-0.1245,-1.089,2.1875
-5.4159,-8.9306,-1.9273,-0.2406,-0.7585,2.094
-4.1946,-8.1573,-1.6232,-0.2986,-0.53,1.9981
-3.6511,-7.6665,-1.7094,-0.3053,-0.3596,1.8881
-2.806,-6.8884,-1.9656,-0.2845,-0.202,1.7843
-2.0231,-6.3138,-1.7932,-0.2778,0.0636,1.7085
-0.9864,-5.8565,-1.367,-0.3016,0.6061,1.5943
-0.8834,-5.8182,-1.2856,-0.2827,0.87,1.474
-0.7637,-5.4902,-1.4317,-0.2076,1.0319,1.3017
-1.0821,-5.5069,-1.7429,-0.1074,1.096,1.0922
-1.5682,-6.5484,-2.466,-0.0335,1.0691,0.8772
-1.5682,-6.5484,-2.466,-0.0371,0.9848,0.6224
-3.0023,-7.6042,-2.3127,-0.2283,0.9097,0.0378
-3.8402,-7.7862,-0.3208,-0.5527,0.8614,-0.3848
-4.1778,-7.4462,1.1611,-0.9027,0.4906,-0.6059
-4.1778,-7.4462,1.1611,-0.9553,-0.5465,-0.7183
-3.4955,-5.9091,1.8818,-0.9553,-0.5465,-0.7183
-2.4444,-4.6088,2.0231,-0.6474,-0.3071,-0.6426
-2.1954,-3.517,1.4269,-0.3071,0.0313,-0.6267
-2.308,-3.1627,1.0941,0.0232,0.2689,-0.7244
-2.2218,-3.1292,0.2442,0.2694,0.3972,-0.8307
-2.0614,-3.5984,-1.1468,0.4661,0.413,-0.8912
-1.9297,-4.9993,-4.197,0.5968,0.4039,-0.9474
-2.0638,-5.641,-4.8219,0.5736,0.4949,-1.0696
-2.0638,-5.641,-4.8219,0.1356,0.9207,-1.5766
-3.3494,-7.4223,-5.3393,0.1356,0.9207,-1.5766
-5.6338,-9.1389,-5.0736,-0.1031,1.0361,-1.9205
-5.8948,-9.4382,-4.9347,-0.301,1.0209,-2.2253
-6.6777,-9.9362,-3.5218,-0.4586,0.914,-2.3952
-6.8692,-10.0008,-3.383,-0.5826,0.6739,-2.3701
-7.2499,-9.3927,-1.8507,-0.5661,0.5053,-2.218
-7.4223,-9.3688,-1.5131,-0.5985,0.7191,-2.0909
-7.949,-9.2802,0.0454,-0.6486,1.3397,-2.0567
-8.0352,-9.3831,1.1563,-0.604,1.8871,-1.9895
-7.7263,-9.4765,0.8403,-0.3481,1.9335,-1.7843
-7.7263,-9.4765,0.8403,-0.0414,1.4448,-1.6517
-7.3624,-9.7063,-0.4716,0.3134,0.8651,-1.5442
-7.3624,-9.7063,-0.4716,0.876,0.4247,-1.4208
-6.6298,-10.8029,-4.6016,0.876,0.4247,-1.4208
-6.7351,-11.0974,-5.4925,1.0141,0.6073,-1.4049
-6.8237,-11.0016,-5.4423,0.9927,0.9934,-1.4349
-6.1294,-10.324,-4.5872,0.8125,1.1467,-1.4019
-4.2305,-9.589,-3.5482,0.5193,1.0343,-1.262
-3.5936,-9.3041,-3.6032,0.2315,0.7038,-1.0812
-2.9041,-8.7199,-3.2968,0.0501,0.4644,-0.9902
-2.6503,-8.1764,-2.9616,-0.1465,0.545,-1.0592
-3.4165,-7.2619,-2.5163,-0.1856,0.8602,-1.1655
-3.7684,-7.1805,-2.4851,-0.0927,1.1528,-1.2968
-5.8158,-7.2595,-4.1659,0.0886,1.14,-1.4459
-7.0871,-7.633,-4.0533,0.2187,0.9017,-1.5803
-6.2898,-8.5021,-2.782,0.1851,0.7747,-1.5986
-6.115,-8.6601,-2.6527,0.0935,0.5957,-1.4019
-5.7966,-9.6632,-2.0925,0.1051,0.5138,-1.2376
-5.3944,-10.2163,-1.3048,0.2205,0.5664,-1.1154
-5.3944,-10.2163,-1.3048,0.3843,0.3367,-0.8319
-4.1012,-10.5323,-2.3008,0.3843,0.3367,-0.8319
-3.857,-10.5922,-2.3702,0.3971,0.0612,-0.6792
-4.1108,-10.1684,-3.2848,0.4411,-0.1507,-0.4929
-3.4883,-9.2467,-4.2808,0.4472,-0.3291,-0.3579
-3.3949,-9.4334,-4.4675,0.3849,-0.5105,-0.1197
-2.8562,-9.2107,-4.8123,0.3238,-0.4311,0.1441
-1.9991,-9.4382,-3.8546,0.311,-0.1537,0.3732
-1.4389,-10.2043,-4.0988,0.2645,-0.0145,0.6511
-1.3048,-10.3552,-4.3143,0.2957,-0.0328,0.6621
-1.0223,-9.7925,-4.2975,0.2541,-0.0725,0.5864
-1.063,-8.7151,-2.0925,0.1442,-0.0627,0.4776
-2.9831,-7.5037,-2.3535,-0.0084,-0.1916,0.3579
-2.9831,-7.5037,-2.3535,0.1185,-0.6278,0.1576
-3.4883,-6.7184,-3.5194,0.1185,-0.6278,0.1576
-3.5936,-6.9386,-1.786,0.022,-0.337,0.2962
-5.1047,-8.8827,-2.6575,-0.0426,-0.2557,0.4483
-5.2771,-9.1557,-2.7796,0.0251,-0.3297,0.5308
-5.7966,-10.1373,-2.885,0.0978,-0.3645,0.5962
-6.2084,-10.8244,-2.9257,0.2395,-0.4347,0.7067
-6.8884,-11.4086,-3.6583,0.3702,-0.5141,0.7709
-6.9267,-11.3727,-3.7493,0.4783,-0.6724,0.8515
-6.7926,-10.8963,-3.7756,0.5406,-0.8697,0.9511
-6.2683,-10.4892,-3.1914,0.5284,-0.9161,1.1178
-5.4088,-10.3288,-2.2936,0.4979,-0.8373,1.3298
-5.1765,-10.4342,-2.2385,0.5266,-0.6992,1.5986
-4.8171,-10.5539,-2.3151,0.5926,-0.6852,1.7256
-4.1994,-10.5515,-1.9369,0.6506,-0.673,1.8289
-3.1986,-10.1972,-1.5346,0.6799,-0.6186,1.9058
-2.9209,-9.8045,-1.5993,0.7019,-0.5655,1.9285
-2.7629,-8.957,-1.6017,0.705,-0.4867,1.8637
-2.8107,-7.9203,-1.5945,0.6353,-0.326,1.6835
-3.7086,-6.1821,-1.5275,0.5577,-0.2429,1.5381
-3.8738,-6.0097,-1.5825,0.4661,-0.2081,1.4202
-5.1621,-5.392,-2.2984,0.3836,-0.2417,1.3487
-6.6849,-5.3944,-3.462,0.3177,-0.3278,1.3164
-7.8508,-6.218,-4.5705,0.1491,-0.4164,1.4251
-7.8508,-6.218,-4.5705,-0.2063,-0.4182,1.5741
-9.9913,-7.8437,-5.404,-0.2063,-0.4182,1.5741
-11.8492,-9.4358,-5.6314,-0.3639,-0.4323,1.5167
-10.0559,-10.3169,-2.454,-0.5301,-0.4604,1.4782
-10.0559,-10.3169,-2.454,-0.6816,-0.5227,1.5241
-8.3225,-9.8883,-1.0127,-0.7415,-0.7176,1.6328
-6.7734,-9.8356,-0.9935,-0.67,-0.8666,1.714
-4.8243,-10.0391,0.0359,-0.5887,-0.8666,1.8112
-4.5777,-10.281,0.8667,-0.6474,-0.2906,1.8814
-5.076,-10.4462,1.6591,-0.6608,0.2671,1.766
-5.5931,-10.1181,1.6424,-0.3523,0.3281,1.4092
-5.1334,-8.945,-0.158,0.0037,-0.1189,1.2687
-4.4101,-8.1094,-1.5155,0.3531,-0.7396,1.2272
-3.0238,-6.7136,-3.0382,0.5425,-1.1562,1.2345
-2.2577,-5.981,-3.6559,0.5089,-1.1623,1.2308
-1.5753,-4.9323,-4.5034,0.3262,-0.8477,1.1612
-1.5251,-4.8267,-4.6232,0.0275,-0.1922,0.9388
-1.6424,-4.6567,-4.8267,-0.1593,0.2304,0.7678
-2.1715,-4.525,-3.7636,-0.3444,0.5505,0.6114
-2.2361,-4.6902,-3.1555,-0.5044,0.7649,0.5039
-2.0566,-4.9826,-3.3949,-0.5655,0.7814,0.441
-1.944,-6.1605,-4.1228,-0.5796,0.5896,0.3616
-2.4133,-6.7423,-3.1914,-0.8881,-0.0737,0.0329
-3.596,-7.3672,-1.2042,-1.2864,-0.5832,-0.2645
-3.596,-7.3672,-1.2042,-1.5173,-0.8892,-0.4831
-4.5082,-7.9945,-0.3998,-1.4947,-0.8733,-0.675
-4.422,-8.4733,0.7134,-1.3487,-0.4842,-0.8173
-4.6734,-8.7535,1.5897,-1.0029,0.399,-0.8833
-5.1693,-8.4661,2.2457,-0.8093,0.6122,-1.0134
-5.3154,-7.518,2.8036,-0.6932,0.3856,-1.1362
-4.4699,-6.1198,2.4612,-0.4837,0.0551,-1.1313
-2.794,-4.865,0.2418,-0.1563,-0.0658,-1.0451
-2.1164,-4.774,-1.0821,0.2138,0.0203,-0.9547
-2.1236,-5.0257,-3.0789,0.6084,0.3269,-0.9376
-2.7653,-5.368,-4.695,0.6433,0.5291,-1.1313
-2.5617,-5.8421,-4.5848,0.5241,0.735,-1.3267
-2.5737,-5.9546,-4.3813,0.3329,0.9463,-1.3872
-2.6623,-6.4407,-4.1419,0.1729,0.9995,-1.4068
-3.0861,-6.9315,-4.4603,-0.0237,0.8052,-1.568
-4.2951,-7.779,-3.5242,-0.1923,0.6757,-1.7201
-4.4388,-7.8341,-3.2225,-0.3823,0.713,-1.8448
-5.0592,-8.1381,-2.1571,-0.5301,0.8938,-1.8979
-5.4973,-8.4254,-1.4724,-0.5723,1.0557,-1.904
-6.6489,-9.0527,-0.1412,-0.5454,1.2414,-1.8955
-6.7064,-9.1126,-0.0981,-0.3951,1.5334,-1.9071
-7.1254,-9.5555,-0.0622,-0.1776,1.567,-1.8765
-7.7072,-10.1469,-0.5147,0.1118,1.3837,-1.8258
-8.617,-11.0399,-1.3503,0.3794,1.0887,-1.7898
-8.8492,-11.3512,-1.6543,0.5584,0.8816,-1.7556
-8.3656,-11.3344,-2.126,0.6414,0.8547,-1.6756
-7.1829,-11.0639,-2.7102,0.7587,0.8773,-1.4153
-5.8397,-10.6305,-3.711,0.8925,0.8229,-1.2308
-5.4758,-10.3935,-4.2664,1.0428,0.7454,-1.1197
-4.9874,-9.771,-5.5955,1.1356,0.6806,-1.0751
-4.3287,-9.0862,-5.8469,1.1155,0.7154,-1.0659
-4.2329,-8.289,-6.7567,0.865,0.7863,-1.0983
-4.4173,-8.2794,-6.965,0.6598,0.6837,-1.2168
-4.9562,-7.8437,-6.5173,0.4148,0.6513,-1.3854
-5.1095,-7.5109,-4.5561,0.1601,0.702,-1.5076
-5.5524,-8.0974,-2.7844,-0.0603,0.7429,-1.5619
-5.5883,-8.2435,-2.6384,-0.1483,0.6543,-1.5693
-5.5907,-8.5835,-1.9512,-0.0848,0.5401,-1.4587
-5.5189,-8.8708,-1.3096,0.0232,0.5798,-1.2889
-5.4758,-9.3688,-2.6695,0.1326,0.5303,-1.1013
-5.4758,-9.3688,-2.6695,0.2169,0.3972,-0.9205
-5.313,-9.4861,-3.2585,0.2083,0.3611,-0.7293
-4.8913,-9.3592,-3.5577,0.1943,0.1925,-0.43
-3.7397,-9.036,-3.1196,0.1558,-0.0004,-0.2156
-3.7397,-9.036,-3.1196,0.1918,-0.2735,0.1496
-2.1284,-9.5675,-3.608,0.1918,-0.2735,0.1496
-1.3718,-10.3312,-3.2561,0.1918,-0.1598,0.3097
-0.8355,-11.5978,-3.62,0.1711,-0.0609,0.4355
-0.4884,-11.9521,-3.8283,0.1772,0.1088,0.5571
0.0095,-12.0287,-3.2154,0.1576,0.2243,0.6279
0.1173,-12.0024,-2.703,0.1497,0.3178,0.6554
-0.5243,-11.6289,-3.3375,0.2169,0.3342,0.6285
-0.6344,-11.4709,-3.3375,0.2865,0.3233,0.5681
-1.0726,-10.585,-2.6503,0.2584,0.2469,0.4789
-2.0638,-9.6704,-1.0319,0.0141,-0.0896,0.2993
-4.9132,-9.0024,-0.5961,-0.0921,-0.4091,0.1679
-5.0831,-8.9737,-0.6057,-0.0909,-0.662,0.0531
-6.2683,-8.5906,-0.8379,-0.0396,-0.7341,0.0006
-6.5628,-8.3776,-0.7374,0.0611,-0.6913,0.0293
-6.5652,-8.5643,-0.8092,0.2859,-0.5355,0.1893
-6.5652,-8.5643,-0.8092,0.5858,-0.9387,0.353
-7.2858,-8.6577,-2.612,0.5858,-0.9387,0.353
-7.4295,-8.1645,-3.7277,0.6445,-1.2545,0.4263
-7.1374,-7.2667,-3.0765,0.5981,-1.2728,0.565
-6.8118,-6.9363,-2.8538,0.5376,-1.0981,0.7666
-6.139,-6.7878,-3.3901,0.5895,-1.0908,1.1496
-5.3273,-7.0272,-4.7333,0.6616,-1.1904,1.3933
-4.7285,-7.7192,-4.6303,0.6763,-1.1268,1.5876
-4.5489,-7.949,-3.881,0.5938,-0.7976,1.7238
-4.446,-8.7199,-3.5601,0.4906,-0.4347,1.838
-4.6662,-10.0942,-4.1156,0.4722,-0.3028,1.9755
-5.3417,-12.395,-3.7421,0.4643,-0.29,2.0421
-5.2316,-12.5626,-3.5649,0.3818,-0.1751,2.0714
-4.7548,-12.996,-3.0166,0.2902,-0.1537,2.0665
-5.1382,-12.9385,-3.3423,0.2383,-0.2808,1.9675
-5.1574,-11.5068,-2.9927,0.1894,-0.425,1.7672
-5.0784,-11.3296,-2.8371,-0.0078,-0.5447,1.5296
-4.7381,-10.439,-2.3439,-0.1654,-0.6247,1.441
-4.7836,-9.5842,-1.9033,-0.2754,-0.7463,1.3701
-6.5652,-7.9059,-2.466,-0.3206,-0.8801,1.276
-6.704,-7.8508,-2.4971,-0.309,-1.0322,1.1966
-7.803,-7.542,-3.1459,-0.2644,-1.1965,1.1887
-8.5571,-7.542,-3.699,-0.2393,-1.2356,1.2608
-8.6936,-7.36,-4.1228,-0.2259,-1.213,1.3665
-8.6481,-6.9841,-4.0653,-0.2247,-1.1232,1.4642
-7.4773,-6.5125,-4.015,-0.243,-0.9363,1.5522
-6.0456,-6.5436,-3.4069,-0.3059,-0.6461,1.6823
-5.1741,-7.4462,-3.1842,-0.4428,-0.1409,1.8668
-5.1741,-7.4462,-3.1842,-0.5234,0.1828,1.9443
-4.5992,-8.7606,-3.438,-0.5234,0.1828,1.9443
-3.8259,-9.431,-4.1419,-0.5185,0.1711,1.9633
-1.9201,-9.0479,-4.0294,-0.5032,0.0679,1.9364
-1.7788,-8.8851,-3.7445,-0.5301,0.0355,1.857
-1.3048,-7.6425,-3.1364,-0.6645,0.2964,1.6817
-0.6296,-6.1294,-1.5155,-0.8013,0.5071,1.5906
0.2657,-4.0988,0.1508,-1.1746,0.1962,1.5711
0.2585,-3.8355,0.1867,-1.411,-0.4335,1.4776
-0.0454,-2.9664,-0.292,-1.3389,-0.8965,1.2321
-0.6464,-2.9185,-0.9433,-1.0115,-1.0242,0.7709
-0.6464,-2.9185,-0.9433,-0.7775,-0.3602,0.1569
-3.134,-4.7716,-2.0973,-0.728,-0.0798,0.0274
-3.2321,-5.5332,-1.9704,-0.728,-0.0798,0.0274
-2.9113,-5.5021,-1.2425,-0.7714,0.0355,-0.0042
-2.6719,-5.2747,-0.4453,-0.8105,0.0025,-0.1062
-2.5282,-5.2292,-0.6057,-0.6663,-0.0719,-0.364
-2.2697,-5.3561,-0.8667,-0.4586,0.038,-0.4911
-2.9328,-5.8948,-1.0869,-0.2821,0.2426,-0.6707
-4.841,-7.3265,-1.8555,-0.1569,0.3159,-0.9914
-4.841,-7.3265,-1.8555,0.0293,0.1375,-1.5876
-5.8397,-8.9187,-1.8555,0.0293,0.1375,-1.5876
-6.7926,-9.5531,-1.482,0.0208,0.0361,-1.8222
-7.7048,-9.1509,-0.237,-0.0506,0.019,-1.9853
-7.7048,-9.1509,-0.237,-0.0628,0.3874,-1.8191
-6.1414,-7.6808,-0.6153,-0.0628,0.3874,-1.8191
-5.21,-6.6346,-1.4724,0.0672,0.6458,-1.6475
-4.2137,-5.3944,-1.6974,0.27,1.0282,-1.5619
-4.2137,-5.3944,-1.6974,0.4264,1.2823,-1.6004
-3.6391,-5.2819,-2.0566,0.4264,1.2823,-1.6004
-3.3279,-5.811,-2.3726,0.5015,1.2176,-1.6536
-4.1108,-7.8006,-2.8443,0.5406,1.0936,-1.7275
-4.185,-7.9322,-2.9448,0.54,0.9506,-1.868
-4.8027,-9.3281,-4.039,0.493,0.7722,-2.0995
-5.641,-10.8101,-4.7117,0.4417,0.7344,-2.2259
-6.8094,-12.5052,-4.8051,0.3293,0.8388,-2.3383
-7.4965,-13.245,-4.4675,0.1772,0.9616,-2.4312
-8.4542,-14.1643,-3.0885,0,1.0441,-2.4825
-9.1126,-14.7728,-1.4245,-0.2534,0.986,-2.3884
-8.6266,-14.4612,0.8834,-0.3383,0.7289,-2.2058
-7.8317,-13.9177,1.482,-0.3035,0.4008,-1.9297
-6.5652,-12.6177,1.4796,-0.0988,0.0667,-1.6175
-5.72,-11.0567,0.802,0.2279,-0.2185,-1.3952
-4.3718,-7.4606,-1.7908,0.603,-0.3016,-1.2895
-4.185,-6.7711,-2.4037,1.1368,-0.0951,-1.2156
-3.8331,-5.1095,-4.0342,1.3452,0.074,-1.2009
-3.7828,-4.7381,-4.9682,1.3604,0.1754,-1.2137
-4.1108,-4.5657,-6.3712,1.2053,0.1864,-1.2626
-4.0054,-4.5202,-6.388,0.9768,0.1235,-1.3054
-3.7038,-4.4173,-6.2395,0.5846,-0.0169,-1.2779
-3.7804,-4.5082,-6.0959,0.3555,-0.0914,-1.2932
-6.1821,-9.8117,-6.1055,0.1986,-0.1531,-1.3658
-6.3784,-10.5371,-5.969,0.0318,-0.1708,-1.4019
-8.1549,-12.474,-4.4244,-0.2057,-0.2686,-1.3805
-9.4717,-12.5961,-2.4923,-0.392,-0.2478,-1.3585
-9.8332,-12.0096,-0.3615,-0.3456,0.0404,-1.0971
-9.2131,-11.3655,-1.7357,-0.1538,0.0972,-0.788
-9.2131,-11.3655,-1.7357,0.1381,0.1143,0.0452
-3.5218,-8.9234,-0.4046,0.1381,0.1143,0.0452
-0.3303,-8.8779,0.395,0.0471,-0.2478,0.4404
0.3998,-9.1724,0.1963,-0.0054,-0.6895,0.6688
0.3998,-9.4142,-0.9026,0.0684,-0.9729,0.725
0.2657,-9.1389,-2.7102,0.179,-0.8898,0.623
0.1723,-9.0623,-4.5729,0.2267,-0.753,0.5674
-0.0502,-9.103,-5.1406,0.157,-0.6717,0.5338
-1.1252,-8.7199,-6.8716,0.0721,-0.6241,0.4117
-1.4173,-8.2555,-3.11,-0.1446,-0.2313,0.1905
-3.924,-10.1995,-2.9855,-0.3059,-0.3144,0.1111
-4.1395,-10.4246,-2.8658,-0.2809,-0.8318,0.0036
-4.7213,-11.2003,-1.4101,-0.3126,-0.9735,-0.05
-5.3537,-11.7678,-0.0766,-0.4128,-0.9576,-0.0219
-6.4526,-11.9258,-1.5322,-0.3603,-0.9552,0.0616
-6.4095,-11.7989,-1.6855,-0.0359,-1.1452,0.2455
-5.7128,-10.7167,-1.7238,0.1387,-1.3376,0.43
-4.7596,-9.9721,-1.5705,0.2102,-1.3755,0.6426
-4.1276,-9.1724,-1.5658,0.2804,-1.3871,0.7953
-3.9695,-8.7511,-2.1739,0.3653,-1.4347,0.8588
-4.0102,-8.1621,-2.8802,0.4686,-1.5838,0.8613
-4.0916,-7.5348,-3.1052,0.4502,-1.5612,0.8827
-4.2281,-6.8309,-2.8514,0.3769,-1.4353,0.9553
-4.3981,-6.7184,-3.0669,0.2902,-1.2942,1.0555
-4.8554,-6.8285,-3.711,0.2309,-1.191,1.1551
-5.3489,-7.2307,-4.2425,0.1821,-1.0407,1.2571
-5.4806,-8.0903,-3.3662,0.066,-0.5899,1.4422
-5.6194,-8.2579,-3.3111,0.0061,-0.3101,1.5644
-6.0743,-9.2754,-3.6487,0.0159,-0.1837,1.645
-6.4311,-10.245,-3.9025,0.0519,-0.1201,1.7232
-5.9044,-11.5618,-3.5003,0.0416,-0.0181,1.827
-5.7942,-11.6911,-3.3997,-0.0255,0.1284,1.9431
-5.9115,-12.2634,-3.1986,-0.1642,0.4179,2.0671
-6.1988,-12.3543,-3.0358,-0.2479,0.6207,2.0573
-5.0688,-11.684,-2.1068,-0.3468,0.8034,2.0567
-5.0688,-11.684,-2.1068,-0.4489,0.9213,2.083
-4.537,-10.9274,-1.8219,-0.5271,0.9677,2.0635
-4.1491,-10.0774,-1.7381,-0.6321,0.9946,1.9101
-3.9983,-9.1461,-1.2473,-0.7476,1.0483,1.7953
-4.3813,-8.7247,-1.0247,-0.9021,1.0557,1.6749
-5.0999,-8.1214,-1.0127,-1.0255,0.8474,1.5748
-5.732,-7.8604,-1.2354,-1.0774,0.4534,1.5155
-6.3736,-7.5779,-1.9297,-1.0457,0.049,1.5002
-6.4814,-7.4821,-2.205,-0.9003,-0.3095,1.5552
-6.2802,-7.0799,-2.2361,-0.7952,-0.3052,1.6163
-5.8253,-6.6944,-1.7334,-0.7237,-0.122,1.6578
-4.9922,-6.4359,-1.0271,-0.7244,0.0789,1.6798
-4.8602,-6.376,-0.984,-0.7726,0.1125,1.6688
-4.5848,-6.2276,-1.0151,-0.7934,-0.0652,1.6169
-4.0725,-6.1007,-1.4365,-0.7183,-0.2845,1.5772
-2.5498,-5.641,-2.4013,-0.6065,-0.4243,1.5357
-2.5498,-5.641,-2.4013,-0.4238,-0.4873,1.4104
-2.0494,-5.04,-2.1045,-0.4238,-0.4873,1.4104
-1.4652,-4.8123,-2.0135,-0.4159,-0.4952,1.1863
-1.0031,-4.9898,-1.4389,-0.3878,-0.4439,0.7819
-1.0031,-4.9898,-1.4389,-0.3511,-0.2454,0.5216
-2.0925,-5.0664,-1.5298,-0.3108,-0.0536,0.2834
-3.5122,-4.985,-1.6041,-0.2772,0.0258,-0.0036
-4.1204,-5.1909,-2.047,-0.2961,-0.02,-0.2687
-3.7924,-5.2843,-2.2697,-0.276,0.0276,-0.4068
-3.8091,-5.2866,-1.7453,-0.2344,0.2958,-0.5522
-3.9647,-5.1574,-1.1779,-0.2369,0.355,-0.7134
-3.9528,-5.2005,-0.7015,-0.2076,0.2952,-0.8564
-3.8283,-5.2052,-0.5458,-0.1624,0.2347,-0.9914
-3.7205,-5.3776,-0.3423,-0.1104,0.2273,-1.1368
-3.7636,-5.6075,-0.5506,0.0691,0.311,-1.2858
-4.6758,-6.1486,-1.4173,0.2303,0.3239,-1.4098
-4.7644,-6.2204,-1.537,0.3482,0.2591,-1.5851
-5.1143,-6.5412,-1.6903,0.4276,0.1656,-1.7421
-5.6386,-7.0153,-1.8674,0.4802,0.0923,-1.8631
-6.2252,-8.2315,-3.3686,0.5321,-0.0157,-1.9822
-6.2252,-8.2315,-3.3686,0.435,-0.0004,-2.2803
-5.7775,-8.8684,-3.5075,0.435,-0.0004,-2.2803
-5.6458,-9.2467,-3.2561,0.3256,0.2365,-2.3616
-6.0049,-9.8859,-3.1435,0.2566,0.4314,-2.4538
-6.0432,-9.9098,-3.0837,0.2205,0.5615,-2.5222
-6.2874,-9.9841,-2.5905,0.1643,0.6745,-2.5265
-6.297,-10.0104,-2.1906,0.0202,0.7576,-2.3848
-5.9427,-10.0463,-2.0446,-0.0567,0.589,-2.2302
-6.1605,-10.3983,-2.3894,-0.1214,0.2719,-2.1471
-6.9482,-10.8819,-2.545,-0.1752,-0.0236,-2.1911
-7.451,-11.0806,-2.2122,-0.2259,-0.0963,-2.2809
-7.2858,-10.8675,-1.7884,-0.1892,0.0948,-2.2204
-7.0631,-10.6425,-1.5658,-0.0536,0.2102,-2.0354
-6.4622,-10.0296,-1.5011,0.1118,0.3245,-1.8075
-5.538,-9.285,-1.3024,0.2077,0.4692,-1.5735
-3.9432,-8.2243,-1.3383,0.1833,0.5542,-1.35
-3.7876,-8.1477,-1.5083,0.135,0.5407,-1.1527
-3.1962,-7.8389,-2.4875,0.2297,0.4827,-0.9401
-2.8658,-7.8389,-3.675,0.3782,0.5199,-0.8704
-2.3463,-8.2794,-4.1156,0.4844,0.6904,-0.835
-2.2577,-8.4063,-4.1778,0.5034,0.9017,-0.7935
-2.0063,-9.2491,-4.6016,0.4625,1.0545,-0.7464
-1.8219,-10.4533,-4.513,0.2651,0.983,-0.7214
-2.521,-12.6488,-2.3056,0.0269,0.8828,-0.736
-2.7317,-12.6919,-2.1499,-0.1746,0.8327,-0.7916
-4.7836,-12.3256,-1.1611,-0.2381,0.8523,-0.9297
-5.9618,-11.0926,-0.7326,-0.1984,0.8181,-1.0354
-5.9618,-11.0926,-0.7326,0.2645,0.7826,-0.8203
-6.139,-7.5061,-2.6264,0.2645,0.7826,-0.8203
-5.4111,-6.2922,-3.292,0.4246,0.7924,-0.6236
-4.853,-6.297,-3.28,0.427,0.7936,-0.4019
-4.7572,-7.3002,-3.3806,0.3256,0.7753,-0.2144
-4.4771,-7.8987,-2.8778,0.1949,0.7472,-0.0861
-4.3311,-9.1413,-2.3175,-0.0561,0.8064,0.0897
-4.4388,-10.281,-2.3271,-0.1129,0.9372,0.1698
-4.5681,-11.2841,-3.2968,-0.0628,0.9628,0.2076
-4.5633,-11.3105,-2.7892,0.022,0.8474,0.2327
-4.5418,-11.3512,-0.5099,0.0367,0.5713,0.295
-4.6471,-10.5036,-0.4596,-0.009,0.0838,0.4068
-3.5745,-7.3864,-3.4572,0.1008,-0.5386,0.5345
-3.4691,-7.0536,-3.0334,0.19,-0.5923,0.6633
-2.9257,-6.9147,-0.1963,0.1534,-0.381,0.8081
-3.8043,-7.9849,-1.6735,0.1185,-0.4341,0.8912
-3.8833,-8.8923,-2.8107,0.234,-0.6101,0.7971
-3.8833,-8.8923,-2.8107,0.3366,-0.3358,0.7195
-4.3071,-10.2666,-3.5075,0.3293,-0.0157,0.8185
-4.6543,-11.2219,-4.3957,0.4478,-0.1324,0.8619
-4.5513,-11.3105,-4.0462,0.4557,-0.1275,0.9193
-4.434,-11.1261,-3.3423,0.3543,-0.2136,1.0073
-4.2784,-10.518,-2.7174,0.2334,-0.3303,1.083
-4.2856,-9.8572,-2.1164,0.1179,-0.4512,1.1129
-4.513,-9.2586,-2.2146,0.0752,-0.4604,1.1307
-5.0568,-9.2754,-2.5258,0.0868,-0.3944,1.141
-5.981,-9.4095,-3.4189,0.135,-0.2741,1.1374
-6.6537,-9.8117,-3.7014,0.1753,-0.2222,1.1869
-6.1246,-10.7239,-3.134,0.1802,-0.18,1.2803
-5.9331,-10.8125,-2.9927,0.1839,-0.1,1.4856
-5.2819,-10.9896,-2.6001,0.2034,-0.0175,1.5821
-4.7141,-10.8675,-2.3223,0.2267,0.1015,1.6145
-4.3957,-10.0966,-2.2744,0.2309,0.2414,1.6218
-4.4029,-9.9506,-2.2984,0.1992,0.3373,1.62
-4.6303,-9.5579,-2.5498,0.0648,0.2878,1.642
-4.6327,-9.2443,-2.5713,-0.0658,0.1699,1.678
-5.1071,-8.7271,-2.6264,-0.2039,0.0685,1.7214
-5.1741,-8.684,-2.6312,-0.3053,-0.023,1.7287
-5.7703,-8.4207,-2.7892,-0.3646,-0.1085,1.6817
-6.5197,-8.2124,-2.8826,-0.4018,-0.166,1.6157
-6.7615,-7.6401,-2.9592,-0.4293,-0.1763,1.5644
-6.4742,-7.1015,-2.873,-0.4373,-0.089,1.5968
-5.4016,-6.4885,-2.624,-0.4715,0.1479,1.7006
-4.6088,-6.3521,-2.4205,-0.5374,0.4918,1.8283
-4.4675,-6.9434,-2.782,-0.5955,0.7961,1.9004
-4.9275,-7.4342,-2.9017,-0.6474,0.9335,1.8881
-6.7256,-8.4661,-3.1794,-0.8679,0.4204,1.7232
-8.6529,-9.2634,-3.4859,-1.0457,-0.3853,1.5314
-7.5013,-8.5787,-1.5729,-1.1324,-1.0841,1.4306
-6.8501,-8.2507,-0.8547,-1.1385,-1.2454,1.5234
-3.4596,-6.5891,1.7788,-1.1055,-0.7909,1.6982
-1.4365,-5.4686,2.9041,-0.9253,-0.045,1.8185
-1.0989,-4.2473,1.3096,-0.6743,-0.2215,1.7366
-1.0678,-4.1659,0.814,-0.3853,-0.6522,1.5338
-1.1444,-4.3742,-2.1452,-0.1337,-0.9039,1.2815
-1.6543,-4.7022,-4.5848,0.102,-0.7457,1.0861
-1.209,-4.7812,-5.3034,0.2053,-0.2674,0.8936
-1.1875,-4.7405,-5.2028,-0.0494,0.2054,0.6536
-2.4612,-4.2856,-3.699,-0.268,0.3178,0.5204
-4.015,-4.762,-2.0949,-0.4568,0.1675,0.2272
-4.4963,-6.3521,-0.6607,-0.5839,-0.1324,-0.069
-4.9347,-6.8381,0,-0.524,-0.0774,-0.2144
-5.6194,-7.0344,1.0534,-0.3438,0.1284,-0.5442
-5.3633,-6.9482,0.8571,-0.1392,0.0416,-0.7061
-4.5896,-6.376,-1.1204,0.1723,0.074,-0.7745
-5.5309,-6.3401,-1.786,0.4209,0.1424,-0.8961
-5.9977,-6.5197,-2.9807,0.5193,0.1455,-1.1435
-5.9977,-6.5197,-2.9807,0.5657,0.3782,-1.3206
-6.0097,-7.1709,-2.5881,0.5657,0.3782,-1.3206
-5.9594,-7.2068,-2.5665,0.5058,0.3795,-1.4465
-4.9969,-7.2068,-1.7549,0.4099,0.2787,-1.5357
-4.1922,-7.1613,-1.0678,0.3824,0.3721,-1.4819
-4.1683,-7.1972,-1.3359,0.46,0.4686,-1.4514
-4.1299,-7.1781,-1.3646,0.5547,0.4137,-1.5375
-3.7995,-7.1493,-1.446,0.653,0.4014,-1.6536
-3.6703,-7.2714,-1.8267,0.741,0.5077,-1.6725
-4.0078,-7.8173,-2.5019,0.8253,0.5652,-1.744
-3.9983,-7.8867,-2.5498,0.8723,0.6152,-1.8442
-4.2281,-8.7343,-3.0166,0.898,0.6843,-1.9004
-4.6926,-9.8165,-3.5266,0.9072,0.6391,-2.0366
-5.6314,-10.6425,-3.62,0.829,0.4558,-2.2137
-6.1677,-10.9154,-3.1771,0.6787,0.3171,-2.4379
-6.5771,-10.9801,-2.6192,0.5235,0.2622,-2.5314
-6.7591,-10.6999,-2.4229,0.427,0.1382,-2.4843
-5.6075,-9.0408,-1.2545,0.3586,-0.0041,-2.3561
-4.9419,-8.3943,-0.9888,0.2535,0.063,-2.0518
-4.2592,-7.8317,-1.2832,0.2767,0.0636,-1.8857
-4.3718,-7.6378,-2.0542,0.3501,-0.0383,-1.8154
-4.841,-7.7479,-3.2465,0.3995,-0.056,-1.8203
-4.841,-7.7479,-3.2465,0.471,0.1974,-1.7336
-5.2603,-8.6098,-4.3646,0.471,0.1974,-1.7336
-5.9594,-9.2514,-5.2962,0.4851,0.3013,-1.6841
-6.8812,-10.5563,-5.3441,0.4429,0.3715,-1.6603
-7.0512,-10.8244,-5.1621,0.281,0.4106,-1.6169
-7.5133,-11.1429,-4.2233,-0.0292,0.2829,-1.5552
-7.2188,-10.7646,-2.521,-0.3719,0.093,-1.463
-5.1214,-10.0774,1.1827,-0.7225,0.1461,-1.1392
-5.1214,-10.0774,1.1827,-0.747,0.2524,-0.893
-4.9802,-9.7782,0.9289,-0.5417,0.3116,-0.7574
-4.3622,-9.5483,0.0263,-0.1398,0.4802,-0.6462
-3.6487,-9.8189,-1.5849,0.2554,0.6171,-0.4453
-3.4213,-9.5842,-2.4085,0.493,0.5303,-0.2559
-2.0949,-9.7542,-2.7437,0.5749,0.4234,-0.0739
-1.6065,-10.3169,-3.1723,0.5565,0.498,0.0616
-2.1308,-10.1804,-3.0166,0.5083,0.5933,0.0256
-2.138,-10.1373,-3.0502,0.424,0.7026,-0.0635
-2.7772,-10.1852,-2.3271,0.3665,0.8284,-0.0519
-3.9911,-10.087,-2.2433,0.2615,1.0166,-0.0323
-4.6926,-9.8237,-1.7238,0.2022,0.8706,0.0146
-4.7093,-9.9314,-1.6208,0.1815,0.7325,0.1423
-4.4675,-10.664,-1.7214,0.2053,0.7142,0.3036
-3.9288,-11.435,-1.8315,0.2474,0.7173,0.441
-3.857,-12.668,0.2466,0.2096,0.6317,0.5491
-3.9624,-12.7326,0.3016,0.0501,0.2438,0.601
-4.446,-12.1604,0.4405,-0.0066,-0.0835,0.5845
-4.8195,-11.0232,1.1755,-0.0261,-0.3266,0.587
-5.404,-9.1581,0.565,0.0245,-0.4763,0.6334
-5.3992,-9.0575,0.4405,0.1955,-0.5655,0.7086
-5.1789,-8.3201,-0.7685,0.5474,-0.5679,0.8497
-4.7812,-7.9993,-2.2122,0.7496,-0.571,0.9505
-4.3311,-7.8389,-3.9049,0.8919,-0.5117,1.0317
-4.1228,-7.8628,-3.608,0.9102,-0.4103,1.0885
-4.3335,-7.9873,-3.5482,0.8088,-0.3981,1.1184
-5.0688,-8.2076,-3.6248,0.6842,-0.6491,1.0891
-5.8804,-8.4135,-3.5913,0.4875,-0.9656,1.0409
-6.0288,-8.4661,-3.055,0.358,-0.9576,1.0806
-6.0887,-8.6625,-2.1188,0.2664,-0.8556,1.1673
-6.443,-9.0048,-1.8148,0.2554,-0.8397,1.2394
-6.5795,-8.7223,-1.7741,0.322,-0.8385,1.2742
-6.3592,-8.6577,-1.8004,0.4215,-0.7677,1.3353
-5.0137,-8.2674,-1.6855,0.5486,-0.5062,1.5784
-3.8905,-7.9825,-1.8315,0.5968,-0.2325,1.7672
-4.1611,-8.2674,-3.4668,0.6408,-0.0077,1.8643
-4.3071,-8.38,-3.7804,0.6561,0.1272,1.8875
-4.8338,-9.024,-4.7979,0.6078,0.2151,1.9205
-5.7056,-9.7303,-4.9922,0.3549,0.3966,2.0427
-7.1637,-10.9896,-5.3513,0.1387,0.4008,2.0989
-7.1709,-11.0232,-5.3752,-0.0536,0.2054,2.1484
-6.6633,-11.0974,-5.6625,-0.2369,-0.0462,2.2266
-6.5556,-10.9777,-5.1885,-0.4201,-0.2325,2.2663
-6.2778,-10.7885,-4.355,-0.6248,-0.18,2.2027
-6.2946,-10.6736,-3.9049,-0.8887,0.1699,2.0494
-5.8229,-10.2833,-3.45,-1.0102,0.4778,1.9584
-5.1502,-9.7854,-2.8419,-1.1104,0.79,1.8967
-4.501,-9.5364,-2.3032,-1.2039,1.0813,1.8228
-4.4963,-9.6968,-2.363,-1.2894,1.2731,1.7153
-4.786,-9.759,-1.8938,-1.4305,1.1504,1.4709
-5.3944,-9.7303,-1.5729,-1.6022,0.5279,1.2559
-6.7758,-9.1676,-2.284,-1.6633,-0.3174,1.0378
-6.8309,-8.9617,-2.1954,-1.6284,-1.0847,0.8674
-5.9115,-7.9825,-1.142,-1.5906,-1.4824,0.8283
-4.4627,-6.8477,0.4764,-1.5918,-1.4109,0.8881
-2.2673,-5.0424,2.3965,-1.5478,-0.8349,1.0073
-2.0949,-4.8291,2.4133,-1.3835,-0.607,1.0739
-1.5945,-3.936,1.5011,-1.0897,-0.673,1.1172
-1.7357,-3.3016,-0.1029,-0.7286,-0.9063,1.1026
-3.0502,-3.0861,-3.4189,-0.4311,-1.0621,0.9321
-3.0502,-3.0861,-3.4189,-0.2412,-1.0548,0.6646
-3.122,-3.1723,-3.1938,-0.1984,-0.6681,0.4398
-3.0621,-4.3191,-2.0063,-0.3707,-0.381,0.3396
-1.8938,-5.6601,-0.8858,-0.6101,-0.4066,0.1771
-0.869,-6.3353,-0.1412,-0.7482,-0.5484,0.1075
-0.6536,-6.7256,1.2066,-0.7745,-0.5044,0.0433
-1.5035,-6.5436,1.8291,-0.6657,-0.1788,-0.2638
-2.0207,-5.1262,1.0654,-0.4415,0.0685,-0.4392
-2.3774,-4.5082,0.474,-0.1318,0.3404,-0.5137
-3.2848,-3.948,-0.6033,0.1344,0.4711,-0.6487
-4.4795,-4.2425,-1.64,0.3012,0.4143,-0.8778
-6.4,-5.8158,-3.2728,0.394,0.264,-1.1264
-6.4,-5.8158,-3.2728,0.4502,0.118,-1.4953
-7.2499,-7.6018,-3.2465,0.4502,0.118,-1.4953
-8.0639,-9.0024,-2.9544,0.4203,0.1302,-1.6499
-8.4757,-11.2913,-1.2425,0.369,0.1437,-1.8038
-8.3704,-11.4469,-0.9026,0.3018,0.1919,-1.8564
-7.7072,-11.5882,0.2825,0.2364,0.3959,-1.7531
-6.4335,-10.9848,0.5339,0.3195,0.5511,-1.5919
-4.4173,-8.4278,-0.2992,0.5278,0.6525,-1.4227
-4.3478,-8.289,-0.4022,0.7856,0.6507,-1.3542
-4.3478,-8.289,-0.4022,1.2144,0.5707,-1.5265
-3.4955,-7.0512,-2.0135,1.2144,0.5707,-1.5265
-3.0837,-7.3385,-3.2465,1.372,0.5505,-1.7085
-3.3159,-7.6904,-3.9647,1.3855,0.559,-1.8387
-3.9073,-8.052,-4.3598,1.3207,0.6311,-2.0329
-4.6662,-8.356,-4.8964,1.19,0.7484,-2.218
-5.1813,-8.5212,-5.0616,1.0354,0.8046,-2.3243
-5.234,-8.5045,-4.9227,0.8552,0.8223,-2.328
-5.2076,-8.4709,-4.5848,0.6017,0.7564,-2.2394
-5.155,-8.4685,-4.173,0.4698,0.6452,-2.1783
-5.4375,-8.9522,-3.8283,0.3555,0.4894,-2.1392
-5.5548,-9.0815,-3.8714,0.2193,0.2872,-2.1337
-6.3952,-9.6225,-3.9456,0.0336,0.0398,-2.1636
-7.3361,-9.9027,-3.1483,-0.3914,-0.2368,-2.2156
-7.3959,-10.3121,-1.1827,-0.7183,-0.3462,-2.1502
-7.384,-10.3456,-1.0007,-0.9369,-0.4799,-1.97
-7.36,-10.0846,-0.0622,-0.9876,-0.5771,-1.7812
-7.293,-9.3807,0.6536,-0.8899,-0.5086,-1.6322
-6.9482,-8.0017,0.4405,-0.6798,-0.2185,-1.4984
-6.9626,-7.9682,0.2873,-0.1532,0.1687,-1.2828
-6.9722,-8.0974,-1.3886,0.2554,0.2054,-1.1484
-6.4981,-8.9905,-3.0741,0.5168,-0.0371,-0.9847
-5.5309,-9.9027,-3.1771,0.5333,-0.4176,-0.7959
-4.6519,-9.7925,-2.375,0.3714,-0.6632,-0.6224
-2.9903,-9.8356,-1.6663,0.1356,-0.7023,-0.3335
-2.2385,-9.9769,-1.3096,0.0935,-0.5294,-0.2015
-2.782,-9.5172,-1.9201,0.179,-0.2625,-0.2565
-2.466,-9.747,-2.0422,0.3073,-0.0786,-0.3396
-2.624,-10.0583,-2.7461,0.3891,-0.0933,-0.2938
-2.8107,-10.4605,-3.5386,0.4796,-0.1128,-0.2913
-2.1547,-12.1436,-3.0023,0.548,0.0783,-0.229
-2.2529,-12.3471,-2.8826,0.4686,0.1785,-0.1392
-2.873,-12.2945,-1.4437,0.3189,0.1583,-0.1288
-2.3295,-11.1644,0.0095,0.1534,0.0007,-0.1203
-2.3295,-11.1644,0.0095,-0.0109,-0.4292,0.061
-2.1236,-9.285,-0.1364,0.0538,-0.4427,0.1319
-2.3606,-8.2722,-1.1659,0.0538,-0.4427,0.1319
-2.5594,-7.8939,-2.1691,0.1491,-0.2826,0.1997
-2.8155,-7.8365,-3.5721,0.2743,-0.1238,0.2492
-2.8155,-7.8365,-3.5721,0.3501,-0.02,0.2993
-2.9927,-8.1788,-2.6408,0.3158,0.052,0.3909
-2.7317,-8.5523,-1.3527,0.2041,0.0746,0.5045
-2.5953,-8.6218,-1.0773,0.1375,-0.0163,0.5503
-2.4085,-8.6864,-0.9768,0.1033,-0.0884,0.5595
-2.2697,-8.7391,-0.9528,0.0629,-0.0768,0.5754
-2.3846,-8.7702,-0.8954,0.0012,-0.0945,0.5742
-3.5003,-8.8085,-0.8283,-0.0658,-0.1427,0.5387
-4.6279,-9.0216,-1.5298,-0.0567,-0.2851,0.4422
-6.115,-9.5866,-2.7293,0.0843,-0.3297,0.4282
-7.2092,-9.9625,-3.2034,0.245,-0.2539,0.5155
-7.5659,-10.6377,-3.5218,0.3702,-0.2099,0.6798
-7.5085,-10.664,-3.4955,0.4417,-0.2796,0.8943
-6.9602,-10.7239,-3.2297,0.4484,-0.3284,1.1905
-5.9618,-10.7861,-2.375,0.3983,-0.3016,1.3402
-4.8386,-10.8077,-1.7645,0.3183,-0.249,1.4349
-4.8458,-10.7502,-1.6567,0.226,-0.1543,1.4624
-4.7309,-10.5659,-1.2569,0.1075,0.0062,1.4569
-4.6327,-10.4438,-0.8738,-0.0164,0.1333,1.4709
-4.4292,-10.0727,-1.0797,-0.0958,0.1046,1.5491
-4.4292,-10.0727,-1.0797,-0.0622,-0.0303,1.5858
-4.6902,-9.6321,-1.4077,-0.0005,-0.1745,1.6059
-4.8817,-9.2347,-1.9608,0.0465,-0.2551,1.6096
-5.0089,-8.684,-2.2697,0.066,-0.293,1.645
-4.9251,-8.2746,-2.4516,0.0403,-0.246,1.7043
-5.1095,-7.5468,-2.7796,-0.0512,-0.0994,1.8057
-5.7799,-7.0392,-3.268,-0.1398,0.0319,1.8405
-6.9386,-7.2092,-3.9671,-0.2516,0.165,1.8686
-7.3935,-7.5013,-4.3454,-0.3835,0.2927,1.9083
-8.2028,-8.0352,-4.5106,-0.5325,0.4051,1.9474
-8.2986,-8.5116,-4.1946,-0.7745,0.5267,2.0091
-7.0272,-8.9522,-2.9664,-0.9058,0.5273,2.0812
-6.6346,-8.9258,-2.6048,-0.9968,0.4576,2.1862
-5.4902,-8.9091,-2.0231,-1.0322,0.3685,2.2846
-4.3478,-8.8372,-1.4508,-1.0255,0.2854,2.3377
-3.0286,-8.2698,-0.6344,-1.0084,0.2799,2.3225
-2.8898,-8.1501,-0.5722,-0.954,0.3923,2.1215
-2.2792,-7.3864,0.1173,-0.8978,0.4961,1.9175
-2.2792,-7.3864,0.1173,-0.7971,-0.0041,1.4972
-2.5378,-5.5141,-0.8068,-0.7971,-0.0041,1.4972
-2.5378,-5.5141,-0.8068,-0.6028,-1.1244,0.9254
-3.1004,-5.4662,-2.3511,-0.6028,-1.1244,0.9254
-3.711,-5.6386,-2.8778,-0.5411,-1.2075,0.7195
-3.7995,-6.0408,-2.6958,-0.5545,-1.0034,0.521
-3.9624,-6.5675,-1.8962,-0.6437,-0.6168,0.364
-4.4101,-7.0009,-1.0007,-0.7525,-0.246,0.1881
-5.1286,-7.3002,-0.6799,-0.8019,-0.1702,-0.0598
-6.3473,-7.044,-0.2442,-0.7213,-0.4072,-0.4355
-6.2371,-6.4814,0.0718,-0.6511,-0.5032,-0.631
-5.6218,-5.7128,0.0622,-0.5692,-0.4787,-0.7238
-5.6051,-5.0544,-0.4261,-0.4256,-0.3651,-0.769
-3.9193,-4.4005,-1.3766,-0.2882,-0.2301,-0.8277
-3.8283,-4.3981,-1.5562,-0.1862,-0.1244,-0.8216
-3.6583,-4.3742,-2.2984,-0.1007,0.0227,-0.8643
-3.5673,-4.604,-2.7509,-0.0921,0.1247,-0.9327
-4.4292,-5.574,-3.5721,-0.1068,0.2328,-0.9883
-4.537,-5.7056,-3.7014,-0.1532,0.3025,-1.0873
-4.6136,-6.3257,-3.711,-0.2436,0.3477,-1.1911
-4.6471,-7.1302,-3.4835,-0.4519,0.4625,-1.2602
-5.2459,-8.5523,-2.0638,-0.6028,0.5053,-1.3316
-5.2459,-8.5523,-2.0638,-0.7641,0.479,-1.4508
-5.5524,-8.9857,-1.6112,-0.8655,0.3764,-1.5662
-5.6003,-8.9426,-0.4285,-0.8691,0.3184,-1.653
-4.75,-8.6361,0.0119,-0.7793,0.468,-1.6499
-4.2114,-8.2411,0.2226,-0.4421,0.7631,-1.5485
-4.0222,-7.9418,-0.1819,-0.1819,0.9317,-1.565
-4.0342,-7.7383,-0.541,0.0599,0.9873,-1.6285
-4.4556,-8.0089,-1.0486,0.2322,0.9836,-1.692
-4.6447,-8.1908,-1.3359,0.3531,0.9323,-1.7293
-4.671,-8.5045,-1.5562,0.507,0.7936,-1.6835
-4.4196,-8.7223,-1.8315,0.5993,0.7057,-1.5693
-3.7756,-8.6816,-2.521,0.6915,0.614,-1.4483
-3.7708,-8.6313,-2.5761,0.7398,0.5988,-1.3878
-3.7373,-8.4638,-2.4516,0.7465,0.6525,-1.4056
-3.6248,-8.3847,-2.3056,0.719,0.7564,-1.4532
-3.4979,-8.5739,-2.952,0.7172,0.8229,-1.4856
-3.5745,-8.6481,-2.9999,0.7355,0.8309,-1.5186
-4.039,-8.9426,-3.2561,0.7355,0.9115,-1.5882
-4.7261,-9.1102,-3.2034,0.7184,1.0276,-1.6688
-5.6123,-9.6106,-3.6894,0.6756,1.1388,-1.7256
-5.6123,-9.6106,-3.6894,0.6353,1.1326,-1.7085
-6.0408,-10.2307,-4.4651,0.5718,0.9298,-1.5894
-6.558,-10.8268,-5.2052,0.5358,0.9207,-1.5173
-7.3959,-11.7917,-4.8841,0.4673,1.0129,-1.4422
-7.3959,-11.7917,-4.8841,0.1723,1.206,-1.2431
-7.1565,-12.2394,-2.9592,0.1723,1.206,-1.2431
-6.6657,-11.8539,-2.2816,0.0581,1.0606,-0.9706
-5.2148,-10.5874,-1.8435,0.1075,0.928,-0.8124
-4.7093,-10.2211,-1.7908,0.2108,0.8541,-0.6536
-4.4532,-10.0894,-2.3894,0.3171,0.8205,-0.5461
-4.8291,-9.8428,-2.8012,0.4197,0.7368,-0.5302
-4.9012,-9.9601,-3.5553,0.5015,0.6989,-0.5479
-4.9682,-9.9242,-3.711,0.548,0.592,-0.4294
-5.2436,-9.3328,-4.7644,0.5645,0.6537,-0.3506
-4.7237,-8.8277,-3.9025,0.4954,0.7606,-0.2467
-5.3872,-9.1892,-3.1747,0.2199,0.6244,-0.102
-5.3992,-9.1748,-3.3159,-0.0652,0.2402,-0.0073
-4.2975,-8.8133,-2.1021,-0.1043,-0.07,0.1166
-2.8083,-9.6082,-0.4764,-0.2277,-0.0707,0.3457
-2.8107,-10.1612,-2.533,-0.2577,-0.508,0.6407
-2.7389,-10.0631,-2.5713,-0.0909,-0.7115,0.6548
-2.1787,-9.1533,-2.3008,0.0611,-0.7389,0.6872
-2.2984,-8.9977,-2.7174,0.1863,-0.7689,0.7617
-2.2337,-7.4965,-3.5721,0.3061,-0.8605,0.7806
-2.126,-6.5412,-3.9863,0.4075,-0.7634,0.7269
-2.0805,-5.8062,-2.9592,0.3769,-0.5551,0.6939
-3.043,-5.9427,-1.6903,0.278,-0.34,0.6273
-4.4675,-7.3768,-1.7286,0.1876,-0.4549,0.5009
-4.5298,-8.0017,-1.7022,0.1442,-0.5899,0.4245
-4.5753,-8.6577,-1.7046,0.1436,-0.5624,0.4862
-4.5992,-9.455,-2.9807,0.2529,-0.5728,0.6866
-4.3598,-10.087,-3.1579,0.3305,-0.6345,0.8423
-4.3406,-10.1301,-2.9616,0.3256,-0.5716,0.9902
-4.2975,-10.3264,-2.1763,0.2939,-0.4818,1.1172
-4.3766,-10.609,-2.272,0.314,-0.4793,1.2223
-5.1693,-10.8244,-3.0693,0.4185,-0.574,1.2986
-5.3202,-10.8532,-3.1364,0.4466,-0.6583,1.2913
-5.866,-10.9944,-3.359,0.4136,-0.7383,1.2852
-5.866,-10.9944,-3.359,0.2346,-0.7609,1.3005
-6.9267,-11.1644,-3.1244,0.2346,-0.7609,1.3005
-6.9267,-11.1644,-3.1244,0.1503,-0.6992,1.3243
-6.115,-10.7694,-2.3558,0.0746,-0.4891,1.4227
-5.6314,-10.5252,-2.0183,0.0831,-0.3046,1.4929
-5.6889,-10.2953,-2.3032,0.1521,-0.1476,1.521
-5.9618,-10.2379,-2.5474,0.2169,0.0197,1.5247
-6.4335,-10.2331,-2.6575,0.2291,0.1913,1.5387
-6.5652,-10.2762,-2.5833,0.1967,0.3086,1.5741
-6.9339,-9.9793,-2.4444,0.1204,0.2915,1.6475
-7.1948,-9.7255,-2.4971,0.0965,0.1168,1.6444
-7.1948,-9.7255,-2.4971,0.0898,-0.2674,1.6566
-6.9147,-8.6984,-2.636,0.0898,-0.2674,1.6566
-5.222,-7.1493,-2.3319,0.041,-0.2881,1.7153
-4.9802,-6.9841,-2.3511,-0.0713,-0.1592,1.7996
-4.458,-6.6442,-2.4372,-0.1758,-0.0175,1.8442
-4.3622,-6.5436,-2.308,-0.2937,0.1125,1.8289
-4.9179,-6.8716,-2.4803,-0.4098,0.1901,1.7708
-4.973,-6.9458,-2.5139,-0.4739,0.165,1.722
-5.2148,-7.1302,-2.8275,-0.4892,0.0435,1.7079
-5.1909,-7.1326,-3.055,-0.4599,-0.2698,1.7049
-4.0725,-6.5244,-3.189,-0.4208,-0.4347,1.6737
-3.9576,-6.479,-3.0957,-0.4049,-0.3999,1.6517
-2.6096,-5.799,-2.1906,-0.4513,-0.1049,1.6285
-1.9105,-5.1238,-1.0678,-0.5124,0.2909,1.5271
-1.6424,-4.6734,-0.9696,-0.6211,0.2561,1.2705
-1.6831,-4.4244,-1.4796,-0.6419,-0.2735,1.1032
-2.0949,-4.458,-2.3965,-0.6883,-0.9527,0.8936
-3.5889,-5.155,-2.7269,-0.7934,-1.3174,0.5919
-4.9371,-6.1414,-3.2058,-0.8679,-1.2118,0.2846
-5.0233,-6.4167,-2.9903,-0.8612,-0.8318,0.1258
-5.2747,-6.6585,-2.4396,-0.8691,-0.2252,0.0897
-4.8362,-6.2731,-1.2593,-0.9461,-0.1262,0.0036
-3.6583,-6.4598,0.462,-0.9718,-0.169,-0.0238
-3.7612,-6.5484,0.6584,-0.9088,-0.1837,-0.0726
-3.9288,-6.874,0.972,-0.8135,-0.1818,-0.2901
-3.5338,-7.1398,0.7757,-0.5301,-0.1617,-0.6151
-4.3574,-7.3792,-0.462,-0.301,-0.0731,-0.7947
-4.4484,-7.3864,-0.7015,-0.1495,-0.1256,-1.0543
-4.4939,-7.056,-1.154,-0.0555,-0.2307,-1.2828
-4.173,-6.6537,-1.5059,0.0177,-0.1605,-1.3811
-3.8498,-5.5332,-1.5945,0.0917,0.0044,-1.4208
-3.8139,-5.4758,-1.5873,0.1521,0.2903,-1.5143
-3.6846,-5.1645,-1.6448,0.1827,0.4289,-1.5302
-3.7588,-5.1167,-1.8722,0.2096,0.4613,-1.576
-4.0701,-5.4854,-1.7022,0.2132,0.4595,-1.6597
-4.3263,-5.8134,-1.7932,0.2047,0.4668,-1.7605
-4.2808,-6.3185,-2.3726,0.2291,0.4479,-1.8478
-4.1898,-6.9003,-2.9161,0.2706,0.4576,-1.8521
-4.5489,-7.4366,-3.0071,0.2493,0.5774,-1.8961
-4.4939,-7.542,-2.8682,0.2041,0.771,-1.9602
-4.2664,-7.8269,-3.0789,0.1839,0.9347,-1.9486
-4.3885,-8.3656,-3.9528,0.2163,0.9921,-1.9199
-5.3824,-9.4526,-3.5338,0.2236,1.0001,-1.9932
-5.4806,-9.6154,-3.3925,0.1448,1.0435,-2.0757
-5.8397,-10.4821,-2.7868,0.0574,1.0312,-2.0885
-6.1988,-11.5427,-2.1571,-0.0139,0.9011,-2.0201
-6.127,-12.1412,-0.2011,-0.1135,0.6696,-1.9248
-6.127,-12.1412,-0.2011,-0.1996,0.5236,-1.5528
-5.2052,-11.9018,0.7613,-0.1996,0.5236,-1.5528
-4.5657,-11.5978,0.7493,-0.0029,0.5309,-1.3854
-3.4404,-10.4725,-1.1133,0.2578,0.5731,-1.2675
-3.3782,-10.3959,-1.2952,0.537,0.6323,-1.1948
-3.2513,-9.7159,-2.9352,0.7636,0.6159,-1.1655
-3.4237,-9.2826,-4.1994,0.8956,0.4155,-1.2406
-3.8546,-9.3712,-5.1358,0.8565,0.2725,-1.3445
-4.8003,-9.7877,-5.6194,0.7502,0.1547,-1.4697
-6.3856,-10.2857,-5.5261,0.6182,0.1455,-1.6236
-7.3026,-10.4174,-5.0137,0.482,0.2958,-1.7085
-7.7096,-10.2762,-4.106,0.3598,0.4631,-1.6554
-7.7646,-10.2833,-3.7421,0.2493,0.5713,-1.4135
-7.4031,-10.3887,-2.5905,0.2157,0.5878,-1.2027
-6.6849,-10.4533,-1.7836,0.1766,0.6036,-0.9517
-5.8158,-9.7997,-1.7884,0.2108,0.6323,-0.6988
-5.6386,-9.4454,-2.1643,0.3696,0.7527,-0.4984
-5.0257,-8.4422,-3.1866,0.5639,0.8608,-0.3353
-4.3766,-7.5324,-4.0581,0.6708,0.8785,-0.0616
-3.2656,-7.269,-4.5274,0.617,0.9054,0.0928
-3.1555,-7.3672,-4.6208,0.5339,0.9402,0.2199
-2.5713,-8.7463,-3.1459,0.4423,0.9653,0.2962
-2.442,-10.767,-2.8778,0.281,0.8828,0.3701
-2.4684,-11.9832,-1.2545,0.1356,0.4375,0.3255
-2.4684,-11.9832,-1.2545,0.0526,0.2646,0.2846
-2.6024,-11.9282,-0.984,-0.0121,0.0868,0.2913
-3.2417,-10.9872,-1.4867,-0.0029,-0.2008,0.2657
-4.0102,-9.5555,-1.7262,-0.0005,-0.3284,0.2193
-4.4388,-8.8277,-2.3343,-0.0176,-0.4573,0.2302
-4.695,-7.9011,-2.4588,0.011,-0.5453,0.3121
-4.3287,-7.3217,-1.707,-0.006,-0.5606,0.4471
-3.7828,-7.0751,-1.9943,0.0147,-0.6882,0.5833
-3.4069,-7.1182,-2.2242,0.0941,-0.7854,0.6811
-2.6982,-6.9482,-1.9584,0.1808,-0.7738,0.7623
-2.4756,-6.7758,-1.8866,0.245,-0.8104,0.835
-2.7844,-7.1015,-2.8634,0.3055,-0.8837,0.7935
-2.9233,-7.1517,-2.9472,0.38,-0.8862,0.758
-3.62,-7.3792,-3.2776,0.413,-0.8135,0.7367
-4.5729,-7.6545,-3.7493,0.3983,-0.811,0.725
-6.2778,-8.2171,-4.0318,0.3415,-0.8684,0.7367
-6.2994,-8.2986,-3.9552,0.1839,-0.9442,0.8503
-6.5843,-8.8444,-3.7995,0.0629,-0.9711,0.9987
-7.2427,-9.5052,-3.96,-0.0188,-1.0218,1.1368
-7.6306,-10.4198,-3.3686,-0.0738,-0.9772,1.251
-7.5635,-10.4845,-3.359,-0.1373,-0.7933,1.4165
-7.1254,-11.3248,-3.0861,-0.1923,-0.5227,1.6591
-6.3449,-12.0934,-2.4133,-0.2045,-0.111,2.0616
-5.4159,-13.3096,-2.3439,-0.1685,0.0771,2.2644
-5.3561,-13.8651,-2.6862,-0.0817,0.1039,2.3542
-5.3369,-13.9297,-3.2297,0.008,0.0618,2.3017
-5.3345,-13.6544,-3.4715,0.0416,-0.0248,2.1612
-5.4016,-13.142,-3.7373,-0.0469,-0.2228,1.923
