correr
-26.8366,-25.9381,-36.0518,6.9932,9.2416,3.9496
17.1709,-22.9032,-28.5469,6.9932,9.2416,3.9496
27.2124,-3.2148,1.0037,6.9932,9.2416,3.9496
3.2339,-1.7989,-13.4602,6.9932,9.2416,3.9496
1.9449,-7.4666,2.0745,6.9932,9.2416,3.9496
-1.3772,-17.1948,-12.0275,6.9932,9.2416,3.9496
5.1382,-30.1495,-22.0048,6.9932,9.2416,3.9496
16.44,-62.6179,-24.302,6.9932,9.2416,3.9496
-0.8553,-78.4951,-4.1081,6.9932,9.2416,3.9496
22.4815,-33.285,31.2826,6.9932,9.2416,3.9496
-5.6868,50.3769,37.9756,6.9932,9.2416,3.9496
-22.3929,-16.9671,39.3912,6.9932,9.2416,3.9496
-11.6516,-6.8773,51.8763,6.9932,9.2416,3.9496
-6.4317,-3.8136,27.4234,6.9932,9.2416,3.9496
-6.4751,-13.374,5.2962,6.9932,9.2416,3.9496
2.6423,-2.8218,-2.4289,6.9932,9.2416,3.9496
-3.0205,-4.6686,-12.0467,6.9932,9.2416,3.9496
10.3941,-27.6174,22.673,6.9932,9.2416,3.9496
18.5721,-22.2588,51.2296,6.9932,9.2416,3.9496
-0.2106,-20.6945,35.2088,6.9932,9.2416,3.9496
4.9826,-28.681,21.3317,6.9932,9.2416,3.9496
28.0821,11.4071,15.4677,6.9932,9.2416,3.9496
24.3307,-44.5845,-7.4594,6.9932,9.2416,3.9496
38.4954,-68.3718,-7.4019,6.9932,9.2416,3.9496
-28.5756,-19.4609,-38.5984,6.9932,9.2416,3.9496
11.5535,-27.3779,-40.4428,6.9932,9.2416,3.9496
27.143,-6.6355,3.526,6.9932,9.2416,3.9496
2.0602,-1.3772,8.8106,6.9932,9.2416,3.9496
11.6588,-1.2838,-11.5774,6.9932,9.2416,3.9496
3.8615,-9.4119,-15.8029,6.9932,9.2416,3.9496
8.3889,-16.4688,-10.981,6.9932,9.2416,3.9496
4.894,-25.9333,-12.5665,6.9932,9.2416,3.9496
20.9675,-49.972,-35.5727,6.9932,9.2416,3.9496
12.5282,-78.4951,-4.3622,6.9932,9.2416,3.9496
9.8335,-44,32.2382,6.9932,9.2416,3.9496
-35.7813,61.5303,40.4165,6.9932,9.2416,3.9496
-16.9814,-18.0498,35.7981,6.9932,9.2416,3.9496
-14.586,-5.3947,51.3855,6.9932,9.2416,3.9496
-8.4225,1.5068,30.2788,6.9932,9.2416,3.9496
-8.0295,-12.5952,1.6744,6.9932,9.2416,3.9496
-0.7712,-1.7917,-0.8481,6.9932,9.2416,3.9496
-4.3047,-6.8725,-11.9557,6.9932,9.2416,3.9496
7.7087,-45.3416,2.3403,6.9932,9.2416,3.9496
20.359,-25.3896,60.5745,6.9932,9.2416,3.9496
8.0534,-11.2323,23.4637,6.9932,9.2416,3.9496
-2.7189,-16.0977,24.8194,6.9932,9.2416,3.9496
19.5471,14.7225,10.916,6.9932,9.2416,3.9496
19.8919,6.2425,12.1116,3.9145,7.1877,3.6183
19.8919,6.2425,12.1116,7.3373,1.3065,6.4177
39.7506,-64.4695,-2.2517,7.3373,1.3065,6.4177
39.7506,-64.4695,-2.2517,7.3288,0.5246,7.2285
41.3891,-78.4951,-10.2094,7.5652,-1.316,5.2481
-2.568,-15.4219,-15.5084,7.5652,-1.316,5.2481
2.0961,-7.8499,-23.8758,7.2542,-2.7276,2.8534
16.0881,-12.4396,-18.0546,5.0161,-2.9279,1.2171
16.0881,-12.4396,-18.0546,0.9521,-4.5417,-0.6363
30.3913,-13.5056,-35.889,-2.8849,-4.4757,-2.1638
9.1075,-15.0795,11.285,-2.8849,-4.4757,-2.1638
9.1075,-15.0795,11.285,-2.0785,-6.7543,-1.7186
-15.925,-13.0193,29.9098,-2.7911,-6.4527,0.2424
-15.925,-13.0193,29.9098,-7.066,-3.3305,1.2203
-15.925,-13.0193,29.9098,-7.4964,-1.6431,-0.0675
-15.925,-13.0193,29.9098,-9.4448,-1.6782,-0.9431
-15.925,-13.0193,29.9098,-11.2238,-0.0026,-1.9124
-15.925,-13.0193,29.9098,-14.1437,-0.9176,-4.8036
-15.925,-13.0193,29.9098,-11.4294,-4.3542,-6.3951
-15.925,-13.0193,29.9098,-7.9768,-8.3809,-6.1511
-15.925,-13.0193,29.9098,-3.8201,-8.0443,-5.6334
-15.925,-13.0193,29.9098,-0.0652,-2.7894,-3.0556
-15.925,-13.0193,29.9098,1.8001,3.6959,0.0571
-15.925,-13.0193,29.9098,4.9883,5.2203,1.0083
-15.925,-13.0193,29.9098,7.2158,8.2371,2.9536
-15.925,-13.0193,29.9098,6.0718,8.9338,4.1488
-15.925,-13.0193,29.9098,5.4561,6.4069,2.6585
-15.925,-13.0193,29.9098,1.3196,0.678,3.0644
-15.925,-13.0193,29.9098,2.8227,12.9776,0.4704
-15.925,-13.0193,29.9098,10.4245,10.0949,2.4891
-15.925,-13.0193,29.9098,-6.3832,-9.3333,3.1389
-15.925,-13.0193,29.9098,10.3062,21.4858,3.1496
-15.925,-13.0193,29.9098,5.2622,2.7361,4.5887
-15.925,-13.0193,29.9098,5.2015,3.3966,6.2984
-15.925,-13.0193,29.9098,7.5429,-5.8732,7.2817
-15.925,-13.0193,29.9098,2.1068,-0.2434,2.7725
-15.925,-13.0193,29.9098,-1.4511,-0.4852,0.8965
-15.925,-13.0193,29.9098,-3.655,-4.1934,-2.3865
-15.925,-13.0193,29.9098,-3.1128,-7.5564,0.3511
-15.925,-13.0193,29.9098,-6.6591,-4.6823,0.219
-15.925,-13.0193,29.9098,-7.2961,-3.2517,0.1625
-15.925,-13.0193,29.9098,-9.1572,-1.6132,-0.8248
-15.925,-13.0193,29.9098,-12.4339,-0.1443,-2.412
-15.925,-13.0193,29.9098,-12.8312,-3.0791,-5.9924
-15.925,-13.0193,29.9098,-10.9308,-2.9002,-5.4119
-15.925,-13.0193,29.9098,-7.2759,-9.0776,-5.5386
-15.925,-13.0193,29.9098,-3.9288,-7.696,-5.0859
-15.925,-13.0193,29.9098,0.332,-3.9345,-1.0581
-15.925,-13.0193,29.9098,2.8419,4.9039,0.7857
-15.925,-13.0193,29.9098,5.0907,4.3595,1.7551
-15.925,-13.0193,29.9098,6.6907,6.4485,4.3331
-15.925,-13.0193,29.9098,6.0515,7.974,4.8976
-15.925,-13.0193,29.9098,4.559,5.8168,3.7653
-15.925,-13.0193,29.9098,-2.3192,-0.6631,3.3296
-15.925,-13.0193,29.9098,8.5144,16.2169,-0.0866
-15.925,-13.0193,29.9098,-4.2366,-11.3689,1.1319
-15.925,-13.0193,29.9098,5.6617,9.4419,0.9071
-15.925,-13.0193,29.9098,4.4078,10.3665,4.6356
-15.925,-13.0193,29.9098,5.226,3.3955,8.3374
-15.925,-13.0193,29.9098,6.5415,-0.0644,8.6229
-15.925,-13.0193,29.9098,6.4872,-1.9541,4.2958
-15.925,-13.0193,29.9098,2.762,0.1027,2.8918
-15.925,-13.0193,29.9098,-2.0263,-1.2883,0.9178
-15.925,-13.0193,29.9098,-3.9032,-5.5665,-1.7527
-15.925,-13.0193,29.9098,-4.2153,-5.984,1.1138
-15.925,-13.0193,29.9098,-6.7188,-2.9982,0.1402
-15.925,-13.0193,29.9098,-7.6295,-2.4507,-0.7077
-15.925,-13.0193,29.9098,-9.1977,-1.1957,-2.458
-15.925,-13.0193,29.9098,-10.4259,-0.45,-4.1133
-15.925,-13.0193,29.9098,-11.4145,-0.4511,-7.5435
-15.925,-13.0193,29.9098,-9.1849,-5.1862,-8.2508
-15.925,-13.0193,29.9098,-5.7728,-6.7286,-7.1142
-15.925,-13.0193,29.9098,-1.4053,-9.7625,-8.1379
-15.925,-13.0193,29.9098,0.2021,-5.3065,-3.5722
-19.9592,-9.0716,-13.5918,0.5623,-2.1215,-1.4821
1.3724,-7.9936,2.6566,0.5623,-2.1215,-1.4821
2.4265,-10.4659,-15.7861,0.5623,-2.1215,-1.4821
8.9926,-15.0556,-11.9605,0.5623,-2.1215,-1.4821
8.602,-31.6202,-18.1767,0.5623,-2.1215,-1.4821
31.1051,-78.4951,-35.9872,0.5623,-2.1215,-1.4821
-3.5428,-78.4951,3.3153,0.5623,-2.1215,-1.4821
15.0532,-19.9377,35.8723,0.5623,-2.1215,-1.4821
-16.2413,44.671,36.7994,0.5623,-2.1215,-1.4821
-22.8697,-14.7824,55.1749,0.5623,-2.1215,-1.4821
-19.6596,-8.1348,37.3166,0.5623,-2.1215,-1.4821
-9.589,-8.6882,21.727,0.5623,-2.1215,-1.4821
-10.7867,-8.9926,0.9103,0.5623,-2.1215,-1.4821
-2.2086,2.9152,1.9378,0.5623,-2.1215,-1.4821
-1.5451,-6.5253,-4.065,0.5623,-2.1215,-1.4821
-4.5825,-52.8011,-47.7251,0.5623,-2.1215,-1.4821
35.2974,-35.8962,78.4927,0.5623,-2.1215,-1.4821
-10.5712,5.4067,9.7854,0.5623,-2.1215,-1.4821
34.2433,23.6768,28.7983,0.5623,-2.1215,-1.4821
8.6236,-32.1017,2.9583,0.5623,-2.1215,-1.4821
25.6101,-31.0141,36.6579,0.5623,-2.1215,-1.4821
41.2571,-50.9183,-15.3477,0.5623,-2.1215,-1.4821
7.7566,-42.055,-9.5771,0.5623,-2.1215,-1.4821
-17.4199,-16.1719,-29.2104,0.5623,-2.1215,-1.4821
30.1854,-13.9752,-32.207,0.5623,-2.1215,-1.4821
43.7079,-4.3574,-8.0343,0.5623,-2.1215,-1.4821
-5.658,-7.1817,7.9816,0.5623,-2.1215,-1.4821
-0.0263,-9.1913,3.3704,0.5623,-2.1215,-1.4821
-2.7787,-12.4396,-15.8891,0.5623,-2.1215,-1.4821
5.7323,-16.6917,-3.3464,0.5623,-2.1215,-1.4821
14.4543,-47.1885,-35.3069,0.5623,-2.1215,-1.4821
30.286,-78.4951,-17.1828,0.5623,-2.1215,-1.4821
-7.1601,-64.6587,14.4519,0.5623,-2.1215,-1.4821
18.2222,-17.8679,30.7915,0.5623,-2.1215,-1.4821
-24.6854,38.7372,43.5283,0.5623,-2.1215,-1.4821
-29.7302,-2.0219,58.718,0.5623,-2.1215,-1.4821
-17.3672,-6.6091,34.6435,0.5623,-2.1215,-1.4821
-15.901,-12.272,18.9052,0.5623,-2.1215,-1.4821
-9.7135,-8.2333,-2.357,0.5623,-2.1215,-1.4821
5.6509,0.9463,7.656,0.5623,-2.1215,-1.4821
-0.7496,-16.3323,-11.8073,0.5623,-2.1215,-1.4821
9.9437,-56.296,-26.3191,0.5623,-2.1215,-1.4821
21.1497,-21.2503,74.8346,0.5623,-2.1215,-1.4821
14.1069,4.8701,-68.7692,0.5623,-2.1215,-1.4821
-16.0378,-31.6944,-0.3881,0.5623,-2.1215,-1.4821
-5.3178,12.351,39.7171,0.5623,-2.1215,-1.4821
18.4332,6.8198,2.0195,0.5623,-2.1215,-1.4821
47.0664,-78.4951,-0.4121,0.5623,-2.1215,-1.4821
-7.1314,-27.0688,-19.5878,0.5623,-2.1215,-1.4821
-1.8611,-9.4166,-21.6791,0.5623,-2.1215,-1.4821
46.1057,-11.115,-36.3993,0.5623,-2.1215,-1.4821
16.4257,-11.5894,5.9265,0.5623,-2.1215,-1.4821
-1.7582,-7.0404,-6.0534,0.5623,-2.1215,-1.4821
6.1492,-9.165,4.9658,0.5623,-2.1215,-1.4821
5.972,-8.4272,-11.3042,0.5623,-2.1215,-1.4821
12.9834,-14.689,-7.5121,0.5623,-2.1215,-1.4821
13.0433,-31.915,-5.2843,0.5623,-2.1215,-1.4821
40.3087,-71.0186,-23.1354,0.5623,-2.1215,-1.4821
-8.1157,-78.4951,0.9702,0.5623,-2.1215,-1.4821
8.1229,-12.6841,26.3311,0.5623,-2.1215,-1.4821
-29.4379,31.1171,27.2534,0.5623,-2.1215,-1.4821
-18.347,2.4432,40.8956,0.5623,-2.1215,-1.4821
-18.1911,-18.517,43.9473,1.3665,-0.3818,0.3394
-20.4237,-8.3458,41.3915,2.2389,1.0316,1.068
-11.4526,-4.5082,31.141,3.9859,2.2652,1.1138
-15.6161,-8.8154,23.0971,3.9859,2.2652,1.1138
-15.6161,-8.8154,23.0971,7.6046,6.4687,2.7416
-15.6449,-9.1338,11.0264,7.3628,8.2978,3.8526
-14.8808,-3.7466,0.2466,6.5138,9.7593,3.8026
-5.0472,3.1932,-2.8314,5.7373,9.6262,2.5765
-6.0342,-7.7446,0.8888,5.7373,9.6262,2.5765
-9.4861,-21.7701,-4.9419,5.5168,8.3863,1.7913
-10.5784,-43.3533,-16.3538,4.9489,6.784,2.226
-10.5784,-43.3533,-16.3538,1.9705,0.5171,4.0912
1.3102,-67.538,-10.8155,1.1343,4.4757,2.602
49.7278,-25.5766,23.3919,1.1343,4.4757,2.602
37.0508,-6.6451,52.1855,0.8477,10.1897,-0.3711
37.0508,-6.6451,52.1855,5.2164,9.7711,-2.2267
-34.0518,12.1475,-78.4951,5.2164,9.7711,-2.2267
-34.0518,12.1475,-78.4951,-7.2674,-12.3544,1.9031
1.0588,-1.7702,45.6409,-7.2674,-12.3544,1.9031
-16.2868,-12.2457,30.1184,1.6062,2.491,0.7133
-16.2868,-12.2457,30.1184,8.8765,14.9578,5.9511
-6.312,4.7596,-12.284,8.8765,14.9578,5.9511
-6.312,4.7596,-12.284,5.4987,1.7091,8.021
-6.312,4.7596,-12.284,6.6321,0.2742,6.9004
-6.312,4.7596,-12.284,6.7993,-1.0156,4.2148
-6.312,4.7596,-12.284,2.1313,-1.5387,3.2614
-6.312,4.7596,-12.284,-2.4982,-0.0719,1.0105
-6.312,4.7596,-12.284,-2.8593,-3.8173,-1.6408
-6.312,4.7596,-12.284,-4.0076,-6.1619,-0.2954
-6.312,4.7596,-12.284,-5.9348,-3.8024,-1.3021
-6.312,4.7596,-12.284,-7.0309,-3.8333,-1.268
-6.312,4.7596,-12.284,-8.6128,-0.9997,-2.1798
-6.312,4.7596,-12.284,-9.9455,1.0338,-4.5171
-6.312,4.7596,-12.284,-10.2235,-1.2969,-8.5651
-6.312,4.7596,-12.284,-8.7992,-2.0361,-7.7363
-6.312,4.7596,-12.284,-5.4458,-4.9625,-8.074
-6.312,4.7596,-12.284,-2.7432,-10.489,-7.7949
-6.312,4.7596,-12.284,0.1872,-6.6423,-3.4316
-6.312,4.7596,-12.284,1.6648,0.8708,0.3873
-6.312,4.7596,-12.284,3.6333,1.9072,1.9329
-6.312,4.7596,-12.284,6.0302,5.9009,4.3576
-6.312,4.7596,-12.284,5.4262,10.1961,4.3107
-6.312,4.7596,-12.284,4.3406,6.7041,3.1688
-6.312,4.7596,-12.284,-0.8258,2.3749,2.7501
-6.312,4.7596,-12.284,6.6033,12.674,2.7118
-6.312,4.7596,-12.284,-2.3214,-6.7586,4.6771
-6.312,4.7596,-12.284,4.8157,6.0458,1.3748
-6.312,4.7596,-12.284,3.9188,10.9045,4.3288
-6.312,4.7596,-12.284,5.929,3.0451,8.707
-6.312,4.7596,-12.284,6.3903,1.1999,8.2618
-6.312,4.7596,-12.284,6.761,-0.9539,5.3141
-6.312,4.7596,-12.284,2.5223,-0.8133,4.2872
-6.312,4.7596,-12.284,-2.3309,-0.5523,0.7889
-6.312,4.7596,-12.284,-2.1328,-2.1556,-2.1638
-6.312,4.7596,-12.284,-2.7847,-7.3029,-0.3636
-6.312,4.7596,-12.284,-5.5523,-3.5713,-0.7503
-6.312,4.7596,-12.284,-5.677,-2.3484,-0.7055
-6.312,4.7596,-12.284,-7.3078,-1.2362,-1.8038
-6.312,4.7596,-12.284,-8.5265,-0.9113,-4.1016
-6.312,4.7596,-12.284,-9.3649,0.1177,-5.7549
-6.312,4.7596,-12.284,-9.2488,0.336,-7.7385
-6.312,4.7596,-12.284,-6.8636,-3.6948,-10.5006
-6.312,4.7596,-12.284,-3.965,-6.6647,-7.8482
-6.312,4.7596,-12.284,-0.3454,-9.6677,-8.1773
-6.312,4.7596,-12.284,1.3505,-5.5366,-3.1802
-6.312,4.7596,-12.284,1.1343,-0.7994,0.8954
-6.312,4.7596,-12.284,4.3769,1.5653,2.2132
-6.312,4.7596,-12.284,6.4659,6.4421,4.9136
-6.312,4.7596,-12.284,5.2963,9.8946,4.6793
-6.312,4.7596,-12.284,3.3415,7.2134,3.0473
-6.312,4.7596,-12.284,-1.4958,3.8855,3.1144
-6.312,4.7596,-12.284,6.9357,15.108,0.9444
-6.312,4.7596,-12.284,0.0082,-3.8589,5.2204
-6.312,4.7596,-12.284,3.0261,4.7239,2.3475
-6.312,4.7596,-12.284,6.7429,11.6501,5.4942
-6.312,4.7596,-12.284,6.7578,2.5123,7.727
-6.312,4.7596,-12.284,5.7852,0.3999,8.4162
-6.312,4.7596,-12.284,4.9702,-3.5681,5.1512
-6.312,4.7596,-12.284,0.3961,-3.1718,1.7444
-6.312,4.7596,-12.284,-2.5749,-2.2067,-2.6465
-6.312,4.7596,-12.284,-2.0785,-7.4872,-2.2778
-6.312,4.7596,-12.284,-5.2424,-3.8195,-1.5854
-6.312,4.7596,-12.284,-5.7728,-2.7244,-1.6099
-6.312,4.7596,-12.284,-7.7968,-0.8133,-2.0488
-6.312,4.7596,-12.284,-10.3854,-0.5714,-4.5022
-6.312,4.7596,-12.284,-9.9934,-2.6392,-8.6141
-6.312,4.7596,-12.284,-8.3507,-3.4893,-9.2618
-6.312,4.7596,-12.284,-6.2117,-6.1736,-7.9803
-6.312,4.7596,-12.284,-4.3284,-12.365,-7.5702
-6.312,4.7596,-12.284,-0.5243,-8.0124,-2.7626
-6.312,4.7596,-12.284,1.7553,4.8485,-0.3402
-6.312,4.7596,-12.284,4.0062,5.7007,2.1311
-6.312,4.7596,-12.284,4.298,7.6971,5.1341
-6.312,4.7596,-12.284,4.6208,9.1128,5.7093
-6.312,4.7596,-12.284,2.0781,5.248,5.3738
-6.312,4.7596,-12.284,-0.1195,4.89,3.8228
-6.312,4.7596,-12.284,6.9005,11.632,0.0944
-6.312,4.7596,-12.284,-7.1193,-5.2139,3.2028
-6.312,4.7596,-12.284,6.8185,8.3468,4.1935
-6.312,4.7596,-12.284,0.2095,7.0098,6.7266
-6.312,4.7596,-12.284,6.8941,6.4197,7.6365
-6.312,4.7596,-12.284,4.6996,-0.6471,8.5398
-6.312,4.7596,-12.284,6.0526,-5.5228,5.3589
-6.312,4.7596,-12.284,0.5218,-4.7452,0.9604
-6.312,4.7596,-12.284,-2.3704,-3.8749,-2.3289
-6.312,4.7596,-12.284,-3.2982,-6.0906,-1.3681
-6.312,4.7596,-12.284,-5.4458,-1.7475,-2.0083
-6.312,4.7596,-12.284,-6.314,-2.0521,-2.8702
-6.312,4.7596,-12.284,-7.4538,-1.2468,-4.3221
-6.312,4.7596,-12.284,-8.4977,-1.4588,-6.1533
-6.312,4.7596,-12.284,-8.4775,-1.1595,-9.3342
-6.312,4.7596,-12.284,-5.0868,-6.343,-11.535
-6.312,4.7596,-12.284,-3.7807,-7.8302,-7.6799
-6.312,4.7596,-12.284,-0.6671,-11.7536,-8.3052
-6.312,4.7596,-12.284,1.1183,-7.4318,-1.2136
-6.312,4.7596,-12.284,0.331,3.4754,1.6869
-6.312,4.7596,-12.284,2.8301,4.7835,2.8119
-6.312,4.7596,-12.284,4.8104,8.2989,4.4534
-6.312,4.7596,-12.284,5.5029,12.756,4.7304
-6.312,4.7596,-12.284,1.5348,7.2752,4.3863
-6.312,4.7596,-12.284,-1.1698,-0.5672,3.956
-6.312,4.7596,-12.284,6.0462,16.3234,1.3577
-6.312,4.7596,-12.284,4.4312,1.8774,5.3386
-6.312,4.7596,-12.284,1.7873,10.1993,-0.5553
-6.312,4.7596,-12.284,0.8328,13.2183,2.6052
-6.312,4.7596,-12.284,2.8845,4.5406,9.4612
-6.312,4.7596,-12.284,1.963,-1.0828,10.8045
-6.312,4.7596,-12.284,4.4653,-4.1508,4.6207
-6.312,4.7596,-12.284,0.1605,-0.6311,2.8779
-6.312,4.7596,-12.284,-1.3914,0.2529,-1.0762
-6.312,4.7596,-12.284,-1.7973,-4.9497,-2.5208
-6.312,4.7596,-12.284,-4.3007,-4.8559,-0.6214
-6.312,4.7596,-12.284,-4.9292,-2.2834,-1.9476
-6.312,4.7596,-12.284,-6.1276,-1.2862,-3.0929
-6.312,4.7596,-12.284,-7.1193,-1.1467,-5.2787
-6.312,4.7596,-12.284,-8.9761,-0.2551,-7.3475
-6.312,4.7596,-12.284,-6.6634,-0.7398,-12.497
-6.312,4.7596,-12.284,-3.9757,-3.9143,-10.8191
-6.312,4.7596,-12.284,-1.7866,-8.1338,-8.0058
-6.312,4.7596,-12.284,0.8776,-10.2419,-7.0033
-6.312,4.7596,-12.284,1.3804,-3.338,-0.8834
-6.312,4.7596,-12.284,1.9545,3.2027,1.4003
-6.312,4.7596,-12.284,3.3255,0.7451,3.3413
-6.312,4.7596,-12.284,3.8996,5.1713,5.3589
-6.312,4.7596,-12.284,3.547,8.6249,4.5088
-6.312,4.7596,-12.284,0.558,5.4131,3.5022
-6.312,4.7596,-12.284,-3.5368,5.7987,1.7551
-6.312,4.7596,-12.284,1.6712,8.8283,0.1892
-6.312,4.7596,-12.284,0.5665,-0.4468,-0.0685
-6.312,4.7596,-12.284,2.1399,4.9007,5.1597
-6.312,4.7596,-12.284,0.8286,3.6821,10.192
-6.312,4.7596,-12.284,1.6808,3.1857,9.7605
-6.312,4.7596,-12.284,2.0419,0.1411,10.1312
-6.312,4.7596,-12.284,4.8338,2.7585,7.2285
-6.312,4.7596,-12.284,3.9231,-0.9336,4.1147
-6.312,4.7596,-12.284,0.9713,-4.7228,0.0209
-6.312,4.7596,-12.284,-0.8322,-4.7036,-2.8329
-6.312,4.7596,-12.284,-3.1309,-6.864,1.1777
-6.312,4.7596,-12.284,-3.9213,-0.5054,-0.6075
-6.312,4.7596,-12.284,-4.9153,0.2402,-2.2693
-6.312,4.7596,-12.284,-5.399,-0.8303,-4.842
-6.312,4.7596,-12.284,-6.5132,-1.9254,-6.9437
-6.312,4.7596,-12.284,-4.599,-3.4924,-11.078
-6.312,4.7596,-12.284,-3.2066,-2.7191,-10.8852
-6.312,4.7596,-12.284,-1.2625,-2.114,-10.23
-6.312,4.7596,-12.284,0.7188,-8.4449,-9.4961
-6.312,4.7596,-12.284,1.1918,-8.9583,-5.6036
-6.312,4.7596,-12.284,1.1758,-1.7571,-1.8837
-6.312,4.7596,-12.284,1.5252,-0.8686,1.297
-6.312,4.7596,-12.284,1.5369,2.6957,2.9237
-6.312,4.7596,-12.284,1.3292,7.2795,3.957
-6.312,4.7596,-12.284,2.3934,7.9218,4.2532
-6.312,4.7596,-12.284,2.0025,6.2802,4.137
-6.312,4.7596,-12.284,-2.1456,3.9441,3.9187
-6.312,4.7596,-12.284,4.1627,11.6555,1.1809
-6.312,4.7596,-12.284,2.1708,1.0721,3.3392
-6.312,4.7596,-12.284,-1.9624,4.2733,1.8211
-6.312,4.7596,-12.284,3.089,7.3711,2.5775
-6.312,4.7596,-12.284,2.4488,6.6477,6.1099
-6.312,4.7596,-12.284,0.9117,2.7521,8.7049
-6.312,4.7596,-12.284,1.8416,-2.5188,6.2654
-6.312,4.7596,-12.284,2.616,0.5427,4.2915
-6.312,4.7596,-12.284,0.1818,-0.0143,2.5946
-6.312,4.7596,-12.284,-1.6577,2.9886,0.3031
-6.312,4.7596,-12.284,-2.0401,-4.9486,-2.3311
-6.312,4.7596,-12.284,-3.4228,-4.2903,-2.2533
-6.312,4.7596,-12.284,-4.2654,-3.3028,-4.3871
-6.312,4.7596,-12.284,-5.1561,-1.6644,-5.8934
-6.312,4.7596,-12.284,-4.9878,-0.8346,-7.2794
-6.312,4.7596,-12.284,-5.5001,0.2306,-9.0466
-6.312,4.7596,-12.284,-1.8367,-1.5589,-11.2079
-6.312,4.7596,-12.284,-0.0077,-4.1444,-9.1914
-6.312,4.7596,-12.284,0.1382,-6.9929,-8.0474
-6.312,4.7596,-12.284,3.2829,-9.8925,-3.3666
-6.312,4.7596,-12.284,1.8512,-4.384,1.5953
-6.312,4.7596,-12.284,0.9255,2.4345,2.9152
-6.312,4.7596,-12.284,1.799,2.1139,3.9144
-6.312,4.7596,-12.284,2.7534,6.0479,4.4396
-6.312,4.7596,-12.284,1.8768,7.4425,4.2734
-6.312,4.7596,-12.284,-1.0601,6.7989,3.5597
-6.312,4.7596,-12.284,1.9236,8.9434,2.2303
-6.312,4.7596,-12.284,2.9889,-1.674,4.5749
-6.312,4.7596,-12.284,1.0661,3.0355,6.2664
-6.312,4.7596,-12.284,0.7817,6.2855,3.4201
-6.312,4.7596,-12.284,2.4882,8.9743,8.0977
-6.312,4.7596,-12.284,1.9492,1.0796,11.0995
-6.312,4.7596,-12.284,2.8728,-2.9566,7.3425
-6.312,4.7596,-12.284,1.9023,-3.3561,3.1964
-6.312,4.7596,-12.284,-0.4465,-0.9997,-1.2041
-6.312,4.7596,-12.284,-0.8034,-0.0282,-2.6923
-6.312,4.7596,-12.284,-1.8835,-5.4067,-2.5613
-6.312,4.7596,-12.284,-3.4878,-3.0919,-3.5946
-6.312,4.7596,-12.284,-5.1294,-3.6618,-4.5384
-6.312,4.7596,-12.284,-5.8751,-3.9857,-6.7104
-6.312,4.7596,-12.284,-5.4352,-2.0927,-9.3097
-6.312,4.7596,-12.284,-5.4085,-0.2998,-9.2
-6.312,4.7596,-12.284,-3.6103,1.0615,-11.6425
-6.312,4.7596,-12.284,-2.3246,-1.4641,-9.0199
-6.312,4.7596,-12.284,2.5511,-9.7966,-4.9357
-6.312,4.7596,-12.284,1.7958,-0.1486,0.7037
-6.312,4.7596,-12.284,2.0259,1.2798,1.314
-6.312,4.7596,-12.284,3.2584,1.267,2.5104
-6.312,4.7596,-12.284,2.7747,6.8682,4.5695
-6.312,4.7596,-12.284,0.4216,7.5053,6.1727
-6.312,4.7596,-12.284,-1.8729,4.2083,5.4494
-6.312,4.7596,-12.284,1.7053,7.8462,2.7384
-6.312,4.7596,-12.284,1.7756,-3.8184,4.9328
-6.312,4.7596,-12.284,2.6459,11.0813,4.0763
-6.312,4.7596,-12.284,-0.4615,-0.0207,5.4782
-6.312,4.7596,-12.284,4.3374,0.7504,8.4823
-6.312,4.7596,-12.284,3.6131,3.2464,8.7475
-6.312,4.7596,-12.284,2.7907,-0.2689,6.5168
-6.312,4.7596,-12.284,1.0661,-3.0408,5.6699
-6.312,4.7596,-12.284,-1.3935,-1.8391,0.2137
-6.312,4.7596,-12.284,-1.4937,-1.6324,-2.9853
-6.312,4.7596,-12.284,-2.3618,-5.1936,-3.046
-6.312,4.7596,-12.284,-4.1333,-4.5481,-4.4169
-6.312,4.7596,-12.284,-5.5726,-3.7289,-5.2851
-6.312,4.7596,-12.284,-7.1619,-0.4234,-5.9562
-6.312,4.7596,-12.284,-7.3899,-0.792,-8.4564
-6.312,4.7596,-12.284,-5.2179,-2.2301,-7.616
-6.312,4.7596,-12.284,-3.3568,-0.6151,-7.421
-6.312,4.7596,-12.284,-1.0484,-2.2355,-9.0125
-6.312,4.7596,-12.284,-0.7107,-7.5106,-6.3152
-6.312,4.7596,-12.284,0.4248,-0.4063,0.023
-6.312,4.7596,-12.284,0.754,0.1347,2.6074
-6.312,4.7596,-12.284,1.3963,1.5334,4.4183
-6.312,4.7596,-12.284,2.6107,3.1441,6.2153
-6.312,4.7596,-12.284,4.1638,3.8994,5.8265
-6.312,4.7596,-12.284,2.9622,1.5728,4.4353
-6.312,4.7596,-12.284,0.4611,0.5224,3.2806
-6.312,4.7596,-12.284,0.086,5.8562,2.0182
-6.312,4.7596,-12.284,5.1972,6.9204,1.1745
-6.312,4.7596,-12.284,0.3352,-1.1914,2.9632
-6.312,4.7596,-12.284,5.1195,5.5079,1.5186
-6.312,4.7596,-12.284,3.4629,7.9463,4.3714
-6.312,4.7596,-12.284,1.7926,1.7698,7.939
-6.312,4.7596,-12.284,1.3356,-3.6842,6.667
-6.312,4.7596,-12.284,0.185,1.2425,2.6851
-6.312,4.7596,-12.284,-0.3912,-0.7323,0.873
-6.312,4.7596,-12.284,-1.4713,2.2758,-2.6167
-6.312,4.7596,-12.284,-1.6503,-3.1825,-1.7921
-6.312,4.7596,-12.284,-2.8018,-2.9854,-2.671
-6.312,4.7596,-12.284,-3.5411,-2.4954,-3.8982
-6.312,4.7596,-12.284,-4.3039,-1.4258,-5.1924
-6.312,4.7596,-12.284,-5.5502,-2.277,-6.476
-6.312,4.7596,-12.284,-4.9963,-1.1009,-8.6333
-6.312,4.7596,-12.284,-3.5091,-1.1914,-8.8357
-6.312,4.7596,-12.284,-1.663,-1.4311,-7.1718
-6.312,4.7596,-12.284,0.5228,-6.0522,-7.8972
-6.312,4.7596,-12.284,0.9191,-8.8614,-4.4542
-6.312,4.7596,-12.284,0.7444,0.3914,-0.5063
-6.312,4.7596,-12.284,1.7106,3.2134,2.7586
-6.312,4.7596,-12.284,1.5774,1.7826,4.6952
-6.312,4.7596,-12.284,1.4677,2.7106,5.7764
-6.312,4.7596,-12.284,1.6179,4.759,5.6699
-6.312,4.7596,-12.284,-0.0162,3.4296,3.8185
-6.312,4.7596,-12.284,0.4206,7.8164,1.363
-6.312,4.7596,-12.284,3.5737,-0.5161,2.4465
-6.312,4.7596,-12.284,3.0453,7.4989,2.2495
-6.312,4.7596,-12.284,1.8459,6.6754,1.1404
-6.312,4.7596,-12.284,1.5668,2.8086,5.2886
-6.312,4.7596,-12.284,1.1471,-0.1848,8.919
-6.312,4.7596,-12.284,1.6264,0.4404,9.7233
-6.312,4.7596,-12.284,1.4666,2.8309,6.276
-6.312,4.7596,-12.284,0.234,0.3904,5.8041
-6.312,4.7596,-12.284,-0.2846,0.0527,2.5072
-6.312,4.7596,-12.284,0.6006,-0.4926,-2.2384
-6.312,4.7596,-12.284,-0.6319,-5.0466,-1.2818
-6.312,4.7596,-12.284,-1.7866,-4.301,-1.3553
-6.312,4.7596,-12.284,-3.1522,0.1091,-2.1819
-6.312,4.7596,-12.284,-3.0276,-0.1368,-2.4431
-6.312,4.7596,-12.284,-4.0257,-1.0615,-4.7695
-6.312,4.7596,-12.284,-4.665,-2.5668,-7.0972
-6.312,4.7596,-12.284,-4.7609,-2.6253,-10.2556
-6.312,4.7596,-12.284,-4.2888,1.3597,-7.7182
-6.312,4.7596,-12.284,-0.9962,0.8175,-7.8844
-6.312,4.7596,-12.284,0.5452,-3.3891,-9.2724
-6.312,4.7596,-12.284,1.0427,-8.3522,-7.3837
-6.312,4.7596,-12.284,0.9457,-9.5367,-2.4601
-6.312,4.7596,-12.284,1.3292,-2.7425,2.0533
-6.312,4.7596,-12.284,0.6049,0.9677,3.1709
-6.312,4.7596,-12.284,1.2483,2.2247,4.7474
-6.312,4.7596,-12.284,2.2879,3.2698,5.2822
-6.312,4.7596,-12.284,2.0813,4.3404,4.8561
-6.312,4.7596,-12.284,1.3942,5.0264,3.711
-6.312,4.7596,-12.284,-0.0034,2.9886,1.0669
-6.312,4.7596,-12.284,0.1062,6.5252,-1.2893
-6.312,4.7596,-12.284,4.803,1.2734,-0.3135
-6.312,4.7596,-12.284,-2.2212,1.3501,2.4316
-6.312,4.7596,-12.284,2.6427,3.3359,0.3362
-6.312,4.7596,-12.284,2.0451,3.9452,5.328
-6.312,4.7596,-12.284,3.268,3.305,7.6716
-6.312,4.7596,-12.284,2.2357,-1.3949,8.1638
-6.312,4.7596,-12.284,4.3332,1.3086,5.2332
-6.312,4.7596,-12.284,1.2014,2.9247,5.7583
-6.312,4.7596,-12.284,0.2021,3.3518,4.1072
-6.312,4.7596,-12.284,-1.9272,3.305,2.8055
-6.312,4.7596,-12.284,-0.192,2.7447,-0.2986
-6.312,4.7596,-12.284,1.1631,-2.3431,-0.3966
-6.312,4.7596,-12.284,0.9937,-4.9657,-0.6075
-6.312,4.7596,-12.284,-0.9738,-2.9897,-1.1178
-6.312,4.7596,-12.284,-1.8537,-0.7973,-1.1668
-6.312,4.7596,-12.284,-2.8284,1.1275,-1.0198
-6.312,4.7596,-12.284,-3.2066,0.0708,-1.6483
-6.312,4.7596,-12.284,-3.4409,-0.9187,-2.6295
-6.312,4.7596,-12.284,-4.6661,-1.9701,-3.3048
-6.312,4.7596,-12.284,-5.4703,-4.9476,-6.2481
-6.312,4.7596,-12.284,-2.5706,-1.7453,-10.229
-6.312,4.7596,-12.284,-2.9871,0.0058,-8.5704
-6.312,4.7596,-12.284,0.1062,3.4466,-9.4088
-6.312,4.7596,-12.284,2.0312,-2.0053,-8.3318
-6.312,4.7596,-12.284,2.3923,-8.2126,-4.5384
-6.312,4.7596,-12.284,2.2368,-9.8009,-1.6483
-6.312,4.7596,-12.284,2.1164,-5.9862,1.0392
-6.312,4.7596,-12.284,1.4581,-0.9794,1.4866
-6.312,4.7596,-12.284,1.5923,-0.9326,2.4039
-6.312,4.7596,-12.284,1.7553,-0.237,2.5957
-6.312,4.7596,-12.284,2.2975,1.2969,2.9131
-6.312,4.7596,-12.284,2.9292,3.6299,2.5403
-6.312,4.7596,-12.284,1.701,4.9156,2.0352
-6.312,4.7596,-12.284,0.1328,1.6591,0.8954
-6.312,4.7596,-12.284,-1.5778,0.5118,-0.9484
-6.312,4.7596,-12.284,-2.2223,5.2,-3.7384
-6.312,4.7596,-12.284,5.0247,4.1114,-1.7079
-6.312,4.7596,-12.284,-1.6013,0.8591,3.1251
-6.312,4.7596,-12.284,3.7974,6.0948,-2.5134
-6.312,4.7596,-12.284,0.3395,1.5834,1.6602
-6.312,4.7596,-12.284,1.9396,1.4194,6.1418
-6.312,4.7596,-12.284,2.4424,0.4692,8.0722
-6.312,4.7596,-12.284,3.8581,-0.7121,6.0342
-6.312,4.7596,-12.284,3.7494,4.3276,3.9144
-6.312,4.7596,-12.284,0.8499,4.6578,5.2172
-6.312,4.7596,-12.284,-1.0196,6.5923,4.0486
-6.312,4.7596,-12.284,-2.3395,7.029,3.7056
-6.312,4.7596,-12.284,-2.1584,5.5462,3.3893
-6.312,4.7596,-12.284,0.6539,-0.5981,1.3599
-6.312,4.7596,-12.284,2.2389,-5.8402,-1.3873
-6.312,4.7596,-12.284,1.0906,-6.8598,-1.5322
-6.312,4.7596,-12.284,-0.5169,-6.0959,-1.1689
-6.312,4.7596,-12.284,-2.1946,-3.0919,-0.9857
-6.312,4.7596,-12.284,-3.5549,0.1901,-0.3359
-6.312,4.7596,-12.284,-5.3191,-2.4432,-1.9497
-6.312,4.7596,-12.284,-5.3627,-2.9684,-7.2889
-6.312,4.7596,-12.284,-4.2228,-0.1549,-9.0913
-6.312,4.7596,-12.284,-4.1088,2.2151,-7.5872
-6.312,4.7596,-12.284,-0.2633,5.6016,-9.348
-6.312,4.7596,-12.284,1.0608,-1.0465,-10.0095
-6.312,4.7596,-12.284,0.9085,-9.395,-5.1839
-6.312,4.7596,-12.284,0.4216,-9.688,-1.676
-6.312,4.7596,-12.284,-0.8471,-7.3136,1.4099
-6.312,4.7596,-12.284,-0.7682,-4.1433,1.6081
-6.312,4.7596,-12.284,0.5623,-2.0383,1.7029
-6.312,4.7596,-12.284,2.0397,-0.3595,1.7593
-6.312,4.7596,-12.284,3.2328,1.9115,2.2143
-6.312,4.7596,-12.284,3.2797,5.4738,2.3325
-6.312,4.7596,-12.284,0.7636,7.5905,1.9212
-6.312,4.7596,-12.284,-0.2644,3.5265,1.0009
-6.312,4.7596,-12.284,-1.5917,5.6016,-1.088
-6.312,4.7596,-12.284,-2.6921,6.9044,-4.0505
-6.312,4.7596,-12.284,1.1982,3.8972,-1.5226
-6.312,4.7596,-12.284,0.754,-0.1145,2.2388
-6.312,4.7596,-12.284,1.5998,-0.7941,3.2337
-6.312,4.7596,-12.284,2.3508,-0.0942,5.1639
-6.312,4.7596,-12.284,2.2507,2.8341,7.2988
-6.312,4.7596,-12.284,3.0964,5.7486,4.2212
-6.312,4.7596,-12.284,2.1111,4.2402,3.4915
-6.312,4.7596,-12.284,0.8051,3.7822,3.8239
-6.312,4.7596,-12.284,0.2404,2.7841,3.6066
-6.312,4.7596,-12.284,0.7103,1.7432,3.4777
-6.312,4.7596,-12.284,0.7444,1.1552,2.8471
-6.312,4.7596,-12.284,0.299,-1.4215,1.4685
-6.312,4.7596,-12.284,0.1627,-1.7858,0.1636
-6.312,4.7596,-12.284,0.0476,-1.7304,0.072
-6.312,4.7596,-12.284,-0.4146,-2.5476,0.3639
-6.312,4.7596,-12.284,-0.993,-2.8554,-0.387
-6.312,4.7596,-12.284,-1.712,-1.316,-1.0475
-6.312,4.7596,-12.284,-1.826,-0.8271,-1.1774
-6.312,4.7596,-12.284,-2.0337,0.2178,-1.1657
-6.312,4.7596,-12.284,-2.8476,0.0292,-1.431
-6.312,4.7596,-12.284,-3.4686,-2.4006,-2.3513
-6.312,4.7596,-12.284,-2.8273,-4.6514,-7.0822
-6.312,4.7596,-12.284,-2.9328,-0.4543,-4.9485
-6.312,4.7596,-12.284,-2.2724,1.8572,-5.6771
-6.312,4.7596,-12.284,-0.7299,2.0681,-5.1519
-6.312,4.7596,-12.284,-0.4668,-1.7645,-3.9248
-6.312,4.7596,-12.284,-0.9493,-6.4112,-3.177
-6.312,4.7596,-12.284,-0.9142,-7.6672,-1.6387
-6.312,4.7596,-12.284,-0.7949,-7.1868,0.0539
-6.312,4.7596,-12.284,-0.3091,-4.4426,1.5005
-6.312,4.7596,-12.284,0.4451,0.3009,1.3524
-6.312,4.7596,-12.284,1.6477,1.4939,1.8307
-6.312,4.7596,-12.284,2.6746,1.7762,1.673
-6.312,4.7596,-12.284,2.5617,2.2471,1.3822
-6.312,4.7596,-12.284,1.8608,4.3244,0.6312
-6.312,4.7596,-12.284,0.1946,4.448,0.2232
-6.312,4.7596,-12.284,-1.6087,4.4693,-0.7535
-6.312,4.7596,-12.284,0.9521,5.0765,-0.3849
-6.312,4.7596,-12.284,1.5018,2.3195,1.3098
-6.312,4.7596,-12.284,-1.1539,-0.2135,-4.5192
-6.312,4.7596,-12.284,-2.6154,0.6641,-2.2501
-6.312,4.7596,-12.284,0.1872,0.0378,3.0463
-6.312,4.7596,-12.284,1.3708,1.7357,3.4628
-6.312,4.7596,-12.284,1.75,2.0692,3.0271
-6.312,4.7596,-12.284,2.1889,2.8533,3.9655
-6.312,4.7596,-12.284,1.9577,3.9217,2.9781
-6.312,4.7596,-12.284,1.5636,3.7875,3.9474
-6.312,4.7596,-12.284,1.0874,2.7127,3.8601
-6.312,4.7596,-12.284,0.3971,2.0947,3.4628
-6.312,4.7596,-12.284,-0.1248,0.9145,3.0271
-6.312,4.7596,-12.284,0.0881,1.4822,2.7746
-6.312,4.7596,-12.284,-0.7033,1.5685,1.6624
-6.312,4.7596,-12.284,-0.9674,-0.8324,0.1764
-6.312,4.7596,-12.284,-0.8524,-1.2649,-0.5117
-6.312,4.7596,-12.284,-1.1049,-0.8963,-0.6086
-6.312,4.7596,-12.284,-1.7142,-0.9326,-0.7322
-6.312,4.7596,-12.284,-2.1275,-0.792,-1.0219
-6.312,4.7596,-12.284,-2.512,-0.4149,-1.2584
-6.312,4.7596,-12.284,-3.1128,-1.0487,-1.4427
-6.312,4.7596,-12.284,-1.8473,-3.0312,-2.7616
-6.312,4.7596,-12.284,-1.5981,-1.4396,-6.0638
-6.312,4.7596,-12.284,-1.9038,0.8175,-3.8875
-6.312,4.7596,-12.284,-1.3094,1.7347,-4.1368
-6.312,4.7596,-12.284,-0.5829,1.9083,-3.7586
-6.312,4.7596,-12.284,0.1222,-1.446,-3.6521
-6.312,4.7596,-12.284,0.492,-4.1486,-3.4593
-6.312,4.7596,-12.284,0.8648,-5.1947,-2.8361
-6.312,4.7596,-12.284,1.1471,-5.8008,-2.491
-6.312,4.7596,-12.284,1.4347,-5.2533,-2.0104
-6.312,4.7596,-12.284,1.8043,-3.6565,-0.9665
-6.312,4.7596,-12.284,2.2901,-1.9435,0.5396
-6.312,4.7596,-12.284,2.4243,-0.368,1.3929
-6.312,4.7596,-12.284,2.5255,0.3754,1.4408
-6.312,4.7596,-12.284,1.6744,0.2007,1.6911
-6.312,4.7596,-12.284,0.8179,1.1872,1.5633
-6.312,4.7596,-12.284,0.1286,1.0125,0.8667
-6.312,4.7596,-12.284,-0.6575,2.7084,-0.1697
-6.312,4.7596,-12.284,-0.6777,4.9081,-0.3881
-6.312,4.7596,-12.284,1.2174,3.2112,-0.1335
-6.312,4.7596,-12.284,-1.9294,1.544,-0.0962
-6.312,4.7596,-12.284,-0.3347,-1.0998,-2.9182
-6.312,4.7596,-12.284,-2.3586,1.5025,-0.7982
-6.312,4.7596,-12.284,0.1488,-2.9321,2.0618
-6.312,4.7596,-12.284,1.4294,0.9347,2.3815
-6.312,4.7596,-12.284,1.6051,0.858,2.6947
-6.312,4.7596,-12.284,1.7638,1.0306,2.1481
-6.312,4.7596,-12.284,1.7425,1.7379,2.0608
-6.312,4.7596,-12.284,1.7628,1.4567,2.2782
-6.312,4.7596,-12.284,1.5423,1.1371,2.3943
-6.312,4.7596,-12.284,1.0874,1.0806,2.4348
-6.312,4.7596,-12.284,0.3567,1.1914,2.3485
-6.312,4.7596,-12.284,-0.2793,1.0476,2.2654
-6.312,4.7596,-12.284,-0.6702,1.0785,1.999
-6.312,4.7596,-12.284,-0.9643,0.6705,1.3119
-6.312,4.7596,-12.284,-1.0484,-0.5842,0.1742
-6.312,4.7596,-12.284,-1.0346,-1.1318,-0.7599
-6.312,4.7596,-12.284,-1.4117,-1.2404,-1.0752
-6.312,4.7596,-12.284,-1.957,-1.4077,-1.2669
-6.312,4.7596,-12.284,-2.495,-1.7965,-1.48
-6.312,4.7596,-12.284,-2.9541,-2.5284,-1.7825
-6.312,4.7596,-12.284,-1.9869,-3.5596,-2.8585
-6.312,4.7596,-12.284,-0.9941,-1.8114,-4.7472
-6.312,4.7596,-12.284,-0.323,0.8921,-3.9141
-6.312,4.7596,-12.284,0.1648,0.4617,-3.8534
-6.312,4.7596,-12.284,0.2298,0.0697,-3.4465
-6.312,4.7596,-12.284,0.787,-1.5557,-2.9427
-6.312,4.7596,-12.284,1.2067,-3.4978,-2.8095
-6.312,4.7596,-12.284,1.3612,-3.746,-2.1905
-6.312,4.7596,-12.284,1.3505,-3.7406,-1.3212
-6.312,4.7596,-12.284,1.3154,-3.8621,-0.5511
-6.312,4.7596,-12.284,1.5444,-3.6107,0.0496
-6.312,4.7596,-12.284,1.9812,-2.6648,0.8155
-6.312,4.7596,-12.284,2.126,-1.8167,1.5143
-6.312,4.7596,-12.284,1.8565,-1.1935,1.4547
-6.312,4.7596,-12.284,1.2003,-1.5738,1.0552
-6.312,4.7596,-12.284,0.3022,-1.5248,0.4342
-6.312,4.7596,-12.284,-0.2697,-0.3307,-0.322
-6.312,4.7596,-12.284,-0.7768,1.5728,-1.0262
-6.312,4.7596,-12.284,0.7497,2.5528,-0.876
-6.312,4.7596,-12.284,-0.2026,0.8165,0.2147
-6.312,4.7596,-12.284,-0.9611,0.0069,-1.2275
-6.312,4.7596,-12.284,-0.2452,0.0271,-0.4243
-6.312,4.7596,-12.284,0.0284,-2.4922,0.5226
-6.312,4.7596,-12.284,1.1577,-1.9605,1.0648
-6.312,4.7596,-12.284,1.7074,-0.6418,1.2203
-6.312,4.7596,-12.284,1.799,-0.5693,1.525
-6.312,4.7596,-12.284,1.6967,-0.0676,1.4355
-6.312,4.7596,-12.284,1.5529,0.1603,1.379
-6.312,4.7596,-12.284,1.3963,0.3882,1.3918
-6.312,4.7596,-12.284,1.1812,0.3243,1.4845
-6.312,4.7596,-12.284,0.9607,0.2434,1.6017
-6.312,4.7596,-12.284,0.8115,0.0058,1.7423
-6.312,4.7596,-12.284,0.623,-0.1475,1.8563
-6.312,4.7596,-12.284,0.4206,-0.3094,1.7082
-6.312,4.7596,-12.284,0.2756,-0.6322,1.1745
-6.312,4.7596,-12.284,0.087,-1.3128,0.4597
-6.312,4.7596,-12.284,-0.3816,-1.7294,-0.1655
-6.312,4.7596,-12.284,-1.0303,-2.2536,-0.7801
-6.312,4.7596,-12.284,-1.8175,-3.1569,-1.3947
-6.312,4.7596,-12.284,-2.3608,-3.1462,-1.8304
-6.312,4.7596,-12.284,-2.544,-2.8949,-2.265
-6.312,4.7596,-12.284,-2.2702,-2.3005,-2.8297
-6.312,4.7596,-12.284,-1.6407,-1.4673,-2.8276
-6.312,4.7596,-12.284,-1.026,-1.3203,-2.7925
-6.312,4.7596,-12.284,-0.52,-2.179,-2.8191
-6.312,4.7596,-12.284,-0.1174,-3.0088,-2.8212
-6.312,4.7596,-12.284,0.0945,-3.746,-2.7126
-6.312,4.7596,-12.284,0.2489,-4.449,-2.5709
-6.312,4.7596,-12.284,0.3652,-4.5907,-2.4473
-6.312,4.7596,-12.284,0.4483,-4.6173,-2.3897
-6.312,4.7596,-12.284,0.5676,-4.4916,-2.33
-6.312,4.7596,-12.284,0.7327,-4.1891,-2.2682
-6.312,4.7596,-12.284,0.9362,-3.7833,-2.1234
-6.312,4.7596,-12.284,1.1417,-3.2783,-1.8176
-6.312,4.7596,-12.284,1.3111,-2.7212,-1.448
-6.312,4.7596,-12.284,1.4837,-2.0223,-1.0347
-6.312,4.7596,-12.284,1.6318,-1.3374,-0.7055
-6.312,4.7596,-12.284,1.6349,-0.7472,-0.387
-6.312,4.7596,-12.284,1.424,-0.2689,-0.1239
-6.312,4.7596,-12.284,1.325,-0.1581,0.039
-6.312,4.7596,-12.284,1.1918,-0.0197,0.2019
-6.312,4.7596,-12.284,0.9745,0.5512,0.2222
-6.312,4.7596,-12.284,0.8754,1.2351,0.1199
-6.312,4.7596,-12.284,0.8169,1.6495,-0.0856
-6.312,4.7596,-12.284,-0.2836,2.3483,-1.0773
-6.312,4.7596,-12.284,-2.5099,0.3211,-1.1593
-6.312,4.7596,-12.284,-0.5222,0.3232,0.5151
-6.312,4.7596,-12.284,0.754,1.5813,2.258
-6.312,4.7596,-12.284,1.5891,0.6982,1.5239
-6.312,4.7596,-12.284,1.2632,-0.0015,1.4089
-6.312,4.7596,-12.284,1.1535,-0.335,0.9114
-6.312,4.7596,-12.284,1.1386,-0.2977,0.7868
-6.312,4.7596,-12.284,1.1322,0.0484,1.0563
-6.312,4.7596,-12.284,1.1631,0.6386,1.4142
-6.312,4.7596,-12.284,1.0959,1.0465,1.3865
-6.312,4.7596,-12.284,0.9532,0.891,1.3204
-6.312,4.7596,-12.284,0.8105,0.5661,1.2171
-6.312,4.7596,-12.284,0.7561,0.1901,1.1575
-6.312,4.7596,-12.284,0.7508,-0.1816,1.1575
-6.312,4.7596,-12.284,0.7785,-0.4287,1.1639
-6.312,4.7596,-12.284,0.8232,-0.5501,1.2001
-6.312,4.7596,-12.284,0.8414,-0.6886,1.2917
-6.312,4.7596,-12.284,0.8445,-0.8079,1.4387
16.6367,-17.9636,20.8262,0.8169,-0.7909,1.5005
48.355,-78.4951,4.4675,0.8169,-0.7909,1.5005
-2.0051,-20.7185,-23.4733,0.8169,-0.7909,1.5005
-15.4099,-13.798,-30.4584,0.8169,-0.7909,1.5005
32.902,-15.9992,-23.7798,0.8169,-0.7909,1.5005
33.8959,-2.6758,-3.6242,0.8169,-0.7909,1.5005
8.983,-8.4799,2.1033,0.8169,-0.7909,1.5005
6.0606,-9.0141,1.4182,0.8169,-0.7909,1.5005
0.9846,-10.4851,-9.0021,0.8169,-0.7909,1.5005
7.2463,-14.1356,-2.6183,0.8169,-0.7909,1.5005
16.5406,-37.978,-22.0191,0.8169,-0.7909,1.5005
20.0622,-75.2778,-13.1414,0.8169,-0.7909,1.5005
-6.4583,-60.3877,0.0814,0.8169,-0.7909,1.5005
9.1889,-7.0883,11.5247,0.8169,-0.7909,1.5005
-4.5609,12.1284,21.7079,0.8169,-0.7909,1.5005
-25.8448,-1.2695,54.9762,0.8169,-0.7909,1.5005
-31.7064,-9.5866,37.2663,0.8169,-0.7909,1.5005
-24.908,-16.8857,20.4309,0.8169,-0.7909,1.5005
-13.81,-12.823,4.5178,0.8169,-0.7909,1.5005
-0.1149,-1.2743,5.366,0.8169,-0.7909,1.5005
0.4815,-8.8681,-13.4961,0.8169,-0.7909,1.5005
11.2754,-32.1616,-10.3483,0.8169,-0.7909,1.5005
6.5301,-19.8991,57.0149,0.8169,-0.7909,1.5005
3.5859,-21.6576,-76.4157,0.8169,-0.7909,1.5005
-2.659,-49.0305,-1.8204,0.8169,-0.7909,1.5005
6.3048,13.3811,42.5748,0.8169,-0.7909,1.5005
14.9359,10.0658,8.195,0.8169,-0.7909,1.5005
28.4942,-67.8471,7.4905,0.8169,-0.7909,1.5005
5.0329,-41.0656,-21.1641,0.8169,-0.7909,1.5005
-1.6744,-11.479,-31.1892,0.8169,-0.7909,1.5005
34.677,-21.0345,-29.826,0.8169,-0.7909,1.5005
31.6106,2.0195,7.9098,0.8169,-0.7909,1.5005
-5.5862,-5.8089,9.7638,0.8169,-0.7909,1.5005
9.8479,-7.8619,-5.9193,0.8169,-0.7909,1.5005
2.4265,-6.5325,-4.0794,0.8169,-0.7909,1.5005
9.3712,-5.2124,-2.7524,0.8169,-0.7909,1.5005
12.4157,-15.2759,-8.0487,0.8169,-0.7909,1.5005
7.6728,-26.7001,-3.2962,0.8169,-0.7909,1.5005
21.9138,-46.5369,-22.1125,0.8169,-0.7909,1.5005
15.9202,-78.4951,-9.5148,0.8169,-0.7909,1.5005
1.8731,-25.6891,17.2475,0.8169,-0.7909,1.5005
-21.2551,16.2772,22.2732,0.8169,-0.7909,1.5005
-28.7361,4.065,39.123,0.8169,-0.7909,1.5005
-27.1478,-8.1372,33.3569,0.8169,-0.7909,1.5005
-16.033,-5.9002,31.4813,0.8169,-0.7909,1.5005
-20.0909,-7.1936,7.2319,0.8169,-0.7909,1.5005
-4.2233,-0.2585,-7.8595,0.8169,-0.7909,1.5005
-11.2754,-26.8988,-17.1397,0.8169,-0.7909,1.5005
17.8296,-54.914,3.4662,0.8169,-0.7909,1.5005
17.0604,-10.4228,64.4025,0.8169,-0.7909,1.5005
-20.4859,18.3877,-78.4951,0.8169,-0.7909,1.5005
0.4504,-31.5867,-11.8767,0.8169,-0.7909,1.5005
14.8638,-28.6355,-2.5103,0.8169,-0.7909,1.5005
23.4877,-14.7369,-8.5278,0.8169,-0.7909,1.5005
53.2251,-66.4839,-1.9449,0.8169,-0.7909,1.5005
-2.9846,-19.7386,-12.3846,0.8169,-0.7909,1.5005
23.0301,-18.6152,-35.5942,0.8169,-0.7909,1.5005
22.8792,-0.3809,-3.3895,0.8169,-0.7909,1.5005
-5.5814,-8.6212,3.066,0.8169,-0.7909,1.5005
12.9116,-13.7837,-20.1962,0.8169,-0.7909,1.5005
-5.3444,-14.5573,-9.4119,0.8169,-0.7909,1.5005
7.9289,-11.0288,0.5749,0.8169,-0.7909,1.5005
24.5154,-38.0666,-18.8118,0.8169,-0.7909,1.5005
31.1099,-74.0059,-22.7954,0.8169,-0.7909,1.5005
-3.38,-69.4282,1.9521,0.8169,-0.7909,1.5005
12.1691,-28.8318,20.91,0.8169,-0.7909,1.5005
-6.0175,9.7111,38.6439,0.8169,-0.7909,1.5005
-45.8758,11.2228,62.5673,0.8169,-0.7909,1.5005
-35.8316,-17.3361,31.5507,0.8169,-0.7909,1.5005
-19.305,-19.7267,14.7081,0.8169,-0.7909,1.5005
-10.3315,-6.0558,0.9894,0.8169,-0.7909,1.5005
1.7917,7.8308,6.2234,0.8169,-0.7909,1.5005
-0.3881,-11.5894,-13.6301,0.8169,-0.7909,1.5005
29.8643,-37.1442,30.4416,0.8169,-0.7909,1.5005
16.4736,-27.5431,34.6075,0.8169,-0.7909,1.5005
-1.8492,-21.7246,36.0782,0.8169,-0.7909,1.5005
-13.3404,-11.1605,30.7173,0.8169,-0.7909,1.5005
1.4206,15.1298,-4.6639,0.8169,-0.7909,1.5005
41.3077,-21.7917,-14.2434,0.8169,-0.7909,1.5005
71.6201,-78.4951,10.0849,0.8169,-0.7909,1.5005
1.8276,-0.5605,-17.5827,0.8169,-0.7909,1.5005
16.0019,-7.5073,-31.1701,0.8169,-0.7909,1.5005
16.1072,-11.2323,-8.1085,0.8169,-0.7909,1.5005
-0.2346,-9.958,7.1314,0.8169,-0.7909,1.5005
12.4229,-6.7767,-11.6684,0.8169,-0.7909,1.5005
9.0931,-8.2692,-3.7298,0.8169,-0.7909,1.5005
11.3377,-11.3592,-4.9036,0.8169,-0.7909,1.5005
13.5104,-22.9511,-0.884,0.8169,-0.7909,1.5005
42.8598,-49.4139,-21.9186,0.8169,-0.7909,1.5005
14.4472,-74.2836,-6.9084,0.8169,-0.7909,1.5005
21.3652,-28.7552,16.0713,0.8169,-0.7909,1.5005
-21.2982,0.6299,43.7486,0.8169,-0.7909,1.5005
-55.4099,-5.7107,64.7544,0.8169,-0.7909,1.5005
-29.4019,-9.3831,12.1906,0.8169,-0.7909,1.5005
-15.6808,-16.2748,18.7277,0.8169,-0.7909,1.5005
-9.9939,-2.8601,15.5395,0.8169,-0.7909,1.5005
0.6826,9.285,11.3353,0.8169,-0.7909,1.5005
-3.7418,-7.7925,-9.9437,0.8169,-0.7909,1.5005
7.7326,-32.6766,-34.9212,0.8169,-0.7909,1.5005
24.2421,-36.452,77.1917,0.8169,-0.7909,1.5005
-26.7887,-1.5092,-78.4951,0.8169,-0.7909,1.5005
48.3383,-39.5755,78.4927,0.8169,-0.7909,1.5005
28.6786,-35.731,-41.1159,0.8169,-0.7909,1.5005
2.5007,3.4685,2.5561,0.8169,-0.7909,1.5005
49.4857,-26.9946,-5.1741,0.8169,-0.7909,1.5005
-10.3196,-44.8577,-5.0113,0.8169,-0.7909,1.5005
9.771,-11.0456,-23.0205,0.8169,-0.7909,1.5005
42.5964,10.3603,-8.3722,0.8169,-0.7909,1.5005
-0.7448,-3.1238,-10.9522,0.8169,-0.7909,1.5005
5.7011,-11.139,-7.8116,0.8169,-0.7909,1.5005
3.6556,-9.2754,-0.8744,0.8169,-0.7909,1.5005
11.8743,-5.5288,-7.5192,0.8169,-0.7909,1.5005
14.7201,-11.5607,-10.3627,0.8169,-0.7909,1.5005
16.6845,-33.1127,2.3187,0.8169,-0.7909,1.5005
60.5337,-78.4951,-14.4041,0.8169,-0.7909,1.5005
1.1809,-66.1104,-0.0311,0.8169,-0.7909,1.5005
11.6947,-15.5467,23.6481,0.8169,-0.7909,1.5005
-36.5214,-3.2603,29.2463,0.8169,-0.7909,1.5005
-44.1535,5.6293,42.8693,0.8169,-0.7909,1.5005
-36.0064,2.7021,13.1486,0.8169,-0.7909,1.5005
-20.3543,-7.4378,17.542,0.8169,-0.7909,1.5005
-14.4065,0.1747,1.7845,0.8169,-0.7909,1.5005
2.3283,-0.8095,-3.4829,0.8169,-0.7909,1.5005
5.2124,-22.8936,-18.5314,0.8169,-0.7909,1.5005
20.1651,-50.7073,32.0778,0.8169,-0.7909,1.5005
10.6239,-45.672,-52.1855,0.8169,-0.7909,1.5005
0.043,-17.3313,21.1042,0.8169,-0.7909,1.5005
-24.9439,7.1745,44.4097,0.8169,-0.7909,1.5005
-12.2625,19.3433,11.5391,0.8169,-0.7909,1.5005
22.0407,-22.9654,1.7773,0.8169,-0.7909,1.5005
51.4406,-78.4951,-4.7165,0.8169,-0.7909,1.5005
1.4853,-11.3664,-3.8591,0.8169,-0.7909,1.5005
30.5015,13.5272,-6.7384,0.8169,-0.7909,1.5005
68.9586,6.197,-11.7881,0.8169,-0.7909,1.5005
-11.8144,-21.7558,-23.1067,0.8169,-0.7909,1.5005
-12.114,-13.4578,12.6386,0.8169,-0.7909,1.5005
9.3305,0.9367,7.299,0.8169,-0.7909,1.5005
16.7157,2.5537,1.4158,0.8169,-0.7909,1.5005
19.7578,-5.1502,-3.0205,0.8169,-0.7909,1.5005
21.83,-26.0842,2.0913,0.8169,-0.7909,1.5005
45.5643,-67.2698,-15.9178,0.8169,-0.7909,1.5005
1.3006,-77.8076,-3.7202,0.8169,-0.7909,1.5005
15.307,-36.8306,5.9049,0.8169,-0.7909,1.5005
-16.4879,-4.3095,15.8101,0.8169,-0.7909,1.5005
-38.1599,-2.7739,40.4356,0.8169,-0.7909,1.5005
-46.4891,-16.0378,27.7323,0.8169,-0.7909,1.5005
-26.2042,3.2962,4.6064,0.8169,-0.7909,1.5005
-17.9828,-2.6925,13.4027,0.8169,-0.7909,1.5005
-17.5659,2.9798,6.221,0.8169,-0.7909,1.5005
-8.1543,4.7237,7.2008,0.8169,-0.7909,1.5005
2.0937,-15.1538,-5.2148,0.8169,-0.7909,1.5005
16.2772,-45.0804,-6.7839,0.8169,-0.7909,1.5005
30.8825,-23.763,50.7265,0.8169,-0.7909,1.5005
-19.952,6.3383,-78.4951,0.8169,-0.7909,1.5005
46.4795,-21.6576,72.7292,0.8169,-0.7909,1.5005
-15.1657,-56.8398,-29.4666,0.8169,-0.7909,1.5005
6.5277,15.4701,13.005,0.8169,-0.7909,1.5005
25.0999,-5.4306,5.0376,0.8169,-0.7909,1.5005
78.4951,-78.4951,-7.536,0.8169,-0.7909,1.5005
-26.8294,-12.6192,-7.4187,0.8169,-0.7909,1.5005
6.2066,-4.2497,-7.1529,0.8169,-0.7909,1.5005
53.1701,10.8801,-7.6512,0.8169,-0.7909,1.5005
5.9457,-5.1262,-4.7453,0.8169,-0.7909,1.5005
16.6917,-1.3054,1.4517,0.8169,-0.7909,1.5005
10.219,-5.5719,-2.0817,0.8169,-0.7909,1.5005
10.4084,-9.692,0.1077,0.8169,-0.7909,1.5005
9.232,-17.6521,-1.0109,0.8169,-0.7909,1.5005
10.1807,-29.5914,5.2292,0.8169,-0.7909,1.5005
42.5772,-69.9864,-8.3506,0.8169,-0.7909,1.5005
10.957,-59.887,-12.641,0.8169,-0.7909,1.5005
6.9012,-8.7771,13.678,0.8169,-0.7909,1.5005
-45.2578,13.8866,11.6516,0.8169,-0.7909,1.5005
-28.839,5.3683,36.0327,0.8169,-0.7909,1.5005
-48.7456,-5.9864,8.8729,0.8169,-0.7909,1.5005
-20.4309,-2.6327,11.7977,0.8169,-0.7909,1.5005
-1.8611,-4.7958,9.7303,0.8169,-0.7909,1.5005
6.4942,-17.3145,-12.3199,0.8169,-0.7909,1.5005
17.82,-28.3578,-11.376,0.8169,-0.7909,1.5005
4.1608,-29.3038,44.8936,0.8169,-0.7909,1.5005
-23.5882,-4.3909,-38.2342,0.8169,-0.7909,1.5005
18.0594,10.5282,76.9619,0.8169,-0.7909,1.5005
-6.5325,-49.2152,16.4544,0.8169,-0.7909,1.5005
14.2745,-16.8928,10.0346,0.8169,-0.7909,1.5005
46.9012,-30.286,8.1567,0.8169,-0.7909,1.5005
46.2661,-32.0993,1.2096,0.8169,-0.7909,1.5005
-3.5093,-10.5904,-14.0829,0.8169,-0.7909,1.5005
26.7767,-16.4592,-10.7771,0.8169,-0.7909,1.5005
19.9592,5.8089,-15.6664,0.8169,-0.7909,1.5005
3.6628,-5.2986,5.5743,0.8169,-0.7909,1.5005
14.2266,-6.6738,-4.5729,0.8169,-0.7909,1.5005
8.5039,-13.7307,5.8568,0.8169,-0.7909,1.5005
23.5595,-33.1534,-8.1447,0.8169,-0.7909,1.5005
12.5905,-58.7851,-9.5268,0.8169,-0.7909,1.5005
1.1953,-51.7231,-0.5796,0.8169,-0.7909,1.5005
12.744,-22.3833,-20.5293,0.8169,-0.7909,1.5005
1.0923,-1.9378,6.1228,0.8169,-0.7909,1.5005
-11.1509,-15.6951,18.4141,0.8169,-0.7909,1.5005
-49.6533,1.7893,41.7602,0.8169,-0.7909,1.5005
-29.7231,12.442,-1.4158,0.8169,-0.7909,1.5005
-21.3772,-3.6771,8.3267,0.8169,-0.7909,1.5005
-7.4259,4.0626,10.969,0.8169,-0.7909,1.5005
-4.6303,-24.1559,-7.8356,0.8169,-0.7909,1.5005
18.3015,-20.4189,-0.4121,0.8169,-0.7909,1.5005
6.7217,-13.259,31.5843,0.8169,-0.7909,1.5005
-21.0489,-8.9878,-78.4951,0.8169,-0.7909,1.5005
28.2665,-54.2169,63.135,0.8169,-0.7909,1.5005
4.8389,-5.234,-16.1288,0.8169,-0.7909,1.5005
7.644,-12.3654,25.1549,0.8169,-0.7909,1.5005
17.0293,-54.9571,6.4101,0.8169,-0.7909,1.5005
10.6622,-26.6399,-7.0404,0.8169,-0.7909,1.5005
21.1066,-8.6212,-24.853,0.8169,-0.7909,1.5005
38.2461,-0.8577,-10.5114,0.8169,-0.7909,1.5005
23.0995,5.0424,0.9678,0.8169,-0.7909,1.5005
6.6139,-3.8423,-2.4648,0.8169,-0.7909,1.5005
16.2581,-11.4119,-6.6427,0.8169,-0.7909,1.5005
2.2613,-24.2685,-6.2641,0.8169,-0.7909,1.5005
4.8988,-33.6157,11.0695,0.8169,-0.7909,1.5005
24.0841,-51.7805,-12.1164,0.8169,-0.7909,1.5005
7.8356,-51.3182,-18.778,0.8169,-0.7909,1.5005
9.455,-34.5716,11.4382,0.8169,-0.7909,1.5005
12.7129,-25.7921,1.2,0.8169,-0.7909,1.5005
-32.5689,-11.0671,22.7185,0.8169,-0.7909,1.5005
-57.125,14.1811,27.2077,0.8169,-0.7909,1.5005
-25.6149,7.275,10.1639,0.8169,-0.7909,1.5005
-16.0258,3.3249,18.2608,0.8169,-0.7909,1.5005
-8.3937,-1.7989,8.0989,0.8169,-0.7909,1.5005
5.761,-3.8998,0.1364,0.8169,-0.7909,1.5005
7.4881,-7.9577,-15.5012,0.8169,-0.7909,1.5005
-0.357,-16.5047,-16.6486,0.8169,-0.7909,1.5005
9.1602,-23.1713,22.5461,0.8169,-0.7909,1.5005
4.0028,-5.0161,29.5962,0.8169,-0.7909,1.5005
-29.8164,-8.3889,-65.9812,0.8169,-0.7909,1.5005
10.5497,-37.0628,49.6437,0.8169,-0.7909,1.5005
18.8405,-24.6758,-15.8388,0.8169,-0.7909,1.5005
14.5669,-27.3564,-3.986,0.8169,-0.7909,1.5005
29.996,-33.8863,-3.0229,0.8169,-0.7909,1.5005
4.4173,-5.4641,-7.9409,0.8169,-0.7909,1.5005
17.4151,4.6064,-0.3953,0.8169,-0.7909,1.5005
16.9599,1.4972,-16.8928,0.8169,-0.7909,1.5005
5.2124,-8.0056,-4.0626,0.8169,-0.7909,1.5005
13.4482,-1.9258,-0.7472,0.8169,-0.7909,1.5005
6.4293,-5.7227,-2.1727,0.8169,-0.7909,1.5005
10.0945,-11.7139,-4.3239,0.8169,-0.7909,1.5005
14.3104,-14.1835,6.4197,0.8169,-0.7909,1.5005
47.2747,-55.5679,-11.309,0.8169,-0.7909,1.5005
0.9439,-74.0586,-7.2631,0.8169,-0.7909,1.5005
6.6331,-21.6289,5.4665,0.8169,-0.7909,1.5005
-2.132,-18.268,2.7907,0.8169,-0.7909,1.5005
-26.7432,-7.7685,16.2509,0.8169,-0.7909,1.5005
-47.9262,11.1701,34.8781,0.8169,-0.7909,1.5005
-24.393,5.4761,2.4241,0.8169,-0.7909,1.5005
-19.4657,6.0247,9.4573,0.8169,-0.7909,1.5005
-8.0032,-1.1306,2.6063,0.8169,-0.7909,1.5005
7.7709,-9.8647,-7.1003,0.8169,-0.7909,1.5005
