correr
4.422,30.9136,11.9581,-0.9748,1.24,1.7413
8.456,21.7414,16.6247,-0.9226,1.223,1.1533
7.445,17.1996,11.3449,-0.9226,1.223,1.1533
7.445,17.1996,11.3449,-1.0121,1.6597,0.6079
7.4522,18.3111,8.2022,-1.0334,1.5585,0.5334
7.3062,18.0067,6.8869,-1.0089,1.8046,0.4716
6.6929,16.5744,6.3838,-0.9311,2.3266,0.4268
5.5886,14.6339,5.5048,-0.8097,2.8444,0.4364
2.6183,10.8945,2.5417,-0.8097,2.8444,0.4364
0.7425,9.34,0.9463,-0.6797,3.2162,0.5185
0.7425,9.34,0.9463,-0.5583,3.6902,0.8082
-2.8745,6.8414,-1.0396,-0.5583,3.6902,0.8082
-4.3789,5.6173,-1.4012,-0.5455,3.7104,0.9595
-4.3789,5.6173,-1.4012,-0.5018,3.2002,1.165
-5.5312,4.2063,-1.3916,-0.4454,2.7815,1.2151
-6.1276,1.1689,-0.8696,-0.4454,2.7815,1.2151
-5.7155,-0.1077,-0.5605,-0.3601,2.3468,1.2279
-5.7155,-0.1077,-0.5605,-0.1045,1.6416,1.1224
-5.2412,-1.0684,-0.6371,0.034,1.3583,1.0394
-4.5753,-2.0649,-1.6648,0.034,1.3583,1.0394
-4.5753,-2.0649,-1.6648,0.2726,0.7553,0.8678
-4.3933,-2.2924,-2.1176,0.3547,0.4699,0.7656
-3.725,-2.6039,-2.0027,0.3547,0.4699,0.7656
-3.725,-2.6039,-2.0027,0.5187,0.0491,0.4503
-2.9966,-2.4384,-0.8529,0.5187,0.0491,0.4503
-2.7572,-2.0051,-0.5509,0.6508,-0.1287,0.2383
-2.683,-1.4829,-0.7568,0.8138,-0.3354,-0.0013
-2.683,-1.4829,-0.7568,1.0354,-0.9362,-0.5275
-2.9056,-0.9678,-1.0612,1.0567,-1.3399,-0.7844
-4.0722,0.2178,-1.1713,1.0567,-1.3399,-0.7844
-4.0722,0.2178,-1.1713,0.867,-2.2678,-1.2232
-4.0985,2.5776,-0.436,0.867,-2.2678,-1.2232
-4.0985,2.5776,-0.436,0.3387,-3.1456,-1.6898
-0.5892,10.6072,7.2224,0.3387,-3.1456,-1.6898
-0.5892,10.6072,7.2224,0.4335,-4.1458,-2.7305
4.7237,20.7161,10.3267,0.8553,-5.0321,-4.1409
12.7799,36.8713,11.4526,0.8777,-5.7213,-6.018
1.6289,53.1797,3.0038,0.8777,-5.7213,-6.018
-14.2553,36.677,13.4266,0.0969,-5.0769,-6.2683
-7.9457,24.3403,19.4753,-0.5093,-2.9485,-3.8501
-0.5509,19.3457,13.6158,0.2705,-1.684,-0.9388
3.8711,18.3159,7.0715,1.2729,-2.1368,0.576
10.1663,19.7626,1.4469,1.4242,-1.3409,0.8572
12.1403,20.0837,-0.5581,0.9427,-0.3471,0.3757
12.1403,20.0837,-0.5581,-0.2366,-1.538,-0.8621
8.2094,17.4677,3.5093,-0.342,-1.4571,-1.0549
-0.9343,11.3616,7.7877,-0.342,-1.4571,-1.0549
-0.9343,11.3616,7.7877,-0.194,-0.2715,-0.4828
-1.1019,9.7183,5.3178,-0.2334,-0.0339,-0.2569
-0.0574,8.1663,2.762,-0.3814,-0.1031,-0.1962
1.3126,4.5178,0.0311,-0.3814,-0.1031,-0.1962
1.1833,2.4408,-0.2852,-0.603,-0.3524,-0.2921
1.1833,2.4408,-0.2852,-1.0429,-0.7764,-0.6947
1.291,-1.7845,-1.1067,-1.0429,-0.7764,-0.6947
2.1894,-3.5236,-1.0995,-1.2059,-0.9585,-0.8504
2.1894,-3.5236,-1.0995,-1.2879,-1.4752,-1.0262
3.5116,-4.803,-1.0875,-1.1931,-1.6818,-1.0901
6.2689,-5.6126,-1.1689,-1.1931,-1.6818,-1.0901
6.9108,-5.2843,-1.0971,-1.0323,-1.6989,-1.1359
7.105,-4.5609,-0.7065,-0.8437,-1.5029,-1.1061
6.8749,-3.4087,-0.2513,-0.6307,-1.1844,-0.9324
6.2521,-1.8899,0.0909,-0.4017,-0.8477,-0.5999
5.3707,-0.5557,0.3618,-0.1918,-0.4983,-0.1653
4.6662,0.1771,0.0837,-0.0129,-0.1553,0.2628
4.0075,0.3139,-0.3642,0.1256,0.0991,0.5877
3.5811,0.1173,-0.6443,0.197,0.211,0.788
3.5547,0.0119,-0.3283,0.2226,0.1641,0.8923
4.1512,0.3881,0.5342,0.2279,0.0033,0.9328
5.0951,1.2455,1.9402,0.2247,-0.2107,0.9062
5.0951,1.2455,1.9402,0.3462,-0.6752,0.7038
6.1755,2.671,4.6543,0.6529,-0.7892,0.592
7.759,5.2316,9.9724,1.2995,-0.7306,0.4673
9.6896,10.7867,15.8053,2.1943,-0.2512,0.3597
5.2723,39.7721,12.5569,2.1943,-0.2512,0.3597
-5.2795,48.7264,2.2852,2.4692,0.7426,0.4833
-5.2795,48.7264,2.2852,-0.407,1.0451,2.5062
-3.5859,36.0423,8.995,-0.8182,0.4773,2.5094
5.8783,22.896,20.8238,-0.6765,0.4209,1.7754
9.903,17.0197,21.2575,-0.7607,1.1899,1.1011
10.758,16.7564,15.0939,-1.0078,1.7833,0.6836
11.0719,19.9302,9.5795,-1.2517,1.7471,0.446
9.5292,21.4993,6.0414,-1.4616,1.9239,0.3267
6.7719,19.8416,5.6892,-1.517,2.4949,0.2873
2.9942,14.5741,6.4149,-1.517,2.4949,0.2873
2.9942,14.5741,6.4149,-1.1495,3.0958,0.3619
0.0718,9.5771,4.4436,-1.1495,3.0958,0.3619
-1.3581,7.6369,3.0732,-0.8906,3.0383,0.4726
-2.4911,6.1204,1.5738,-0.6669,2.9903,0.6026
-2.4911,6.1204,1.5738,-0.3697,2.9264,0.8721
-3.2962,4.9251,0.1867,-0.2973,2.838,0.9935
-3.7322,3.9453,-0.8984,-0.2611,2.7123,1.0873
-3.998,3.0253,-1.6768,-0.2483,2.5653,1.1523
-4.2568,2.0793,-2.1823,-0.2451,2.4267,1.1874
-4.5418,1.1139,-2.4001,-0.244,2.2786,1.1906
-4.8174,0.1221,-2.5561,-0.2291,2.072,1.1714
-5.0185,-1.8587,-2.5968,-0.2291,2.072,1.1714
-4.7477,-2.7452,-2.4361,-0.1982,1.8088,1.1331
-4.7477,-2.7452,-2.4361,-0.0949,1.2581,0.9744
-3.5284,-3.9429,-1.6983,-0.0949,1.2581,0.9744
-3.0134,-4.0866,-1.212,0.0074,0.9971,0.8274
-3.0134,-4.0866,-1.212,0.3834,0.4422,0.4077
-2.896,-3.8447,-0.8119,0.6402,0.0874,0.1989
-3.0349,-3.2004,-0.6323,0.8916,-0.313,-0.0045
-3.1836,-2.3187,-0.6132,1.1003,-0.7402,-0.2143
-3.4159,-1.4972,-0.8984,1.2282,-1.2216,-0.4231
-3.6939,-0.8577,-1.411,1.2857,-1.7937,-0.6351
-3.9644,-0.3522,-1.9473,1.2665,-2.4308,-0.8994
-4.0315,0.2394,-2.2469,1.0982,-3.0199,-1.2488
-3.8208,0.9798,-1.7438,0.7925,-3.4225,-1.6845
-2.4289,2.2709,0.4264,0.4378,-3.7208,-2.2629
4.1823,12.8206,5.0257,0.4378,-3.7208,-2.2629
4.1823,12.8206,5.0257,0.0926,-4.4239,-4.2283
13.7885,37.0891,15.2687,0.0926,-4.4239,-4.2283
13.7885,37.0891,15.2687,0.8404,-4.0095,-6.6092
8.5685,46.4843,12.8038,0.5752,-1.5998,-4.8152
-14.4304,44.6949,14.1835,0.4186,0.8853,-1.4342
-2.8003,28.7935,14.5453,0.4186,0.8853,-1.4342
-0.0981,23.9884,12.3415,0.6934,0.3793,0.005
-0.3522,21.0249,7.3756,1.0172,-0.6315,0.0391
-0.3522,21.0249,7.3756,0.4516,-0.6315,-0.3848
0.2876,20.1412,6.3551,0.2354,-1.244,-0.3166
0.2466,17.5324,7.6009,0.2354,-1.244,-0.3166
-1.5355,15.1442,7.589,0.1363,-1.6733,-0.1781
-1.5355,15.1442,7.589,0.0436,-0.9607,0.3565
-0.1101,10.049,3.0804,0.0436,-0.9607,0.3565
1.2024,7.2822,1.5882,-0.1247,-0.6496,0.527
1.6433,4.4963,0.8457,-0.3271,-0.6081,0.5366
1.6433,4.4963,0.8457,-0.6967,-0.6975,0.2628
1.6265,-0.8649,0.0335,-0.6967,-0.6975,0.2628
1.6265,-0.8649,0.0335,-0.848,-0.721,-0.029
2.0793,-2.8865,-0.2681,-0.8395,-0.7093,-0.1515
4.168,-5.1167,-1.2,-0.8395,-0.7093,-0.1515
4.168,-5.1167,-1.2,-0.7894,-0.7647,-0.4306
5.2986,-5.5335,-1.5523,-0.7447,-0.705,-0.5808
5.8376,-5.4857,-1.303,-0.7447,-0.705,-0.5808
5.8376,-5.4857,-1.303,-0.5284,-0.3258,-0.6106
4.592,-4.0554,-0.1675,-0.5284,-0.3258,-0.6106
3.7849,-2.7165,0.1628,-0.3452,-0.1639,-0.4167
3.3488,-1.2695,0.1292,-0.1364,-0.0968,-0.1238
2.9774,-0.1556,0.1101,0.0543,-0.1074,0.1648
2.6207,0.5342,0.0167,0.2077,-0.1479,0.3938
2.6207,0.5342,0.0167,0.4495,-0.3236,0.7656
2.1559,0.9008,0.2753,0.4495,-0.3236,0.7656
2.1559,0.9008,0.2753,0.6093,-0.4994,1.0756
3.1429,1.066,2.4456,0.6093,-0.4994,1.0756
4.5729,2.2828,6.0797,0.6902,-0.6027,1.1235
4.5729,2.2828,6.0797,1.438,-1.2802,0.7997
9.7638,14.4496,15.9537,1.438,-1.2802,0.7997
9.51,29.9362,13.0983,2.4638,-1.7553,0.3459
-1.8899,44.2541,1.3126,3.5003,-1.8576,-0.2687
-4.3622,40.1456,4.4867,2.8857,-1.6094,0.0306
7.0114,27.1334,21.1402,0.8149,-0.95,1.7882
15.7358,20.57,25.919,-0.0896,-0.3705,2.8524
17.3576,20.7137,20.146,0.1097,0.0342,2.5648
17.3576,20.7137,20.146,-0.2217,2.6782,1.2109
13.9369,28.5278,1.8228,-0.2217,2.6782,1.2109
13.9369,28.5278,1.8228,-1.7929,3.2918,0.4087
8.4248,24.3571,0.4049,-2.1966,3.6114,0.3406
0.896,15.8101,5.4593,-2.1966,3.6114,0.3406
0.896,15.8101,5.4593,-1.8547,4.2143,0.5089
-2.8601,11.3353,3.8256,-1.8547,4.2143,0.5089
-2.8601,11.3353,3.8256,-1.174,3.6284,0.985
-4.3861,8.3578,1.0157,-1.174,3.6284,0.985
-4.9036,7.0236,-0.1532,-0.9407,3.2407,1.1746
-4.9036,7.0236,-0.1532,-0.7404,2.61,1.3557
-5.4833,5.5479,-0.8601,-0.6925,2.3425,1.4335
-5.7921,2.592,-1.1689,-0.6925,2.3425,1.4335
-5.3923,1.3269,-1.1617,-0.6254,2.0933,1.5144
-5.3923,1.3269,-1.1617,-0.4006,1.7045,1.5752
-4.6567,-0.5461,-1.7175,-0.4006,1.7045,1.5752
-4.6567,-0.5461,-1.7175,-0.2248,1.4126,1.4676
-4.8198,-2.108,-2.6686,-0.2248,1.4126,1.4676
-4.8198,-2.108,-2.6686,-0.1258,0.8736,1.3579
-4.8964,-2.9655,-2.7787,-0.047,0.4986,1.2726
-4.1512,-4.4412,-1.5092,-0.047,0.4986,1.2726
-3.538,-4.6423,-0.7664,0.0862,0.1716,1.1256
-3.538,-4.6423,-0.7664,0.4729,-0.3045,0.6303
-3.0181,-4.2712,-0.4192,0.6657,-0.5953,0.3001
-2.6279,-3.4231,-0.5318,0.8138,-0.9617,-0.0684
-2.4145,-2.4073,-0.9056,0.8979,-1.3591,-0.4476
-2.4863,-1.4613,-1.3365,0.9203,-1.7351,-0.8014
-2.6901,-0.6802,-1.6433,0.9022,-2.0813,-1.121
-2.8075,0.7185,-0.6802,0.9022,-2.0813,-1.121
-2.8075,0.7185,-0.6802,0.9384,-2.9549,-1.7633
-0.9822,5.5144,2.2613,0.9384,-2.9549,-1.7633
2.3259,11.8551,2.7979,0.98,-3.6484,-2.2001
6.6546,21.3939,2.908,1.0109,-4.6358,-2.8573
10.3842,34.8901,3.6409,0.9576,-5.7501,-3.9055
11.5271,48.5633,5.4545,0.5816,-6.5937,-5.3714
0.594,49.1338,9.8766,0.0724,-7.0019,-6.6891
-13.4913,35.1992,26.7719,-0.5838,-5.7234,-6.3972
-13.4913,35.1992,26.7719,0.8585,-0.5963,-0.1866
8.1447,21.279,13.6732,0.8585,-0.5963,-0.1866
8.1447,21.279,13.6732,1.7714,-1.016,0.1712
6.9371,20.5652,7.4426,1.1163,0.3047,-0.2569
4.8102,20.1507,-3.7992,1.1163,0.3047,-0.2569
4.8102,20.1507,-3.7992,-0.3026,-0.3865,-0.2836
-0.6323,14.1739,5.3588,-0.3026,-0.3865,-0.2836
-0.6323,14.1739,5.3588,-0.4358,0.0342,0.1616
-3.5308,8.4919,4.5705,-0.4358,0.0342,0.1616
-3.5308,8.4919,4.5705,-0.3484,-0.3077,0.4801
-1.394,4.8102,0.1101,-0.3484,-0.3077,0.4801
-1.394,4.8102,0.1101,-0.668,-1.276,0.2063
-0.1891,3.1669,-1.224,-0.9077,-1.6392,-0.046
0.9774,1.4302,-1.4206,-1.0834,-1.9045,-0.2676
2.0314,-0.3522,-1.0157,-1.1409,-2.0248,-0.4263
4.458,-3.0903,-0.9343,-1.1409,-2.0248,-0.4263
4.458,-3.0903,-0.9343,-1.044,-1.9034,-0.5573
6.8246,-4.6423,-0.7209,-1.044,-1.9034,-0.5573
6.8246,-4.6423,-0.7209,-0.8107,-1.3218,-0.5605
8.1854,-4.9922,-0.3642,-0.8107,-1.3218,-0.5605
8.2022,-4.5441,-0.3474,-0.6765,-0.9202,-0.5392
7.9002,-3.7083,-0.4121,-0.5327,-0.542,-0.4849
7.9002,-3.7083,-0.4121,-0.243,-0.0019,-0.323
7.2511,-2.6925,-0.2059,-0.0853,0.2003,-0.2143
6.4221,-1.6289,0.2633,0.0894,0.3484,-0.079
4.7357,0.1747,0.7472,0.0894,0.3484,-0.079
4.0004,0.7927,0.5078,0.2641,0.439,0.0902
3.4374,1.1593,0.3139,0.4058,0.472,0.283
3.4374,1.1593,0.3139,0.5134,0.4145,0.6591
3.1789,1.4517,3.0229,0.5134,0.4145,0.6591
4.156,2.7476,6.6091,0.5922,0.3303,0.7912
4.156,2.7476,6.6091,1.4082,-0.3205,0.6985
5.7873,6.4173,11.2347,2.3275,-0.7497,0.4375
6.0318,28.1564,12.3606,2.3275,-0.7497,0.4375
6.0318,28.1564,12.3606,2.5672,-0.5644,0.5014
-3.7849,36.3586,2.1799,2.5672,-0.5644,0.5014
-3.7849,36.3586,2.1799,0.0085,0.081,2.6468
14.0901,20.3112,19.741,0.0085,0.081,2.6468
15.9393,19.0847,17.4773,0.1086,0.032,2.259
15.2423,21.897,11.0887,0.3217,0.6595,1.5475
15.2423,21.897,11.0887,-0.2217,2.6463,0.7837
13.2112,24.9032,4.683,-0.7713,2.9083,0.6559
5.972,19.9425,3.21,-0.7713,2.9083,0.6559
3.6795,16.6175,4.513,-1.1718,3.2875,0.6165
3.6795,16.6175,4.513,-1.1218,3.9096,0.6484
1.9473,14.1021,4.5513,-0.8938,3.8798,0.7475
0.448,12.0901,3.749,-0.684,3.7253,0.8945
-1.7534,8.825,0.9678,-0.684,3.7253,0.8945
-2.5944,7.5384,-0.3761,-0.5487,3.5549,1.0404
-3.3273,6.3383,-1.2192,-0.5007,3.4111,1.1544
-3.3273,6.3383,-1.2192,-0.5306,3.099,1.3184
-3.998,5.0999,-1.4541,-0.5082,2.9062,1.4026
-4.6806,2.7213,-0.884,-0.5082,2.9062,1.4026
-4.6232,1.8037,-0.6634,-0.4368,2.7219,1.4782
-4.4723,1.0468,-0.6874,-0.342,2.5642,1.5272
-4.3957,0.4456,-0.987,-0.2451,2.4277,1.5336
-4.3957,0.4456,-0.987,-0.1087,2.1135,1.425
-4.5633,-0.7305,-1.9545,-0.1087,2.1135,1.425
-4.5848,-1.4613,-2.1344,-0.081,1.8653,1.3472
-4.5848,-1.4613,-2.1344,-0.0459,1.223,1.1842
-4.0004,-3.0181,-1.3126,-0.0459,1.223,1.1842
-4.0004,-3.0181,-1.3126,0.132,0.6179,0.9051
-3.6748,-3.5619,-0.6251,0.2908,0.3697,0.7102
-3.3512,-3.6218,-0.2777,0.4473,0.145,0.4737
-3.1238,-2.5031,-0.8457,0.4473,0.145,0.4737
-3.4326,-1.8276,-1.4493,0.5677,-0.1106,0.2085
-3.4326,-1.8276,-1.4493,0.6529,-0.8275,-0.3059
-4.7333,-0.5389,-1.6361,0.6529,-0.8275,-0.3059
-4.7333,-0.5389,-1.6361,0.6913,-1.6914,-0.7066
-4.2808,1.7247,2.0554,0.6913,-1.6914,-0.7066
-4.2808,1.7247,2.0554,1.128,-3.1051,-1.3649
2.4839,13.4027,4.3454,1.128,-3.1051,-1.3649
7.3947,24.8745,1.6289,1.519,-4.4761,-2.2043
8.2429,37.3791,-0.2537,1.6511,-6.157,-3.6701
8.2429,37.3791,-0.2537,-0.3079,-7.1158,-6.4238
5.3971,46.4555,2.9032,-1.174,-5.3772,-5.6686
-4.6351,43.66,11.9341,-0.7905,-2.3168,-2.9383
-11.3233,33.1438,29.2272,0.6732,-1.3963,-0.6202
4.053,28.3626,20.5078,1.4242,-2.1858,-0.4071
13.1797,26.7456,12.902,1.422,-1.6786,-1.0485
10.3555,24.8889,5.8568,0.785,-0.4014,-1.3191
4.6255,23.5403,-1.8372,-0.081,0.0906,-1.1444
0.9008,18.4979,-1.4206,-0.081,0.0906,-1.1444
-0.3402,14.4639,3.9477,-0.7138,-0.0648,-0.7503
-0.5796,11.0695,7.0066,-0.8991,0.0725,-0.2484
-0.5796,11.0695,7.0066,-0.5455,0.8054,0.4492
-0.3163,8.456,6.4918,-0.4027,0.7255,0.5046
0.4647,4.4987,1.605,-0.4027,0.7255,0.5046
0.6467,2.9535,-0.055,-0.407,0.3548,0.3736
0.6467,2.9535,-0.055,-0.7436,-0.5473,-0.2378
0.8744,0.1125,-0.9175,-0.7436,-0.5473,-0.2378
0.8744,0.1125,-0.9175,-1.0483,-0.9425,-0.6894
2.6734,-1.9234,-1.2072,-1.0483,-0.9425,-0.6894
3.737,-2.7332,-1.4206,-1.1356,-1.0342,-0.7748
3.737,-2.7332,-1.4206,-1.2634,-1.0363,-0.8099
4.7477,-3.4709,-1.4876,-1.2826,-0.8531,-0.8174
6.0773,-4.7572,-0.7736,-1.2826,-0.8531,-0.8174
6.0773,-4.7572,-0.7736,-1.0621,-0.3695,-0.7407
5.8783,-4.4699,0.4001,-1.0621,-0.3695,-0.7407
5.3273,-3.2243,0.7664,-0.8203,-0.2011,-0.5712
4.5154,-1.6409,0.6874,-0.5252,-0.0573,-0.324
3.6385,-0.3354,0.6587,-0.2536,0.0533,-0.0535
3.6385,-0.3354,0.6587,0.1203,0.2877,0.4737
2.671,0.333,0.4073,0.2066,0.3271,0.7294
1.7486,0.3857,0.2106,0.2492,0.2387,0.9477
1.2312,0.0694,0.067,0.2663,0.0129,1.0809
1.4182,-0.1843,0.1412,0.3003,-0.2544,1.0798
4.1033,0.7041,2.3044,0.3003,-0.2544,1.0798
6.3934,2.2158,4.276,0.3749,-0.5175,0.9307
6.3934,2.2158,4.276,0.6572,-1.1417,0.2724
13.4745,12.6937,15.2878,0.6572,-1.1417,0.2724
16.979,30.104,19.0057,1.1973,-1.1961,-0.2229
16.979,30.104,19.0057,1.8918,1.1846,-0.6543
5.4641,49.3301,10.7269,0.2375,2.7517,1.3504
-11.2922,48.6786,8.5733,-0.4869,2.9541,3.1198
3.0998,21.6768,24.7548,-0.4869,2.9541,3.1198
6.2952,18.0834,20.0741,-0.4784,2.0954,3.222
6.2952,18.0834,20.0741,-0.9279,1.9441,1.5517
7.117,22.0622,7.8021,-0.9279,1.9441,1.5517
7.117,22.0622,7.8021,-1.5766,1.468,0.6676
5.0185,20.582,5.9768,-1.6565,1.5734,0.7549
1.8611,14.61,7.5842,-1.6565,1.5734,0.7549
1.8611,14.61,7.5842,-1.3913,3.0574,0.9211
1.842,12.4324,5.8041,-1.1942,3.3578,0.9073
-0.0646,8.4009,1.8611,-1.1942,3.3578,0.9073
-2.0171,6.8318,0.3043,-1.0227,3.3845,0.903
-2.0171,6.8318,0.3043,-0.8725,3.3248,1.0159
-4.156,5.6628,-1.0109,-0.8576,3.1959,1.1267
-5.8783,4.5585,-1.818,-0.8054,2.9115,1.2396
-6.9611,3.2914,-2.0314,-0.6999,2.5428,1.3387
-7.3923,1.8013,-1.8013,-0.5455,2.171,1.4111
-6.5373,-0.7233,-1.4924,-0.5455,2.171,1.4111
-5.8328,-1.5475,-1.4805,-0.3782,1.8536,1.4505
-5.8328,-1.5475,-1.4805,-0.0565,1.3806,1.4495
-5.1741,-2.2996,-1.49,0.1086,1.1633,1.4218
-4.3143,-2.9559,-1.6744,0.2535,0.9567,1.3312
-2.5728,-3.8591,-1.8683,0.2535,0.9567,1.3312
-2.5728,-3.8591,-1.8683,0.4995,0.5913,0.9328
-2.0913,-4.0411,-1.6912,0.6242,0.3633,0.6559
-2.0434,-3.5332,-1.0971,0.6242,0.3633,0.6559
-2.0434,-3.5332,-1.0971,0.9288,-0.329,-0.0077
-2.3307,-2.4815,-0.951,0.9288,-0.329,-0.0077
-2.4145,-1.9617,-1.1091,1.0716,-0.8051,-0.3624
-2.4145,-1.9617,-1.1091,1.2644,-1.8373,-1.04
-2.7907,-0.6898,-1.1402,1.2644,-1.8373,-1.04
-2.8194,0.4743,-1.2862,1.3102,-2.303,-1.3575
-2.726,2.5175,-0.8143,1.2772,-2.7791,-1.6749
-2.726,2.5175,-0.8143,0.7627,-3.577,-2.3162
-2.2397,6.2784,3.0588,0.6561,-3.8827,-2.6901
-0.1915,13.3309,7.6225,0.9086,-4.5304,-3.3654
12.193,44.4648,14.0973,0.9086,-4.5304,-3.3654
10.9304,55.3069,7.656,1.3283,-4.9192,-4.6778
-6.3263,42.2346,11.4071,0.9075,-4.2566,-5.7549
-8.4129,27.2822,18.5553,-0.0715,-2.044,-4.6565
-8.4129,27.2822,18.5553,0.6199,-0.1074,-1.0517
0.8816,21.2024,15.7574,0.6199,-0.1074,-1.0517
-1.4446,20.1747,8.7316,1.4529,-1.1567,-0.6138
-1.0277,20.7496,3.2459,1.6745,-1.1386,-0.3901
-1.0277,20.7496,3.2459,0.6497,-0.5495,-0.1099
1.3437,20.2465,1.6552,0.2929,-1.3037,-0.1035
1.3413,13.0409,7.0763,0.2929,-1.3037,-0.1035
1.3413,13.0409,7.0763,0.2737,-1.1716,0.0284
0.1819,9.903,7.6464,0.2758,-0.4845,0.1499
-0.1149,7.6464,6.1731,0.2087,-0.019,0.184
1.3581,4.0195,1.0372,0.2087,-0.019,0.184
1.3581,4.0195,1.0372,-0.2046,-0.0701,-0.1099
1.6145,2.1823,-0.9487,-0.5274,-0.2746,-0.3581
1.6792,0.3785,-1.9955,-0.832,-0.4632,-0.6191
1.9545,-1.4972,-2.0578,-1.0046,-0.575,-0.8568
3.2507,-4.6208,-0.5509,-1.0046,-0.575,-0.8568
3.2507,-4.6208,-0.5509,-0.8544,-0.7913,-1.0954
4.3885,-5.3226,-0.2657,-0.8544,-0.7913,-1.0954
4.3885,-5.3226,-0.2657,-0.4209,-0.7849,-1.0176
4.4149,-3.9597,-0.6682,-0.4209,-0.7849,-1.0176
4.2185,-2.6231,-0.5773,-0.2387,-0.6379,-0.8493
3.9549,-1.1162,-0.1628,-0.0981,-0.477,-0.5957
3.6532,0.2609,0.5366,0.0404,-0.379,-0.2846
3.4685,1.2886,1.0109,0.2055,-0.3971,0.0476
3.2842,1.8372,0.7855,0.392,-0.4973,0.3469
2.9631,1.8228,0.3283,0.5347,-0.5974,0.5824
2.7644,1.2695,0.2106,0.573,-0.6507,0.773
2.7644,1.2695,0.2106,0.4527,-0.5985,1.0756
2.999,0.4504,0.4097,0.3717,-0.5921,1.1469
5.076,0.5485,2.4624,0.3717,-0.5921,1.1469
5.076,0.5485,2.4624,0.491,-0.9255,0.9659
6.9611,2.6255,6.5924,1.0236,-1.1599,0.6985
12.4013,19.1661,18.136,1.0236,-1.1599,0.6985
12.4013,19.1661,18.136,2.8026,-0.4291,-0.0503
-5.7179,51.5914,1.3054,2.8026,-0.4291,-0.0503
-7.8835,37.3456,8.1348,1.6969,0.7553,0.7965
2.223,23.9117,20.9794,-0.1364,1.5234,2.5712
2.223,23.9117,20.9794,-0.407,0.6328,2.3847
6.8534,17.5084,16.1001,-0.407,0.6328,2.3847
6.8534,17.5084,16.1001,-0.8459,1.8184,1.1789
9.4119,24.1943,5.3803,-0.8459,1.8184,1.1789
9.4119,24.1943,5.3803,-1.4403,1.1889,0.6516
7.2367,21.8946,5.0305,-1.5404,1.7322,0.5706
4.7285,18.5697,6.4679,-1.4499,2.5385,0.543
2.5127,13.5679,5.0975,-1.4499,2.5385,0.543
1.6864,11.2347,4.1009,-1.2496,3.0074,0.577
0.5581,9.0381,2.9367,-1.0067,3.1395,0.6665
0.5581,9.0381,2.9367,-0.636,3.3855,0.8242
-2.4025,5.658,0.0215,-0.636,3.3855,0.8242
-3.7155,4.3957,-1.0755,-0.571,3.5645,0.8817
-3.7155,4.3957,-1.0755,-0.5135,3.4122,1.0308
-5.2771,2.2852,-1.7534,-0.5135,3.4122,1.0308
-5.2771,2.2852,-1.7534,-0.391,2.7837,1.1597
-5.3106,0.5988,-2.2517,-0.391,2.7837,1.1597
-5.1741,0.0023,-2.6542,-0.3324,2.4885,1.1757
-5.1741,0.0023,-2.6542,-0.3122,1.9463,1.0841
-5.3321,-1.1713,-3.2722,-0.3122,1.9463,1.0841
-5.1765,-1.9066,-3.066,-0.3314,1.6118,1.0383
-5.1765,-1.9066,-3.066,-0.3197,0.9055,0.9595
-4.6591,-2.7548,-2.4576,-0.228,0.6041,0.8796
-3.2076,-4.1416,-0.5964,-0.228,0.6041,0.8796
-2.6686,-4.1488,0.0287,-0.0512,0.3623,0.7453
-2.6686,-4.1488,0.0287,0.4921,-0.1553,0.2873
-2.4768,-3.6939,0.1867,0.7648,-0.4994,0.005
-2.7691,-2.2373,-0.2442,0.7648,-0.4994,0.005
-2.7691,-2.2373,-0.2442,1.1866,-1.277,-0.5957
-2.6375,-1.0301,-1.8851,1.1866,-1.277,-0.5957
-2.2972,0.2035,-3.2842,1.291,-1.7756,-0.9527
-2.2972,0.2035,-3.2842,0.8234,-2.9176,-1.9859
-2.5007,2.0386,-2.6423,0.3781,-3.1424,-2.5963
-2.2254,4.3574,1.303,0.0468,-3.1509,-3.2781
3.0373,15.3788,13.1582,0.0468,-3.1509,-3.2781
3.0373,15.3788,13.1582,0.6242,-3.3341,-5.4119
12.4755,45.0516,11.1964,0.6242,-3.3341,-5.4119
-2.7548,51.5746,7.723,0.6647,-3.1371,-7.1407
-24.8865,38.7947,12.9331,0.0031,-1.978,-7.6009
-24.8865,38.7947,12.9331,-0.6296,2.2584,-2.6347
-7.3923,21.7222,17.1011,-0.6296,2.2584,-2.6347
-3.0325,18.16,15.6904,0.0468,1.2294,-1.6525
-3.0325,18.16,15.6904,1.1909,-1.4496,-1.9785
-3.1717,16.4759,11.1126,1.1888,-1.8597,-2.117
-4.0937,16.8809,7.0524,0.9374,-2.0216,-2.0637
-3.8783,16.7157,2.7907,0.9374,-2.0216,-2.0637
-3.8783,16.7157,2.7907,0.3749,-2.4532,-1.5172
-2.8769,14.1715,2.8625,0.2045,-2.4095,-1.1977
-1.593,11.3808,3.0804,0.0394,-2.0728,-0.9548
0.2489,6.2617,1.593,0.0394,-2.0728,-0.9548
0.8553,3.8974,0.1508,-0.1418,-1.5796,-0.7833
0.8553,3.8974,0.1508,-0.5742,-0.8051,-0.5573
2.5632,-0.3737,-1.5044,-0.5742,-0.8051,-0.5573
2.5632,-0.3737,-1.5044,-0.8949,-0.7551,-0.601
3.5308,-2.1823,-1.3652,-0.9503,-0.8126,-0.7705
4.5609,-3.7729,-1.133,-0.9599,-0.8264,-1.0379
5.7395,-5.1909,-1.0708,-0.9417,-0.8073,-1.3713
6.6331,-6.2713,-1.3652,-0.9034,-0.6954,-1.7207
6.9659,-6.6187,-1.4709,-0.8107,-0.4504,-2.0307
5.7634,-4.1057,-0.6395,-0.8107,-0.4504,-2.0307
5.7634,-4.1057,-0.6395,-0.4454,0.1556,-2.3268
4.5537,-2.0003,0.1867,-0.2163,0.3665,-2.2629
3.3297,0.3115,0.7329,-0.0768,0.5551,-2.1095
1.4374,4.7692,0.8047,-0.0768,0.5551,-2.1095
1.4374,4.7692,0.8047,-0.1673,0.8832,-1.6632
0.9032,6.4245,1.1474,-0.3623,1.0142,-1.4682
1.0612,6.76,3.4662,-0.3623,1.0142,-1.4682
1.4039,5.1526,5.682,-0.6073,1.1899,-1.3617
1.4039,5.1526,5.682,-1.0685,2.0485,-1.5396
1.9042,4.3119,12.8062,-1.0685,2.0485,-1.5396
1.9042,4.3119,12.8062,-1.1378,3.6082,-2.2714
-2.0841,14.229,16.1695,-1.1378,3.6082,-2.2714
-2.0841,14.229,16.1695,-1.1164,5.6257,-3.2088
-10.2741,22.2972,12.4157,-1.5287,5.9165,-2.5974
-37.3887,27.4546,9.7734,-1.5287,5.9165,-2.5974
-33.9294,17.7266,10.3531,-2.0027,5.3424,-0.942
-33.9294,17.7266,10.3531,-2.1124,2.5002,0.5888
-12.2409,6.0199,14.7943,-2.1124,2.5002,0.5888
-12.2409,6.0199,14.7943,-1.3785,-0.3386,-1.7601
-14.6219,3.7107,13.4075,-1.3785,-0.3386,-1.7601
-14.6219,3.7107,13.4075,-0.6126,-2.3403,-2.1457
-15.8939,7.0356,12.138,-0.309,-2.63,-1.726
-15.9729,12.4995,6.4727,-0.309,-2.63,-1.726
-14.1787,12.4803,2.3499,-0.1876,-2.4084,-1.1018
-11.036,10.9977,-0.7209,-0.3047,-1.8895,-0.389
-11.036,10.9977,-0.7209,-0.9854,-1.0033,0.6133
-7.7637,8.7077,-1.6816,-1.2358,-0.786,0.7869
-4.8509,2.9679,0.1484,-1.2358,-0.786,0.7869
-4.8509,2.9679,0.1484,-1.1718,-0.5079,0.9744
-4.7692,0.2059,1.2838,-0.9002,-0.3748,1.0798
-3.7753,-3.0708,0.9199,-0.9002,-0.3748,1.0798
-2.7548,-3.6532,-0.2082,-0.586,-0.3045,1.1395
-2.7548,-3.6532,-0.2082,-0.1002,-0.639,1.0266
-1.763,-3.8639,-1.2695,0.0511,-1.0214,0.8977
-0.043,-3.5356,-2.2661,0.0511,-1.0214,0.8977
-0.043,-3.5356,-2.2661,0.2183,-1.6893,0.6165
0.7927,-3.2196,-1.9066,0.2716,-1.7596,0.4599
2.9942,-2.6949,-1.0253,0.2716,-1.7596,0.4599
2.9942,-2.6949,-1.0253,0.3291,-1.227,-0.0226
4.9155,-2.3953,0.0454,0.3291,-1.227,-0.0226
4.9155,-2.3953,0.0454,0.4399,-0.1021,-0.6585
4.1632,-1.0708,0.6251,0.4399,-0.1021,-0.6585
2.041,-0.2274,0.4647,0.5177,0.5029,-0.9346
2.041,-0.2274,0.4647,0.5539,1.6139,-1.1188
-2.3139,0.8071,-0.5485,0.5539,1.6139,-1.1188
-2.3139,0.8071,-0.5485,0.1842,2.4725,-1.1465
-4.5801,0.6802,-1.2048,-0.1311,2.74,-1.2105
-8.6188,-0.8095,1.9788,-0.1311,2.74,-1.2105
-8.6188,-0.8095,1.9788,-0.326,2.8146,-1.5599
-10.298,-1.0875,5.3731,-0.1194,3.0052,-1.9029
-12.2481,0.4958,11.1605,0.5177,3.4345,-2.3684
-13.6325,5.3779,16.0474,1.5147,3.3589,-3.0416
-25.0472,25.2699,10.8993,1.5147,3.3589,-3.0416
-41.8563,27.1957,-0.3354,2.3115,2.887,-3.2472
-44.8984,18.7229,-2.1871,1.9206,2.0485,-1.6227
-44.8984,18.7229,-2.1871,0.1789,-0.9457,1.8447
-17.372,7.6704,9.8093,0.1789,-0.9457,1.8447
-17.372,7.6704,9.8093,0.6295,-2.9027,0.2926
-11.9222,4.592,12.205,1.0141,-3.3235,-0.3581
-10.3722,3.4733,12.7392,1.2782,-3.3405,-0.6255
-11.1821,8.3123,7.0524,1.2782,-3.3405,-0.6255
-11.1821,8.3123,7.0524,1.1163,-2.5437,-0.585
-12.5258,10.5042,4.0554,1.1163,-2.5437,-0.585
-12.5258,10.5042,4.0554,0.7243,-1.7862,-0.0268
-11.6325,9.6202,2.4073,0.4687,-1.6712,0.2553
-9.8045,7.7135,1.8109,0.2972,-1.6648,0.462
-5.2531,3.1358,3.3225,0.2972,-1.6648,0.462
-3.1429,1.1976,3.8926,0.2684,-1.7457,0.5738
-3.1429,1.1976,3.8926,0.5603,-2.2316,0.5238
0.225,-1.2814,2.8458,0.5603,-2.2316,0.5238
1.6337,-1.8492,1.7773,0.7435,-2.5959,0.3832
1.6337,-1.8492,1.7773,1.0002,-3.3309,-0.0247
2.8936,-1.5834,-0.2971,0.9075,-3.5674,-0.2271
4.7022,1.3389,-4.1991,0.9075,-3.5674,-0.2271
4.7022,1.3389,-4.1991,0.2386,-3.1562,-0.4838
7.3876,3.3895,-3.1358,0.2386,-3.1562,-0.4838
9.8359,3.0062,-0.9726,-0.097,-2.4297,-0.5765
11.5726,1.8707,1.7582,-0.2408,-1.5721,-0.7034
10.1663,0.4384,4.6136,-0.1577,-0.7987,-0.8099
6.4607,0.5461,4.8509,0.1235,-0.0147,-0.7588
6.4607,0.5461,4.8509,0.4729,1.9559,0.0391
4.3694,3.4757,0.8744,0.4729,1.9559,0.0391
3.2363,3.8567,0.4791,0.2758,2.6431,0.201
2.1368,3.5212,0.4695,-0.0256,3.0617,0.1499
0.987,2.8936,1.0947,-0.3442,3.2289,-0.0492
-0.2442,2.3858,3.1741,-0.717,3.2375,-0.3379
-2.1847,2.4959,6.8773,-1.1005,3.2843,-0.683
-6.1468,2.9798,14.4448,-1.42,3.5794,-1.0315
-11.6804,4.5633,17.3839,-1.5191,4.4699,-1.2073
-15.5204,11.4263,10.2573,-1.2453,5.9613,-0.9889
-15.5204,11.4263,10.2573,-1.2826,6.937,-0.4093
-22.9535,18.1504,7.05,-1.5638,6.2563,0.136
-40.886,14.4927,8.1591,-1.5638,6.2563,0.136
-32.7891,9.4047,9.7231,-1.7812,4.8641,0.9914
-19.5112,5.1693,13.3117,-1.714,2.7443,1.3312
-19.5112,5.1693,13.3117,-0.7351,-1.2749,-0.8845
-16.8162,1.5762,14.2601,-0.3197,-2.8718,-1.3511
-19.4489,5.5599,10.7053,-0.3197,-2.8718,-1.3511
-19.4489,5.5599,10.7053,0.0564,-3.887,-0.9452
-18.1097,9.4813,6.1803,0.0564,-3.887,-0.9452
-15.137,9.5244,3.8783,0.0319,-3.56,-0.4029
-15.137,9.5244,3.8783,-0.4794,-2.1933,0.6623
-7.5336,6.7839,2.7739,-0.4794,-2.1933,0.6623
-4.9371,4.513,2.9607,-0.7255,-1.4933,0.9456
-3.7801,2.132,3.1405,-0.8693,-0.901,1.0511
-3.7801,2.132,3.1405,-0.8512,-0.2022,1.0564
-5.3226,-1.7079,1.9593,-0.8512,-0.2022,1.0564
-5.3226,-1.7079,1.9593,-0.701,-0.035,1.1714
-6.039,-2.6494,0.7041,-0.6318,-0.0978,1.2023
-6.2473,-3.0732,-0.2489,-0.5338,-0.2725,1.2023
-5.9145,-3.1717,-0.9271,-0.4177,-0.5782,1.197
-3.8567,-2.8122,-1.7582,-0.4177,-0.5782,1.197
-3.8567,-2.8122,-1.7582,-0.1876,-1.2642,1.1448
-0.7975,-2.3786,-1.3557,-0.1876,-1.2642,1.1448
-0.7975,-2.3786,-1.3557,0.0639,-1.5455,0.9552
2.3092,-1.7558,-0.7616,0.0639,-1.5455,0.9552
3.3225,-1.6289,-0.3666,0.1704,-1.4656,0.7805
3.3225,-1.6289,-0.3666,0.344,-0.7945,0.3469
3.368,-1.9497,0.4312,0.344,-0.7945,0.3469
3.368,-1.9497,0.4312,0.4718,0.3292,0.0647
2.3786,-1.9764,0.9008,0.5464,0.8757,0.0039
1.5667,-1.2647,0.908,0.6007,1.3476,-0.0982
0.4408,0.6084,0.7688,0.6007,1.3476,-0.0982
0.4408,0.6084,0.7688,0.4623,2.0027,-0.5627
-2.5465,1.4446,0.5366,0.4623,2.0027,-0.5627
-5.4378,1.8252,3.0205,0.1725,2.2349,-0.9133
-5.4378,1.8252,3.0205,-0.2302,3.1203,-1.5098
-11.8264,6.5014,11.0025,-0.2302,3.1203,-1.5098
-11.8264,6.5014,11.0025,0.5944,4.3038,-1.725
-22.8361,17.0485,7.7326,0.5944,4.3038,-1.725
-32.2959,17.7625,2.2469,0.9299,4.3016,-1.4256
-36.3682,14.8808,0.975,0.5698,3.7168,-0.3933
-36.3682,14.8808,0.975,-0.3218,0.8469,1.6114
-23.224,7.9673,9.6465,-0.3218,0.8469,1.6114
-23.224,7.9673,9.6465,0.2758,-1.62,0.8689
-16.1695,4.7453,8.9662,0.2758,-1.62,0.8689
-16.1695,4.7453,8.9662,0.7627,-2.4979,0.2511
-14.8808,7.2822,5.5982,0.7627,-2.4979,0.2511
-14.8808,7.2822,5.5982,0.85,-2.353,0.3246
-13.9393,8.2189,2.9942,0.85,-2.353,0.3246
-13.9393,8.2189,2.9942,0.573,-1.9311,0.7496
-10.4827,6.4484,1.502,0.573,-1.9311,0.7496
-8.3315,4.9323,1.6528,0.3856,-1.8075,0.9211
-6.2258,3.2172,2.1727,0.2407,-1.7585,1.0159
-6.2258,3.2172,2.1727,0.2364,-1.9023,0.9882
-2.6973,-0.1221,2.7739,0.2364,-1.9023,0.9882
-1.3174,-1.4805,2.7667,0.3536,-2.1155,0.887
-0.1532,-2.4097,2.2062,0.507,-2.368,0.7251
-0.1532,-2.4097,2.2062,0.7659,-2.8835,0.2862
1.6217,-1.9066,-1.0995,0.7659,-2.8835,0.2862
1.6217,-1.9066,-1.0995,0.5379,-3.2638,-0.0748
2.472,-0.4456,-3.1908,0.2077,-3.1456,-0.2047
5.6509,2.6183,-3.6002,0.2077,-3.1456,-0.2047
7.9146,3.4255,-1.8851,-0.129,-2.7088,-0.3741
7.9146,3.4255,-1.8851,-0.3687,-1.5455,-0.8099
10.2908,3.5715,0.8768,-0.2302,-0.917,-0.942
11.3712,3.131,3.5667,-0.064,0.048,-0.7971
5.5312,3.5595,3.9716,-0.064,0.048,-0.7971
4.6974,4.7285,2.0171,-0.0363,1.3231,-0.3869
3.7466,5.1406,1.514,-0.2163,2.3702,-0.1344
2.4384,4.8102,2.1368,-0.488,3.018,-0.1653
0.5437,4.0698,4.0554,-0.7319,3.345,-0.4135
-2.4672,3.4135,7.8332,-0.9343,3.5347,-0.7684
-7.2032,3.2459,12.4803,-1.0781,3.9128,-1.0656
-7.2032,3.2459,12.4803,-0.8832,6.0198,-0.7151
-12.5545,5.1981,11.6995,-0.8927,6.6398,-0.1802
-23.871,15.8508,7.3181,-0.8927,6.6398,-0.1802
-30.9687,17.269,8.0104,-1.076,6.5088,0.2969
-30.9687,17.269,8.0104,-1.4062,4.0119,1.2439
-27.5862,10.1376,10.6838,-1.4062,4.0119,1.2439
-19.0392,6.0701,13.2064,-1.3125,1.9324,1.2886
-19.0392,6.0701,13.2064,-0.521,-1.7042,-0.1259
-18.5481,3.7992,14.1308,-0.13,-2.8004,-0.2452
-19.2811,5.3348,12.6192,0.1299,-3.3895,-0.0332
-18.1743,9.2176,9.2778,0.1299,-3.3895,-0.0332
-18.1743,9.2176,9.2778,0.441,-3.4652,1.0117
-13.0864,9.2176,4.3143,0.441,-3.4652,1.0117
-9.9652,8.5685,1.9473,0.4729,-3.1435,1.6252
-7.0524,7.7326,0.0861,0.4346,-2.7206,2.1685
-4.6758,6.6834,-0.9582,0.328,-2.3307,2.6255
-3.0998,5.2986,-0.9415,0.1544,-2.027,3.009
-3.0998,5.2986,-0.9415,-0.1567,-1.3356,3.6119
-2.1894,1.8204,-0.0287,-0.1567,-1.3356,3.6119
-2.1894,1.8204,-0.0287,-0.2323,-0.1692,4.0669
-2.7715,-0.8191,-0.2442,-0.2323,-0.1692,4.0669
-2.8266,-1.6074,-0.4911,-0.1982,0.3527,4.2735
-2.8266,-1.6074,-0.4911,-0.0544,0.8406,4.6006
-2.3283,-2.7524,-1.2958,-0.0544,0.8406,4.6006
-1.842,-3.131,-1.5547,0.017,0.8331,4.6634
-1.842,-3.131,-1.5547,0.1161,0.5476,4.4823
-1.315,-3.5452,-1.4661,0.2183,0.3228,4.2597
-0.6778,-3.9501,-1.1641,0.3888,0.0896,3.9635
-0.055,-4.3335,-0.6826,0.6338,-0.1127,3.597
1.1426,-4.4029,0.7137,0.6338,-0.1127,3.597
1.6313,-3.6891,0.7712,0.9437,-0.2342,3.1474
1.684,-2.4744,0.0502,1.2591,-0.2597,2.6042
1.684,-2.4744,0.0502,1.4167,-0.0531,1.2758
1.2551,-0.8262,-0.5868,1.2047,0.2536,0.5334
-0.908,2.841,-1.2623,1.2047,0.2536,0.5334
-2.4361,4.501,-0.9726,0.8692,0.6371,-0.2037
-2.4361,4.501,-0.9726,0.0756,1.2475,-1.5279
-6.1779,8.1109,3.4877,0.0756,1.2475,-1.5279
-6.1779,8.1109,3.4877,-0.4347,1.7151,-2.6581
-8.2549,17.7075,14.7943,-0.4347,1.7151,-2.6581
-11.2371,27.2918,17.0269,-0.0256,1.6086,-3.2056
-11.2371,27.2918,17.0269,1.5254,0.3644,-3.6616
-23.6457,37.1346,12.641,1.275,-0.4611,-1.807
-38.7779,37.4797,5.2052,0.7019,-1.2152,0.6452
-31.5292,29.2391,6.0247,0.4857,-2.3882,1.3621
-5.5455,17.0868,12.0706,0.4857,-2.3882,1.3621
-5.5455,17.0868,12.0706,0.719,-3.8273,0.0945
-4.4627,15.0723,10.2142,0.6636,-3.7379,-0.2101
-5.2771,16.584,6.3431,0.6636,-3.7379,-0.2101
-5.3106,17.7362,4.5418,0.5571,-3.4279,-0.1749
-5.3106,17.7362,4.5418,0.262,-3.1605,0.625
-4.8892,17.4965,3.0205,0.0916,-2.9453,1.213
-2.6039,12.5905,1.7989,0.0916,-2.9453,1.213
-2.6039,12.5905,1.7989,-0.2291,-1.6179,2.03
0.8358,6.9012,2.2828,-0.2291,-1.6179,2.03
1.7726,4.0315,1.8252,-0.2909,-1.0576,2.1621
2.1871,1.3557,0.9558,-0.2568,-0.738,2.1792
2.1871,1.3557,0.9558,-0.129,-0.6805,2.0481
2.1655,-0.7736,0.2537,-0.1034,-0.7742,1.9661
2.0386,-2.3283,-0.4121,-0.1386,-0.9159,1.8617
2.3546,-3.3417,-1.423,-0.2078,-1.0906,1.7179
4.3981,-5.1574,-1.9788,-0.2078,-1.0906,1.7179
4.3981,-5.1574,-1.9788,-0.2248,-1.1662,1.3589
7.2224,-6.4077,-0.5174,-0.2248,-1.1662,1.3589
7.826,-6.1348,0.9247,-0.1215,-1.0075,1.197
7.826,-6.1348,0.9247,0.3643,-0.3215,1.1555
6.5948,-2.8984,1.9258,0.3643,-0.3215,1.1555
6.5948,-2.8984,1.9258,0.8095,0.456,1.3461
5.7395,-0.4982,1.303,0.9118,0.7266,1.3238
3.7538,3.1812,0.2059,0.9118,0.7266,1.3238
3.7538,3.1812,0.2059,0.8394,0.7873,1.1491
2.1464,3.8783,-0.0574,0.6423,0.7117,1.1278
-0.1292,3.4853,0.7784,0.6423,0.7117,1.1278
0.225,2.8721,2.6279,0.376,0.6307,1.1214
1.3748,2.9631,6.4679,0.1214,0.5284,1.0511
1.3748,2.9631,6.4679,0.2386,0.2973,0.6772
3.2172,5.3803,12.6434,0.8979,0.227,0.3874
4.8724,12.2337,17.4606,1.6947,0.2195,0.1105
3.3512,25.0424,15.5659,1.5871,0.4177,0.3491
-8.3482,40.4237,1.6672,1.5871,0.4177,0.3491
-1.9066,28.8797,11.7881,0.1278,0.4592,1.3621
3.5811,18.2943,19.7339,-0.9023,-0.1191,1.9586
7.4594,14.4304,18.0666,-1.0003,-0.5591,1.7637
7.4594,14.4304,18.0666,-0.9918,0.897,0.8242
10.3148,16.4855,14.4855,-1.0259,1.4957,0.543
11.3353,20.4931,11.285,-1.1047,1.7716,0.3501
6.602,21.0611,7.2415,-1.1047,1.7716,0.3501
6.602,21.0611,7.2415,-1.3391,3.05,0.1467
0.9726,14.9742,6.3072,-1.3391,3.05,0.1467
-0.8744,12.0563,5.4593,-1.2592,3.3482,0.1925
-0.8744,12.0563,5.4593,-0.8789,3.0947,0.5067
-3.4135,7.7685,2.9391,-0.8789,3.0947,0.5067
-4.1392,6.3886,1.4206,-0.6925,2.9807,0.7038
-4.4244,5.2483,0.1675,-0.5476,2.8998,0.9115
-4.4244,5.2483,0.1675,-0.4006,2.6484,1.2652
-4.6998,3.2531,-0.606,-0.4006,2.6484,1.2652
-5.0664,2.2325,-0.5773,-0.3601,2.4938,1.3706
-5.0664,2.2325,-0.5773,-0.2398,2.2232,1.4729
-5.5024,1.1761,-0.6658,-0.1535,2.0453,1.4995
-6.1587,-0.5749,-1.4565,-0.1535,2.0453,1.4995
-6.1587,-0.5749,-1.4565,-0.0139,1.5319,1.5326
-5.8544,-1.8516,-2.2397,-0.0139,1.5319,1.5326
-5.8544,-1.8516,-2.2397,0.0649,0.8374,1.5283
-5.2076,-2.5992,-2.2637,0.1107,0.4603,1.4612
-4.1847,-3.3225,-1.9473,0.181,0.1013,1.3003
-3.0588,-3.8232,-1.4398,0.2758,-0.2182,1.0351
-2.0554,-4.0339,-0.9917,0.3845,-0.5111,0.691
-1.3437,-3.8998,-0.6443,0.5113,-0.8009,0.3054
-1.0324,-2.7165,-0.3402,0.5113,-0.8009,0.3054
-1.2168,-1.9473,-0.2011,0.6487,-1.1023,-0.0886
-1.315,-1.0061,-0.4049,0.7669,-1.3921,-0.4636
-1.315,-1.0061,-0.4049,0.7946,-2.0046,-1.1945
-1.2072,0.2777,-0.5413,0.6625,-2.2593,-1.6152
-1.0037,1.933,-0.1364,0.4505,-2.4457,-2.0989
-0.2322,7.8499,3.3824,0.4505,-2.4457,-2.0989
0.5366,13.7403,6.8414,0.1416,-2.5459,-2.6506
0.5366,13.7403,6.8414,-0.1428,-2.8622,-3.9609
3.4326,23.1953,10.4922,0.0181,-3.2361,-5.0293
6.5852,35.743,13.3548,0.0607,-3.0827,-5.7091
0.8358,43.8492,13.8507,0.0553,-1.685,-4.3369
-14.5573,29.8164,16.8521,0.0553,-1.685,-4.3369
-4.3837,25.4542,15.386,0.376,-0.3886,-1.774
-1.0396,21.9976,12.8038,0.9001,-1.2099,-0.4039
-2.5465,19.583,7.2104,1.3613,-2.2838,-0.1185
-1.8468,18.8621,3.5978,1.3059,-2.1389,-0.0982
-1.8468,18.8621,3.5978,0.5411,-1.7234,0.1201
-0.0885,18.1336,3.0564,0.3515,-2.1432,0.2628
1.0396,13.3787,5.7897,0.3515,-2.1432,0.2628
1.0492,11.2419,5.2292,0.3089,-2.1166,0.3501
1.0492,11.2419,5.2292,0.213,-1.0682,0.3757
2.4049,7.6057,2.4696,0.213,-1.0682,0.3757
2.9942,5.9361,1.1474,0.1448,-0.7785,0.2639
2.9942,5.9361,1.1474,-0.0438,-0.9905,-0.1568
2.6015,2.4337,1.0851,-0.0438,-0.9905,-0.1568
2.58,0.5126,0.6682,-0.1237,-1.0778,-0.3592
2.58,0.5126,0.6682,-0.2493,-1.1077,-0.6596
3.9812,-3.0756,-0.5509,-0.2493,-1.1077,-0.6596
3.9812,-3.0756,-0.5509,-0.3122,-1.2025,-0.8419
5.4761,-5.5,-0.8529,-0.3122,-1.2025,-0.8419
5.4761,-5.5,-0.8529,-0.243,-0.7966,-0.8941
5.9744,-6.142,-0.5509,-0.129,-0.428,-0.827
5.6317,-5.2771,-0.0119,-0.129,-0.428,-0.827
4.9275,-3.5859,0.0407,0.0095,-0.0659,-0.6607
4.9275,-3.5859,0.0407,0.3302,0.2898,-0.1312
3.3824,0.134,0.5509,0.3302,0.2898,-0.1312
2.8889,1.605,0.5413,0.4963,0.277,0.1392
2.8889,1.605,0.5413,0.7264,-0.0211,0.5504
2.1248,3.1789,-0.3761,0.7264,-0.0211,0.5504
2.1248,3.1789,-0.3761,0.7105,-0.5463,0.7997
2.1823,3.2938,-0.5725,0.6284,-0.7828,0.8604
2.6806,3.0998,0.6132,0.6423,-0.9979,0.8657
5.5048,5.8568,9.244,0.6423,-0.9979,0.8657
7.5049,12.102,13.8818,0.9352,-1.3164,0.7965
7.6967,23.986,14.2841,1.6074,-1.6499,0.6591
7.6967,23.986,14.2841,1.9536,-0.3918,0.7581
3.5667,36.5094,7.3014,0.6157,0.4901,1.6114
7.0332,27.5288,11.0432,0.6157,0.4901,1.6114
11.8168,20.6634,17.2595,-0.3612,0.6605,2.1238
11.8168,20.6634,17.2595,-0.5146,0.6786,1.3057
13.2088,18.8525,17.3169,-0.5679,1.7641,0.9211
12.3032,21.6672,13.2231,-0.7724,2.5332,0.8082
8.2836,25.1454,5.658,-0.7724,2.5332,0.8082
8.2836,25.1454,5.658,-1.3284,3.181,0.9541
3.725,18.8453,5.9983,-1.3284,3.181,0.9541
2.3977,16.4065,5.3273,-1.3327,3.5815,1.0489
1.0755,14.3032,4.2951,-1.1676,3.7115,1.1288
-0.2705,12.3917,3.1884,-0.9471,3.5922,1.2268
-0.2705,12.3917,3.1884,-0.6573,3.4739,1.4793
-2.5055,9.4166,0.9989,-0.6573,3.4739,1.4793
-2.5055,9.4166,0.9989,-0.5955,3.5773,1.7318
-3.3345,8.0822,0.4049,-0.5529,3.5197,1.8425
-4.6208,5.222,0.158,-0.5529,3.5197,1.8425
-4.6208,5.222,0.158,-0.3932,3.2257,1.9831
-4.9586,2.3116,-0.079,-0.3932,3.2257,1.9831
-4.9562,1.0492,-0.5102,-0.3122,3.0585,1.9757
-4.9682,-0.1101,-1.0899,-0.244,2.8636,1.9107
-4.9682,-0.1101,-1.0899,-0.1758,2.3851,1.7286
-4.5705,-2.3977,-2.2278,-0.1758,2.3851,1.7286
-3.9405,-3.4781,-2.3523,-0.1929,2.1582,1.6338
-3.1142,-4.3239,-2.1057,-0.2355,1.9718,1.5144
-3.1142,-4.3239,-2.1057,-0.2685,1.7439,1.0905
-2.2134,-4.7767,-1.0253,-0.2685,1.7439,1.0905
-2.3762,-4.2161,-0.8071,-0.2131,1.6576,0.8029
-2.6997,-3.3273,-0.9678,-0.1002,1.5202,0.5025
-3.1501,-2.4145,-1.5427,0.049,1.2773,0.2117
-3.1501,-2.4145,-1.5427,0.3153,0.3495,-0.3347
-4.4819,-1.236,-2.4815,0.3153,0.3495,-0.3347
-4.9371,-0.7041,-2.4504,0.3792,-0.3109,-0.5616
-5.2124,-0.1101,-1.9162,0.4101,-0.9585,-0.7577
-5.2124,-0.1101,-1.9162,0.5688,-2.1027,-1.1274
-4.8533,2.6255,1.8276,0.5688,-2.1027,-1.1274
-3.265,7.1553,4.4125,0.7477,-2.6865,-1.3649
-3.265,7.1553,4.4125,1.2463,-4.3972,-2.3556
-0.4623,15.398,7.4235,1.5765,-5.4966,-3.3707
8.5948,40.1794,5.9576,1.5765,-5.4966,-3.3707
6.2162,45.5451,4.6639,1.4178,-6.206,-4.7555
-6.0773,37.0436,15.9944,0.5336,-5.7767,-5.4886
-6.0773,37.0436,15.9944,0.3408,-1.1226,-2.4301
3.1166,24.2565,17.7506,0.3408,-1.1226,-2.4301
3.1166,24.2565,17.7506,1.6617,-1.5252,-1.0975
7.0859,23.3488,13.4961,1.5818,-1.0235,-1.4895
4.4532,22.6659,7.1793,1.1089,-0.3716,-1.5907
0.3929,21.988,-0.0095,1.1089,-0.3716,-1.5907
0.3929,21.988,-0.0095,0.2556,-0.9809,-1.0081
-0.2418,19.0728,1.6816,0.1299,-1.0864,-0.5424
-1.8468,12.4253,5.3178,0.1299,-1.0864,-0.5424
-1.8468,12.4253,5.3178,0.1342,-0.1372,0.2543
0.5198,8.5517,3.8208,0.1342,-0.1372,0.2543
1.7151,6.5613,2.6494,0.1523,0.0288,0.4354
1.7151,6.5613,2.6494,0.0404,-0.2746,0.2149
2.0817,4.6327,1.4398,-0.1343,-0.427,-0.0769
1.7917,2.8386,0.5437,-0.3378,-0.5133,-0.3507
1.2623,-0.357,-0.7377,-0.3378,-0.5133,-0.3507
1.4302,-1.6145,-1.2767,-0.5157,-0.5761,-0.5318
1.4302,-1.6145,-1.2767,-0.7426,-0.7774,-0.5797
1.8827,-2.6423,-1.7271,-0.831,-0.9191,-0.5232
3.7083,-4.077,-2.3355,-0.831,-0.9191,-0.5232
4.8341,-4.5848,-1.7965,-0.9279,-1.0011,-0.4913
5.6006,-4.8772,-0.752,-0.9897,-0.9777,-0.5073
5.6006,-4.8772,-0.752,-0.8001,-0.8051,-0.5115
5.948,-4.6471,0.6323,-0.5391,-0.7125,-0.4018
5.7586,-3.7083,1.7295,-0.243,-0.5889,-0.1973
4.3311,-0.2947,1.9258,-0.243,-0.5889,-0.1973
4.3311,-0.2947,1.9258,0.1501,-0.2661,0.2532
3.0684,1.8899,1.0277,0.1501,-0.2661,0.2532
2.6159,1.9859,0.6108,0.23,-0.1511,0.43
2.6159,1.9859,0.6108,0.2268,-0.2129,0.7017
2.817,1.66,0.7161,0.213,-0.3876,0.7102
5.4138,2.3427,4.7668,0.213,-0.3876,0.7102
5.4138,2.3427,4.7668,0.6838,-1.0821,0.3438
9.3281,13.2255,15.3812,0.6838,-1.0821,0.3438
9.6106,28.4009,15.0915,1.5307,-1.4358,0.0157
9.6106,28.4009,15.0915,2.2369,-0.7284,-0.0663
-0.7999,45.6529,5.1262,0.4037,0.1386,1.6103
0.6275,26.8916,16.452,0.4037,0.1386,1.6103
0.6275,26.8916,16.452,-0.6328,0.1141,2.8716
12.5402,16.9695,21.303,-0.6328,0.1141,2.8716
12.5402,16.9695,21.303,-0.6318,1.9686,1.9171
14.0925,21.4251,14.1931,-0.9396,2.4214,1.4196
14.0063,26.3454,7.5145,-1.2975,2.2967,1.018
6.1707,21.7534,5.301,-1.2975,2.2967,1.018
6.1707,21.7534,5.301,-1.5681,3.3131,0.8615
2.2685,14.2434,5.433,-1.5681,3.3131,0.8615
2.2685,14.2434,5.433,-1.2432,4.0769,0.9946
-0.4168,8.5422,2.7548,-1.2432,4.0769,0.9946
-2.0003,6.6044,1.2216,-1.0525,4.1003,1.0777
-2.0003,6.6044,1.2216,-0.8033,4.0833,1.1959
-4.6782,4.1153,-1.8468,-0.8033,4.0833,1.1959
-5.5335,3.1884,-2.7787,-0.7681,3.9831,1.2364
-6.0654,2.2972,-3.2674,-0.7596,3.7509,1.2716
-6.4293,1.3102,-3.289,-0.7702,3.41,1.3067
-6.4293,1.3102,-3.289,-0.7457,2.7112,1.3983
-6.0175,-0.6706,-3.1381,-0.7457,2.7112,1.3983
-5.3731,-1.5307,-3.119,-0.7127,2.4331,1.4228
-4.513,-2.2565,-3.0903,-0.6765,2.1582,1.4047
-4.513,-2.2565,-3.0903,-0.5444,1.5042,1.2119
-3.6532,-2.9463,-2.9655,-0.4454,1.2294,1.0394
-2.3379,-3.9836,-1.7486,-0.4454,1.2294,1.0394
-2.1966,-4.1656,-0.9726,-0.3037,1.0568,0.8157
-2.4217,-3.8711,-0.3306,-0.1013,0.9343,0.5611
-2.7093,-3.1573,0.0047,0.1597,0.7596,0.3054
-2.9248,-2.2589,0.0215,0.4559,0.4922,0.0604
-3.2148,-1.5164,-0.1484,0.7371,0.1748,-0.1824
-3.6409,-1.0301,-0.3785,0.9651,-0.1713,-0.4274
-3.9022,-0.6634,-0.8984,1.1312,-0.5559,-0.6639
-3.9022,-0.6634,-0.8984,1.2133,-1.4464,-1.1806
-3.919,0.4695,-1.7031,1.2133,-1.4464,-1.1806
-3.919,0.4695,-1.7031,0.8639,-2.2977,-1.921
-3.8998,1.3796,-0.0167,0.6785,-2.6577,-2.3705
-2.0362,7.9936,7.3516,0.6785,-2.6577,-2.3705
-2.0362,7.9936,7.3516,0.9065,-3.4449,-3.62
6.3335,31.4502,11.7857,0.9065,-3.4449,-3.62
5.2795,45.6529,7.536,1.2729,-4.0233,-4.9462
5.2795,45.6529,7.536,0.327,-3.5152,-6.0435
-14.2242,46.5561,10.1137,0.2354,-1.0842,-2.9628
-8.2285,27.694,17.8248,0.2354,-1.0842,-2.9628
-8.2285,27.694,17.8248,1.519,-2.4084,-0.1813
-0.1005,20.9076,10.3387,1.519,-2.4084,-0.1813
-0.1005,20.9076,10.3387,1.4306,-2.3126,-0.3102
-0.0071,20.74,1.3676,1.4306,-2.3126,-0.3102
2.108,19.7698,1.3868,0.8766,-1.7681,-0.1611
2.4289,16.8258,3.816,0.4271,-1.9449,0.0082
1.6816,13.4434,5.5192,0.2162,-2.1784,0.1776
1.6816,13.4434,5.5192,0.1704,-0.9915,0.5312
1.145,10.4851,5.0712,0.1086,-0.1585,0.6857
1.6983,5.4114,2.0673,0.1086,-0.1585,0.6857
1.9883,3.0517,0.9463,0.0351,0.2579,0.7603
1.9883,3.0517,0.9463,-0.1215,-0.0009,0.5653
1.6912,0.7975,0.5078,-0.2121,-0.199,0.3501
1.2503,-1.2216,-0.0191,-0.3239,-0.3439,0.1115
1.3126,-2.8051,-0.6754,-0.4155,-0.5335,-0.1206
1.9425,-3.8854,-1.0779,-0.439,-0.8009,-0.3177
2.975,-4.3574,-1.3078,-0.3878,-1.0906,-0.4604
4.0147,-4.3119,-1.2599,-0.2856,-1.2845,-0.5179
5.0855,-3.0732,-0.1436,-0.2856,-1.2845,-0.5179
5.0855,-3.0732,-0.1436,-0.0129,-1.1141,-0.3113
5.2124,-2.1799,0.7018,0.1384,-0.8328,-0.0876
5.064,-0.2513,1.37,0.1384,-0.8328,-0.0876
5.064,-0.2513,1.37,0.4271,-0.6741,0.2681
4.9682,1.37,0.8672,0.4271,-0.6741,0.2681
4.3287,1.763,0.9175,0.5368,-0.8083,0.3129
4.3287,1.763,0.9175,0.6284,-0.8754,0.3949
3.4302,1.7582,1.1785,0.6146,-0.7828,0.5302
2.7787,1.5619,1.4996,0.5592,-0.6624,0.69
3.5045,1.6385,2.7117,0.5592,-0.6624,0.69
4.6615,2.5848,5.222,0.4399,-0.5282,0.7869
6.3335,5.052,10.2717,0.2918,-0.3801,0.7826
6.3335,5.052,10.2717,0.6955,-0.1085,0.4631
8.1471,23.66,17.5468,0.6955,-0.1085,0.4631
8.1471,23.66,17.5468,1.4039,1.109,0.2394
-3.2004,45.7801,0.5294,1.4039,1.109,0.2394
-3.2004,45.7801,0.5294,-0.9545,0.8288,1.7467
0.1244,33.0887,10.2405,-0.9535,0.4326,1.7147
5.6317,22.4288,18.8693,-0.6616,0.3154,1.3238
7.8763,17.082,12.43,-0.6616,0.3154,1.3238
8.1061,19.0297,9.4621,-0.7042,0.7575,1.0095
7.68,19.9999,7.1242,-0.864,1.1804,0.8817
7.68,19.9999,7.1242,-1.142,1.8632,0.9307
6.2856,19.0392,5.6293,-1.2517,2.415,1.017
4.5394,17.0197,4.8916,-1.273,2.9243,1.1171
2.1392,12.5234,3.9621,-1.273,2.9243,1.1171
0.9103,10.2908,3.1884,-1.1825,3.2417,1.2023
-0.4097,8.3913,2.1033,-1.0302,3.409,1.2822
-0.4097,8.3913,2.1033,-0.8267,3.6604,1.4782
-2.8434,5.7849,-0.1651,-0.8267,3.6604,1.4782
-2.8434,5.7849,-0.1651,-0.7575,3.5645,1.6849
-4.8748,3.5643,-0.9343,-0.7575,3.5645,1.6849
-5.6126,2.4432,-0.9151,-0.7149,3.3514,1.7669
-5.6126,2.4432,-0.9151,-0.6041,2.8305,1.8788
-6.4631,0.5677,-1.145,-0.6041,2.8305,1.8788
-6.657,-0.0742,-1.6217,-0.5316,2.5481,1.9096
-6.5804,-0.5389,-2.2756,-0.4571,2.219,1.9469
-6.1946,-0.896,-2.7835,-0.3921,1.8333,1.9863
-6.1946,-0.896,-2.7835,-0.3324,1.0089,1.9831
-4.815,-1.9282,-2.053,-0.3324,1.0089,1.9831
-4.815,-1.9282,-2.053,-0.1631,0.4603,1.7925
-3.7442,-2.683,-1.0013,0.0085,0.3037,1.5997
-2.5728,-3.5332,0.0766,0.2439,0.146,1.3302
-0.908,-4.5944,0.5533,0.2439,0.146,1.3302
-1.1665,-4.4292,-0.4097,0.5102,-0.0552,0.9712
-2.4073,-3.8112,-1.5379,0.7339,-0.3183,0.5344
-2.4073,-3.8112,-1.5379,0.9565,-1.2248,-0.3709
-3.9525,-2.8984,-2.1799,1.0034,-1.8203,-0.7769
-4.762,-1.818,-2.4935,0.948,-2.3392,-1.1828
-3.6748,2.2685,-0.079,0.948,-2.3392,-1.1828
-1.7917,6.5253,3.974,0.7967,-2.7078,-1.611
1.3174,14.1284,8.8034,0.686,-3.0497,-2.1127
1.3174,14.1284,8.8034,1.1834,-4.3365,-3.849
7.656,26.1395,9.8431,0.9906,-4.8468,-5.4513
9.3305,44.5318,5.313,0.9906,-4.8468,-5.4513
-7.8452,38.2365,15.664,0.0809,-4.3823,-6.6465
-16.9599,29.6632,24.3523,-0.6445,-2.4255,-6.0819
-7.5121,27.4067,17.4079,-0.1311,0.0139,-3.7052
-7.5121,27.4067,17.4079,1.4039,-0.9117,-0.9548
-1.5403,24.1464,7.3756,1.4039,-0.9117,-0.9548
-1.9955,22.3666,2.4001,1.486,-1.1631,-1.0443
-1.4086,20.6658,0.4911,1.0023,-1.3175,-1.2222
-1.4086,20.6658,0.4911,0.0479,-2.8143,-1.2573
-1.1234,17.8822,2.2301,-0.096,-3.0955,-1.0826
-0.7425,14.5357,4.0626,-0.096,-2.972,-0.8749
0.582,11.8192,4.5346,-0.0533,-2.7227,-0.7023
2.3906,9.6034,3.907,-0.0427,-2.3637,-0.617
3.883,7.4737,2.659,-0.129,-1.8757,-0.6117
4.9275,3.7562,-1.0732,-0.129,-1.8757,-0.6117
4.9275,3.7562,-1.0732,-0.5284,-1.0075,-0.7236
4.6184,0.2322,-1.5044,-0.5284,-1.0075,-0.7236
4.6184,0.2322,-1.5044,-0.7841,-0.3726,-0.8664
3.6146,-2.5489,-0.7951,-0.7841,-0.3726,-0.8664
3.6146,-2.5489,-0.7951,-0.6893,-0.2129,-0.8504
3.3297,-3.8232,-1.054,-0.6893,-0.2129,-0.8504
3.3153,-3.998,-1.3748,-0.5924,-0.2928,-0.8216
3.3153,-3.998,-1.3748,-0.3825,-0.6496,-0.7077
3.3512,-4.065,-1.212,-0.2206,-0.8754,-0.5403
3.3895,-3.9261,-0.6132,-0.0267,-1.08,-0.2793
3.5954,-3.3967,-0.0574,0.1608,-1.2387,0.0295
4.8078,-1.5451,0.134,0.1608,-1.2387,0.0295
5.4019,-0.6419,0.2418,0.3217,-1.3484,0.3161
5.7442,0.1508,0.424,0.4537,-1.3729,0.5387
5.7442,0.1508,0.424,0.6071,-1.1013,0.8519
6.4101,1.145,0.527,0.6071,-1.1013,0.8519
6.4101,1.145,0.527,0.6114,-0.7742,1.0287
6.918,1.394,1.3724,0.6263,-0.673,1.0138
9.6082,3.8711,8.4416,0.6263,-0.673,1.0138
9.6082,3.8711,8.4416,1.421,-0.6581,0.6718
11.666,9.0524,15.3477,2.4734,-0.2182,0.5099
4.1584,41.4825,13.9561,2.4734,-0.2182,0.5099
-8.7412,51.5818,1.9545,3.0231,0.799,0.8093
-8.7412,51.5818,1.9545,-0.1205,0.7053,3.3616
-3.0708,35.8603,10.4013,-0.7053,0.1748,3.1176
13.3764,20.3351,21.133,-0.7053,0.1748,3.1176
14.3227,23.6864,14.1141,-0.7873,0.2557,2.1919
14.3227,23.6864,14.1141,-1.469,1.8323,1.3397
11.8719,25.7346,5.0329,-1.469,1.8323,1.3397
11.8719,25.7346,5.0329,-1.991,2.4405,1.3078
