andar
0.9463,-7.9936,-1.3628,2.4135,1.9792,-0.2644
0.0502,-7.287,-1.1833,2.1973,1.8758,-0.2889
-0.7832,-6.6427,-0.8864,1.9597,1.7043,-0.2889
-1.6337,-6.1252,-0.5892,1.7264,1.5243,-0.3059
-1.6337,-6.1252,-0.5892,1.3355,1.4444,-0.3858
-2.108,-5.6628,-0.3737,1.1714,1.4881,-0.4327
-2.3834,-5.4737,-0.3737,0.9957,1.5222,-0.4689
-2.2709,-5.3154,-0.4432,0.8029,1.5243,-0.4966
-1.9617,-4.9084,-0.7736,0.8029,1.5243,-0.4966
-1.7127,-4.762,-1.0803,0.6111,1.4604,-0.5254
-1.4086,-4.4771,-1.3581,0.4247,1.3421,-0.5786
-1.1306,-4.0698,-1.382,0.2244,1.1536,-0.6607
-1.1306,-4.0698,-1.382,-0.2314,0.7062,-0.8886
-1.0708,-3.6122,-1.0636,-0.4838,0.5177,-0.9898
-1.0971,-3.3057,-0.6587,-0.7491,0.3206,-1.0591
-1.2312,-3.3249,-0.213,-1.0133,0.099,-1.1081
-1.3437,-3.5452,0.369,-1.2433,-0.1523,-1.1145
-1.5044,-4.1632,1.042,-1.4372,-0.3792,-1.1027
-1.7678,-6.3407,3.0469,-1.4372,-0.3792,-1.1027
-2.448,-7.6105,4.6208,-1.5832,-0.573,-1.0665
-3.2267,-9.0452,6.6929,-1.6419,-0.7467,-0.9706
-3.6604,-10.6287,8.626,-1.5682,-0.8276,-0.8449
-3.7873,-12.2625,10.4803,-1.3541,-0.6657,-0.7054
-3.7873,-12.2625,10.4803,-0.6095,0.5443,-0.3635
-3.7442,-13.9201,12.1787,-0.1749,1.3911,-0.1376
-3.2794,-15.1945,12.4205,0.1786,1.9994,0.0753
-2.4863,-15.5132,11.0839,0.4141,2.0239,0.135
-1.3892,-14.4448,8.734,0.5472,1.4455,0.0529
-1.0109,-12.3582,6.657,0.5834,0.7296,-0.0705
-1.1067,-9.9341,6.0007,0.544,0.311,-0.1451
-1.8707,-6.142,5.7083,0.544,0.311,-0.1451
-1.8707,-6.142,5.7083,0.413,0.2247,-0.1962
-4.2904,-7.3157,2.8505,0.413,0.2247,-0.1962
-5.5048,-9.8069,-0.3929,0.2926,0.3035,-0.2079
-5.5048,-9.8069,-0.3929,-0.5371,-0.1555,-0.1493
-6.1204,-13.1055,-3.1262,-0.7363,-0.4175,-0.0876
-5.1933,-17.0269,1.1139,-0.045,-0.9299,-0.0641
-5.4905,-26.4963,3.3824,-0.045,-0.9299,-0.0641
-4.065,-19.7075,2.1607,0.8306,-1.3901,0.0924
-4.065,-19.7075,2.1607,1.0564,1.1877,0.1957
1.0684,-7.1936,-4.0171,0.1946,0.4186,-0.2026
4.0459,1.7941,-11.2323,0.1946,0.4186,-0.2026
4.0459,1.7941,-11.2323,-1.2593,-1.6234,-0.5744
-1.593,-4.8389,2.3499,-1.2593,-1.6234,-0.5744
-1.593,-4.8389,2.3499,-1.2487,-1.4529,-0.3155
0.1604,-8.1447,-1.974,-1.6547,-2.0079,-0.3816
3.5763,-15.992,-2.3475,-1.6547,-2.0079,-0.3816
3.5763,-15.992,-2.3475,-1.9668,-2.6291,-0.6479
3.5116,-15.9106,1.0516,-1.9668,-2.6291,-0.6479
3.5116,-15.9106,1.0516,-1.6302,-1.6244,-1.0793
-2.58,-9.7854,0.9965,-1.6302,-1.6244,-1.0793
-3.1597,-7.4666,0.1819,-1.565,-1.5871,-0.9653
-3.1597,-7.4666,0.1819,-1.6696,-1.8215,-0.3805
-2.4169,-6.0821,-0.0287,-1.6696,-1.8215,-0.3805
-1.3964,-6.6522,0.043,-1.6717,-2.0569,-0.1046
-0.3666,-8.0391,0.2585,-1.6621,-2.2913,0.1137
0.9319,-9.419,0.3953,-1.6355,-2.5524,0.2436
2.4073,-9.7758,0.4887,-1.595,-2.6493,0.2841
2.4073,-9.7758,0.4887,-1.3946,-2.7452,0.1083
3.3225,-9.8742,-0.0071,-1.3946,-2.7452,0.1083
3.3225,-9.8742,-0.0071,-1.3552,-2.2721,-0.0141
2.5656,-9.1506,-0.0574,-1.3552,-2.2721,-0.0141
2.1559,-9.0021,0.2489,-1.3381,-1.895,-0.0183
1.9835,-8.8441,0.4264,-1.3254,-1.5019,0.0178
1.8133,-8.5278,0.5054,-1.3105,-1.2207,0.0647
1.5116,-8.1447,0.6563,-1.319,-0.9853,0.0988
1.121,-8.0247,0.9295,-1.3243,-0.8415,0.1414
0.8143,-8.1037,1.1737,-1.3222,-0.7829,0.1989
0.8143,-8.1037,1.1737,-1.3882,-0.6764,0.3086
0.4982,-8.2381,1.4254,-1.4553,-0.6487,0.3555
0.1292,-8.7244,0.8936,-1.4553,-0.6487,0.3555
0.1292,-8.7244,0.8936,-1.6206,-0.6402,0.4652
0.1173,-9.0261,-0.1005,-1.6206,-0.6402,0.4652
0.1173,-9.0261,-0.1005,-1.71,-0.5091,0.5951
0.134,-9.1673,0.0359,-1.6472,-0.4154,0.6537
0.6874,-9.5938,1.3964,-1.6472,-0.4154,0.6537
0.6874,-9.5938,1.3964,-1.3083,-0.3227,0.7571
1.6145,-9.9532,1.7223,-1.1017,-0.3866,0.7059
1.8204,-10.7221,1.2168,-1.1017,-0.3866,0.7059
1.1809,-11.1007,1.4254,-0.9472,-0.4921,0.593
1.1809,-11.1007,1.4254,-0.6585,-0.426,0.3651
1.0612,-11.4047,1.66,-0.6585,-0.426,0.3651
1.0612,-11.4047,1.66,-0.2825,-0.5304,0.2234
-0.5222,-11.9198,1.382,-0.2825,-0.5304,0.2234
-0.5222,-11.9198,1.382,-0.0205,-0.9917,0.135
-3.368,-11.4885,3.5667,-0.0205,-0.9917,0.135
-3.3417,-10.7269,4.1273,0.1808,-1.1973,0.1456
-1.9497,-10.4204,3.8974,0.4673,-1.3528,0.2287
-0.2035,-11.666,3.6194,0.8327,-1.3656,0.3448
1.6935,-14.1979,3.0951,1.214,-1.2164,0.4481
1.6935,-14.1979,3.0951,2.1152,-0.9651,0.4631
3.0951,-15.8196,2.3594,2.667,-0.6955,0.4183
4.0075,-16.5166,2.0027,3.1827,-0.034,0.2713
3.7657,-16.6798,1.3796,3.5247,0.6998,0.0327
-2.7979,-14.1428,-1.7726,3.5247,0.6998,0.0327
-5.6317,-12.8661,-3.3632,3.6291,0.9746,-0.1312
-5.5503,-13.4625,-3.5763,3.4917,0.7318,-0.1376
-5.052,-15.2639,-2.1607,3.2083,0.245,-0.0364
-3.8423,-16.7348,-0.7832,2.9482,-0.1981,0.1744
-3.8423,-16.7348,-0.7832,2.7704,-0.0724,0.4375
-2.1296,-17.0413,-0.067,2.7075,0.3866,0.348
-0.2489,-15.7909,0.5126,2.7075,0.3866,0.348
-0.3833,-14.9574,1.0348,2.6138,0.9001,0.1701
-1.0301,-14.1332,1.4781,2.5317,1.4913,-0.0098
-1.1569,-13.2519,1.0995,2.5467,1.9547,-0.1153
-1.1569,-13.2519,1.0995,2.7203,2.0963,-0.1611
0.2011,-10.4994,-1.042,2.7203,2.0963,-0.1611
1.2814,-9.4286,-2.1104,2.6606,2.0132,-0.1717
1.5355,-8.8393,-2.448,2.5243,1.9845,-0.2292
1.5355,-8.8393,-2.448,2.308,2.2412,-0.2655
0.1771,-6.8366,-2.4408,2.308,2.2412,-0.2655
0.1771,-6.8366,-2.4408,2.1962,1.9163,-0.1217
-0.4408,-6.0869,-1.9138,2.0929,1.8236,-0.0908
-1.3676,-5.5,-1.1641,2.0929,1.8236,-0.0908
-1.3676,-5.5,-1.1641,1.7765,1.8918,-0.1291
-1.7989,-5.1071,-0.7808,1.7765,1.8918,-0.1291
-1.7989,-5.1071,-0.7808,1.2982,1.8812,-0.3134
-2.0003,-4.6279,-0.9032,0.9829,1.8503,-0.4252
-1.9042,-3.8783,-1.8109,0.9829,1.8503,-0.4252
-1.6528,-3.5859,-2.2541,0.6612,1.8055,-0.5307
-1.6528,-3.5859,-2.2541,0.0913,1.5946,-0.6649
-1.6744,-3.3273,-2.6087,-0.176,1.3219,-0.6894
-1.5307,-2.9032,-2.448,-0.422,0.997,-0.7299
-1.4733,-2.9966,-1.5068,-0.422,0.997,-0.7299
-1.4733,-2.9966,-1.5068,-0.976,0.295,-0.8449
-1.8923,-4.1775,0.0215,-0.976,0.295,-0.8449
-2.108,-5.2388,1.1306,-1.2732,-0.0756,-0.9057
-2.108,-5.2388,1.1306,-1.7452,-0.6465,-0.9717
-3.0903,-8.0487,5.1574,-1.7452,-0.6465,-0.9717
-3.7083,-9.6656,7.4067,-1.7974,-0.8585,-0.9451
-3.7083,-9.6656,7.4067,-1.4532,-0.8436,-0.7523
-3.6361,-11.7426,10.1951,-1.4532,-0.8436,-0.7523
-3.6361,-11.7426,10.1951,-0.9504,0.164,-0.4114
-3.3129,-13.8004,10.6431,-0.9504,0.164,-0.4114
-3.1573,-14.9933,10.0706,-0.7395,0.8596,-0.209
-3.1573,-14.9933,10.0706,-0.3091,1.3123,0.1328
-2.3546,-14.1117,7.2271,-0.3091,1.3123,0.1328
-2.3546,-14.1117,7.2271,0.1978,0.0713,-0.0237
-2.0745,-11.4598,7.3373,0.3981,0.0149,-0.1302
-2.3642,-7.3493,6.1348,0.3981,0.0149,-0.1302
-2.3642,-7.3493,6.1348,0.3704,0.3632,-0.193
-3.1358,-7.8068,4.0219,0.152,-0.0671,-0.1866
-4.2832,-9.4909,0.7592,-0.2644,-0.8117,-0.1323
-5.7754,-12.0251,-2.4361,-0.7832,-1.471,-0.0205
-5.7802,-14.5262,-3.4015,-0.9749,-1.7981,0.0402
-3.7681,-18.8549,5.2028,-0.9749,-1.7981,0.0402
-4.9299,-18.9435,9.7686,-0.4732,-1.5339,0.1115
-3.0588,-14.5022,6.2593,0.6537,-0.6721,0.3469
1.0827,-6.8557,-2.7021,1.3802,0.2982,0.6079
5.2531,-2.1296,-8.5182,1.1832,0.6103,0.5174
6.7265,-1.1641,-9.5052,0.3736,0.0521,0.1616
3.5643,-3.0086,-3.55,-0.519,-0.9746,-0.34
0.6874,-5.615,1.8635,-1.0601,-1.6159,-0.6415
0.7233,-8.1615,0.4839,-1.0346,-1.4178,-0.6234
2.1296,-10.9786,-2.8051,-0.8876,-0.9746,-0.5403
2.1296,-10.9786,-2.8051,-1.4053,-1.3166,-0.5882
2.6638,-13.9393,-3.5595,-1.6078,-1.5371,-0.633
1.684,-14.0255,-0.225,-1.6078,-1.5371,-0.633
-0.3259,-11.7857,0.5988,-1.5395,-1.4401,-0.6745
-2.3762,-9.601,0.7592,-1.3712,-1.1312,-0.617
-3.3824,-8.1902,0.8286,-1.2945,-0.8809,-0.4625
-3.0927,-7.6847,0.6922,-1.3158,-0.8937,-0.241
-2.1751,-7.8428,0.4911,-1.3712,-1.1067,-0.0482
-2.1751,-7.8428,0.4911,-1.4915,-1.7618,0.0924
-0.1508,-9.5627,0.515,-1.4915,-1.7618,0.0924
0.896,-9.9365,0.5868,-1.5363,-1.9973,0.1041
1.3413,-10.3989,0.6251,-1.5256,-2.1602,0.0519
1.8276,-10.4898,0.5102,-1.4756,-2.1922,-0.0151
2.2086,-10.298,0.4647,-1.4351,-2.0473,-0.0705
2.2086,-10.298,0.4647,-1.352,-1.731,-0.1525
2.4289,-9.6273,0.5294,-1.32,-1.6447,-0.1643
1.4469,-7.9385,0.4551,-1.32,-1.6447,-0.1643
0.896,-7.524,0.345,-1.3392,-1.5051,-0.1153
0.896,-7.524,0.345,-1.3744,-1.1216,0.0892
0.4288,-7.723,0.3714,-1.3744,-1.1216,0.0892
0.4695,-8.195,0.515,-1.3669,-0.9416,0.1829
0.2705,-8.456,0.5964,-1.3488,-0.7701,0.2394
0.2705,-8.456,0.5964,-1.3903,-0.5347,0.2862
-0.213,-8.377,0.9846,-1.3903,-0.5347,0.2862
-0.3043,-8.183,0.9008,-1.434,-0.5081,0.3118
-0.3426,-7.9409,0.6108,-1.4777,-0.5081,0.332
-0.3953,-7.8308,0.2995,-1.5224,-0.5198,0.3672
-0.3953,-7.8308,0.2995,-1.6152,-0.5272,0.5046
-0.3977,-9.0237,0.1867,-1.6152,-0.5272,0.5046
-0.3977,-9.0237,0.1867,-1.6259,-0.5187,0.6473
-0.1268,-9.7135,0.776,-1.5203,-0.5166,0.7027
1.739,-10.231,1.4086,-1.5203,-0.5166,0.7027
1.739,-10.231,1.4086,-1.1645,-0.4484,0.5994
1.9764,-10.3603,1.0061,-1.0154,-0.3792,0.4908
1.6313,-10.6718,1.1857,-1.0154,-0.3792,0.4908
2.2613,-10.9522,1.6744,-0.8641,-0.2545,0.3949
2.2613,-10.9522,1.6744,-0.5126,-0.2023,0.2617
2.8745,-11.3114,1.6552,-0.4114,-0.3579,0.2095
2.4193,-11.678,1.7127,-0.3155,-0.5443,0.1786
-1.2096,-12.3247,3.0951,-0.3155,-0.5443,0.1786
-2.6949,-12.0781,3.9261,-0.1909,-0.7318,0.168
-2.6638,-11.5559,4.4388,-0.0311,-0.9011,0.1989
-2.6638,-11.5559,4.4388,0.544,-0.8873,0.413
-0.987,-11.3281,4.1512,0.9254,-0.703,0.4961
3.1405,-14.5812,3.2555,0.9254,-0.703,0.4961
3.9764,-15.5898,2.6423,1.3451,-0.54,0.4854
4.5681,-16.4185,2.6614,1.818,-0.4495,0.446
4.5681,-16.4185,2.6614,2.9941,0.524,0.2383
4.0195,-17.0676,2.2924,3.4192,1.1866,-0.0567
0.8071,-16.1432,1.0732,3.5769,1.2931,-0.2271
-6.5684,-12.0467,-2.2517,3.5769,1.2931,-0.2271
-5.131,-12.0275,-4.0028,3.5055,1.0055,-0.2015
-4.1704,-13.8555,-3.6481,3.2243,0.539,-0.2197
-3.2339,-15.5323,-2.2206,2.8929,0.049,-0.127
-2.8793,-16.4017,-1.0372,2.7565,-0.1736,0.0167
-2.1368,-16.1695,-0.1939,2.7778,-0.0362,0.1126
-1.7462,-15.5922,0.0502,2.7863,0.572,0.1243
-1.394,-14.8757,0.9247,2.667,1.4465,0.0679
-1.0971,-13.9034,1.8396,2.5285,2.156,-0.0034
-1.0971,-13.9034,1.8396,2.7224,2.5013,-0.1131
-0.5389,-11.7163,0.7448,2.7224,2.5013,-0.1131
0.2035,-10.5305,-0.3474,2.8598,2.3095,-0.1206
0.5413,-9.5507,-1.6145,2.8396,2.2178,-0.144
0.5413,-9.5507,-1.6145,2.5094,1.9855,-0.2591
1.2814,-9.0045,-2.3834,2.2772,2.1496,-0.3528
1.1546,-8.8441,-2.5103,2.144,2.1496,-0.3571
-0.3187,-7.5767,-1.684,2.144,2.1496,-0.3571
-0.8457,-7.1505,-1.1953,2.0811,1.9227,-0.2995
-0.8457,-7.1505,-1.1953,1.965,1.7725,-0.2047
-2.2062,-6.3096,-0.8382,1.965,1.7725,-0.2047
-2.2062,-6.3096,-0.8382,1.7009,1.8982,-0.1845
-2.4289,-5.4402,-1.0229,1.7009,1.8982,-0.1845
-2.3235,-4.9371,-1.3245,1.4772,1.9664,-0.2356
-2.0745,-4.4699,-1.5595,1.1895,1.9898,-0.3038
-1.8133,-4.1273,-1.8444,0.8551,1.9003,-0.373
-1.8133,-4.1273,-1.8444,0.2021,1.5456,-0.4977
-1.4493,-3.5811,-1.8899,0.2021,1.5456,-0.4977
-1.4374,-3.4015,-1.6217,-0.078,1.3017,-0.535
-1.4278,-3.459,-1.1402,-0.3315,0.9981,-0.5584
-1.4278,-3.459,-1.1402,-0.7864,0.3344,-0.6117
-1.9162,-4.5681,0.4456,-0.7864,0.3344,-0.6117
-1.9162,-4.5681,0.4456,-1.1336,-0.3142,-0.6457
-2.0362,-5.421,1.581,-1.238,-0.5517,-0.65
-2.1033,-6.1252,2.58,-1.319,-0.7669,-0.6489
-2.4073,-7.6464,4.2688,-1.319,-0.7669,-0.6489
-2.4073,-7.6464,4.2688,-1.467,-0.9363,-0.6117
-3.4063,-9.2392,6.7384,-1.467,-0.9363,-0.6117
-3.9501,-9.9054,7.8452,-1.4489,-0.8149,-0.6063
-4.3215,-10.6407,9.0285,-1.3413,-0.5304,-0.5978
-4.0171,-11.7689,10.4108,-1.1741,-0.1214,-0.5339
-4.0171,-11.7689,10.4108,-0.6511,0.8809,-0.2442
-2.9224,-13.2806,10.9184,-0.3368,1.1025,-0.1248
-1.2168,-15.4123,9.1243,-0.3368,1.1025,-0.1248
-1.2168,-15.4123,9.1243,0.266,0.4814,-0.0929
-0.764,-14.1452,8.1735,0.5003,0.1821,-0.2165
-2.0937,-8.7148,7.4666,0.5003,0.1821,-0.2165
-2.0937,-8.7148,7.4666,0.5856,0.3792,-0.3379
-3.749,-7.7398,4.1751,0.5856,0.3792,-0.3379
-4.9515,-9.6489,2.7859,0.4364,0.3547,-0.3155
-6.9324,-13.8962,-0.1795,0.2713,0.0788,-0.2623
-6.8246,-18.8357,-0.8071,0.0146,-0.278,-0.1462
-3.0974,-21.9712,4.5178,-0.258,-0.4026,0.1179
-0.8239,-20.3112,1.5714,0.0071,-0.1853,0.2894
-1.5331,-12.0443,-0.3929,0.7123,-0.3248,0.315
-1.054,-4.7381,-3.1358,0.9296,-0.1597,0.3683
-1.054,-4.7381,-3.1358,0.1073,-0.0095,0.1264
2.7428,-1.224,-8.7603,-0.5957,-0.7499,-0.2974
2.6375,-2.3523,-0.7257,-0.5957,-0.7499,-0.2974
1.4254,-5.1741,-0.4456,-0.9589,-0.9299,-0.6042
1.4254,-5.1741,-0.4456,-1.3648,-1.5073,-0.715
1.7486,-8.602,-3.5763,-1.759,-1.9493,-0.6575
1.8204,-16.3371,-2.3594,-1.759,-1.9493,-0.6575
2.9966,-16.5984,-0.5629,-1.9678,-1.9845,-0.5467
2.9966,-16.5984,-0.5629,-1.7644,-1.0034,-0.6628
0.0646,-11.0743,0.2995,-1.7644,-1.0034,-0.6628
0.0646,-11.0743,0.2995,-1.5693,-1.0066,-0.47
-3.3057,-6.918,0.4791,-1.5693,-1.0066,-0.47
-2.9511,-6.1851,0.3259,-1.5842,-1.2005,-0.1728
-2.9511,-6.1851,0.3259,-1.7047,-1.5105,0.168
-2.3211,-6.2665,0.2059,-1.774,-1.7405,0.1786
-1.4134,-7.3684,0.067,-1.8485,-1.9504,0.1339
0.4456,-10.0897,0.2178,-1.8485,-1.9504,0.1339
0.4456,-10.0897,0.2178,-1.7995,-2.1922,-0.0354
1.5499,-10.94,0.1508,-1.7995,-2.1922,-0.0354
1.5499,-10.94,0.1508,-1.628,-2.1251,-0.1025
2.0386,-10.231,-0.1053,-1.5993,-2.0175,-0.1121
2.1966,-9.2104,-0.3929,-1.6089,-1.7949,-0.0865
1.5044,-7.8332,-0.6347,-1.6089,-1.7949,-0.0865
1.3581,-7.668,-0.5006,-1.5918,-1.5701,-0.0034
1.0899,-8.008,-0.2466,-1.5544,-1.3464,0.1009
1.0899,-8.008,-0.2466,-1.4947,-0.7872,0.2841
0.6156,-9.1099,0.3474,-1.4947,-0.7872,0.2841
0.6156,-9.1099,0.3474,-1.5682,-0.3824,0.299
0.5509,-9.5531,0.9989,-1.5757,-0.294,0.2607
0.2729,-9.5483,1.9979,-1.5757,-0.294,0.2607
0.2729,-9.5483,1.9979,-1.4447,-0.2332,0.2244
-0.0239,-9.1697,1.4374,-1.4447,-0.2332,0.2244
-0.0239,-9.1697,1.4374,-1.3776,-0.4079,0.2692
-0.4312,-9.1626,0.8433,-1.3776,-0.4079,0.2692
-0.4312,-9.1626,0.8433,-1.319,-0.4687,0.3874
-0.9295,-10.1208,1.4182,-1.319,-0.4687,0.3874
-0.3211,-10.7748,1.9066,-1.2391,-0.3675,0.4567
0.8023,-11.2156,1.9979,-1.1198,-0.2897,0.5355
1.7678,-11.3281,1.7941,-0.9717,-0.2801,0.5664
2.0171,-11.3329,1.4039,-0.8119,-0.36,0.528
1.8827,-11.1055,1.2144,-0.6607,-0.4324,0.4343
1.9716,-10.9522,1.0684,-0.4987,-0.3983,0.3352
2.3092,-11.2395,0.8625,-0.3102,-0.2652,0.2564
2.3163,-11.5678,0.5868,-0.1227,-0.1555,0.2095
1.411,-11.8264,0.7353,0.005,-0.1363,0.1786
-0.1747,-11.7402,1.4493,0.086,-0.246,0.1424
-2.0913,-11.3185,2.3235,0.1584,-0.4623,0.1083
-2.0913,-11.3185,2.3235,0.3842,-0.8074,0.1712
-2.5079,-10.073,3.198,0.3842,-0.8074,0.1712
-0.1508,-10.1089,3.1334,0.6069,-0.7893,0.3214
2.1104,-11.6253,3.119,0.8934,-0.6274,0.4535
2.1104,-11.6253,3.119,1.5134,-0.262,0.4332
3.6266,-13.295,2.7739,1.8457,-0.1693,0.3608
3.8783,-14.2793,2.7596,2.2803,0.1597,0.3299
3.8615,-14.6818,2.6111,2.7245,0.7957,0.2181
2.4073,-14.3993,2.0003,3.0858,1.4391,0.1105
-0.6658,-13.2686,0.7975,3.2861,1.699,0.0743
-4.8868,-11.3305,-2.4025,3.2861,1.699,0.0743
-4.4292,-11.7426,-3.5332,3.2914,1.4029,0.0615
-3.9285,-13.4506,-3.1812,3.0762,0.7467,0.0295
-3.6748,-14.9622,-1.5834,2.7629,0.0276,0.1158
-3.6748,-14.9622,-1.5834,2.4806,-0.3174,0.1893
-3.6963,-16.2413,-0.2705,2.4668,0.0969,0.1115
-3.2603,-16.306,0.1939,2.3922,0.6561,-0.0386
-2.4863,-14.4328,-0.3426,2.3922,0.6561,-0.0386
-2.7141,-13.7211,0.6706,2.2441,1.3027,-0.2037
-2.5175,-13.2902,1.7845,2.1855,1.9994,-0.2868
-2.1559,-12.8589,1.5116,2.3592,2.5098,-0.3027
-1.1522,-11.6421,0.661,2.6468,2.5801,-0.2612
-1.1522,-11.6421,0.661,2.7427,1.9696,-0.1653
1.1881,-9.7877,-1.3581,2.7427,1.9696,-0.1653
0.7688,-9.34,-1.4757,2.4774,1.8087,-0.2474
0.4887,-8.6547,-1.4853,2.2111,1.7714,-0.2974
0.0909,-7.9289,-1.3365,2.0258,1.7341,-0.2772
-0.5844,-7.2295,-1.2384,1.8841,1.7107,-0.2442
-0.5844,-7.2295,-1.2384,1.6796,1.4625,-0.1515
-1.5403,-5.9265,-1.4493,1.6796,1.4625,-0.1515
-1.5403,-5.9265,-1.4493,1.4069,1.2931,-0.1014
-1.9788,-4.985,-1.5451,1.4069,1.2931,-0.1014
-1.9788,-4.985,-1.5451,1.0212,1.3496,-0.1685
-1.9258,-4.3239,-1.7486,1.0212,1.3496,-0.1685
-1.7462,-4.0435,-1.8659,0.7858,1.3954,-0.2367
-1.6002,-3.7274,-1.9378,0.5195,1.4039,-0.3219
-1.6002,-3.7274,-1.9378,-0.0194,1.2708,-0.5105
-1.4398,-3.356,-1.8923,-0.2836,1.1078,-0.585
-1.1162,-3.1094,-1.4876,-0.2836,1.1078,-0.585
-1.1162,-3.1094,-1.4876,-0.8354,0.687,-0.7352
-1.0372,-3.3273,-1.0061,-1.091,0.4165,-0.8034
-1.2814,-4.8006,0.3714,-1.091,0.4165,-0.8034
-1.2814,-4.8006,0.3714,-1.5246,-0.1406,-0.9419
-1.8611,-7.0715,2.8458,-1.5246,-0.1406,-0.9419
-1.8611,-7.0715,2.8458,-1.6536,-0.5475,-0.9962
-3.1334,-9.8264,8.008,-1.6536,-0.5475,-0.9962
-3.1334,-9.8264,8.008,-1.1347,-0.6029,-0.8748
-3.8854,-12.3989,11.7043,-1.1347,-0.6029,-0.8748
-4.2281,-13.4793,12.3439,-0.7587,-0.2897,-0.7246
-4.2281,-13.4793,12.3439,-0.1046,0.85,-0.2452
-3.7897,-14.296,11.4382,0.0849,1.2612,-0.0428
-3.1238,-14.5908,7.9337,0.0849,1.2612,-0.0428
-3.1238,-14.5908,7.9337,0.3256,0.9501,0.0785
-3.078,-11.4215,7.117,0.3256,0.9501,0.0785
-3.3584,-9.22,7.3062,0.479,0.5784,-0.0055
-3.2866,-7.1338,6.8438,0.6186,0.3728,-0.0854
-2.7213,-5.2579,5.4426,0.6665,0.3174,-0.1312
-2.7213,-5.2579,5.4426,0.4833,0.2183,-0.2346
-3.6939,-5.3971,3.4733,0.2468,0.0756,-0.2069
-5.6652,-8.6355,0.9271,-0.2452,-0.3323,-0.0897
-6.9994,-17.5396,-5.2627,-0.2452,-0.3323,-0.0897
-6.9994,-17.5396,-5.2627,-1.5118,-0.9576,0.0966
-3.9668,-21.8467,-1.8324,-0.5797,-1.3528,-0.0364
0.1197,-21.7989,7.366,-0.5797,-1.3528,-0.0364
0.1197,-21.7989,7.366,1.85,-0.0319,0.2383
-1.6744,-3.21,-5.5623,1.85,-0.0319,0.2383
1.6505,2.4648,-11.6828,1.4654,1.1728,0.2862
1.6505,2.4648,-11.6828,-0.7331,-0.9565,-0.1366
6.3359,3.0852,-8.3794,-1.0548,-1.9887,-0.536
0.5294,-4.4603,3.8639,-1.0548,-1.9887,-0.536
1.3245,-8.5374,-1.8013,-0.9195,-1.8875,-0.5499
2.1799,-13.913,-4.8557,-1.0431,-1.9578,-0.5158
2.7093,-18.9243,-4.2497,-1.5054,-2.2913,-0.5744
4.9993,-18.8788,-1.9162,-1.9306,-2.3958,-0.5243
4.4268,-15.9609,0.1436,-2.019,-2.1091,-0.6436
0.0215,-11.8863,0.5006,-1.8155,-1.5126,-0.9078
-3.4638,-8.5996,0.8649,-1.5821,-1.0748,-0.9621
-3.4638,-8.5996,0.8649,-1.5427,-1.0396,-0.3794
-4.3454,-6.4823,0.4001,-1.6621,-1.291,-0.0801
-3.7322,-5.6868,-0.2729,-1.7654,-1.7086,0.1328
-2.5561,-5.84,-0.3139,-1.84,-2.1762,0.2181
0.2442,-8.8609,-0.0287,-1.84,-2.1762,0.2181
0.2442,-8.8609,-0.0287,-1.8752,-2.5151,0.1648
1.5212,-10.0897,-0.0981,-1.774,-2.5087,0.0711
2.4744,-11.0384,-0.2876,-1.6973,-2.352,-0.0205
3.1405,-10.5689,-0.4599,-1.6973,-2.352,-0.0205
2.5007,-9.5411,-0.2899,-1.6515,-2.0452,-0.1142
2.0075,-8.456,-0.1747,-1.6067,-1.6809,-0.1525
1.4398,-7.9002,0.0311,-1.5768,-1.3251,-0.111
1.1833,-7.8021,0.4025,-1.5523,-1.1483,-0.0237
1.1833,-7.8021,0.4025,-1.4905,-0.9949,0.1723
0.3761,-8.3291,1.4062,-1.4905,-0.9949,0.1723
0.1149,-8.3841,1.5978,-1.4298,-0.8628,0.2298
0.1149,-8.3841,1.5978,-1.3552,-0.5794,0.3054
0.4192,-8.2309,1.6433,-1.3552,-0.5794,0.3054
0.6347,-8.511,1.3964,-1.3254,-0.4697,0.3129
0.7401,-9.0955,1.1857,-1.3136,-0.392,0.2969
0.5485,-9.4909,0.9271,-1.3456,-0.3856,0.282
0.1316,-9.5747,0.7257,-1.4106,-0.4335,0.266
-0.1867,-9.5004,0.5796,-1.4649,-0.4932,0.283
-0.4982,-9.498,0.6658,-1.482,-0.4804,0.3331
-0.4982,-9.498,0.6658,-1.3712,-0.2897,0.5046
0.0407,-10.3674,1.8492,-1.3712,-0.2897,0.5046
0.0407,-10.3674,1.8492,-1.0559,-0.2492,0.6495
1.672,-10.8466,1.7127,-1.0559,-0.2492,0.6495
1.672,-10.8466,1.7127,-0.7608,-0.4527,0.5035
1.5619,-10.679,1.0061,-0.6479,-0.4292,0.3789
1.3892,-10.7029,0.7353,-0.6479,-0.4292,0.3789
1.3892,-10.7029,0.7353,-0.3571,-0.1523,0.2415
2.8793,-11.6923,0.6922,-0.3571,-0.1523,0.2415
2.8793,-11.6923,0.6922,-0.1419,-0.3366,0.1083
0.1532,-12.1284,1.394,-0.1419,-0.3366,0.1083
-1.9668,-11.8527,2.2325,-0.0354,-0.5581,0.0593
-3.2962,-11.1749,2.6997,0.1041,-0.7872,0.0636
-2.5656,-10.6718,3.011,0.2948,-0.9182,0.1595
-0.7137,-11.0217,3.0205,0.5643,-0.8745,0.331
1.3174,-12.2792,3.3297,0.8902,-0.7371,0.4311
2.6207,-13.3069,2.9679,1.2609,-0.5997,0.4737
2.9487,-13.6708,2.9104,1.6476,-0.4676,0.4535
2.9487,-13.6708,2.9104,2.5807,0.05,0.3565
2.8218,-14.0877,2.8003,3.0186,0.72,0.2447
1.7989,-14.5621,1.9162,3.2807,1.422,0.1041
-2.738,-13.8172,-1.6481,3.2807,1.422,0.1041
-4.3909,-12.9738,-3.6795,3.3606,1.5744,0.0242
-5.5982,-13.4769,-3.9237,3.2158,1.0258,-0.0183
-5.4689,-14.7009,-2.8912,2.9504,0.2013,0.0796
-5.4689,-14.7009,-2.8912,2.5744,-0.5166,0.4812
-3.107,-16.2174,-1.7797,2.5744,-0.5166,0.4812
-1.6002,-15.1585,-1.0157,2.4742,-0.2375,0.5035
-1.6002,-15.1585,-1.0157,2.2974,0.8852,0.1627
-1.2288,-13.1103,0.3163,2.2974,0.8852,0.1627
-1.5738,-12.5426,1.0037,2.2516,1.3666,-0.0268
-1.5738,-12.5426,1.0037,2.3538,2.0399,-0.0577
-1.5403,-11.8192,0.8023,2.3538,2.0399,-0.0577
-0.6706,-10.8322,-0.1244,2.4316,2.0867,0.0284
-0.6706,-10.8322,-0.1244,2.3059,1.8194,0.0508
0.5773,-9.982,-1.1378,2.127,1.8428,-0.0727
1.0133,-9.4526,-1.6385,2.0055,1.8556,-0.1515
0.5102,-8.904,-1.6169,1.9544,1.8023,-0.1611
0.1005,-8.1878,-1.4278,1.9246,1.7203,-0.1419
-0.9941,-7.2176,-1.0444,1.9246,1.7203,-0.1419
-1.3317,-6.8701,-0.8529,1.882,1.5626,-0.1174
-1.3317,-6.8701,-0.8529,1.6668,1.3208,-0.1483
-1.8994,-6.2138,-0.7041,1.6668,1.3208,-0.1483
-1.9042,-5.694,-0.7544,1.4899,1.2995,-0.1952
-1.9042,-5.694,-0.7544,1.083,1.4433,-0.3006
-1.7223,-5.2196,-0.9965,0.8678,1.454,-0.3677
-1.5882,-4.8102,-1.1354,0.6548,1.4188,-0.4359
-1.6576,-4.2568,-1.5427,0.6548,1.4188,-0.4359
-1.49,-4.156,-1.4565,0.4386,1.3059,-0.4913
-1.49,-4.156,-1.4565,-0.0055,0.9927,-0.6234
-1.4469,-3.7969,-0.951,-0.0055,0.9927,-0.6234
-1.4469,-3.7969,-0.951,-0.4966,0.5336,-0.7469
-1.6145,-4.1727,0.5749,-0.4966,0.5336,-0.7469
-1.6959,-5.0855,1.6648,-0.7118,0.3035,-0.7853
-1.7654,-6.2138,2.7715,-0.8854,0.1288,-0.7949
-1.9835,-7.2798,3.8352,-1.0111,-0.0031,-0.8141
-2.3139,-8.4344,4.7165,-1.075,-0.1693,-0.813
-2.3139,-8.4344,4.7165,-0.9877,-0.4793,-0.7565
-3.0181,-9.3783,6.2808,-0.7874,-0.3802,-0.6628
-3.593,-10.1472,7.9601,-0.5286,-0.0553,-0.5552
-3.5811,-11.3928,9.7518,-0.5286,-0.0553,-0.5552
-2.8529,-12.1834,9.0955,-0.2878,0.4495,-0.4338
-2.3451,-12.8709,8.0487,-0.1344,0.9864,-0.3358
-2.4935,-13.4362,7.2798,-0.0588,1.2974,-0.2655
-2.4935,-13.4362,7.2798,0.2458,0.8798,-0.1142
-2.9846,-11.0719,7.39,0.2458,0.8798,-0.1142
-3.5236,-9.3568,7.4067,0.4886,0.5017,-0.1078
-3.38,-7.6776,7.1194,0.6367,0.3504,-0.0929
-2.896,-6.2617,6.4365,0.6665,0.3419,-0.0311
-2.4313,-5.615,5.8041,0.6143,0.3483,0.0061
-2.4313,-5.615,5.8041,0.4162,0.3781,-0.0545
-3.0756,-6.3838,3.7753,0.2031,0.2545,-0.0471
-4.0506,-8.1423,1.7007,-0.0982,-0.0053,0.0306
-5.4976,-14.5717,1.5068,-0.0982,-0.0053,0.0306
-5.9193,-18.9866,7.4474,-0.2974,-0.2577,0.1382
-5.9193,-18.9866,7.4474,0.8007,-0.8852,0.3363
-2.9391,-22.2181,4.1512,0.8007,-0.8852,0.3363
3.5883,-11.7929,-0.3354,0.8039,-0.4452,0.495
6.2641,-3.2387,-10.509,0.6399,0.9192,0.3267
5.7562,-0.5796,-10.8777,0.1691,0.5283,-0.0961
5.7562,-0.5796,-10.8777,-1.0441,-1.029,-0.5648
2.1487,-1.909,-2.4768,-0.9941,-0.8021,-0.5541
-0.134,-4.3526,3.0421,-1.0239,-0.9363,-0.4828
2.738,-11.4071,-3.3177,-1.0239,-0.9363,-0.4828
3.2842,-15.3237,-2.3187,-1.4159,-1.6734,-0.4902
3.2842,-15.3237,-2.3187,-1.7718,-2.4182,-0.6159
2.726,-15.9346,1.2168,-1.7718,-2.4182,-0.6159
2.726,-15.9346,1.2168,-1.4521,-1.2335,-0.9248
0.7688,-12.9906,1.5547,-1.4053,-0.9278,-0.9461
-4.2087,-8.2118,1.763,-1.4053,-0.9278,-0.9461
-4.6519,-6.9635,1.4733,-1.4085,-1.0929,-0.7608
-4.2015,-6.5565,0.975,-1.4511,-1.4039,-0.4817
-4.2015,-6.5565,0.975,-1.5512,-2.0814,0.0572
-0.6467,-8.3865,0.0766,-1.5512,-2.0814,0.0572
0.7712,-9.8069,0.3043,-1.6089,-2.2007,0.1264
0.7712,-9.8069,0.3043,-1.5501,-2.107,0.1073
2.3499,-10.6622,0.9487,-1.5501,-2.107,0.1073
2.829,-10.2525,1.121,-1.4362,-2.0345,0.0945
2.7213,-9.5962,1.1569,-1.3296,-1.846,0.0306
2.7213,-9.5962,1.1569,-1.2465,-1.3698,-0.0982
2.0626,-8.1133,1.0588,-1.2465,-1.3698,-0.0982
1.5595,-7.7518,1.0612,-1.2636,-1.2143,-0.128
1.1953,-7.838,1.1857,-1.286,-1.1216,-0.1078
0.9965,-8.2453,1.2719,-1.3019,-1.0407,-0.0567
1.0684,-8.7484,1.3437,-1.3168,-0.9384,0.0007
1.1139,-8.7867,1.4086,-1.336,-0.8149,0.037
0.8119,-8.5565,1.5379,-1.352,-0.7115,0.0466
0.3881,-8.1902,1.6289,-1.3584,-0.6189,0.0881
0.3881,-8.1902,1.6289,-1.3147,-0.4953,0.2511
-0.0359,-7.8571,1.526,-1.3094,-0.5166,0.3416
-0.4384,-7.905,1.1809,-1.3094,-0.5166,0.3416
-0.4384,-7.905,1.1809,-1.336,-0.6444,0.4993
-0.5174,-8.4608,0.9558,-1.3786,-0.6615,0.5461
-0.4264,-9.3448,0.8071,-1.3786,-0.6615,0.5461
0.0407,-9.3472,0.7879,-1.4266,-0.622,0.5685
0.0407,-9.3472,0.7879,-1.417,-0.5208,0.5824
0.6634,-9.1314,0.697,-1.3339,-0.4718,0.5845
1.4733,-9.0452,0.7089,-1.1784,-0.442,0.5557
2.1799,-9.34,0.8406,-1.0026,-0.4165,0.4663
1.7103,-10.0682,0.4743,-1.0026,-0.4165,0.4663
1.7103,-10.0682,0.4743,-0.8066,-0.2098,0.2585
1.2431,-10.7628,1.0301,-0.8066,-0.2098,0.2585
1.684,-11.036,1.0612,-0.6809,-0.131,0.2244
1.6696,-11.4335,1.4517,-0.5318,-0.1693,0.2159
1.6696,-11.4335,1.4517,-0.2612,-0.4324,0.1808
-0.8696,-11.5053,2.4408,-0.2612,-0.4324,0.1808
-0.8696,-11.5053,2.4408,0.0061,-0.8202,0.2383
-3.3441,-10.9738,3.0541,0.0061,-0.8202,0.2383
-2.8817,-10.7053,3.0974,0.1765,-0.8798,0.3608
-2.8817,-10.7053,3.0974,0.6165,-0.5837,0.772
1.818,-12.9858,3.2243,0.6165,-0.5837,0.772
4.7405,-15.6401,1.4039,0.92,-0.4612,0.9083
6.3838,-17.7793,-0.0143,1.2492,-0.5304,0.837
5.7179,-18.371,-0.7448,1.5645,-0.5166,0.6346
5.7179,-18.371,-0.7448,2.1408,0.6189,0.1467
-2.8793,-15.0101,-1.0085,2.1408,0.6189,0.1467
-7.0979,-12.2146,0.079,2.3389,0.8862,-0.1472
-7.0979,-12.2146,0.079,2.4657,0.5752,-0.0045
-5.5383,-10.5066,-0.2274,2.3006,0.3312,0.0167
-3.4877,-10.9232,-1.0947,2.1461,0.0894,0.0604
-1.3533,-13.3907,-0.5413,2.1461,0.0894,0.0604
-1.1522,-13.98,-0.8912,2.1461,-0.0394,0.0412
-1.423,-13.6277,-1.212,2.209,0.0181,-0.0173
-1.423,-13.6277,-1.212,2.2154,0.54,-0.2122
-3.6026,-13.204,-0.5773,2.2154,0.54,-0.2122
-3.3345,-12.5857,-0.5389,2.176,0.9672,-0.2324
-3.3345,-12.5857,-0.5389,2.0737,2.1613,-0.2516
-2.4097,-12.0132,-0.4551,2.1728,2.4107,-0.2889
-0.7616,-10.9352,-0.5509,2.1728,2.4107,-0.2889
-0.2609,-9.9221,-0.872,2.3123,2.3361,-0.2985
-0.2609,-9.9221,-0.872,2.3123,1.814,-0.1845
0.1244,-9.1051,-1.1067,2.1781,1.7469,-0.1217
-0.8143,-7.7039,-0.7496,2.1781,1.7469,-0.1217
-0.8143,-7.7039,-0.7496,1.9991,1.4636,0.1424
-1.3748,-7.2271,-0.4049,1.9011,1.3144,0.2191
-1.0372,-7.4833,-0.2226,1.9011,1.3144,0.2191
-1.0372,-7.4833,-0.2226,1.6519,1.4039,0.1318
-1.3245,-7.4546,-0.3211,1.5315,1.4401,0.0391
-1.5738,-6.8342,-0.7018,1.5315,1.4401,0.0391
-1.5738,-6.8342,-0.7018,1.2556,1.5339,-0.1611
-1.5571,-6.1587,-1.2958,1.2556,1.5339,-0.1611
-1.672,-5.7371,-1.1833,1.067,1.487,-0.2548
-1.672,-5.7371,-1.1833,0.6143,1.2676,-0.3837
-1.8659,-4.6423,-0.5054,0.6143,1.2676,-0.3837
-1.9449,-4.2161,0.0287,0.3789,1.1291,-0.4274
-1.9449,-4.2161,0.0287,-0.0386,0.8585,-0.4721
-1.6576,-4.2161,1.1067,-0.0386,0.8585,-0.4721
-1.6576,-4.2161,1.1067,-0.3283,0.6721,-0.4881
-1.4853,-4.762,1.7151,-0.3816,0.5326,-0.4828
-1.6505,-6.1923,2.4504,-0.3816,0.5326,-0.4828
-1.6505,-6.1923,2.4504,-0.4838,0.0703,-0.5009
-2.0554,-6.9946,2.5968,-0.4838,0.0703,-0.5009
-2.0554,-6.9946,2.5968,-0.7661,-0.2162,-0.6255
-3.3728,-7.7877,3.5188,-0.7661,-0.2162,-0.6255
-4.0794,-8.2261,4.4675,-0.9099,-0.2247,-0.6905
-4.0794,-8.2261,4.4675,-1.0452,-0.0404,-0.6777
-3.8735,-8.916,5.7347,-1.009,0.0798,-0.6021
-3.6026,-10.0945,7.366,-0.8822,0.3014,-0.4583
-3.1932,-12.9068,9.8575,-0.8822,0.3014,-0.4583
-3.1932,-12.9068,9.8575,-0.3283,0.72,-0.0705
-2.1847,-13.81,9.1721,-0.3283,0.72,-0.0705
-2.0554,-12.4061,8.7962,0.0306,0.637,0.0007
-2.0554,-12.4061,8.7962,0.5046,0.3089,-0.1185
-2.2948,-10.3363,8.5757,0.5813,0.1981,-0.176
-2.5345,-6.736,6.4341,0.5813,0.1981,-0.176
-2.999,-6.2737,4.4532,0.5387,0.1352,-0.2005
-2.999,-6.2737,4.4532,0.2223,0.0138,-0.2175
-5.0089,-9.7183,-0.9367,0.2223,0.0138,-0.2175
-5.0089,-9.7183,-0.9367,-0.6053,-0.4516,-0.0727
-5.5288,-12.9714,-2.6806,-0.781,-0.4569,0.0284
-4.2904,-16.4233,1.6744,-0.0609,-0.491,0.054
-3.4542,-20.6969,8.3195,0.8689,-0.915,0.1509
-1.8875,-17.9756,1.9114,0.8689,-0.915,0.1509
0.6347,-8.2285,-0.5126,1.066,-0.5347,0.2979
0.6347,-8.2285,-0.5126,0.4109,0.4015,-0.0897
4.8461,-0.975,-8.3937,0.4109,0.4015,-0.0897
2.9703,-3.1573,-2.817,-0.3411,-0.6434,-0.3422
0.661,-5.96,0.3857,-0.8215,-1.111,-0.6042
1.0085,-8.7316,-1.5475,-0.9611,-1.1419,-0.6521
2.6399,-11.7689,-3.7992,-1.0814,-1.3453,-0.5627
2.6399,-11.7689,-3.7992,-1.7037,-2.1304,-0.5616
2.6901,-14.9383,-0.8071,-1.7037,-2.1304,-0.5616
2.6901,-14.9383,-0.8071,-1.6461,-1.585,-0.6894
-0.1699,-11.6756,0.6467,-1.6461,-1.585,-0.6894
-2.6111,-9.6992,0.4839,-1.5352,-1.0929,-0.7491
-2.6111,-9.6992,0.4839,-1.5469,-1.1089,-0.4561
-3.2794,-8.2309,0.2947,-1.6046,-1.4242,-0.2687
-2.2637,-6.9946,-0.5461,-1.6046,-1.4242,-0.2687
-2.2637,-6.9946,-0.5461,-1.7718,-1.8971,-0.0609
-1.4062,-7.3229,-0.5222,-1.7985,-2.0814,-0.0023
0.6275,-9.2511,-0.1651,-1.7985,-2.0814,-0.0023
1.3748,-10.0658,0.0383,-1.7676,-2.2732,0.0327
2.0242,-10.4108,0.1101,-1.6919,-2.3658,0.0242
2.393,-10.3893,0.1316,-1.5929,-2.369,-0.0002
2.393,-10.3893,0.1316,-1.5001,-2.0931,-0.0652
2.3882,-9.7183,0.0478,-1.5192,-1.8524,-0.0588
2.1607,-8.9351,0.0047,-1.5235,-1.5563,-0.0183
1.6505,-8.0774,-0.1987,-1.5235,-1.5563,-0.0183
1.8228,-8.1854,-0.1628,-1.5256,-1.2857,0.0657
1.8228,-8.1854,-0.1628,-1.5033,-0.9352,0.1914
1.2264,-8.4464,0.4743,-1.5033,-0.9352,0.1914
1.2264,-8.4464,0.4743,-1.515,-0.6572,0.2671
0.3522,-8.5086,1.0229,-1.515,-0.6572,0.2671
0.2011,-8.5158,1.2407,-1.5416,-0.5422,0.3011
0.146,-8.693,1.2814,-1.5523,-0.4335,0.3214
0.2298,-8.9614,1.0061,-1.5352,-0.3632,0.3352
0.2298,-8.9614,1.0061,-1.516,-0.3515,0.3512
-0.0071,-9.3855,0.4887,-1.516,-0.3515,0.3512
-0.1795,-9.5028,0.4551,-1.5203,-0.3611,0.3715
-0.3091,-9.7925,0.8143,-1.5139,-0.3675,0.3949
-0.3091,-9.7925,0.8143,-1.3563,-0.2972,0.4758
-0.0311,-10.1304,1.514,-1.1911,-0.262,0.5185
1.3269,-10.9594,2.2373,-1.1911,-0.262,0.5185
1.3269,-10.9594,2.2373,-0.8343,-0.3834,0.4716
1.2743,-11.4622,1.4326,-0.8343,-0.3834,0.4716
0.8577,-11.3185,1.3676,-0.6969,-0.4633,0.3746
0.8577,-11.3185,1.3676,-0.3624,-0.3707,0.2372
1.8013,-11.3712,1.1593,-0.3624,-0.3707,0.2372
2.0386,-11.6995,0.8744,-0.1696,-0.3366,0.2021
1.3557,-12.0491,1.2072,-0.0428,-0.3696,0.1595
-0.055,-12.0395,1.8587,0.0412,-0.475,0.1169
-0.055,-12.0395,1.8587,0.234,-0.7627,0.086
-1.6696,-11.6516,2.6542,0.4258,-0.8234,0.1872
-2.1128,-11.1318,3.3201,0.6942,-0.7659,0.3107
-1.303,-10.9184,3.3488,1.0191,-0.6423,0.3821
0.4743,-11.5511,3.6532,1.3749,-0.4963,0.3587
2.9152,-13.4673,2.6638,1.3749,-0.4963,0.3587
3.0229,-13.441,2.659,1.6891,-0.3909,0.3033
3.0229,-13.441,2.659,2.6202,0.164,0.331
1.7534,-14.2074,1.0947,2.6202,0.164,0.331
-1.0277,-14.6722,-0.5844,3.1263,0.931,0.2681
-1.0277,-14.6722,-0.5844,3.5726,1.732,0.0402
-5.4043,-13.1606,-3.8926,3.5726,1.732,0.0402
-5.4043,-13.1606,-3.8926,3.106,0.4058,0.0604
-6.1372,-14.2457,-1.8587,3.106,0.4058,0.0604
-5.3683,-15.8316,0.1556,2.797,-0.1629,0.2703
-4.0387,-16.2174,0.5964,2.6745,-0.1768,0.445
-2.3858,-15.6089,-0.369,2.6798,0.1608,0.4982
-1.605,-14.7105,-0.9822,2.667,0.6359,0.4205
-1.605,-14.7105,-0.9822,2.4881,1.7906,0.0796
-1.4757,-13.5775,1.526,2.4881,1.7906,0.0796
-1.0923,-12.9762,1.4254,2.6521,2.1464,-0.013
0.1125,-12.0706,0.7592,2.8705,2.1965,-0.0045
1.303,-11.1533,-0.0885,2.9195,2.0793,0.0284
2.2134,-10.3315,-0.872,2.813,1.7821,-0.0162
1.8204,-9.5531,-0.9439,2.5807,1.6095,-0.1366
0.6539,-8.5278,-0.7448,2.34,1.7725,-0.2399
-0.2178,-7.5216,-0.5533,2.2111,1.9163,-0.2431
-0.2178,-7.5216,-0.5533,2.1003,1.8151,-0.0854
-1.0684,-6.1755,-0.7305,2.1003,1.8151,-0.0854
-1.133,-6.0342,-0.8047,1.9768,1.8023,-0.0279
-1.133,-6.0342,-0.8047,1.6593,1.9302,0.0018
-1.3772,-5.7921,-0.9295,1.4793,1.9014,-0.0077
-1.4637,-4.8174,-1.4805,1.4793,1.9014,-0.0077
-1.6217,-4.3766,-1.9186,1.2545,1.8875,-0.0535
-1.6648,-3.974,-2.2948,0.9829,1.8598,-0.1025
-1.6648,-3.974,-2.2948,0.4205,1.5243,-0.2207
-1.8109,-3.4805,-2.3235,0.4205,1.5243,-0.2207
-1.6098,-3.356,-1.8827,0.1414,1.2186,-0.2729
-1.5212,-3.4733,-1.0564,-0.128,0.9374,-0.3283
-1.5212,-3.4733,-1.0564,-0.5648,0.3675,-0.4402
-1.5331,-4.5753,0.9846,-0.5648,0.3675,-0.4402
-1.5331,-4.5753,0.9846,-0.8801,-0.1438,-0.5371
-1.3078,-6.2976,3.0541,-0.8801,-0.1438,-0.5371
-1.3078,-6.2976,3.0541,-1.1304,-0.5294,-0.7001
-1.4446,-6.815,3.9333,-1.2433,-0.6444,-0.7842
-2.6758,-7.6895,5.8065,-1.2433,-0.6444,-0.7842
-3.1645,-8.5517,6.9874,-1.3435,-0.6572,-0.8332
-3.629,-9.5938,8.0558,-1.3893,-0.5336,-0.8556
-3.629,-9.5938,8.0558,-1.2093,0.0138,-0.7682
-3.5021,-10.7819,8.5637,-1.0292,0.279,-0.6724
-3.5476,-13.4865,8.7579,-1.0292,0.279,-0.6724
-3.986,-14.2817,8.8848,-0.8002,0.4772,-0.5392
-4.3694,-14.0039,8.5446,-0.5115,0.5773,-0.373
-4.3119,-12.7105,7.917,-0.1952,0.5006,-0.2229
-3.9477,-10.5162,7.5767,0.0551,0.2609,-0.1483
-3.9477,-10.5162,7.5767,0.2042,0.0596,-0.1547
-3.1429,-6.7576,6.4125,0.2042,0.0596,-0.1547
-2.6734,-5.7514,5.0424,0.1403,0.0692,-0.1462
-3.0541,-5.8496,3.0277,0.038,-0.0383,-0.1515
-4.9251,-8.0822,0.1364,-0.0886,-0.2236,-0.1493
-6.2689,-10.7197,-3.1477,-0.275,-0.5549,-0.1067
-4.882,-11.9988,-4.2832,-0.6958,-1.0183,0.0647
-3.9644,-13.5583,-1.1186,-1.2423,-1.3432,0.2127
-3.9644,-13.5583,-1.1186,-0.9227,-1.5094,0.1201
-4.3023,-17.7075,5.5695,0.2468,-1.2697,0.2149
-5.0376,-22.4552,10.1376,1.0915,-0.311,0.3352
5.4809,-14.495,3.907,1.0915,-0.311,0.3352
5.4809,-14.495,3.907,0.4886,0.6657,-0.4657
6.6762,0.6156,-12.4971,0.4886,0.6657,-0.4657
3.3632,-1.1689,-6.6666,-0.5797,-0.8937,-0.8045
-0.7664,-4.707,1.5906,-1.173,-1.7267,-0.7917
-0.7664,-4.707,1.5906,-0.8812,-0.5166,-0.3123
1.0181,-8.8753,-0.6084,-0.8812,-0.5166,-0.3123
2.4528,-12.0179,-2.2349,-0.8694,-0.5091,-0.2133
2.5441,-14.4927,-1.684,-1.1943,-1.0215,-0.2623
2.4145,-14.3586,-0.9175,-1.45,-1.4433,-0.3198
1.2958,-12.5617,-0.4025,-1.5235,-1.519,-0.4252
-0.776,-10.4444,0.0646,-1.5192,-1.3272,-0.5627
-2.4456,-8.7843,0.424,-1.532,-1.1067,-0.617
-2.4456,-8.7843,0.424,-1.5405,-1.127,-0.3805
-2.4959,-7.1864,-0.2298,-1.5405,-1.127,-0.3805
-2.4959,-7.1864,-0.2298,-1.6259,-1.6021,-0.0908
-0.9247,-8.7555,-0.067,-1.6259,-1.6021,-0.0908
0.1077,-9.7542,0.3211,-1.6685,-1.8471,0.0103
0.7951,-10.4276,0.6132,-1.6653,-2.0228,0.0221
1.1498,-10.5353,0.7161,-1.611,-2.0612,-0.045
1.5427,-10.049,0.618,-1.5501,-1.9632,-0.1131
1.5619,-9.3472,0.527,-1.5246,-1.7906,-0.1707
1.5619,-9.3472,0.527,-1.4841,-1.4071,-0.1344
0.9726,-8.1567,-0.0239,-1.4841,-1.4071,-0.1344
0.8768,-7.9361,-0.3306,-1.4596,-1.2335,-0.0524
0.8768,-7.9361,-0.3306,-1.4979,-0.8425,0.1147
0.6922,-8.3123,0.1508,-1.4979,-0.8425,0.1147
0.582,-8.4584,0.5749,-1.5054,-0.6987,0.1669
0.2489,-8.4153,0.9415,-1.4979,-0.573,0.1968
-0.0861,-8.2596,1.0133,-1.4745,-0.4676,0.2308
-0.0861,-8.2596,1.0133,-1.4042,-0.3195,0.3267
-0.2106,-8.3937,0.7832,-1.4042,-0.3195,0.3267
-0.2106,-8.3937,0.7832,-1.3381,-0.2929,0.3981
-0.2753,-8.5781,0.4863,-1.3105,-0.327,0.4119
-0.2705,-8.8034,0.2489,-1.287,-0.3312,0.4119
-0.3354,-8.9495,0.1244,-1.2593,-0.343,0.4226
-0.3187,-9.7399,0.7879,-1.2593,-0.343,0.4226
-0.1197,-10.3148,1.3868,-1.2071,-0.3472,0.4215
0.4695,-10.8633,1.6935,-1.1294,-0.3547,0.43
1.0636,-11.06,1.3796,-1.0058,-0.393,0.4354
1.0636,-11.06,1.3796,-0.7437,-0.5123,0.3224
1.0301,-11.0169,0.9343,-0.6031,-0.4942,0.2479
1.1378,-11.1869,0.8577,-0.4465,-0.3952,0.1925
2.2086,-11.6301,1.3509,-0.4465,-0.3952,0.1925
2.7979,-11.9844,1.3317,-0.274,-0.3355,0.1648
2.2038,-12.0658,1.3844,-0.1195,-0.3536,0.1296
0.5653,-12.0419,1.9812,-0.0087,-0.4314,0.0902
-0.9439,-12.0949,3.0229,0.0892,-0.5475,0.0902
-1.9521,-11.7785,3.8639,0.2308,-0.7019,0.1137
-1.7845,-11.2659,4.3837,0.4268,-0.784,0.1712
-1.7845,-11.2659,4.3837,1.0596,-0.5858,0.4407
1.4996,-12.3151,4.4987,1.0596,-0.5858,0.4407
1.4996,-12.3151,4.4987,1.8766,-0.05,0.5717
2.6303,-13.1223,4.7815,2.4657,0.2055,0.6473
3.3608,-13.3261,4.3239,3.0377,0.5826,0.6484
3.5547,-13.9345,2.029,3.3425,1.2069,0.5163
2.7955,-15.0221,-0.7113,3.4064,1.4689,0.2756
-1.5331,-14.6722,-4.6806,3.4064,1.4689,0.2756
-4.5825,-13.7379,-3.605,3.3521,1.029,0.0529
-4.5825,-13.7379,-3.605,3.0613,0.0351,0.0774
-5.9887,-13.5894,-1.4541,2.8726,0.148,0.2138
-4.5705,-16.033,1.5786,2.8726,0.148,0.2138
-2.4839,-15.8053,1.5116,2.7235,0.6359,0.315
-0.8792,-15.3525,0.4336,2.6606,1.2164,0.2948
-0.0143,-14.8685,0.7999,2.5605,1.6713,0.1744
-0.4551,-14.5046,1.66,2.4806,2.0388,0.0103
-0.4551,-14.5046,1.66,2.7086,2.0708,-0.1121
-0.4671,-12.0757,0.3642,2.7086,2.0708,-0.1121
0.6539,-10.4108,-0.225,2.6926,1.9099,-0.0854
0.6539,-10.4108,-0.225,2.3155,1.9195,-0.2932
1.6864,-9.5818,-1.0061,2.1387,2.0835,-0.4465
1.9955,-8.9902,-1.2862,2.0428,2.173,-0.4913
0.5916,-7.1984,-1.4733,2.0428,2.173,-0.4913
0.0023,-6.6762,-1.315,1.9778,2.1187,-0.4316
-0.5796,-6.2449,-1.1115,1.8862,2.0292,-0.3507
-0.5796,-6.2449,-1.1115,1.6476,1.8716,-0.2335
-1.0181,-6.0486,-1.0085,1.5219,1.8492,-0.2282
-1.751,-5.6485,-0.8481,1.5219,1.8492,-0.2282
-1.751,-5.6485,-0.8481,1.2098,1.9003,-0.2761
-1.818,-5.2076,-1.3581,1.2098,1.9003,-0.2761
-2.1033,-4.9754,-1.6696,0.9904,1.9099,-0.3443
-2.1033,-4.9754,-1.6696,0.5035,1.7565,-0.5137
-2.3211,-4.6902,-2.2613,0.5035,1.7565,-0.5137
-2.2685,-4.7189,-2.4241,0.2458,1.6095,-0.5999
-2.132,-4.6447,-2.1535,-0.0013,1.3986,-0.6724
-2.132,-4.6447,-2.1535,-0.4412,0.867,-0.7384
-2.0578,-4.6088,-1.6648,-0.617,0.5901,-0.7459
-1.8516,-5.1334,-0.2995,-0.617,0.5901,-0.7459
-1.763,-5.8256,0.5533,-0.7842,0.2918,-0.7406
-1.6457,-6.5804,1.5451,-0.9547,-0.0127,-0.7576
-1.9114,-7.3516,2.6758,-1.1251,-0.2886,-0.7672
-2.5055,-8.2046,4.0602,-1.2732,-0.5496,-0.78
-3.119,-9.1362,5.7849,-1.3946,-0.7616,-0.7651
-3.119,-9.1362,5.7849,-1.3776,-0.719,-0.6873
-3.6819,-10.1472,7.1721,-1.238,-0.4175,-0.601
-4.3119,-12.5737,9.7997,-1.238,-0.4175,-0.601
-4.3119,-12.5737,9.7997,-0.666,0.6146,-0.2687
-4.3406,-13.968,10.8107,-0.2601,1.0247,-0.0897
-3.7921,-15.1633,10.7364,0.1467,1.1163,0.054
-3.2267,-15.2519,10.0227,0.5014,0.8159,0.0881
-1.6816,-12.2648,8.0127,0.5014,0.8159,0.0881
-1.6816,-12.2648,8.0127,0.8817,-0.0724,-0.1142
-1.2527,-6.9731,6.2449,0.8817,-0.0724,-0.1142
-0.9822,-4.9443,4.6902,0.8029,-0.1555,-0.1941
-2.0697,-4.5226,2.6135,0.592,-0.1001,-0.2836
-2.0697,-4.5226,2.6135,-0.0471,0.0394,-0.3027
-4.4412,-9.1266,-1.842,-0.0471,0.0394,-0.3027
-4.4412,-9.1266,-1.842,-1.0804,-0.327,-0.1643
-4.3167,-11.309,-1.7247,-1.1986,-0.5592,-0.0513
-5.076,-21.0417,4.8246,-1.1986,-0.5592,-0.0513
-3.6337,-25.1214,9.8287,-0.6639,-0.8862,0.1509
-1.3365,-21.8587,7.893,0.4279,-0.9352,0.2479
1.5475,-10.3459,-1.303,1.2428,-0.0958,0.3288
1.5475,-10.3459,-1.303,0.4226,0.5965,-0.1781
1.3485,-0.8696,-10.3387,-0.6319,-0.5944,-0.3464
3.4925,2.7763,-12.7296,-1.2806,-1.4753,-0.5488
3.119,1.0444,-5.1214,-1.2167,-1.2143,-0.4338
-1.0971,-2.8338,4.3454,-0.9579,-0.7957,-0.1983
-0.5557,-6.391,2.5321,-1.1581,-1.2356,-0.1366
2.46,-10.4851,-2.5151,-1.5203,-1.8353,-0.2069
4.9539,-17.9229,-2.2565,-1.5203,-1.8353,-0.2069
4.9539,-17.9229,-2.2565,-1.6728,-1.5371,-0.5392
2.1918,-12.9738,0.5342,-1.6728,-1.5371,-0.5392
-1.6289,-9.8045,1.0277,-1.5214,-0.9054,-0.7256
-1.6289,-9.8045,1.0277,-1.3808,-0.5539,-0.4103
-3.5715,-6.499,0.5294,-1.3808,-0.5539,-0.4103
-2.8553,-6.233,0.213,-1.4021,-0.6945,-0.1728
-1.9764,-7.0476,0.2106,-1.4724,-0.9587,-0.0055
-1.0229,-8.4057,0.1173,-1.5469,-1.3517,0.0806
-0.0239,-9.3544,0.0215,-1.6227,-1.7448,0.0743
0.6467,-9.9772,0.2971,-1.6994,-1.9898,0.0263
0.872,-10.298,0.2226,-1.7015,-2.1933,-0.0737
1.1186,-10.2621,0.1795,-1.6238,-2.2114,-0.1483
1.394,-9.6106,0.1867,-1.5512,-2.0303,-0.1643
1.2096,-8.8393,0.2394,-1.4873,-1.765,-0.1579
1.2096,-8.8393,0.2394,-1.4117,-1.1983,-0.0279
0.9894,-7.917,-0.2154,-1.4117,-1.1983,-0.0279
0.9894,-7.917,-0.2154,-1.4362,-0.9917,0.1041
0.9774,-7.9098,-0.357,-1.4564,-0.8894,0.1414
0.7712,-8.6523,0.6754,-1.4564,-0.8894,0.1414
0.6658,-8.9974,1.0516,-1.4404,-0.6924,0.1627
0.6395,-9.1051,1.1258,-1.4117,-0.4623,0.1776
0.7784,-9.1961,1.1115,-1.4021,-0.2961,0.1936
0.7712,-9.0548,0.9151,-1.4106,-0.2247,0.2053
0.7712,-9.0548,0.9151,-1.4511,-0.2119,0.2351
0.5485,-9.0285,0.5773,-1.4511,-0.2119,0.2351
0.2681,-9.074,0.3809,-1.4638,-0.246,0.2617
0.1628,-9.4669,0.436,-1.4766,-0.2556,0.3033
0.1628,-9.4669,0.436,-1.4212,-0.2311,0.38
-0.0742,-10.2094,1.1091,-1.4212,-0.2311,0.38
0.3498,-10.6742,1.2934,-1.336,-0.2492,0.4364
0.9846,-10.9905,1.5236,-1.2359,-0.2599,0.4641
1.5714,-11.1677,1.4374,-1.1049,-0.2897,0.4673
1.5714,-11.1677,1.4374,-0.7672,-0.3387,0.3778
1.5667,-11.2204,0.7664,-0.7672,-0.3387,0.3778
1.5667,-11.2204,0.7664,-0.4806,-0.3142,0.2585
1.5786,-11.1294,0.9415,-0.4806,-0.3142,0.2585
1.5786,-11.1294,0.9415,-0.2133,-0.2758,0.2021
1.66,-11.218,1.1162,-0.0993,-0.4037,0.1765
1.3221,-11.3425,1.2384,-0.0119,-0.5965,0.1659
-0.6443,-11.1294,2.0242,-0.0119,-0.5965,0.1659
-1.4948,-10.825,2.1775,0.0806,-0.7541,0.1754
-1.4948,-10.825,2.1775,0.3874,-0.7179,0.3555
0.3498,-10.7556,2.3858,0.3874,-0.7179,0.3555
0.3498,-10.7556,2.3858,0.8977,-0.3227,0.5121
3.5476,-13.7283,2.9966,0.8977,-0.3227,0.5121
4.2377,-14.4591,2.6734,1.18,-0.0756,0.4705
4.2377,-14.4591,2.6734,1.9714,0.2726,0.3043
2.4432,-15.846,0.9774,1.9714,0.2726,0.3043
2.4432,-15.846,0.9774,2.8076,1.2143,-0.0886
-1.3628,-15.2352,0.6395,3.1124,1.4774,-0.1078
-6.1276,-11.678,-1.3006,3.1124,1.4774,-0.1078
-6.1276,-11.678,-1.3006,3.1774,0.7328,0.0114
-5.0448,-10.6119,-3.1166,2.9408,0.0926,0.0945
-2.841,-13.0696,-1.581,2.9408,0.0926,0.0945
-3.0927,-15.1753,-1.0253,2.7821,-0.2588,0.2042
-3.0927,-15.1753,-1.0253,2.7118,-0.0788,0.1786
-3.3704,-15.6113,-0.4911,2.7118,-0.0788,0.1786
-3.3441,-14.495,-0.3546,2.6713,0.3312,0.0817
-3.2698,-13.4123,0.1268,2.5477,0.9278,-0.0609
-2.5369,-12.641,1.042,2.3869,1.6106,-0.1707
-2.5369,-12.641,1.042,2.5264,2.595,-0.1824
-0.5868,-11.4119,1.1641,2.5264,2.595,-0.1824
-0.5868,-11.4119,1.1641,2.797,2.1315,-0.0087
1.1593,-10.1998,0.1005,2.6415,1.8396,-0.0343
1.9497,-8.9351,-1.3844,2.6415,1.8396,-0.0343
1.4781,-8.456,-1.4972,2.3933,1.6937,-0.0748
0.7377,-8.0104,-1.5212,2.1834,1.633,-0.0854
-0.3833,-7.5671,-1.3221,1.9938,1.6308,-0.0993
-1.1737,-7.105,-1.1617,1.8393,1.601,-0.1099
-1.7031,-6.8318,-1.0444,1.7073,1.4902,-0.1121
-2.1631,-6.5277,-0.9894,1.5773,1.4061,-0.144
-2.1631,-6.5277,-0.9894,1.2897,1.373,-0.2995
-2.5175,-5.9313,-0.8768,1.2897,1.373,-0.2995
-2.5175,-5.9313,-0.8768,0.9126,1.4252,-0.5158
-2.2732,-5.1981,-0.9798,0.9126,1.4252,-0.5158
-2.1152,-4.5872,-1.1019,0.6953,1.4572,-0.6244
-1.7175,-4.0578,-1.2288,0.4737,1.4529,-0.7086
-1.7175,-4.0578,-1.2288,-0.0077,1.1611,-0.8524
-1.6385,-3.7657,-1.2336,-0.2857,0.9246,-0.8908
-1.2503,-3.6026,-0.8792,-0.2857,0.9246,-0.8908
-1.4565,-3.9357,-0.357,-0.5701,0.6647,-0.9174
-1.4565,-3.9357,-0.357,-1.0037,0.1118,-0.8524
-1.5188,-4.4891,0.3211,-1.1475,-0.1853,-0.8247
-1.49,-6.3263,1.7773,-1.1475,-0.1853,-0.8247
-2.0841,-7.2678,2.9032,-1.271,-0.458,-0.8386
-2.9439,-8.1591,4.4196,-1.3616,-0.7041,-0.8215
-3.6652,-9.0476,6.3766,-1.3978,-0.8958,-0.7608
-3.883,-10.0203,8.1061,-1.3445,-0.9523,-0.682
-3.883,-10.0203,8.1061,-1.0186,-0.2567,-0.5019
-3.7322,-12.6937,10.5353,-1.0186,-0.2567,-0.5019
-3.3512,-14.1189,11.2443,-0.8045,0.4239,-0.323
-3.3512,-14.1189,11.2443,-0.1888,1.5776,0.087
-2.2469,-15.0795,9.4526,-0.1888,1.5776,0.087
-2.2469,-15.0795,9.4526,0.5153,0.8894,0.1254
-1.4446,-13.9991,8.3267,0.7858,0.2631,-0.0002
-1.4086,-11.8551,8.1447,0.9041,-0.0159,-0.0993
-1.6744,-9.273,7.8068,0.8476,-0.0063,-0.1238
-1.2288,-4.525,4.7237,0.8476,-0.0063,-0.1238
-1.4733,-3.4518,1.9497,0.6452,-0.0042,-0.1504
-2.9966,-4.1656,-1.4398,0.3224,0.0383,-0.1856
-2.9966,-4.1656,-1.4398,-0.5584,0.0245,-0.177
-3.5978,-8.681,-3.9788,-0.5584,0.0245,-0.177
-3.5978,-8.681,-3.9788,-1.3371,-0.4505,-0.2484
-5.7538,-17.3983,3.8112,-1.3371,-0.4505,-0.2484
-5.7538,-17.3983,3.8112,-0.4135,-1.7192,-0.0535
-4.9586,-29.7302,7.0189,-0.4135,-1.7192,-0.0535
1.0205,-22.9702,7.7566,0.07,-1.3709,0.184
1.0205,-22.9702,7.7566,0.7208,1.0396,-0.0908
5.4138,-9.4765,-2.6375,-0.0151,-0.2258,-0.4604
3.9142,-1.0229,-13.2686,-0.977,-1.323,-0.5733
2.8003,1.2934,-11.1701,-1.3989,-1.3539,-0.5669
-0.4695,-1.1881,-2.7739,-1.2945,-0.8852,-0.3677
-2.2014,-3.5308,2.7021,-1.1496,-0.7818,-0.2356
0.4192,-6.4918,0.4264,-1.3392,-1.3336,-0.3134
3.265,-10.2118,-2.302,-1.6259,-1.9706,-0.4604
4.6088,-14.5645,-2.8482,-1.7697,-2.3403,-0.6255
5.2148,-16.9958,-2.2254,-1.6706,-2.2678,-0.8077
0.582,-12.5689,0.3378,-1.6706,-2.2678,-0.8077
0.582,-12.5689,0.3378,-1.3073,-1.5797,-0.7118
-4.5585,-7.0763,0.7927,-1.3073,-1.5797,-0.7118
-4.5585,-7.0763,0.7927,-1.2561,-1.3645,-0.1312
-3.4494,-6.0438,-0.134,-1.2561,-1.3645,-0.1312
-1.2312,-6.9108,-0.448,-1.3115,-1.5765,0.1435
-1.2312,-6.9108,-0.448,-1.4564,-2.2891,0.3171
1.6145,-10.0323,-0.369,-1.4564,-2.2891,0.3171
2.2421,-10.5665,-0.1556,-1.4692,-2.4757,0.2553
2.2421,-10.5665,-0.1556,-1.3275,-2.4064,0.0743
3.0493,-9.9868,-0.2681,-1.3275,-2.4064,0.0743
2.975,-9.2224,-0.3618,-1.3136,-2.1496,-0.0034
2.8482,-8.6786,-0.3067,-1.3158,-1.8684,-0.0535
2.3307,-8.3722,-0.2466,-1.3403,-1.5925,-0.0727
2.3307,-8.3722,-0.2466,-1.3648,-1.0929,0.0157
1.9258,-8.3339,-0.134,-1.3637,-0.8841,0.0806
1.1426,-8.9519,0.6491,-1.3637,-0.8841,0.0806
0.831,-9.153,0.9965,-1.3509,-0.72,0.1328
0.6156,-9.1626,1.2096,-1.3499,-0.6167,0.1744
0.6156,-9.1626,1.2096,-1.368,-0.54,0.2298
0.4911,-8.7316,1.236,-1.368,-0.54,0.2298
0.3235,-8.4991,0.9367,-1.3552,-0.572,0.25
0.3235,-8.4991,0.9367,-1.3605,-0.5794,0.2873
0.0957,-8.4655,0.7209,-1.385,-0.5326,0.3235
-0.146,-8.6236,0.5126,-1.4021,-0.4378,0.3683
-0.067,-9.4478,0.5557,-1.4021,-0.4378,0.3683
-0.067,-9.4478,0.5557,-1.3797,-0.3131,0.4524
0.2082,-9.8117,0.8457,-1.3073,-0.2918,0.5003
0.7329,-10.1208,1.3413,-1.1677,-0.2844,0.5376
1.5307,-10.3028,1.7989,-0.9845,-0.2993,0.5238
1.8204,-10.5569,1.2982,-0.9845,-0.2993,0.5238
1.1665,-10.7748,0.7305,-0.8141,-0.3291,0.4492
0.8625,-10.9136,0.6467,-0.6979,-0.3355,0.3576
0.8625,-10.9136,0.6467,-0.4774,-0.1448,0.2351
2.0434,-11.4526,0.5198,-0.4774,-0.1448,0.2351
2.2948,-11.7306,0.4839,-0.3475,-0.0958,0.2106
1.4733,-12.0275,0.8601,-0.2484,-0.2354,0.1829
-0.2537,-12.0877,1.5499,-0.1792,-0.4804,0.1584
-0.2537,-12.0877,1.5499,-0.0023,-0.8607,0.2063
-2.4097,-11.1773,2.9104,-0.0023,-0.8607,0.2063
-1.5834,-10.7604,3.0038,0.1978,-0.9001,0.3267
-1.5834,-10.7604,3.0038,0.7933,-0.5496,0.5461
0.3235,-11.3521,3.3177,1.1619,-0.376,0.5153
2.1823,-12.4205,2.6039,1.5134,-0.3057,0.4556
3.7873,-14.5621,0.8215,1.5134,-0.3057,0.4556
3.7873,-14.5621,0.8215,2.3144,0.2748,0.2894
3.3464,-16.1791,1.1785,2.7714,1.0577,0.1478
