andar
9.613,-20.5859,14.8422,-0.4009,-1.0988,-0.0508
9.2969,-20.4111,14.3487,-0.3349,-1.516,-0.7588
5.3058,-17.7775,8.0831,0.2459,-1.9003,-1.1155
2.8036,-13.5993,1.707,1.0785,-2.2094,-1.0312
0.5793,-6.5675,-1.6663,1.6277,-2.4983,-0.5682
1.4796,-2.5953,-0.0598,1.6332,-2.3016,-0.2646
4.5178,0.2896,2.8131,1.0852,-1.5753,-0.1327
7.6282,-3.0837,6.376,0.7951,-1.3481,-0.1553
8.0879,-12.9505,8.2483,0.7077,-1.491,-0.1296
5.3321,-16.104,5.3417,0.7596,-1.8233,-0.1149
1.64,-21.0336,-4.3095,0.9221,-1.7622,-0.2579
3.4045,-24.9915,-5.6841,0.9038,-0.6266,-0.2933
2.2433,-15.8573,-2.3702,0.1708,2.1222,-0.0862
0.7781,-11.1046,-3.2202,-0.0368,2.0116,-0.308
-1.4748,-2.6144,-10.6736,0.1976,0.7862,-0.4277
0.4429,1.3192,-10.755,0.2086,0.3555,-0.1223
3.3973,-3.5673,4.4939,-0.415,1.0159,0.1537
3.1986,-3.9887,4.1204,-1.126,1.6744,0.3474
-0.3112,-7.4031,-5.6194,-1.3416,0.945,0.5264
-5.1645,-9.1293,-10.5706,-1.5701,0.832,0.6033
-5.6937,-12.407,-5.981,-2.509,2.4142,0.6473
-5.6937,-12.407,-5.981,-4.06,5.27,0.8361
-4.2353,-15.1367,-1.1683,-4.06,5.27,0.8361
-3.632,-17.8972,0.0095,-3.8407,4.5956,0.7005
-2.2888,-16.5852,-0.1556,-3.3752,3.2877,0.4237
-2.2888,-16.5852,-0.1556,-2.2518,2.0727,0.0358
-1.0558,-13.8363,0.735,-2.2518,2.0727,0.0358
-0.5674,-12.0455,0.6727,-1.9171,1.8149,-0.1094
-0.2082,-9.6656,0.4285,-1.7375,1.6616,-0.2188
-0.3974,-9.194,0.4716,-1.8096,1.5638,-0.2585
-0.5051,-8.6912,-0.4477,-2.0484,1.741,-0.0942
0.4596,-9.1796,0.2418,-2.3734,1.9664,0.2765
2.7605,-8.9043,0.7086,-2.6617,2.0171,0.8184
2.7605,-8.9043,0.7086,-2.5316,1.6243,0.9137
1.6591,-7.87,0.9361,-2.5316,1.6243,0.9137
1.5634,-7.5779,1.7549,-2.3001,1.3299,0.6791
0.6799,-7.9418,1.3263,-2.0484,0.9585,0.5245
0.6799,-7.9418,1.3263,-1.6599,0.6323,0.3162
0.0119,-8.2938,0.4453,-1.6599,0.6323,0.3162
-0.1077,-8.4925,0.1939,-1.6507,0.8406,0.3138
-0.4094,-8.2914,-1.6567,-1.7393,1.5235,0.3217
-0.4094,-8.2914,-1.6567,-1.7369,1.9914,0.2838
-0.2609,-7.7359,-2.8155,-1.6941,2.2248,0.2185
0.2059,-7.123,-3.3111,-1.63,2.1881,0.1244
0.8451,-6.7232,-2.1499,-1.5829,1.8601,0.0383
0.79,-7.1374,-1.0438,-1.6849,0.6872,-0.1125
-0.0909,-8.2938,0.4979,-1.7582,-0.0726,-0.228
-1.0438,-9.4526,1.4317,-1.7882,-0.4709,-0.3147
-1.8052,-10.8963,2.0781,-1.8248,-0.4556,-0.352
-1.8171,-11.32,2.5306,-1.8957,-0.0836,-0.3434
-0.6727,-11.5475,3.3925,-1.9268,0.5278,-0.3006
0.9552,-11.5427,3.5936,-1.6397,1.3445,-0.1644
1.3287,-11.8755,3.2441,-1.2861,1.46,-0.1351
1.3287,-11.8755,3.2441,-0.586,0.8962,-0.3312
-2.2385,-12.0263,2.6982,-0.586,0.8962,-0.3312
-4.0509,-12.8715,1.8171,-0.2971,0.6628,-0.4925
-4.4484,-15.4264,1.6232,-0.0637,0.7398,-0.4925
-4.367,-15.503,1.731,0.0804,1.4295,-0.3856
-2.4636,-15.1439,3.7445,0.0449,1.9499,-0.2249
0.213,-13.6352,6.1677,-0.0686,1.9633,0.0297
0.9193,-10.6425,4.8817,-0.0814,1.4319,0.1861
0.7876,-10.7789,4.7237,0.1915,0.8791,0.1091
-0.8762,-12.0862,3.3375,0.8055,0.3519,-0.173
-3.4715,-12.0407,2.9616,1.2373,0.1876,-0.286
-4.9682,-10.7239,3.1842,1.6668,0.2303,-0.3379
-4.2185,-10.8699,2.7437,2.0938,0.4948,-0.2725
-3.3279,-11.9186,1.561,2.5635,0.7606,-0.1595
-2.2098,-14.6647,-1.0342,3.0376,0.7887,-0.093
-3.5889,-17.9954,-7.4438,3.5941,0.372,-0.0306
-1.3766,-18.4551,-10.2618,3.6765,-0.1025,0.1379
3.4835,-18.0911,-8.775,3.3925,-0.4263,0.6015
5.9522,-17.4232,-4.1874,2.8115,-0.5124,1.0804
7.3409,-15.6754,2.3846,2.3448,-0.3395,1.2435
7.1637,-15.3977,2.3175,2.2166,-0.8258,1.0175
5.8038,-14.4038,0.6823,2.4652,-1.5869,0.6162
5.3872,-14.3295,0.0861,2.7028,-1.9601,0.1788
7.0967,-14.6408,0.6368,2.8176,-1.8361,-0.0575
7.0967,-14.6408,0.6368,2.9123,-1.5203,-0.096
6.8884,-14.7871,-0.1699,3.0681,-1.3664,-0.1052
4.9467,-13.9106,-0.1843,3.2941,-1.852,-0.2671
-3.134,-11.7773,0.0383,3.3277,-2.425,-0.5688
-3.134,-11.7773,0.0383,3.2929,-3.3413,-0.7313
-5.0927,-12.419,-0.4668,3.2929,-3.3413,-0.7313
-5.4064,-12.8882,-2.4923,3.1328,-3.6785,-0.3617
-4.4843,-11.9497,-3.5218,3.018,-2.94,0.0939
-2.636,-9.9577,-3.3734,2.5599,-1.6437,0.7701
-1.209,-7.3337,-3.7349,2.1994,-1.8398,1.0603
0.2322,-5.4423,-4.4005,1.9966,-2.0884,1.1268
0.735,-3.7158,-4.8003,1.8879,-2.3896,1.0908
0.5626,-3.055,-4.6662,1.8464,-2.7585,0.9295
0.1101,-1.8914,-4.355,1.8751,-3.1898,0.6052
-0.1173,-1.1779,-4.0198,1.9038,-3.1122,0.384
0.6344,-0.2298,-3.7948,1.8952,-2.7714,0.1623
0.9409,-0.2059,-3.8546,1.7596,-2.4073,-0.0099
1.5634,-0.146,-3.6415,1.4603,-2.1348,-0.1009
2.0949,-0.1436,-3.4093,1.0327,-1.8416,-0.1235
1.9847,-0.5889,-2.691,0.3326,-1.7042,0.078
1.8866,-0.7182,-2.6072,-0.0802,-1.885,0.3126
1.5538,-1.6184,-2.0901,-0.4266,-2.0958,0.5496
1.4197,-2.8969,-1.0151,-0.7363,-2.155,0.7591
2.2313,-5.7703,4.0557,-1.0295,-2.0432,0.9179
2.3558,-6.0552,4.6495,-1.3972,-1.6266,1.0829
3.6894,-8.787,10.2091,-1.5249,-1.1819,1.1641
5.1885,-12.3352,13.6759,-1.3856,-0.8594,1.1275
5.9786,-15.4982,12.4836,-0.9348,-0.7555,0.9027
7.7694,-16.4487,13.8172,-0.5286,-0.7531,0.5343
10.7694,-17.5093,16.0561,-0.4907,-0.8533,0.1464
10.9274,-17.4447,13.6328,-0.3655,-0.8759,-0.4601
10.9274,-17.4447,13.6328,0.4377,-0.8093,-0.5157
5.0041,-12.5315,4.961,0.4377,-0.8093,-0.5157
2.387,-8.8253,1.0055,0.7389,-0.7653,-0.2909
3.0023,-5.8421,0.4046,0.9282,-0.7775,-0.1937
6.6298,-4.9132,2.5498,0.9771,-1.0976,-0.1266
6.6298,-4.9132,2.5498,0.7743,-1.6553,-0.1681
8.3249,-9.9218,5.1502,0.7743,-1.6553,-0.1681
7.6856,-13.2162,5.4255,0.5813,-1.6333,-0.2438
4.5178,-18.4,-7.3002,0.5385,-1.2955,-0.4027
4.5178,-18.4,-7.3002,0.1329,1.5736,-0.6678
7.9514,-20.5811,-2.7629,0.1329,1.5736,-0.6678
5.3609,-16.9946,0.3543,-0.0136,2.2511,-0.6513
-2.0925,-1.865,-9.6968,0.3693,1.5779,-0.746
-2.4468,-1.537,-9.4573,0.6637,0.5333,-0.5401
-3.1675,-1.4173,-3.4404,0.1775,0.3879,-0.3123
-2.0302,-3.292,0.0311,-0.6117,0.7111,-0.0117
-1.8267,-5.8565,-2.4444,-1.3484,1.5596,0.6217
-3.1794,-7.6904,-5.4183,-1.6318,1.8357,0.7866
-4.3143,-10.0846,-6.7256,-2.0667,2.3995,0.753
-3.9935,-12.5363,-5.21,-2.6752,3.3598,0.6638
-3.1962,-17.0904,-0.7206,-3.1767,4.1111,0.6021
-3.3279,-18.2348,1.2928,-3.2952,3.9523,0.4689
-2.9281,-18.1151,1.5705,-3.0759,2.901,0.3749
-1.8195,-16.76,0.6943,-2.6324,1.9243,0.4011
-1.446,-13.1301,0.0598,-2.1749,1.5192,0.4781
-1.1635,-12.7589,-0.1005,-1.9226,1.6335,0.5184
0.395,-10.8603,-0.9816,-1.8859,1.9365,0.5972
1.8722,-9.3209,-0.1556,-2.225,2.1576,0.9308
3.1794,-7.4414,1.2952,-2.5866,2.1637,1.1806
3.0023,-7.2978,1.2665,-2.7894,2.2187,1.3437
2.7174,-6.7423,1.3862,-2.79,2.4203,1.3193
1.6783,-6.6849,0.7805,-2.6788,2.6878,1.1763
0.237,-7.9514,-0.3232,-2.4528,2.7471,0.7823
0.237,-7.9514,-0.3232,-2.2928,2.7055,0.5184
-0.0694,-8.7199,-0.3136,-2.1419,2.526,0.3242
-0.1651,-9.4645,0.2394,-2.0221,2.1277,0.249
-0.8116,-9.2778,0.7637,-1.9366,1.653,0.2154
-1.3,-8.7247,0.6416,-1.845,1.2315,0.1653
-1.5346,-8.4326,0.3711,-1.6709,1.0324,0.1317
-1.118,-8.3776,0.6177,-1.6196,1.1723,0.1482
-0.0933,-8.5547,0.3687,-1.6275,1.4441,0.1598
0.2705,-8.5212,-0.2178,-1.6245,1.6976,0.1134
0.5075,-8.2195,-1.1611,-1.586,1.7923,0.0132
0.3926,-7.7,-1.7405,-1.5536,1.6836,-0.1217
-0.8283,-8.2579,-0.7517,-1.5909,1.0764,-0.3037
-1.2569,-8.5116,-0.2274,-1.7039,0.4319,-0.374
-2.3127,-9.3496,1.3838,-1.8364,-0.141,-0.3886
-2.6408,-9.9649,2.217,-1.9262,-0.4134,-0.3391
-2.6001,-11.2865,3.1747,-1.9562,-0.3432,-0.2469
-2.3798,-11.3368,3.3135,-1.9317,0.2212,-0.1229
-0.5434,-11.6049,3.7852,-1.7778,0.741,-0.0349
1.3742,-11.435,3.4021,-1.4595,1.1014,0.0218
1.3742,-11.435,3.4021,-0.6868,0.8791,-0.1156
1.2378,-11.3392,2.4875,-0.4015,0.6054,-0.2933
-0.7613,-12.1676,1.3431,-0.4015,0.6054,-0.2933
-2.7916,-13.8699,0.316,-0.0209,0.7312,-0.5768
-2.7916,-13.8699,0.316,0.194,1.8632,-0.57
-3.4955,-14.8111,2.1523,0.194,1.8632,-0.57
-1.0151,-13.2498,4.3742,0.0003,1.9609,-0.231
-0.3591,-12.3615,5.0807,-0.239,1.504,0.0572
-2.6958,-12.4884,2.873,0.015,0.6414,0.0377
-3.9288,-13.3288,2.6216,0.4609,0.1179,-0.0722
-5.8373,-14.2984,4.0773,0.8366,-0.2974,-0.0826
-6.4071,-14.2386,4.7405,1.1298,-0.5002,-0.0716
-3.9911,-12.917,2.6623,1.5122,-0.466,-0.0068
-3.9911,-12.917,2.6623,2.8317,0.2529,0.1611
-2.229,-13.1301,-1.5227,2.8317,0.2529,0.1611
0.5602,-13.1181,-3.8953,3.0766,0.0868,0.29
5.4997,-14.6647,-4.8099,3.1445,-0.3438,0.4512
5.3297,-14.6576,-5.5141,3.1432,-0.8875,0.5642
4.5825,-14.6049,-9.2012,3.2452,-1.0573,0.5679
4.5681,-15.4719,-6.7519,3.2202,-0.2424,0.5337
4.9347,-15.9292,1.695,2.5544,0.5351,0.607
5.0688,-15.9292,1.7741,2.3167,0.7477,0.6638
6.1318,-15.7328,1.4556,2.4603,0.2621,0.7823
7.0703,-15.5796,0.4836,2.748,-0.3407,0.7939
8.0687,-15.2061,-2.2601,2.9881,-0.6908,0.5997
6.8237,-14.8709,-4.6734,3.1365,-0.8765,0.0474
3.8762,-13.7525,-1.5155,2.8928,-1.3945,-0.4014
0.9121,-13.3958,0.735,2.4285,-2.6321,-0.7154
-3.0909,-13.379,6.2946,2.3399,-3.9106,-0.8254
-3.778,-13.7885,3.3686,2.5098,-5.3908,-0.8009
-6.2707,-13.6041,-2.4851,3.2025,-5.8776,-0.6403
-6.0911,-12.8523,-3.8331,4.1493,-3.7255,-0.2897
-1.9704,-9.2131,-3.6152,4.0962,-1.7286,0.2136
-1.3886,-8.6744,-3.7948,3.7242,-0.6193,0.7072
0.7733,-5.8014,-4.0845,3.2129,-0.8276,1.0016
0.4572,-3.7924,-3.9887,2.7132,-1.6639,0.9356
-0.7876,-2.1284,-3.9815,2.1475,-2.8349,0.4952
-0.7876,-2.1284,-3.9815,1.7871,-3.0328,0.2044
-0.2346,-1.5394,-3.7181,1.7871,-3.0328,0.2044
0.3495,-1.3,-3.3494,1.6332,-2.8263,0.1207
1.2593,-1.1635,-3.5362,1.4408,-2.5783,0.034
1.2593,-1.1635,-3.5362,0.7395,-2.1965,-0.0099
1.5682,-0.7469,-3.6128,0.7395,-2.1965,-0.0099
1.8052,-0.7876,-3.4907,0.4426,-2.1275,0.0749
1.1133,-1.1109,-3.1316,0.1518,-2.1208,0.2515
0.3639,-1.6424,-2.7293,-0.1651,-2.2375,0.4433
-0.1628,-2.5857,-1.403,-0.495,-2.2601,0.64
0.0191,-3.1411,0.3639,-1.0252,-1.8661,0.954
1.7645,-4.1467,3.5913,-1.3282,-1.3132,1.1281
2.6096,-4.9323,4.9108,-1.5457,-0.6853,1.2673
4.8937,-7.4965,7.858,-1.6709,-0.083,1.3052
8.1908,-10.2929,10.1828,-1.6929,0.3122,1.2808
9.0408,-16.8629,11.3368,-1.6202,0.413,1.1519
8.8708,-17.55,11.8611,-1.4785,-0.0432,0.6491
8.2602,-20.1885,14.9188,-1.3862,-0.8337,0.2643
6.953,-21.2204,15.8143,-0.9886,-1.4006,-0.1076
2.5713,-15.0553,8.5667,-0.148,-1.6779,-0.4686
2.0757,-13.2282,6.8046,0.8629,-1.9491,-0.5847
0.5937,-8.4135,2.9352,1.5128,-2.0127,-0.3868
1.4101,-3.8905,2.442,1.398,-1.323,-0.0514
8.2171,-6.0983,5.7032,0.9484,-0.6382,0.2044
8.2171,-6.0983,5.7032,0.6075,-0.2906,0.3627
9.2921,-13.6496,4.9443,0.4353,-0.499,0.4934
7.542,-20.3321,2.6886,0.2838,-1.111,0.4665
6.0719,-29.1526,4.343,-0.2121,-1.4372,0.0939
2.3918,-28.6834,4.6471,-0.3343,-0.2485,-0.2194
-2.2577,-13.5083,-3.7134,0.3632,1.3818,-0.5761
-1.8674,-1.4293,-11.3416,1.2294,1.1759,-0.4912
-0.7469,6.4095,-17.7464,1.489,0.4539,-0.2671
-0.7469,6.4095,-17.7464,-1.1272,2.2999,0.8648
5.1286,2.885,1.3096,-1.1272,2.2999,0.8648
7.7192,-2.4732,16.2596,-1.9165,2.4374,1.0199
-1.719,-11.4828,-11.1333,-1.4473,1.3146,0.7634
-3.699,-12.1197,-13.9824,-0.3221,-0.3456,0.4341
-8.8061,-15.6083,-12.4118,-0.9305,0.0171,0.2936
-7.5587,-18.5029,-6.7112,-3.3838,4.7898,0.6143
-7.3959,-18.3282,3.9169,-4.0679,6.5369,0.7451
-7.2259,-17.8493,3.11,-3.972,6.3445,0.6882
-4.5729,-15.0505,-0.5985,-3.1981,4.8271,0.7988
-2.3127,-12.5961,-2.9855,-2.4772,2.7801,0.9961
1.5346,-8.7678,-0.2178,-2.0954,1.6463,1.0603
1.6735,-8.5428,-0.0718,-2.027,1.5064,0.7799
2.545,-7.463,-0.1915,-2.049,1.4698,0.4317
1.4101,-7.2643,-1.1348,-2.0289,1.4001,0.07
1.8483,-9.3664,-2.1428,-2.1156,1.2444,-0.1724
1.7525,-9.7279,-3.6535,-2.2531,1.0758,0.1421
1.312,-9.8691,-0.8978,-2.3435,1.0043,0.6944
-0.0407,-9.4765,0.7302,-2.5786,0.8467,0.8544
-0.5674,-9.6273,0.9385,-2.3728,1.1301,0.676
-0.383,-9.5866,1.0055,-2.1474,1.3201,0.494
0.6847,-9.3352,0.5363,-1.9623,1.4881,0.3675
1.4891,-8.6481,-0.0718,-1.8352,1.7019,0.3785
0.6368,-7.3624,0.2992,-1.8737,1.9774,0.3541
0.3447,-7.2786,0.1556,-1.8688,2.1142,0.2362
-0.7852,-7.1278,-1.0414,-1.677,2.2633,0.078
-1.1875,-7.2307,-2.0518,-1.4217,2.2505,-0.0606
-1.2473,-6.4885,-2.3822,-1.2182,2.036,-0.1192
-1.2713,-6.4,-2.3463,-1.057,1.7495,-0.1589
-1.3072,-6.2826,-1.5969,-1.0124,1.0941,-0.1766
-1.13,-6.9578,-0.4237,-1.2201,0.4802,-0.1626
0.0814,-8.5811,-0.1843,-1.465,0.1527,-0.0972
0.1484,-8.5811,-0.1843,-1.5817,0.2963,-0.0123
1.118,-9.0623,-0.2442,-1.6342,0.7086,-0.005
2.2888,-9.8021,0.5434,-1.6923,1.2908,0.0053
2.3271,-9.8787,1.3599,-1.6886,1.328,-0.0612
2.3271,-9.8787,1.3599,-1.3685,0.8003,-0.3898
-0.0598,-11.1285,1.4772,-1.3685,0.8003,-0.3898
-1.0582,-12.0215,1.5777,-1.1138,0.7496,-0.4137
-3.7325,-12.5722,2.6551,-0.8927,0.9432,-0.3795
-4.8674,-12.7087,2.454,-0.6422,1.35,-0.3904
-5.3513,-13.1851,0.8116,-0.4345,1.5516,-0.3361
-4.3813,-13.628,0.328,-0.214,1.8516,-0.2072
-2.8036,-14.4157,2.2026,-0.0765,2.1772,-0.1211
-2.5019,-14.5881,2.691,-0.0503,2.2199,-0.071
-1.5634,-14.9835,3.9935,-0.0943,1.65,0.0548
-1.7238,-15.0313,4.1467,-0.0246,1.1375,0.1354
-3.6655,-14.1021,3.4739,0.2679,0.7868,0.1666
-3.7852,-14.071,3.4859,0.6405,0.6109,0.2423
-4.0294,-14.2888,3.2752,0.9875,0.5089,0.3694
-3.9217,-14.545,2.8969,1.3992,0.5156,0.4665
-3.9217,-14.545,2.8969,2.6301,0.697,0.4677
-0.0814,-13.1971,1.1252,2.9899,0.3048,0.4286
3.7229,-11.9665,-0.8212,2.9899,0.3048,0.4286
6.2012,-12.3735,-0.62,3.1945,-0.3175,0.351
5.3321,-13.6185,-4.786,3.3576,-0.9009,0.1886
3.4691,-14.3128,-7.2068,3.6179,-1.2308,0.0065
2.5761,-16.0632,-6.6418,3.5556,-0.6413,-0.1046
2.9089,-16.9611,-2.3487,3.1506,0.3116,0.0914
4.2425,-17.5261,1.7094,2.8329,1.044,0.2936
4.853,-17.4016,1.7477,2.806,1.2407,0.395
5.7679,-16.7097,1.0869,3.0052,0.9444,0.3834
5.8636,-15.3115,0.3998,3.3204,0.5211,0.1592
2.9592,-14.2817,-3.1699,3.4462,0.4881,-0.1382
2.5139,-14.1404,-3.0478,3.3369,0.0562,-0.421
0.4501,-13.8603,0.3734,2.839,-1.2253,-0.5334
-1.1133,-13.8579,4.4699,2.2892,-2.8117,-0.5065
-4.288,-12.5746,1.4197,2.0748,-4.3425,-0.4644
-5.0041,-12.3591,0.5123,2.7162,-5.0646,-0.2903
-6.2419,-11.8827,-2.2649,3.2031,-4.0053,-0.1345
-6.2419,-11.8827,-2.2649,3.2,-1.5368,0.5703
-1.2928,-6.5197,-4.0246,3.2,-1.5368,0.5703
-1.2928,-6.5197,-4.0246,2.4304,-1.9015,0.6858
-0.3758,-4.4532,-4.3598,2.4304,-1.9015,0.6858
-0.1244,-3.2585,-4.4532,2.1365,-2.1098,0.5526
-0.2298,-2.1787,-4.2688,1.9056,-2.4384,0.4164
-0.3447,-1.6615,-4.027,1.8054,-2.7585,0.2319
-0.1795,-1.3287,-3.6918,1.8103,-2.7463,0.0505
0.2585,-0.8403,-3.4787,1.7957,-2.4867,-0.0923
0.6224,-0.4022,-3.0238,1.5696,-2.1941,-0.2225
0.7517,-0.4548,-2.9783,1.2349,-2.0267,-0.2047
0.8619,-0.8906,-2.952,0.8256,-1.9235,-0.1076
0.7254,-1.0295,-2.7964,0.4249,-1.8997,0.0456
0.8331,-1.5155,-1.9416,0.0504,-1.863,0.2515
0.8906,-1.7262,-1.7908,-0.4907,-1.6785,0.6724
0.6655,-2.4468,-0.869,-0.8548,-1.4751,0.9692
0.4046,-3.3207,0.1436,-1.2042,-1.2393,1.1965
1.9512,-5.5716,3.0597,-1.4937,-1.0206,1.37
2.4133,-5.7487,3.8115,-1.702,-0.8227,1.5349
4.7668,-7.9969,9.0455,-1.8077,-0.615,1.6736
8.0496,-11.4493,13.3,-1.6171,-0.1782,1.6491
6.3832,-17.823,11.9258,-1.1529,-0.1618,1.4072
6.0767,-18.139,11.9545,-0.7137,-0.3914,0.9094
4.2736,-20.0424,13.4365,-0.5603,-0.6675,0.3645
4.2736,-20.0424,13.4365,-0.1926,-1.0658,-0.4692
3.4476,-16.4415,10.688,-0.1926,-1.0658,-0.4692
3.5338,-13.1324,7.4127,0.8427,-1.2338,-0.6134
3.1651,-8.8349,4.1922,1.3467,-1.1288,-0.4515
3.1435,-5.2483,2.2601,1.4127,-0.9748,-0.3086
4.343,-1.7453,3.1986,1.2324,-0.7842,-0.1705
5.2771,-2.3391,3.608,0.9288,-0.7152,-0.0557
7.6976,-7.4031,5.2459,0.5141,-0.8478,0.1311
7.9466,-12.4094,7.9897,0.2245,-1.1062,0.2472
5.6099,-22.5348,10.5012,0.029,-1.3853,0.1305
4.3622,-24.6396,9.5842,0.0113,-1.6517,-0.1418
-1.2354,-26.3083,0.8954,0.3314,-1.5551,-0.5303
-2.5258,-16.5493,-6.3784,0.9563,-0.5313,-0.7545
0.7948,0.6105,-10.6664,1.3919,0.9328,-0.2738
0.7948,0.6105,-10.6664,0.7376,1.0464,0.1537
2.0781,4.343,-13.2569,0.7376,1.0464,0.1537
7.384,1.1348,-3.0669,-0.0045,1.7624,0.5123
5.04,-7.8125,1.8387,-0.8297,1.763,0.7426
5.04,-7.8125,1.8387,-0.8383,-0.2063,0.3486
-5.0161,-10.4198,-8.8732,-0.5518,-1.7188,-0.0221
-9.8572,-12.8882,-9.4741,-1.363,-0.6492,-0.1003
-8.107,-15.2899,-5.7942,-2.5017,2.4191,0.2472
-5.4782,-17.4447,-1.7956,-3.2146,4.6854,0.6632
-3.8331,-19.2715,3.2369,-3.4363,5.3054,0.8483
-3.7684,-17.9858,3.6056,-2.9586,3.8906,0.6717
-0.5961,-13.628,0.4046,-2.3007,2.1148,0.6369
0.3088,-11.8204,0.0574,-1.7772,0.8302,0.7176
1.0462,-9.8548,-0.7302,-1.5884,0.7471,0.6748
1.64,-9.4669,-0.8212,-1.6953,1.1967,0.5471
4.2544,-9.9482,-1.1659,-2.0832,1.5131,0.4751
4.2544,-9.9482,-1.1659,-3.195,2.2224,1.5923
5.2196,-8.0543,1.6184,-3.195,2.2224,1.5923
3.6152,-6.7208,1.8219,-3.2182,2.7104,1.5599
0.2777,-7.2499,-0.8212,-2.9244,3.1026,1.1739
0.2777,-7.2499,-0.8212,-2.1608,2.6451,0.486
-0.8738,-8.6673,-1.4149,-2.1608,2.6451,0.486
-1.8291,-9.3783,-0.8571,-2.0319,2.3879,0.3498
-2.5713,-9.3568,-0.5315,-1.9409,2.2443,0.2649
-2.5522,-9.2874,-0.5386,-1.8878,2.0055,0.249
-1.8579,-8.6553,-0.3878,-1.8798,1.9004,0.3052
-1.154,-7.9298,-0.4429,-1.9281,1.9884,0.4195
-0.6607,-7.1637,-0.6248,-1.9464,2.3989,0.425
-0.4429,-6.692,-1.1947,-1.8902,2.5192,0.3205
-0.1077,-6.5795,-1.7501,-1.7466,2.4624,0.1861
0.2274,-6.4718,-2.0183,-1.6,2.1753,0.0407
-0.1484,-7.2164,-1.1516,-1.5041,1.5834,-0.1137
-0.79,-7.9275,-0.2466,-1.4968,0.4533,-0.3123
-1.7238,-9.4047,1.0366,-1.5414,0.0067,-0.3538
-1.8028,-10.2331,1.4149,-1.5695,0.0293,-0.2915
-0.5363,-10.664,1.9608,-1.6373,0.3812,-0.165
-0.2609,-10.6856,1.9249,-1.7558,0.8271,-0.0276
0.7374,-10.2307,2.1499,-1.8047,1.1503,0.1134
1.7022,-10.0774,2.8203,-1.6739,1.278,0.2087
0.4357,-10.2786,2.691,-1.4565,1.1252,0.1708
0.225,-10.3695,2.636,-1.1596,0.8754,0.0285
-2.1164,-11.0567,1.8555,-0.834,0.7276,-0.0997
-4.2736,-11.7223,0.79,-0.5115,0.8577,-0.2139
-5.2052,-14.2146,1.0031,-0.2763,1.1607,-0.275
-5.2412,-14.3248,1.0821,0.0321,2.0202,-0.2725
-5.8445,-15.1199,1.6735,0.2227,2.4258,-0.2176
-5.4471,-15.9316,2.3558,0.2777,2.3122,-0.0172
-2.6001,-15.2013,4.4867,0.164,1.6341,0.3303
-2.0278,-14.8925,4.6686,0.1824,0.9603,0.6882
-2.1068,-15.6898,3.5098,0.7548,0.7624,0.8013
-1.9129,-16.1638,2.8754,1.2331,0.9939,0.8153
0.4285,-14.5546,2.5306,1.6772,1.3409,0.8428
2.2888,-13.6376,2.1045,2.1084,1.5174,0.8575
5.4351,-12.6752,1.0893,2.4951,1.2902,0.8251
5.4351,-12.6752,1.0893,3.335,-0.152,0.3358
10.0439,-12.905,-5.878,3.335,-0.152,0.3358
9.2275,-13.0534,-6.8884,3.5941,-0.4684,-0.0044
6.4335,-14.1452,-7.6713,3.6173,-0.3346,-0.5035
6.7208,-15.2875,-4.0725,3.3857,0.6872,-0.6238
8.4398,-17.6722,2.6695,3.1652,1.8668,-0.2005
7.9849,-17.6674,2.7389,3.3418,2.5351,0.1769
6.1438,-17.0856,0.7781,3.7865,2.2162,-0.1046
4.6351,-16.0154,-0.146,4.1481,1.9383,-0.509
2.4037,-13.889,0.1675,4.1536,1.7239,-0.8272
2.4037,-13.889,0.1675,3.9429,1.3109,-1.0202
2.3367,-14.0805,-1.8028,3.6044,0.5125,-1.0734
2.3367,-14.0805,-1.8028,2.4456,-3.0847,-1.231
-2.5163,-14.2074,5.2196,2.4456,-3.0847,-1.231
-3.5841,-14.1739,2.2074,2.3143,-4.1672,-1.2365
-4.707,-12.4932,-1.8076,2.7511,-3.9962,-1.1009
-3.1723,-10.2474,-2.5977,3.1219,-2.4336,-0.8578
-0.4501,-7.4989,-2.3965,3.0962,-0.6804,-0.5358
0.5913,-6.5747,-2.6431,2.6759,0.314,-0.2585
1.367,-4.6303,-2.9233,2.3772,-0.1294,-0.1907
1.142,-3.1555,-2.6072,2.1555,-0.7335,-0.1858
-0.0119,-2.5115,-3.0071,2.0376,-1.2961,-0.1864
-0.213,-2.4636,-3.1244,1.9569,-1.6981,-0.2084
-0.8571,-2.1236,-3.122,1.6411,-1.849,-0.3342
-0.9241,-1.7405,-2.9712,1.3314,-1.6651,-0.41
0.1412,-1.2066,-2.8778,1.0272,-1.4244,-0.4265
0.2777,-1.1971,-2.8419,0.7584,-1.279,-0.3849
0.5027,-1.221,-2.5905,0.4976,-1.3261,-0.322
0.1939,-1.5011,-2.2433,0.2587,-1.367,-0.2842
-0.6464,-1.6472,-1.3455,-0.0967,-1.287,-0.2157
-0.6895,-1.6328,-1.2785,-0.3392,-1.1978,-0.1088
-0.9385,-1.6974,-0.8595,-0.6086,-1.0994,0.0493
-1.1109,-2.0015,-0.0407,-0.9098,-0.9852,0.2594
-1.1563,-2.9999,2.0398,-1.2671,-0.8887,0.5209
-1.0893,-4.1659,4.6232,-1.8529,-0.7476,0.9876
-0.4357,-5.9115,10.755,-2.1852,-0.5387,1.3248
3.1818,-9.2179,22.3528,-2.3367,-0.1691,1.6473
12.5914,-14.1548,17.6338,-1.9977,0.2939,1.8739
14.2912,-15.7376,13.9584,-1.0484,0.3433,1.7731
14.0686,-17.8086,13.4078,-0.506,0.077,1.147
9.7016,-17.6554,12.9792,-0.5811,0.292,-0.041
3.3327,-15.1702,7.3768,-0.3197,-0.13,-0.5474
3.1172,-14.4373,5.9474,0.4304,-1.0353,-0.6873
3.687,-10.2929,1.4413,1.263,-1.6791,-0.6299
4.695,-5.3441,-0.0981,1.624,-1.7763,-0.5218
4.8698,0.1891,0.3327,1.4359,-1.7188,-0.4534
5.4542,0.225,0.8786,1.0693,-1.9931,-0.4778
8.016,-2.5594,5.1095,0.5947,-2.0066,-0.4198
9.1892,-8.459,8.04,0.1891,-1.7775,-0.2744
7.6689,-19.0368,11.6935,0.026,-1.6987,-0.093
7.439,-19.9706,11.672,0.0406,-1.7867,0.0499
6.151,-27.0242,2.873,0.4646,-1.0756,0.3474
6.4071,-23.8707,-8.1022,1.1048,0.6549,0.3333
4.4029,-9.5052,-12.1053,1.1145,2.2804,0.2014
1.5945,-2.4301,-8.1741,0.5635,1.9206,-0.1363
1.7046,1.7166,-5.4399,-0.0405,0.9365,-0.275
3.6703,0.7685,-5.7942,-0.393,0.7263,-0.0532
5.8277,-5.3609,1.8674,-0.6825,2.3329,0.2105
6.1198,-8.5739,4.6351,-0.8517,2.8045,0.3028
0.2801,-12.9026,2.9017,-0.8872,1.7563,0.3975
-9.4621,-16.0225,-6.0528,-0.9721,0.1308,0.3407
-12.5411,-16.5517,-8.2531,-1.4791,0.1967,0.5117
-11.1141,-16.9395,-6.2635,-3.013,3.5681,1.4005
-5.9379,-17.0066,0.6009,-3.7808,5.0873,2.0376
-1.8243,-16.7025,3.9001,-3.79,5.1411,2.282
1.1994,-11.7582,2.1643,-3.2115,3.8014,2.1574
1.4149,-11.0662,1.7549,-2.374,2.1704,1.8257
2.6743,-8.3249,-0.5147,-1.6373,0.9957,1.4353
2.3678,-7.0631,-0.5171,-1.2329,0.7935,0.8422
2.2553,-9.2562,-1.5131,-1.5554,1.1601,0.6137
2.2553,-9.2562,-1.5131,-2.0967,1.5125,0.7377
3.9791,-9.3999,0.9313,-2.6819,2.0513,1.136
2.873,-8.8109,1.3646,-3.1535,2.9212,1.5031
1.4867,-7.9729,-1.3479,-3.1254,4.4093,1.5636
1.0869,-8.131,-1.7693,-2.9641,5.0409,1.464
0.4596,-8.5045,-1.616,-2.9458,4.8924,1.3095
-0.0933,-8.8947,-1.1587,-2.7845,4.4428,1.0548
-0.5003,-8.2028,-1.1156,-2.3648,3.9957,0.7658
-0.6081,-7.9155,-0.8212,-1.8835,3.4087,0.486
-0.8762,-7.6186,-0.5339,-1.3368,2.4081,0.122
-1.288,-7.5803,-0.6224,-1.1181,1.89,-0.0471
-2.3271,-7.451,-1.1827,-1.06,1.6304,-0.1547
-2.4396,-7.3959,-1.4006,-1.2024,1.6665,-0.1485
-2.7413,-7.4869,-2.0111,-1.3887,2.0544,-0.0875
-2.5881,-7.3481,-2.0901,-1.5506,2.5516,-0.0239
-2.9352,-7.0608,-1.2808,-1.6672,2.7599,0.012
-2.9759,-7.0536,-1.1707,-1.6501,2.372,-0.0337
-2.9879,-7.6497,-0.1077,-1.5927,1.6622,-0.0923
-2.3391,-8.6409,0.7374,-1.5591,0.9597,-0.1247
0.3543,-9.8524,1.8531,-1.5377,0.6231,-0.1107
0.4884,-9.7614,1.8794,-1.5829,0.7618,-0.0826
1.4006,-8.8133,2.3582,-1.6232,1.0354,-0.0691
0.9888,-8.7894,2.4444,-1.5842,1.2187,-0.0471
-1.6448,-9.8237,0.7422,-1.4168,1.256,-0.1308
-3.3758,-11.4134,0.5315,-1.1113,1.1741,-0.2408
-5.2699,-13.5873,1.0414,-0.8132,1.1558,-0.3404
-5.2843,-14.5187,1.4891,-0.4107,1.3959,-0.3055
-1.5682,-13.0965,2.2074,-0.1682,1.6744,-0.151
-0.1771,-12.6632,2.964,-0.0472,1.7831,0.0285
0.3806,-12.8356,4.0342,0.0565,1.7825,0.0633
-1.367,-14.3798,4.0246,0.4011,1.8051,-0.063
-4.6375,-15.8597,5.6721,1.026,1.5968,-0.1925
-4.5609,-16.001,6.0073,1.1036,1.0214,-0.0453
-3.7277,-17.1047,4.9371,1.1323,0.3873,0.2784
-3.517,-16.6211,3.2273,1.5263,0.5779,0.5203
-1.3551,-16.238,0.8164,2.0828,1.3097,0.5624
-1.3551,-16.238,0.8164,3.354,2.1881,0.5349
2.7676,-15.91,-2.5641,3.354,2.1881,0.5349
6.7758,-15.0026,-4.6184,3.635,1.854,0.4219
10.1062,-15.5269,-5.0664,3.6832,1.4722,0.2527
9.8955,-15.5437,-4.8988,3.5806,1.2822,-0.027
9.6537,-15.5988,-3.5817,3.3705,1.2334,-0.4766
12.8188,-15.7496,-0.1723,3.1548,1.0984,-0.2878
12.7374,-16.1566,2.1523,3.189,0.9664,0.1873
9.8237,-15.5605,1.6663,3.5452,0.6494,0.0065
5.7799,-14.5259,1.3407,3.9868,0.267,-0.6507
2.4708,-14.6962,-0.6464,4.2367,-0.0726,-1.2383
-0.1316,-14.2601,2.5929,4.2239,-0.7018,-1.5896
-1.2306,-14.5307,4.525,3.4511,-2.9559,-1.7612
-2.9209,-15.3043,5.5548,3.1121,-4.0102,-1.793
-4.0964,-15.4479,1.7262,3.189,-4.2588,-1.7331
-3.5529,-12.1269,-2.7892,3.4029,-3.2136,-1.5303
-3.1076,-11.411,-3.0358,3.2984,-1.3138,-1.2078
-1.2593,-9.3376,-2.7509,2.9056,0.292,-0.8669
1.0055,-7.4151,-2.6862,2.1634,0.4832,-0.4039
2.1356,-3.7229,-2.6312,1.8916,-0.086,-0.2133
2.0015,-3.4596,-2.5881,1.8409,-0.6877,-0.2017
1.3646,-3.0621,-2.6264,1.9429,-1.1587,-0.2909
0.2777,-3.0071,-2.9017,2.0822,-1.6486,-0.3868
-1.4245,-2.5617,-2.4851,2.1164,-2.2363,-0.5847
-1.4245,-2.5617,-2.4851,1.9502,-2.2436,-0.6867
-1.2832,-2.3942,-2.3798,1.6869,-1.9443,-0.6739
-0.7038,-2.0183,-2.4157,1.3986,-1.6584,-0.5236
-0.1244,-1.6543,-2.3726,1.1194,-1.5368,-0.3489
-0.0263,-1.4844,-2.3535,0.8659,-1.513,-0.1803
-0.1221,-1.1947,-2.0231,0.5073,-1.6376,0.0536
-0.4118,-1.0103,-1.81,0.2355,-1.6718,0.2331
-0.7038,-0.6153,-1.3718,-0.071,-1.6174,0.4451
-0.8331,-0.5123,-0.984,-0.4388,-1.4788,0.7023
-0.4979,-0.7996,0.3447,-0.8646,-1.2393,0.9925
0.2011,-1.4604,2.7724,-1.5432,-0.7543,1.4921
5.5907,-5.483,16.6235,-1.9275,-0.3749,1.8275
6.7902,-6.3976,18.8477,-2.1278,0.0593,2.0804
11.8372,-11.0423,18.9052,-1.9061,0.3922,2.078
12.9313,-14.3679,12.6297,-1.1682,0.3543,1.6271
11.2099,-20.5763,13.549,-0.7833,0.2511,0.8367
10.1469,-20.7511,13.1157,-0.966,0.1362,-0.2432
6.0193,-18.8525,9.9649,-0.4681,-0.8343,-0.7838
5.1478,-14.1739,7.4558,0.4145,-1.3132,-0.9414
5.0448,-6.0887,2.6144,1.1268,-1.4256,-0.8278
5.1693,-5.8206,2.454,1.4725,-1.6535,-0.7374
6.5364,-5.21,2.3199,1.456,-1.9669,-0.633
8.6313,-7.8604,3.5098,1.0687,-2.0683,-0.5749
11.5116,-15.4886,5.313,0.8476,-1.5478,-0.5407
12.6009,-20.131,6.8956,0.6607,-1.1617,-0.4564
8.6864,-25.8175,6.0265,0.4872,-1.1373,-0.5206
2.0542,-21.115,-3.3518,0.6717,-0.5484,-0.7887
2.3223,-2.8802,-10.9154,1.1121,1.0965,-0.8559
1.9584,2.2649,-11.0854,0.8085,1.2285,-0.6543
1.4173,6.0288,-11.2027,0.2471,1.1564,-0.3373
2.8921,3.9121,-7.1469,-0.498,1.5632,0.1085
7.8125,-7.6976,6.0935,-1.2983,2.5272,0.4653
7.1565,-9.3185,5.878,-1.7332,2.9627,0.6455
0.8619,-15.3953,-2.7054,-1.2085,1.6659,0.3798
-6.1964,-16.9635,-8.4398,-1.0973,1.022,0.2081
-10.6712,-15.9435,-4.0174,-1.9342,2.2034,0.1507
-10.6712,-15.9435,-4.0174,-3.5224,5.2083,0.7554
-7.1062,-15.606,3.2058,-3.5224,5.2083,0.7554
-3.2752,-14.9021,4.6639,-3.3514,4.5278,1.2649
-1.13,-11.1093,0.6392,-2.6776,3.2565,1.2893
-1.0007,-10.8963,0.4812,-2.035,2.0409,1.1385
-0.8714,-8.6481,-0.9026,-1.6648,1.3726,1.0267
-0.055,-7.3983,-1.5729,-1.6397,1.058,0.9558
0.3543,-7.858,0.1029,-1.9666,0.9353,0.9497
0.7805,-8.4302,0.316,-2.8407,0.9371,1.0511
1.7764,-9.4023,-0.1005,-3.1467,1.3934,1.2857
1.6065,-9.7135,0.5937,-3.2604,2.1625,1.5001
0.972,-10.1301,0.5075,-3.2622,3.1264,1.5172
0.7757,-10.1469,0.395,-3.1791,3.7892,1.4213
0.8116,-9.5627,0.5674,-3.0912,3.9731,1.3089
1.039,-8.8995,1.0103,-2.9067,3.752,1.0407
0.6464,-8.9163,0.6919,-2.7161,3.3537,0.8556
0.8427,-9.1102,0.2082,-2.4333,2.7972,0.6302
1.7764,-9.3688,0.1651,-2.1278,2.2004,0.4683
0.9959,-9.3041,0.486,-1.9556,1.7184,0.3822
-1.1492,-8.933,-0.5171,-1.812,1.4417,0.1562
-1.1755,-8.7798,-0.7062,-1.7356,1.7056,0.0841
-1.3096,-8.7415,-1.4389,-1.7369,2.3256,0.1177
-1.1803,-8.5092,-2.6048,-1.7815,3.0825,0.1519
-0.7182,-7.0488,-3.2992,-1.7729,3.5699,0.1452
-0.7182,-7.0488,-3.2992,-1.721,3.4545,0.0798
-1.2928,-6.7112,-1.9967,-1.6245,2.306,-0.1046
-2.0087,-7.2355,-0.3806,-1.5115,1.2663,-0.2237
-2.6144,-8.8133,1.6496,-1.4211,0.2688,-0.2677
-2.7006,-9.8213,2.5043,-1.4333,-0.4006,-0.2793
-2.1404,-10.5156,2.5809,-1.5359,-0.4531,-0.2866
-0.632,-10.9298,2.4803,-1.7198,0.7013,-0.2182
1.4413,-10.8173,2.521,-1.746,1.5309,-0.1211
1.6328,-10.846,2.7246,-1.6049,1.9969,-0.118
1.1947,-11.7462,2.2649,-1.3276,1.9963,-0.264
0.0646,-13.1612,1.7118,-0.9507,1.6451,-0.4326
-2.1835,-14.6312,3.0238,-0.5958,1.2865,-0.5364
-2.3295,-14.6121,3.2249,-0.3032,1.113,-0.498
-2.5977,-14.1093,3.4715,-0.206,1.3445,-0.3917
-2.4971,-14.0063,3.3279,-0.0729,1.8057,-0.3159
-1.2785,-13.9345,4.3837,0.1219,2.3861,-0.2683
-1.0941,-13.8627,4.7093,0.3418,2.8118,-0.1864
-1.0438,-13.3886,5.8852,0.5226,2.3427,-0.0844
-2.059,-13.6687,5.404,0.7303,1.4123,-0.1467
-6.4622,-12.7182,3.699,1.1536,0.5119,-0.2353
-6.5939,-12.7446,3.6487,1.6607,-0.1092,-0.2738
-7.056,-12.8858,3.28,2.1439,-0.2577,-0.1962
-6.139,-13.1109,2.1643,2.6008,0.0629,-0.0276
-3.1316,-14.3176,0.2944,3.3045,0.6909,0.2344
-1.6017,-15.7257,-1.1252,3.6454,0.6585,0.3767
-0.1412,-17.3106,-4.4268,3.7816,-0.0243,0.4451
1.4389,-17.9642,-8.4254,3.7962,-0.9217,0.4891
3.4835,-17.9283,-6.9458,3.6753,-1.0677,0.6797
4.8889,-17.811,-4.5633,3.2825,-0.3866,0.8886
6.6801,-17.2819,0.2681,2.6154,0.8516,1.0364
6.3976,-16.3362,2.047,2.4853,0.9805,0.8544
6.8956,-15.3163,0.7924,2.6796,0.5749,0.5245
7.0727,-15.2899,0.4668,3.0119,-0.0231,0.3352
6.728,-15.9603,-1.0558,3.3344,-0.4018,0.2167
5.6194,-15.8597,-0.8619,3.6112,-1.152,-0.0123
-0.0742,-13.8339,1.5993,3.5941,-2.0805,-0.2585
-0.8283,-13.6137,1.6927,3.5941,-3.0261,-0.5908
-3.2992,-13.6927,3.687,3.6283,-4.1367,-0.7765
-4.8027,-13.9489,2.2529,3.6099,-5.3804,-0.7435
-4.9036,-12.0527,-3.4117,3.6997,-5.8507,-0.5682
-4.9155,-11.7917,-3.5649,3.7883,-3.7817,-0.1192
-3.5529,-9.759,-4.0892,3.4419,-1.863,0.205
-1.2737,-7.5276,-4.2233,2.8604,-1.5197,0.5496
-0.0574,-4.5513,-4.3909,2.4053,-1.8734,0.7408
0.4118,-3.5098,-4.5154,2.2233,-2.2888,0.7347
-0.4548,-2.952,-4.9084,2.2776,-2.7115,0.5526
-0.7134,-2.4588,-4.7836,2.3913,-3.0921,0.3058
-0.62,-1.1899,-3.9145,2.456,-3.3444,0.0682
-0.1987,-0.7924,-3.6798,2.4322,-3.1959,-0.1534
0.0454,-0.3519,-3.4596,2.2294,-2.7982,-0.3092
0.6464,0.3591,-3.371,1.825,-2.4775,-0.3856
1.5155,0.1987,-3.1316,1.1457,-2.1324,-0.3086
1.379,0.1029,-3.1124,0.7474,-1.9669,-0.1424
0.8858,-0.3423,-2.8012,0.3302,-1.9992,0.034
0.8116,-1.233,-2.2266,-0.101,-2.0176,0.2875
1.0845,-2.6551,-0.2178,-0.509,-1.9821,0.5997
1.0845,-2.6551,-0.2178,-0.8529,-1.8893,0.8831
1.8124,-3.5338,1.9081,-1.1407,-1.6468,1.1513
2.9017,-5.2028,6.5556,-1.2011,-1.5032,1.2771
7.554,-10.9346,15.096,-1.1614,-1.3792,1.3461
7.7694,-11.3368,15.0457,-0.9195,-1.3163,1.3174
8.8468,-15.108,12.8356,-0.476,-1.4036,1.0969
8.2004,-18.0792,13.6113,-0.2256,-1.5417,0.4091
6.0791,-18.084,12.8739,-0.3569,-1.3639,-0.0893
4.6686,-16.3984,11.0782,-0.2079,-1.2045,-0.4766
3.7924,-13.4748,8.684,0.1793,-1.0475,-0.6305
4.3885,-10.6137,6.8118,0.5574,-0.8832,-0.5303
5.1813,-6.5316,5.1358,0.8061,-1.1031,-0.3324
4.8123,-4.6854,4.5394,0.9734,-1.4879,-0.1858
2.9735,-1.5514,2.861,0.9576,-1.4684,-0.1461
1.8315,0.6823,2.0805,0.8281,-1.2344,-0.0514
4.8195,-3.4979,6.3185,0.5281,-1.0469,0.1739
5.5093,-4.616,7.0344,0.0926,-1.1947,0.4366
5.4902,-9.4765,6.7256,-0.2238,-1.9797,0.8306
2.5378,-14.1955,1.2521,-0.1254,-2.2711,0.8544
12.9146,-27.7568,-0.2059,-0.1877,-1.3572,0.9075
14.3726,-29.598,-0.9433,-0.473,0.8699,0.9424
14.3726,-29.598,-0.9433,-0.4125,2.4081,-0.4821
3.2968,-17.6099,0.7733,-0.4125,2.4081,-0.4821
-0.1508,2.2816,-12.7973,0.5336,0.1136,-1.2609
0.2657,2.7461,-12.0239,0.7034,-0.6969,-0.9286
4.6303,4.1252,-1.3982,0.0773,0.1692,-0.355
7.3576,0.2944,6.6537,-0.7699,1.2187,0.1324
-0.6607,-7.0991,-0.6991,-1.1425,0.9389,0.3058
-0.6607,-7.0991,-0.6991,-2.0203,0.7636,0.5313
-11.2841,-11.4996,-9.7135,-2.0203,0.7636,0.5313
-8.5619,-12.3878,-7.779,-3.0411,3.4294,0.8801
-3.5601,-14.3942,-0.6823,-3.7961,5.3952,1.2179
-2.2601,-14.7488,1.5705,-4.1852,5.7006,1.2356
-1.0271,-16.8462,3.0023,-3.9635,4.8698,0.899
-1.2138,-14.8039,1.5634,-3.049,2.1368,0.2209
-1.142,-12.1819,-0.1843,-2.3764,0.5749,-0.0478
-1.0486,-11.9425,-0.2346,-1.8542,0.0324,-0.1895
-0.5961,-10.9034,-0.8403,-1.5878,0.2089,-0.2634
0.3351,-10.032,-1.0247,-1.5396,0.5388,-0.2383
2.7102,-9.6632,-0.0071,-1.743,0.6818,-0.0148
2.8227,-9.4238,0.2777,-2.3099,0.537,0.7139
2.3606,-8.7271,1.707,-2.6501,0.438,0.9747
1.5634,-8.04,2.363,-2.7735,0.6054,0.9485
0.6248,-7.8508,1.1396,-2.6764,0.8442,0.8294
0.6943,-7.8628,1.1156,-2.4675,1.0257,0.7444
0.9313,-8.4302,1.2282,-2.2879,1.0232,0.7115
1.2617,-8.6768,1.4173,-2.2543,0.8736,0.6546
1.4796,-8.3871,0.7398,-2.1681,0.8247,0.5648
1.2162,-8.3321,1.1707,-2.1022,0.8314,0.4824
1.1156,-8.1214,1.5179,-2.0973,0.8949,0.4213
1.3527,-7.7694,1.4269,-2.0533,1.0318,0.3993
0.4644,-7.0919,-0.213,-1.8774,1.1075,0.3382
0.0407,-7.0536,-1.3886,-1.7326,1.1869,0.2325
-0.4333,-7.281,-2.5426,-1.6593,1.2376,0.1507
-0.6823,-7.5971,-2.7748,-1.6917,1.2541,0.0847
-0.5889,-8.9665,-0.735,-1.7851,1.1723,0.0358
-0.5506,-9.2131,-0.4022,-1.8694,0.7868,-0.0282
-0.5913,-10.257,1.2306,-1.8432,0.4368,-0.0789
-0.9002,-11.1931,2.6431,-1.8077,0.1075,-0.1424
-0.3327,-11.7103,3.8307,-1.7772,-0.1453,-0.1809
-0.2035,-11.7079,3.881,-1.7369,-0.221,-0.165
1.6352,-12.2969,4.343,-1.6477,-0.0744,-0.0777
4.2401,-12.5722,3.3327,-1.2335,0.5852,0.0731
6.9051,-10.9968,1.81,-0.8053,1.1271,0.0859
6.9051,-10.9968,1.81,-0.4956,1.4814,0.0071
4.2544,-10.5563,1.1683,-0.3129,1.6365,-0.1278
-0.4285,-11.4302,-0.7469,-0.1364,1.5871,-0.4259
-5.6577,-13.7669,-1.2617,0.095,1.4356,-0.7832
-7.9634,-15.1678,-0.96,0.2092,1.245,-0.9494
-7.4414,-15.321,0.8355,0.0883,1.1943,-0.6873
-4.9826,-14.6815,3.7756,-0.1963,0.8558,-0.2701
-5.9283,-14.4301,4.0916,-0.374,0.2529,-0.0423
-7.4271,-14.1763,3.5506,-0.1957,-0.2418,-0.1718
-6.4167,-14.4277,3.1268,0.4243,-0.5216,-0.4222
-5.6745,-14.8757,3.8355,0.7902,-0.4116,-0.217
-4.446,-14.071,2.8634,1.1677,-0.1422,-0.0642
-4.1563,-13.7262,2.6288,1.6723,0.0513,0.0572
-4.1563,-13.7262,2.6288,2.5721,-0.2803,0.1696
-0.96,-11.7582,-1.0103,2.5721,-0.2803,0.1696
-0.96,-11.7582,-1.0103,3.04,-1.6254,0.3865
6.0504,-11.4445,0.7182,3.04,-1.6254,0.3865
4.209,-12.3639,-5.1071,3.4493,-1.9168,0.3425
1.1324,-12.6608,-9.3161,3.8384,-2.0799,0.1336
1.2449,-15.0744,-2.6767,3.6619,-1.5551,0.1122
1.2449,-15.0744,-2.6767,2.2575,1.0648,1.0615
3.9288,-16.2883,0.7829,2.2575,1.0648,1.0615
5.234,-16.4631,1.6304,2.241,1.0574,1.1837
5.1765,-15.4408,0.3711,2.4658,0.675,0.9741
4.6806,-14.9954,-0.7134,2.7352,0.2859,0.6363
4.1395,-14.744,-4.5441,2.8897,-0.1257,0.3315
3.0502,-13.6448,-3.9647,2.6704,-1.1727,0.0731
-0.7565,-12.4357,0.984,2.1347,-2.4586,0.0322
-1.0079,-12.6081,2.94,1.7841,-3.9845,0.0285
-1.9512,-12.8643,4.5465,1.8317,-5.7255,0.1214
-4.7955,-12.6488,1.0534,2.3302,-6.6919,0.1519
-6.4263,-10.281,-3.0119,3.0907,-6.5722,0.1336
-6.0935,-10.0272,-3.0478,3.7651,-4.2851,0.5319
-3.4476,-8.8564,-3.4907,3.8024,-2.1147,1.0352
-1.7453,-6.5125,-4.0557,3.5598,-1.3016,1.4048
-0.6464,-3.213,-3.4859,3.1231,-1.5154,1.483
-0.6464,-3.213,-3.4859,2.6466,-2.2552,1.3639
-1.5801,-3.3566,-3.3925,2.0082,-3.491,0.9802
-0.6631,-3.1483,-3.3423,1.7279,-3.742,0.8226
-0.3854,-1.9656,-3.2249,1.5373,-3.5857,0.7646
-0.3854,-1.9656,-3.2249,1.2379,-3.1806,0.6094
0.1795,-1.458,-3.1507,1.2379,-3.1806,0.6094
0.5386,-1.2449,-2.9113,0.9612,-2.9235,0.516
1.4963,-1.4915,-2.7868,0.7474,-2.6999,0.4592
1.865,-1.5969,-2.7916,0.4927,-2.4171,0.4579
2.0374,-1.7214,-2.545,0.1958,-2.2442,0.497
2.0925,-2.0111,-2.1619,-0.0985,-2.1471,0.6039
2.3175,-2.5522,-1.3886,-0.3453,-1.9662,0.7609
2.4349,-2.8443,-1.0175,-0.6715,-1.5472,0.99
3.3351,-3.4428,-0.213,-0.8731,-1.3481,1.0554
4.5585,-4.2904,0.8834,-1.0784,-1.2124,1.0774
7.1876,-7.269,5.6673,-1.2549,-1.1544,1.0096
7.4702,-7.8077,6.3952,-1.4168,-1.0194,0.8721
7.5994,-10.7861,9.5914,-1.5072,-0.7396,0.6864
6.1533,-14.5043,12.9265,-1.5414,-0.67,0.3828
8.3967,-21.4526,19.6234,-1.4693,-0.9834,0.271
8.3512,-21.9051,19.8269,-1.1333,-1.3419,0.1666
4.9898,-19.3289,17.8086,-0.3685,-1.8545,-0.176
0.1077,-14.2314,10.3791,0.6741,-2.4366,-0.5707
-2.794,-3.4045,1.8507,1.7767,-1.8642,-0.6598
-2.794,-3.4045,1.8507,1.7138,-0.5564,-0.3165
1.2665,-1.6208,4.3311,1.299,0.0996,0.1635
5.8996,-10.2283,8.3871,0.9337,-0.3884,0.5795
4.4963,-20.3968,12.7661,0.6955,-1.5759,0.8391
4.2999,-29.6219,14.8877,0.5526,-2.6382,0.8043
-1.1587,-38.136,2.1499,0.7908,-2.1929,0.6394
-0.5554,-30.843,-6.5053,1.3284,-0.1691,0.3181
3.4883,-5.5165,-18.6418,1.4261,0.8925,0.1867
3.4117,4.683,-23.9881,1.5678,0.4124,-0.0966
7.9059,12.2083,-21.4358,1.3424,1.1576,-0.2102
16.0106,10.9777,0.6105,0.4163,2.5663,0.2173
11.1884,0.4716,11.4374,-0.9776,1.6891,0.8776
7.2547,-1.3287,6.1605,-0.6489,-1.8496,0.5887
-8.3081,-9.0431,-13.652,0.1182,-5.6565,0.078
-17.55,-15.6179,-17.0185,-0.4235,-4.4335,0.1299
-9.7566,-21.5029,-6.5987,-2.5279,2.4178,0.7469
-9.5699,-22.0176,-5.629,-4.7356,9.6725,1.3315
-10.7646,-21.5986,-0.3399,-4.961,9.9889,0.8739
-9.1317,-19.8892,2.5019,-4.6678,8.1618,0.3346
-0.972,-15.1391,-0.2896,-3.8944,5.3781,0.381
-0.972,-15.1391,-0.2896,-2.8352,2.4685,0.695
0.9792,-12.2873,-0.7326,-1.958,0.4753,0.8281
2.4396,-9.9601,-0.7852,-1.3532,-0.0029,0.3688
3.9576,-8.4254,-0.5075,-1.3288,0.2297,-0.06
3.1914,-8.1022,-0.6177,-1.6104,0.3507,-0.4411
2.8706,-8.5691,-0.3854,-2.0942,0.2963,-0.6708
3.8474,-8.7343,-0.0502,-2.556,0.1839,-0.2829
2.6001,-8.4638,-0.0407,-2.8254,0.3122,0.7677
1.6136,-8.4757,0.1628,-2.8126,0.6512,0.8611
0.0861,-7.9849,0.0215,-2.6825,1.1833,0.6772
-0.4788,-7.8939,0.1675,-2.4302,1.7373,0.4763
1.051,-7.6138,0.4548,-2.2201,2.0159,0.3553
1.1827,-7.4797,0.395,-2.0832,2.0727,0.3083
1.2521,-7.1374,0.1556,-2.016,2.0086,0.2069
0.5698,-7.0679,-0.4501,-1.9733,2.0446,0.1299
-1.4437,-6.8141,-0.9888,-1.8994,2.1527,0.0426
-1.7357,-6.8357,-1.0702,-1.7992,2.2297,-0.038
-2.2002,-6.7687,-2.1116,-1.6672,2.2596,-0.1149
-2.0901,-6.8668,-3.2776,-1.5078,2.2657,-0.1785
-0.62,-7.2571,-2.9975,-1.429,2.0183,-0.2561
-0.4788,-7.2786,-2.7629,-1.575,1.5571,-0.311
0.4501,-8.0017,-0.3663,-1.812,0.8662,-0.3568
0.3016,-9.2969,1.0271,-1.9617,0.237,-0.4069
-0.6368,-10.4533,1.4628,-2.0002,-0.1239,-0.4473
-1.2952,-11.0351,2.1763,-2.057,0.2377,-0.4442
-0.9241,-11.3559,2.9257,-2.1272,0.9243,-0.3898
-0.0622,-11.4948,3.4691,-2.0466,1.559,-0.2884
-0.3806,-12.2466,3.383,-1.7925,1.7709,-0.2463
-1.3982,-13.154,3.1603,-1.4259,1.4838,-0.319
-3.5721,-14.0207,3.0693,-1.0386,1.0367,-0.4607
-5.3657,-14.1907,2.1068,-0.5109,0.8791,-0.625
-5.2436,-15.6467,1.9991,-0.2293,1.2089,-0.5694
-5.2627,-16.0393,2.3415,-0.0613,1.7758,-0.4411
-4.9108,-17.835,3.6607,0.0669,2.2676,-0.2774
-3.7397,-18.6921,4.2712,0.1836,2.1142,-0.071
-3.9001,-15.9723,4.0964,0.3375,0.6964,0.2356
-3.8905,-15.5892,3.7565,0.6362,0.0721,0.3327
-3.3901,-15.582,2.1045,1.1384,-0.072,0.406
-3.4141,-15.6898,0.8427,1.7828,0.0196,0.4879
2.0135,-12.1819,-1.9608,2.4071,0.1173,0.5624
2.3439,-12.1819,-1.9608,2.919,0.1411,0.6589
6.6753,-10.6161,-1.6831,3.3638,0.2462,0.6815
8.8133,-11.1524,-0.6536,3.5696,0.1198,0.662
7.0272,-13.1923,-4.5777,3.8567,-0.4336,0.4476
4.525,-14.2529,-7.6761,4.1047,-1.144,0.1177
2.7126,-15.7424,-5.2172,4.0131,-1.1691,-0.0502
3.6918,-16.8988,-1.1396,3.4029,0.1149,0.4696
6.7136,-17.7009,1.9943,3.277,0.6512,0.9497
6.7806,-17.4375,2.6839,3.3998,0.7135,1.0761
6.7399,-17.1119,2.6024,3.6014,0.6078,0.8336
5.7272,-16.3553,2.2409,3.7779,0.3378,0.4677
1.0702,-15.1199,-3.7158,3.836,-0.1025,0.0963
0.2825,-15.0481,-3.5003,3.5598,-1.1086,-0.2603
-2.3894,-14.8997,2.8945,2.9221,-2.5209,-0.239
-3.3854,-15.3187,5.3585,2.1329,-4.3718,-0.0679
-5.9115,-12.4621,-1.3239,2.2141,-5.0022,0.1586
-5.4902,-11.909,-2.1212,2.723,-3.8917,0.3694
-3.201,-10.0559,-2.6479,3.0113,-1.8777,0.6827
-1.9632,-8.3201,-3.3207,2.8256,-0.6718,1.0505
-0.7685,-4.537,-4.8027,2.6997,-1.5234,0.9796
-0.7685,-4.537,-4.8027,2.6875,-2.2986,0.7451
-1.1013,-3.3183,-4.8817,2.748,-2.7573,0.4531
-0.6991,-2.4277,-4.5848,2.8286,-2.827,0.1733
-0.0071,-1.7812,-4.5848,2.872,-2.593,-0.0453
0.2202,-1.4173,-4.1467,2.7523,-2.403,-0.0936
0.7781,-0.7613,-3.6487,2.3772,-2.3664,-0.0734
1.2473,-0.1244,-3.4021,1.9221,-2.483,-0.0025
1.2617,0.9169,-3.201,1.5489,-2.5893,0.0523
1.379,0.7733,-3.1555,1.2465,-2.5973,0.0975
0.8667,0.292,-3.1004,0.7792,-2.6975,0.2368
0.2609,-0.2968,-2.9592,0.3986,-2.7897,0.3584
-0.9864,-0.8499,-2.8634,0.0101,-2.7646,0.5172
-1.0773,-0.9911,-2.6336,-0.3698,-2.6529,0.6705
-0.6751,-1.2449,-1.5083,-0.7528,-2.4427,0.8495
0.316,-1.2569,0.3303,-1.3331,-1.9717,1.2063
3.0166,-3.8426,8.9354,-1.6538,-1.5374,1.4378
3.596,-4.5513,10.6425,-1.8725,-1.0579,1.6241
7.6138,-8.2794,16.9946,-1.8755,-0.6621,1.7102
8.8444,-11.7342,14.6432,-1.4852,-0.5784,1.5538
8.9953,-18.7424,15.6371,-0.8847,-0.9357,1.0749
9.0527,-19.1206,15.9316,-0.9763,-1.3303,0.3486
7.7503,-21.1988,16.3841,-1.1407,-1.2466,-0.1149
4.4891,-21.0504,12.1556,-0.7008,-1.4342,-0.6299
2.8251,-14.8446,6.2084,0.2343,-1.6425,-0.8297
2.1308,-9.5172,2.8586,1.0693,-1.6779,-0.5615
2.557,-3.7541,-0.0311,1.4988,-1.8569,-0.2835
4.6615,1.0917,1.3048,1.3644,-1.871,-0.1461
10.4605,-4.6016,6.9961,0.9203,-1.7769,-0.1149
11.8468,-9.3999,8.2722,0.7077,-1.7482,-0.0496
8.4805,-15.2803,5.0688,0.7419,-1.987,-0.0258
4.6998,-23.3201,-1.7549,0.8244,-2.1403,-0.2023
13.6568,-37.6165,-0.5099,0.624,-0.0194,-0.1076
11.4781,-36.0099,-1.6352,0.4603,2.1588,-0.2463
-4.3023,-14.8087,-6.4766,0.8482,2.3763,-0.964
-5.8541,-0.5482,-12.6799,1.1897,0.1882,-1.1131
-0.1101,7.2499,-7.3959,1.1255,-0.7457,-0.4173
1.039,6.7208,-4.6495,0.3369,0.1656,0.2625
4.3574,0.9528,3.8043,-1.184,2.0483,1.0102
2.3056,-5.5165,-2.0997,-1.5408,1.9255,1.1672
-5.5524,-12.9577,-10.3025,-1.5341,1.2908,1.2276
-5.5524,-12.9577,-10.3025,-2.1358,2.0409,1.1317
-7.5563,-15.8813,-7.4869,-3.1755,3.7984,0.9436
-6.1988,-20.313,-3.8307,-4.2213,5.656,0.8697
-7.3864,-21.4813,1.0749,-4.2677,5.1692,0.8037
-6.8094,-20.7319,2.3989,-4.0881,3.5693,0.6119
-2.9688,-16.9132,2.0925,-3.5328,1.9939,0.6968
-1.2593,-13.4269,0.5578,-2.7918,0.8882,0.8868
0.8667,-9.8356,0.158,-2.1584,0.9359,0.8202
1.6328,-8.8899,-0.1843,-1.9195,1.4099,0.4763
2.4325,-8.3967,-0.5147,-2.1266,1.5168,0.268
3.0813,-9.0312,0.4932,-2.5744,1.3775,0.2551
5.4231,-7.8006,1.2401,-2.9836,1.2095,0.6498
5.1119,-7.5635,1.118,-3.049,1.3464,1.2417
3.5362,-7.3696,0.5961,-2.8951,1.763,1.2551
1.9776,-7.3313,-0.2681,-2.666,2.1509,0.7719
-0.146,-7.9682,-0.079,-2.509,2.2651,0.4793
-0.2106,-7.8915,-0.0143,-2.374,2.2889,0.2912
-0.4453,-7.6856,0.1388,-2.2457,2.1216,0.1684
-0.6967,-7.5468,0.0383,-2.0887,2.0269,0.1269
-1.5514,-6.9841,-0.2537,-1.944,1.9933,0.1385
-1.5514,-6.9841,-0.2537,-1.8755,2.1106,0.1543
-1.9823,-6.5652,-0.2849,-1.7955,2.328,0.1348
-1.6879,-6.5197,-1.2713,-1.7082,2.4783,0.1079
-1.0486,-6.4023,-2.7509,-1.5994,2.5137,0.0841
-0.7852,-6.4263,-2.9951,-1.5634,2.2987,0.0083
-0.4261,-6.6944,-2.5929,-1.7014,1.5364,-0.173
-0.3136,-7.6401,-0.8116,-1.8749,0.8675,-0.2652
-0.96,-8.921,1.0917,-2.0612,0.2798,-0.3257
-1.2641,-9.522,1.7214,-2.1657,0.066,-0.3605
-1.3383,-10.9298,2.5785,-2.2133,0.2505,-0.3776
-0.6296,-11.7582,3.6415,-2.1309,1.0556,-0.355
2.2936,-12.2825,5.3537,-1.9134,1.705,-0.2964
2.6934,-12.3017,5.3537,-1.5524,2.0709,-0.2029
2.7509,-12.6943,5.1526,-1.1016,1.9701,-0.1534
0.2466,-12.6943,5.1167,-0.6923,1.5461,-0.2115
-4.3742,-14.8829,2.6408,-0.396,1.2242,-0.3636
-4.3742,-14.8829,2.6408,0.1359,2.6206,-0.4912
-6.6681,-16.6738,4.1443,0.1359,2.6206,-0.4912
-6.5675,-17.5022,5.0736,0.2575,3.0153,-0.33
-6.9626,-15.4503,2.2074,0.4084,2.4136,0.0004
-6.9075,-15.2851,2.0039,0.7047,1.3598,0.249
-5.5237,-14.6935,1.0558,1.3882,0.6054,0.4372
-4.4484,-15.1295,1.221,1.8085,0.5156,0.5062
-4.4484,-15.1295,1.221,2.7425,-0.0713,0.4451
-0.0694,-13.5203,-0.1101,2.7425,-0.0713,0.4451
3.2058,-12.7039,0.3088,3.1353,-0.5399,0.4549
5.7056,-13.5203,-0.1077,3.4041,-0.9534,0.4158
4.2999,-15.0505,-6.716,3.963,-1.1391,0.2918
2.4492,-15.4288,-9.0096,4.1628,-0.962,0.1971
1.561,-17.1598,-6.8022,3.8317,-0.2461,0.2643
3.122,-18.2061,-1.98,3.1732,0.8277,0.6058
3.122,-18.2061,-1.98,2.6741,1.4771,1.1934
7.1062,-19.5061,1.9656,2.6741,1.4771,1.1934
7.4151,-18.7017,2.2337,3.0614,0.832,1.1403
6.8932,-17.2819,1.1085,3.3295,0.2713,0.9137
4.4029,-14.1476,0.0023,3.4908,-0.3566,0.6094
4.3287,-13.8938,-0.2825,3.4939,-0.8679,0.3083
2.9065,-13.233,-3.213,3.379,-1.3309,0.125
-1.1156,-11.9497,0.7709,2.8842,-2.8966,-0.0306
-2.2002,-11.5714,2.3175,2.4615,-4.3303,-0.0135
-2.3487,-11.3679,1.9967,2.5134,-5.4024,0.1812
-5.2172,-11.0782,-2.1763,2.9869,-5.1128,0.2557
-4.9802,-10.8651,-3.8379,3.3534,-3.2185,0.3028
-3.2273,-9.2467,-3.8786,3.2758,-1.6364,0.549
-2.1404,-7.3433,-4.3119,2.6576,-1.3988,0.8611
-1.1037,-4.4819,-3.9647,2.2782,-2.1935,0.8709
-1.3623,-2.4708,-4.118,2.0773,-2.8337,0.7072
-1.6112,-1.4006,-5.0903,2.1164,-3.0927,0.4182
-0.9959,-0.8212,-5.0424,2.2098,-3.0951,0.1488
-0.3303,0.4644,-4.6399,2.1469,-3.1501,-0.1369
0.3615,1.47,-4.3311,1.949,-3.0029,-0.3104
1.2282,2.521,-4.2808,1.6594,-2.7927,-0.4106
1.2234,2.5378,-4.3646,1.3345,-2.5429,-0.4436
1.1827,2.0925,-4.6519,1.0028,-2.3169,-0.4265
0.4812,1.0702,-4.4603,0.6625,-2.1849,-0.344
-0.79,-0.881,-3.5075,0.0156,-2.2051,-0.0636
-0.79,-0.881,-3.5075,-0.4754,-2.2821,0.2014
-0.5889,-1.5011,-1.9895,-1.0008,-2.2216,0.5007
0.1053,-1.8435,-0.0335,-1.4821,-1.9907,0.7848
1.9847,-4.1084,5.5189,-1.8041,-1.7378,0.9723
2.2697,-4.3981,6.0863,-1.9867,-1.5179,1.0419
5.2172,-7.7,12.8188,-2.0399,-1.2088,1.0835
8.0759,-11.7558,15.8262,-1.7967,-1.0548,1.0034
10.281,-17.4327,13.1372,-1.2806,-1.0438,0.7304
12.158,-20.5548,15.1702,-1.0118,-1.1532,0.3077
14.0829,-23.9474,17.6338,-1.1914,-1.4152,-0.1058
9.4741,-23.6648,15.7496,-0.8371,-1.805,-0.7655
4.4053,-15.2756,5.8038,0.1989,-1.5661,-0.8914
2.77,-10.9465,2.636,1.4175,-1.4721,-0.4479
2.3989,-5.3848,0.9097,1.9979,-1.6651,-0.107
6.0576,-4.2305,2.4444,1.9294,-1.4727,-0.005
10.6521,-14.6767,8.0783,1.6216,-1.2741,0.0603
10.1397,-16.4439,8.9306,1.2789,-1.8086,0.0609
8.5021,-24.6683,12.2705,1.194,-1.9601,-0.2585
4.4316,-28.1734,4.5465,1.2972,-1.5985,-0.5261
-4.2688,-7.1709,-12.8475,1.6203,-0.9247,-0.7533
-4.2688,-7.1709,-12.8475,0.9606,0.4814,-0.1522
-3.0645,4.2736,-12.7566,0.9606,0.4814,-0.1522
-0.2561,6.0935,-13.3982,0.4249,0.975,0.45
8.6529,-4.1922,8.8612,-0.305,2.0922,0.9564
8.6529,-4.1922,8.8612,-1.1382,1.1546,1.1452
-0.5434,-11.6624,-5.0999,-1.1382,1.1546,1.1452
-10.4414,-13.2186,-13.9393,-1.1156,-0.5209,0.8904
-9.8045,-15.9172,-10.19,-2.7167,2.8467,0.9198
-7.6856,-17.3202,-5.6027,-3.8517,5.9816,1.2808
-5.2388,-18.9291,-1.0726,-4.2683,7.0005,1.3388
-3.6008,-18.4479,1.1779,-4.0618,5.9425,1.2148
-1.9345,-15.2037,1.9847,-3.5701,3.6054,1.0138
-0.62,-13.4269,1.8483,-2.6752,0.4716,0.7017
0.304,-10.7742,0.2035,-2.1749,-0.2491,0.5032
1.0199,-9.2826,-1.1013,-1.9036,0.1601,0.2081
0.1173,-10.4773,-2.5857,-2.0325,0.8565,-0.0722
0.2681,-10.9106,-2.7126,-2.465,1.4221,-0.2151
4.3191,-11.6265,-0.3208,-3.0374,1.6481,0.1684
5.9522,-9.6752,2.1068,-3.5597,2.3207,1.4323
3.541,-7.202,3.4979,-3.5823,2.6585,1.4414
3.541,-7.202,3.4979,-2.8095,2.1918,0.5991
1.4245,-6.7447,0.5171,-2.8095,2.1918,0.5991
0.1364,-6.807,0.0071,-2.3172,1.7007,0.3052
