andar
-1.4158,-7.9768,-2.2254,0.3853,0.8042,0.1478
-1.2407,-8.1181,-2.1942,0.3853,0.8042,0.1478
-1.3844,-8.365,-2.9152,0.3853,0.8042,0.1478
-1.9449,-9.0476,-4.2592,0.3853,0.8042,0.1478
-2.5896,-9.692,-5.4713,0.3853,0.8042,0.1478
-2.8242,-9.7494,-5.0257,0.3853,0.8042,0.1478
-2.0745,-8.9112,-4.5226,0.3853,0.8042,0.1478
-1.3581,-8.3554,-4.1225,0.3853,0.8042,0.1478
-0.7257,-7.9649,-3.7274,0.3853,0.8042,0.1478
-0.884,-7.3588,-3.8016,0.3853,0.8042,0.1478
-0.9534,-6.3048,-3.8783,0.3853,0.8042,0.1478
-1.0779,-5.4641,-2.8266,0.3853,0.8042,0.1478
-0.7257,-4.3119,-3.38,0.3853,0.8042,0.1478
-4.0794,-6.2617,0.3115,0.3853,0.8042,0.1478
-6.9731,-27.0592,-4.1871,0.3853,0.8042,0.1478
14.6171,-38.2126,-13.4458,0.3853,0.8042,0.1478
9.5795,-6.5541,4.0746,0.3853,0.8042,0.1478
-3.3177,1.4757,13.901,0.3853,0.8042,0.1478
-5.6221,-3.7921,-0.2178,0.3853,0.8042,0.1478
6.8797,-11.3281,0.1628,0.3853,0.8042,0.1478
8.7316,-16.0594,4.2209,0.3853,0.8042,0.1478
-5.3273,-11.0911,-0.9606,0.3853,0.8042,0.1478
-9.3712,-7.1625,-2.0362,0.3853,0.8042,0.1478
-2.5585,-8.0008,2.108,0.3853,0.8042,0.1478
2.9367,-10.2022,2.5872,0.3853,0.8042,0.1478
6.7265,-9.9556,2.4361,0.3853,0.8042,0.1478
6.9922,-8.916,0.134,0.3853,0.8042,0.1478
4.9682,-8.5182,-1.0708,0.3853,0.8042,0.1478
2.4384,-9.455,-1.49,0.3853,0.8042,0.1478
0.7209,-9.8575,-1.6864,0.3853,0.8042,0.1478
0.3283,-9.352,-0.8936,0.3853,0.8042,0.1478
0.9127,-8.8561,-0.3929,0.3853,0.8042,0.1478
2.5968,-8.1687,0.2801,0.3853,0.8042,0.1478
3.2555,-7.7398,0.0861,0.3853,0.8042,0.1478
3.6843,-7.6943,0.3235,0.3853,0.8042,0.1478
3.6628,-8.1519,-0.1747,0.3853,0.8042,0.1478
4.0889,-9.0524,-0.1867,0.3853,0.8042,0.1478
3.2483,-9.0931,-0.3666,0.3853,0.8042,0.1478
1.4302,-8.4225,-1.2288,0.3853,0.8042,0.1478
1.8013,-8.5924,-1.3078,0.3853,0.8042,0.1478
2.8889,-9.6225,-0.9056,0.3853,0.8042,0.1478
2.9224,-10.2429,-1.5906,0.3853,0.8042,0.1478
1.775,-10.0107,-2.2685,0.3853,0.8042,0.1478
0.7999,-9.9101,-2.9343,0.3853,0.8042,0.1478
1.145,-10.1137,-3.2363,0.3853,0.8042,0.1478
0.9247,-10.667,-3.3201,0.3853,0.8042,0.1478
1.3652,-9.9844,-2.1176,0.3853,0.8042,0.1478
3.7011,-14.3873,2.46,0.3853,0.8042,0.1478
3.4302,-22.0143,3.6122,0.3853,0.8042,0.1478
-1.423,-18.8549,0,0.3853,0.8042,0.1478
-3.0636,-15.2399,-3.0998,0.3853,0.8042,0.1478
-0.5868,-13.7813,-1.7821,0.3853,0.8042,0.1478
0.5581,-11.8073,-1.4709,0.3853,0.8042,0.1478
1.0684,-11.4143,-0.3019,0.3853,0.8042,0.1478
0.6371,-10.0107,1.3389,0.3853,0.8042,0.1478
-1.1091,-8.6834,1.4733,0.3853,0.8042,0.1478
-1.9835,-8.1253,0.4958,0.3853,0.8042,0.1478
-2.2349,-7.5097,-0.3259,0.3853,0.8042,0.1478
-2.12,-6.0773,-0.3977,0.3853,0.8042,0.1478
-1.2096,-5.4402,-0.3067,0.3853,0.8042,0.1478
-0.8505,-5.7706,0.3187,0.3853,0.8042,0.1478
-1.0444,-6.2832,0.3187,0.3853,0.8042,0.1478
-0.7089,-6.1731,-0.8936,0.3853,0.8042,0.1478
-0.3091,-5.1286,-2.0961,0.3853,0.8042,0.1478
-0.3402,-4.8389,-2.9846,0.3853,0.8042,0.1478
0.2154,-5.603,-4.0411,0.3853,0.8042,0.1478
0.6395,-6.6427,-5.5216,0.3853,0.8042,0.1478
0.8433,-7.7015,-6.0869,0.3853,0.8042,0.1478
1.2168,-8.4416,-6.2401,0.3853,0.8042,0.1478
1.5307,-8.8537,-7.1074,0.3853,0.8042,0.1478
1.6935,-9.0069,-7.3995,0.3853,0.8042,0.1478
1.1641,-8.8872,-6.7743,0.3853,0.8042,0.1478
-0.661,-8.5541,-6.1563,0.3853,0.8042,0.1478
-2.9583,-8.6116,-6.3479,0.3853,0.8042,0.1478
-3.8376,-11.5942,-6.6714,0.3853,0.8042,0.1478
0.7712,-15.9393,-8.2764,0.3853,0.8042,0.1478
4.7453,-16.7899,1.5954,0.3853,0.8042,0.1478
1.1115,-14.665,7.4354,0.3853,0.8042,0.1478
-5.1837,-10.9642,-3.1429,0.3853,0.8042,0.1478
-2.132,-8.4009,3.2914,0.3853,0.8042,0.1478
2.8601,-6.5708,2.2541,0.3853,0.8042,0.1478
6.039,-9.6824,0.0718,0.3853,0.8042,0.1478
5.8424,-12.3822,2.0673,0.3853,0.8042,0.1478
2.2565,-10.77,1.9593,0.3853,0.8042,0.1478
-3.5763,-8.9207,-2.568,0.3853,0.8042,0.1478
-2.5103,-9.419,-1.4972,0.3853,0.8042,0.1478
0.345,-9.7279,0.9199,0.3853,0.8042,0.1478
1.9907,-9.4526,2.4911,0.3853,0.8042,0.1478
4.0147,-9.6609,1.1426,0.3853,0.8042,0.1478
4.0123,-9.3352,-0.8672,0.3853,0.8042,0.1478
3.5164,-8.9088,-0.7448,0.3853,0.8042,0.1478
3.3129,-9.5124,-0.134,0.3853,0.8042,0.1478
2.5944,-9.8383,-0.3761,0.3853,0.8042,0.1478
1.2455,-9.4119,-0.7329,0.3853,0.8042,0.1478
1.2336,-9.6656,-0.0885,0.3853,0.8042,0.1478
2.1128,-10.0442,-0.8143,0.3853,0.8042,0.1478
3.4159,-9.5747,0.2106,0.3853,0.8042,0.1478
3.5116,-9.431,-1.6624,0.3853,0.8042,0.1478
3.2698,-9.5004,0.5102,0.3853,0.8042,0.1478
1.3988,-9.0333,-0.4049,0.3853,0.8042,0.1478
1.2862,-8.1663,-0.357,0.3853,0.8042,0.1478
2.0841,-8.0702,0.237,0.3853,0.8042,0.1478
2.1464,-8.3602,0.2106,0.3853,0.8042,0.1478
2.9655,-9.8431,0.369,0.3853,0.8042,0.1478
3.0134,-11.7163,0.2729,0.3853,0.8042,0.1478
3.289,-11.812,0.8215,0.3853,0.8042,0.1478
3.2626,-11.7402,0.6802,0.3853,0.8042,0.1478
1.6864,-11.7091,0.1029,0.3853,0.8042,0.1478
0.0742,-11.4095,-0.7975,0.3853,0.8042,0.1478
-1.2288,-11.3784,-0.8696,0.3853,0.8042,0.1478
-0.9151,-11.0743,0.0598,0.3853,0.8042,0.1478
-0.6275,-11.3353,-0.8936,0.3853,0.8042,0.1478
-0.225,-12.2888,-0.7496,0.3853,0.8042,0.1478
-1.6121,-13.0768,-0.594,0.3853,0.8042,0.1478
-2.6686,-12.1308,0.1819,0.3853,0.8042,0.1478
-3.1669,-11.0456,-0.0694,0.3853,0.8042,0.1478
-2.0314,-10.1232,0.1556,0.3853,0.8042,0.1478
-1.5547,-10.1591,0.2011,0.3853,0.8042,0.1478
-2.0123,-10.9184,-0.9894,0.3853,0.8042,0.1478
-2.8529,-10.4659,-1.5331,0.3853,0.8042,0.1478
-2.3451,-9.1865,-1.4302,0.3853,0.8042,0.1478
-1.133,-8.1372,-0.9439,0.3853,0.8042,0.1478
-0.6227,-7.3564,-1.2743,0.3853,0.8042,0.1478
-0.5749,-7.0428,-2.5656,0.3853,0.8042,0.1478
-1.3293,-7.1434,-2.6614,0.3853,0.8042,0.1478
-1.2288,-6.9946,-2.6782,0.3853,0.8042,0.1478
-0.9103,-6.5541,-2.6279,0.3853,0.8042,0.1478
-1.2168,-6.0294,-2.7404,0.3853,0.8042,0.1478
-1.3485,-5.6221,-3.2842,0.3853,0.8042,0.1478
-1.3509,-5.5766,-4.367,0.3853,0.8042,0.1478
-1.1282,-5.8328,-5.8041,0.3853,0.8042,0.1478
-1.042,-5.3995,-6.7456,0.3853,0.8042,0.1478
-1.1258,-4.604,-6.379,0.3853,0.8042,0.1478
-1.9234,-5.8304,-7.4067,0.3853,0.8042,0.1478
-0.3067,-10.073,-8.5541,0.3853,0.8042,0.1478
1.5092,-14.1284,-3.4685,0.3853,0.8042,0.1478
1.933,-18.3781,-4.446,0.3853,0.8042,0.1478
-3.6556,-14.8566,-1.7223,0.3853,0.8042,0.1478
-6.13,-5.4928,3.0903,0.3853,0.8042,0.1478
-1.2479,-5.761,-0.9774,0.3853,0.8042,0.1478
3.0517,-10.5689,-0.1125,0.3853,0.8042,0.1478
4.4771,-13.9297,-0.3809,0.3853,0.8042,0.1478
2.1679,-11.5822,-1.3293,0.3853,0.8042,0.1478
0.6922,-8.9016,-1.9907,0.3853,0.8042,0.1478
1.3317,-9.0045,-2.0362,0.3853,0.8042,0.1478
1.5427,-9.5771,-1.3317,0.3853,0.8042,0.1478
1.7989,-9.4597,-0.618,0.3853,0.8042,0.1478
1.2288,-9.1482,-0.1388,0.3853,0.8042,0.1478
1.2479,-8.6595,0.2466,0.3853,0.8042,0.1478
1.0612,-8.7172,0.3426,0.3853,0.8042,0.1478
1.0875,-9.5603,-0.4839,0.3853,0.8042,0.1478
0.697,-10.4875,-1.303,0.3853,0.8042,0.1478
0.6347,-11.3042,-2.0386,0.3853,0.8042,0.1478
0.6323,-10.8705,-2.6375,0.3853,0.8042,0.1478
0.9175,-10.1807,-2.0937,0.3853,0.8042,0.1478
1.3221,-9.534,-1.7079,0.3853,0.8042,0.1478
2.5369,-9.4621,-0.8553,0.3853,0.8042,0.1478
3.4398,-10.1472,-0.8334,0.3853,0.8042,0.1478
3.5811,-10.5018,-0.7377,0.3853,0.8042,0.1478
3.0998,-10.5162,-0.8936,0.3853,0.8042,0.1478
3.0325,-10.219,-1.1737,0.3853,0.8042,0.1478
2.6973,-10.0131,-0.4695,0.3853,0.8042,0.1478
1.7414,-9.7997,0.2489,0.3853,0.8042,0.1478
1.3317,-9.2682,0.043,0.3853,0.8042,0.1478
0.0359,-9.1865,0.7448,0.3853,0.8042,0.1478
-1.3964,-9.1937,1.5571,0.3853,0.8042,0.1478
-1.3581,-9.7063,1.6935,0.3853,0.8042,0.1478
0.1292,-11.2276,2.1344,0.3853,0.8042,0.1478
1.7151,-12.7512,2.6135,0.3853,0.8042,0.1478
1.37,-13.4027,3.1669,0.3853,0.8042,0.1478
-1.054,-13.1654,1.7319,0.3853,0.8042,0.1478
-1.8947,-11.2683,-1.6433,0.3853,0.8042,0.1478
-1.0277,-9.1075,-3.8639,0.3853,0.8042,0.1478
-0.8457,-8.693,-5.5455,0.3853,0.8042,0.1478
-1.5044,-7.9792,-5.2052,0.3853,0.8042,0.1478
-1.6313,-7.4953,-3.2986,0.3853,0.8042,0.1478
-1.3844,-8.063,-0.8984,0.3853,0.8042,0.1478
-1.1617,-9.4095,-0.5844,0.3853,0.8042,0.1478
0.5701,-9.074,-0.963,0.3853,0.8042,0.1478
1.4062,-7.6105,-0.3474,0.3853,0.8042,0.1478
1.6552,-6.2976,-0.369,0.3853,0.8042,0.1478
1.2431,-6.815,-0.7233,0.3853,0.8042,0.1478
-0.0407,-7.6369,-1.8372,0.3853,0.8042,0.1478
-1.37,-8.3746,-2.568,0.3853,0.8042,0.1478
-2.4193,-9.5627,-2.7883,0.3853,0.8042,0.1478
-2.3762,-10.7843,-2.9966,0.3853,0.8042,0.1478
-1.5595,-10.1472,-1.83,0.3853,0.8042,0.1478
-1.3772,-9.0429,-0.3905,0.3853,0.8042,0.1478
-1.3245,-9.2009,-0.4264,0.3853,0.8042,0.1478
-0.5916,-9.7375,-0.606,0.3853,0.8042,0.1478
-0.1651,-10.0634,-0.7808,0.3853,0.8042,0.1478
-0.3761,-9.9963,-1.2072,0.3853,0.8042,0.1478
0.4264,-9.5435,-1.6912,0.3853,0.8042,0.1478
0.7568,-9.0189,-1.411,0.3853,0.8042,0.1478
0.3235,-8.825,-1.1354,0.3853,0.8042,0.1478
0.0454,-9.364,-1.2599,0.3853,0.8042,0.1478
-1.1234,-9.8189,-0.1795,0.3853,0.8042,0.1478
-2.58,-12.4636,-2.1583,0.3853,0.8042,0.1478
-2.9343,-15.3118,-8.6044,0.3853,0.8042,0.1478
3.5236,-14.5525,-7.6321,0.3853,0.8042,0.1478
6.8174,-11.1438,-3.0469,0.3853,0.8042,0.1478
6.3646,-8.1567,1.9569,0.3853,0.8042,0.1478
1.5164,-7.0787,-0.9319,0.3853,0.8042,0.1478
-0.8457,-7.8475,-0.1316,0.3853,0.8042,0.1478
-0.424,-10.4204,-0.7832,0.3853,0.8042,0.1478
-0.2561,-12.612,-2.896,0.3853,0.8042,0.1478
0.7401,-12.8398,-2.9822,0.3853,0.8042,0.1478
1.8899,-10.7364,-0.9175,0.3853,0.8042,0.1478
1.5427,-8.7172,-0.7975,0.3853,0.8042,0.1478
1.0492,-8.4775,-0.0622,0.3853,0.8042,0.1478
1.0324,-9.4909,-0.7736,0.3853,0.8042,0.1478
0.7233,-9.8551,-0.9894,0.3853,0.8042,0.1478
0.6539,-9.5148,-1.8635,0.3853,0.8042,0.1478
1.1569,-9.2272,-2.29,0.3853,0.8042,0.1478
1.4565,-9.0021,-1.6313,0.3853,0.8042,0.1478
2.0099,-8.8369,-1.9402,0.3853,0.8042,0.1478
2.2996,-8.9782,-1.921,0.3853,0.8042,0.1478
2.0602,-9.0979,-2.3786,0.3853,0.8042,0.1478
2.0841,-9.3305,-2.6111,0.3853,0.8042,0.1478
1.9234,-9.5268,-2.5944,0.3853,0.8042,0.1478
1.7989,-9.4478,-2.4121,0.3853,0.8042,0.1478
2.1296,-9.1626,-1.5212,0.3853,0.8042,0.1478
2.7069,-9.0572,-1.6552,0.3853,0.8042,0.1478
3.078,-9.1721,-1.1641,0.3853,0.8042,0.1478
3.2914,-9.3376,-1.0396,0.3853,0.8042,0.1478
3.3488,-9.5914,-1.3245,0.3853,0.8042,0.1478
3.1597,-9.6489,-1.1162,0.3853,0.8042,0.1478
3.0086,-9.5148,-1.0301,0.3853,0.8042,0.1478
2.6063,-9.51,-0.5629,0.3853,0.8042,0.1478
2.4839,-9.4669,-0.7018,0.3853,0.8042,0.1478
2.6949,-9.6513,-0.594,0.3853,0.8042,0.1478
2.7955,-9.8694,-0.5677,0.3853,0.8042,0.1478
2.5944,-9.8264,-0.4839,0.3853,0.8042,0.1478
2.568,-10.0993,-0.2705,0.3853,0.8042,0.1478
2.3379,-10.5305,-0.5988,0.3853,0.8042,0.1478
1.5283,-10.7317,-1.1043,0.3853,0.8042,0.1478
-0.0574,-10.0706,1.8372,0.3853,0.8042,0.1478
-0.8239,-10.1089,1.1737,0.3853,0.8042,0.1478
-0.7664,-10.0227,0.0478,0.3853,0.8042,0.1478
-0.6251,-10.43,-0.1604,0.3853,0.8042,0.1478
-0.1747,-10.7891,-0.4623,0.3853,0.8042,0.1478
0.2852,-10.3339,-0.6203,0.3853,0.8042,0.1478
-0.2995,-9.958,-0.8023,0.3853,0.8042,0.1478
-0.7448,-9.9413,0.9989,0.3853,0.8042,0.1478
-0.6227,-9.5076,-1.0827,0.3853,0.8042,0.1478
-0.2657,-8.1806,-1.8659,0.3853,0.8042,0.1478
-0.6347,-7.3325,-1.1785,0.3853,0.8042,0.1478
-2.4145,-7.2295,-0.2346,0.3853,0.8042,0.1478
-3.6481,-7.838,1.0253,0.3853,0.8042,0.1478
-1.0157,-10.1783,-0.0287,0.3853,0.8042,0.1478
0.4312,-11.8767,-0.9056,0.3853,0.8042,0.1478
-0.9391,-11.06,-0.5366,0.3853,0.8042,0.1478
-2.2349,-9.8886,-1.4134,0.3853,0.8042,0.1478
-3.0708,-10.1807,-2.0099,0.3853,0.8042,0.1478
-2.4121,-10.6766,-2.1918,0.3853,0.8042,0.1478
-2.1583,-10.8346,-1.8587,0.3853,0.8042,0.1478
-1.974,-10.6838,-1.423,0.3853,0.8042,0.1478
-1.7869,-10.2166,-1.5475,0.3853,0.8042,0.1478
-1.7941,-9.5148,-1.2216,0.3853,0.8042,0.1478
-1.7103,-8.9734,-1.2455,0.3853,0.8042,0.1478
-1.684,-8.7651,-1.3844,0.3853,0.8042,0.1478
-1.4661,-8.825,-1.066,0.3853,0.8042,0.1478
-1.3844,-8.9231,-1.1139,0.3853,0.8042,0.1478
-1.6433,-9.3807,-1.1426,0.3853,0.8042,0.1478
-2.1751,-9.6752,-1.3317,0.3853,0.8042,0.1478
-1.8851,-9.4957,-1.569,0.3853,0.8042,0.1478
-1.7247,-9.7327,-2.1104,0.3853,0.8042,0.1478
-1.8061,-10.4228,-2.8146,0.3853,0.8042,0.1478
-2.2493,-11.3042,-3.4757,0.3853,0.8042,0.1478
-2.8458,-11.7809,-3.7585,0.3853,0.8042,0.1478
-2.4983,-11.127,-3.6194,0.3853,0.8042,0.1478
-2.7284,-10.3315,-3.6652,0.3853,0.8042,0.1478
-2.7141,-9.9868,-2.3068,0.3853,0.8042,0.1478
-2.817,-9.51,-2.0721,0.3853,0.8042,0.1478
-1.605,-8.4105,-1.2647,0.3853,0.8042,0.1478
-0.3929,-7.5288,-2.9894,0.3853,0.8042,0.1478
0.2035,-7.0667,-2.2685,0.3853,0.8042,0.1478
-0.3857,-7.2511,-1.9114,0.3853,0.8042,0.1478
-1.0779,-6.7552,-0.9343,0.3853,0.8042,0.1478
-0.8649,-6.2449,-1.6648,0.3853,0.8042,0.1478
-0.7377,-6.2952,-2.2206,0.3853,0.8042,0.1478
-0.6778,-6.4245,-2.3427,0.3853,0.8042,0.1478
-1.3245,-7.2104,-1.8947,0.3853,0.8042,0.1478
-1.672,-8.2453,-2.5465,0.3853,0.8042,0.1478
-2.1894,-9.3185,-3.6676,0.3853,0.8042,0.1478
-2.4432,-9.5483,-3.4973,0.3853,0.8042,0.1478
-2.3116,-8.9878,-4.446,0.3853,0.8042,0.1478
-1.83,-9.3376,-5.2675,0.3853,0.8042,0.1478
-1.2312,-10.5018,-5.5814,0.3853,0.8042,0.1478
-0.6203,-11.2946,-5.5766,0.3853,0.8042,0.1478
-0.2059,-10.4635,-5.591,0.3853,0.8042,0.1478
-0.3666,-8.9926,-5.3273,0.3853,0.8042,0.1478
-0.7041,-8.2501,-4.0075,0.3853,0.8042,0.1478
-1.4733,-9.6202,-2.9583,0.3853,0.8042,0.1478
-2.6518,-13.4314,-2.6877,0.3853,0.8042,0.1478
-1.4996,-14.7273,-2.671,0.3853,0.8042,0.1478
-1.2671,-11.3066,-2.2134,0.3853,0.8042,0.1478
-1.4709,-6.9204,-1.1953,0.3853,0.8042,0.1478
-0.3378,-5.6892,3.538,0.3853,0.8042,0.1478
1.1498,-7.8619,3.0517,0.3853,0.8042,0.1478
2.738,-11.048,-0.896,0.3853,0.8042,0.1478
2.9463,-11.8719,-0.6515,0.3853,0.8042,0.1478
2.6327,-10.4204,0.673,0.3853,0.8042,0.1478
1.5068,-9.1913,0.7018,0.3853,0.8042,0.1478
0.515,-9.3352,-0.1101,0.3853,0.8042,0.1478
0.6395,-9.6321,-0.4216,0.3853,0.8042,0.1478
1.0851,-9.8383,-0.1029,0.3853,0.8042,0.1478
1.5116,-10.0131,0.3977,0.3853,0.8042,0.1478
1.9883,-9.7159,0.6227,0.3853,0.8042,0.1478
1.9569,-9.4645,0.2011,0.3853,0.8042,0.1478
1.6217,-9.5699,0.0287,0.3853,0.8042,0.1478
1.5212,-9.601,-0.0191,0.3853,0.8042,0.1478
1.6552,-9.68,0.1125,0.3853,0.8042,0.1478
1.5906,-9.9461,0.5294,0.3853,0.8042,0.1478
1.6864,-10.2621,-0.055,0.3853,0.8042,0.1478
1.3676,-10.0179,-0.7161,0.3853,0.8042,0.1478
1.133,-9.7423,-0.764,0.3853,0.8042,0.1478
0.8239,-9.5483,-0.2777,0.3853,0.8042,0.1478
0.6946,-9.8814,0.1388,0.3853,0.8042,0.1478
0.7305,-10.0969,0.357,0.3853,0.8042,0.1478
0.7592,-10.1615,0.134,0.3853,0.8042,0.1478
0.7975,-10.1089,-0.4264,0.3853,0.8042,0.1478
0.908,-10.1998,-1.2814,0.3853,0.8042,0.1478
1.2216,-9.9509,-1.6098,0.3853,0.8042,0.1478
1.4517,-10.2022,-1.5212,0.3853,0.8042,0.1478
2.5848,-10.7963,-1.0708,0.3853,0.8042,0.1478
2.8338,-12.4636,-0.2801,0.3853,0.8042,0.1478
2.8098,-12.4612,0.0263,0.3853,0.8042,0.1478
0.2777,-12.5785,-1.0923,0.3853,0.8042,0.1478
0.1604,-11.8504,-2.7979,0.3853,0.8042,0.1478
2.1464,-12.2026,-3.0277,0.3853,0.8042,0.1478
2.6853,-11.6253,-1.4924,0.3853,0.8042,0.1478
1.4302,-10.6072,0.146,0.3853,0.8042,0.1478
-1.0061,-11.2276,0.0861,0.3853,0.8042,0.1478
-1.7295,-13.3309,0.4551,0.3853,0.8042,0.1478
-1.3676,-13.4961,0.7018,0.3853,0.8042,0.1478
-0.7784,-11.4981,0.9415,0.3853,0.8042,0.1478
-0.8601,-9.7973,0.4504,0.3853,0.8042,0.1478
-0.4623,-9.3712,0.0478,0.3853,0.8042,0.1478
-0.0885,-9.3352,-2.2876,0.3853,0.8042,0.1478
-0.7712,-8.9998,-2.0171,0.3853,0.8042,0.1478
-1.3605,-7.9385,-1.4709,0.3853,0.8042,0.1478
-1.6026,-7.2966,-1.4039,0.3853,0.8042,0.1478
-1.1617,-6.6379,-1.0396,0.3853,0.8042,0.1478
-0.7999,-6.1037,-1.0803,0.3853,0.8042,0.1478
-0.9774,-5.5216,-1.3078,0.3853,0.8042,0.1478
-1.4948,-4.9012,-1.569,0.3853,0.8042,0.1478
-1.5858,-4.9132,-1.9497,0.3853,0.8042,0.1478
-1.5331,-5.222,-2.5537,0.3853,0.8042,0.1478
-1.3437,-5.7011,-3.9214,0.3853,0.8042,0.1478
-1.1019,-6.2066,-4.4699,0.3853,0.8042,0.1478
-1.0564,-6.9156,-4.2616,0.3853,0.8042,0.1478
-1.5954,-8.1061,-4.6974,0.3853,0.8042,0.1478
-2.223,-9.1027,-6.2641,0.3853,0.8042,0.1478
-2.1464,-9.7423,-6.5469,0.3853,0.8042,0.1478
-2.2254,-9.8264,-7.2343,0.3853,0.8042,0.1478
-2.6279,-9.5459,-7.5575,0.3853,0.8042,0.1478
-3.9956,-11.8695,-6.4532,0.3853,0.8042,0.1478
-5.8041,-18.9674,-7.2607,0.3853,0.8042,0.1478
-3.5739,-24.235,-7.4881,0.3853,0.8042,0.1478
0.582,-12.641,-3.4997,0.3853,0.8042,0.1478
-1.0779,3.6724,8.8681,0.3853,0.8042,0.1478
-3.7801,7.1553,3.9812,0.3853,0.8042,0.1478
0.5437,-5.1382,-7.5528,0.3853,0.8042,0.1478
3.9453,-18.7875,0.0071,0.3853,0.8042,0.1478
9.7351,-21.2503,0.5006,0.3853,0.8042,0.1478
1.6026,-10.0083,-3.7969,0.3853,0.8042,0.1478
-2.1128,-5.4833,-0.2705,0.3853,0.8042,0.1478
-1.2982,-6.8222,-0.8119,0.3853,0.8042,0.1478
-1.3054,-8.4248,-0.9199,0.3853,0.8042,0.1478
0.3235,-10.1472,-0.9965,0.3853,0.8042,0.1478
1.9378,-10.928,-1.2479,0.3853,0.8042,0.1478
2.3714,-10.061,-1.1019,0.3853,0.8042,0.1478
2.6279,-8.8776,-1.1115,0.3853,0.8042,0.1478
2.5992,-8.7555,-0.9917,0.3853,0.8042,0.1478
2.4576,-9.0596,-0.9056,0.3853,0.8042,0.1478
2.2206,-9.3065,-0.6371,0.3853,0.8042,0.1478
2.0578,-9.601,-0.3809,0.3853,0.8042,0.1478
1.605,-9.7087,-0.3618,0.3853,0.8042,0.1478
1.1378,-9.7973,-0.4408,0.3853,0.8042,0.1478
0.7472,-9.8575,-0.5342,0.3853,0.8042,0.1478
0.5581,-9.6345,-0.1843,0.3853,0.8042,0.1478
1.0301,-9.4502,0.4025,0.3853,0.8042,0.1478
1.1833,-9.5435,0.5557,0.3853,0.8042,0.1478
1.2958,-9.8623,-0.2537,0.3853,0.8042,0.1478
1.4493,-10.1113,-0.9103,0.3853,0.8042,0.1478
1.6935,-10.0514,-1.4086,0.3853,0.8042,0.1478
1.3581,-10.3722,-1.775,0.3853,0.8042,0.1478
1.4374,-10.5904,-1.7319,0.3853,0.8042,0.1478
1.7103,-10.5976,-1.2288,0.3853,0.8042,0.1478
1.8875,-10.6096,-1.0971,0.315,0.7776,0.185
1.9186,-10.7053,-1.1665,0.315,0.7776,0.185
1.9282,-10.7077,-1.3533,0.2564,0.6945,0.2053
1.9282,-10.981,-1.6002,0.2095,0.6178,0.234
1.9282,-10.981,-1.6002,0.1243,0.4516,0.2948
2.8098,-11.127,-1.4972,0.07,0.3994,0.315
2.8098,-11.127,-1.4972,-0.094,0.3185,0.3896
2.8098,-11.127,-1.4972,-0.4189,0.1246,0.4545
3.3393,-11.9078,-1.2096,-0.6287,-0.0671,0.4492
5.5048,-14.6219,0.4336,-0.6287,-0.0671,0.4492
4.537,-15.3549,1.2264,-0.8023,-0.2854,0.3022
4.537,-15.3549,1.2264,-0.928,-0.6327,-0.0673
0.6443,-13.81,0.3498,-0.928,-0.6327,-0.0673
-0.7855,-12.7272,-0.4935,-0.9909,-0.8244,-0.127
-1.5978,-11.4311,-1.4398,-1.1176,-0.9384,-0.0982
-1.5978,-11.4311,-1.4398,-1.5629,-1.1525,0.2479
-1.3748,-10.219,-2.2685,-1.8741,-1.2697,0.4822
1.672,-8.8082,-1.9692,-1.8741,-1.2697,0.4822
2.1416,-8.801,-1.3509,-2.1947,-1.3549,0.6122
1.9617,-9.5172,-0.7712,-2.4578,-1.454,0.6505
1.2886,-11.9509,0.1125,-2.4578,-1.454,0.6505
1.1162,-13.4961,0.618,-2.4578,-1.454,0.6505
0.6778,-12.72,0.8382,-2.4578,-1.454,0.6505
0.8023,-11.0456,0.0454,-2.4578,-1.454,0.6505
0.3306,-10.2525,-0.5485,-2.4578,-1.454,0.6505
0.4049,-9.9868,-1.2791,-2.4578,-1.454,0.6505
0.1268,-9.8934,-2.0147,-2.4578,-1.454,0.6505
-0.3378,-9.5292,-2.0865,-2.4578,-1.454,0.6505
-1.5236,-9.2826,-2.0266,-2.4578,-1.454,0.6505
-1.6121,-9.0644,-2.4049,-2.4578,-1.454,0.6505
-1.3509,-8.8896,-2.3139,-2.4578,-1.454,0.6505
-1.1593,-8.0558,-2.0386,-2.4578,-1.454,0.6505
-1.2384,-6.9539,-2.1631,-2.4578,-1.454,0.6505
-1.3605,-6.6403,-2.7452,-2.4578,-1.454,0.6505
-1.2671,-6.0079,-2.9798,-2.4578,-1.454,0.6505
-0.951,-5.313,-2.9487,-2.4578,-1.454,0.6505
-0.4097,-4.8509,-2.9056,-2.4578,-1.454,0.6505
-0.0957,-4.6615,-3.0951,-2.4578,-1.454,0.6505
-0.2035,-4.6567,-3.4398,-2.4578,-1.454,0.6505
-0.5366,-4.6184,-4.1033,-2.4578,-1.454,0.6505
-0.9846,-4.9539,-4.5753,-2.4578,-1.454,0.6505
-1.4709,-5.4881,-4.7165,-2.4578,-1.454,0.6505
-1.6816,-6.3934,-4.2521,-2.4578,-1.454,0.6505
-1.5044,-7.7398,-3.737,-2.4578,-1.454,0.6505
-1.1067,-9.0979,-3.7777,-2.4578,-1.454,0.6505
-2.6949,-11.9246,-6.1779,-2.4578,-1.454,0.6505
-5.3875,-20.9004,-7.6919,-2.4578,-1.454,0.6505
-6.2665,-30.3171,-7.9433,-2.4578,-1.454,0.6505
-3.5308,-11.5583,0.6419,-2.4578,-1.454,0.6505
-2.0338,3.1741,6.2066,-2.4578,-1.454,0.6505
-2.5585,3.1525,-3.2267,-2.4578,-1.454,0.6505
2.2086,-7.2343,-0.3953,-2.4578,-1.454,0.6505
4.1991,-15.2615,-0.9271,-2.4578,-1.454,0.6505
4.7863,-17.7817,-3.2842,-2.4578,-1.454,0.6505
1.6026,-10.5258,-3.3871,-2.4578,-1.454,0.6505
0.0191,-7.0284,-1.7917,-2.4578,-1.454,0.6505
-1.1617,-7.4283,-2.0219,-2.4578,-1.454,0.6505
-1.3557,-7.9864,-1.775,-2.4578,-1.454,0.6505
1.133,-9.0405,-1.7079,-2.4578,-1.454,0.6505
2.9655,-10.2142,-1.5475,-2.4578,-1.454,0.6505
2.9487,-10.4946,-1.5164,-2.4578,-1.454,0.6505
1.7989,-10.0083,-1.2695,-2.4578,-1.454,0.6505
1.5188,-9.2296,-1.4685,-2.4578,-1.454,0.6505
1.2431,-8.801,-1.3198,-2.4578,-1.454,0.6505
1.1881,-9.0333,-1.0277,-2.4578,-1.454,0.6505
1.6361,-9.6345,-0.9032,-2.4578,-1.454,0.6505
1.9138,-10.0945,-0.7951,-2.4578,-1.454,0.6505
1.9521,-9.7327,-0.7137,-2.4578,-1.454,0.6505
1.5762,-9.4119,-0.4336,-2.4578,-1.454,0.6505
1.2934,-9.5627,-0.3354,-2.4578,-1.454,0.6505
0.9822,-9.613,-0.5844,-2.4578,-1.454,0.6505
0.7233,-9.534,-0.8553,-2.4578,-1.454,0.6505
0.661,-9.7255,-0.9463,-2.4578,-1.454,0.6505
0.8481,-9.7758,-1.042,-2.4578,-1.454,0.6505
0.8768,-9.8237,-1.0181,-2.4578,-1.454,0.6505
0.5773,-10.3267,-0.8768,-2.4578,-1.454,0.6505
1.0827,-10.4539,-1.3102,-2.4578,-1.454,0.6505
1.0492,-10.4037,-2.199,-2.4578,-1.454,0.6505
1.3198,-10.4898,-2.4504,-2.4578,-1.454,0.6505
1.8157,-10.5401,-2.0434,-2.4578,-1.454,0.6505
2.0554,-11.5391,-1.7151,-2.4578,-1.454,0.6505
2.3307,-11.4382,-1.236,-2.4578,-1.454,0.6505
2.3116,-11.2683,-0.8696,-2.4578,-1.454,0.6505
1.6983,-12.0682,-0.7137,-2.4578,-1.454,0.6505
1.2743,-12.4947,-0.5389,-2.4578,-1.454,0.6505
1.5403,-12.3534,-0.5701,-2.4578,-1.454,0.6505
1.5451,-11.7857,-0.8816,-2.4578,-1.454,0.6505
0.2561,-10.969,-1.1593,-2.4578,-1.454,0.6505
-0.1316,-10.9834,-1.7007,-2.4578,-1.454,0.6505
0.8744,-10.904,-1.4709,-2.4578,-1.454,0.6505
1.5068,-10.6718,-1.4637,-2.4578,-1.454,0.6505
1.2719,-10.5449,-0.7592,-2.4578,-1.454,0.6505
0.9295,-10.6622,-0.0598,-2.4578,-1.454,0.6505
-0.0622,-10.9522,-0.0861,-2.4578,-1.454,0.6505
-0.4575,-10.061,-0.7233,-2.4578,-1.454,0.6505
-0.7257,-8.7026,-1.9545,-2.4578,-1.454,0.6505
-0.7879,-7.747,-2.1583,-2.4578,-1.454,0.6505
-0.6898,-7.1529,-1.9835,-2.4578,-1.454,0.6505
-0.2947,-6.7719,-1.5858,-2.4578,-1.454,0.6505
-0.2828,-6.5038,-1.1785,-2.4578,-1.454,0.6505
-0.5174,-5.9457,-0.7305,-2.4578,-1.454,0.6505
-0.8047,-5.3297,-0.8119,-2.4578,-1.454,0.6505
-0.9582,-5.2268,-1.2743,-2.4578,-1.454,0.6505
-1.2216,-5.984,-2.108,-2.4578,-1.454,0.6505
-1.6912,-6.8246,-2.8793,-2.4578,-1.454,0.6505
-1.9931,-7.6823,-3.84,-2.4578,-1.454,0.6505
-3.1381,-9.6704,-5.4378,-2.4578,-1.454,0.6505
-0.6754,-12.9547,-6.9156,-2.4578,-1.454,0.6505
-0.5916,-13.968,1.1857,-2.4578,-1.454,0.6505
-3.8471,-11.4598,-0.4743,-2.4578,-1.454,0.6505
-1.6265,-10.3627,-0.6132,-2.4578,-1.454,0.6505
0.2298,-11.1294,-7.445,-2.4578,-1.454,0.6505
4.7839,-10.6742,0.1484,-2.4578,-1.454,0.6505
2.9296,-9.1123,3.804,-2.4578,-1.454,0.6505
-1.8109,-9.1219,-1.0779,-2.4578,-1.454,0.6505
-0.4336,-9.2754,-2.4839,-2.4578,-1.454,0.6505
2.1703,-9.4837,-1.1761,-2.4578,-1.454,0.6505
2.0721,-9.6537,-0.8601,-2.4578,-1.454,0.6505
2.0793,-10.1975,-1.291,-2.4578,-1.454,0.6505
1.921,-9.879,-1.6983,-2.4578,-1.454,0.6505
1.1929,-10.1615,-2.3977,-2.4578,-1.454,0.6505
0.8601,-11.8791,-3.6409,-2.4578,-1.454,0.6505
1.1306,-11.5053,-3.4805,-2.4578,-1.454,0.6505
0.8119,-8.8106,-1.8109,-2.4578,-1.454,0.6505
0.8286,-7.9409,-1.291,-2.4578,-1.454,0.6505
1.2958,-8.9112,-1.0205,-2.4578,-1.454,0.6505
1.6552,-9.5316,-1.3485,-2.4578,-1.454,0.6505
1.5379,-9.9532,-1.5379,-2.4578,-1.454,0.6505
0.9941,-9.9748,-1.8587,-2.4578,-1.454,0.6505
0.7903,-9.6752,-2.1894,-2.4578,-1.454,0.6505
1.0181,-9.3759,-2.2158,-2.4578,-1.454,0.6505
1.382,-9.5124,-2.0913,-2.4578,-1.454,0.6505
1.6409,-9.7111,-1.7606,-2.4578,-1.454,0.6505
2.0099,-9.589,-1.7414,-2.4578,-1.454,0.6505
2.1894,-9.692,-1.4733,-2.4578,-1.454,0.6505
2.1296,-9.8045,-1.4589,-2.4578,-1.454,0.6505
1.7223,-9.8093,-1.1641,-2.4578,-1.454,0.6505
1.5188,-9.5795,-1.4469,-2.4578,-1.454,0.6505
1.5427,-9.4813,-1.0253,-2.4578,-1.454,0.6505
1.5738,-9.6968,-0.8143,-2.4578,-1.454,0.6505
1.4685,-9.8021,-0.9343,-2.4578,-1.454,0.6505
1.2216,-9.7854,-1.1282,-2.4578,-1.454,0.6505
1.0085,-9.8165,-1.3221,-2.4578,-1.454,0.6505
0.8625,-9.7949,-1.6098,-2.4578,-1.454,0.6505
0.8696,-9.783,-1.4733,-2.4578,-1.454,0.6505
0.872,-9.7997,-1.5738,-2.4578,-1.454,0.6505
0.8816,-9.7255,-2.0075,-2.4578,-1.454,0.6505
0.3306,-10.049,-2.4696,-2.4578,-1.454,0.6505
-1.1426,-10.5162,-2.8793,-2.4578,-1.454,0.6505
-1.2192,-8.6667,-3.6218,-2.4578,-1.454,0.6505
1.8085,-7.3062,-2.2469,-2.4578,-1.454,0.6505
2.7596,-7.8739,-1.8875,-2.4578,-1.454,0.6505
1.4398,-8.183,-2.1823,-2.4578,-1.454,0.6505
0.6347,-8.6571,-2.4911,-2.4578,-1.454,0.6505
-0.5509,-9.7279,-2.6853,-2.4578,-1.454,0.6505
0.3354,-10.0969,-1.6672,-2.4578,-1.454,0.6505
-0.6251,-10.8969,-1.5667,-2.4578,-1.454,0.6505
-1.974,-11.5726,-1.4996,-2.4578,-1.454,0.6505
-2.2565,-11.9916,-1.8899,-2.4578,-1.454,0.6505
-2.1966,-11.467,-2.1104,-2.4578,-1.454,0.6505
-2.4217,-9.6704,-2.5848,-2.4578,-1.454,0.6505
-2.4337,-7.8571,-3.447,-2.4578,-1.454,0.6505
-2.4265,-7.893,-3.974,-2.4578,-1.454,0.6505
-2.7189,-8.7819,-3.9788,-2.4578,-1.454,0.6505
-2.6734,-9.1865,-4.2401,-2.4578,-1.454,0.6505
-2.7596,-9.6489,-5.3636,-2.4578,-1.454,0.6505
-2.8601,-10.1304,-6.8534,-2.4578,-1.454,0.6505
-2.9008,-10.2118,-6.4341,-2.4578,-1.454,0.6505
-2.3116,-8.9854,-4.8701,-2.4578,-1.454,0.6505
-1.8803,-8.341,-4.1225,-2.623,-1.5829,0.626
-1.8803,-8.341,-4.1225,-2.5708,-1.7842,0.4599
-1.8803,-8.341,-4.1225,-2.3417,-1.6212,0.2788
-1.8803,-8.341,-4.1225,-2.0935,-1.4135,0.1776
-1.8803,-8.341,-4.1225,-1.922,-1.6063,0.0636
-1.8803,-8.341,-4.1225,-1.9124,-1.9238,0.0157
-1.8803,-8.341,-4.1225,-1.9231,-2.2827,0.0274
-1.8803,-8.341,-4.1225,-2.1042,-2.3552,0.0647
-1.8803,-8.341,-4.1225,-2.2139,-2.0015,0.1115
-1.8803,-8.341,-4.1225,-2.0381,-1.8183,0.1115
-1.8803,-8.341,-4.1225,-1.8251,-1.9291,0.1552
-1.8803,-8.341,-4.1225,-1.6834,-1.8822,0.1648
-1.8803,-8.341,-4.1225,-1.5139,-1.5126,0.2266
-1.8803,-8.341,-4.1225,-1.2465,-1.1525,0.2213
-1.8803,-8.341,-4.1225,-0.9579,-0.9416,0.1925
-1.8803,-8.341,-4.1225,-0.7224,-0.8564,0.07
-1.8803,-8.341,-4.1225,-0.4465,-0.8585,-0.0844
-1.8803,-8.341,-4.1225,-0.1195,-0.7456,-0.2761
-1.8803,-8.341,-4.1225,0.2127,-0.5443,-0.4955
-1.8803,-8.341,-4.1225,0.5355,-0.3738,-0.7086
-1.8803,-8.341,-4.1225,0.8039,-0.3525,-0.8993
-1.8803,-8.341,-4.1225,1.0266,-0.4463,-1.0772
-1.8803,-8.341,-4.1225,1.2705,-0.5539,-1.2508
-1.8803,-8.341,-4.1225,1.5826,-0.6753,-1.418
-1.8803,-8.341,-4.1225,1.8756,-0.7541,-1.5342
-1.8803,-8.341,-4.1225,1.932,-0.6881,-1.5576
-1.8803,-8.341,-4.1225,1.4921,-0.7531,-1.5118
-1.8803,-8.341,-4.1225,0.6825,-1.225,-0.7682
-1.8803,-8.341,-4.1225,-0.8109,-1.3336,0.4481
-1.8803,-8.341,-4.1225,-1.4575,-1.4945,0.6995
-1.8803,-8.341,-4.1225,-0.2079,-0.8255,0.0604
-1.8803,-8.341,-4.1225,0.7656,-0.2418,0.1019
-1.8803,-8.341,-4.1225,0.936,0.294,0.0189
-1.8803,-8.341,-4.1225,1.0862,1.2079,-0.3155
-1.8803,-8.341,-4.1225,0.9999,0.8031,-0.6021
-1.8803,-8.341,-4.1225,0.8093,-0.7722,-0.9089
-1.8803,-8.341,-4.1225,0.9616,-0.7094,-0.9717
-1.8803,-8.341,-4.1225,1.0596,0.4058,-0.8375
-1.8803,-8.341,-4.1225,0.9435,0.4079,-0.5222
-1.8803,-8.341,-4.1225,0.871,0.3387,-0.3581
-1.8803,-8.341,-4.1225,0.919,0.4942,-0.4071
-1.8803,-8.341,-4.1225,0.8902,0.2535,-0.5073
-1.8803,-8.341,-4.1225,0.7943,-0.0713,-0.5477
-1.8803,-8.341,-4.1225,0.7943,-0.0703,-0.4955
-1.8803,-8.341,-4.1225,0.8657,0.0969,-0.3869
-1.8803,-8.341,-4.1225,0.9371,0.0319,-0.2527
-1.8803,-8.341,-4.1225,0.9403,-0.1256,-0.1653
-1.8803,-8.341,-4.1225,0.9371,-0.1885,-0.1515
-1.8803,-8.341,-4.1225,0.9147,-0.1512,-0.1792
-1.8803,-8.341,-4.1225,0.8657,-0.1246,-0.2111
-1.8803,-8.341,-4.1225,0.8359,-0.1129,-0.2282
-1.8803,-8.341,-4.1225,0.7922,-0.0809,-0.2431
-1.8803,-8.341,-4.1225,0.6942,-0.0553,-0.2282
-1.8803,-8.341,-4.1225,0.577,-0.0777,-0.1824
-1.8803,-8.341,-4.1225,0.4897,-0.0266,-0.0908
-1.8803,-8.341,-4.1225,0.4354,-0.0255,-0.0279
-1.8803,-8.341,-4.1225,0.4226,0.0319,0.037
-1.8803,-8.341,-4.1225,0.4364,0.0564,0.0487
-1.8803,-8.341,-4.1225,0.3438,0.0692,0.0348
-1.8803,-8.341,-4.1225,0.1424,0.1161,0.038
-1.8803,-8.341,-4.1225,-0.0886,0.0735,0.0561
-1.8803,-8.341,-4.1225,-0.3496,-0.1725,0.0679
-1.8803,-8.341,-4.1225,-0.5936,-0.5613,0.0647
-1.8803,-8.341,-4.1225,-0.7746,-0.7744,0.0913
-1.8803,-8.341,-4.1225,-0.9035,-0.8372,0.1403
-1.8803,-8.341,-4.1225,-1.0175,-1.0673,0.2213
-1.8803,-8.341,-4.1225,-1.2444,-1.3549,0.364
-1.8803,-8.341,-4.1225,-1.5299,-1.7778,0.4545
-1.8803,-8.341,-4.1225,-1.808,-1.9834,0.413
-1.8803,-8.341,-4.1225,-1.9337,-2.3019,0.3928
-1.8803,-8.341,-4.1225,-2.0637,-2.3905,0.3182
-1.8803,-8.341,-4.1225,-2.1692,-2.4001,0.1382
-1.8803,-8.341,-4.1225,-2.2107,-2.2135,-0.0258
-1.8803,-8.341,-4.1225,-1.9433,-1.977,-0.1589
-1.8803,-8.341,-4.1225,-1.6376,-1.7959,-0.2186
-1.8803,-8.341,-4.1225,-1.5065,-2.025,-0.2442
-1.8803,-8.341,-4.1225,-1.6025,-2.4459,-0.1866
-1.8803,-8.341,-4.1225,-1.5789,-2.2966,-0.2026
-1.8803,-8.341,-4.1225,-1.2316,-1.6617,-0.2431
-1.8803,-8.341,-4.1225,-0.7746,-1.2239,-0.3081
-1.8803,-8.341,-4.1225,-0.4007,-1.0822,-0.3837
-1.8803,-8.341,-4.1225,-0.0908,-1.0055,-0.454
-1.8803,-8.341,-4.1225,0.2415,-0.9714,-0.5659
-1.8803,-8.341,-4.1225,0.6303,-0.8798,-0.7065
-1.8803,-8.341,-4.1225,1.0585,-0.7445,-0.8258
-1.8803,-8.341,-4.1225,1.425,-0.6402,-0.879
-1.8803,-8.341,-4.1225,1.5869,-0.5954,-0.8418
-1.8803,-8.341,-4.1225,1.3216,-0.7115,-0.6457
-1.8803,-8.341,-4.1225,0.6889,-1.6415,-0.4007
-1.8803,-8.341,-4.1225,0.2788,-1.4231,-0.3986
-1.8803,-8.341,-4.1225,0.3107,0.3983,-0.3177
-1.8803,-8.341,-4.1225,0.5121,0.3003,-0.373
-1.8803,-8.341,-4.1225,0.4652,-0.6402,-0.5147
-1.8803,-8.341,-4.1225,0.1659,-0.2247,-0.4966
-1.8803,-8.341,-4.1225,0.6463,0.7392,-0.6926
-1.8803,-8.341,-4.1225,0.8039,-0.2918,-0.5115
-1.8803,-8.341,-4.1225,0.4226,-1.6351,-0.2964
-1.8803,-8.341,-4.1225,0.4471,-0.9267,-0.3794
-1.8803,-8.341,-4.1225,0.5568,0.0127,-0.4721
-1.8803,-8.341,-4.1225,0.5334,0.0521,-0.4604
-1.8803,-8.341,-4.1225,0.4705,-0.0404,-0.4785
-1.8803,-8.341,-4.1225,0.413,-0.0234,-0.4167
-1.8803,-8.341,-4.1225,0.2521,-0.0319,-0.2633
-1.8803,-8.341,-4.1225,0.037,0.0266,-0.1419
-1.8803,-8.341,-4.1225,-0.0609,-0.0841,-0.1483
-1.8803,-8.341,-4.1225,0.1563,-0.0649,-0.2218
-1.8803,-8.341,-4.1225,0.3874,-0.0053,-0.3145
-1.8803,-8.341,-4.1225,0.56,0.0649,-0.323
-1.8803,-8.341,-4.1225,0.5781,0.0777,-0.2452
-1.8803,-8.341,-4.1225,0.4545,0.0063,-0.1632
-1.8803,-8.341,-4.1225,0.3374,-0.0841,-0.0801
-1.8803,-8.341,-4.1225,0.2628,-0.0213,-0.0418
-1.8803,-8.341,-4.1225,0.2042,0.0223,-0.0226
-1.8803,-8.341,-4.1225,0.1637,0.0479,-0.0173
-1.8803,-8.341,-4.1225,0.0988,0.0031,0.0167
-1.8803,-8.341,-4.1225,0.0316,-0.1352,0.0476
-1.8803,-8.341,-4.1225,-0.0205,-0.2556,0.0487
-1.8803,-8.341,-4.1225,-0.0482,-0.3035,0.0455
-1.8803,-8.341,-4.1225,-0.0077,-0.3259,0.0764
-1.8803,-8.341,-4.1225,-0.0663,-0.2833,0.0913
-1.8803,-8.341,-4.1225,-0.0354,-0.1874,0.1211
-1.8803,-8.341,-4.1225,-0.0471,-0.2023,0.1339
-1.8803,-8.341,-4.1225,-0.0737,-0.2013,0.1584
-1.8803,-8.341,-4.1225,-0.1589,-0.2055,0.201
-1.8803,-8.341,-4.1225,-0.2708,-0.2545,0.2575
-1.8803,-8.341,-4.1225,-0.3645,-0.2055,0.3288
-1.8803,-8.341,-4.1225,-0.4679,-0.1874,0.3949
-1.8803,-8.341,-4.1225,-0.6479,-0.2055,0.462
-1.8803,-8.341,-4.1225,-0.9557,-0.083,0.5291
-1.8803,-8.341,-4.1225,-1.2327,0.0372,0.6154
-1.8803,-8.341,-4.1225,-1.3136,-0.4399,0.789
-1.8803,-8.341,-4.1225,-1.2572,-0.4857,0.9733
-1.8803,-8.341,-4.1225,-1.2764,-0.4335,0.9733
-1.8803,-8.341,-4.1225,-1.2678,-0.6998,0.9232
-1.8803,-8.341,-4.1225,-1.1507,-0.3611,0.7741
-1.8803,-8.341,-4.1225,-0.862,-0.4079,0.6974
-1.8803,-8.341,-4.1225,-0.5488,-0.2663,0.7549
-1.8803,-8.341,-4.1225,-0.4434,0.0894,0.871
-1.8803,-8.341,-4.1225,-0.2335,0.392,0.7943
-1.8803,-8.341,-4.1225,0.0945,0.6348,0.4737
-1.8803,-8.341,-4.1225,0.3981,0.6849,0.1435
-1.8803,-8.341,-4.1225,0.6633,0.5773,-0.03
-1.8803,-8.341,-4.1225,0.8061,0.4963,0.0689
-1.8803,-8.341,-4.1225,0.7272,0.2034,0.282
-1.8803,-8.341,-4.1225,0.3533,0.0362,0.528
-1.8803,-8.341,-4.1225,-0.0205,0.2023,0.7635
-1.8803,-8.341,-4.1225,-0.1994,0.2748,0.7624
-1.8803,-8.341,-4.1225,-0.4103,0.3898,0.5962
-1.8803,-8.341,-4.1225,-0.7097,0.5081,0.4971
-1.8803,-8.341,-4.1225,-0.8375,0.6487,0.4375
-1.6193,-7.9026,-3.3441,-0.8322,0.5954,0.396
-1.5882,-7.1817,-1.6648,-0.8322,0.5954,0.396
-1.4805,-6.6355,-0.9989,-0.8322,0.5954,0.396
-1.4685,-6.5253,-1.5092,-0.8322,0.5954,0.396
-2.0123,-6.5134,-2.0314,-0.8322,0.5954,0.396
-2.4744,-6.7815,-2.2541,-0.8322,0.5954,0.396
-2.6207,-7.2798,-2.0697,-0.8322,0.5954,0.396
-2.4911,-7.7614,-1.5188,-0.8322,0.5954,0.396
-2.1918,-8.2453,-1.0396,-0.8322,0.5954,0.396
-1.9569,-8.535,-0.8167,-0.8322,0.5954,0.396
-1.6864,-8.7026,-0.7999,-0.8322,0.5954,0.396
-1.4733,-9.1937,-1.435,-0.8322,0.5954,0.396
-1.0157,-10.0323,-2.041,-0.8322,0.5954,0.396
-0.5773,-10.5641,-1.9979,-0.8322,0.5954,0.396
-0.0502,-10.6287,-1.4613,-0.8322,0.5954,0.396
1.0971,-10.5282,-1.2527,-0.8322,0.5954,0.396
1.8133,-11.0504,-1.5954,-0.8322,0.5954,0.396
2.0003,-11.2611,-1.7869,-0.8322,0.5954,0.396
0.9846,-11.0863,-1.8683,-0.8322,0.5954,0.396
1.0396,-10.8131,-1.3533,-0.8322,0.5954,0.396
1.6409,-10.6838,-0.594,-0.8322,0.5954,0.396
1.9354,-10.3965,0.3666,-0.8322,0.5954,0.396
1.593,-10.1544,0.1723,-0.8322,0.5954,0.396
1.3317,-10.8346,-1.4086,-0.8322,0.5954,0.396
2.58,-10.5976,-2.7165,-0.8322,0.5954,0.396
4.0842,-8.8705,-0.5605,-0.8322,0.5954,0.396
3.5212,-8.5374,1.145,-0.8322,0.5954,0.396
2.3044,-11.0097,-0.5006,-0.8322,0.5954,0.396
2.6806,-11.3233,-0.5342,-0.8322,0.5954,0.396
0.5509,-10.2645,0.9415,-0.8322,0.5954,0.396
-1.5523,-10.3917,-0.6395,-0.8322,0.5954,0.396
-0.6994,-10.9088,-0.8912,-0.8322,0.5954,0.396
0.7257,-11.3856,-0.5533,-0.8322,0.5954,0.396
2.2756,-11.2611,-0.2537,-0.8322,0.5954,0.396
2.8984,-10.8657,-0.079,-0.8322,0.5954,0.396
2.2732,-10.1089,-0.0861,-0.8322,0.5954,0.396
2.2134,-9.8742,-0.5796,-0.8322,0.5954,0.396
1.9138,-10.0825,-0.6108,-0.8322,0.5954,0.396
1.7702,-9.692,-1.2551,-0.8322,0.5954,0.396
1.6983,-9.4406,-1.145,-0.8322,0.5954,0.396
1.7941,-9.1793,-0.582,-0.8322,0.5954,0.396
1.8851,-8.9998,-0.4168,-0.8322,0.5954,0.396
2.3307,-9.062,-0.3474,-0.8322,0.5954,0.396
2.223,-8.9375,0.0718,-0.8322,0.5954,0.396
1.3676,-8.5517,-0.1029,-0.8322,0.5954,0.396
1.0851,-8.262,-0.2202,-0.8322,0.5954,0.396
1.2527,-8.3985,0.3474,-0.8322,0.5954,0.396
1.2719,-8.3243,0.1867,-0.8322,0.5954,0.396
1.423,-8.9303,-0.2106,-0.8322,0.5954,0.396
1.382,-10.6527,-0.5222,-0.8322,0.5954,0.396
1.2743,-12.4779,-1.9042,-0.8322,0.5954,0.396
1.3892,-12.1906,-2.1583,-0.8322,0.5954,0.396
1.6289,-10.9328,-1.9521,-0.8322,0.5954,0.396
1.6241,-10.7604,-1.7151,-0.8322,0.5954,0.396
2.0099,-10.6143,-1.9788,-0.8322,0.5954,0.396
2.1152,-10.2597,-1.8085,-0.8322,0.5954,0.396
1.6361,-9.4334,-1.4254,-0.8322,0.5954,0.396
1.5834,-8.6571,-1.2503,-0.8322,0.5954,0.396
1.9593,-8.3195,-0.4168,-0.8322,0.5954,0.396
2.1727,-8.7002,-1.042,-0.8322,0.5954,0.396
2.4169,-9.5196,-1.6385,-0.8322,0.5954,0.396
2.7979,-10.1113,-1.5307,-0.8322,0.5954,0.396
2.4073,-9.7423,-1.2838,-0.8322,0.5954,0.396
1.7151,-8.9016,-1.8204,-0.8322,0.5954,0.396
-0.0119,-8.9207,-2.3427,-0.8322,0.5954,0.396
-0.776,-8.6116,-1.7534,-0.8322,0.5954,0.396
0.4551,-7.9457,-0.3259,-0.8322,0.5954,0.396
-0.2947,-8.5422,-0.5342,-0.8322,0.5954,0.396
-1.6026,-9.285,-1.5475,-0.8322,0.5954,0.396
-2.2565,-9.4238,-1.9788,-0.8322,0.5954,0.396
-3.9549,-9.5818,-2.7356,-0.8322,0.5954,0.396
-6.4436,-9.2921,-3.3297,-0.8322,0.5954,0.396
-6.8773,-9.1697,-4.2616,-0.8322,0.5954,0.396
-5.6173,-10.5832,-3.8854,-0.8322,0.5954,0.396
-4.9275,-11.1055,-3.7035,-0.8322,0.5954,0.396
-3.5907,-9.2128,-4.2353,-0.8322,0.5954,0.396
-3.5883,-7.7446,-5.7514,-0.8322,0.5954,0.396
-4.616,-7.7207,-7.6512,-0.8322,0.5954,0.396
-3.816,-7.9266,-7.7661,-0.8322,0.5954,0.396
-2.568,-7.7446,-6.5972,-0.8322,0.5954,0.396
-1.6169,-6.6642,-5.4258,-0.8322,0.5954,0.396
-1.1593,-5.5192,-4.4699,-0.8322,0.5954,0.396
-2.0961,-4.9706,-4.2257,-0.8322,0.5954,0.396
-2.9942,-5.524,-3.593,-0.8322,0.5954,0.396
-2.659,-5.6868,-2.5175,-0.8322,0.5954,0.396
-2.4001,-5.7155,-1.7175,-0.8322,0.5954,0.396
-2.4504,-6.2234,-1.8899,-0.8322,0.5954,0.396
-3.1286,-7.1721,-2.5246,-0.8322,0.5954,0.396
-2.4384,-8.2644,-1.5092,-0.8322,0.5954,0.396
-3.2004,-7.6776,-2.2421,-0.8322,0.5954,0.396
-2.6351,-7.7685,-1.6026,-0.8322,0.5954,0.396
-1.3868,-9.0692,-1.7223,-0.8322,0.5954,0.396
-0.6156,-9.9628,-2.4815,-0.8322,0.5954,0.396
-0.1244,-10.1927,-2.3834,-0.8322,0.5954,0.396
-0.6036,-11.467,-1.5738,-0.8322,0.5954,0.396
-1.4709,-12.9307,-1.1785,-0.8322,0.5954,0.396
-1.3006,-12.2337,-1.2623,-0.8322,0.5954,0.396
-0.1891,-10.8011,-0.8649,-0.8322,0.5954,0.396
0.0191,-10.231,-0.6539,-0.8322,0.5954,0.396
-0.9103,-10.3052,-0.2899,-0.8322,0.5954,0.396
-1.4012,-10.418,-0.2801,-0.8322,0.5954,0.396
-0.5533,-10.2813,-0.2876,-0.8322,0.5954,0.396
0.5366,-9.9437,-0.1699,-0.8322,0.5954,0.396
1.7989,-8.9375,1.0133,-0.8322,0.5954,0.396
2.4576,-8.1782,0.7041,-0.8322,0.5954,0.396
2.0937,-9.0931,-0.9894,-0.8322,0.5954,0.396
3.0951,-8.0965,-1.593,-0.8322,0.5954,0.396
3.9597,-6.9156,1.5355,-0.8322,0.5954,0.396
2.7859,-7.7901,4.1057,-0.8322,0.5954,0.396
-0.8625,-10.904,-0.9199,-0.8322,0.5954,0.396
-2.6925,-12.4731,-3.4207,-0.8322,0.5954,0.396
-1.0636,-12.2601,-2.9439,-0.8322,0.5954,0.396
2.7045,-12.6722,-1.8947,-0.8322,0.5954,0.396
4.1584,-11.7666,-2.3858,-0.8322,0.5954,0.396
5.8256,-10.2477,-2.223,-0.8322,0.5954,0.396
5.7586,-11.7067,-2.0602,-0.8322,0.5954,0.396
3.265,-13.5655,0.043,-0.8322,0.5954,0.396
0.7903,-13.0552,0.7736,-0.8322,0.5954,0.396
0.1244,-10.8394,0.4958,-0.8322,0.5954,0.396
0,-9.1985,0.3235,-0.8322,0.5954,0.396
1.1426,-10.0418,0.9319,-0.8322,0.5954,0.396
1.6505,-10.1855,1.2,-0.8322,0.5954,0.396
1.6792,-9.0381,1.2695,-0.8322,0.5954,0.396
1.3078,-8.8872,0.6826,-0.8322,0.5954,0.396
0.8649,-8.8513,-0.1292,-0.8322,0.5954,0.396
1.121,-9.1937,-0.2274,-0.8322,0.5954,0.396
1.8755,-9.7566,-0.1197,-0.8322,0.5954,0.396
1.9378,-10.0059,-0.0646,-0.8322,0.5954,0.396
1.842,-9.8264,-0.1292,-0.8322,0.5954,0.396
2.029,-9.9269,-0.2753,-0.8322,0.5954,0.396
2.4337,-10.2597,-0.1915,-0.8322,0.5954,0.396
2.3427,-10.061,0.4623,-0.8322,0.5954,0.396
1.9354,-9.7327,0.8601,-0.8322,0.5954,0.396
1.9018,-9.5866,0.896,-0.8322,0.5954,0.396
2.4648,-9.589,0.6682,-0.8322,0.5954,0.396
2.6351,-9.4837,0.6658,-0.8322,0.5954,0.396
2.7045,-9.2583,0.8792,-0.8322,0.5954,0.396
2.0434,-9.1099,1.0851,-0.8322,0.5954,0.396
1.5188,-9.0596,0.8744,-0.8322,0.5954,0.396
1.2264,-9.0045,0.515,-0.8322,0.5954,0.396
1.4302,-9.0333,0.3283,-0.8322,0.5954,0.396
1.7007,-9.0548,0.2466,-0.8322,0.5954,0.396
1.6696,-9.498,0.1436,-0.8322,0.5954,0.396
1.6816,-9.6585,-0.2777,-0.8322,0.5954,0.396
1.435,-9.5627,-0.1484,-0.8322,0.5954,0.396
1.5738,-9.6058,-0.146,-0.8322,0.5954,0.396
1.842,-10.2118,-0.5006,-0.8322,0.5954,0.396
2.1057,-10.588,-1.0085,-0.8322,0.5954,0.396
2.3163,-11.0097,-1.514,-0.8322,0.5954,0.396
2.8314,-11.9509,-1.0301,-0.8322,0.5954,0.396
2.9679,-12.9978,-0.764,-0.813,0.4974,0.3427
2.9679,-12.9978,-0.764,-0.6702,0.1768,0.2639
2.9679,-12.9978,-0.764,-0.4316,-0.0063,0.1744
2.9679,-12.9978,-0.764,-0.1877,0.2002,0.0263
2.9679,-12.9978,-0.764,0.0316,0.6391,-0.0961
2.9679,-12.9978,-0.764,0.2703,1.0535,-0.1035
2.9679,-12.9978,-0.764,0.5419,1.4838,-0.0343
2.9679,-12.9978,-0.764,0.7848,1.862,0.0838
2.9679,-12.9978,-0.764,0.9722,2.0867,0.2308
2.9679,-12.9978,-0.764,1.1107,2.1879,0.3821
2.9679,-12.9978,-0.764,1.2886,2.3734,0.4886
2.9679,-12.9978,-0.764,1.4793,2.644,0.5089
2.9679,-12.9978,-0.764,1.6071,2.971,0.4588
2.9679,-12.9978,-0.764,1.6625,3.2714,0.3182
2.9679,-12.9978,-0.764,1.6529,3.4717,0.1733
2.9679,-12.9978,-0.764,1.6529,3.4482,0.0679
2.9679,-12.9978,-0.764,1.6508,3.1819,-0.0332
2.9679,-12.9978,-0.764,1.6231,3.0552,-0.1121
2.9679,-12.9978,-0.764,1.5187,3.085,-0.1035
2.9679,-12.9978,-0.764,1.3919,2.9039,-0.0876
2.9679,-12.9978,-0.764,1.2737,2.6877,-0.1483
2.9679,-12.9978,-0.764,1.2812,2.7452,-0.2154
2.9679,-12.9978,-0.764,1.2183,2.693,-0.2708
2.9679,-12.9978,-0.764,1.0085,2.01,-0.3049
2.9679,-12.9978,-0.764,0.6932,1.3027,-0.3667
2.9679,-12.9978,-0.764,0.6101,1.1099,-0.5659
2.9679,-12.9978,-0.764,0.658,1.4998,-0.7352
2.9679,-12.9978,-0.764,0.6122,0.7904,-0.8449
2.9679,-12.9978,-0.764,0.5568,-0.0543,-0.9398
2.9679,-12.9978,-0.764,0.576,0.1725,-0.8407
2.9679,-12.9978,-0.764,0.2575,-0.2141,-0.4029
2.9679,-12.9978,-0.764,0.0029,-0.2226,-0.029
2.9679,-12.9978,-0.764,-0.1259,-0.0564,0.1062
2.9679,-12.9978,-0.764,-0.193,-0.1022,0.0721
2.9679,-12.9978,-0.764,-0.2111,-0.2577,-0.0428
2.9679,-12.9978,-0.764,-0.2697,-0.4186,-0.0886
2.9679,-12.9978,-0.764,-0.3965,-0.5656,-0.079
2.9679,-12.9978,-0.764,-0.4125,-0.6391,-0.1398
2.9679,-12.9978,-0.764,-0.4412,-0.7424,-0.1675
2.9679,-12.9978,-0.764,-0.4721,-0.6679,-0.1536
2.9679,-12.9978,-0.764,-0.421,-0.4942,-0.0918
2.9679,-12.9978,-0.764,-0.3304,-0.5006,-0.0418
2.9679,-12.9978,-0.764,-0.2335,-0.5251,-0.0173
2.9679,-12.9978,-0.764,-0.1174,-0.4154,-0.0577
2.9679,-12.9978,-0.764,0.0242,-0.3408,-0.0609
2.9679,-12.9978,-0.764,0.0934,-0.3707,0.0029
2.9679,-12.9978,-0.764,0.1371,-0.3185,0.0551
2.9679,-12.9978,-0.764,0.2042,-0.311,0.0849
2.9679,-12.9978,-0.764,0.1861,-0.3589,0.1233
2.9679,-12.9978,-0.764,0.1637,-0.3632,0.1723
2.9679,-12.9978,-0.764,0.0732,-0.3483,0.2809
2.9679,-12.9978,-0.764,-0.1675,-0.344,0.396
2.9679,-12.9978,-0.764,-0.4561,-0.5166,0.4652
2.9679,-12.9978,-0.764,-0.6798,-0.7797,0.4535
2.9679,-12.9978,-0.764,-0.8961,-0.883,0.4077
2.9679,-12.9978,-0.764,-1.0878,-0.9001,0.3629
2.9679,-12.9978,-0.764,-1.1539,-0.915,0.3256
2.9679,-12.9978,-0.764,-1.1645,-0.9768,0.3171
2.9679,-12.9978,-0.764,-1.0495,-0.9011,0.3459
2.9679,-12.9978,-0.764,-0.9334,-1.2196,0.4013
2.9679,-12.9978,-0.764,-0.9611,-1.5999,0.462
2.9679,-12.9978,-0.764,-1.0963,-1.8119,0.4481
2.9679,-12.9978,-0.764,-1.205,-1.9738,0.4439
2.9679,-12.9978,-0.764,-1.369,-2.255,0.5046
2.9679,-12.9978,-0.764,-1.5235,-2.3584,0.5845
2.9679,-12.9978,-0.764,-1.4638,-2.383,0.7656
2.9679,-12.9978,-0.764,-1.4106,-2.2082,0.8252
2.9679,-12.9978,-0.764,-1.2689,-2.0708,0.8093
2.9679,-12.9978,-0.764,-1.352,-2.1144,0.8774
2.9679,-12.9978,-0.764,-1.4947,-2.0399,0.9264
2.9679,-12.9978,-0.764,-1.2955,-1.2122,0.7219
2.9679,-12.9978,-0.764,-0.83,-0.2332,0.2468
2.9679,-12.9978,-0.764,-0.2697,-0.3099,-0.1557
2.9679,-12.9978,-0.764,-0.1014,-0.458,-0.2569
2.9679,-12.9978,-0.764,-0.2612,-0.5017,-0.0279
2.9679,-12.9978,-0.764,-0.291,-0.2375,0.2255
2.9679,-12.9978,-0.764,-0.0652,0.2492,0.1275
2.9679,-12.9978,-0.764,0.0231,0.2982,0.0817
2.9679,-12.9978,-0.764,-0.1685,-0.0074,0.1808
2.9679,-12.9978,-0.764,-0.4476,-0.2705,0.2543
2.9679,-12.9978,-0.764,-0.6436,-0.3824,0.2117
2.9679,-12.9978,-0.764,-0.6063,-0.3355,0.0231
2.9679,-12.9978,-0.764,-0.4455,-0.3025,-0.177
2.9679,-12.9978,-0.764,-0.3752,-0.2258,-0.3145
2.9679,-12.9978,-0.764,-0.2133,0.0948,-0.4284
2.9679,-12.9978,-0.764,0.1573,0.5762,-0.5605
2.9679,-12.9978,-0.764,0.5621,0.9011,-0.617
2.9679,-12.9978,-0.764,0.8114,1.111,-0.6447
2.9679,-12.9978,-0.764,1.1033,1.6063,-0.6489
2.9679,-12.9978,-0.764,1.5187,2.0111,-0.6404
2.9679,-12.9978,-0.764,1.8191,2.0068,-0.4412
2.9679,-12.9978,-0.764,2.1344,1.8886,-0.3304
2.9679,-12.9978,-0.764,2.2676,1.8918,-0.2239
2.9679,-12.9978,-0.764,2.2228,2.0612,-0.1419
2.9679,-12.9978,-0.764,2.1419,2.3031,-0.1504
2.9679,-12.9978,-0.764,2.0662,2.1304,-0.2154
2.9679,-12.9978,-0.764,2.0556,1.7704,-0.2878
2.9679,-12.9978,-0.764,1.9075,1.9717,-0.2484
2.9679,-12.9978,-0.764,1.6657,2.1251,-0.1483
2.9679,-12.9978,-0.764,1.3973,1.8513,-0.0897
2.9679,-12.9978,-0.764,1.2396,1.6308,-0.0492
2.9679,-12.9978,-0.764,1.0884,1.5616,-0.0748
2.9679,-12.9978,-0.764,0.9669,1.5168,-0.1738
2.9679,-12.9978,-0.764,1.0223,1.7065,-0.2804
2.9679,-12.9978,-0.764,1.0521,1.9035,-0.3922
2.9679,-12.9978,-0.764,0.8604,1.2804,-0.438
2.9679,-12.9978,-0.764,0.7368,0.3866,-0.5872
2.9679,-12.9978,-0.764,0.9744,0.7573,-0.8684
2.9679,-12.9978,-0.764,1.2364,1.2335,-1.0196
2.9679,-12.9978,-0.764,1.05,0.2854,-0.7619
2.9679,-12.9978,-0.764,0.6186,-0.2854,-0.2964
2.9679,-12.9978,-0.764,0.4748,0.2109,0.0348
2.9679,-12.9978,-0.764,0.2884,0.7882,0.1328
2.9679,-12.9978,-0.764,-0.0535,0.409,0.0455
2.9679,-12.9978,-0.764,-0.3017,-0.0735,-0.2122
2.9679,-12.9978,-0.764,-0.3965,-0.1363,-0.4838
2.9679,-12.9978,-0.764,-0.241,-0.0117,-0.5041
2.9679,-12.9978,-0.764,-0.2346,-0.3792,-0.2932
2.9679,-12.9978,-0.764,-0.324,-0.3866,-0.0801
2.9679,-12.9978,-0.764,-0.3922,-0.2758,0.0029
2.9679,-12.9978,-0.764,-0.3304,-0.0713,0.0306
2.9679,-12.9978,-0.764,-0.1738,0.1587,0.021
2.9679,-12.9978,-0.764,-0.0684,0.066,0.0061
2.9679,-12.9978,-0.764,-0.0087,0.0191,0.0061
2.9679,-12.9978,-0.764,-0.0077,0.0969,0.0338
2.9679,-12.9978,-0.764,-0.0279,0.1981,0.0796
2.9679,-12.9978,-0.764,-0.0524,0.2396,0.1115
2.9679,-12.9978,-0.764,-0.0556,0.23,0.1147
2.9679,-12.9978,-0.764,-0.0737,0.1704,0.136
2.9679,-12.9978,-0.764,-0.0929,0.1225,0.1712
2.9679,-12.9978,-0.764,-0.0854,0.0745,0.135
2.9679,-12.9978,-0.764,-0.0673,0.0649,0.1115
2.9679,-12.9978,-0.764,-0.0119,-0.0266,0.1211
2.9679,-12.9978,-0.764,0.0625,-0.1374,0.1669
2.9679,-12.9978,-0.764,0.1307,-0.245,0.1637
2.9679,-12.9978,-0.764,0.1818,-0.328,0.1328
2.9679,-12.9978,-0.764,0.2319,-0.3579,0.1094
2.9679,-12.9978,-0.764,0.2543,-0.3451,0.1318
2.9679,-12.9978,-0.764,0.2788,-0.4324,0.1169
2.9679,-12.9978,-0.764,0.2937,-0.3962,0.1936
2.9679,-12.9978,-0.764,0.3043,-0.4729,0.2404
