repouso
0.8047,2.211,9.4861,-0.0287,-0.2197,0.2396
0.7999,2.1057,9.5364,-0.0255,-0.1632,0.213
0.7999,2.1057,9.5364,-0.0415,0.0615,0.1693
0.7113,2.2685,9.5172,-0.0585,0.1062,0.1683
0.6084,2.4361,9.4885,-0.0596,0.1041,0.1757
0.5964,2.4408,9.5555,-0.0596,0.1041,0.1757
0.6371,2.4384,9.5076,-0.0426,0.0828,0.1789
0.6491,2.4672,9.4262,-0.0202,0.0487,0.1757
0.5844,2.4552,9.2993,-0.0074,0.0071,0.1661
0.5366,2.4672,9.2464,-0.0095,-0.0247,0.1544
0.5342,2.4839,9.3616,-0.0191,-0.0599,0.1438
0.5174,2.4983,9.4837,-0.0234,-0.095,0.1384
0.5174,2.4983,9.4837,-0.0191,-0.1248,0.147
0.5078,2.472,9.7279,-0.0191,-0.1248,0.147
0.4767,2.4241,9.7087,-0.0149,-0.1057,0.1565
0.3833,2.3834,9.5531,-0.0138,-0.0652,0.1725
0.3833,2.3834,9.5531,-0.0585,0.0284,0.2407
0.357,2.4241,9.3759,-0.1065,0.0466,0.2822
0.5773,2.58,9.1506,-0.1065,0.0466,0.2822
0.5773,2.58,9.1506,-0.2055,0.0242,0.2854
0.5485,2.6662,9.2658,-0.2226,-0.0482,0.2822
0.7425,2.6662,9.8431,-0.2226,-0.0482,0.2822
0.8744,2.5246,10.1089,-0.2034,-0.1515,0.2737
0.8744,2.5246,10.1089,-0.0926,-0.2782,0.2513
0.896,2.4169,10.1232,-0.0426,-0.2921,0.2535
0.8382,2.3714,10.1065,0.0223,-0.2559,0.2609
0.8649,2.3307,9.6393,0.0223,-0.2559,0.2609
0.8382,2.3738,9.4166,0.0532,-0.2623,0.2673
0.8912,2.4672,9.3951,0.017,-0.3017,0.278
0.9367,2.5369,9.2778,-0.0372,-0.2665,0.2982
0.9343,2.5393,9.165,-0.1011,-0.1376,0.3057
0.9343,2.5393,9.165,-0.2599,0.0615,0.3227
0.7784,2.5513,9.1219,-0.3195,0.1296,0.3515
0.9774,2.5007,9.22,-0.3195,0.1296,0.3515
1.1546,2.4768,9.4478,-0.3589,0.1424,0.3621
1.2575,2.4576,9.6489,-0.3717,0.1062,0.3419
1.2575,2.4576,9.6489,-0.3185,-0.0354,0.2439
1.2312,2.4744,9.9365,-0.245,-0.1163,0.2023
1.2216,2.4768,10.1903,-0.1533,-0.1611,0.1672
1.1162,2.1296,10.1304,-0.1533,-0.1611,0.1672
0.9654,1.9282,9.9054,-0.0596,-0.1877,0.1448
0.7855,1.8444,9.692,0.0223,-0.2282,0.1374
0.7855,1.8444,9.692,0.0948,-0.3059,0.1651
0.515,1.8659,9.747,0.0948,-0.3059,0.1651
0.6658,1.9378,9.8982,0.0969,-0.2942,0.2236
0.6658,1.9378,9.8982,0.1022,-0.2015,0.3376
1.1306,2.0219,10.0777,0.1022,-0.2015,0.3376
1.2791,2.0769,10.0634,0.1065,-0.1376,0.3611
1.2791,2.0769,10.0634,0.1054,-0.0151,0.377
1.3844,2.132,10.0945,0.1225,0.0061,0.3738
1.5307,2.2756,10.0275,0.1225,0.0061,0.3738
1.5307,2.2756,10.0275,0.1778,0.0135,0.3344
1.5355,2.3211,9.958,0.1928,0.0007,0.3163
1.4422,2.2852,9.903,0.2013,0.005,0.3163
1.3269,2.1942,9.8237,0.1981,0.0327,0.327
1.2575,2.144,9.6656,0.1693,0.0732,0.3387
1.2407,2.1272,9.4909,0.1278,0.1179,0.3547
1.2048,2.1152,9.4334,0.0926,0.1701,0.3792
1.1354,2.0266,9.4119,0.0926,0.1701,0.3792
1.1306,2.108,9.4478,0.0692,0.2223,0.4079
1.1162,2.1847,9.5244,0.0521,0.2458,0.4303
1.1929,2.2613,9.5531,0.05,0.2308,0.4442
1.1929,2.2613,9.5531,0.0841,0.1137,0.4484
1.3006,2.3307,9.5579,0.1118,0.0402,0.4324
1.3748,2.4145,9.5842,0.1118,0.0402,0.4324
1.3748,2.4145,9.5842,0.1565,-0.0343,0.3888
1.4182,2.4097,9.5004,0.1555,-0.0503,0.3707
1.4446,2.3977,9.2778,0.1555,-0.0503,0.3707
1.4446,2.3977,9.2778,0.1075,-0.0013,0.3366
1.3413,2.4672,9.0117,0.1075,-0.0013,0.3366
1.3413,2.4672,9.0117,0.0063,0.0316,0.3174
1.2527,2.4097,8.9758,-0.0415,0.0284,0.3206
1.2767,2.3427,9.2754,-0.0415,0.0284,0.3206
1.3509,2.3403,9.4478,-0.0724,0.0284,0.3227
1.3509,2.3403,9.4478,-0.0884,0.0583,0.3057
1.394,2.3187,9.5124,-0.099,0.0796,0.295
1.435,2.302,9.5651,-0.099,0.0796,0.295
1.4996,2.3116,9.6848,-0.1129,0.0977,0.2854
1.4996,2.3116,9.6848,-0.0852,0.1062,0.2556
1.4972,2.2972,9.7375,-0.0521,0.0977,0.2386
1.3174,2.2325,9.5699,-0.0521,0.0977,0.2386
1.2647,2.2158,9.51,-0.0202,0.0593,0.2332
1.2647,2.2158,9.51,0.0191,-0.0247,0.2418
1.3317,2.1871,9.3855,0.0191,-0.0247,0.2418
1.3964,2.1583,9.3448,0.0127,-0.0332,0.2439
1.3964,2.1583,9.3448,-0.0383,0.0039,0.2524
1.4446,2.1751,9.3783,-0.0671,0.0359,0.2503
1.4757,2.1104,9.4214,-0.0671,0.0359,0.2503
1.49,2.144,9.364,-0.0916,0.0615,0.2481
1.5236,2.1775,9.3616,-0.1193,0.0796,0.245
1.5595,2.1631,9.4478,-0.1555,0.0838,0.2364
1.6002,2.144,9.5866,-0.1917,0.0828,0.2247
1.6002,2.144,9.5866,-0.2226,0.1019,0.1928
1.6457,2.1176,9.7327,-0.2173,0.1158,0.1757
1.5906,2.0602,9.8141,-0.2045,0.1307,0.1693
1.5164,2.0147,9.8431,-0.181,0.1222,0.1693
1.4924,2.0075,9.9245,-0.1363,0.0977,0.1672
1.4422,1.9835,9.9652,-0.1363,0.0977,0.1672
1.4422,1.9835,9.9652,-0.0106,0.021,0.1555
1.3221,1.8803,9.7925,-0.0106,0.021,0.1555
1.3221,1.8803,9.7925,0.0905,-0.0865,0.1715
1.315,1.8971,9.7447,0.1171,-0.1195,0.1789
1.4709,1.9835,9.6106,0.1171,-0.1195,0.1789
1.5595,1.974,9.5818,0.1171,-0.1323,0.181
1.5595,1.974,9.5818,0.0798,-0.0748,0.1757
1.6313,1.9569,9.5411,0.0617,-0.0428,0.1629
1.7366,2.0314,9.4861,0.0426,-0.0215,0.1406
1.7534,2.0985,9.3831,0.0426,-0.0215,0.1406
1.6552,2.0745,9.4166,0.0202,-0.0109,0.115
1.5451,2.0242,9.4238,-0.001,0.0007,0.0948
1.5451,2.0242,9.4238,-0.0213,0.0242,0.0948
1.4326,1.9859,9.3831,-0.0276,0.0167,0.1054
1.3221,2.0003,9.3616,-0.0276,0.0167,0.1054
1.3221,2.0003,9.3616,-0.0245,-0.0471,0.132
1.4853,2.0554,9.4933,-0.0245,-0.0471,0.132
1.5044,2.0338,9.6034,-0.0234,-0.0822,0.131
1.5116,1.9835,9.6417,-0.0202,-0.1003,0.1256
1.5116,1.9835,9.6417,-0.0074,-0.1089,0.1331
1.6074,2.0362,9.7016,-0.0074,-0.1089,0.1331
1.6074,2.0362,9.7016,-0.0085,-0.1014,0.1235
1.6552,2.0697,9.7901,-0.001,-0.0897,0.1129
1.775,2.0817,10.0849,-0.001,-0.0897,0.1129
1.8013,2.0793,10.0753,0.0202,-0.0758,0.1022
1.7821,2.0913,9.9054,0.0543,-0.0482,0.082
1.7319,2.1033,9.7063,0.0809,-0.0215,0.0617
1.7319,2.1033,9.7063,0.0937,0.0018,0.0255
1.7055,2.1009,9.5196,0.0735,0.0103,0.0074
1.6552,2.1966,9.2754,0.0735,0.0103,0.0074
1.6576,2.2062,9.2272,0.0415,0.0178,-0.0106
1.6481,2.1942,9.208,0.0063,0.0263,-0.0287
1.6481,2.1942,9.208,-0.05,0.0434,-0.0713
1.5044,2.1009,9.244,-0.05,0.0434,-0.0713
1.4158,2.0386,9.22,-0.0713,0.054,-0.0862
1.3509,2.0147,9.2224,-0.0905,0.0668,-0.0905
1.3509,2.0147,9.2224,-0.1331,0.0636,-0.0724
1.2791,1.9473,9.232,-0.1331,0.0636,-0.0724
1.2791,1.9473,9.232,-0.1619,-0.0034,-0.0436
1.2743,1.921,9.3328,-0.1619,-0.0503,-0.0276
1.49,1.8635,9.7447,-0.1619,-0.0503,-0.0276
1.5882,1.8516,9.879,-0.1448,-0.0737,-0.0191
1.6145,1.8228,9.9676,-0.1225,-0.0854,-0.0191
1.6145,1.8228,9.9676,-0.0788,-0.0673,-0.0234
1.6217,1.775,10.0059,-0.0607,-0.0407,-0.0191
1.6265,1.739,9.9604,-0.0468,-0.0194,-0.0159
1.6361,1.7941,9.6944,-0.0468,-0.0194,-0.0159
1.6361,1.7941,9.6944,-0.0351,-0.0151,-0.0213
1.6289,1.8228,9.5387,-0.0415,-0.0279,-0.0255
1.6385,1.8468,9.4214,-0.05,-0.0354,-0.0308
1.6576,1.8683,9.2993,-0.05,-0.0354,-0.0308
1.593,1.854,9.2272,-0.0607,-0.029,-0.0404
1.593,1.854,9.2272,-0.0798,-0.0151,-0.0521
1.5523,1.8516,9.1171,-0.0948,-0.0332,-0.0553
1.4517,1.921,9.0548,-0.0948,-0.0332,-0.0553
1.4517,1.921,9.0548,-0.1395,-0.0929,-0.0649
1.4637,1.8252,9.4885,-0.1395,-0.0929,-0.0649
1.4637,1.8252,9.4885,-0.1672,-0.0684,-0.0607
1.4781,1.7486,9.6872,-0.1576,-0.0513,-0.0553
1.4134,1.7965,9.8742,-0.1576,-0.0513,-0.0553
1.3581,1.7941,9.8431,-0.1331,-0.0535,-0.0521
1.3581,1.7941,9.8431,-0.0649,-0.0908,-0.0362
1.3581,1.818,9.7542,-0.0394,-0.111,-0.0276
1.303,1.775,9.6154,-0.0394,-0.111,-0.0276
1.3293,1.7917,9.5507,-0.0287,-0.1206,-0.0191
1.3293,1.7917,9.5507,-0.0404,-0.1248,-0.0031
1.4541,1.8492,9.6058,-0.0404,-0.1248,-0.0031
1.4613,1.8659,9.6465,-0.0511,-0.1227,-0.0053
1.4446,1.8252,9.6609,-0.0575,-0.1163,-0.0117
1.4446,1.8252,9.6609,-0.0735,-0.1334,-0.0127
1.4589,1.7486,9.9197,-0.0735,-0.1334,-0.0127
1.4589,1.7486,9.9197,-0.0543,-0.1696,0.0042
1.5355,1.7247,10.1783,-0.0202,-0.1653,0.0117
1.6361,1.5714,10.4276,0.0319,-0.1462,0.0213
1.7127,1.4493,10.6431,0.0926,-0.1014,0.0383
1.9641,1.5882,10.5114,0.0926,-0.1014,0.0383
2.0769,1.6768,10.2669,0.1427,-0.045,0.0404
2.0769,1.6768,10.2669,0.1864,0.0093,0.0095
2.0721,1.739,9.9796,0.1885,0.0007,-0.0021
2.1847,1.7582,9.8718,0.1885,0.0007,-0.0021
2.3283,1.8228,9.8886,0.1938,-0.0119,-0.0223
2.3283,1.8228,9.8886,0.2268,-0.0428,-0.1097
2.8841,1.5595,9.9341,0.2268,-0.0428,-0.1097
2.8529,1.3796,10.2166,0.2513,-0.1185,-0.1778
2.6375,1.3724,10.3674,0.2812,-0.2005,-0.2812
2.1823,1.514,9.9987,0.3376,-0.1206,-0.3664
1.6912,1.8109,9.3831,0.3717,0.0295,-0.4015
1.6912,1.8109,9.3831,0.2801,0.1414,-0.3067
1.3892,3.1836,9.0045,0.2801,0.1414,-0.3067
1.3269,3.3895,9.2754,0.2162,0.0966,-0.2023
1.3365,3.0014,8.746,0.164,0.1914,-0.1704
1.739,2.4959,8.377,0.1054,0.3182,-0.1842
1.739,2.4959,8.377,-0.0809,0.4215,-0.2503
1.9114,2.1871,8.7484,-0.0809,0.4215,-0.2503
1.9114,2.1871,8.7484,-0.1917,0.4609,-0.3057
2.3068,1.8731,9.4382,-0.1917,0.4609,-0.3057
2.3882,1.7606,10.0251,-0.2226,0.4332,-0.3877
2.3882,1.7606,10.0251,-0.1587,0.5142,-0.5965
0.7784,0.0646,9.22,-0.1587,0.5142,-0.5965
1.2958,1.2886,9.1434,-0.1778,0.4258,-0.4825
2.1057,1.8851,9.8742,-0.2886,0.2553,-0.3536
1.8157,2.369,10.1232,-0.3366,0.3256,-0.3983
1.2455,2.8601,9.8287,-0.3046,0.5728,-0.5368
1.2455,2.8601,9.8287,-0.2993,0.7049,-0.6987
1.1474,2.987,9.7399,-0.2588,0.641,-0.7094
0.3019,2.7452,9.9125,-0.2588,0.641,-0.7094
0.3019,2.7452,9.9125,-0.0671,0.2607,-0.6327
0.0766,2.8386,10.0131,0.0394,0.0625,-0.5773
0.3187,2.8122,10.0873,0.0394,0.0625,-0.5773
0.2106,2.683,10.0897,0.1278,-0.0609,-0.5294
0.5629,2.1057,9.8718,0.1949,-0.0961,-0.4761
0.6515,1.7462,9.8117,0.2205,-0.0418,-0.4537
0.6515,1.7462,9.8117,0.1587,0.2415,-0.4601
0.1484,1.7965,9.2706,0.1587,0.2415,-0.4601
0.1484,1.7965,9.2706,-0.0085,0.6367,-0.3493
0.3235,2.0386,8.4919,-0.0085,0.6367,-0.3493
0.3019,2.1847,8.8034,-0.0809,0.5355,-0.3419
0.2466,2.1057,8.9902,-0.0894,0.3629,-0.3898
0.0766,1.7965,9.1985,-0.0884,0.2468,-0.442
-0.1316,1.5619,9.5579,-0.1065,0.1712,-0.4601
-0.1316,1.5619,9.5579,-0.0713,0.0998,-0.3856
-0.2466,1.4062,9.8527,-0.0074,0.0625,-0.3142
-0.4623,1.3724,10.1663,-0.0074,0.0625,-0.3142
-0.2298,1.569,9.9389,0.0724,0.0327,-0.2311
-0.0359,1.7031,9.7207,0.1438,-0.013,-0.1746
-0.0359,1.7031,9.7207,0.164,-0.0577,-0.131
0.0742,1.7295,9.5459,0.1267,-0.0503,-0.098
-0.2322,1.5212,9.4765,0.1267,-0.0503,-0.098
-0.3522,1.5116,9.4597,0.0809,-0.0173,-0.0404
-0.3522,1.5116,9.4597,0.0319,0.0157,0.0873
-0.4336,1.4613,9.4095,0.0276,0.0007,0.1438
-0.0215,2.2421,10.0131,0.0276,0.0007,0.1438
-0.0215,2.2421,10.0131,0.1246,-0.0418,0.1182
0.7425,2.2254,9.6034,0.1246,-0.0418,0.1182
0.4887,2.1368,9.3927,0.1225,-0.0631,0.0298
0.2466,2.1392,9.1458,0.0798,-0.0418,-0.0234
0.1101,2.2254,9.1769,0.0117,-0.0173,-0.0287
0.0383,2.2062,9.4286,-0.0553,-0.0332,-0.0127
0.0383,2.2062,9.4286,-0.1097,-0.0215,0.0383
0.7377,2.3139,10.0394,-0.1097,-0.0215,0.0383
0.975,2.4001,10.1041,-0.0628,0.005,0.0436
0.7975,2.5728,10.0945,0.0181,-0.0545,-0.0021
0.7975,2.5728,10.0945,0.2205,-0.1792,-0.0937
0.6587,2.58,9.8862,0.2758,-0.2218,-0.1065
0.4623,2.381,9.8407,0.2982,-0.143,-0.0873
0.2226,2.1416,9.2658,0.2982,-0.143,-0.0873
0.1125,2.3139,9.1626,0.2599,-0.0737,-0.0596
0.3833,2.278,9.2224,0.1874,-0.0524,-0.0298
0.345,2.3523,9.1889,0.1182,-0.0215,-0.017
0.345,2.3523,9.1889,-0.0181,0.0029,-0.0426
0.4216,2.3858,9.0764,-0.0948,-0.029,-0.0681
0.7161,2.2804,9.0069,-0.1576,-0.0652,-0.1139
0.6634,2.2325,9.4023,-0.1576,-0.0652,-0.1139
0.6634,2.2325,9.4023,-0.2077,-0.1014,-0.1736
0.4815,2.1104,9.8718,-0.2077,-0.1014,-0.1736
0.4815,2.1104,9.8718,-0.147,-0.127,-0.1746
0.5773,1.8013,10.0083,-0.147,-0.127,-0.1746
0.6012,1.7366,10.1232,-0.1011,-0.1547,-0.1725
0.6012,1.7366,10.1232,0.0095,-0.1579,-0.1565
0.5509,1.6026,9.903,0.0095,-0.1579,-0.1565
0.4575,1.6624,9.7303,0.0521,-0.1611,-0.1416
0.4575,1.6624,9.7303,0.0841,-0.1962,-0.0948
0.4958,1.8324,9.7925,0.0841,-0.1962,-0.0948
0.4575,1.7007,9.7111,0.0916,-0.192,-0.0948
0.4432,1.6624,9.601,0.1001,-0.1845,-0.082
0.4432,1.6624,9.601,0.0756,-0.143,-0.0213
0.5246,1.8324,9.4142,0.0756,-0.143,-0.0213
0.5246,1.8324,9.4142,0.0287,-0.1046,0.0138
0.6084,1.8947,9.3568,0.0106,-0.0993,0.0138
0.6898,1.9378,9.3089,-0.0031,-0.0972,0.0074
0.7879,2.0937,9.1793,-0.0031,-0.0972,0.0074
0.7664,2.1583,9.1769,-0.0234,-0.0982,-0.0063
0.7903,2.1871,9.2658,-0.0511,-0.1153,-0.0255
0.8023,2.1176,9.3065,-0.0745,-0.1238,-0.0458
0.7257,2.0266,9.3233,-0.098,-0.1227,-0.066
0.5701,2.041,9.4334,-0.1235,-0.1366,-0.0777
0.4982,2.0889,9.498,-0.1416,-0.1504,-0.0724
0.5605,2.0793,9.5172,-0.1533,-0.144,-0.0511
0.5605,2.0793,9.5172,-0.1715,-0.1366,-0.0117
0.7281,2.0362,9.4909,-0.1715,-0.1366,-0.0117
0.764,2.0745,9.5076,-0.181,-0.1525,-0.0063
0.764,2.0745,9.5076,-0.2066,-0.1707,-0.0149
0.8334,2.1033,9.6417,-0.2066,-0.1707,-0.0149
0.8334,2.1033,9.6417,-0.2173,-0.1834,-0.0394
0.8505,2.0242,9.6968,-0.2205,-0.1738,-0.0447
0.7999,1.9378,9.7375,-0.2162,-0.1728,-0.0319
0.7233,1.8564,9.9149,-0.2162,-0.1728,-0.0319
0.7233,1.8564,9.9149,-0.18,-0.1707,0.0053
0.8167,1.8492,9.9054,-0.18,-0.1707,0.0053
0.8505,1.8396,9.8862,-0.1576,-0.1738,0.0213
0.8505,1.8396,9.8862,-0.1065,-0.1685,0.0543
0.8577,1.8635,9.7949,-0.1065,-0.1685,0.0543
0.9343,1.9066,9.7518,-0.0798,-0.1792,0.0766
1.0301,1.9138,9.7207,-0.0639,-0.1898,0.0926
1.0899,1.8899,9.7854,-0.0639,-0.193,0.1022
1.0899,1.8899,9.7854,-0.0841,-0.177,0.115
1.0971,1.8899,9.891,-0.082,-0.1525,0.1267
1.121,1.8587,10.0035,-0.0617,-0.127,0.1406
1.1378,1.83,10.0873,-0.0213,-0.0982,0.1544
1.2407,1.8875,10.1879,0.0308,-0.0822,0.1533
1.3676,1.9521,10.1137,0.0703,-0.0918,0.1374
1.3581,2.0099,9.759,0.0703,-0.0918,0.1374
1.3581,2.0099,9.759,0.1065,-0.1323,0.1107
1.3221,2.0171,9.5627,0.0873,-0.1547,0.1033
1.3078,2.0458,9.4238,0.0479,-0.1525,0.098
1.3581,2.0721,9.4023,0.001,-0.1376,0.0905
1.4469,2.0889,9.4765,-0.0372,-0.1099,0.0777
1.5403,2.0817,9.6417,-0.0585,-0.0727,0.0564
1.5714,2.0195,9.9197,-0.0585,-0.0727,0.0564
1.4805,2.0362,9.9054,-0.0639,-0.029,0.0383
1.4039,2.0506,9.8647,-0.0553,0.0114,0.0276
1.3868,2.0266,9.8141,-0.0372,0.0402,0.0234
1.3916,2.0314,9.7303,-0.0191,0.0519,0.0223
1.3916,2.0314,9.7303,0.0181,0.0338,0.0085
1.4134,2.1176,9.7518,0.0362,0.037,-0.0117
1.4972,2.1799,9.7614,0.0362,0.037,-0.0117
1.4709,2.1487,9.6249,0.0543,0.0519,-0.0383
1.4086,2.2086,9.5292,0.0575,0.0721,-0.0639
1.3724,2.2445,9.4933,0.0383,0.0966,-0.0894
1.3724,2.2445,9.4933,-0.0383,0.1563,-0.147
1.3006,2.1775,9.5244,-0.0703,0.1765,-0.1587
1.1785,1.9883,9.7135,-0.0703,0.1765,-0.1587
1.1546,1.9186,9.7877,-0.0862,0.1904,-0.1629
1.0899,1.8516,9.8045,-0.0841,0.2021,-0.1661
1.066,1.7989,9.8575,-0.0692,0.1925,-0.164
1.066,1.7989,9.8575,-0.0149,0.1712,-0.147
1.0803,1.7462,9.8694,0.0106,0.1754,-0.1384
1.1378,1.6744,9.771,0.0106,0.1754,-0.1384
1.1186,1.6816,9.6632,0.0255,0.1925,-0.1342
1.066,1.6744,9.5411,0.0287,0.2042,-0.131
1.0157,1.6576,9.4358,0.0234,0.2053,-0.1256
1.0157,1.6576,9.4358,0.0031,0.1456,-0.1107
0.9917,1.6576,9.3879,-0.0074,0.0977,-0.1086
0.951,1.6576,9.4095,-0.0181,0.0615,-0.1065
0.9463,1.6313,9.534,-0.0181,0.0615,-0.1065
0.9654,1.5882,9.5531,-0.0319,0.0561,-0.1086
1.066,1.5236,9.4717,-0.0511,0.0732,-0.1075
1.054,1.5954,9.5842,-0.0809,0.0785,-0.1054
0.9846,1.6672,9.6776,-0.1129,0.086,-0.1065
0.9295,1.7103,9.7614,-0.131,0.1105,-0.1118
0.8696,1.7103,9.7854,-0.1363,0.1254,-0.1182
0.8696,1.7103,9.7854,-0.115,0.1392,-0.1267
0.6419,1.6792,9.6417,-0.115,0.1392,-0.1267
0.6156,1.7199,9.5938,-0.1001,0.1147,-0.1139
0.6156,1.7199,9.5938,-0.0735,0.037,-0.0862
0.7329,1.8779,9.6561,-0.0735,0.037,-0.0862
0.8239,1.9114,9.7614,-0.0671,-0.0013,-0.0862
0.8239,1.9114,9.7614,-0.0596,-0.0194,-0.1043
0.8888,1.9018,9.903,-0.0596,0.0071,-0.1097
0.8984,1.8396,9.9485,-0.0628,0.0391,-0.1011
0.7425,1.818,9.8718,-0.0628,0.0391,-0.1011
0.7018,1.8444,9.7806,-0.0649,0.0679,-0.082
0.7018,1.8444,9.7806,-0.0777,0.087,-0.0511
0.7664,1.9402,9.5699,-0.0777,0.087,-0.0511
0.7664,1.9402,9.5699,-0.1054,0.0455,-0.0692
0.7903,1.9306,9.5459,-0.1235,0.0306,-0.0884
0.8071,1.8827,9.5651,-0.1395,0.0231,-0.1075
0.8047,1.7989,9.6585,-0.1491,0.021,-0.1203
0.7736,1.7055,9.7566,-0.1512,0.0295,-0.1225
0.5892,1.5619,9.771,-0.1512,0.0295,-0.1225
0.5366,1.5283,9.7447,-0.1523,0.0423,-0.1182
0.5366,1.5283,9.7447,-0.1448,0.0221,-0.0958
0.515,1.4972,9.7303,-0.1331,-0.0045,-0.0841
0.6108,1.4012,9.7901,-0.1331,-0.0045,-0.0841
0.6539,1.3628,9.8527,-0.1171,-0.0364,-0.0766
0.6539,1.3628,9.8527,-0.0692,-0.0641,-0.0735
0.6946,1.3365,9.9078,-0.0404,-0.0716,-0.0713
0.697,1.2934,9.9365,-0.0404,-0.0716,-0.0713
0.697,1.2934,9.9365,0.0159,-0.0844,-0.0596
0.7233,1.3269,9.97,0.0436,-0.0673,-0.0575
0.7472,1.3988,9.8838,0.0436,-0.0673,-0.0575
0.7472,1.3988,9.8838,0.0777,-0.0151,-0.0564
0.7496,1.4805,9.5866,0.0777,-0.0151,-0.0564
0.7496,1.4805,9.5866,0.066,-0.0258,-0.0596
0.7377,1.5762,9.4933,0.066,-0.0258,-0.0596
0.7041,1.6217,9.5076,0.0532,-0.0386,-0.0649
0.6539,1.6337,9.5699,0.0394,-0.0577,-0.0735
0.6539,1.6337,9.5699,0.001,-0.0727,-0.083
0.6299,1.6002,9.6321,-0.017,-0.0673,-0.0777
0.661,1.581,9.7901,-0.017,-0.0673,-0.0777
0.673,1.6121,9.8335,-0.0308,-0.0439,-0.0713
0.6587,1.6002,9.8575,-0.0426,-0.0205,-0.0681
0.6036,1.569,9.8862,-0.0511,-0.0162,-0.0671
0.6036,1.569,9.8862,-0.0415,-0.0045,-0.0447
0.5701,1.581,9.8718,-0.0255,-0.0109,-0.0319
0.5701,1.6002,9.8189,-0.0074,-0.0386,-0.0213
0.6826,1.6792,9.7782,-0.0074,-0.0386,-0.0213
0.6826,1.6792,9.7782,0.0287,-0.0801,-0.0266
0.752,1.7127,9.8551,0.049,-0.0876,-0.0447
0.8481,1.7055,9.8958,0.049,-0.0876,-0.0447
0.8481,1.7055,9.8958,0.0617,-0.0631,-0.0788
0.7377,1.581,9.7925,0.0617,-0.0631,-0.0788
0.7425,1.5667,9.7518,0.0511,-0.0418,-0.0703
0.7712,1.5882,9.7111,0.0383,-0.0226,-0.0564
0.8095,1.6193,9.68,0.0255,-0.0023,-0.0458
0.8095,1.6193,9.68,0.0042,0.0093,-0.0479
0.7688,1.5906,9.7087,0.0042,0.0093,-0.0479
0.7329,1.5451,9.7423,0.0031,-0.0002,-0.0521
0.7113,1.5164,9.692,0.0074,0.005,-0.05
0.7185,1.5355,9.6393,0.0159,0.0167,-0.0415
0.7185,1.5355,9.6393,0.0202,-0.013,-0.0319
0.7305,1.5667,9.6178,0.017,-0.0247,-0.0298
0.7281,1.5667,9.6585,0.0149,-0.0268,-0.0234
0.8529,1.5499,9.7686,0.0149,-0.0268,-0.0234
0.8984,1.5762,9.7949,0.0149,-0.0173,-0.017
0.9008,1.5978,9.783,0.0159,-0.0119,-0.0149
0.9439,1.6433,9.7303,0.0234,-0.0034,-0.0159
0.9439,1.6433,9.7303,0.0479,-0.0151,-0.0234
0.908,1.739,9.5411,0.0479,-0.0151,-0.0234
0.8912,1.7678,9.5459,0.0468,-0.0418,-0.0362
0.9056,1.7438,9.5914,0.0372,-0.0652,-0.0479
0.9247,1.7151,9.6537,0.0213,-0.0727,-0.0521
0.9247,1.7151,9.6537,-0.0149,-0.0513,-0.0607
0.9463,1.7103,9.7399,-0.0149,-0.0513,-0.0607
0.9199,1.7127,9.7494,-0.0276,-0.0343,-0.0649
0.9199,1.7127,9.7494,-0.0394,-0.0343,-0.0639
0.9367,1.7271,9.7901,-0.034,-0.0439,-0.066
1.0372,1.7606,9.9796,-0.034,-0.0439,-0.066
1.0372,1.7606,9.9796,0.0063,-0.0407,-0.0884
0.9582,1.7175,9.8838,0.0063,-0.0407,-0.0884
0.8864,1.7199,9.7806,0.0266,-0.0354,-0.0937
0.8577,1.7199,9.6968,0.0362,-0.0439,-0.0948
0.8672,1.7175,9.6297,0.0404,-0.0556,-0.0916
0.9103,1.7342,9.6082,0.0394,-0.0673,-0.0894
0.9103,1.7342,9.6082,0.0308,-0.0854,-0.1011
1.0109,1.7486,9.6345,0.0308,-0.0854,-0.1011
1.0109,1.7486,9.6345,0.0181,-0.0886,-0.1214
1.0372,1.7486,9.668,0.0127,-0.079,-0.132
1.0109,1.7247,9.6992,0.0106,-0.0652,-0.1363
0.963,1.7103,9.7087,0.0106,-0.0535,-0.1352
0.9367,1.6744,9.6632,0.0106,-0.0535,-0.1352
0.9439,1.7079,9.6489,0.0095,-0.0492,-0.1299
0.9702,1.7438,9.68,0.0074,-0.0545,-0.1278
1.0061,1.775,9.7039,0.0021,-0.0609,-0.132
0.9487,1.7271,9.6561,-0.0021,-0.0545,-0.1427
0.8984,1.6888,9.613,-0.0074,-0.0439,-0.1512
0.8215,1.6576,9.5603,-0.0191,-0.0343,-0.1533
0.8215,1.6576,9.5603,-0.0426,-0.0247,-0.1512
0.7209,1.6792,9.5507,-0.0564,-0.0311,-0.1416
0.6634,1.6792,9.7183,-0.0564,-0.0311,-0.1416
0.6634,1.6792,9.7183,-0.0692,-0.0354,-0.1118
0.7425,1.5858,9.8335,-0.0692,-0.0354,-0.1118
0.7425,1.5858,9.8335,-0.0511,0.0029,-0.0873
0.7592,1.6193,9.7949,-0.0383,0.0061,-0.0894
0.7592,1.7175,9.6896,-0.0383,0.0061,-0.0894
0.7377,1.7103,9.6872,-0.0319,-0.0023,-0.1001
0.7329,1.684,9.7207,-0.0298,-0.0087,-0.1118
0.7329,1.684,9.7207,-0.0351,-0.0205,-0.1193
0.7281,1.6457,9.7854,-0.0372,-0.0098,-0.1139
0.7018,1.5882,9.8766,-0.0372,-0.0098,-0.1139
0.7209,1.6074,9.8694,-0.0383,0.0071,-0.1033
0.7209,1.6361,9.8862,-0.0351,0.0125,-0.0926
0.7233,1.6409,9.9078,-0.0255,0.0039,-0.0862
0.7233,1.6409,9.9078,0.001,-0.0023,-0.0724
0.7496,1.6385,9.8958,0.001,-0.0023,-0.0724
0.7496,1.6385,9.8958,0.0181,0.0157,-0.0585
0.7832,1.6552,9.8213,0.0191,0.0221,-0.0521
0.8047,1.7079,9.6345,0.0191,0.0221,-0.0521
0.8047,1.7079,9.6345,0.0085,0.0071,-0.0426
0.8406,1.7319,9.5555,0.0085,0.0071,-0.0426
0.8406,1.7319,9.5555,-0.0031,-0.0215,-0.0426
0.8936,1.7055,9.5818,-0.0053,-0.0151,-0.049
0.9103,1.7151,9.6944,-0.0053,-0.0151,-0.049
0.9103,1.7151,9.6944,-0.0074,0.0039,-0.0628
0.8505,1.6648,9.692,-0.0053,0.0157,-0.0617
0.7568,1.605,9.5818,-0.0053,0.0157,-0.0617
0.7616,1.5858,9.5675,-0.0085,0.0135,-0.0564
0.8167,1.5858,9.5986,-0.0106,0.0029,-0.0468
0.8167,1.5858,9.5986,-0.0106,-0.0077,-0.0351
0.9175,1.6337,9.6178,-0.0106,-0.0077,-0.0351
0.975,1.6457,9.6249,-0.0085,-0.0119,-0.0351
0.975,1.6457,9.6249,-0.0106,-0.0173,-0.0458
0.9798,1.6193,9.613,-0.0106,-0.0173,-0.0458
0.9463,1.6217,9.601,-0.017,-0.0173,-0.0532
0.8816,1.6217,9.6034,-0.0287,-0.0162,-0.0553
0.8406,1.5906,9.6561,-0.0447,-0.0194,-0.0575
0.8672,1.5906,9.7255,-0.0585,-0.0226,-0.0511
0.896,1.605,9.8189,-0.0649,-0.0215,-0.0404
0.896,1.605,9.8189,-0.0575,-0.0173,-0.0351
0.9127,1.6026,9.8886,-0.0479,-0.0109,-0.0298
0.831,1.5786,9.9221,-0.033,0.0018,-0.0191
0.8047,1.5714,9.9485,-0.0159,0.0146,-0.0085
0.8239,1.5882,9.891,-0.0031,0.0114,0
0.8481,1.6481,9.7351,-0.0031,0.0114,0
0.8481,1.6481,9.7351,0.0031,0.0018,-0.0042
0.8864,1.6912,9.7111,0.0042,-0.0045,-0.017
0.9271,1.7247,9.7303,0.0031,-0.0045,-0.0308
0.8505,1.6648,9.7351,0.0031,-0.0045,-0.0308
0.8047,1.6409,9.7016,0.001,-0.0002,-0.0383
0.8047,1.6409,9.7016,-0.0063,-0.0066,-0.0276
0.8119,1.6505,9.7782,-0.0063,-0.0066,-0.0276
0.8768,1.6409,9.8264,-0.0106,-0.0087,-0.0234
0.8768,1.6409,9.8264,-0.0106,-0.0066,-0.0276
0.8984,1.569,9.879,-0.0106,-0.0066,-0.0276
0.8529,1.5499,9.8359,-0.0074,0.0103,-0.0276
0.8505,1.5499,9.7997,-0.0053,0.0231,-0.0181
0.8505,1.5499,9.7997,0.001,0.0242,0.0042
0.9175,1.5786,9.7997,0.0074,0.0274,0.0031
1.0229,1.6241,9.8093,0.0127,0.0242,-0.0063
1.066,1.6313,9.7806,0.0181,0.0221,-0.0191
1.0037,1.6289,9.6465,0.0181,0.0221,-0.0191
1.0037,1.6289,9.6465,0.0085,0.0146,-0.0351
0.9295,1.593,9.5627,0.0085,0.0146,-0.0351
0.9295,1.593,9.5627,-0.0223,-0.0013,-0.034
0.9127,1.569,9.6728,-0.0223,-0.0013,-0.034
0.9295,1.5355,9.7375,-0.0298,-0.0013,-0.0362
0.9151,1.5164,9.7758,-0.0319,0.0061,-0.0383
0.8768,1.4924,9.7614,-0.0276,0.0146,-0.0426
0.8215,1.4637,9.692,-0.0223,0.0263,-0.0479
0.7448,1.4469,9.6106,-0.017,0.0348,-0.0479
0.685,1.435,9.5675,-0.0181,0.0284,-0.0458
0.685,1.435,9.5675,-0.0319,0.0029,-0.0276
0.6778,1.423,9.5627,-0.0394,-0.0055,-0.017
0.7305,1.4326,9.5962,-0.0436,-0.013,-0.0106
0.7855,1.4757,9.7231,-0.0436,-0.013,-0.0106
0.7951,1.4829,9.7686,-0.0447,-0.0183,-0.0074
0.8382,1.4805,9.7758,-0.0383,-0.0215,-0.001
0.8984,1.526,9.7303,-0.0245,-0.0226,0.0074
0.884,1.5547,9.7087,-0.0106,-0.029,0.0095
0.8577,1.5667,9.6537,-0.0053,-0.0322,0.0053
0.8553,1.5762,9.5699,-0.0042,-0.0332,0.0063
0.884,1.593,9.5364,-0.0106,-0.0396,0.0127
0.9319,1.6217,9.5842,-0.0245,-0.0513,0.017
0.975,1.6576,9.668,-0.0404,-0.0641,0.0181
1.0277,1.6744,9.7734,-0.0511,-0.0727,0.017
1.0277,1.6744,9.7734,-0.0553,-0.0663,0.001
1.0372,1.6696,9.8575,-0.0543,-0.0556,-0.0042
0.9917,1.6409,9.8623,-0.0532,-0.0535,-0.001
0.9439,1.6074,9.8599,-0.0532,-0.0535,-0.001
0.9439,1.6074,9.8599,-0.05,-0.0535,0.0063
0.8984,1.5738,9.8237,-0.05,-0.0535,0.0063
0.9199,1.5571,9.7806,-0.0468,-0.0524,0.0127
0.9606,1.5667,9.7423,-0.0415,-0.0524,0.0181
0.9606,1.5667,9.7423,-0.0255,-0.062,0.0106
0.9846,1.5714,9.7135,-0.0255,-0.062,0.0106
0.9487,1.5355,9.7016,-0.0255,-0.0673,-0.001
0.8672,1.4757,9.7159,-0.0298,-0.0663,-0.0085
0.8095,1.4517,9.7135,-0.0372,-0.0599,-0.0074
0.8095,1.4517,9.7135,-0.0447,-0.0354,0.0138
0.8792,1.4972,9.6944,-0.0447,-0.0354,0.0138
0.8792,1.4972,9.6944,-0.0458,-0.0364,0.017
0.9391,1.5643,9.6345,-0.0458,-0.0364,0.017
0.9391,1.5643,9.6345,-0.0479,-0.0567,-0.0042
0.9175,1.5499,9.6297,-0.0479,-0.062,-0.0127
0.8816,1.4924,9.68,-0.0479,-0.062,-0.0127
0.8457,1.4398,9.7255,-0.0553,-0.0567,-0.017
0.7832,1.3796,9.771,-0.0692,-0.0482,-0.0191
0.7832,1.3796,9.771,-0.0958,-0.0215,0.0095
0.7377,1.3389,9.9197,-0.0958,-0.0215,0.0095
0.8334,1.3533,10.0059,-0.0969,-0.0226,0.0351
0.8334,1.3533,10.0059,-0.0511,-0.0311,0.0639
0.9965,1.394,10.0394,-0.0511,-0.0311,0.0639
1.0301,1.4062,9.9844,-0.0213,-0.0311,0.0617
1.0348,1.3988,9.9101,0.0021,-0.0279,0.0575
1.0205,1.3988,9.8069,0.017,-0.0205,0.0521
1.0205,1.3988,9.8069,0.0117,-0.0055,0.0521
0.987,1.3916,9.7303,-0.001,-0.0055,0.0585
0.9798,1.4134,9.6752,-0.0117,-0.013,0.0628
1.0205,1.4493,9.68,-0.0138,-0.0205,0.0607
1.0564,1.4637,9.7087,-0.0074,-0.0226,0.0564
1.1282,1.4876,9.7566,-0.0074,-0.0226,0.0564
1.1282,1.4876,9.7566,0.001,-0.0162,0.0404
1.1737,1.4972,9.7949,0,-0.0023,0.0308
1.1976,1.4853,9.8021,-0.0063,0.0157,0.0255
1.1569,1.4781,9.7686,-0.0138,0.0284,0.0255
1.1091,1.4972,9.7231,-0.0202,0.0327,0.0276
1.1067,1.5116,9.6968,-0.0223,0.0295,0.0276
1.1737,1.5667,9.6752,-0.0223,0.0295,0.0276
1.2096,1.5882,9.6896,-0.0202,0.0189,0.0213
1.2455,1.5882,9.7279,-0.0149,0.0029,0.0074
1.2192,1.5523,9.771,-0.0117,-0.0045,-0.0127
1.2192,1.5523,9.771,-0.0213,0.0093,-0.0447
1.1378,1.4781,9.7782,-0.0298,0.0284,-0.0447
0.9415,1.3844,9.7327,-0.0298,0.0284,-0.0447
0.9415,1.3844,9.7327,-0.0436,0.0508,-0.0223
0.9702,1.4012,9.7447,-0.0436,0.0508,-0.0223
0.9702,1.4012,9.7447,-0.033,0.037,-0.0191
0.9846,1.4039,9.8093,-0.033,0.037,-0.0191
0.9941,1.3988,9.8213,-0.0181,0.0295,-0.0202
1.0013,1.3892,9.8045,-0.0042,0.0231,-0.0213
1.0013,1.3892,9.8045,0.0127,0.0306,-0.0245
1.0277,1.3964,9.7854,0.0074,0.0455,-0.0276
1.0181,1.4182,9.7303,-0.0063,0.0583,-0.0276
1.0181,1.4254,9.6824,-0.0191,0.0615,-0.0276
1.0253,1.4661,9.6417,-0.0191,0.0615,-0.0276
1.0444,1.4781,9.692,-0.0308,0.0572,-0.0319
1.042,1.4446,9.7638,-0.0372,0.0466,-0.0394
1.0372,1.4134,9.8021,-0.0362,0.0402,-0.0458
1.0301,1.4062,9.8311,-0.0287,0.037,-0.049
0.9894,1.3796,9.8045,-0.0191,0.0348,-0.0521
0.9894,1.3796,9.8045,-0.0053,0.0231,-0.0436
1.0205,1.3844,9.7542,-0.0053,0.0231,-0.0436
1.0205,1.3844,9.7542,-0.0063,0.0178,-0.0404
1.0684,1.4182,9.7782,-0.0063,0.0263,-0.0436
1.0827,1.4254,9.7638,-0.0063,0.0263,-0.0436
1.0827,1.4254,9.7638,-0.0095,0.0359,-0.0511
1.066,1.4422,9.7231,-0.017,0.0327,-0.0564
1.0205,1.4493,9.6752,-0.017,0.0327,-0.0564
0.9894,1.4254,9.6992,-0.0287,0.0263,-0.0596
0.9894,1.4254,9.6992,-0.0415,0.0114,-0.0575
0.9103,1.3916,9.7518,-0.0415,0.0114,-0.0575
0.9056,1.394,9.771,-0.0383,0.0071,-0.0532
0.8984,1.4062,9.7997,-0.033,0.0007,-0.05
0.8984,1.4062,9.7997,-0.0213,-0.0055,-0.0458
0.9199,1.3844,9.7542,-0.0213,-0.0055,-0.0458
0.9032,1.3724,9.7638,-0.0213,-0.0141,-0.0447
0.9032,1.3724,9.7638,-0.0276,-0.0354,-0.0394
0.8696,1.3341,9.8455,-0.0276,-0.0354,-0.0394
0.8912,1.315,9.879,-0.0266,-0.0428,-0.0298
0.9175,1.3006,9.8886,-0.0213,-0.0524,-0.017
0.9487,1.3054,9.9317,-0.0149,-0.0641,-0.0074
1.0157,1.291,9.9652,-0.0053,-0.0801,0.0021
1.0684,1.291,9.9652,0.0085,-0.094,0.0095
1.0564,1.2838,9.903,0.0255,-0.0993,0.0127
1.0564,1.2838,9.903,0.0436,-0.1003,0.0149
1.0085,1.2767,9.8165,0.0458,-0.094,0.0202
0.9463,1.2934,9.7111,0.0426,-0.0918,0.0276
0.908,1.3174,9.5866,0.034,-0.095,0.033
0.9487,1.3748,9.4238,0.034,-0.095,0.033
0.9846,1.4134,9.3903,0.0234,-0.1003,0.0351
1.0061,1.435,9.3544,0.0106,-0.1046,0.0319
0.9965,1.435,9.3688,-0.0063,-0.1142,0.0223
0.9463,1.4062,9.4406,-0.0234,-0.1312,0.0127
0.9463,1.4062,9.4406,-0.0543,-0.1504,0.001
0.8936,1.3724,9.5387,-0.0639,-0.1515,0.0053
0.8382,1.2575,9.7662,-0.0639,-0.1515,0.0053
0.872,1.2407,9.9341,-0.0766,-0.1451,0.0149
0.872,1.2407,9.9341,-0.083,-0.1163,0.0426
0.8912,1.2096,10.0634,-0.0692,-0.094,0.0553
0.9391,1.2264,10.0849,-0.0692,-0.094,0.0553
0.9391,1.2264,10.0849,-0.0426,-0.0876,0.0788
0.9463,1.2551,10.073,-0.0308,-0.0961,0.0926
0.9941,1.2527,10.1256,-0.0308,-0.0961,0.0926
1.0684,1.2455,10.0825,-0.0127,-0.0972,0.1086
1.0684,1.2455,10.0825,0.0308,-0.079,0.1203
1.121,1.2695,10.0035,0.0436,-0.0727,0.1193
1.1474,1.2958,9.8671,0.0426,-0.0737,0.1161
1.1522,1.3174,9.7614,0.0362,-0.0716,0.1139
1.1713,1.3126,9.7111,0.0245,-0.0652,0.1097
1.2312,1.315,9.6872,0.0138,-0.0503,0.1043
1.2647,1.2886,9.692,0.0053,-0.0322,0.0969
1.2336,1.2695,9.5962,0.0053,-0.0322,0.0969
1.2336,1.2695,9.5962,-0.0138,-0.03,0.0873
1.2312,1.2671,9.5842,-0.0191,-0.0492,0.0852
1.3676,1.2647,9.879,-0.0191,-0.0492,0.0852
1.4062,1.2455,9.8934,-0.0117,-0.0524,0.0798
1.3844,1.2503,9.7758,0.0074,-0.0119,0.0745
1.3844,1.2503,9.7758,0.0255,-0.0375,0.0703
1.4158,1.3293,9.8189,0.0255,-0.0375,0.0703
1.4158,1.3293,9.8189,0.0681,-0.0322,0.0553
1.4733,1.3509,9.7279,0.0873,-0.0535,0.0383
1.5092,1.4613,9.6632,0.0873,-0.0535,0.0383
1.5092,1.4613,9.6632,0.1363,-0.1057,0.001
1.4446,1.4757,9.6393,0.1597,-0.1493,-0.0159
1.4613,1.4374,9.7758,0.1597,-0.1493,-0.0159
1.394,1.3054,9.6489,0.18,-0.1557,-0.0298
1.4302,1.2982,9.601,0.1842,-0.1323,-0.0213
1.5116,1.3868,9.5411,0.1651,-0.1099,0.0021
1.5116,1.3868,9.5411,0.066,-0.0023,0.0031
1.4493,1.3365,9.431,0.0021,0.0412,0.0266
1.2455,1.2312,9.419,-0.0532,0.0934,0.0724
1.1713,1.2599,9.5196,-0.0926,0.1254,0.1075
1.2024,1.4709,9.6728,-0.0926,0.1254,0.1075
1.2024,1.4709,9.6728,-0.0916,0.0636,0.1139
1.212,1.423,9.8264,-0.0585,0.0466,0.1043
1.4829,1.66,9.958,-0.0117,0.0146,0.0532
1.672,1.6696,10.1639,-0.0117,0.0146,0.0532
1.672,1.6696,10.1639,0.1043,-0.0418,-0.066
1.5954,1.5236,10.2741,0.1597,-0.0322,-0.0798
1.3533,1.4039,10.0418,0.1597,-0.0322,-0.0798
1.3533,1.4039,10.0418,0.1949,-0.0364,-0.0703
1.2,1.3628,9.7183,0.1949,-0.0364,-0.0703
1.2,1.3628,9.7183,0.1246,0.038,-0.0276
1.1522,1.3533,9.5747,0.0735,0.0572,0
1.6265,1.3126,9.5124,0.0735,0.0572,0
1.569,1.4948,9.9341,0.0308,0.0423,0.0031
1.569,1.4948,9.9341,0.0607,0.0487,-0.0415
1.5738,1.6145,9.6106,0.0607,0.0487,-0.0415
1.5738,1.6145,9.6106,0.0149,0.0849,-0.0766
1.3054,1.3581,9.5507,0.0149,0.0849,-0.0766
1.3054,1.3581,9.5507,-0.05,0.1723,-0.0372
1.2407,1.3221,9.4454,-0.05,0.1723,-0.0372
1.2312,1.3605,9.4262,-0.0798,0.2223,-0.0127
1.2288,1.3892,9.4909,-0.098,0.233,0.0085
1.2288,1.3892,9.4909,-0.0948,0.2074,0.034
1.2647,1.4086,9.6249,-0.0692,0.1872,0.0468
1.2599,1.3054,9.7207,-0.0692,0.1872,0.0468
1.2599,1.3054,9.7207,0.0031,0.1264,0.0671
1.2791,1.3174,9.7901,0.0511,0.1126,0.0649
1.2791,1.4517,9.8264,0.0511,0.1126,0.0649
1.3341,1.5236,9.8383,0.099,0.0849,0.0575
1.3341,1.5236,9.8383,0.1789,0.0242,0.0074
1.2743,1.5714,9.6393,0.1789,0.0242,0.0074
1.2144,1.6098,9.5483,0.1874,0.0114,-0.0234
1.0947,1.6098,9.4023,0.1736,0.0114,-0.0458
1.0372,1.6409,9.3759,0.132,0.038,-0.0553
1.054,1.672,9.5459,0.0724,0.0529,-0.0521
1.054,1.672,9.5459,-0.0138,0.0902,-0.0468
1.1115,1.5188,9.7614,-0.0138,0.0902,-0.0468
1.0971,1.5523,9.8335,-0.0372,0.1275,-0.0383
1.0971,1.5523,9.8335,-0.0372,0.1435,-0.0383
1.1067,1.6552,10.1735,-0.0372,0.1435,-0.0383
1.1258,1.6241,10.2358,0.0031,0.1094,-0.0447
1.0636,1.5762,10.1448,0.0703,0.0647,-0.0564
0.9917,1.5523,10.0179,0.1363,0.0039,-0.0617
0.9678,1.593,9.8934,0.1917,-0.0727,-0.0575
0.9534,1.6193,9.7662,0.23,-0.1462,-0.0511
0.9487,1.6433,9.6082,0.2407,-0.193,-0.0447
0.9487,1.6433,9.6082,0.1874,-0.2463,-0.0031
0.9894,1.7031,9.5172,0.1438,-0.1909,-0.0031
1.1929,1.5714,9.352,0.1438,-0.1909,-0.0031
1.1306,1.6696,9.3472,0.0894,-0.095,-0.0202
1.1306,1.6696,9.3472,-0.0351,0.038,-0.034
1.0803,1.7031,9.3927,-0.0713,0.07,-0.0351
0.9774,1.5906,9.5316,-0.0713,0.07,-0.0351
0.9774,1.5906,9.5316,-0.0596,0.0348,-0.0308
0.951,1.569,9.6585,-0.0287,0.0135,-0.0245
0.9463,1.5475,9.7016,-0.0042,-0.0013,-0.0117
0.884,1.502,9.6249,0.0159,-0.029,0.0063
0.9415,1.569,9.4717,0.0159,-0.029,0.0063
0.9415,1.569,9.4717,0.0298,-0.0844,0.0255
0.987,1.6217,9.3185,0.0298,-0.0844,0.0255
0.987,1.6217,9.3185,-0.0106,-0.094,0.0362
0.9989,1.6026,9.2583,-0.0447,-0.0908,0.0383
1.1809,1.6074,9.4645,-0.0447,-0.0908,0.0383
1.1474,1.5738,9.6082,-0.0724,-0.0716,0.034
1.1474,1.5738,9.6082,-0.0937,-0.0684,0.034
1.0516,1.5451,9.7111,-0.0916,-0.0758,0.0479
0.9798,1.4972,9.771,-0.0905,-0.0801,0.0692
1.0636,1.502,9.8455,-0.0905,-0.0801,0.0692
1.0636,1.502,9.8455,-0.082,-0.0982,0.099
1.3317,1.5882,10.0777,-0.082,-0.0982,0.099
1.3317,1.5882,10.0777,-0.0564,-0.0524,0.0884
1.3365,1.5451,10.0418,-0.0564,-0.0524,0.0884
1.2982,1.5978,9.9844,-0.0447,-0.029,0.0894
1.2982,1.5978,9.9844,-0.017,-0.0247,0.0905
1.2264,1.6169,9.879,-0.0021,-0.0524,0.098
1.212,1.6098,9.8407,0.0138,-0.079,0.1033
1.2671,1.6169,9.8407,0.0287,-0.095,0.1043
1.37,1.6528,9.7758,0.0287,-0.095,0.1043
1.37,1.6528,9.7758,0.0479,-0.1131,0.0937
1.4086,1.6768,9.7111,0.0479,-0.1163,0.0862
1.49,1.7031,9.5771,0.0479,-0.1163,0.0862
1.49,1.7031,9.5771,0.034,-0.1185,0.0617
1.5164,1.6816,9.5699,0.034,-0.1185,0.0617
1.4685,1.6696,9.5364,0.0234,-0.1121,0.0511
1.4012,1.6409,9.4669,0.0138,-0.111,0.0458
1.3844,1.6265,9.5028,0,-0.1185,0.0447
1.4134,1.6121,9.5028,-0.0159,-0.1238,0.049
1.5236,1.6145,9.5938,-0.0308,-0.1227,0.0553
1.5236,1.6145,9.5938,-0.0351,-0.1238,0.0436
1.5523,1.5499,9.6441,-0.0351,-0.1238,0.0436
1.5523,1.5499,9.6441,-0.0213,-0.1355,0.0319
1.435,1.4924,9.6202,-0.0213,-0.1355,0.0319
1.4469,1.49,9.692,-0.0127,-0.1621,0.0351
1.4469,1.49,9.692,0.017,-0.2047,0.0447
1.4733,1.4733,9.68,0.033,-0.2154,0.049
1.5475,1.4613,9.6968,0.049,-0.226,0.0521
1.7582,1.5667,9.7087,0.049,-0.226,0.0521
1.8228,1.514,9.6106,0.066,-0.2356,0.0479
1.8013,1.5547,9.6082,0.0703,-0.2229,0.0287
1.8013,1.5547,9.6082,0.0362,-0.1696,0.001
1.8204,1.6289,9.6202,0.0191,-0.1366,-0.0149
1.8348,1.6672,9.6441,0.0191,-0.1366,-0.0149
1.7726,1.605,9.5579,0.0063,-0.1099,-0.0298
1.7079,1.5547,9.4573,0,-0.0801,-0.0372
1.7079,1.605,9.4502,-0.0138,-0.0535,-0.0351
1.7079,1.605,9.4502,-0.0511,-0.0609,-0.0255
1.6193,1.6385,9.6273,-0.0511,-0.0609,-0.0255
1.6193,1.6385,9.6273,-0.0532,-0.0716,-0.0053
1.6265,1.5906,9.6728,-0.049,-0.0652,0.0031
1.7726,1.5786,9.8021,-0.049,-0.0652,0.0031
1.7726,1.5786,9.8021,-0.0383,-0.0258,0.0095
1.6385,1.5283,9.6249,-0.0383,-0.0258,0.0095
1.6528,1.5236,9.6537,-0.0372,-0.0268,0.0191
1.6864,1.514,9.668,-0.0362,-0.045,0.0266
1.8707,1.5164,9.6513,-0.0298,-0.0513,0.0319
1.8707,1.5164,9.6513,-0.033,-0.013,0.0095
1.9186,1.5571,9.5387,-0.0607,0.038,-0.0042
1.8994,1.5571,9.3831,-0.1001,0.0721,-0.017
1.8755,1.5978,9.4023,-0.1001,0.0721,-0.017
1.7726,1.5882,9.5004,-0.1331,0.0892,-0.0319
1.7726,1.5882,9.5004,-0.1363,0.0466,-0.0426
1.672,1.5283,9.6034,-0.1193,0.0295,-0.0362
1.581,1.4062,9.6896,-0.1193,0.0295,-0.0362
1.581,1.4062,9.6896,-0.099,0.0338,-0.0053
1.6648,1.394,9.6776,-0.099,0.0338,-0.0053
1.6648,1.394,9.6776,-0.0937,0.0306,-0.0095
2.0123,1.502,9.8623,-0.0862,0.0743,-0.0532
2.2469,1.5906,10.0275,-0.0777,0.1296,-0.098
2.1894,1.6002,10.0634,-0.066,0.1531,-0.1342
1.9883,1.581,10.0131,-0.0543,0.168,-0.1491
1.4781,1.4829,9.7303,-0.0543,0.168,-0.1491
1.3437,1.4613,9.6082,-0.05,0.1648,-0.1406
1.3437,1.4613,9.6082,-0.0532,0.1233,-0.0788
1.2551,1.4541,9.5052,-0.0564,0.086,-0.0426
1.2168,1.4422,9.3616,-0.0639,0.0178,-0.0117
1.5786,1.5092,9.6656,-0.0639,0.0178,-0.0117
1.842,1.5475,9.8694,-0.0532,-0.0695,-0.0085
1.8157,1.4876,9.6082,-0.0159,-0.0822,-0.033
1.7702,1.4733,9.3568,0,-0.0418,-0.0575
1.7702,1.4733,9.3568,-0.0639,-0.0077,-0.0788
1.8564,1.5714,9.6058,-0.0639,-0.0077,-0.0788
1.7654,1.5092,9.7063,-0.0905,0.0135,-0.0969
1.7654,1.5092,9.7063,-0.1065,0.0604,-0.1118
1.5355,1.3581,9.6992,-0.1065,0.0604,-0.1118
1.3652,1.3174,9.6297,-0.1043,0.0668,-0.1043
1.3652,1.3174,9.6297,-0.0756,-0.0194,-0.0671
1.4062,1.2551,9.9221,-0.0756,-0.0194,-0.0671
1.7103,1.2623,10.0849,-0.0426,-0.0716,-0.0564
1.7103,1.2623,10.0849,0.0191,0.0583,-0.0777
1.921,1.2886,9.6202,0.0191,0.0583,-0.0777
1.7342,1.382,9.4478,0.0053,0.1371,-0.0905
1.7342,1.382,9.4478,-0.0074,0.0998,-0.1129
1.5355,1.4062,9.2898,-0.0074,0.0998,-0.1129
1.5355,1.4062,9.2898,-0.0319,-0.013,-0.1001
1.3533,1.3078,9.3735,-0.0319,-0.013,-0.1001
1.4685,1.2862,9.6106,-0.0575,-0.0492,-0.0724
1.5714,1.2407,9.7877,-0.0766,-0.0727,-0.0553
1.6481,1.1785,9.8814,-0.0809,-0.0545,-0.0511
1.6481,1.1785,9.8814,-0.0607,0.0316,-0.0394
1.8013,1.291,10.1017,-0.0607,0.0316,-0.0394
1.6696,1.3724,9.958,-0.0308,0.0551,-0.0532
1.5379,1.4134,9.6297,0.0074,0.0636,-0.0692
1.4326,1.4493,9.3927,0.0287,0.0434,-0.0745
1.382,1.4469,9.3185,0.0287,-0.0151,-0.066
1.3964,1.4446,9.2945,0.0181,-0.078,-0.049
1.3964,1.4446,9.2945,0.0095,-0.2143,-0.033
1.526,1.4661,9.4526,0.0308,-0.242,-0.0628
1.8228,1.526,9.9173,0.0553,-0.1419,-0.1011
1.7534,1.3078,9.7183,0.0553,-0.1419,-0.1011
1.5571,1.303,9.4621,0.0394,0.0018,-0.1171
1.5571,1.303,9.4621,-0.066,0.201,-0.0756
1.5499,1.411,9.3664,-0.066,0.201,-0.0756
1.5499,1.411,9.3664,-0.1395,0.2894,-0.0639
1.605,1.4948,9.2754,-0.1395,0.2894,-0.0639
1.605,1.4948,9.2754,-0.1725,0.2181,-0.0916
1.4302,1.3916,9.2488,-0.1704,0.1233,-0.0798
1.0133,1.1689,9.6992,-0.1704,0.1233,-0.0798
1.3245,1.1354,10.2693,-0.147,0.0135,-0.0521
1.3245,1.1354,10.2693,0.0106,-0.0822,-0.0703
1.9859,1.2168,10.4228,0.0106,-0.0822,-0.0703
1.9859,1.2168,10.4228,0.0766,0.1669,-0.148
1.411,1.0444,9.3688,0.0766,0.1669,-0.148
1.411,1.0444,9.3688,-0.033,0.2298,-0.099
1.4661,1.4278,9.3568,-0.0841,0.3203,-0.1246
1.6888,1.4757,9.589,-0.1182,0.315,-0.1736
1.6193,1.3748,9.5172,-0.115,0.2713,-0.1874
1.1953,1.3126,9.5723,-0.115,0.2713,-0.1874
1.0061,1.1354,9.6154,-0.0905,0.2085,-0.1683
-0.067,-0.4432,9.4645,-0.0798,0.1446,-0.1363
0.6443,0.3737,9.5172,-0.0756,0.07,-0.0085
2.0266,2.0051,10.7532,-0.1097,-0.0918,0.2151
1.9425,2.5513,10.8322,-0.0926,-0.1525,0.2109
1.9425,2.5513,10.8322,0.115,-0.0247,-0.083
1.933,1.4853,9.2033,0.115,-0.0247,-0.083
1.7271,1.2144,8.9567,0.132,-0.192,-0.1619
1.7271,1.2144,8.9567,0.1874,-0.6074,-0.1768
1.2551,1.49,8.7699,0.1874,-0.6074,-0.1768
1.1426,1.4398,9.2416,0.197,-0.8641,-0.1746
1.1426,1.4398,9.2416,0.1544,-0.8535,-0.1278
1.2384,0.8334,10.5138,0.1544,-0.8535,-0.1278
1.2384,0.8334,10.5138,-0.0521,0.5142,0.099
1.2671,0.8095,9.6776,-0.2535,0.9424,0.2151
1.5619,1.1929,9.0237,-0.2535,0.9424,0.2151
1.5667,1.4012,8.4703,-0.4452,1.3323,0.2545
1.4302,1.7103,7.996,-0.621,1.5816,0.2503
1.4302,1.7103,7.996,-0.7435,0.8444,0.1427
1.7893,1.2407,9.05,-0.7435,0.8444,0.1427
1.7366,1.0324,9.8189,-0.5965,0.3523,0.0788
1.7366,1.0324,9.8189,-0.1565,-0.4838,-0.0479
1.4446,0.9606,10.377,0.1001,-0.6937,-0.066
1.1953,1.0947,10.9447,0.3227,-0.7778,-0.0394
1.0444,0.8912,10.7771,0.4335,-0.764,0.034
0.7999,0.503,9.8623,0.4335,-0.764,0.034
0.7999,0.503,9.8623,0.4101,-0.4093,0.2013
0.7688,0.7305,9.2416,0.3185,-0.2346,0.2663
0.9247,1.0037,8.6906,0.1704,-0.1121,0.3142
1.224,0.9941,7.7111,0.1704,-0.1121,0.3142
1.224,0.9941,7.7111,-0.1512,-0.0865,0.393
1.2934,1.1402,7.8954,-0.2183,-0.2069,0.4356
1.1282,1.0013,8.3315,-0.2141,-0.3475,0.4708
1.6002,0.975,9.5364,-0.2141,-0.3475,0.4708
1.7366,0.8649,9.8165,-0.1555,-0.4348,0.4665
2.1104,0.6084,9.5028,-0.0585,-0.4487,0.4505
2.1104,0.6084,9.5028,0.1544,-0.6969,0.4047
2.0099,0.6994,9.2969,0.1544,-0.6969,0.4047
2.0099,0.6994,9.2969,0.3451,-0.7864,0.3856
1.8348,0.7353,8.5637,0.3451,-0.7864,0.3856
1.8348,0.7353,8.5637,0.3334,-0.862,0.4154
2.4169,1.1809,8.4727,0.3334,-0.862,0.4154
2.5872,1.0995,8.6691,0.245,-0.8183,0.3877
2.8697,1.0516,8.9231,0.1363,-0.7565,0.3898
2.9008,0.9439,8.7364,0.0511,-0.6521,0.3941
2.3523,0.5126,8.535,-0.0159,-0.5722,0.3813
2.3762,0.661,8.4344,-0.1086,-0.5722,0.4953
2.6542,0.8358,8.0271,-0.1917,-0.487,0.622
2.8458,1.1402,7.9026,-0.2556,-0.4625,0.6647
2.9846,1.2862,7.9002,-0.327,-0.5051,0.6412
3.2579,1.0971,8.0798,-0.4143,-0.5392,0.5922
3.7945,0.8382,8.5685,-0.5145,-0.5424,0.5453
4.144,0.7401,8.9926,-0.5922,-0.5275,0.507
4.0698,0.6515,9.3855,-0.6263,-0.5509,0.4495
3.7705,0.4791,9.5938,-0.6029,-0.6074,0.3738
3.7705,0.4791,9.5938,-0.4069,-0.7746,0.2631
3.5978,0.2705,9.4502,-0.2993,-0.9078,0.2311
3.7442,0.7089,9.2535,-0.2993,-0.9078,0.2311
3.7442,0.7089,9.2535,-0.229,-1.0271,0.1246
3.593,0.2705,9.0836,-0.229,-1.0271,0.1246
3.5093,0.055,8.9734,-0.262,-0.9834,0.1214
3.538,0.055,8.9447,-0.3025,-0.8939,0.1533
3.538,0.055,8.9447,-0.327,-0.7629,0.2173
3.804,0.1987,8.9207,-0.3046,-0.7576,0.2162
3.9692,0.2466,8.8202,-0.2769,-0.7651,0.2173
3.9836,0.1244,8.6284,-0.2716,-0.7906,0.2205
4.1488,0.1388,8.2668,-0.311,-0.829,0.2098
4.3406,0.2852,8.0439,-0.3749,-0.8641,0.1832
4.5825,0.1268,8.2908,-0.3749,-0.8641,0.1832
4.5825,0.1268,8.2908,-0.4836,-0.8694,0.1384
4.2784,-0.2753,8.825,-0.4836,-0.8694,0.1384
4.4436,-0.1939,8.8681,-0.4846,-0.8684,0.1576
4.6016,-0.1316,8.8753,-0.4623,-0.8961,0.18
4.6016,-0.1316,8.8753,-0.4623,-0.8993,0.1746
4.6974,-0.3043,8.9902,-0.4729,-0.8364,0.1725
4.9347,-0.4408,8.9638,-0.4857,-0.8151,0.1555
4.9562,-0.2705,8.7939,-0.4857,-0.8151,0.1555
4.9179,-0.3498,8.6092,-0.4708,-0.8449,0.1256
5.0185,-0.4456,8.5781,-0.4569,-0.9089,0.1065
5.1741,-0.5964,8.8753,-0.4793,-0.9536,0.1054
5.1741,-0.5964,8.8753,-0.5709,-0.8513,0.1267
5.2962,-0.7329,9.3352,-0.5901,-0.7374,0.1438
5.2483,-1.0277,10.1448,-0.5901,-0.7374,0.1438
4.9874,-1.2072,10.4731,-0.5997,-0.584,0.1683
4.7548,-1.2934,10.7843,-0.6018,-0.4199,0.2205
4.7548,-1.2934,10.7843,-0.4612,-0.2463,0.3675
4.6423,-1.145,10.2549,-0.4612,-0.2463,0.3675
4.6423,-1.145,10.2549,-0.2077,-0.4274,0.4431
4.6184,-1.1737,8.3482,-0.2077,-0.4274,0.4431
4.4268,-1.842,7.6057,-0.1533,-0.617,0.4687
4.4268,-1.842,7.6057,-0.3483,-0.7959,0.6178
6.5876,-0.345,8.5182,-0.3483,-0.7959,0.6178
6.669,-0.1987,9.3712,-0.3621,-0.9483,0.5539
6.669,-0.1987,9.3712,-0.2684,-0.8545,0.2034
6.4894,-0.6898,9.6154,-0.2588,-0.634,0.1587
6.3742,-1.3485,9.5962,-0.2492,-0.3816,0.147
5.579,-1.4637,8.2261,-0.2492,-0.3816,0.147
5.579,-1.4637,8.2261,-0.2098,-0.4178,0.1896
5.6245,-1.0732,7.026,-0.2098,-0.4178,0.1896
5.9409,-1.0636,6.8581,-0.1917,-0.6298,0.1928
6.2449,-1.0085,7.026,-0.196,-0.8609,0.1853
6.4149,-1.0396,7.4187,-0.2247,-1.0473,0.1597
6.4149,-1.0396,7.4187,-0.2631,-1.1624,0.0809
6.5397,-1.2671,7.8044,-0.2471,-1.1272,0.0532
6.8773,-1.411,8.4608,-0.2471,-1.1272,0.0532
6.7959,-1.5116,8.3482,-0.2002,-1.0441,0.0255
6.7959,-1.5116,8.3482,-0.2055,-0.6298,0.0617
6.4823,-2.1009,8.0606,-0.2055,-0.6298,0.0617
6.4413,-1.8731,7.5192,-0.2236,-0.4476,0.1651
6.4413,-1.8731,7.5192,-0.2119,-0.3539,0.2758
6.602,-1.4278,6.8174,-0.2119,-0.3539,0.2758
6.8366,-1.5212,6.9012,-0.2897,-0.356,0.2716
7.0787,-1.4996,7.1673,-0.3504,-0.372,0.2545
7.0787,-1.4996,7.1673,-0.4037,-0.4167,0.1725
7.2822,-1.5068,7.6919,-0.4037,-0.4167,0.1725
7.2008,-1.6313,7.7254,-0.3952,-0.4316,0.1075
6.9755,-1.7773,7.6009,-0.3696,-0.4306,0.0511
6.9755,-1.7773,7.6009,-0.3376,-0.3858,0.0255
6.446,-2.1703,7.1505,-0.3376,-0.3858,0.0255
6.2186,-2.2565,6.8534,-0.3334,-0.3496,0.0532
6.0654,-2.3139,6.6427,-0.3323,-0.34,0.0948
6.142,-2.4121,6.4823,-0.3302,-0.3432,0.148
6.142,-2.4121,6.4823,-0.3834,-0.2623,0.2545
6.4293,-2.3977,6.2593,-0.4676,-0.2175,0.2684
6.7289,-2.1607,6.1683,-0.5571,-0.1632,0.245
7.0763,-1.9788,6.3766,-0.6231,-0.1067,0.1938
7.3708,-2.0242,6.7169,-0.6615,-0.046,0.131
7.4642,-2.1679,6.9802,-0.6753,0.0199,0.0735
7.3493,-2.3187,7.2415,-0.6647,0.0774,0.0468
7.0787,-2.5728,7.3564,-0.6647,0.0774,0.0468
7.0787,-2.5728,7.3564,-0.5645,0.0561,0.0191
6.9874,-2.4887,6.815,-0.5645,0.0561,0.0191
6.9252,-2.4408,6.4679,-0.5081,-0.0141,-0.0053
6.8701,-2.4432,6.2784,-0.4836,-0.111,-0.0308
6.8701,-2.4432,6.2784,-0.5017,-0.2569,-0.0788
6.8557,-2.6063,6.0558,-0.5017,-0.2569,-0.0788
6.8557,-2.6063,6.0558,-0.5816,-0.2942,-0.1097
6.7887,-2.7332,6.0654,-0.638,-0.2697,-0.1054
6.7648,-2.8458,6.1755,-0.6966,-0.2239,-0.0969
6.839,-2.8745,6.4125,-0.7371,-0.1568,-0.0926
6.8342,-3.0564,6.8174,-0.7371,-0.1568,-0.0926
6.8342,-3.0564,6.8174,-0.7605,-0.0205,-0.0564
6.7719,-3.1286,6.7935,-0.7541,0.0039,-0.0372
6.7289,-3.1334,6.7121,-0.7371,-0.0055,-0.0202
6.7265,-3.1669,6.6475,-0.7083,-0.0364,-0.0053
6.681,-3.2555,6.5517,-0.6732,-0.0929,0.0095
6.736,-3.3105,6.4436,-0.6263,-0.1621,0.0127
6.8964,-3.2818,6.4631,-0.5698,-0.2282,0
7.0212,-3.368,6.0606,-0.5698,-0.2282,0
7.0212,-3.368,6.0606,-0.4942,-0.3667,-0.0276
7.1529,-3.3776,5.828,-0.4825,-0.4242,-0.0564
7.2248,-3.3943,5.6437,-0.4963,-0.4455,-0.0788
7.129,-3.5308,5.445,-0.5358,-0.4423,-0.0756
