andar
1.8204,-12.193,-1.5355,-0.5637,1.3688,-0.1962
2.1607,-11.6373,-2.223,-0.5637,1.3688,-0.1962
-1.1953,-13.0433,-2.5632,-0.5637,1.3688,-0.1962
-1.3174,-13.1462,-2.0458,-0.5637,1.3688,-0.1962
-1.6241,-13.9704,0.079,-0.5637,1.3688,-0.1962
0.9463,-12.5522,-1.0732,-0.5637,1.3688,-0.1962
3.1094,-11.0145,1.8276,-0.5637,1.3688,-0.1962
3.0636,-12.5522,2.7955,-0.5637,1.3688,-0.1962
2.6806,-14.1691,3.0349,-0.5637,1.3688,-0.1962
2.5055,-12.9116,1.9521,-0.5637,1.3688,-0.1962
2.4169,-11.4478,-0.2828,-0.5637,1.3688,-0.1962
1.6959,-10.7915,-0.2059,-0.5637,1.3688,-0.1962
-0.6922,-10.1448,-0.0766,-0.5637,1.3688,-0.1962
-1.3293,-9.5028,0.1987,-0.5637,1.3688,-0.1962
-0.7784,-8.4512,0.9056,-0.5637,1.3688,-0.1962
0.2561,-7.6033,1.3628,-0.5637,1.3688,-0.1962
1.4158,-6.7193,1.3988,-0.5637,1.3688,-0.1962
1.7223,-5.5527,1.1115,-0.5637,1.3688,-0.1962
1.9449,-4.6543,0.9463,-0.5637,1.3688,-0.1962
2.0913,-4.1249,0.7592,-0.5637,1.3688,-0.1962
1.974,-4.2233,0.1125,-0.5637,1.3688,-0.1962
1.8396,-4.8677,-0.9487,-0.5637,1.3688,-0.1962
1.9641,-6.0438,-2.2493,-0.5637,1.3688,-0.1962
2.8793,-7.905,-4.077,-0.5637,1.3688,-0.1962
3.0134,-9.783,-6.2976,-0.5637,1.3688,-0.1962
3.078,-12.7991,-9.5172,-0.5637,1.3688,-0.1962
2.6997,-16.5071,-12.8182,-0.5637,1.3688,-0.1962
0.9558,-14.4543,-12.0299,-0.5637,1.3688,-0.1962
1.672,-8.6188,-4.3622,-0.5637,1.3688,-0.1962
3.9022,-8.8202,0.2923,-0.5637,1.3688,-0.1962
5.9648,-13.2231,3.4446,-0.5637,1.3688,-0.1962
3.7274,-16.2557,0.5461,-0.5637,1.3688,-0.1962
0.4551,-10.9522,-4.791,-0.5637,1.3688,-0.1962
-1.9859,-3.0229,3.4997,-0.5637,1.3688,-0.1962
-3.8064,-2.2469,3.0445,-0.5637,1.3688,-0.1962
-1.6313,-9.6561,0.436,-0.5637,1.3688,-0.1962
-3.8974,-15.2615,1.423,-0.5637,1.3688,-0.1962
-2.9655,-13.0504,0.4671,-0.5637,1.3688,-0.1962
0.7425,-8.5996,-0.4504,-0.5637,1.3688,-0.1962
2.3403,-7.5743,-1.382,-0.5637,1.3688,-0.1962
1.7366,-9.2248,-1.1378,-0.5637,1.3688,-0.1962
0.4767,-10.4946,-0.7544,-0.5637,1.3688,-0.1962
-0.067,-9.9532,0.3474,-0.5637,1.3688,-0.1962
-0.4671,-9.1051,0.4647,-0.5637,1.3688,-0.1962
-0.5653,-8.6906,-0.1125,-0.5637,1.3688,-0.1962
-0.6395,-8.0582,-0.5342,-0.5637,1.3688,-0.1962
-0.5557,-7.893,-0.134,-0.5637,1.3688,-0.1962
-0.3977,-8.0941,0.4671,-0.5637,1.3688,-0.1962
0.0287,-8.2692,0.908,-0.5637,1.3688,-0.1962
0.6371,-8.4967,0.2489,-0.5637,1.3688,-0.1962
1.2695,-8.7101,0.3474,-0.5637,1.3688,-0.1962
0.9343,-10.1879,-0.3235,-0.5637,1.3688,-0.1962
0.4384,-11.5654,-0.2035,-0.5637,1.3688,-0.1962
0.7113,-12.0156,-0.7544,-0.5637,1.3688,-0.1962
-0.7472,-12.624,-2.0051,-0.5637,1.3688,-0.1962
-0.9008,-12.9044,-2.3331,-0.5637,1.3688,-0.1962
1.66,-12.0323,-2.2373,-0.5637,1.3688,-0.1962
0.9223,-11.8527,-1.49,-0.5637,1.3688,-0.1962
-1.8228,-14.0375,-2.6782,-0.5637,1.3688,-0.1962
-2.1487,-14.0949,-1.9306,-0.5637,1.3688,-0.1962
-2.0314,-14.0853,-0.1292,-0.5637,1.3688,-0.1962
2.1607,-12.9595,1.5451,-0.5637,1.3688,-0.1962
4.2975,-10.8945,1.909,-0.5637,1.3688,-0.1962
3.6098,-11.0432,1.593,-0.5637,1.3688,-0.1962
2.8745,-11.9509,2.5222,-0.5637,1.3688,-0.1962
2.9966,-11.5966,2.9487,-0.5637,1.3688,-0.1962
3.1597,-10.7628,2.0219,-0.5637,1.3688,-0.1962
1.4517,-9.7686,0.2971,-0.5637,1.3688,-0.1962
-0.0335,-8.916,-0.8984,-0.5637,1.3688,-0.1962
-0.3019,-8.9255,-0.0574,-0.5637,1.3688,-0.1962
0.1628,-8.6954,0.7975,-0.5637,1.3688,-0.1962
1.0372,-8.1277,1.5499,-0.5637,1.3688,-0.1962
1.7295,-7.05,1.3126,-0.5637,1.3688,-0.1962
2.2086,-6.1707,1.0444,-0.5637,1.3688,-0.1962
2.5127,-5.9528,0.8792,-0.5637,1.3688,-0.1962
2.8027,-5.9816,0.3737,-0.5637,1.3688,-0.1962
2.8577,-5.7035,-0.5653,-0.5637,1.3688,-0.1962
2.9248,-5.5503,-1.763,-0.5637,1.3688,-0.1962
3.1046,-6.2952,-2.829,-0.5637,1.3688,-0.1962
3.2483,-7.4067,-3.3991,-0.5637,1.3688,-0.1962
4.0722,-8.6331,-6.1587,-0.5637,1.3688,-0.1962
4.4412,-9.3544,-7.3588,-0.5637,1.3688,-0.1962
3.725,-11.2228,-8.6212,-0.5637,1.3688,-0.1962
2.6279,-14.1763,-9.6776,-0.5637,1.3688,-0.1962
2.2038,-13.5439,-8.4943,-0.5637,1.3688,-0.1962
3.5164,-8.7508,-6.7672,-0.5637,1.3688,-0.1962
3.8495,-5.6509,-2.2709,-0.5637,1.3688,-0.1962
2.7308,-7.7207,3.8974,-0.5637,1.3688,-0.1962
4.4963,-13.1606,1.4326,-0.5637,1.3688,-0.1962
5.8185,-18.9387,-0.7975,-0.5637,1.3688,-0.1962
-0.5294,-11.7929,-2.2804,-0.5637,1.3688,-0.1962
-5.1238,-3.9357,2.8242,-0.5637,1.3688,-0.1962
-2.472,-4.8629,2.4552,-0.5637,1.3688,-0.1962
-0.618,-10.3196,-1.435,-0.5637,1.3688,-0.1962
-2.211,-13.7163,2.4672,-0.5637,1.3688,-0.1962
-0.2801,-11.3233,1.3581,-0.5637,1.3688,-0.1962
2.5656,-6.7336,-0.3426,-0.5637,1.3688,-0.1962
1.6193,-5.749,0.6994,-0.5637,1.3688,-0.1962
-0.0526,-8.2453,0.7161,-0.5637,1.3688,-0.1962
-1.3557,-10.6072,0.9846,-0.5637,1.3688,-0.1962
-2.2804,-11.4239,1.9114,-0.5637,1.3688,-0.1962
-1.7199,-9.5124,0.8577,-0.5637,1.3688,-0.1962
-0.9534,-8.1639,0.5366,-0.5637,1.3688,-0.1962
-0.4384,-8.341,0.1029,-0.5637,1.3688,-0.1962
-0.4504,-8.3985,-0.3594,-0.5637,1.3688,-0.1962
-0.3426,-8.3434,-0.2226,-0.5637,1.3688,-0.1962
-0.3977,-9.0955,0.2466,-0.5637,1.3688,-0.1962
-0.4958,-9.8551,-0.1604,-0.5637,1.3688,-0.1962
-1.4733,-10.4827,-1.49,-0.5637,1.3688,-0.1962
-2.5992,-11.1988,-1.8468,-0.5637,1.3688,-0.1962
-1.2024,-11.8384,-0.1316,-0.5637,1.3688,-0.1962
-0.8984,-11.836,-0.6371,-0.5637,1.3688,-0.1962
-1.2791,-12.72,-0.8167,-0.5637,1.3688,-0.1962
1.9018,-12.1068,-2.1272,-0.5637,1.3688,-0.1962
1.8875,-10.9666,-2.108,-0.5637,1.3688,-0.1962
-2.0386,-13.1007,-2.3187,-0.5637,1.3688,-0.1962
-2.2086,-13.3428,-1.8587,-0.5637,1.3688,-0.1962
-2.5465,-13.1893,-0.2971,-0.5637,1.3688,-0.1962
-0.697,-12.3391,0.2298,-0.5637,1.3688,-0.1962
2.6015,-11.5846,1.933,-0.5637,1.3688,-0.1962
4.707,-13.1606,3.198,-0.5637,1.3688,-0.1962
4.1416,-14.0207,2.6183,-0.5637,1.3688,-0.1962
3.2626,-12.9906,0.1556,-0.5637,1.3688,-0.1962
2.3523,-12.1715,-0.7903,-0.5637,1.3688,-0.1962
0.9654,-11.2276,-1.1067,-0.5637,1.3688,-0.1962
-0.6994,-10.1304,0.3881,-0.5637,1.3688,-0.1962
-0.5916,-8.6619,1.2527,-0.5637,1.3688,-0.1962
-0.3929,-7.7566,1.066,-0.5637,1.3688,-0.1962
0.5198,-6.997,1.0133,-0.5637,1.3688,-0.1962
1.3078,-6.1563,1.1953,-0.5637,1.3688,-0.1962
1.6983,-5.2005,1.1641,-0.5637,1.3688,-0.1962
1.8516,-4.3766,1.0851,-0.5637,1.3688,-0.1962
1.7151,-4.2353,0.7137,-0.5637,1.3688,-0.1962
1.5331,-4.7093,-0.5054,-0.5637,1.3688,-0.1962
1.3988,-5.2914,-2.2421,-0.5637,1.3688,-0.1962
1.9018,-6.1779,-3.8974,-0.5637,1.3688,-0.1962
3.1717,-7.9361,-5.7514,-0.5637,1.3688,-0.1962
3.6314,-10.4922,-7.1625,-0.5637,1.3688,-0.1962
3.4398,-13.6924,-9.1673,-0.5637,1.3688,-0.1962
2.9296,-16.3491,-10.7029,-0.5637,1.3688,-0.1962
1.8061,-12.7368,-8.8872,-0.5637,1.3688,-0.1962
2.5417,-7.0811,-3.907,-0.5637,1.3688,-0.1962
3.1358,-6.8893,0.5006,-0.5637,1.3688,-0.1962
1.4972,-10.8586,0.8768,-0.5637,1.3688,-0.1962
2.4624,-17.0485,-3.2986,-0.5637,1.3688,-0.1962
7.4737,-17.3983,-0.1867,-0.5637,1.3688,-0.1962
1.4422,-3.5188,4.6926,-0.5637,1.3688,-0.1962
-5.4665,-1.7271,3.8711,-0.5637,1.3688,-0.1962
0.8262,-7.4977,-3.1573,-0.5637,1.3688,-0.1962
-5.0209,-14.416,0.7161,-0.5637,1.3688,-0.1962
-4.1344,-12.7607,2.1942,-0.5637,1.3688,-0.1962
1.2216,-7.3157,0.1388,-0.5637,1.3688,-0.1962
2.1368,-6.0342,-0.7784,-0.5637,1.3688,-0.1962
1.042,-8.5972,-0.5796,-0.5637,1.3688,-0.1962
-0.3115,-10.8849,0.2011,-0.5637,1.3688,-0.1962
-0.9582,-10.3917,0.7688,-0.5637,1.3688,-0.1962
-1.145,-9.4262,1.37,-0.5637,1.3688,-0.1962
-0.6826,-7.8739,0.345,-0.5637,1.3688,-0.1962
-0.7113,-7.917,0.5054,-0.5637,1.3688,-0.1962
-0.7281,-8.7532,0.515,-0.5637,1.3688,-0.1962
-0.606,-8.7364,0.3211,-0.5637,1.3688,-0.1962
-0.1843,-8.5781,0.0383,-0.5637,1.3688,-0.1962
0.3354,-9.4166,-0.1244,-0.5637,1.3688,-0.1962
0.7999,-9.982,-0.4049,-0.5637,1.3688,-0.1962
0.5461,-10.4755,-0.8672,-0.5637,1.3688,-0.1962
-1.1115,-11.7259,-0.8239,-0.5637,1.3688,-0.1962
-1.0468,-12.1787,0.2561,-0.5637,1.3688,-0.1962
-1.2599,-11.9318,-0.7879,-0.5637,1.3688,-0.1962
-2.029,-12.8948,-1.8803,-0.5637,1.3688,-0.1962
0.5605,-12.5665,-2.4456,-0.5637,1.3688,-0.1962
-0.0718,-11.3999,-2.0626,-0.5637,1.3688,-0.1962
-3.5116,-14.3682,-2.302,-0.5637,1.3688,-0.1962
-1.6145,-13.6876,-2.4408,-0.5637,1.3688,-0.1962
-0.7496,-12.6,-1.9668,-0.5637,1.3688,-0.1962
-0.5773,-11.8192,0.369,-0.5637,1.3688,-0.1962
0.6682,-11.6516,2.7667,-0.5637,1.3688,-0.1962
3.0852,-14.1428,3.7418,-0.5637,1.3688,-0.1962
3.2004,-14.8063,3.0349,-0.5637,1.3688,-0.1962
3.6002,-13.5727,0.6491,-0.5637,1.3688,-0.1962
3.2267,-11.9916,-1.435,-0.5637,1.3688,-0.1962
0.8984,-10.0969,-2.0458,-0.5637,1.3688,-0.1962
-1.5858,-9.7375,0.6012,-0.5637,1.3688,-0.1962
-1.842,-9.285,1.2575,-0.5637,1.3688,-0.1962
-0.6156,-7.6871,0.8936,-0.5637,1.3688,-0.1962
0.6395,-6.5421,2.0602,-0.5637,1.3688,-0.1962
1.6768,-5.8209,2.6183,-0.5637,1.3688,-0.1962
2.2014,-4.8916,2.0602,-0.5637,1.3688,-0.1962
2.7883,-3.6433,1.8635,-0.5637,1.3688,-0.1962
2.3403,-3.6433,1.0492,-0.5637,1.3688,-0.1962
1.974,-4.6854,-0.3714,-0.5637,1.3688,-0.1962
1.9402,-5.67,-1.8444,-0.5637,1.3688,-0.1962
2.2948,-6.8677,-3.7921,-0.5637,1.3688,-0.1962
3.2626,-8.4344,-6.4245,-0.5637,1.3688,-0.1962
3.5452,-10.5282,-8.6786,-0.5637,1.3688,-0.1962
2.5992,-14.3801,-11.06,-0.5637,1.3688,-0.1962
1.4278,-15.9513,-12.8852,-0.5637,1.3688,-0.1962
1.5212,-10.0131,-8.535,-0.5637,1.3688,-0.1962
3.2339,-5.3444,-2.3283,-0.5637,1.3688,-0.1962
6.9898,-10.2669,3.1262,-0.5637,1.3688,-0.1962
5.5575,-18.2872,2.0266,-0.5637,1.3688,-0.1962
4.4149,-21.0369,-7.026,-0.5637,1.3688,-0.1962
-1.5523,-5.5599,6.197,-0.5637,1.3688,-0.1962
-7.3588,-0.3163,4.0363,-0.5637,1.3688,-0.1962
0.1939,-5.0616,-1.9593,-0.5637,1.3688,-0.1962
-3.7729,-13.1678,2.8362,-0.5637,1.3688,-0.1962
-3.8471,-16.464,1.9306,-0.5637,1.3688,-0.1962
0.2274,-10.231,1.2455,-0.5637,1.3688,-0.1962
3.1405,-5.7682,-0.697,-0.5637,1.3688,-0.1962
2.841,-5.433,-0.4863,-0.5637,1.3688,-0.1962
1.133,-8.4536,0.2681,-0.5637,1.3688,-0.1962
-0.2561,-10.5641,0.0526,-0.5637,1.3688,-0.1962
-1.8707,-10.5712,1.7702,-0.5637,1.3688,-0.1962
-1.6026,-8.1495,1.4709,-0.5637,1.3688,-0.1962
-1.291,-7.3876,0.436,-0.5637,1.3688,-0.1962
-1.0947,-8.3243,-0.1699,-0.5637,1.3688,-0.1962
-0.8167,-8.6714,-0.9965,-0.5637,1.3688,-0.1962
-0.4432,-9.2898,-1.5283,-0.5637,1.3688,-0.1962
0.2394,-9.7016,-0.7951,-0.5637,1.3688,-0.1962
1.0588,-9.9221,-0.2753,-0.5637,1.3688,-0.1962
0.8119,-10.5784,-1.2767,-0.5637,1.3688,-0.1962
-1.236,-11.9198,-1.9066,-0.5637,1.3688,-0.1962
-2.6327,-12.1834,-1.0612,-0.5637,1.3688,-0.1962
-3.5332,-12.6024,-0.7113,-0.5637,1.3688,-0.1962
-0.7401,-12.9188,-2.7356,-0.5637,1.3688,-0.1962
1.7438,-11.7474,-2.7739,-0.5637,1.3688,-0.1962
-1.7103,-12.665,-2.4193,-0.5637,1.3688,-0.1962
-2.738,-14.9886,-2.2732,-0.5637,1.3688,-0.1962
-0.1723,-14.4998,0.4719,-0.5637,1.3688,-0.1962
4.0722,-12.363,2.9176,-0.5637,1.3688,-0.1962
3.6074,-11.8791,3.4829,-0.5637,1.3688,-0.1962
4.4484,-15.0508,1.7151,-0.5637,1.3688,-0.1962
3.4494,-16.1072,1.2767,-0.5637,1.3688,-0.1962
4.3933,-15.5491,0.8792,-0.5637,1.3688,-0.1962
3.6409,-12.8709,-0.6012,-0.5637,1.3688,-0.1962
0.2899,-9.4262,-1.3509,-0.5637,1.3688,-0.1962
-2.0554,-8.3578,2.3666,-0.5637,1.3688,-0.1962
-0.8047,-6.487,2.2086,-0.5637,1.3688,-0.1962
0.2971,-5.8448,1.7965,-0.5637,1.3688,-0.1962
1.0085,-5.8544,1.7295,-0.5637,1.3688,-0.1962
1.5475,-4.8413,1.6121,-0.5637,1.3688,-0.1962
2.0721,-3.2531,2.1416,-0.5637,1.3688,-0.1962
1.7678,-1.9306,1.9425,-0.5637,1.3688,-0.1962
0.3474,-2.7739,0.8625,-0.5637,1.3688,-0.1962
0.3283,-3.8352,-0.6658,-0.5637,1.3688,-0.1962
0.6203,-5.4689,-3.0014,-0.5637,1.3688,-0.1962
2.0649,-7.7015,-7.8954,-0.5637,1.3688,-0.1962
4.3957,-10.9471,-11.4957,-0.5637,1.3688,-0.1962
4.7141,-15.2902,-10.6503,-0.5637,1.3688,-0.1962
4.4029,-18.4164,-10.6862,-0.5637,1.3688,-0.1962
2.6159,-12.993,-9.3065,-0.5637,1.3688,-0.1962
2.4815,-7.5312,-4.8796,-0.5637,1.3688,-0.1962
4.8389,-9.2368,-0.6251,-0.5637,1.3688,-0.1962
4.3526,-17.2355,2.9391,-0.5637,1.3688,-0.1962
1.4062,-19.6812,-3.6194,-0.5637,1.3688,-0.1962
2.6949,-4.1632,7.7135,-0.5637,1.3688,-0.1962
-5.7107,-1.6528,3.6218,-0.5637,1.3688,-0.1962
1.4374,-6.5493,-1.0779,-0.5637,1.3688,-0.1962
-2.9439,-13.3524,2.5273,-0.5637,1.3688,-0.1962
-4.8796,-15.6329,0.6467,-0.5637,1.3688,-0.1962
-1.2072,-10.4922,-0.0909,-0.5637,1.3688,-0.1962
1.7917,-6.1013,-0.5533,-0.5637,1.3688,-0.1962
2.0793,-5.6317,-0.067,-0.5637,1.3688,-0.1962
1.212,-8.5278,0.6323,-0.5637,1.3688,-0.1962
-0.043,-10.0275,0.2828,-0.5637,1.3688,-0.1962
-1.8276,-9.9413,1.1761,-0.5637,1.3688,-0.1962
-1.7654,-8.7939,1.6265,-0.5637,1.3688,-0.1962
-0.9415,-7.6704,0.1867,-0.5637,1.3688,-0.1962
-0.5533,-7.9505,-0.1244,-0.5637,1.3688,-0.1962
-0.3259,-7.905,-0.237,-0.5637,1.3688,-0.1962
-0.9008,-8.2836,-0.884,-0.5637,1.3688,-0.1962
-0.8505,-9.0381,-0.4743,-0.5637,1.3688,-0.1962
-0.5174,-9.8213,-0.8143,-0.5637,1.3688,-0.1962
-1.1067,-10.9522,-1.0205,-0.5637,1.3688,-0.1962
-0.9989,-11.4622,-0.5437,-0.5637,1.3688,-0.1962
-2.6877,-11.9413,-0.884,-0.5637,1.3688,-0.1962
-2.4791,-12.6698,-1.3006,-0.5637,1.3688,-0.1962
2.0841,-12.2241,-3.526,-0.5637,1.3688,-0.1962
2.4049,-10.3965,-2.7667,-0.5637,1.3688,-0.1962
-2.5848,-13.5392,-2.8266,-0.5637,1.3688,-0.1962
-3.6457,-16.4137,-2.4217,-0.5637,1.3688,-0.1962
-0.6826,-14.1452,0.8433,-0.5637,1.3688,-0.1962
3.8112,-12.1284,2.5007,-0.5637,1.3688,-0.1962
3.9357,-13.0959,2.7213,-0.5637,1.3688,-0.1962
4.894,-15.585,2.2732,-0.5637,1.3688,-0.1962
3.7346,-14.7201,1.9955,-0.5637,1.3688,-0.1962
3.9285,-13.3692,0.2202,-0.5637,1.3688,-0.1962
3.0157,-12.5689,-0.0167,-0.5637,1.3688,-0.1962
-0.2226,-10.9546,-0.6682,-0.5637,1.3688,-0.1962
-1.5379,-10.7269,0.4695,-0.5637,1.3688,-0.1962
0.0287,-9.1434,2.29,-0.5637,1.3688,-0.1962
0.9271,-7.1481,1.7845,-0.5637,1.3688,-0.1962
1.2144,-6.3479,1.4805,-0.5637,1.3688,-0.1962
1.4637,-4.9467,1.1498,-0.5637,1.3688,-0.1962
1.6241,-3.6748,1.2862,-0.5637,1.3688,-0.1962
1.7151,-2.6566,1.1665,-0.5637,1.3688,-0.1962
1.0229,-2.132,0.5796,-0.5637,1.3688,-0.1962
0.8744,-2.8314,-0.8672,-0.5637,1.3688,-0.1962
0.9247,-4.4603,-2.4337,-0.5637,1.3688,-0.1962
1.7678,-6.748,-4.1225,-0.5637,1.3688,-0.1962
4.0794,-9.5555,-7.4809,-0.5637,1.3688,-0.1962
5.5551,-12.6339,-9.1482,-0.5637,1.3688,-0.1962
4.7261,-16.1072,-9.9963,-0.5637,1.3688,-0.1962
2.4001,-14.3873,-11.0312,-0.5637,1.3688,-0.1962
2.9774,-8.2932,-8.3722,-0.5637,1.3688,-0.1962
4.434,-7.9864,-5.3202,-0.5637,1.3688,-0.1962
8.3387,-16.6893,4.9539,-0.5637,1.3688,-0.1962
4.3143,-21.1665,-5.6772,-0.5637,1.3688,-0.1962
1.4685,-6.063,5.5359,-0.5637,1.3688,-0.1962
-6.0582,-2.9032,3.9884,-0.5637,1.3688,-0.1962
-1.1833,-6.0965,-0.2995,-0.5637,1.3688,-0.1962
-3.0876,-12.5091,2.4121,-0.5637,1.3688,-0.1962
-3.9094,-16.6271,0.333,-0.5637,1.3688,-0.1962
-1.8731,-12.6913,-1.3485,-0.5637,1.3688,-0.1962
1.2407,-7.7781,-0.9343,-0.5637,1.3688,-0.1962
2.1464,-5.8376,-1.0923,-0.5637,1.3688,-0.1962
1.236,-7.5671,-0.8382,-0.5637,1.3688,-0.1962
-0.3594,-9.8934,-0.5318,-0.5637,1.3688,-0.1962
-1.6145,-10.0442,0.4144,-0.5637,1.3688,-0.1962
-1.2216,-8.0463,0.5916,-0.5637,1.3688,-0.1962
-0.5389,-6.997,0.4551,-0.5637,1.3688,-0.1962
-0.7544,-7.8547,0.1843,-0.5637,1.3688,-0.1962
-0.9247,-8.2357,0.4935,-0.5637,1.3688,-0.1962
-0.6036,-8.262,0.1843,-0.5637,1.3688,-0.1962
-0.3618,-8.4655,-1.212,-0.5637,1.3688,-0.1962
-0.0837,-8.353,-0.7616,-0.5637,1.3688,-0.1962
0.5701,-8.6978,-0.1316,-0.5637,1.3688,-0.1962
-0.4815,-10.1448,-1.1306,-0.5637,1.3688,-0.1962
-1.6816,-11.836,-1.054,-0.5637,1.3688,-0.1962
-2.2397,-12.3032,-1.3652,-0.5637,1.3688,-0.1962
-2.5992,-12.8613,-1.7151,-0.5637,1.3688,-0.1962
1.5954,-12.9475,-3.1453,-0.5637,1.3688,-0.1962
2.8553,-11.1102,-2.5704,-0.5637,1.3688,-0.1962
-2.3331,-13.2566,-2.0985,-0.5637,1.3688,-0.1962
-3.3105,-15.6185,-2.7548,-0.5637,1.3688,-0.1962
-1.4661,-14.8231,0.527,-0.5637,1.3688,-0.1962
3.9118,-12.6602,1.1139,-0.5637,1.3688,-0.1962
2.9798,-11.8815,3.2483,-0.5637,1.3688,-0.1962
3.9764,-15.6496,2.3858,-0.5637,1.3688,-0.1962
3.4159,-16.033,2.8098,-0.5637,1.3688,-0.1962
2.75,-14.0901,1.9955,-0.5637,1.3688,-0.1962
2.5103,-12.3654,-0.7736,-0.5637,1.3688,-0.1962
0.8358,-10.1568,-1.2336,-0.5637,1.3688,-0.1962
-2.1894,-9.6632,1.5858,-0.5637,1.3688,-0.1962
-1.0348,-8.4129,1.4541,-0.5637,1.3688,-0.1962
0.0047,-6.6235,1.3461,-0.5637,1.3688,-0.1962
1.1761,-6.2904,1.7797,-0.5637,1.3688,-0.1962
1.9859,-5.6221,1.8372,-0.5637,1.3688,-0.1962
1.9282,-4.5825,1.569,-0.5637,1.3688,-0.1962
1.7319,-3.5428,1.7319,-0.5637,1.3688,-0.1962
1.3198,-3.0636,1.7079,-0.5637,1.3688,-0.1962
1.1522,-3.5619,0.5701,-0.5637,1.3688,-0.1962
1.4326,-4.815,-0.8649,-0.5637,1.3688,-0.1962
2.2062,-6.8845,-3.6314,-0.5637,1.3688,-0.1962
3.8567,-9.7494,-8.6379,-0.5637,1.3688,-0.1962
4.6016,-12.6746,-9.8623,-0.5637,1.3688,-0.1962
4.9275,-15.6161,-9.9676,-0.5637,1.3688,-0.1962
3.8304,-15.7478,-12.0996,-0.5637,1.3688,-0.1962
3.1884,-10.4994,-7.9002,-0.5637,1.3688,-0.1962
4.5753,-7.7278,-2.8817,-0.5637,1.3688,-0.1962
6.6475,-13.0935,4.0602,-0.5637,1.3688,-0.1962
3.5404,-17.0221,-4.1895,-0.5637,1.3688,-0.1962
0.8382,-10.7891,0.6946,-0.5637,1.3688,-0.1962
-5.6078,-4.5082,3.4733,-0.5637,1.3688,-0.1962
-2.4528,-4.6112,2.4552,-0.5637,1.3688,-0.1962
-0.5916,-6.5182,1.2479,1.1597,-1.2388,0.6697
-1.7103,-12.2361,1.8372,1.1597,-1.2388,0.6697
-3.1358,-15.4339,1.2024,1.1597,-1.2388,0.6697
-3.1358,-15.4339,1.2024,1.6806,-1.6809,0.5856
-2.2613,-13.611,0.3043,1.769,-1.3954,0.6175
-0.424,-10.8657,-0.0407,1.6923,-1.0258,0.6836
-0.424,-10.8657,-0.0407,1.5081,-0.8841,0.5504
2.3546,-7.7614,-1.0708,1.5081,-0.8841,0.5504
2.3546,-7.7614,-1.0708,1.5571,-1.0982,0.3203
2.5393,-7.8547,-1.6457,1.5571,-1.0982,0.3203
1.7558,-8.7002,-1.1091,1.6124,-1.2889,0.2383
0.8457,-9.68,-0.4623,1.6689,-1.4913,0.1978
0.0909,-10.2597,-0.1053,1.7073,-1.6319,0.217
-0.4623,-10.4084,0.2059,1.7073,-1.7341,0.2809
-0.6491,-10.0035,0.4958,1.6742,-1.8162,0.3374
-0.661,-9.2826,0.3905,1.6135,-1.8204,0.3576
-0.661,-9.2826,0.3905,1.4356,-1.5754,0.2596
-0.6946,-8.1205,-0.055,1.4356,-1.5754,0.2596
-0.6946,-8.1205,-0.055,1.3334,-1.34,0.135
-0.7999,-7.7901,-0.4935,1.3014,-1.3443,0.0764
-1.0229,-7.7901,-0.8792,1.3014,-1.3443,0.0764
-1.1186,-8.1711,-0.3163,1.2662,-1.3911,0.0167
-1.0564,-8.4057,0.3833,1.2439,-1.3634,-0.013
-0.9606,-8.5158,1.1402,1.2577,-1.2569,-0.0226
-0.8047,-8.4727,1.6121,1.3238,-1.1025,-0.0226
-0.8047,-8.4727,1.6121,1.5539,-0.6913,0.0018
-0.0981,-7.893,0.1292,1.5539,-0.6913,0.0018
-0.0933,-7.8092,-0.3642,1.6029,-0.5571,-0.0247
-0.0814,-7.8523,-0.7041,1.6295,-0.5049,-0.0588
-0.0814,-7.8523,-0.7041,1.6487,-0.7179,-0.1472
0.0933,-7.7709,-0.4432,1.6423,-0.8106,-0.2133
0.2466,-8.0056,0.0622,1.6242,-0.818,-0.2708
0.4887,-8.4105,0.9295,1.5997,-0.6721,-0.3443
0.6682,-9.9078,0.146,1.5997,-0.6721,-0.3443
-0.1173,-10.7676,-0.5366,1.5027,-0.5432,-0.4295
-0.1173,-10.7676,-0.5366,1.2066,-0.4282,-0.5126
-1.8204,-11.9581,-1.1498,1.2066,-0.4282,-0.5126
-1.8204,-11.9581,-1.1498,0.8934,-0.4015,-0.3422
-1.8324,-12.1044,-1.1354,0.7528,-0.409,-0.2516
-1.7031,-12.193,-1.4493,0.5834,-0.4601,-0.193
-1.6528,-12.6769,-2.1966,0.5834,-0.4601,-0.193
-1.1186,-12.8613,-2.1033,0.4023,-0.5485,-0.1504
0.1268,-12.653,-2.2206,0.2607,-0.671,-0.1035
0.1268,-12.653,-2.2206,0.0508,-0.9001,-0.1078
0.1268,-12.653,-2.2206,-0.3773,-0.8063,-0.3304
0.1268,-12.653,-2.2206,-1.0654,-0.3866,-0.4338
0.1268,-12.653,-2.2206,-1.8283,0.0138,-0.2772
0.1268,-12.653,-2.2206,-2.657,0.9736,-0.1611
1.6193,-11.5176,-3.2818,-2.657,0.9736,-0.1611
-1.1857,-12.2361,-3.265,-2.657,0.9736,-0.1611
-3.7131,-14.519,-1.6505,-2.657,0.9736,-0.1611
-2.4121,-15.0484,-0.3498,-2.657,0.9736,-0.1611
1.4661,-13.6756,0.4312,-2.657,0.9736,-0.1611
1.4661,-13.6756,0.4312,-3.0917,1.5957,-0.1014
3.0086,-10.4204,0.7065,-3.0917,1.5957,-0.1014
2.041,-9.9485,2.2206,-3.1108,1.324,-0.1398
2.041,-9.9485,2.2206,-2.7433,0.3632,-0.2868
2.2349,-11.5152,2.5127,-2.6837,0.3536,-0.4252
2.7787,-14.8566,1.49,-2.6837,0.3536,-0.4252
2.4432,-15.6568,2.58,-2.7423,0.6402,-0.4689
2.4432,-15.6568,2.58,-2.6389,1.9547,-0.1866
2.4959,-15.3573,2.7907,-2.5324,2.3042,-0.0513
2.4648,-13.3931,-0.0694,-2.5324,2.3042,-0.0513
2.1679,-12.5737,-0.4504,-2.6027,2.3393,0.0189
1.4422,-11.9437,-0.0454,-2.8072,2.2742,0.0199
0.6874,-11.2515,-0.2442,-2.9415,2.3617,-0.0247
-0.0167,-10.3794,-0.436,-2.9766,2.4448,-0.0279
-0.8864,-9.4502,0.0311,-2.9351,2.2946,0.021
-1.1258,-8.3794,0.8071,-2.7934,2.0335,0.1328
-0.6275,-7.5938,1.0947,-2.5463,1.7768,0.2426
-0.1651,-6.8845,0.7185,-2.2491,1.617,0.2596
0.0622,-6.6905,0.4599,-2.0168,1.4401,0.1669
0.0622,-6.6905,0.4599,-1.7718,1.1749,-0.0439
0.4001,-6.6905,0.9199,-1.6525,1.1973,-0.0695
1.2982,-6.4389,1.2743,-1.6525,1.1973,-0.0695
1.3317,-6.0271,1.423,-1.5235,1.2463,-0.0482
1.3317,-6.0271,1.423,-1.1485,1.3113,0.119
1.5451,-5.4928,1.4637,-0.878,1.3081,0.2127
1.8611,-4.4699,1.854,-0.878,1.3081,0.2127
2.0649,-4.0818,1.8779,-0.5616,1.3059,0.2958
2.1655,-3.998,1.7007,-0.2335,1.2868,0.3629
2.1655,-3.998,1.7007,0.3874,1.0716,0.4748
2.12,-4.2425,1.1761,-2.8701,0.0543,-0.4263
2.12,-4.2425,1.1761,-2.6027,0.5475,-0.2804
2.12,-4.2425,1.1761,-2.2682,1.6308,-0.0567
2.12,-4.2425,1.1761,-2.428,2.5513,-0.029
2.12,-4.2425,1.1761,-2.705,2.2636,-0.1781
2.12,-4.2425,1.1761,-2.461,1.6702,-0.1163
2.12,-4.2425,1.1761,-1.889,1.4465,-0.0886
2.12,-4.2425,1.1761,-1.5214,1.3176,-0.1046
2.12,-4.2425,1.1761,-1.2508,1.1674,-0.0599
2.12,-4.2425,1.1761,-0.9717,1.0652,0.0774
2.12,-4.2425,1.1761,-0.6276,0.9267,0.2756
2.12,-4.2425,1.1761,-0.1749,0.7914,0.4865
2.12,-4.2425,1.1761,0.3043,0.5656,0.6782
2.12,-4.2425,1.1761,0.7816,0.2716,0.7826
2.12,-4.2425,1.1761,1.1842,-0.2758,0.8359
2.12,-4.2425,1.1761,1.4207,-0.9682,0.8455
2.12,-4.2425,1.1761,1.4857,-1.5509,0.7741
2.12,-4.2425,1.1761,1.2322,-1.5978,0.6431
2.12,-4.2425,1.1761,0.8061,-0.425,0.4556
2.12,-4.2425,1.1761,0.2724,0.9789,0.1275
2.12,-4.2425,1.1761,-0.356,0.7531,-0.0162
2.12,-4.2425,1.1761,-0.8908,0.0553,0.1659
2.12,-4.2425,1.1761,-0.7864,0.1203,0.1669
2.12,-4.2425,1.1761,-0.0077,0.1278,0.3469
2.12,-4.2425,1.1761,1.0979,0.2886,0.3565
2.12,-4.2425,1.1761,1.5155,-0.3195,0.2756
2.12,-4.2425,1.1761,-0.3624,-1.1621,0.1041
2.12,-4.2425,1.1761,-1.2082,1.487,-0.0055
2.12,-4.2425,1.1761,0.7304,-0.6306,0.1754
2.12,-4.2425,1.1761,1.475,-1.8929,0.4023
2.12,-4.2425,1.1761,1.2013,-1.814,-0.0141
2.12,-4.2425,1.1761,1.769,-2.6099,0.2031
2.12,-4.2425,1.1761,1.3866,-1.6894,0.6207
2.12,-4.2425,1.1761,1.36,-0.8212,0.1318
2.12,-4.2425,1.1761,1.4271,-1.2228,-0.2761
2.12,-4.2425,1.1761,1.5219,-2.0058,-0.1994
2.12,-4.2425,1.1761,1.4335,-2.2465,0.037
2.12,-4.2425,1.1761,1.3078,-1.7096,0.1275
2.12,-4.2425,1.1761,1.2013,-1.1227,-0.0279
2.12,-4.2425,1.1761,1.23,-0.8596,-0.1941
2.12,-4.2425,1.1761,1.2907,-0.6455,-0.2516
2.12,-4.2425,1.1761,1.311,-0.426,-0.2537
2.12,-4.2425,1.1761,1.279,-0.2205,-0.2495
2.12,-4.2425,1.1761,1.3067,-0.2247,-0.2697
2.12,-4.2425,1.1761,1.2865,-0.1203,-0.3443
2.12,-4.2425,1.1761,1.1906,-0.0031,-0.4348
2.12,-4.2425,1.1761,1.0287,-0.2535,-0.4977
2.12,-4.2425,1.1761,0.6207,-0.3898,-0.4476
2.12,-4.2425,1.1761,0.3171,-0.327,-0.2175
2.12,-4.2425,1.1761,0.0828,-0.2865,-0.192
2.12,-4.2425,1.1761,-0.0716,-0.4942,-0.127
2.12,-4.2425,1.1761,-0.3017,-0.7573,-0.1515
2.12,-4.2425,1.1761,-0.7001,-0.4495,-0.373
2.12,-4.2425,1.1761,-1.1581,-0.017,-0.3006
2.12,-4.2425,1.1761,-1.8453,0.377,-0.4284
2.12,-4.2425,1.1761,-2.6016,1.0844,-0.3624
2.12,-4.2425,1.1761,-3.1737,0.8138,-0.3581
2.12,-4.2425,1.1761,-3.0938,0.2812,-0.225
2.12,-4.2425,1.1761,-2.7945,-0.099,-0.1376
2.12,-4.2425,1.1761,-2.4589,0.2524,-0.0705
2.12,-4.2425,1.1761,-2.0552,2.123,0.2149
2.12,-4.2425,1.1761,-2.3726,3.1159,0.2756
2.12,-4.2425,1.1761,-2.6815,2.5779,-0.0407
2.12,-4.2425,1.1761,-2.4291,1.9206,-0.0833
2.12,-4.2425,1.1761,-1.9188,1.8172,0.0029
2.12,-4.2425,1.1761,-1.515,1.5541,0.0444
2.12,-4.2425,1.1761,-1.1688,1.2026,0.1328
2.12,-4.2425,1.1761,-0.8982,1.0971,0.2447
2.12,-4.2425,1.1761,-0.5957,1.1642,0.4087
2.12,-4.2425,1.1761,-0.1983,1.1579,0.5717
2.12,-4.2425,1.1761,0.2479,0.8553,0.691
2.12,-4.2425,1.1761,0.7358,0.3792,0.7422
2.12,-4.2425,1.1761,1.132,-0.2567,0.7816
2.12,-4.2425,1.1761,1.3483,-0.8702,0.7709
2.12,-4.2425,1.1761,1.4239,-1.2175,0.6537
2.12,-4.2425,1.1761,1.1906,-1.1025,0.5025
2.12,-4.2425,1.1761,0.8572,-0.0735,0.4695
2.12,-4.2425,1.1761,0.445,1.1962,0.3097
2.12,-4.2425,1.1761,-0.2388,0.7893,0.0945
2.12,-4.2425,1.1761,-0.9003,-0.245,0.1584
2.12,-4.2425,1.1761,-0.9909,0.3462,0.0977
2.12,-4.2425,1.1761,-0.3177,0.7552,0.1318
2.12,-4.2425,1.1761,0.8157,0.3845,0.0252
2.12,-4.2425,1.1761,0.0647,-0.1864,-0.3368
2.12,-4.2425,1.1761,-1.2732,0.8127,-0.1994
2.12,-4.2425,1.1761,0.0657,-0.083,0.511
2.12,-4.2425,1.1761,1.393,-2.0644,0.6687
2.12,-4.2425,1.1761,1.0457,-1.2005,0.0252
2.12,-4.2425,1.1761,1.7179,-2.32,0.037
2.12,-4.2425,1.1761,1.3983,-1.5105,0.6079
2.12,-4.2425,1.1761,1.2258,-0.6114,0.6122
2.12,-4.2425,1.1761,1.3738,-0.8947,0.2266
2.12,-4.2425,1.1761,1.5017,-1.7395,0.1243
2.12,-4.2425,1.1761,1.5858,-2.2433,0.1797
2.12,-4.2425,1.1761,1.4399,-2.2774,0.1669
2.12,-4.2425,1.1761,1.3014,-1.813,0.0998
2.12,-4.2425,1.1761,1.2737,-1.4093,-0.0545
2.12,-4.2425,1.1761,1.3131,-1.1973,-0.2069
2.12,-4.2425,1.1761,1.3344,-0.6412,-0.2186
2.12,-4.2425,1.1761,1.4058,-0.3696,-0.128
2.12,-4.2425,1.1761,1.4228,-0.3557,-0.0993
2.12,-4.2425,1.1761,1.4122,-0.3525,-0.1813
2.12,-4.2425,1.1761,1.4005,-0.3866,-0.324
2.12,-4.2425,1.1761,1.3089,-0.3866,-0.5019
2.12,-4.2425,1.1761,1.0425,-0.5358,-0.584
2.12,-4.2425,1.1761,0.6527,-0.5997,-0.438
2.12,-4.2425,1.1761,0.3864,-0.4878,-0.1802
2.12,-4.2425,1.1761,0.054,-0.4005,-0.1366
2.12,-4.2425,1.1761,-0.1643,-0.7573,-0.0833
2.12,-4.2425,1.1761,-0.4402,-0.8884,-0.1941
2.12,-4.2425,1.1761,-0.8119,-0.7179,-0.2782
2.12,-4.2425,1.1761,-1.3808,-0.2439,-0.1856
2.12,-4.2425,1.1761,-2.166,0.4282,-0.2463
2.12,-4.2425,1.1761,-2.8467,0.8095,-0.0908
2.12,-4.2425,1.1761,-3.1257,0.7382,-0.4082
2.12,-4.2425,1.1761,-2.9596,0.0468,-0.5232
2.12,-4.2425,1.1761,-2.6624,-0.1661,-0.5296
2.12,-4.2425,1.1761,-2.3545,0.4889,-0.2964
2.12,-4.2425,1.1761,-2.0946,1.6862,0.0529
2.12,-4.2425,1.1761,-2.3907,2.3212,-0.0439
2.12,-4.2425,1.1761,-2.5953,2.1155,-0.1781
2.12,-4.2425,1.1761,-2.2831,1.813,-0.0396
2.12,-4.2425,1.1761,-1.8144,1.6564,0.1073
2.12,-4.2425,1.1761,-1.4553,1.4593,0.2607
2.12,-4.2425,1.1761,-1.1528,1.3134,0.4386
2.12,-4.2425,1.1761,-0.8524,1.2697,0.6239
2.12,-4.2425,1.1761,-0.4998,1.1824,0.7933
2.12,-4.2425,1.1761,-0.1227,0.9704,0.8892
2.12,-4.2425,1.1761,0.2671,0.6157,0.9413
2.12,-4.2425,1.1761,0.6687,0.1331,0.8881
2.12,-4.2425,1.1761,0.9808,-0.4655,0.7794
2.12,-4.2425,1.1761,1.2492,-0.9778,0.6559
2.12,-4.2425,1.1761,1.4101,-1.2111,0.4034
2.12,-4.2425,1.1761,1.278,-0.8607,0.2362
2.12,-4.2425,1.1761,1.018,0.1832,0.4396
2.12,-4.2425,1.1761,0.4492,1.5616,0.4151
2.12,-4.2425,1.1761,-0.3709,0.9789,0.3043
2.12,-4.2425,1.1761,-0.7832,0.2141,0.3981
2.12,-4.2425,1.1761,-0.2271,1.3784,0.3746
2.12,-4.2425,1.1761,0.494,1.519,0.4876
2.12,-4.2425,1.1761,1.1682,0.5954,0.1264
2.12,-4.2425,1.1761,-0.2697,-0.3408,-0.1675
2.12,-4.2425,1.1761,-1.5993,1.5797,-0.2218
2.12,-4.2425,1.1761,0.5643,-0.5826,0.1712
2.12,-4.2425,1.1761,1.3014,-2.0026,0.6154
2.12,-4.2425,1.1761,1.1682,-1.8588,0.0551
2.12,-4.2425,1.1761,1.8937,-2.6269,-0.0087
2.12,-4.2425,1.1761,1.3579,-1.1121,0.5589
2.12,-4.2425,1.1761,1.3025,-0.3057,0.2617
2.12,-4.2425,1.1761,1.4953,-0.7467,-0.0599
2.12,-4.2425,1.1761,1.5954,-1.683,-0.0109
2.12,-4.2425,1.1761,1.5453,-2.0899,0.185
2.12,-4.2425,1.1761,1.3653,-1.8439,0.25
2.12,-4.2425,1.1761,1.246,-1.4359,0.1254
2.12,-4.2425,1.1761,1.2524,-1.2452,-0.0609
2.12,-4.2425,1.1761,1.2929,-0.9491,-0.1653
2.12,-4.2425,1.1761,1.3366,-0.6753,-0.1366
2.12,-4.2425,1.1761,1.3078,-0.4292,-0.1323
2.12,-4.2425,1.1761,1.3078,-0.3728,-0.1824
2.12,-4.2425,1.1761,1.4005,-0.4186,-0.2537
2.12,-4.2425,1.1761,1.3344,-0.2481,-0.3858
2.12,-4.2425,1.1761,1.0713,-0.1917,-0.5094
2.12,-4.2425,1.1761,0.6314,-0.3738,-0.4966
2.12,-4.2425,1.1761,0.3278,-0.4484,-0.3219
2.12,-4.2425,1.1761,0.1041,-0.4708,-0.2047
2.12,-4.2425,1.1761,-0.0577,-0.7222,-0.0727
2.12,-4.2425,1.1761,-0.4252,-0.8926,-0.2303
2.12,-4.2425,1.1761,-0.9025,-0.5752,-0.2708
2.12,-4.2425,1.1761,-1.71,-0.1853,-0.2484
2.12,-4.2425,1.1761,-2.5516,0.7499,-0.045
2.12,-4.2425,1.1761,-3.1044,0.9246,0.0753
2.12,-4.2425,1.1761,-3.2727,1.0364,-0.2378
2.12,-4.2425,1.1761,-3.113,0.6412,-0.4093
2.12,-4.2425,1.1761,-2.9255,0.4111,-0.5094
2.12,-4.2425,1.1761,-2.6102,1.2484,-0.2197
2.12,-4.2425,1.1761,-2.3524,2.2764,-0.045
2.12,-4.2425,1.1761,-2.6198,2.383,-0.3102
2.12,-4.2425,1.1761,-2.7284,1.7725,-0.4583
2.12,-4.2425,1.1761,-2.3204,1.3198,-0.3912
2.12,-4.2425,1.1761,-1.873,0.9416,-0.3773
2.12,-4.2425,1.1761,-1.5661,0.6924,-0.3294
2.12,-4.2425,1.1761,-1.2966,0.6135,-0.1994
2.12,-4.2425,1.1761,-0.9888,0.7073,0.0157
2.12,-4.2425,1.1761,-0.5477,0.8031,0.2649
2.12,-4.2425,1.1761,-0.0311,0.6892,0.4471
2.12,-4.2425,1.1761,0.527,0.4026,0.5951
2.12,-4.2425,1.1761,0.9435,0.0266,0.6516
2.12,-4.2425,1.1761,1.1565,-0.4505,0.6591
2.12,-4.2425,1.1761,1.3078,-0.8425,0.723
2.12,-4.2425,1.1761,1.3387,-0.8585,0.822
2.12,-4.2425,1.1761,1.1512,-0.3451,0.8274
2.12,-4.2425,1.1761,0.805,0.4399,0.6207
2.12,-4.2425,1.1761,0.1744,0.8628,0.2948
2.12,-4.2425,1.1761,-0.3688,0.4942,0.2223
2.12,-4.2425,1.1761,-0.373,0.6455,0.2138
2.12,-4.2425,1.1761,-0.127,1.078,0.3704
2.12,-4.2425,1.1761,0.5504,1.0034,0.4077
2.12,-4.2425,1.1761,0.1627,-0.4953,0.0114
2.12,-4.2425,1.1761,-1.2689,0.098,-0.5009
2.12,-4.2425,1.1761,-0.0663,0.2716,0.0679
2.12,-4.2425,1.1761,1.3973,-2.058,0.7358
2.12,-4.2425,1.1761,0.8817,-1.3017,0.3267
2.12,-4.2425,1.1761,1.8734,-2.8283,0.3224
2.12,-4.2425,1.1761,1.6806,-1.8918,0.723
2.12,-4.2425,1.1761,1.2268,-0.6199,0.6655
2.12,-4.2425,1.1761,1.295,-1.0758,0.0412
2.12,-4.2425,1.1761,1.4069,-1.7789,-0.1504
2.12,-4.2425,1.1761,1.5421,-2.1815,-0.0183
2.12,-4.2425,1.1761,1.4282,-2.353,0.2191
2.12,-4.2425,1.1761,1.2109,-2.0186,0.2841
2.12,-4.2425,1.1761,1.2151,-1.6191,0.1488
2.12,-4.2425,1.1761,1.2567,-1.5808,-0.0364
2.12,-4.2425,1.1761,1.2684,-1.3315,-0.1813
2.12,-4.2425,1.1761,1.278,-0.7925,-0.2676
2.12,-4.2425,1.1761,1.3706,-0.6071,-0.2186
2.12,-4.2425,1.1761,1.4921,-0.5155,-0.2175
2.12,-4.2425,1.1761,1.5347,-0.4569,-0.2921
2.12,-4.2425,1.1761,1.4857,-0.3493,-0.4284
2.12,-4.2425,1.1761,1.3717,-0.2929,-0.5382
2.12,-4.2425,1.1761,1.0947,-0.3579,-0.5808
2.12,-4.2425,1.1761,0.7102,-0.3525,-0.4242
2.12,-4.2425,1.1761,0.4279,-0.3685,-0.2015
2.12,-4.2425,1.1761,0.0977,-0.4101,-0.2154
2.12,-4.2425,1.1761,-0.0716,-0.7137,-0.2069
2.12,-4.2425,1.1761,-0.2058,-0.932,-0.2516
2.12,-4.2425,1.1761,-0.4806,-0.6657,-0.5211
2.12,-4.2425,1.1761,-1.0069,-0.1416,-0.5648
2.12,-4.2425,1.1761,-1.6525,-0.0468,-0.5733
2.12,-4.2425,1.1761,-2.3609,0.6465,-0.4061
2.12,-4.2425,1.1761,-3.0746,1.1152,-0.0567
2.12,-4.2425,1.1761,-3.1822,0.8372,-0.0077
2.12,-4.2425,1.1761,-2.8296,0.1533,-0.143
2.12,-4.2425,1.1761,-2.4163,0.2236,-0.2356
2.12,-4.2425,1.1761,-2.1553,1.6841,0.0647
2.12,-4.2425,1.1761,-2.2608,2.7292,0.2766
2.12,-4.2425,1.1761,-2.5697,2.2167,0.0604
2.12,-4.2425,1.1761,-2.4834,1.5626,-0.0077
2.12,-4.2425,1.1761,-1.9955,1.5179,0.1083
2.12,-4.2425,1.1761,-1.5459,1.4412,0.2319
2.12,-4.2425,1.1761,-1.2774,1.3507,0.3246
2.12,-4.2425,1.1761,-1.0761,1.471,0.4268
2.12,-4.2425,1.1761,-0.8045,1.634,0.5866
2.12,-4.2425,1.1761,-0.4252,1.5914,0.7432
2.12,-4.2425,1.1761,-0.0205,1.1866,0.8732
2.12,-4.2425,1.1761,0.3661,0.7211,0.9563
2.12,-4.2425,1.1761,0.6985,0.2599,0.9115
2.12,-4.2425,1.1761,0.9477,-0.3621,0.8071
2.12,-4.2425,1.1761,1.181,-0.8031,0.6814
2.12,-4.2425,1.1761,1.2652,-0.8894,0.4918
2.12,-4.2425,1.1761,1.1246,-0.4122,0.5078
2.12,-4.2425,1.1761,0.7283,0.6977,0.5302
2.12,-4.2425,1.1761,-0.079,1.3666,0.2596
2.12,-4.2425,1.1761,-0.8481,0.2663,0.25
2.12,-4.2425,1.1761,-0.8407,0.5336,0.1968
2.12,-4.2425,1.1761,-0.2058,1.0918,0.3246
2.12,-4.2425,1.1761,0.5813,0.9097,0.3075
2.12,-4.2425,1.1761,0.8327,0.0639,-0.0897
2.12,-4.2425,1.1761,-1.0612,0.1107,-0.29
2.12,-4.2425,1.1761,-0.5818,1.5296,0.1978
2.12,-4.2425,1.1761,1.1544,-1.5616,0.4929
2.12,-4.2425,1.1761,1.229,-1.3528,0.4077
2.12,-4.2425,1.1761,1.7829,-2.97,0.0444
2.12,-4.2425,1.1761,1.6934,-2.9561,0.1243
2.12,-4.2425,1.1761,1.2822,-1.3762,0.5951
2.12,-4.2425,1.1761,1.36,-0.98,0.2362
2.12,-4.2425,1.1761,1.4921,-1.7427,-0.0929
2.12,-4.2425,1.1761,1.5187,-2.2007,-0.0886
2.12,-4.2425,1.1761,1.4143,-2.0825,0.07
2.12,-4.2425,1.1761,1.2705,-1.5829,0.1488
2.12,-4.2425,1.1761,1.2311,-1.2409,0.0029
2.12,-4.2425,1.1761,1.2748,-0.9182,-0.1707
2.12,-4.2425,1.1761,1.3302,-0.5986,-0.2346
2.12,-4.2425,1.1761,1.3568,-0.4537,-0.226
2.12,-4.2425,1.1761,1.393,-0.3472,-0.1952
2.12,-4.2425,1.1761,1.4367,-0.3557,-0.2463
2.12,-4.2425,1.1761,1.4484,-0.2322,-0.3773
2.12,-4.2425,1.1761,1.3089,-0.0926,-0.4966
2.12,-4.2425,1.1761,0.9935,-0.2471,-0.5446
2.12,-4.2425,1.1761,0.593,-0.393,-0.3933
2.12,-4.2425,1.1761,0.3001,-0.3621,-0.2335
2.12,-4.2425,1.1761,0.0007,-0.4718,-0.2239
2.12,-4.2425,1.1761,-0.1238,-0.8383,-0.1174
2.12,-4.2425,1.1761,-0.3475,-0.9448,-0.2271
2.12,-4.2425,1.1761,-0.7576,-0.6338,-0.4242
2.12,-4.2425,1.1761,-1.3669,-0.3536,-0.3624
2.12,-4.2425,1.1761,-2.1393,-0.0394,-0.4924
2.12,-4.2425,1.1761,-2.9308,0.7733,-0.2047
2.12,-4.2425,1.1761,-3.293,1.1419,-0.1483
2.12,-4.2425,1.1761,-3.0341,0.6029,-0.241
2.12,-4.2425,1.1761,-2.5867,-0.0415,-0.5073
2.12,-4.2425,1.1761,-2.3044,0.8543,-0.2442
2.12,-4.2425,1.1761,-2.1692,2.14,0.2308
2.12,-4.2425,1.1761,-2.5036,2.1933,0.2191
2.12,-4.2425,1.1761,-2.5441,1.6905,0.0774
2.12,-4.2425,1.1761,-2.1937,1.5584,0.2244
2.12,-4.2425,1.1761,-1.8112,1.5126,0.2734
2.12,-4.2425,1.1761,-1.5043,1.3123,0.2809
2.12,-4.2425,1.1761,-1.2252,1.3816,0.3629
2.12,-4.2425,1.1761,-0.9184,1.5776,0.4833
2.12,-4.2425,1.1761,-0.5595,1.584,0.6122
2.12,-4.2425,1.1761,-0.1185,1.258,0.7059
2.12,-4.2425,1.1761,0.3171,0.7595,0.7326
2.12,-4.2425,1.1761,0.7208,0.164,0.7208
2.12,-4.2425,1.1761,1.131,-0.5698,0.7326
2.12,-4.2425,1.1761,1.4974,-1.1366,0.6857
2.12,-4.2425,1.1761,1.6519,-1.3826,0.5653
2.12,-4.2425,1.1761,1.5102,-0.9682,0.577
2.12,-4.2425,1.1761,1.0575,0.3749,0.625
2.12,-4.2425,1.1761,0.1414,1.1547,0.3235
2.12,-4.2425,1.1761,-0.8055,0.0703,0.1605
2.12,-4.2425,1.1761,-0.6692,0.7637,0.2085
2.12,-4.2425,1.1761,0.0977,1.4614,0.2926
2.12,-4.2425,1.1761,0.5866,0.6082,-0.1717
2.12,-4.2425,1.1761,-0.3965,0.2567,-0.4018
2.12,-4.2425,1.1761,-1.6983,1.1291,0.2596
2.12,-4.2425,1.1761,1.1895,-1.7128,0.625
2.12,-4.2425,1.1761,1.1832,-2.0399,0.609
2.12,-4.2425,1.1761,1.3642,-3.0807,-0.2527
2.12,-4.2425,1.1761,1.948,-3.7241,-0.4987
2.12,-4.2425,1.1761,1.148,-1.7938,0.1073
2.12,-4.2425,1.1761,1.197,-1.1472,0.0007
2.12,-4.2425,1.1761,1.4431,-1.5712,-0.1131
2.12,-4.2425,1.1761,1.4622,-2.1027,-0.1046
2.12,-4.2425,1.1761,1.4271,-2.1251,0.0274
2.12,-4.2425,1.1761,1.2204,-1.8343,-0.079
2.12,-4.2425,1.1761,1.0415,-1.4029,-0.2644
2.12,-4.2425,1.1761,1.1395,-1.0822,-0.3688
2.12,-4.2425,1.1761,1.3493,-0.6625,-0.3315
2.12,-4.2425,1.1761,1.3973,-0.2918,-0.2889
2.12,-4.2425,1.1761,1.3877,-0.1288,-0.3155
2.12,-4.2425,1.1761,1.3909,-0.0798,-0.3933
2.12,-4.2425,1.1761,1.4111,-0.0671,-0.5041
2.12,-4.2425,1.1761,1.3909,-0.2758,-0.5936
2.12,-4.2425,1.1761,1.0575,-0.4335,-0.6724
2.12,-4.2425,1.1761,0.6708,-0.5262,-0.5691
2.12,-4.2425,1.1761,0.4545,-0.5145,-0.4242
2.12,-4.2425,1.1761,0.1222,-0.2886,-0.47
2.12,-4.2425,1.1761,-0.2207,-0.2364,-0.4561
2.12,-4.2425,1.1761,-0.6234,0.1001,-0.2687
2.12,-4.2425,1.1761,-1.2529,0.5496,0.1179
2.12,-4.2425,1.1761,-1.8645,0.5347,0.2937
2.12,-4.2425,1.1761,-2.4642,0.2194,-0.1046
2.12,-4.2425,1.1761,-3.0863,-0.2705,-0.6053
2.12,-4.2425,1.1761,-3.1087,-0.4729,-0.4785
2.12,-4.2425,1.1761,-2.8839,-0.8862,-0.0407
2.12,-4.2425,1.1761,-2.346,-0.6849,0.1467
2.12,-4.2425,1.1761,-1.7282,1.1163,0.2916
2.12,-4.2425,1.1761,-2.2459,3.3566,0.2362
2.12,-4.2425,1.1761,-2.9265,3.0232,-0.1099
2.12,-4.2425,1.1761,-2.6208,1.9557,-0.0833
2.12,-4.2425,1.1761,-1.9114,1.5243,0.0838
2.12,-4.2425,1.1761,-1.611,1.2186,0.2564
2.12,-4.2425,1.1761,-1.4947,0.866,0.4119
-1.4086,-14.9119,-1.2384,-1.4159,0.8117,0.5344
-0.7855,-15.4605,0.0766,-1.4159,0.8117,0.5344
3.078,-11.982,-1.7295,-1.4159,0.8117,0.5344
3.6795,-8.9231,2.2613,-1.4159,0.8117,0.5344
2.1535,-11.9318,2.3403,-1.4159,0.8117,0.5344
3.4733,-15.7311,3.0732,-1.4159,0.8117,0.5344
2.9104,-15.2184,3.7322,-1.4159,0.8117,0.5344
2.2685,-12.4253,1.0324,-1.4159,0.8117,0.5344
1.0971,-10.6646,-0.5725,-1.4159,0.8117,0.5344
0.0311,-9.3448,-0.6132,-1.4159,0.8117,0.5344
-0.4528,-9.7614,1.3174,-1.4159,0.8117,0.5344
0.3259,-9.3951,1.2743,-1.4159,0.8117,0.5344
1.0109,-8.2094,0.8239,-1.4159,0.8117,0.5344
1.7007,-6.918,1.0995,-1.4159,0.8117,0.5344
1.9258,-5.5335,1.3245,-1.4159,0.8117,0.5344
1.8157,-4.1201,1.4134,-1.4159,0.8117,0.5344
1.4134,-3.605,1.0061,-1.4159,0.8117,0.5344
1.2719,-3.526,0.4839,-1.4159,0.8117,0.5344
1.0875,-4.1129,-0.1963,-1.4159,0.8117,0.5344
1.2168,-5.3564,-1.4012,-1.4159,0.8117,0.5344
2.4432,-7.0835,-3.6146,-1.4159,0.8117,0.5344
3.4805,-9.3735,-6.9108,-1.4159,0.8117,0.5344
3.3393,-12.1691,-8.4129,-1.4159,0.8117,0.5344
3.9237,-14.6219,-10.6119,-1.4159,0.8117,0.5344
2.4959,-13.9465,-9.8189,-1.4159,0.8117,0.5344
2.6111,-8.2908,-5.6916,-1.4159,0.8117,0.5344
2.7907,-5.2962,-2.8218,-1.4159,0.8117,0.5344
8.9351,-11.848,0.8119,-1.4159,0.8117,0.5344
7.1577,-24.0602,0.1699,-1.4159,0.8117,0.5344
-4.0722,-20.8047,-4.4268,-1.4159,0.8117,0.5344
-3.8184,-3.3129,6.4556,-1.4159,0.8117,0.5344
0.213,1.0971,4.2928,-1.4159,0.8117,0.5344
0.0407,-5.4521,-1.5164,-1.4159,0.8117,0.5344
-2.4576,-14.6243,2.5632,-1.4159,0.8117,0.5344
-4.4939,-16.754,2.5055,-1.4159,0.8117,0.5344
-0.2947,-9.9389,0.2418,-1.4159,0.8117,0.5344
2.2206,-6.6163,-0.7329,-1.4159,0.8117,0.5344
2.1344,-7.0596,-1.0181,-1.4159,0.8117,0.5344
0.4432,-9.8189,-0.055,-1.4159,0.8117,0.5344
-0.5246,-10.3004,0.4216,-1.4159,0.8117,0.5344
-1.1761,-9.0309,1.2,-1.4159,0.8117,0.5344
-1.4493,-7.9218,1.1306,-1.4159,0.8117,0.5344
-0.9822,-7.814,0.2561,-1.4159,0.8117,0.5344
-0.6563,-8.8896,0.2923,-1.4159,0.8117,0.5344
-0.5006,-9.2488,-0.3594,-1.4159,0.8117,0.5344
0.0095,-9.0237,-1.1641,-1.4159,0.8117,0.5344
0.5557,-8.7101,-1.1019,-1.4159,0.8117,0.5344
0.6826,-8.6164,0.2899,-1.4159,0.8117,0.5344
0.5126,-9.5938,0.1292,-1.4159,0.8117,0.5344
-1.2743,-10.6742,-1.3628,-1.4159,0.8117,0.5344
-2.393,-11.5053,-1.1474,-1.4159,0.8117,0.5344
-1.2336,-11.9413,-0.237,-1.4159,0.8117,0.5344
-0.9343,-11.9485,-0.6994,-1.4159,0.8117,0.5344
-0.0263,-11.903,-1.2479,-1.4159,0.8117,0.5344
2.4217,-11.1055,-2.6853,-1.4159,0.8117,0.5344
2.2086,-9.9245,-2.8793,-1.4159,0.8117,0.5344
-1.9186,-11.5053,-2.7715,-1.4159,0.8117,0.5344
-3.7921,-11.9868,-2.132,-1.4159,0.8117,0.5344
-4.1057,-13.072,0.6419,-1.4159,0.8117,0.5344
0.1077,-14.3538,-0.1556,-1.4159,0.8117,0.5344
2.5127,-12.9595,0.9343,-1.4159,0.8117,0.5344
3.3608,-14.361,1.921,-1.4159,0.8117,0.5344
1.581,-15.9848,2.0769,-1.4159,0.8117,0.5344
0.5054,-14.2027,2.1823,-1.4159,0.8117,0.5344
1.2862,-12.1164,-0.4791,-1.4159,0.8117,0.5344
1.6696,-11.4263,-0.9678,-1.4159,0.8117,0.5344
-0.3857,-10.2453,0.3929,-1.4159,0.8117,0.5344
-0.4312,-8.4584,0.8912,-1.4159,0.8117,0.5344
0.2923,-6.8438,0.3714,-1.4159,0.8117,0.5344
0.9822,-6.6331,0.9678,-1.4159,0.8117,0.5344
1.6505,-6.8127,1.3269,-1.4159,0.8117,0.5344
2.0482,-6.3359,1.5379,-1.4159,0.8117,0.5344
2.1942,-5.7466,1.4086,-1.4159,0.8117,0.5344
2.2948,-4.9515,1.0396,-1.4159,0.8117,0.5344
2.0889,-4.3287,0.1819,-1.4159,0.8117,0.5344
1.9593,-4.6519,-1.3892,-1.4159,0.8117,0.5344
2.1057,-5.5623,-2.3068,-1.4159,0.8117,0.5344
3.0756,-6.9539,-3.2986,-1.4159,0.8117,0.5344
3.7418,-8.916,-4.276,-1.4159,0.8117,0.5344
3.6146,-10.9977,-6.0223,-1.4159,0.8117,0.5344
3.1358,-13.8148,-9.7806,-1.4159,0.8117,0.5344
0.987,-15.386,-12.193,-1.4159,0.8117,0.5344
0.9487,-10.8801,-8.734,-1.4159,0.8117,0.5344
1.4996,-5.8927,-4.3191,-1.4159,0.8117,0.5344
2.4983,-5.7083,-0.5796,-1.4159,0.8117,0.5344
2.4624,-11.3042,2.0554,-1.4159,0.8117,0.5344
0.6108,-16.2772,-2.8529,-1.4159,0.8117,0.5344
5.9696,-19.9855,-3.6915,-1.4159,0.8117,0.5344
3.289,-9.4741,1.6912,-1.4159,0.8117,0.5344
-4.7524,-1.8109,5.9385,-1.4159,0.8117,0.5344
-0.0047,-5.1526,1.0803,-1.4159,0.8117,0.5344
-2.9176,-12.3367,0.1747,-1.4159,0.8117,0.5344
-5.445,-15.4267,1.4422,-1.4159,0.8117,0.5344
0.4073,-10.1927,0.8888,-1.4159,0.8117,0.5344
3.4302,-6.5637,0.1987,-1.4159,0.8117,0.5344
2.1847,-7.2655,-0.9774,-1.4159,0.8117,0.5344
-0.3139,-9.5938,-0.1532,-1.4159,0.8117,0.5344
-1.7342,-10.2453,0.5701,-1.4159,0.8117,0.5344
-2.0769,-9.7207,1.5858,-1.4159,0.8117,0.5344
-1.8635,-9.165,1.0684,-1.4159,0.8117,0.5344
-1.3796,-8.5661,-0.4073,-1.4159,0.8117,0.5344
-0.8912,-8.7627,-0.8744,-1.4159,0.8117,0.5344
-1.1282,-9.0836,-0.6754,-1.4159,0.8117,0.5344
-0.6658,-9.1171,-0.5485,-1.4159,0.8117,0.5344
-0.0814,-9.22,-0.1173,-1.4159,0.8117,0.5344
0.5749,-9.1171,-0.4408,-1.4159,0.8117,0.5344
0.6347,-9.1506,-0.0478,-1.4159,0.8117,0.5344
-0.2947,-9.3376,-0.6275,-1.4159,0.8117,0.5344
-2.3116,-9.9772,-1.4012,-1.4159,0.8117,0.5344
-2.144,-11.7067,-0.1436,-1.4159,0.8117,0.5344
-0.079,-11.364,-0.2394,-1.4159,0.8117,0.5344
-0.0526,-11.0671,-0.4144,-1.4159,0.8117,0.5344
0.6347,-11.0145,-1.2767,-1.4159,0.8117,0.5344
2.1511,-10.5976,-2.6925,-1.4159,0.8117,0.5344
-0.5461,-10.7891,-2.5656,-1.4159,0.8117,0.5344
-3.7155,-12.9547,-2.9918,-1.4159,0.8117,0.5344
-3.119,-12.521,-1.7821,-1.4159,0.8117,0.5344
-0.1891,-13.992,-0.594,-1.4159,0.8117,0.5344
1.4709,-13.2447,0.1675,-1.4159,0.8117,0.5344
1.382,-12.4995,0.7401,-1.4159,0.8117,0.5344
1.4996,-14.416,1.581,-1.4159,0.8117,0.5344
0.4551,-15.3381,1.4493,-1.4159,0.8117,0.5344
-0.4073,-13.5823,0.1101,-1.4159,0.8117,0.5344
2.0123,-11.7139,-1.0372,-1.4159,0.8117,0.5344
1.6912,-10.9232,0.6203,-1.4159,0.8117,0.5344
-0.2777,-9.3879,0.0933,-1.4159,0.8117,0.5344
0.1843,-7.7614,-0.4647,-1.4159,0.8117,0.5344
0.237,-7.3995,-0.0263,-1.4159,0.8117,0.5344
1.1976,-7.5001,0.436,-1.4159,0.8117,0.5344
1.7797,-7.1505,0.7999,-1.4159,0.8117,0.5344
2.1727,-6.1204,1.1881,-1.4159,0.8117,0.5344
2.6423,-5.1023,1.2216,-1.4159,0.8117,0.5344
2.568,-4.3622,0.9295,-1.4159,0.8117,0.5344
2.2397,-4.1799,-0.1508,-1.4159,0.8117,0.5344
2.0841,-5.1143,-1.6098,-1.4159,0.8117,0.5344
2.1631,-6.3168,-2.7835,-1.4159,0.8117,0.5344
2.4935,-7.3062,-4.1009,-1.4159,0.8117,0.5344
3.0134,-8.6092,-5.6557,-1.4159,0.8117,0.5344
2.5222,-10.5689,-7.1529,-1.4159,0.8117,0.5344
1.2024,-12.8685,-9.7614,-1.4159,0.8117,0.5344
1.042,-12.2122,-9.7973,-1.4159,0.8117,0.5344
2.3044,-8.6307,-5.3755,-1.4159,0.8117,0.5344
2.908,-6.5589,-3.7107,-1.4159,0.8117,0.5344
4.1153,-8.3387,-2.5222,-1.4159,0.8117,0.5344
3.3345,-11.364,-0.8912,-1.4159,0.8117,0.5344
4.6375,-18.3734,-5.1813,-1.4159,0.8117,0.5344
6.3886,-23.7558,-1.1354,-1.4159,0.8117,0.5344
-2.8793,-6.9659,3.5093,-1.4159,0.8117,0.5344
-4.8916,0.4001,9.285,-1.4159,0.8117,0.5344
3.0927,-3.7514,-2.58,-1.4159,0.8117,0.5344
-3.7777,-12.8469,1.1641,-1.4159,0.8117,0.5344
-6.1659,-17.3121,2.6518,-1.4159,0.8117,0.5344
1.1043,-9.8455,1.1641,-1.4159,0.8117,0.5344
3.9573,-5.4234,-0.1532,-1.4159,0.8117,0.5344
1.7486,-6.8031,-0.7018,-1.4159,0.8117,0.5344
-0.6012,-10.2358,-0.7855,-1.4159,0.8117,0.5344
-1.8037,-11.1294,0.606,-1.4159,0.8117,0.5344
-1.6816,-10.1472,1.0372,-1.4159,0.8117,0.5344
-0.9941,-8.3267,0.1939,-1.4159,0.8117,0.5344
-0.9846,-8.1806,-0.1532,-1.4159,0.8117,0.5344
-1.0324,-8.801,-0.515,-1.4159,0.8117,0.5344
-0.963,-9.1578,-1.133,-1.4159,0.8117,0.5344
-0.6323,-9.2488,-1.4134,-1.4159,0.8117,0.5344
-0.3809,-9.4406,-1.6121,-1.4159,0.8117,0.5344
-0.1532,-9.5818,-1.3724,-1.4159,0.8117,0.5344
-0.079,-9.8093,-2.2086,-1.4159,0.8117,0.5344
-0.6275,-10.5329,-2.8577,-1.4159,0.8117,0.5344
-0.9295,-11.479,-2.2517,-1.4159,0.8117,0.5344
-0.9439,-11.364,-1.7582,-1.4159,0.8117,0.5344
-2.841,-12.0299,-1.3341,-1.4159,0.8117,0.5344
-4.3502,-14.5357,-0.3235,-1.4159,0.8117,0.5344
-6.0247,-19.1206,0.9343,-1.4159,0.8117,0.5344
-0.4695,-16.651,1.1953,-1.4159,0.8117,0.5344
7.7494,-8.5733,-0.8601,-1.4159,0.8117,0.5344
6.2856,-7.6321,-0.1268,-1.4159,0.8117,0.5344
4.3119,-10.5545,-1.6768,-1.4159,0.8117,0.5344
2.8458,-14.4974,2.4935,-1.4159,0.8117,0.5344
0.9056,-14.2027,5.0736,-1.4159,0.8117,0.5344
0.2513,-11.8432,2.9152,-1.4159,0.8117,0.5344
-1.684,-10.5641,-0.2059,-1.4159,0.8117,0.5344
-1.6002,-9.589,-1.4948,-1.4159,0.8117,0.5344
0.6227,-7.8092,-1.4876,-1.4159,0.8117,0.5344
2.8912,-7.1481,0.0478,-1.4159,0.8117,0.5344
3.8447,-7.7446,0.4192,-1.4159,0.8117,0.5344
3.5308,-7.7398,1.3054,-1.4159,0.8117,0.5344
3.1118,-6.3622,1.212,-1.4159,0.8117,0.5344
2.683,-4.8509,0.1915,-1.4159,0.8117,0.5344
2.5585,-5.0353,-0.8457,-1.4159,0.8117,0.5344
2.6614,-5.6341,-2.1799,-1.4159,0.8117,0.5344
3.1717,-6.6977,-2.9631,-1.4159,0.8117,0.5344
3.4374,-7.0524,-3.4255,-1.4159,0.8117,0.5344
3.5069,-6.6115,-4.4603,-1.4159,0.8117,0.5344
3.2866,-6.59,-5.8209,-1.4159,0.8117,0.5344
2.3953,-7.6752,-5.2268,-1.4159,0.8117,0.5344
1.303,-10.5976,-6.2641,-1.4159,0.8117,0.5344
1.054,-13.7283,-8.0295,-1.4159,0.8117,0.5344
1.8133,-11.6564,-7.8164,-1.4159,0.8117,0.5344
3.2507,-8.9447,-5.8065,-1.4159,0.8117,0.5344
2.8673,-9.5747,-3.8926,-1.4159,0.8117,0.5344
-1.1617,-10.957,-3.9285,-1.4159,0.8117,0.5344
-5.8017,-14.6722,-6.9539,-1.4159,0.8117,0.5344
