bicicleta
0.3327,-8.0352,-1.5801,-0.6712,-0.3291,0.6688
0.1484,-8.1741,-1.1707,-0.6999,-0.2002,0.6126
0.2035,-8.2579,-1.2497,-0.703,-0.0975,0.5363
0.0478,-8.4949,-1.3646,-0.6547,-0.111,0.3897
-0.1771,-8.9091,-1.1827,-0.6101,-0.1983,0.2932
-0.3758,-9.4214,-0.6967,-0.5613,-0.2478,0.2156
-0.5363,-9.5531,-0.5051,-0.5106,-0.2295,0.138
-0.7278,-9.7039,-0.1268,-0.4586,-0.2142,0.0665
-1.0366,-9.601,-0.0167,-0.3475,-0.224,0.0091
-0.6679,-9.1461,-1.0869,-0.2418,-0.1977,-0.0183
-0.4189,-9.0551,-1.4413,-0.1343,-0.1934,0.0183
0.462,-8.7558,-2.1475,-0.0384,-0.2124,0.0629
0.7661,-8.6481,-2.0949,-0.02,-0.144,0.058
0.4381,-8.5068,-2.2697,-0.0286,-0.0077,0.0116
0.3016,-8.5332,-2.2649,-0.0304,0.0264,-0.1062
-0.1843,-8.7918,-1.9967,-0.0371,-0.0297,-0.1918
-0.5291,-9.0623,-1.7381,-0.0512,-0.0267,-0.2785
-0.632,-9.3735,-1.64,-0.0481,-0.0126,-0.3671
-0.6272,-9.364,-1.6711,-0.0274,0.0264,-0.4288
-0.5698,-9.2945,-1.9057,0,0.0386,-0.4752
-0.3471,-8.9737,-2.2266,0.0141,-0.0016,-0.4868
-0.3471,-8.9737,-2.2266,-0.0249,0.0826,-0.4654
0.1029,-8.3823,-2.4803,-0.0249,0.0826,-0.4654
0.3016,-8.198,-2.3247,-0.0683,0.1345,-0.4801
0.3711,-8.1669,-1.6424,-0.1275,0.1974,-0.5161
0.3711,-8.1669,-1.6424,-0.199,0.3831,-0.7098
0.3567,-8.4829,-0.9217,-0.199,0.3831,-0.7098
0.4812,-8.7056,-0.7493,-0.1837,0.3623,-0.7715
0.4812,-8.7056,-0.7493,-0.0512,0.4106,-0.8393
1.221,-9.6632,-0.2394,-0.0512,0.4106,-0.8393
1.2808,-9.7734,-0.292,0.1027,0.4552,-0.8674
1.118,-10.0559,-0.7996,0.405,0.4613,-0.9486
0.7685,-10.245,-1.7334,0.573,0.4118,-1.0341
0.7158,-10.2139,-2.059,0.6689,0.3507,-1.0836
0.7158,-10.2139,-2.059,0.6512,0.2591,-1.0958
0.8092,-10.3336,-1.3215,0.6512,0.2591,-1.0958
0.7661,-10.5084,-1.0055,0.6836,0.1443,-1.1178
0.3878,-11.3033,-1.4867,0.7337,0.0374,-1.1649
0.3758,-11.344,-1.5538,0.7642,-0.0896,-1.218
0.2011,-11.5666,-1.5083,0.7447,-0.1696,-1.2486
0.055,-11.4589,-1.0726,0.7019,-0.1751,-1.2418
0.2059,-11.2602,-1.2378,0.6872,-0.1525,-1.1881
0.1939,-11.0591,-1.7669,0.741,-0.1446,-1.0555
0.1723,-10.7981,-2.1021,0.7441,-0.1189,-0.9676
0.2873,-10.5276,-2.0973,0.6927,-0.078,-0.8778
0.6177,-10.1421,-2.0087,0.6121,-0.0536,-0.7904
0.6919,-9.8811,-2.1188,0.5351,-0.081,-0.7324
0.6416,-9.589,-2.2098,0.4655,-0.1458,-0.7183
0.6895,-9.2826,-1.956,0.3513,-0.2551,-0.7501
0.7637,-9.0527,-1.6184,0.27,-0.3174,-0.7641
0.7326,-9.0408,-1.5562,0.2016,-0.3834,-0.7898
0.7757,-8.9977,-1.3239,0.132,-0.439,-0.8093
0.8044,-9.024,-1.1563,0.0678,-0.4512,-0.7984
1.0917,-9.3257,-0.6057,-0.0066,-0.3602,-0.7684
1.1085,-9.419,-0.4812,-0.0506,-0.2509,-0.7238
1.3982,-9.8069,-0.1939,-0.0842,-0.1287,-0.6756
1.6089,-10.2666,-0.1867,-0.0799,-0.02,-0.6371
1.731,-10.6449,-0.1173,-0.0481,0.0704,-0.6163
1.731,-10.6449,-0.1173,-0.0054,0.1528,-0.6029
1.8124,-10.6353,-0.2681,0.0623,0.2335,-0.5674
1.8531,-10.5108,-0.3926,0.1222,0.2341,-0.5448
1.9153,-10.3839,-0.4165,0.1705,0.2206,-0.529
1.9249,-10.2905,-0.4046,0.2041,0.1999,-0.5186
1.9177,-10.4869,-0.5793,0.2364,0.1773,-0.5253
1.9416,-10.664,-0.5267,0.2835,0.1669,-0.5503
1.7046,-10.4198,-0.6631,0.3256,0.1571,-0.5619
1.5705,-10.3839,-0.7134,0.3751,0.1443,-0.576
1.4556,-10.3384,-0.7134,0.3946,0.0856,-0.5534
1.6352,-10.324,-0.9145,0.3904,0.005,-0.4935
2.3942,-10.257,-1.1563,0.3873,-0.0468,-0.4013
2.5306,-10.281,-1.1707,0.3366,0.0496,-0.2583
2.8898,-10.3073,-0.9624,0.2755,0.1901,-0.185
3.0909,-10.3025,-0.8427,0.2157,0.3092,-0.1594
2.7653,-9.8739,-1.6112,0.1863,0.3349,-0.1661
2.6599,-9.7063,-1.7046,0.1735,0.3171,-0.2003
2.3702,-9.1269,-1.5203,0.1234,0.2976,-0.2309
2.3056,-8.775,-1.2282,0.0171,0.2328,-0.237
2.3702,-8.7894,0.1149,-0.0414,0.1889,-0.2241
2.3702,-8.7894,0.1149,-0.0781,0.1876,-0.2156
2.5234,-9.2275,0,-0.0347,0.1809,-0.2095
2.4923,-9.4885,0.4644,0.0257,0.2328,-0.2162
2.5594,-9.6369,-0.7398,0.0648,0.2756,-0.2021
2.4779,-9.4262,-0.6057,0.0819,0.2102,-0.1966
2.533,-8.945,-0.1771,0.0214,0.2567,-0.1789
2.6144,-8.7965,-0.3447,-0.0109,0.2432,-0.1362
2.7413,-8.7798,-0.2873,-0.0072,0.1931,-0.124
2.7126,-8.854,-0.2442,-0.0054,0.1803,-0.135
2.5187,-9.3113,-0.4955,0.0232,0.1699,-0.1631
1.9297,-9.7806,-0.8116,0.0562,0.1259,-0.1899
1.0079,-10.2259,-0.6751,0.0562,0.0423,-0.2107
0.8858,-10.1948,-0.7062,0.0342,-0.067,-0.1863
0.5339,-9.9218,-0.541,0.0153,-0.2008,-0.1521
0.7326,-9.6968,-0.2011,-0.0225,-0.3107,-0.0158
1.5538,-9.6824,-0.5267,0.0025,-0.3156,0.0946
1.7453,-9.7063,-0.4812,0.0318,-0.2661,0.1759
2.5761,-10.0248,-0.486,0.0361,-0.1898,0.2657
3.122,-10.4054,-0.6631,0.0538,-0.1672,0.3207
3.6774,-10.8867,-0.1675,0.0538,-0.1806,0.3231
3.632,-10.8843,-0.1651,0.0171,-0.2148,0.2852
3.1387,-10.664,0.213,0.0067,-0.3254,0.1966
2.5833,-10.257,0.3878,0.0086,-0.4793,0.1252
1.6663,-9.4262,0.2585,0.0519,-0.6388,0.0842
1.3239,-8.9737,0.3136,0.1063,-0.7286,0.0702
1.0295,-8.5763,-0.146,0.1491,-0.742,0.1111
0.9145,-8.3752,-0.4692,0.2279,-0.7328,0.207
1.0582,-8.3632,-0.9409,0.2425,-0.6803,0.2785
1.2042,-8.4757,-1.1563,0.248,-0.6327,0.3665
1.5083,-8.8803,-1.0055,0.2444,-0.5569,0.4557
1.8555,-9.6417,-0.9289,0.212,-0.4335,0.5363
2.0901,-11.0686,-0.4381,0.1784,-0.29,0.6053
2.0997,-11.2219,-0.4094,0.1625,-0.213,0.6084
2.2074,-11.7031,-0.3615,0.1515,-0.2258,0.6059
2.1835,-11.672,-0.2442,0.1375,-0.3284,0.6084
2.0757,-11.0447,0.0766,0.1069,-0.4714,0.6078
2.0231,-10.937,0.1173,0.0782,-0.5929,0.609
1.8435,-10.4126,0.2489,0.0611,-0.6479,0.6041
1.6065,-9.8955,0.3327,0.0666,-0.6241,0.6078
1.1204,-9.3017,0.0287,0.0843,-0.5532,0.6267
1.1204,-9.3017,0.0287,0.1057,-0.4714,0.6719
1.0821,-9.0288,-0.1651,0.1179,-0.3914,0.7336
1.0654,-8.8923,-0.2489,0.1289,-0.2716,0.8533
1.2952,-8.9857,-0.4668,0.1466,-0.169,0.9108
1.2952,-8.9857,-0.4668,0.1369,-0.0499,1.0079
1.6328,-10.0727,-0.7254,0.1369,-0.0499,1.0079
1.7573,-10.8292,-0.8451,0.0941,0.0062,1.0183
1.8171,-11.7486,-1.0414,0.0367,0.0777,0.9993
1.7908,-11.8061,-1.0247,-0.0689,0.1693,0.9419
1.7142,-11.4948,-0.8331,-0.1697,0.1858,0.8979
1.7118,-10.767,-0.644,-0.2809,0.1492,0.8552
1.5514,-9.5914,-0.3088,-0.3841,0.0618,0.8307
1.5203,-9.4645,-0.2968,-0.4537,0.0111,0.8063
1.3455,-9.0623,-0.3854,-0.4812,0.0209,0.7855
1.2497,-8.842,-0.4022,-0.5106,0.1931,0.7525
1.1252,-9.3472,-0.2849,-0.5503,0.3477,0.7422
1.1228,-9.5842,-0.292,-0.5814,0.4705,0.7208
1.1204,-10.3552,-0.4333,-0.579,0.5151,0.6878
0.8547,-10.9825,-0.7805,-0.5356,0.4796,0.6371
0.2609,-11.253,-1.0151,-0.4788,0.2817,0.5174
0.2609,-11.253,-1.0151,-0.4965,0.0948,0.4459
-0.0287,-10.7526,-0.9121,-0.5515,-0.0664,0.3885
-0.395,-9.8859,-0.7015,-0.6181,-0.1415,0.364
-0.6775,-9.1533,-0.4501,-0.6816,-0.0902,0.3781
-0.6248,-9.0001,-0.2657,-0.7207,0.0545,0.4349
-0.2729,-9.2107,-0.055,-0.703,0.2567,0.587
0.3256,-9.9386,0.0454,-0.6382,0.2878,0.6743
0.7398,-10.7622,0.1675,-0.5399,0.2701,0.6982
0.79,-10.9489,0.1843,-0.4342,0.195,0.653
0.7374,-11.0686,0.2394,-0.3401,0.0636,0.5803
0.5147,-10.9513,0.1149,-0.2137,-0.1934,0.4941
-0.1987,-10.4916,-0.9313,-0.1349,-0.3132,0.4673
-0.2442,-10.4462,-1.0702,-0.0585,-0.3156,0.4654
-0.7445,-10.19,-1.6639,-0.009,-0.1751,0.4758
-1.3,-10.0224,-2.0709,0.0049,0.0129,0.4691
-1.798,-9.6082,-2.2816,-0.0292,0.1241,0.4557
-1.8459,-9.5747,-2.2792,-0.1605,0.0276,0.4923
-1.8986,-9.3568,-2.3343,-0.2693,-0.1256,0.5461
-1.446,-9.1772,-2.2002,-0.3792,-0.227,0.6322
0.134,-9.2347,-0.9959,-0.4922,-0.2344,0.736
0.1723,-9.2586,-0.9026,-0.5741,-0.1531,0.8142
0.383,-9.4142,-0.4381,-0.6083,-0.0584,0.8185
0.4668,-9.3113,-0.5075,-0.5826,-0.0584,0.7379
0.134,-9.1341,-0.7469,-0.5411,-0.1244,0.6768
-0.0215,-9.0719,-0.9768,-0.488,-0.1715,0.6236
-0.1675,-9.0815,-1.0271,-0.4232,-0.1366,0.59
-0.5075,-9.2155,-0.9409,-0.3676,-0.023,0.5534
-0.9744,-9.3161,-0.7134,-0.2796,0.0734,0.4416
-1.0582,-9.2538,-0.8571,-0.2363,-0.009,0.3591
-0.8475,-8.8109,-0.9481,-0.21,-0.1812,0.3292
-0.5434,-8.3273,-0.7015,-0.2002,-0.2784,0.3689
0.1484,-7.6665,-0.6655,-0.1868,-0.224,0.4184
0.3256,-7.6258,-0.7661,-0.152,-0.144,0.4367
0.5793,-7.4797,-1.0462,-0.0671,-0.0218,0.4159
0.462,-7.4295,-1.4077,-0.0139,0.0881,0.3426
0.1675,-7.7766,-2.5929,0.019,0.1473,0.2431
0.134,-7.8197,-2.5977,0.0196,0.1498,0.1337
-0.1364,-8.1908,-2.0877,-0.017,0.2005,0.0427
-0.3495,-8.7726,-1.233,-0.0567,0.278,-0.061
-0.1316,-9.0551,-1.1516,-0.0384,0.1974,-0.1459
-0.1077,-9.0431,-1.154,-0.0011,0.0795,-0.2498
0.0526,-8.8157,-1.0582,0.0202,0.1015,-0.3316
0.2657,-8.7056,-1.2641,0.0434,0.2115,-0.3726
-0.0407,-8.6146,-1.6519,0.0721,0.3025,-0.4196
-0.2178,-8.5859,-1.9847,0.0807,0.3892,-0.5314
-0.1197,-8.6266,-2.2601,0.0672,0.4112,-0.5711
0.067,-8.7774,-2.296,0.0495,0.421,-0.5968
0.0526,-9.1365,-2.0159,0.0312,0.4124,-0.6456
0.0263,-9.3185,-1.9033,0.0171,0.3874,-0.7195
0.0502,-9.5244,-1.4939,0.0177,0.3135,-0.8038
0.1556,-9.6321,-1.2521,0.0251,0.2842,-0.8301
0.2729,-9.6632,-1.0127,0.0477,0.2573,-0.8637
0.2873,-9.6369,-0.9792,0.0733,0.2506,-0.9126
0.3543,-9.6202,-0.8499,0.1112,0.2671,-0.9657
0.4644,-9.5747,-0.5315,0.1625,0.3129,-1.0115
0.6081,-9.4358,-0.5889,0.2786,0.3636,-1.0415
0.6081,-9.4358,-0.5889,0.4777,0.2365,-1.0506
0.644,-9.4573,-0.6703,0.4777,0.2365,-1.0506
0.6655,-9.4693,-0.4908,0.5577,0.1547,-1.0653
0.9313,-9.7662,-0.1484,0.6359,0.0942,-1.0842
0.9552,-9.8093,-0.1125,0.7257,0.0539,-1.0965
1.1372,-10.3552,-0.0095,0.8791,0.0239,-1.116
1.1372,-10.3552,-0.0095,1.0825,-0.031,-1.1979
1.1444,-11.9665,-1.0007,1.0825,-0.031,-1.1979
0.881,-12.1532,-1.3311,1.1289,-0.0383,-1.2455
0.4596,-12.2059,-2.1643,1.1436,-0.0774,-1.2846
0.055,-11.7199,-2.8227,1.0806,-0.1971,-1.2534
-0.0885,-10.5515,-2.7389,0.9597,-0.2545,-1.1588
-0.1149,-9.9745,-2.5354,0.7911,-0.2784,-1.025
0.1316,-9.1365,-2.1284,0.6182,-0.2851,-0.8979
0.3567,-8.5523,-1.7166,0.4698,-0.2845,-0.7782
0.6871,-8.2818,-1.1204,0.3378,-0.2625,-0.6957
0.7829,-8.3632,-0.9504,0.1772,-0.2008,-0.6609
1.13,-8.9594,-0.4884,0.1039,-0.1501,-0.6536
1.3766,-9.7566,-0.2011,0.055,-0.0933,-0.6524
1.8411,-11.2458,-0.1173,0.0544,-0.0291,-0.664
1.865,-11.3488,-0.1987,0.1002,0.0294,-0.675
1.9297,-11.5116,-0.6129,0.1979,0.074,-0.6853
1.8315,-11.1955,-1.1731,0.2438,0.0465,-0.6878
1.9943,-10.5036,-1.5777,0.2529,-0.0114,-0.6737
1.9871,-10.4797,-1.5658,0.2291,-0.0591,-0.6511
2.0542,-10.0894,-1.2473,0.1723,-0.0774,-0.6481
2.1739,-9.9218,-1.0319,0.0965,-0.0768,-0.6658
2.2888,-9.8237,-0.735,-0.0017,-0.1256,-0.7031
2.2481,-9.7494,-0.5219,-0.0695,-0.147,-0.7415
2.1332,-9.7423,-0.134,-0.1373,-0.1476,-0.7806
1.8962,-9.7901,0.328,-0.1837,-0.0933,-0.8142
1.4844,-9.8404,0.3806,-0.1709,0.0172,-0.835
1.2617,-9.9266,0.3327,-0.0872,0.151,-0.8387
0.8044,-9.9913,-0.5003,0.0904,0.2909,-0.8124
0.6967,-9.9841,-1.2354,0.1723,0.2652,-0.7501
1.0845,-10.0918,-1.47,0.1863,0.1937,-0.6414
1.154,-10.166,-1.5634,0.1607,0.1345,-0.5332
1.4221,-10.7406,-1.6065,0.1356,0.0856,-0.4502
1.7884,-11.2602,-1.4173,0.0587,0.0838,-0.3488
2.4636,-11.648,-0.1508,-0.0304,0.0404,-0.2712
2.5426,-11.5978,-0.0287,-0.1294,-0.0401,-0.1936
2.7102,-11.1357,0.4381,-0.188,-0.1061,-0.1276
2.7533,-10.3647,1.1324,-0.1709,-0.1409,-0.0696
2.6216,-8.8851,0.5865,-0.1123,-0.1342,-0.0219
2.5905,-8.8037,0.4932,0.0623,-0.2283,0.0128
2.3151,-8.3488,-0.5267,0.1735,-0.2466,0.0152
2.2409,-8.1453,-1.2928,0.237,-0.2008,0.0366
2.1643,-8.0807,-1.446,0.2291,-0.0981,0.0684
2.2457,-8.107,-1.2354,0.1479,-0.0181,0.0965
2.4229,-8.3752,-1.4676,0.0226,-0.0193,0.1398
2.6551,-8.6888,-1.4149,-0.0439,-0.0255,0.1569
2.8347,-9.2491,-0.4165,-0.1184,0.0184,0.1631
2.8371,-9.4669,-0.0407,-0.1673,0.0636,0.1545
2.8251,-9.7016,0.1604,-0.1538,0.0111,0.135
2.7389,-9.6776,0.0071,-0.0921,-0.1006,0.1087
2.4133,-9.4502,-0.1125,-0.0078,-0.1977,0.0659
2.3678,-9.4238,-0.0574,0.0019,-0.1934,0.0616
2.2673,-9.4813,0.0119,-0.006,-0.1452,0.083
2.3295,-9.8596,-0.0837,-0.0005,-0.0945,0.1166
2.5115,-10.8125,-0.0047,0.0055,-0.0474,0.1514
2.5139,-10.8843,0.0287,0.0025,-0.0261,0.1863
2.4971,-10.9657,0.1244,0.0116,-0.0945,0.2254
2.4803,-10.834,0.1604,0.0306,-0.1501,0.2498
1.9512,-9.8931,-0.1125,0.0739,-0.213,0.2797
1.9249,-9.8213,-0.0694,0.1179,-0.2661,0.2913
1.9153,-9.6465,-0.0861,0.1442,-0.2753,0.309
1.9033,-9.7901,-0.8307,0.2163,-0.3254,0.3634
1.7262,-9.9482,-0.2729,0.2413,-0.2924,0.3701
1.9081,-10.178,-0.1436,0.2205,-0.1947,0.3946
2.0183,-10.4078,-0.1939,0.2425,-0.2118,0.4489
1.9488,-10.1972,-0.1149,0.2682,-0.2857,0.4758
1.9369,-9.455,-0.225,0.2792,-0.3712,0.4911
1.8626,-9.0527,-0.2992,0.2975,-0.5245,0.5314
1.877,-8.6002,-0.316,0.2969,-0.6039,0.5522
1.9225,-8.5499,-0.4381,0.2926,-0.596,0.5791
1.81,-9.2419,-0.4548,0.292,-0.4946,0.5852
1.8148,-9.4885,-0.486,0.2767,-0.3278,0.5742
1.889,-10.0535,-0.5458,0.2432,-0.0768,0.5986
2.0326,-10.6066,-0.5578,0.2236,0.0441,0.6359
2.3247,-11.095,-0.2681,0.1833,0.0759,0.6609
2.3151,-11.0543,-0.2011,0.1173,-0.0132,0.6768
2.2409,-10.7718,-0.0478,0.0477,-0.18,0.6627
1.9704,-10.3408,0.079,-0.0054,-0.3633,0.6346
1.9704,-10.3408,0.079,-0.0897,-0.5068,0.6188
1.4724,-9.5723,0.1173,-0.0897,-0.5068,0.6188
1.5466,-9.5555,0.1532,-0.1068,-0.3529,0.6682
1.6567,-9.7231,0.134,-0.1104,-0.1195,0.7257
1.786,-10.166,-0.0335,-0.1037,0.0978,0.7654
1.8339,-10.4988,-0.1484,-0.0817,0.2408,0.7812
1.8866,-10.9537,-0.3232,-0.0689,0.2884,0.7751
1.9273,-11.0351,-0.304,-0.0982,0.2634,0.7531
1.9584,-10.8053,-0.3519,-0.1563,0.2255,0.7367
1.8794,-10.6951,-0.3878,-0.2137,0.2029,0.7214
1.5394,-10.5611,-0.4046,-0.2558,0.2353,0.6957
1.2018,-10.4462,-0.3303,-0.2906,0.3776,0.6438
1.0319,-10.2546,-0.4165,-0.2729,0.4692,0.6291
1.0319,-10.2546,-0.4165,-0.1135,0.3746,0.5968
0.7445,-10.2977,-1.0558,-0.1135,0.3746,0.5968
0.4716,-10.2498,-1.4604,-0.0756,0.1699,0.5583
0.5051,-10.099,-0.8667,-0.1587,-0.0762,0.5497
0.5051,-10.099,-0.8667,-0.5503,-0.1207,0.6963
0.7733,-10.0487,-0.3399,-0.5503,-0.1207,0.6963
0.9409,-10.1038,-0.2537,-0.5716,0.1351,0.733
1.1372,-10.1541,-0.2035,-0.5429,0.3568,0.7458
1.142,-10.1421,-0.2298,-0.5258,0.4485,0.7367
0.9097,-10.2929,-0.3303,-0.5264,0.3373,0.6548
0.4357,-10.6233,-0.553,-0.5185,0.1705,0.5607
-0.0191,-11.0088,-0.9361,-0.5093,-0.0059,0.4764
-0.3375,-11.1884,-0.9528,-0.5148,-0.1299,0.4294
-0.5267,-11.3775,-1.0175,-0.5356,-0.1611,0.4245
-0.7326,-11.3296,-1.0199,-0.5503,-0.1275,0.477
-0.6895,-10.6233,-1.1276,-0.5692,-0.0872,0.5998
-0.5961,-10.2546,-1.1348,-0.6107,-0.1281,0.6939
-0.1675,-9.6297,-0.9959,-0.6859,-0.1989,0.7874
0.1221,-9.2634,-0.632,-0.7494,-0.2307,0.8662
0.5578,-8.9785,-0.4548,-0.7628,-0.1989,0.9077
0.62,-8.9689,-0.4692,-0.7091,-0.133,0.9108
0.6296,-9.1126,-0.5626,-0.59,-0.0597,0.8283
0.3974,-9.2778,-0.7661,-0.5417,-0.0853,0.7098
0.2274,-9.3544,-0.9433,-0.5216,-0.1617,0.6053
0.2346,-9.3376,-0.9792,-0.5258,-0.2405,0.5571
0.3112,-9.1198,-0.9696,-0.5295,-0.2655,0.5552
0.5051,-9.1557,-0.8643,-0.5099,-0.1769,0.5955
0.3495,-9.3999,-1.0103,-0.4611,-0.0658,0.6188
0.3112,-9.431,-0.9935,-0.4049,-0.0071,0.6004
-0.1532,-9.522,-0.7517,-0.3792,-0.0334,0.5467
-0.62,-9.4142,-0.5817,-0.3878,-0.0908,0.4685
-0.9768,-9.0048,-0.4788,-0.3859,-0.1598,0.4001
-0.8188,-8.7415,-0.5171,-0.3481,-0.202,0.3946
-0.3519,-8.5739,-0.7541,-0.3151,-0.1696,0.4605
0.1244,-8.5356,-0.9528,-0.265,-0.0945,0.5235
0.4884,-8.8756,-1.1324,-0.2039,0.0166,0.551
0.292,-9.1222,-1.4006,-0.1355,0.1033,0.518
-0.1077,-9.2203,-1.6615,-0.0408,0.0887,0.3506
-0.0742,-9.0216,-1.3694,-0.0445,0.0148,0.2632
0.5578,-8.605,-0.869,-0.0713,-0.0255,0.2309
0.5841,-8.5092,-0.8523,-0.061,0.0294,0.2058
0.2154,-8.3871,-0.656,-0.0219,0.1217,0.1423
-0.2944,-8.6577,-0.9409,0.0269,0.1821,0.0439
-0.1484,-8.6194,-1.81,0.1112,0.1785,-0.1148
-0.1484,-8.6194,-1.81,0.1033,0.206,-0.2486
0.0526,-8.5356,-1.4221,0.1033,0.206,-0.2486
0.225,-8.6074,-1.2689,0.0849,0.2634,-0.2858
0.4764,-8.6361,-1.4748,0.0965,0.2768,-0.3543
0.4764,-8.6361,-1.4748,0.1155,0.2652,-0.4123
0.5506,-8.4685,-1.7956,0.1417,0.3294,-0.4715
0.6895,-8.3464,-2.0494,0.1448,0.4106,-0.5106
0.7206,-8.2962,-2.1068,0.1259,0.5035,-0.551
0.8523,-8.2962,-2.0901,0.0868,0.5951,-0.6169
0.9696,-8.4446,-2.0039,0.0367,0.6342,-0.6976
1.1563,-9.0408,-1.3814,-0.0353,0.5884,-0.8142
1.3311,-10.0176,-0.7996,-0.0469,0.5633,-0.8796
1.3263,-10.3552,-0.7948,0.0049,0.5199,-0.9645
1.2449,-10.9058,-0.7781,0.0892,0.454,-1.0555
0.9959,-11.253,-0.7852,0.1637,0.4228,-1.1313
0.9959,-11.253,-0.7852,0.3305,0.3825,-1.2186
0.3519,-11.7127,-0.6536,0.3305,0.3825,-1.2186
0.3519,-11.7127,-0.6536,0.4832,0.2457,-1.102
0.1125,-10.7885,-0.395,0.4832,0.2457,-1.102
0.3854,-9.3783,0.2011,0.5364,0.1149,-1.0231
0.3902,-9.2203,0.1675,0.6017,-0.0621,-0.9529
0.4788,-8.7223,-0.1221,0.7245,-0.2808,-0.9132
0.4644,-8.672,-0.1795,0.8088,-0.3058,-0.9272
0.4764,-9.522,0.0814,0.8797,-0.1751,-0.948
0.4932,-9.5818,0.0502,0.9414,0.0435,-0.9657
0.4548,-9.8045,-0.3375,1.0135,0.2035,-0.9724
0.5075,-9.7566,-1.5083,1.091,0.184,-0.9474
0.5075,-9.7566,-1.5083,0.9298,-0.1409,-0.8344
0.8738,-9.3807,-2.5234,0.9298,-0.1409,-0.8344
1.2497,-9.3113,-2.3702,0.7196,-0.1036,-0.8155
1.5514,-9.4717,-2.1859,0.5333,0.0306,-0.8319
1.5275,-10.3528,-1.9057,0.3928,0.2438,-0.8949
1.5634,-10.8843,-1.9225,0.278,0.4589,-0.9896
1.7717,-12.0766,-1.7501,0.1033,0.6042,-1.0732
1.9321,-13.2617,-1.1899,-0.061,0.5694,-1.0745
2.5641,-14.0207,-0.6057,-0.2192,0.4864,-1.0262
2.6408,-13.9896,-0.5889,-0.2522,0.4491,-0.945
2.8012,-13.5826,-0.383,-0.188,0.4375,-0.879
2.6192,-12.6895,0.0215,-0.1288,0.2298,-0.8796
2.2074,-10.9992,0.3375,-0.133,-0.031,-0.8979
2.2074,-10.9992,0.3375,-0.0793,-0.3144,-0.8784
1.6831,-9.7255,0.3208,-0.0793,-0.3144,-0.8784
1.3742,-9.0791,0.3112,-0.0066,-0.158,-0.8454
0.8786,-8.6146,0.2753,0.0788,0.1046,-0.7971
0.869,-8.6098,0.1915,0.2034,0.4399,-0.7238
0.5554,-8.5523,-0.4141,0.3048,0.5291,-0.6786
0.5315,-8.4925,-0.9289,0.3769,0.5664,-0.6462
0.3974,-8.4733,-1.2425,0.3965,0.5719,-0.6102
0.5482,-8.4925,-1.3239,0.3665,0.5755,-0.5845
0.8236,-8.5452,-1.2497,0.2926,0.5358,-0.5051
1.2473,-8.775,-1.2378,0.2474,0.5035,-0.4379
1.956,-9.0934,-0.893,0.2083,0.487,-0.3659
2.4061,-9.3664,-0.8283,0.1674,0.4961,-0.2889
3.0071,-9.8524,-0.7182,0.135,0.4937,-0.2076
3.4308,-10.2426,-0.4692,0.0923,0.4992,-0.1637
3.4859,-10.4198,0.1891,0.0129,0.5383,-0.1508
3.462,-10.3576,0.2777,-0.0304,0.5645,-0.1582
3.3614,-10.0631,0.2489,-0.0506,0.5157,-0.1588
2.77,-9.4885,0.1795,-0.0304,0.3929,-0.174
1.8674,-8.7654,-0.1508,-0.0115,0.3055,-0.2009
1.7094,-8.6888,-0.2106,0.0086,0.22,-0.1905
1.2761,-8.5332,-0.5482,0.0629,0.1449,-0.1618
1.0582,-8.8684,-0.9265,0.0972,0.151,-0.1123
0.9935,-9.7758,-0.9409,0.113,0.1693,-0.0586
0.9911,-9.8261,-0.8379,0.102,0.1797,-0.0103
0.9337,-10.2953,0.0933,0.0691,0.1834,0.0287
0.869,-10.2259,-0.3758,0.099,0.0392,0.069
1.1611,-9.8261,-1.2042,0.1772,-0.0792,0.094
1.7334,-9.6728,0.0957,0.19,0.0087,0.1685
2.7006,-10.0798,-0.2537,0.1643,0.1412,0.2675
3.2585,-10.6928,-1.0726,0.234,0.0526,0.3023
4.118,-11.8444,-0.7206,0.2505,0.0209,0.2712
4.3622,-12.3041,-0.3064,0.1228,0.1039,0.251
4.5178,-12.8499,-0.2154,0.0422,0.0398,0.2156
4.3837,-12.8116,-0.2609,0.0104,-0.125,0.1673
3.4907,-11.2722,0.395,-0.0194,-0.246,0.1429
3.3087,-11.0255,0.5099,-0.0555,-0.3437,0.1594
2.5139,-9.9817,0.9193,-0.0793,-0.5575,0.1808
1.7022,-9.1126,1.1827,-0.0316,-0.7176,0.1924
0.4812,-7.7287,1.1611,0.0544,-0.8318,0.2083
0.2585,-7.463,1.0558,0.1637,-0.9216,0.2321
-0.1819,-6.7998,0.7757,0.2743,-0.9998,0.2675
-0.4165,-6.2276,0.3615,0.3885,-1.0474,0.3408
-0.0215,-5.8972,-0.3327,0.5437,-0.9772,0.5125
-0.0215,-5.8972,-0.3327,0.6317,-0.8342,0.6487
0.4548,-6.0767,-0.7086,0.7019,-0.651,0.7867
1.1109,-6.637,-1.2378,0.7477,-0.4439,0.8747
1.9273,-8.2243,-2.1404,0.7532,-0.2454,0.926
2.3582,-9.4262,-2.5498,0.6359,0.049,0.9285
3.043,-11.241,-2.8227,0.4655,0.2701,0.904
3.5697,-12.9074,-2.6647,0.2364,0.4692,0.8546
3.5482,-14.1165,-1.2018,-0.0249,0.5694,0.7812
3.3111,-14.2003,-0.5626,-0.287,0.5004,0.7073
3.1651,-13.6879,-0.213,-0.4855,0.1944,0.6585
2.5282,-12.3567,-0.1508,-0.6107,-0.5685,0.6267
1.707,-9.9482,0.0383,-0.67,-0.902,0.587
1.5897,-9.6465,0.0861,-0.7445,-0.9387,0.6114
1.1396,-8.4877,0.395,-0.8245,-0.6394,0.6719
0.8212,-7.5971,0.5746,-0.8783,-0.1226,0.7342
0.6751,-7.1158,0.4501,-0.8691,0.4124,0.8216
0.6991,-7.1781,0.3615,-0.769,0.9329,0.9792
1.0438,-7.8652,0.079,-0.6755,0.997,1.0415
1.3072,-9.0647,-0.4525,-0.5674,0.8297,1.0225
0.2968,-12.2562,-1.6759,-0.4623,0.5358,0.8851
0.1771,-12.3855,-1.6639,-0.4208,0.1974,0.6414
-0.2489,-13.3623,-0.6775,-0.6773,-0.0279,0.3439
0.5099,-14.0255,0.5937,-0.8844,0.228,0.3799
0.9624,-14.938,1.1037,-0.8539,0.6159,0.4734
0.6033,-15.2013,0.7182,-0.6199,0.804,0.4605
-0.1628,-14.859,0.2178,-0.3688,0.6275,0.3897
-0.7374,-13.7693,-0.6847,-0.2375,0.107,0.3769
-1.2569,-11.7223,-1.5538,-0.2314,-0.7548,0.5418
-1.4149,-10.5922,-1.4269,-0.3169,-0.8752,0.6982
-1.1971,-9.3209,-1.2114,-0.433,-0.6571,0.8686
-0.8212,-8.4661,-0.7517,-0.5258,-0.3883,1.0488
-0.0023,-7.7718,-0.0814,-0.5839,-0.2044,1.1869
0.0454,-7.7527,-0.0694,-0.5533,-0.2167,1.3041
0.3064,-7.7144,-0.4165,-0.4446,-0.3291,1.3103
0.3854,-7.8556,-0.6512,-0.3114,-0.4421,1.2828
0.7206,-8.4901,-1.3646,-0.2137,-0.5404,1.2382
0.7278,-8.5356,-1.4077,-0.1813,-0.6327,1.2021
0.7278,-8.9665,-1.8076,-0.2015,-0.6699,1.1649
0.3064,-9.1844,-2.114,-0.2925,-0.4909,1.0702
-0.304,-8.8396,-1.9177,-0.3859,-0.3431,0.9853
-0.3088,-8.8013,-1.9105,-0.4898,-0.301,0.9169
-0.2035,-8.5092,-1.8171,-0.568,-0.3773,0.8827
-0.0119,-8.016,-1.6998,-0.6059,-0.4891,0.8796
0.2489,-7.4989,-1.4437,-0.6126,-0.5196,0.8894
0.7374,-7.4271,-1.3072,-0.5936,-0.3413,0.9242
1.1803,-7.9945,-1.2401,-0.5851,-0.1617,0.9028
1.1396,-8.7702,-1.0654,-0.5949,-0.031,0.78
0.8331,-10.0439,-1.1971,-0.6077,0.0221,0.5699
0.6631,-10.3169,-1.1779,-0.6016,0.0087,0.3744
0.8571,-10.6209,-0.9864,-0.5894,-0.0193,0.1948
0.893,-10.7191,-0.3351,-0.5759,0.0325,0.1588
0.2777,-10.1588,0.1149,-0.538,0.1223,0.1258
0.055,-10.0248,0.2442,-0.4605,0.1455,0.039
-0.3591,-9.4526,0.0837,-0.3707,0.1039,-0.0311
0.2537,-8.7798,-0.3112,-0.2564,0.0612,-0.0659
1.0941,-7.6401,-0.7996,-0.0909,0.0942,-0.0507
1.2066,-7.5085,-0.8906,-0.0103,0.1974,-0.0867
1.3503,-7.0679,-1.0654,0.0465,0.2829,-0.1661
1.47,-6.7926,-1.1348,0.066,0.3385,-0.2748
1.4748,-6.704,-1.6256,0.0703,0.3862,-0.386
1.4748,-6.704,-1.6256,0.0434,0.5609,-0.7238
1.4389,-6.7854,-1.7214,0.0434,0.5609,-0.7238
1.4149,-6.9339,-1.7142,-0.0011,0.6543,-0.8277
1.4317,-7.3792,-1.5873,-0.0316,0.7728,-0.9095
1.3742,-7.6832,-1.0319,-0.0377,0.8907,-1.0042
1.482,-8.5859,-0.9983,-0.0194,0.9989,-1.1246
1.1468,-9.6489,-1.2785,0.1191,1.0355,-1.331
0.6368,-10.9202,-1.5825,0.2138,1.0294,-1.474
0.4644,-11.3033,-1.5131,0.2847,0.9921,-1.5644
0.2202,-11.7318,-1.0869,0.3183,0.9298,-1.5961
0.0694,-11.7342,-0.5937,0.3329,0.8089,-1.5809
-0.3543,-10.8244,-0.1484,0.3641,0.6036,-1.5363
-0.3974,-10.6425,-0.1244,0.4466,0.2787,-1.466
-0.5051,-9.8955,0.1891,0.5156,0.1699,-1.4013
-0.4596,-9.4071,0.5171,0.6011,0.1705,-1.3225
-0.043,-9.0623,0.5602,0.7092,0.231,-1.2296
0.055,-9.0958,0.4046,0.854,0.2866,-1.1368
0.3974,-9.2634,-0.158,1.1002,0.289,-1.0231
0.7445,-9.5124,-0.3088,1.2279,0.2683,-0.9859
1.288,-10.8484,-2.1835,1.325,0.2671,-0.9779
1.3,-10.9346,-2.2649,1.4068,0.2542,-1.0067
1.2713,-11.7701,-2.885,1.3989,0.2829,-1.0641
1.288,-12.3376,-3.2202,1.2853,0.2933,-1.1374
1.3,-12.7254,-3.347,0.978,0.1852,-1.1887
1.1899,-12.6943,-3.347,0.7367,0.0759,-1.1948
1.1947,-12.3184,-3.0717,0.4899,-0.0261,-1.1814
1.2258,-11.6433,-2.3702,0.2377,-0.056,-1.1404
1.1635,-10.7909,-1.3527,0.0067,-0.0096,-1.083
1.2808,-10.4749,-0.9816,-0.2442,0.1742,-0.9908
1.3862,-10.0535,-0.7038,-0.3334,0.3196,-0.9053
1.6663,-9.996,-0.2202,-0.3798,0.4473,-0.8368
2.1571,-10.1876,0.4165,-0.411,0.5383,-0.7745
2.1691,-10.2331,0.4979,-0.4134,0.5383,-0.7452
2.0901,-10.2953,0.1699,-0.3585,0.4894,-0.755
2.1404,-10.2403,-0.1149,-0.1984,0.4069,-0.7886
2.1404,-10.2403,-0.1149,-0.0445,0.3623,-0.8271
1.719,-10.2355,-0.3591,-0.0445,0.3623,-0.8271
1.1492,-10.0176,-0.6224,0.0159,0.3501,-0.8564
0.735,-9.7016,-1.2617,0.0648,0.3397,-0.8539
-0.0933,-9.2778,-0.972,0.0794,0.2695,-0.8148
-0.1364,-9.2706,-1.0007,-0.0158,0.1821,-0.7299
-0.4908,-9.0839,-1.1683,-0.064,0.0893,-0.634
-0.7541,-8.9498,-0.7996,-0.1019,0.0795,-0.5222
-0.5267,-8.8181,-0.5003,-0.13,0.1864,-0.3817
-0.5267,-8.8181,-0.5003,-0.0878,0.4088,0.0561
0.8331,-9.2107,-0.1556,-0.0878,0.4088,0.0561
1.7022,-9.6321,-0.3687,-0.0579,0.4405,0.1869
2.5905,-10.1565,-0.5171,-0.02,0.4644,0.2736
2.8012,-10.3336,-0.7422,-0.0066,0.4882,0.3139
2.8347,-10.4174,-0.984,-0.0103,0.4625,0.3335
2.8251,-10.3791,-0.7565,-0.0261,0.4393,0.3231
2.8251,-10.3791,-0.7565,-0.1379,0.3349,0.3249
3.1531,-10.0607,-0.2513,-0.1379,0.3349,0.3249
3.1028,-9.8213,-0.2442,-0.1288,0.2573,0.3127
3.3255,-9.8883,0.1436,-0.1349,0.3349,0.2938
3.3255,-9.8883,0.1436,-0.0658,0.3104,0.2528
3.0238,-9.996,-0.5458,-0.0658,0.3104,0.2528
2.9616,-10.0104,-0.2801,-0.0561,0.2683,0.2388
2.8179,-9.9649,-0.2705,-0.0463,0.1724,0.2339
2.8179,-9.9649,-0.2705,-0.0408,-0.0621,0.185
2.4995,-9.5268,0.3208,-0.0481,-0.136,0.1722
2.2792,-9.3065,0.4501,-0.0481,-0.136,0.1722
1.8315,-9.0192,0.5458,-0.0451,-0.238,0.1264
1.5993,-8.9498,0.5746,-0.0347,-0.2356,0.1166
1.5442,-9.0024,0.5027,0.0092,-0.169,0.138
1.4293,-9.0791,0.0502,0.0733,-0.1336,0.1508
1.4173,-9.1437,-0.4429,0.1527,-0.155,0.1478
1.1659,-9.3448,-0.7876,0.2114,-0.2038,0.1453
1.1133,-9.5316,-0.6464,0.2077,-0.2906,0.1447
1.2401,-9.783,-0.3806,0.1582,-0.3101,0.1698
1.2665,-9.941,-0.1891,0.1179,-0.3077,0.2076
1.4556,-9.9242,0.0933,0.088,-0.3028,0.2455
1.5059,-9.8955,0.1005,0.0739,-0.3034,0.3029
1.7621,-9.8213,0.1388,0.091,-0.3083,0.4147
2.0685,-9.8428,0.2106,0.1094,-0.3046,0.4831
2.4253,-10.075,0.3399,0.1253,-0.2893,0.5314
2.4229,-10.0894,0.3711,0.146,-0.2576,0.5467
2.3463,-10.0655,0.4453,0.1595,-0.2197,0.5296
2.2577,-9.9865,0.4429,0.1747,-0.2142,0.5057
2.2577,-9.9865,0.4429,0.2584,-0.3205,0.4801
1.8291,-9.6896,0.1867,0.3061,-0.3236,0.5039
1.9464,-9.7734,0.0143,0.3061,-0.3236,0.5039
2.114,-10.0535,0.0622,0.3305,-0.2594,0.5369
2.3223,-10.4031,0.0023,0.3317,-0.1647,0.5589
2.3822,-10.494,0.1197,0.3006,-0.0401,0.5803
2.3487,-10.4916,0.1197,0.2841,0.0355,0.5815
2.2649,-10.3408,-0.0885,0.3042,0.0673,0.5809
2.0039,-9.9362,-0.2777,0.3366,0.085,0.5803
1.956,-9.759,-0.3998,0.3647,0.0813,0.5778
1.8579,-9.5483,-0.6009,0.3965,0.0569,0.5766
1.8363,-9.5124,-0.8212,0.3983,-0.0163,0.5693
1.6017,-9.6585,-0.9313,0.361,-0.0792,0.5516
1.549,-9.6944,-0.9361,0.2951,-0.0969,0.5204
1.379,-9.8404,-0.7757,0.2053,-0.0444,0.4874
1.4341,-9.9386,-0.5315,0.1088,0.107,0.477
1.3407,-10.2738,-0.5051,0.0391,0.3355,0.4929
1.3407,-10.2738,-0.5051,-0.0041,0.6403,0.5137
1.3359,-10.4797,-0.5841,-0.0298,0.7344,0.5265
1.2785,-10.5132,-0.644,-0.0701,0.7356,0.5351
1.0654,-9.8261,-0.4525,-0.1269,0.6867,0.5332
1.0654,-9.7566,-0.4453,-0.188,0.6256,0.5174
0.8882,-9.1269,-0.3327,-0.2803,0.5529,0.4667
0.711,-8.3919,-0.2035,-0.3352,0.5456,0.4276
0.5386,-7.7814,0.0335,-0.4024,0.5853,0.3995
0.4812,-7.7455,0.2035,-0.4562,0.6659,0.3836
0.3806,-8.1693,0.1771,-0.4672,0.7643,0.3683
0.3351,-9.1509,-0.0454,-0.4195,0.8535,0.3488
0.2466,-10.6808,-0.553,-0.309,0.8975,0.3268
0.1843,-11.0519,-0.6991,-0.2711,0.8248,0.3084
0.1364,-11.3296,-0.7278,-0.2845,0.7026,0.3011
0.1292,-11.1955,-0.6536,-0.3352,0.5474,0.3182
0.0526,-10.4916,-0.4477,-0.3872,0.3959,0.342
0.0454,-10.3887,-0.4429,-0.4305,0.2768,0.3695
-0.079,-9.9027,-0.328,-0.4269,0.2506,0.3744
-0.2753,-9.4789,-0.4429,-0.4208,0.2176,0.3714
-0.2178,-9.0096,-0.1915,-0.4147,0.1644,0.3817
-0.2154,-8.9737,-0.1987,-0.4287,0.1009,0.4098
-0.2346,-8.9354,-0.1053,-0.4348,0.0221,0.4251
-0.1699,-9.1533,-0.2777,-0.3762,-0.0511,0.4453
0.0933,-9.6896,-0.5746,-0.3181,-0.0566,0.4569
0.0933,-9.6896,-0.5746,-0.2687,-0.0554,0.4605
0.3016,-9.9793,-0.5386,-0.2424,-0.0652,0.455
0.4094,-10.1349,-0.881,-0.2277,-0.1238,0.4489
0.4022,-10.0535,-0.9313,-0.2204,-0.2234,0.4361
0.4453,-10.0727,-1.0271,-0.2277,-0.3162,0.4208
0.4596,-10.166,-1.1348,-0.2265,-0.3303,0.4105
0.5506,-10.1134,-1.0917,-0.2381,-0.3187,0.3878
0.4716,-9.85,-1.1252,-0.2528,-0.2936,0.3604
0.4716,-9.85,-1.1252,-0.3304,-0.2417,0.3445
0.5674,-9.5938,-1.1635,-0.3304,-0.2417,0.3445
0.6009,-9.7159,-0.9672,-0.3517,-0.2081,0.3555
0.8068,-9.8787,-1.1109,-0.3633,-0.1452,0.35
0.8236,-9.8668,-1.142,-0.3719,-0.1238,0.328
0.8164,-9.7255,-1.1013,-0.4018,-0.1354,0.2962
0.7948,-9.6273,-0.8475,-0.455,-0.1568,0.2755
0.8044,-9.3783,-0.632,-0.5118,-0.1507,0.2632
0.7398,-9.3328,-0.6416,-0.5081,-0.1024,0.2559
0.5793,-9.3017,-0.6895,-0.4812,-0.034,0.2321
0.4046,-9.3544,-0.6081,-0.4635,0.0251,0.1954
0.1197,-9.5938,-0.6607,-0.4531,0.0447,0.1624
0.1101,-9.6297,-0.6655,-0.4067,0.0227,0.1282
-0.079,-9.8045,-0.8379,-0.3578,0.0581,0.1154
-0.3878,-9.9362,-0.7493,-0.298,0.1314,0.0946
-0.5458,-10.0511,-0.9888,-0.2577,0.1711,0.0836
-0.5147,-10.0655,-0.9289,-0.2247,0.1418,0.1081
-0.3136,-9.8668,-0.881,-0.2173,0.1046,0.1508
-0.1388,-9.6225,-0.8906,-0.2045,0.0667,0.2138
0.2729,-9.3903,-0.9552,-0.2002,0.0997,0.237
0.4477,-9.2179,-0.8403,-0.2027,0.1485,0.2535
0.8906,-8.9115,-0.7613,-0.2082,0.1742,0.259
0.8643,-8.7367,-0.7469,-0.2008,0.1974,0.2528
0.7565,-8.9498,-1.1947,-0.174,0.2341,0.2272
0.6967,-9.0072,-1.4245,-0.1013,0.2701,0.1808
0.1125,-9.3089,-1.7908,-0.0445,0.2499,0.1148
-0.1771,-9.601,-1.5969,-0.0396,0.2634,0.039
0.3327,-9.7375,-1.3503,-0.0414,0.2842,0.014
0.3926,-9.7614,-1.2689,-0.0237,0.2658,-0.014
0.4644,-9.692,-1.0893,-0.0084,0.1931,-0.058
0.4285,-9.6465,-0.7254,-0.0029,0.1595,-0.0867
0.4405,-9.4789,-1.2042,0.0031,0.1632,-0.1191
0.4955,-9.4693,-1.2832,0.0257,0.1663,-0.1539
0.8547,-9.3496,-1.7429,0.0501,0.176,-0.1551
1.0247,-9.352,-1.9369,0.0471,0.2292,-0.1429
0.4788,-9.601,-1.8962,0.0116,0.3434,-0.171
0.0933,-9.8883,-1.7788,-0.0316,0.3678,-0.2443
-0.0526,-10.0942,-1.8794,-0.0646,0.2945,-0.3017
0.3902,-10.2403,-1.9033,-0.0787,0.184,-0.2999
0.5003,-10.3193,-1.1707,-0.108,0.1247,-0.273
0.3758,-10.1517,-0.7541,-0.144,0.2139,-0.2962
0.4596,-10.1852,-0.7326,-0.1318,0.2701,-0.2956
0.304,-10.3288,-0.8068,-0.0909,0.2872,-0.2828
-0.0646,-10.2211,-1.0342,-0.0439,0.311,-0.3054
-0.0478,-10.2067,-1.0941,-0.0115,0.2958,-0.3176
0.146,-10.0391,-1.2186,0.0006,0.2548,-0.2687
0.3519,-9.7925,-1.3694,0.0129,0.2603,-0.1569
0.5913,-9.2658,-1.3072,-0.0011,0.3141,-0.0971
0.6488,-9.2299,-1.3239,-0.0243,0.3764,-0.0476
1.1444,-9.2658,-1.3862,-0.0402,0.4161,-0.0006
1.4532,-9.3233,-1.6879,-0.0463,0.4393,0.039
1.8411,-9.7207,-1.5251,-0.0744,0.443,0.0372
1.8411,-9.7207,-1.5251,-0.1239,0.4375,0.0183
1.4053,-10.0559,-1.2761,-0.1477,0.4302,-0.0354
0.9576,-10.245,-0.8954,-0.1581,0.4143,-0.1069
0.1939,-10.4605,-0.8595,-0.1581,0.355,-0.1386
-0.1723,-10.4845,-0.7015,-0.1361,0.3006,-0.1484
-0.4357,-10.4438,-0.8283,-0.086,0.333,-0.1166
-0.5027,-10.2379,-0.7206,-0.0377,0.3605,-0.0745
-0.7709,-9.9697,-0.881,-0.0072,0.3727,-0.0287
-0.9481,-9.7901,-1.0534,0.0232,0.3721,0.0091
-0.9888,-9.601,-1.1755,0.044,0.3532,0.0519
-0.9888,-9.601,-1.1755,0.0397,0.231,0.2193
0.1699,-9.9146,-1.403,0.0397,0.231,0.2193
0.2035,-9.9745,-1.2569,0.0141,0.2438,0.2718
0.3399,-10.1229,-0.9457,-0.0151,0.3184,0.2816
0.7302,-10.1445,-1.1013,-0.0286,0.3465,0.2541
0.6871,-10.0008,-1.5059,-0.0188,0.289,0.2333
0.6871,-10.0008,-1.5059,-0.0292,0.1797,0.1569
0.6224,-9.862,-1.6448,-0.0616,0.242,0.1588
0.4548,-9.4095,-2.0685,-0.0616,0.242,0.1588
-0.043,-9.7997,-2.1739,-0.0921,0.3391,0.1496
-0.043,-9.7997,-2.1739,-0.1245,0.3972,0.1227
-0.2633,-10.4246,-2.3535,-0.152,0.4082,0.0983
-0.4955,-11.1548,-2.2768,-0.1899,0.3489,0.0726
-0.6129,-11.8851,-2.2266,-0.2051,0.3147,0.0714
-0.6129,-12.0982,-1.9321,-0.2241,0.2762,0.0794
-0.4165,-12.2418,-1.1755,-0.2705,0.2554,0.0855
-0.2753,-12.0024,-0.3303,-0.3212,0.2365,0.1014
0.3136,-11.1141,0.2394,-0.3322,0.1559,0.1539
0.8427,-10.5563,0.3734,-0.2968,0.0966,0.237
1.3982,-9.6609,0.7182,-0.2412,0.0813,0.3255
1.6328,-8.8205,0.7996,-0.1611,0.1094,0.3689
1.8387,-7.8341,0.2418,-0.0457,0.1638,0.3707
1.8387,-7.8341,0.2418,0.2694,0.2463,0.3237
1.561,-7.712,-1.4006,0.2694,0.2463,0.3237
1.1994,-7.7263,-2.6862,0.3403,0.3025,0.259
0.4405,-8.0352,-3.2417,0.3201,0.4692,0.2113
0.4094,-8.1501,-3.1699,0.2199,0.6892,0.174
0.2106,-8.5811,-2.9688,0.0929,0.7735,0.1398
0.1029,-8.9785,-2.6839,-0.0127,0.633,0.0708
-0.146,-10.0296,-1.6639,-0.1495,0.3013,-0.028
-0.1819,-10.1253,-1.6232,-0.2027,0.1718,-0.0616
-0.2394,-10.7502,-1.1013,-0.2265,0.1547,-0.0904
-0.2154,-10.9394,-0.395,-0.2546,0.2701,-0.1099
-0.3519,-10.9729,0.4932,-0.2644,0.432,-0.1056
-0.802,-10.6928,0.7613,-0.1886,0.5468,-0.0806
-0.1723,-10.1253,0.0335,-0.0787,0.4479,-0.0238
0.5793,-9.7063,-0.62,0.0465,0.3031,0.1154
0.5841,-9.8261,-2.0614,0.1399,0.3312,0.1966
0.5147,-9.9458,-2.3343,0.2163,0.4521,0.1973
0.3064,-10.008,-2.4827,0.2175,0.5346,0.1673
0.2657,-9.8883,-2.3056,0.0978,0.3825,0.1166
0.5003,-9.0767,-2.1643,-0.0035,0.1925,0.1007
0.5482,-8.9809,-2.1452,-0.0811,0.0807,0.1123
0.8307,-8.5523,-1.8914,-0.1532,0.1033,0.1313
0.8164,-8.3177,-1.2186,-0.2265,0.2408,0.1496
0.4692,-8.5835,-0.8906,-0.2809,0.4479,0.0952
0.4525,-8.6553,-0.9792,-0.2497,0.4356,0.0201
0.3902,-8.945,-1.1923,-0.1996,0.3489,-0.0659
0.4716,-9.261,-1.4341,-0.1758,0.3184,-0.124
0.1388,-10.0774,-1.3311,-0.1642,0.3874,-0.135
0.0957,-10.0774,-1.3311,-0.1532,0.5297,-0.1502
-0.3327,-10.6473,-1.0845,-0.1355,0.5835,-0.2058
-0.7445,-11.1453,-0.972,-0.1159,0.465,-0.248
-0.9816,-11.423,-0.5889,-0.0732,0.3434,-0.2663
-0.8954,-11.3081,-0.486,-0.0225,0.2866,-0.2315
-0.6081,-10.7981,-0.4165,0.0275,0.2695,-0.1606
-0.3232,-10.3001,-0.3447,0.0733,0.2976,-0.0574
-0.4932,-9.8883,-0.9409,0.1656,0.3709,0.0897
-0.486,-9.7638,-1.2282,0.2334,0.3526,0.1307
-0.3782,-9.668,-1.8363,0.2713,0.3049,0.1747
-0.0191,-9.5531,-2.4372,0.2774,0.2707,0.2241
0.8236,-9.3185,-2.7557,0.2322,0.308,0.2761
0.9433,-9.2898,-2.7629,0.0904,0.4717,0.3549
1.0295,-9.4047,-2.5689,-0.0329,0.5285,0.3549
0.7206,-9.8189,-2.1212,-0.1385,0.5077,0.3036
-0.2082,-10.9513,-1.8387,-0.1892,0.4326,0.215
-0.3208,-11.1237,-1.7501,-0.1886,0.3336,0.1038
-0.6967,-11.8085,-1.4724,-0.1874,0.2591,0.0201
-0.8259,-12.0359,-1.0199,-0.1923,0.2402,-0.0409
-0.814,-11.2027,0.158,-0.2002,0.3318,-0.0604
-0.814,-11.2027,0.158,-0.1666,0.4424,-0.0354
-0.8283,-10.5276,0.3136,-0.0775,0.4949,-0.0024
-0.5099,-10.0056,-0.2059,0.0361,0.454,0.0397
-0.4955,-9.8117,-1.3335,0.2242,0.3685,0.0867
-0.4884,-9.8308,-1.4748,0.3067,0.4387,0.1105
-0.2537,-9.6656,-1.6687,0.3275,0.5248,0.1411
-0.0814,-9.2514,-1.3096,0.3158,0.4943,0.1789
-0.2322,-8.7989,-1.0414,0.2926,0.4228,0.2119
-0.3902,-8.5954,-1.13,0.2969,0.388,0.2388
-0.4812,-8.186,-1.4125,0.303,0.3862,0.2388
-0.2873,-7.9418,-1.719,0.2884,0.4387,0.2816
-0.474,-7.6713,-2.296,0.2664,0.5334,0.3396
-0.5698,-7.6378,-2.3702,0.2297,0.6177,0.3775
-0.9457,-7.6354,-2.3415,0.1827,0.6934,0.3982
-1.1899,-7.8963,-2.3439,0.1222,0.7484,0.4025
-1.2473,-8.8732,-2.1404,0.0422,0.6983,0.3848
-1.2306,-9.0288,-2.0302,0.0031,0.6586,0.3439
-1.0534,-9.7087,-1.6663,-0.039,0.6507,0.2877
-0.9864,-10.4988,-1.1587,-0.075,0.6641,0.2058
-1.6136,-11.502,0.2633,-0.0909,0.6953,0.0806
-1.707,-11.5283,0.3495,-0.0884,0.6916,-0.1362
-2.296,-11.2745,0.8044,-0.053,0.6488,-0.2431
-2.6695,-10.3169,1.154,0.0306,0.5755,-0.2846
-2.6455,-9.0886,1.0031,0.1411,0.4845,-0.2327
-2.7246,-8.6505,0.7709,0.2688,0.3904,-0.1099
-2.1164,-8.3177,-0.6057,0.3995,0.3483,0.0036
-1.4173,-8.2267,-1.9177,0.5675,0.3562,0.138
-0.6512,-8.4063,-3.3231,0.5907,0.4961,0.1826
-0.3495,-8.4853,-3.5865,0.5577,0.6708,0.2064
-0.1221,-8.7175,-3.7421,0.4814,0.8181,0.1997
-0.0646,-9.3185,-3.383,0.3684,0.8694,0.1453
-0.2777,-10.0439,-3.0861,0.1979,0.7063,0.003
-0.3878,-10.087,-3.0023,0.0947,0.446,-0.1142
-0.3878,-10.087,-3.0023,-0.1178,0.0856,-0.2388
-1.1731,-10.3767,-1.2785,-0.1178,0.0856,-0.2388
-1.0654,-9.8644,-0.2609,-0.1856,0.1027,-0.2241
-0.9935,-9.7854,-0.3112,-0.1972,0.1895,-0.1789
-0.7015,-9.419,-0.7852,-0.1123,0.2927,-0.0983
-0.5506,-9.1078,-1.3479,-0.0463,0.3098,-0.0708
-0.1843,-8.6146,-2.0997,-0.0041,0.3281,-0.061
-0.1843,-8.6146,-2.0997,-0.0524,0.3239,-0.0397
-0.2442,-8.6385,-2.1428,-0.0524,0.3239,-0.0397
-0.225,-8.8372,-1.5251,-0.1172,0.2554,-0.039
0.0071,-9.4334,-0.8547,-0.2045,0.209,-0.0201
-0.2059,-9.6992,-0.5698,-0.1868,0.195,-0.0164
-0.4261,-9.8883,-0.7637,-0.1385,0.1907,-0.0445
-0.6177,-9.7686,-1.0702,-0.075,0.1724,-0.0574
-1.0366,-9.34,-1.7262,-0.0304,0.1601,-0.05
-1.1396,-8.9833,-1.8291,-0.0145,0.1437,0.0012
-0.9409,-8.7989,-1.9057,-0.0439,0.1369,0.0525
-0.9169,-8.8157,-2.0183,-0.0677,0.1327,0.1056
-0.5674,-9.1676,-1.7214,-0.0933,0.132,0.1264
-0.5674,-9.1676,-1.7214,-0.1703,0.1229,0.1893
-0.0526,-9.6561,-1.3694,-0.1703,0.1229,0.1893
0.0981,-10.0703,-1.2737,-0.1874,0.1308,0.1838
-0.304,-10.6497,-1.4149,-0.1752,0.1272,0.1484
-0.3256,-10.7263,-1.4389,-0.1605,0.1137,0.1026
-0.5434,-10.8268,-1.5849,-0.155,0.0771,0.0598
-0.3016,-10.8508,-1.1133,-0.1654,0.0716,0.0299
-0.2346,-10.9705,-0.881,-0.1837,0.0985,0.0415
-0.2585,-10.9609,-0.8523,-0.1593,0.0978,0.0256
-0.3088,-10.9777,-0.7445,-0.1373,0.0618,0.0018
0.0095,-10.7574,-0.6871,-0.1007,-0.0053,0.003
0.2681,-10.3336,-0.5793,-0.0585,-0.0297,0.0134
0.2777,-10.1876,-0.7038,-0.0164,-0.0022,0.0274
-0.0023,-10.1445,-0.8738,0.0477,0.0355,0.0299
-0.3327,-10.0511,-1.3383,0.0892,0.0551,-0.0006
-0.2011,-9.5459,-1.7669,0.1173,0.0673,-0.0213
0.0742,-9.3305,-1.8626,0.1069,0.0813,0.0036
0.5386,-8.9402,-2.0302,0.0703,0.1064,0.0397
0.8283,-8.7295,-2.138,0.0226,0.1479,0.0635
0.4596,-9.0551,-1.8171,-0.0542,0.2017,0.047
0.3687,-9.2131,-1.7693,-0.0952,0.2127,-0
-0.067,-9.5699,-1.4413,-0.0939,0.2041,-0.0476
-0.4836,-10.0008,-1.1133,-0.0787,0.1913,-0.0916
-1.0079,-10.0367,-1.288,-0.0732,0.0838,-0.1038
-0.984,-9.9577,-1.3072,-0.0597,0.0325,-0.0696
-0.62,-9.5076,-1.6065,-0.0836,0.1974,-0.003
-0.1604,-9.206,-1.8291,-0.1135,0.3556,0.08
-0.3112,-9.5795,-1.6519,-0.1398,0.4271,0.1404
-0.3112,-9.613,-1.6519,-0.1538,0.4057,0.171
-0.4213,-9.8117,-1.5059,-0.1471,0.3483,0.1728
-0.1053,-9.941,-1.4748,-0.1599,0.2689,0.1777
0.2873,-10.0008,-1.5658,-0.163,0.2573,0.215
0.2944,-10.0104,-1.2234,-0.1569,0.3098,0.2309
0.3327,-10.0367,-1.0773,-0.1483,0.4118,0.2217
0.2873,-10.1373,-1.2162,-0.1202,0.4436,0.2064
0.2561,-9.9601,-1.7142,-0.072,0.3214,0.1569
0.0095,-9.8859,-1.5442,-0.0695,0.2823,0.1624
-0.2944,-9.8883,-1.4101,-0.0903,0.3495,0.1734
-0.4453,-10.2403,-1.3455,-0.0915,0.4039,0.1826
-1.0151,-10.506,-1.9512,-0.061,0.4002,0.1795
-1.0247,-10.5252,-1.9656,-0.0145,0.3477,0.1423
-0.4213,-10.3791,-1.6903,-0.0145,0.3025,0.1521
0.6631,-10.1445,-1.2832,-0.0396,0.3068,0.1844
1.3407,-9.613,-0.4572,-0.0585,0.3281,0.2186
1.312,-9.5771,-0.3854,-0.064,0.3776,0.1991
0.8571,-9.5675,-0.4357,-0.0475,0.3862,0.149
0.2011,-9.4741,-0.6895,0.0025,0.3074,0.0775
-0.0909,-8.8277,-1.3192,0.0788,0.2023,-0.0164
-0.0814,-8.7918,-1.3455,0.1045,0.1901,-0.0079
-0.146,-8.5763,-1.4413,0.1106,0.3061,0.0146
-0.067,-8.3608,-1.5586,0.1112,0.4668,0.0232
0.0981,-8.277,-2.0661,0.0965,0.545,0.0189
-0.0526,-8.3512,-2.4396,0.0446,0.479,-0.0232
-0.1843,-8.9426,-2.217,-0.0127,0.4589,-0.05
-0.4548,-9.7423,-1.956,-0.0555,0.4906,-0.0537
-1.0007,-10.7574,-1.3144,-0.0561,0.5041,-0.0849
-1.0414,-11.071,-1.1372,-0.0426,0.4466,-0.1142
-0.9074,-11.1213,-1.0319,-0.0213,0.3208,-0.1264
-0.7182,-10.7167,-0.7541,-0.0182,0.2151,-0.1123
-0.644,-9.5507,-0.4477,-0.0329,0.2518,-0.0659
-0.6033,-9.4765,-0.4668,-0.0292,0.3055,0.0006
-0.158,-9.273,-0.893,0.0012,0.3239,0.0684
0.3064,-9.2036,-1.6927,0.0483,0.3324,0.116
0.5243,-9.455,-2.7317,0.0874,0.3526,0.1411
0.4596,-9.5723,-2.8514,0.0782,0.3752,0.1191
-0.2944,-9.9793,-2.691,0.0477,0.3544,0.0561
-0.5243,-10.5347,-2.0781,-0.0188,0.3147,-0.0256
-0.1508,-10.6018,-1.2689,-0.0799,0.2194,-0.0592
-0.1173,-10.5491,-1.2641,-0.1172,0.1547,-0.0867
0.2537,-10.0727,-1.3503,-0.1514,0.1711,-0.0726
0.5195,-9.8021,-1.3072,-0.1642,0.2432,-0.0268
0.0119,-9.7542,-1.3168,-0.1471,0.3141,-0.0018
-0.3447,-9.6968,-1.2569,-0.1043,0.3617,-0.0054
-0.3399,-9.9721,-1.2306,-0.0695,0.3575,-0.0097
-0.158,-10.1756,-1.4149,-0.0402,0.2573,0.0048
-0.3687,-9.7518,-1.3263,-0.0274,0.0783,-0.0109
-0.0718,-9.6297,-0.8762,-0.0628,0.0893,0.0207
-0.2346,-9.4693,-0.5243,-0.0915,0.1718,0.0934
-0.0885,-9.2419,-0.8212,-0.0542,0.231,0.083
0.462,-9.1198,-1.5562,0.0055,0.2298,0.0861
0.2681,-9.1006,-1.6567,0.055,0.3,0.1148
-0.0885,-9.0982,-1.8938,0.0526,0.3593,0.0757
-0.3064,-9.4526,-1.9321,0.0293,0.3611,0.0745
-0.2992,-9.6297,-1.6998,0.0122,0.3422,0.0635
-0.2944,-9.6202,-1.6974,-0.0029,0.3025,0.0678
-0.0574,-9.6202,-1.4652,-0.0121,0.2848,0.0977
-0.2873,-9.6034,-1.4125,-0.0164,0.2982,0.1142
-0.5722,-9.8835,-0.9265,-0.017,0.3263,0.1056
-0.5722,-9.8835,-0.9265,-0.0274,0.3752,0.1386
-0.802,-10.1253,-0.7661,-0.0164,0.3935,0.1594
-0.6033,-10.2283,-0.9409,0.0147,0.3581,0.1295
-0.1292,-9.8572,-0.7302,0.0642,0.2677,0.1026
0.2298,-9.6082,-0.632,0.0684,0.2872,0.105
0.2035,-9.3113,-0.7134,0.0972,0.3434,0.1123
-0.1412,-9.1629,-1.0797,0.1332,0.3666,0.0836
-0.474,-8.9617,-1.5011,0.1717,0.352,0.039
-0.4261,-8.8899,-1.4796,0.19,0.3642,0.0177
-0.2442,-8.8708,-2.0183,0.1741,0.4375,0.0458
-0.134,-8.9354,-2.3606,0.1613,0.454,0.0555
-0.6153,-9.6034,-2.3104,0.1191,0.4955,0.0586
-0.7422,-9.7183,-2.2553,0.0691,0.5285,0.0439
-1.3311,-10.1373,-1.6017,0.0257,0.5065,0.0079
-1.1803,-10.4581,-1.142,-0.0103,0.3856,-0.0299
-0.6057,-10.2067,-0.8858,0.0006,0.2897,-0.0158
-0.5889,-10.1158,-0.8092,0.0336,0.2634,0.0067
-0.3543,-9.5914,-1.0462,0.0617,0.3318,0.0207
-0.3687,-9.3472,-1.209,0.0874,0.4039,0.0678
-0.7445,-9.7973,-2.3989,0.11,0.4711,0.1014
-0.8188,-9.8428,-2.4756,0.1552,0.5212,0.1026
-1.3383,-10.1588,-2.3175,0.1582,0.5065,0.0635
-1.2761,-10.1349,-2.1859,0.1045,0.4271,0.0244
-0.9289,-9.8021,-1.6879,0.0605,0.2591,0.0244
-0.8068,-9.4478,-1.221,-0.0023,0.1614,0.05
-0.7422,-9.1078,-0.9648,-0.042,0.1864,0.0977
-0.9457,-9.0647,-0.6991,-0.0329,0.2842,0.1484
-1.2425,-9.2131,-1.0151,0.0104,0.3129,0.1685
-1.5514,-9.3472,-1.3215,0.0776,0.2732,0.1655
-2.114,-9.6513,-1.8004,0.1405,0.2304,0.1545
-2.193,-9.7949,-1.9656,0.1735,0.2567,0.1563
-1.5418,-9.5459,-2.0518,0.1576,0.3135,0.1881
-1.5538,-9.4957,-2.0566,0.121,0.2787,0.2247
-1.1971,-9.2658,-1.6855,0.0752,0.2322,0.251
-0.8116,-9.2179,-1.2856,0.0312,0.2475,0.2864
-0.9121,-9.6896,-1.3048,0.019,0.2787,0.3078
-0.9121,-9.6896,-1.3048,0.0923,0.2194,0.2095
-1.4532,-10.0535,-1.3814,0.0923,0.2194,0.2095
-1.4939,-10.0224,-1.5155,0.1051,0.1577,0.1649
-1.3479,-9.4358,-0.7038,0.091,0.1333,0.1301
-1.3646,-9.4095,-0.6847,0.0593,0.2102,0.113
-1.4891,-9.1341,-0.4644,0.0587,0.2903,0.0946
-1.446,-8.9019,-0.711,0.1124,0.2512,0.0543
-0.8954,-8.6553,-1.3263,0.1576,0.184,0.0537
-0.2657,-8.7702,-1.8794,0.1772,0.1882,0.083
0.0454,-8.9163,-2.217,0.187,0.297,0.1007
-0.4644,-9.1341,-1.9033,0.1686,0.4344,0.0525
-1.5801,-9.6034,-1.5011,0.1448,0.4973,-0.0452
-1.8171,-9.668,-1.9847,0.1527,0.3092,-0.1655
-1.5203,-9.5316,-1.8291,0.146,0.1143,-0.1771
-0.96,-9.2514,-1.5107,0.0776,0.1186,-0.1343
-0.2274,-9.2155,-1.2234,0.0275,0.2157,-0.0702
-0.2849,-9.3472,-1.4293,0.0159,0.3532,-0.0207
-0.3543,-9.7231,-1.9416,0.0367,0.424,-0.0061
-0.2729,-10.3336,-2.1356,0.0471,0.4008,-0.0238
-1.8387,-11.0303,-2.217,0.0428,0.4418,-0.0757
-1.9201,-11.0447,-2.1691,0.0049,0.3416,-0.1692
-1.6519,-10.9034,-1.3862,-0.0561,0.1889,-0.2009
-1.0151,-10.4078,-1.0749,-0.0915,0.1168,-0.1551
-0.3591,-10.0224,-0.9696,-0.0677,0.1601,-0.058
-0.3974,-10.0032,-1.0438,-0.0145,0.2884,-0.0219
-0.7781,-9.8979,-2.0063,0.0367,0.2958,-0.0427
-1.0103,-9.8596,-2.5402,0.0501,0.2078,-0.0616
-0.9768,-9.5483,-2.2744,0.008,0.1266,-0.0568
-0.9313,-9.2227,-2.059,-0.0597,0.0838,-0.028
-0.7757,-9.0144,-1.1923,-0.1385,0.0838,0.0207
-0.881,-8.9091,-0.9528,-0.1605,0.1156,0.0335
-0.5123,-8.8468,-0.4381,-0.1666,0.0826,0.0421
-0.2513,-8.8564,-0.6631,-0.1501,0.0545,0.0678
0.0287,-8.9953,-0.802,-0.0866,0.0471,0.1001
0.2657,-9.1054,-0.9696,0.0159,0.1675,0.1032
-0.62,-9.3927,-0.5051,0.08,0.1937,0.0464
-0.6775,-9.4166,-0.4692,0.1326,0.1278,-0.0415
-0.5315,-9.7758,-1.0007,0.2132,0.0691,-0.091
-0.7685,-9.9793,-1.4053,0.3122,-0.0193,-0.116
-0.7541,-10.2426,-1.9393,0.3574,-0.1269,-0.1368
-0.6488,-10.3576,-1.6855,0.3598,0.0044,-0.0873
-0.1268,-10.7023,-0.8355,0.3268,0.1711,-0.0775
-0.407,-10.8819,-0.8499,0.3128,0.1828,-0.1264
-0.8331,-10.8795,-0.2442,0.3079,-0.034,-0.2461
-0.7829,-10.8556,-0.146,0.2694,-0.2845,-0.3194
-0.1532,-10.8005,0.4309,0.259,-0.3791,-0.2883
0.0502,-10.8101,0.0407,0.3323,-0.1941,-0.1899
0.1963,-10.7143,0.3687,0.457,-0.1006,-0.1936
0.3088,-10.8364,0.0143,0.562,-0.089,-0.2174
0.0502,-10.6377,-1.3814,0.6555,-0.2258,-0.273
-0.0598,-10.2426,-2.1164,0.7007,-0.3584,-0.3567
0.0885,-9.668,-2.0685,0.6286,-0.2478,-0.3982
0.0287,-9.364,-2.1164,0.559,-0.0945,-0.4098
0.1939,-9.0072,-1.865,0.4777,-0.0694,-0.4166
0.407,-8.7654,-1.458,0.3574,-0.1342,-0.4086
1.4149,-9.6872,-0.5219,0.2383,-0.1983,-0.3958
1.47,-9.7973,-0.5243,0.1686,-0.2069,-0.3799
1.4915,-10.1229,-0.6033,0.1747,-0.2203,-0.4935
1.2545,-10.5419,-0.8499,0.1747,-0.3242,-0.6462
0.3303,-10.2522,-0.2944,0.1277,-0.373,-0.7971
0.3303,-10.2522,-0.2944,-0.0255,-0.213,-0.9272
0.3639,-9.3783,0.5434,-0.0255,-0.213,-0.9272
0.2537,-8.7367,0.4046,-0.0182,-0.2173,-0.8839
0.5123,-8.1262,-0.4165,0.0513,-0.2747,-0.8362
0.5937,-8.107,-0.4453,0.1271,-0.2228,-0.7476
0.5937,-8.107,-0.4453,0.1912,0.0258,-0.6285
0.9193,-8.2555,-1.1252,0.1912,0.0258,-0.6285
1.0127,-9.1102,-1.8243,0.1906,0.0404,-0.6334
1.3934,-9.6225,-1.4772,0.0611,0.071,-0.6194
1.3934,-9.6225,-1.4772,-0.13,0.0539,-0.6151
1.0438,-10.494,-0.1197,-0.13,0.0539,-0.6151
1.3718,-10.5323,-0.0215,-0.1294,-0.0786,-0.5674
1.3168,-10.1804,-0.1699,-0.1428,-0.2722,-0.5167
0.9504,-9.7183,-0.4548,-0.188,-0.3822,-0.5125
1.0438,-9.6728,-0.3136,-0.2332,-0.125,-0.4581
1.2401,-9.1892,-1.1037,-0.2363,0.1259,-0.3805
1.2785,-9.1222,-1.1276,-0.2143,0.2707,-0.3237
1.4317,-8.7678,-0.3423,-0.2094,0.4051,-0.2724
1.4317,-8.6912,0.4046,-0.2265,0.5016,-0.2315
1.0103,-9.6417,-0.0311,-0.1801,0.2787,-0.2278
1.0773,-9.8213,-0.1484,-0.1306,0.0099,-0.2266
0.9026,-9.9458,-0.9385,-0.1434,-0.155,-0.2101
0.8643,-9.2993,-0.9409,-0.2051,-0.0389,-0.1918
1.1252,-7.9131,-0.1843,-0.2925,0.3459,-0.1001
1.1779,-7.8293,-0.1628,-0.3206,0.7173,-0.0073
1.4915,-7.1302,0.1819,-0.2564,0.848,0.0048
