andar
-2.6877,-11.5535,0.0143,-0.1952,0.8692,0.4471
-2.6877,-11.5535,0.0143,0.3001,0.3792,0.5493
-2.6877,-11.5535,0.0143,0.7517,-0.017,0.6633
-2.6877,-11.5535,0.0143,1.083,-0.1022,0.6985
-2.6877,-11.5535,0.0143,1.3493,-0.0873,0.7347
-2.6877,-11.5535,0.0143,1.5507,-0.1597,0.8902
-2.6877,-11.5535,0.0143,1.6146,-0.2247,1.0713
-2.6877,-11.5535,0.0143,1.4569,0.1778,1.0138
-2.6877,-11.5535,0.0143,0.9392,0.5645,0.6228
-2.6877,-11.5535,0.0143,0.0849,0.4133,0.1872
-2.6877,-11.5535,0.0143,-0.2186,0.5667,0.1073
-2.6877,-11.5535,0.0143,-0.0013,0.8692,0.2127
-2.6877,-11.5535,0.0143,0.3469,0.0894,-0.0428
-2.6877,-11.5535,0.0143,0.4279,-1.1515,-0.4263
-2.6877,-11.5535,0.0143,-0.3517,0.1225,-0.4881
-2.6877,-11.5535,0.0143,-0.0524,-0.1459,0.1339
-2.6877,-11.5535,0.0143,1.6998,-2.0164,1.001
-2.6877,-11.5535,0.0143,1.3919,-1.6415,0.3885
-2.6877,-11.5535,0.0143,1.3238,-1.0194,-0.2591
-2.6877,-11.5535,0.0143,1.409,-1.1312,-0.0908
-2.6877,-11.5535,0.0143,1.1629,-0.6071,-0.062
-2.6877,-11.5535,0.0143,1.2354,-0.3728,-0.1589
-2.6877,-11.5535,0.0143,1.213,-0.9661,-0.1025
-2.6877,-11.5535,0.0143,1.1459,-1.3645,0.0508
-2.6877,-11.5535,0.0143,1.0031,-1.1227,0.0753
-2.6877,-11.5535,0.0143,0.887,-0.7499,0.0497
-2.6877,-11.5535,0.0143,0.9009,-0.3557,0.0998
-2.6877,-11.5535,0.0143,0.9019,-0.0181,0.1307
-2.6877,-11.5535,0.0143,0.8934,0.0798,0.0764
-2.6877,-11.5535,0.0143,0.8668,0.0521,0.0221
-2.6877,-11.5535,0.0143,0.8242,-0.0234,0.0444
-2.6877,-11.5535,0.0143,0.7411,-0.0596,0.0561
-2.6877,-11.5535,0.0143,0.7102,-0.0937,0.0125
-2.6877,-11.5535,0.0143,0.7411,-0.2354,-0.0854
-2.6877,-11.5535,0.0143,0.7038,-0.4473,-0.1451
-2.6877,-11.5535,0.0143,0.7304,-0.5113,-0.193
-2.6877,-11.5535,0.0143,0.7688,-0.3174,-0.225
-2.6877,-11.5535,0.0143,0.7613,-0.1597,-0.2292
-2.6877,-11.5535,0.0143,0.724,-0.2726,-0.1334
-2.6877,-11.5535,0.0143,0.7102,-0.2481,-0.1057
-2.6877,-11.5535,0.0143,0.6165,-0.1288,-0.1898
-2.6877,-11.5535,0.0143,0.5611,-0.2961,-0.2399
-2.6877,-11.5535,0.0143,0.5568,-0.5858,-0.2655
-2.6877,-11.5535,0.0143,0.5749,-0.6529,-0.323
-2.6877,-11.5535,0.0143,0.5334,-0.735,-0.4284
-2.6877,-11.5535,0.0143,0.348,-0.7509,-0.5446
-2.6877,-11.5535,0.0143,0.0913,-0.4729,-0.4742
-2.6877,-11.5535,0.0143,-0.4913,0.1704,-0.5904
-2.6877,-11.5535,0.0143,-1.2029,1.0513,0.0199
-2.6877,-11.5535,0.0143,-1.6025,0.3738,0.5131
-2.6877,-11.5535,0.0143,-2.1383,0.3248,-0.0354
-2.6877,-11.5535,0.0143,-2.706,0.4591,-0.4913
-2.6877,-11.5535,0.0143,-3.0341,0.164,-0.4231
-2.6877,-11.5535,0.0143,-2.9628,0.0671,-0.1398
-2.6877,-11.5535,0.0143,-2.5111,0.1725,0.0764
-2.6877,-11.5535,0.0143,-2.2182,0.9864,-0.0098
-2.6877,-11.5535,0.0143,-2.3673,2.7356,-0.078
-2.6877,-11.5535,0.0143,-2.8307,3.0019,-0.2324
-2.6877,-11.5535,0.0143,-2.8168,2.3553,-0.3049
-2.6877,-11.5535,0.0143,-2.5953,1.7863,-0.2878
-2.6877,-11.5535,0.0143,-2.4951,1.4476,-0.2399
-2.6877,-11.5535,0.0143,-2.2789,1.3123,-0.0961
-2.6877,-11.5535,0.0143,-1.8251,1.3603,0.1254
-2.6877,-11.5535,0.0143,-1.385,1.4838,0.3491
-2.6877,-11.5535,0.0143,-0.9824,1.3656,0.4599
-2.6877,-11.5535,0.0143,-0.5073,0.8681,0.4503
-2.6877,-11.5535,0.0143,-0.0268,0.3376,0.544
-2.6877,-11.5535,0.0143,0.3736,-0.0607,0.6378
-2.6877,-11.5535,0.0143,0.6548,-0.2311,0.6495
-2.6877,-11.5535,0.0143,0.8689,-0.1683,0.6101
-2.6877,-11.5535,0.0143,1.1555,-0.2236,0.6963
-2.6877,-11.5535,0.0143,1.4686,-0.3909,0.8551
-2.6877,-11.5535,0.0143,1.5975,-0.4037,1.0298
-2.6877,-11.5535,0.0143,1.4889,-0.1725,1.0362
-2.6877,-11.5535,0.0143,0.9712,0.1193,0.6889
-2.6877,-11.5535,0.0143,0.0711,0.1981,0.2042
-2.6877,-11.5535,0.0143,-0.3358,0.5027,-0.0205
-2.6877,-11.5535,0.0143,-0.2335,0.8532,-0.013
-2.6877,-11.5535,0.0143,0.0743,0.4665,0.1989
-2.6877,-11.5535,0.0143,0.3235,-0.2854,0.2362
-2.6877,-11.5535,0.0143,-0.1142,-0.7403,-0.1227
-2.6877,-11.5535,0.0143,-0.6607,0.0852,-0.6788
-2.6877,-11.5535,0.0143,-0.0471,-0.0671,-0.4785
-2.6877,-11.5535,0.0143,0.6942,-1.0279,0.4545
-2.6877,-11.5535,0.0143,1.1405,-1.2814,0.7762
-2.6877,-11.5535,0.0143,1.3067,-1.2793,0.6154
-2.6877,-11.5535,0.0143,1.2236,-1.291,0.4098
-2.6877,-11.5535,0.0143,1.164,-1.0439,0.2447
-2.6877,-11.5535,0.0143,1.197,-1.1845,0.0956
-2.6877,-11.5535,0.0143,1.3983,-1.6638,0.1201
-2.6877,-11.5535,0.0143,1.4409,-2.0505,0.1882
-2.6877,-11.5535,0.0143,1.3195,-2.1198,0.2458
-2.6877,-11.5535,0.0143,1.1842,-1.8396,0.2969
-2.6877,-11.5535,0.0143,1.1672,-1.4955,0.2596
-2.6877,-11.5535,0.0143,1.1587,-1.3901,0.1446
-2.6877,-11.5535,0.0143,1.1139,-1.3038,0.0774
-2.6877,-11.5535,0.0143,1.0212,-1.0513,0.0881
-2.6877,-11.5535,0.0143,0.9168,-0.7499,0.0796
-2.6877,-11.5535,0.0143,0.8849,-0.5794,0.0316
-2.6877,-11.5535,0.0143,0.8923,-0.5507,-0.0311
-2.6877,-11.5535,0.0143,0.9264,-0.6295,-0.0577
-2.6877,-11.5535,0.0143,0.9158,-0.6828,-0.1217
-2.6877,-11.5535,0.0143,0.8977,-0.5475,-0.2623
-2.6877,-11.5535,0.0143,0.8519,-0.4346,-0.3805
-2.6877,-11.5535,0.0143,0.7997,-0.377,-0.4391
-2.6877,-11.5535,0.0143,0.7262,-0.4452,-0.4125
-2.6877,-11.5535,0.0143,0.6676,-0.5517,-0.2772
-2.6877,-11.5535,0.0143,0.6175,-0.3983,-0.2037
-2.6877,-11.5535,0.0143,0.4407,-0.2396,-0.2442
-2.6877,-11.5535,0.0143,0.3193,-0.4569,-0.2964
-2.6877,-11.5535,0.0143,0.2436,-0.6444,-0.3294
-2.6877,-11.5535,0.0143,0.1414,-0.7232,-0.4039
-2.6877,-11.5535,0.0143,-0.0545,-0.638,-0.5424
-2.6877,-11.5535,0.0143,-0.5744,-0.3504,-0.6873
-2.6877,-11.5535,0.0143,-1.0686,-0.1033,-0.4583
-2.6877,-11.5535,0.0143,-1.8251,0.1949,-0.4902
-2.6877,-11.5535,0.0143,-2.9415,1.1174,-0.5296
-2.6877,-11.5535,0.0143,-3.489,0.9704,-0.2612
-2.6877,-11.5535,0.0143,-3.4496,0.18,-0.2346
-2.6877,-11.5535,0.0143,-3.0437,-0.2844,-0.4125
-2.6877,-11.5535,0.0143,-2.6624,0.1107,-0.2175
-2.6877,-11.5535,0.0143,-2.0935,1.8066,0.4609
-2.6877,-11.5535,0.0143,-2.3471,2.1347,0.5749
-2.6877,-11.5535,0.0143,-2.525,2.4789,0.2671
-2.6877,-11.5535,0.0143,-2.7295,3.199,0.1392
-2.6877,-11.5535,0.0143,-2.6261,2.8645,0.1254
-2.6877,-11.5535,0.0143,-2.0903,2.1208,0.0828
-2.6877,-11.5535,0.0143,-1.6642,1.8023,0.1403
-2.6877,-11.5535,0.0143,-1.433,2.0899,0.3938
-2.6877,-11.5535,0.0143,-1.0154,2.0697,0.495
-2.6877,-11.5535,0.0143,-0.3709,1.4391,0.4364
-2.6877,-11.5535,0.0143,0.201,0.5336,0.3288
-2.6877,-11.5535,0.0143,0.511,-0.3408,0.2713
-2.6877,-11.5535,0.0143,0.5685,-0.8042,0.2383
-2.6877,-11.5535,0.0143,0.5525,-0.7935,0.2127
-2.6877,-11.5535,0.0143,0.707,-0.573,0.2532
-2.6877,-11.5535,0.0143,1.0244,-0.4537,0.511
-2.6877,-11.5535,0.0143,1.2556,-0.3046,0.821
-2.6877,-11.5535,0.0143,1.165,-0.1022,0.9701
-2.6877,-11.5535,0.0143,0.7922,-0.0255,0.8945
-2.6877,-11.5535,0.0143,0.3256,0.0138,0.7326
-2.6877,-11.5535,0.0143,0.0913,0.3025,0.593
-2.6877,-11.5535,0.0143,0.1509,1.1131,0.4258
-2.6877,-11.5535,0.0143,0.1936,1.2676,0.3001
-2.6877,-11.5535,0.0143,0.2223,0.4452,0.1723
-2.6877,-11.5535,0.0143,-1.1507,-0.5358,0.0039
-2.6877,-11.5535,0.0143,-0.323,-0.1672,-0.291
-2.6877,-11.5535,0.0143,0.6708,-0.5635,0.0018
-2.6877,-11.5535,0.0143,0.8135,-1.1802,0.2639
-2.6877,-11.5535,0.0143,1.2258,-1.1451,0.4908
-2.6877,-11.5535,0.0143,1.3376,-1.4018,0.6367
-2.6877,-11.5535,0.0143,1.1501,-0.7818,0.5099
-2.6877,-11.5535,0.0143,1.3461,-0.7137,0.2085
-2.6877,-11.5535,0.0143,1.3951,-1.4891,-0.1323
-2.6877,-11.5535,0.0143,1.4303,-1.8045,-0.1898
-2.6877,-11.5535,0.0143,1.4921,-1.7693,0.086
-2.6877,-11.5535,0.0143,1.409,-1.5818,0.3256
-2.6877,-11.5535,0.0143,1.3323,-1.2537,0.331
-2.6877,-11.5535,0.0143,1.3184,-1.0641,0.2287
-2.6877,-11.5535,0.0143,1.2886,-1.062,0.086
-2.6877,-11.5535,0.0143,1.2748,-1.0034,-0.0119
-2.6877,-11.5535,0.0143,1.2705,-0.9459,-0.0386
-2.6877,-11.5535,0.0143,1.3131,-0.882,-0.046
-2.6877,-11.5535,0.0143,1.3419,-0.7786,-0.128
-2.6877,-11.5535,0.0143,1.3195,-0.6924,-0.2111
-2.6877,-11.5535,0.0143,1.2513,-0.6316,-0.2921
-2.6877,-11.5535,0.0143,1.2311,-0.5464,-0.3528
-2.6877,-11.5535,0.0143,1.115,-0.4559,-0.3805
-2.6877,-11.5535,0.0143,0.7986,-0.5134,-0.3922
-2.6877,-11.5535,0.0143,0.544,-0.7584,-0.3475
-2.6877,-11.5535,0.0143,0.478,-0.818,-0.2505
-2.6877,-11.5535,0.0143,0.3267,-0.7264,-0.2431
-2.6877,-11.5535,0.0143,0.1552,-0.6924,-0.2964
-2.6877,-11.5535,0.0143,-0.2601,-0.425,-0.3784
-2.6877,-11.5535,0.0143,-0.6905,0.0181,-0.1302
-2.6877,-11.5535,0.0143,-1.1656,0.6849,0.3374
-2.6877,-11.5535,0.0143,-1.4617,0.8479,0.3256
-2.6877,-11.5535,0.0143,-2.1276,0.4399,-0.4796
-2.6877,-11.5535,0.0143,-2.672,0.0671,-0.8396
-2.6877,-11.5535,0.0143,-2.9532,-0.0703,-0.4434
-2.6877,-11.5535,0.0143,-2.7273,0.0596,0.0263
-2.6877,-11.5535,0.0143,-2.2128,0.3462,0.1509
-2.6877,-11.5535,0.0143,-2.1777,1.9206,0.005
-2.6877,-11.5535,0.0143,-2.5793,3.2458,-0.2463
-2.6877,-11.5535,0.0143,-2.7423,2.9859,-0.3762
-2.6877,-11.5535,0.0143,-2.5654,1.9834,-0.4082
-2.6877,-11.5535,0.0143,-2.3353,1.5094,-0.372
-2.6877,-11.5535,0.0143,-2.2246,1.4689,-0.1856
-2.6877,-11.5535,0.0143,-2.069,1.4029,0.0146
-2.6877,-11.5535,0.0143,-1.7335,1.3911,0.2106
-2.6877,-11.5535,0.0143,-1.2955,1.3539,0.3661
-2.6877,-11.5535,0.0143,-0.7885,1.0386,0.4023
-2.6877,-11.5535,0.0143,-0.2165,0.5698,0.4481
-2.6877,-11.5535,0.0143,0.2489,0.3163,0.5302
-2.6877,-11.5535,0.0143,0.5866,0.083,0.5621
-2.6877,-11.5535,0.0143,0.8263,-0.0671,0.5525
-2.6877,-11.5535,0.0143,1.0383,-0.1246,0.6324
-2.6877,-11.5535,0.0143,1.2801,-0.1214,0.7805
-2.6877,-11.5535,0.0143,1.3642,0.1288,0.9232
-2.6877,-11.5535,0.0143,1.2077,0.5049,0.8668
-2.6877,-11.5535,0.0143,0.6995,0.5752,0.5472
-2.6877,-11.5535,0.0143,-0.0439,0.0042,0.2276
-2.6877,-11.5535,0.0143,-0.2356,-0.1438,0.1243
-2.6877,-11.5535,0.0143,-0.0098,0.0703,0.1435
-2.6877,-11.5535,0.0143,0.283,0.0468,0.2234
-2.6877,-11.5535,0.0143,0.7517,-0.3643,0.0093
-2.6877,-11.5535,0.0143,1.425,-1.0939,0.1808
-2.6877,-11.5535,0.0143,-0.2463,-1.3549,-0.0812
-2.6877,-11.5535,0.0143,-0.3507,0.3696,-0.1025
-2.6877,-11.5535,0.0143,0.6804,-0.9256,0.396
-2.6877,-11.5535,0.0143,1.4239,-1.7661,0.5536
-2.6877,-11.5535,0.0143,1.295,-1.1898,0.1339
-2.6877,-11.5535,0.0143,1.6465,-1.7246,0.0487
-2.6877,-11.5535,0.0143,1.3856,-1.2005,0.4673
-2.6877,-11.5535,0.0143,1.1427,-0.7414,0.2894
-2.6877,-11.5535,0.0143,1.1704,-1.2633,-0.1014
-2.6877,-11.5535,0.0143,1.1629,-1.8098,-0.094
-2.6877,-11.5535,0.0143,1.0404,-1.9515,0.1275
-2.6877,-11.5535,0.0143,0.9776,-1.5328,0.3054
-2.6877,-11.5535,0.0143,0.9648,-0.7946,0.2649
-2.6877,-11.5535,0.0143,1.0053,-0.5422,0.1509
-2.6877,-11.5535,0.0143,1.0085,-0.4995,0.0434
-2.6877,-11.5535,0.0143,0.9403,-0.3515,-0.0205
-2.6877,-11.5535,0.0143,0.9254,-0.376,-0.0109
-2.6877,-11.5535,0.0143,0.9275,-0.474,-0.0322
-2.6877,-11.5535,0.0143,0.9105,-0.5464,-0.1227
-2.6877,-11.5535,0.0143,0.9627,-0.5081,-0.1579
-2.6877,-11.5535,0.0143,0.9925,-0.3834,-0.1621
-2.6877,-11.5535,0.0143,0.9488,-0.3014,-0.1994
-2.6877,-11.5535,0.0143,0.9403,-0.3738,-0.2655
-2.6877,-11.5535,0.0143,0.8721,-0.4963,-0.2942
-2.6877,-11.5535,0.0143,0.7145,-0.605,-0.258
-2.6877,-11.5535,0.0143,0.6143,-0.5784,-0.1888
-2.6877,-11.5535,0.0143,0.5206,-0.4942,-0.1781
-2.6877,-11.5535,0.0143,0.3842,-0.4473,-0.193
-2.6877,-11.5535,0.0143,0.2585,-0.5464,-0.2655
-2.6877,-11.5535,0.0143,0.1371,-0.6231,-0.3997
-2.6877,-11.5535,0.0143,-0.3368,-0.3824,-0.7278
-2.6877,-11.5535,0.0143,-1.0644,-0.197,-0.7235
-2.6877,-11.5535,0.0143,-1.8368,-0.0852,-0.52
-2.6877,-11.5535,0.0143,-2.7998,1.0897,-0.1611
-2.6877,-11.5535,0.0143,-3.3047,1.5509,-0.0695
-2.6877,-11.5535,0.0143,-3.2962,1.1003,-0.1525
-2.6877,-11.5535,0.0143,-3.1012,0.4729,-0.3837
-2.6877,-11.5535,0.0143,-2.6389,0.7531,-0.4402
-2.6877,-11.5535,0.0143,-2.2938,1.6202,-0.0386
-2.6877,-11.5535,0.0143,-2.4312,2.107,0.1776
-2.6877,-11.5535,0.0143,-2.5942,2.6855,0.0029
-2.6877,-11.5535,0.0143,-2.7465,2.5034,-0.0513
-2.6877,-11.5535,0.0143,-2.4951,1.9642,0.0945
-2.6877,-11.5535,0.0143,-2.036,1.5808,0.185
-1.4493,-11.206,-1.0803,-2.036,1.5808,0.185
-0.752,-11.4454,-1.1234,-2.036,1.5808,0.185
1.3605,-10.7388,-0.5653,-2.036,1.5808,0.185
2.278,-10.0538,-0.8143,-2.036,1.5808,0.185
0.436,-10.5114,-1.0492,-2.036,1.5808,0.185
-0.5102,-12.0227,-1.526,-2.036,1.5808,0.185
-1.4876,-10.7029,-1.9354,-2.036,1.5808,0.185
-4.367,-10.5377,-1.8061,-2.036,1.5808,0.185
-8.1806,-17.8631,0.5653,-2.036,1.5808,0.185
0.9127,-16.1695,-0.0502,-2.036,1.5808,0.185
11.0552,-10.2166,-0.4049,-2.036,1.5808,0.185
6.9324,-9.8407,0.345,-2.036,1.5808,0.185
3.986,-12.5976,-0.2585,-2.036,1.5808,0.185
1.4829,-13.4841,1.2024,-2.036,1.5808,0.185
-0.4863,-13.5296,2.278,-2.036,1.5808,0.185
0.0263,-11.9892,1.6169,-2.036,1.5808,0.185
1.0708,-10.3124,0.0095,-2.036,1.5808,0.185
1.3533,-9.2559,-0.7113,-2.036,1.5808,0.185
1.9282,-9.7973,-0.1915,-2.036,1.5808,0.185
1.7295,-9.2658,-0.1987,-2.036,1.5808,0.185
1.739,-7.9385,-0.5773,-2.036,1.5808,0.185
1.5547,-7.3277,-0.3211,-2.036,1.5808,0.185
0.9415,-7.1529,0.1939,-2.036,1.5808,0.185
0.8888,-6.5469,0.0383,-2.036,1.5808,0.185
1.2192,-5.3058,-0.1651,-2.036,1.5808,0.185
1.3964,-4.2233,-0.4647,-2.036,1.5808,0.185
1.2551,-4.2185,-0.7927,-2.036,1.5808,0.185
1.4972,-4.9562,-1.1354,-2.036,1.5808,0.185
1.581,-6.1324,-1.7438,-2.036,1.5808,0.185
1.6912,-7.1242,-3.265,-2.036,1.5808,0.185
2.1727,-8.0654,-5.1071,-2.036,1.5808,0.185
2.2732,-9.7973,-6.6307,-2.036,1.5808,0.185
1.8779,-12.5091,-8.3003,-2.036,1.5808,0.185
2.4672,-14.1811,-9.2607,-2.036,1.5808,0.185
3.4781,-11.7498,-6.6522,-2.036,1.5808,0.185
3.2291,-10.0394,-4.3287,-2.036,1.5808,0.185
4.8365,-12.8517,-4.0985,-2.036,1.5808,0.185
6.3646,-17.6329,-2.4887,-2.036,1.5808,0.185
2.5417,-15.5204,1.236,-2.036,1.5808,0.185
-0.7209,-6.9348,-1.2958,-2.036,1.5808,0.185
-4.288,-1.4829,7.2583,-2.036,1.5808,0.185
1.4446,-2.1344,1.4613,-2.036,1.5808,0.185
1.2934,-10.1807,1.2168,-2.036,1.5808,0.185
-3.1549,-15.9944,2.2325,-2.036,1.5808,0.185
-0.3666,-9.6513,0.369,-2.036,1.5808,0.185
1.2886,-6.6475,-0.7544,-2.036,1.5808,0.185
-0.2513,-8.3339,-2.5585,-2.036,1.5808,0.185
-1.3557,-10.6718,-1.8851,-2.036,1.5808,0.185
-0.7879,-10.4755,-0.5389,-2.036,1.5808,0.185
-0.3306,-10.0801,0.3594,-2.036,1.5808,0.185
-0.4432,-10.1113,0.9008,-2.036,1.5808,0.185
-0.5342,-9.5747,0.4839,-2.036,1.5808,0.185
0.0143,-9.0429,-0.1604,-2.036,1.5808,0.185
0.2346,-9.431,-0.1675,-2.036,1.5808,0.185
0.0766,-10.2477,-0.055,-2.036,1.5808,0.185
0.4575,-10.0801,-0.4456,-2.036,1.5808,0.185
1.3509,-9.3161,-0.7808,-2.036,1.5808,0.185
1.6792,-9.0429,-1.2144,-2.036,1.5808,0.185
0.7065,-9.3089,-1.5643,-2.036,1.5808,0.185
0.2971,-8.9207,-0.4695,-2.036,1.5808,0.185
0.1173,-8.9614,0.3905,-2.036,1.5808,0.185
-0.6275,-9.2009,-0.237,-2.036,1.5808,0.185
-1.4781,-9.5052,-0.3905,-2.036,1.5808,0.185
-0.3905,-9.3927,0.7377,-2.036,1.5808,0.185
0.4887,-9.2488,1.0277,-2.036,1.5808,0.185
-0.2633,-9.8287,0.8529,-2.036,1.5808,0.185
-0.4695,-10.298,0.6251,-2.036,1.5808,0.185
0.3666,-10.3674,0.4982,-2.036,1.5808,0.185
0.8262,-10.2022,-0.3857,-2.036,1.5808,0.185
0.2202,-9.982,-0.5868,-2.036,1.5808,0.185
-1.121,-11.3952,-0.1939,-2.036,1.5808,0.185
-2.9056,-12.3726,0.4695,-2.036,1.5808,0.185
-7.1601,-18.7516,2.0362,-2.036,1.5808,0.185
0.3019,-19.5974,-1.4637,-2.036,1.5808,0.185
8.0678,-11.8408,-1.8923,-2.036,1.5808,0.185
6.0079,-7.9673,-0.697,-2.036,1.5808,0.185
2.3642,-8.3195,0.0837,-2.036,1.5808,0.185
2.1224,-10.5449,1.3868,-2.036,1.5808,0.185
3.7585,-12.3103,2.1871,-2.036,1.5808,0.185
3.7921,-12.5761,2.1799,-2.036,1.5808,0.185
1.2288,-12.6746,3.9549,-2.036,1.5808,0.185
0.333,-10.8346,0.5749,-2.036,1.5808,0.185
0.3929,-9.0836,-0.5773,-2.036,1.5808,0.185
1.0301,-9.2826,-0.213,-2.036,1.5808,0.185
1.593,-9.8287,-0.6132,-2.036,1.5808,0.185
2.5992,-9.5531,-1.0324,-2.036,1.5808,0.185
2.738,-8.59,-1.0923,-2.036,1.5808,0.185
2.1583,-7.1841,-0.8286,-2.036,1.5808,0.185
1.8947,-5.8759,-0.7448,-2.036,1.5808,0.185
2.6901,-5.234,-0.8816,-2.036,1.5808,0.185
2.4432,-5.4091,-0.6203,-2.036,1.5808,0.185
2.0937,-5.2388,-0.8406,-2.036,1.5808,0.185
1.9521,-4.8677,-1.5068,-2.036,1.5808,0.185
1.8396,-4.8461,-2.029,-2.036,1.5808,0.185
1.6026,-5.3348,-2.6087,-2.036,1.5808,0.185
1.9378,-5.8951,-3.2172,-2.036,1.5808,0.185
2.3139,-6.9874,-4.3598,-2.036,1.5808,0.185
2.6494,-8.614,-5.6197,-2.036,1.5808,0.185
2.841,-11.0576,-7.6009,-2.036,1.5808,0.185
3.6676,-13.2231,-9.4047,-2.036,1.5808,0.185
4.1368,-12.1284,-6.7672,-2.036,1.5808,0.185
4.5537,-10.8011,-4.3861,-2.036,1.5808,0.185
3.9405,-11.4957,-4.4196,-2.036,1.5808,0.185
3.7825,-13.2351,-3.1358,-2.036,1.5808,0.185
1.9883,-13.7885,-1.5571,-2.036,1.5808,0.185
5.7945,-10.6311,-2.2756,-2.036,1.5808,0.185
4.0315,-9.0333,1.9114,-2.036,1.5808,0.185
-3.0493,-9.3017,2.6111,-2.036,1.5808,0.185
-1.1641,-7.3876,1.6169,-2.036,1.5808,0.185
-1.6026,-8.8322,1.8731,-2.036,1.5808,0.185
-1.8779,-11.2204,0.5868,-2.036,1.5808,0.185
0.237,-10.6167,0.2513,-2.036,1.5808,0.185
1.7797,-8.2213,-0.5509,-2.036,1.5808,0.185
1.9186,-7.656,-0.515,-2.036,1.5808,0.185
1.212,-8.825,-0.6203,-2.036,1.5808,0.185
-0.1436,-10.2932,0.1915,-2.036,1.5808,0.185
-0.9439,-10.7915,0.8912,-2.036,1.5808,0.185
-1.0253,-9.6704,0.7664,-2.036,1.5808,0.185
-0.8912,-8.5972,-0.4312,-2.036,1.5808,0.185
-0.8984,-9.2248,-0.9151,-2.036,1.5808,0.185
-1.0085,-10.2717,-0.7425,-2.036,1.5808,0.185
-0.7113,-10.1544,-0.6323,-2.036,1.5808,0.185
-0.2418,-9.4813,-0.3642,-2.036,1.5808,0.185
0.0119,-9.208,-0.685,-2.036,1.5808,0.185
-0.1604,-9.3951,-0.8696,-2.036,1.5808,0.185
0.3163,-9.3544,-0.5581,-2.036,1.5808,0.185
0.6563,-8.9303,0.5366,-2.036,1.5808,0.185
0.3426,-8.9399,0.3905,-2.036,1.5808,0.185
-0.3785,-9.2416,-0.2298,-2.036,1.5808,0.185
-1.6552,-9.8045,-0.5054,-2.036,1.5808,0.185
-2.0003,-10.7604,-0.1412,-2.036,1.5808,0.185
-0.5342,-10.6048,0.5605,-2.036,1.5808,0.185
0.5485,-9.9149,0.2442,-2.036,1.5808,0.185
0.6203,-10.1496,-0.6467,-2.036,1.5808,0.185
0.7305,-10.1759,-0.7065,-2.036,1.5808,0.185
1.3916,-10.0993,-1.37,-2.036,1.5808,0.185
1.4326,-9.8766,-1.8731,-2.036,1.5808,0.185
-0.3259,-10.509,-1.9354,-2.036,1.5808,0.185
-2.5513,-14.7536,-2.3451,-2.036,1.5808,0.185
-1.0324,-13.429,-2.4624,-2.036,1.5808,0.185
-0.3905,-14.2529,0.2585,-2.036,1.5808,0.185
1.5762,-15.9753,0.1508,-2.036,1.5808,0.185
3.0445,-10.8226,-0.7209,-2.036,1.5808,0.185
3.289,-11.9916,-0.0694,-2.036,1.5808,0.185
3.0157,-15.6664,0.1891,-2.036,1.5808,0.185
0.1029,-15.3261,4.7548,-2.036,1.5808,0.185
0.0885,-12.4133,0.3833,-2.036,1.5808,0.185
0.0311,-9.6561,1.0109,-2.036,1.5808,0.185
-0.7999,-7.9098,1.7678,-2.036,1.5808,0.185
-0.3522,-7.6943,-0.0119,-2.036,1.5808,0.185
0.9989,-7.8212,-0.3402,-2.036,1.5808,0.185
2.8529,-8.1878,-0.6419,-2.036,1.5808,0.185
3.3752,-8.4488,0.1292,-2.036,1.5808,0.185
3.7585,-6.76,0.2828,-2.036,1.5808,0.185
3.6676,-5.0807,0.4815,-2.036,1.5808,0.185
3.9405,-4.7333,0.582,-2.036,1.5808,0.185
3.7585,-5.0831,-1.0588,-2.036,1.5808,0.185
2.9727,-5.8185,-2.9343,-2.036,1.5808,0.185
2.3451,-6.4775,-3.6891,-2.036,1.5808,0.185
1.6337,-5.8687,-3.4063,-2.036,1.5808,0.185
1.3413,-5.8616,-3.7178,-2.036,1.5808,0.185
1.0995,-6.7025,-4.791,-2.036,1.5808,0.185
0.5054,-8.8106,-6.9874,-2.036,1.5808,0.185
0.2585,-11.0288,-8.4464,-2.036,1.5808,0.185
1.6241,-11.4095,-8.5757,-2.036,1.5808,0.185
2.9679,-9.692,-6.5948,-2.036,1.5808,0.185
4.6136,-8.7675,-3.131,-2.036,1.5808,0.185
5.4426,-12.9666,-3.7155,-2.036,1.5808,0.185
4.9323,-17.8631,-4.0961,-2.036,1.5808,0.185
0.5773,-14.3227,-9.165,-2.036,1.5808,0.185
5.761,-7.3756,2.6135,-2.036,1.5808,0.185
1.2934,-4.4651,5.5503,-2.036,1.5808,0.185
-0.1819,-6.0294,2.4887,-2.036,1.5808,0.185
-0.6012,-11.285,0.5916,-2.036,1.5808,0.185
-3.8423,-14.0542,1.2384,-2.036,1.5808,0.185
-1.4422,-11.5798,0.963,-2.036,1.5808,0.185
1.4637,-7.4905,-0.0287,-2.036,1.5808,0.185
2.8721,-6.1994,-1.8683,-2.036,1.5808,0.185
1.8803,-8.6044,-0.673,-2.036,1.5808,0.185
0.1556,-11.2611,0.2418,-2.036,1.5808,0.185
-1.0205,-11.3209,0.3809,-2.036,1.5808,0.185
-1.2671,-9.7063,0.4264,-2.036,1.5808,0.185
-0.8119,-8.6451,-0.2729,-2.036,1.5808,0.185
-0.3283,-8.2932,-1.1976,-2.036,1.5808,0.185
-0.1699,-8.8824,-1.3245,-2.036,1.5808,0.185
-0.4504,-9.5531,-1.0732,-2.036,1.5808,0.185
-0.6012,-9.51,-0.4623,-2.036,1.5808,0.185
-0.0167,-8.7484,-0.1053,-2.036,1.5808,0.185
0.4264,-8.3363,-0.0239,-2.036,1.5808,0.185
0.7951,-8.2836,-0.2489,-2.036,1.5808,0.185
0.6108,-8.8681,0.3283,-2.036,1.5808,0.185
0.3354,-10.0682,-0.3618,-2.036,1.5808,0.185
-0.4695,-10.5976,-2.1847,-2.036,1.5808,0.185
-0.4168,-10.4228,-1.9955,-2.036,1.5808,0.185
-0.2947,-10.8897,-0.237,-2.036,1.5808,0.185
-0.9056,-11.2276,-0.2394,-2.036,1.5808,0.185
-1.7175,-10.9184,-0.6682,-2.036,1.5808,0.185
-2.5345,-10.9088,0.0502,-2.036,1.5808,0.185
-3.828,-15.1753,1.1617,-2.036,1.5808,0.185
-3.8567,-18.766,1.9425,-2.036,1.5808,0.185
2.3283,-16.7923,0.6874,-2.036,1.5808,0.185
7.9409,-9.891,-3.5763,-2.036,1.5808,0.185
5.0736,-7.8428,-2.357,-2.036,1.5808,0.185
0.9199,-9.8141,-0.9941,-2.036,1.5808,0.185
0.3761,-12.114,1.3988,-2.036,1.5808,0.185
2.4887,-13.3716,3.0756,-2.036,1.5808,0.185
2.9966,-11.982,4.2039,-2.036,1.5808,0.185
0.951,-11.4406,2.2421,-2.036,1.5808,0.185
-0.2899,-10.0442,-0.3809,-2.036,1.5808,0.185
0.3714,-9.0644,-1.1617,-2.036,1.5808,0.185
1.6337,-9.3664,-0.3115,-2.036,1.5808,0.185
2.2325,-10.0873,-0.3402,-2.036,1.5808,0.185
2.5656,-9.6656,-0.7401,-2.036,1.5808,0.185
1.9859,-8.6379,-0.4887,-2.036,1.5808,0.185
1.6624,-6.7959,-0.3594,-2.036,1.5808,0.185
1.6433,-5.0999,-0.5389,-2.036,1.5808,0.185
1.933,-4.2137,-0.7113,-2.036,1.5808,0.185
2.0147,-4.6255,-0.6922,-2.036,1.5808,0.185
2.1559,-5.0879,-1.4086,-2.036,1.5808,0.185
1.9234,-5.3875,-2.0889,-2.036,1.5808,0.185
1.6648,-5.6317,-2.8841,-2.036,1.5808,0.185
2.0841,-6.1539,-3.5571,-2.036,1.5808,0.185
2.5055,-7.5456,-4.5154,-2.036,1.5808,0.185
2.92,-9.5603,-5.5647,-2.036,1.5808,0.185
3.1908,-12.0132,-7.0428,-2.036,1.5808,0.185
4.4747,-12.5306,-8.6882,-2.036,1.5808,0.185
4.5968,-10.1184,-6.4918,-2.036,1.5808,0.185
4.0626,-8.2405,-4.6734,-2.036,1.5808,0.185
3.3704,-7.1457,-3.301,-2.036,1.5808,0.185
5.7945,-9.8671,-0.8406,-2.036,1.5808,0.185
3.3153,-19.2404,0.3163,-2.036,1.5808,0.185
3.459,-18.584,-7.6201,-2.036,1.5808,0.185
1.8252,-12.9906,2.1392,-2.036,1.5808,0.185
-1.7558,-3.7059,2.3139,-2.036,1.5808,0.185
-1.6074,-0.6706,3.8112,-2.036,1.5808,0.185
0.2226,-4.5825,0.4121,-2.036,1.5808,0.185
-3.0708,-13.1702,1.7797,-2.036,1.5808,0.185
-4.1847,-17.3337,2.2038,-2.036,1.5808,0.185
2.2349,-9.51,-0.436,-2.036,1.5808,0.185
4.3191,-5.4833,-2.2948,-2.036,1.5808,0.185
1.6169,-7.8715,-1.6169,-2.036,1.5808,0.185
-0.8239,-11.1294,-0.5677,-2.036,1.5808,0.185
-1.6816,-11.6373,1.0755,-2.036,1.5808,0.185
-1.4398,-9.8311,1.6313,-2.036,1.5808,0.185
-1.2958,-8.6284,0.3785,-2.036,1.5808,0.185
-1.0636,-8.6858,-0.2947,-2.036,1.5808,0.185
-0.5078,-9.443,-0.5318,-2.036,1.5808,0.185
-0.0981,-10.1041,-0.7113,-2.036,1.5808,0.185
0.5581,-9.9413,-0.5342,-2.036,1.5808,0.185
1.2958,-9.05,-0.4863,-2.036,1.5808,0.185
0.9056,-8.547,0.0335,-2.036,1.5808,0.185
0.3091,-8.2453,0.3666,-2.036,1.5808,0.185
-0.0095,-8.4967,0.4264,-2.036,1.5808,0.185
0.1005,-9.3496,0.2971,-2.036,1.5808,0.185
-0.0215,-10.1232,-0.0861,-2.036,1.5808,0.185
-0.2202,-10.655,-0.2876,-2.036,1.5808,0.185
0.1436,-11.0001,0.2681,-2.036,1.5808,0.185
0.0981,-11.0983,0.0694,-2.036,1.5808,0.185
-0.5174,-10.928,-0.3618,-2.036,1.5808,0.185
0.1795,-10.6718,-1.3102,-2.036,1.5808,0.185
1.5619,-10.6742,-2.2517,-2.036,1.5808,0.185
1.2407,-10.377,-2.0626,-2.036,1.5808,0.185
-2.0434,-14.3008,-1.8971,-2.036,1.5808,0.185
-2.2852,-15.8029,-2.0961,-2.036,1.5808,0.185
-1.5523,-16.0234,-0.2609,-2.036,1.5808,0.185
1.3652,-13.1558,-0.8792,-2.036,1.5808,0.185
1.854,-9.8742,0.3091,-2.036,1.5808,0.185
1.9306,-10.3339,0.776,-2.036,1.5808,0.185
2.4169,-14.2314,2.6231,-2.036,1.5808,0.185
1.6026,-14.4304,2.7237,-2.036,1.5808,0.185
1.8659,-11.3042,0.515,-2.036,1.5808,0.185
1.9186,-9.4166,1.0803,-2.036,1.5808,0.185
0.2418,-9.1003,-0.1963,-2.036,1.5808,0.185
-0.7832,-9.6776,-0.3737,-2.036,1.5808,0.185
0.1891,-9.6824,0.2035,-2.036,1.5808,0.185
1.7582,-8.7292,-0.0718,-2.036,1.5808,0.185
2.3618,-8.5254,-0.0837,-1.8613,1.4945,0.2117
2.3618,-8.5254,-0.0837,-1.5982,1.5307,0.2862
2.975,-7.9864,0.2923,-1.5982,1.5307,0.2862
2.9894,-7.469,0.4456,-1.4457,1.6127,0.331
3.0951,-6.6475,0.4073,-1.2583,1.6734,0.3736
2.9798,-5.8232,0.5102,-1.0431,1.6745,0.4311
2.9798,-5.8232,0.5102,-0.5488,1.4487,0.5174
3.0445,-5.1334,0.5868,-0.2633,1.2015,0.5014
2.9918,-4.5418,0.7544,0.0242,0.9118,0.462
2.5824,-3.9285,0.4695,0.0242,0.9118,0.462
2.5824,-3.9285,0.4695,0.4684,0.3121,0.3746
2.4576,-4.1392,0.0598,0.6228,0.0383,0.3501
2.4576,-4.1392,0.0598,0.8657,-0.3834,0.3384
2.4576,-4.1392,0.0598,1.0798,-0.5667,0.4098
2.4576,-4.1392,0.0598,1.3206,-0.6679,0.5334
2.4576,-4.1392,0.0598,1.5091,-0.638,0.7592
2.4576,-4.1392,0.0598,1.4516,-0.3643,0.8678
2.4576,-4.1392,0.0598,1.0191,0.0234,0.625
2.4576,-4.1392,0.0598,0.1019,-0.0617,0.2617
2.4576,-4.1392,0.0598,-0.5232,-0.1693,0.1339
2.4576,-4.1392,0.0598,-0.4497,0.5262,0.0743
2.4576,-4.1392,0.0598,-0.2271,0.6487,0.1808
2.4576,-4.1392,0.0598,0.3928,0.0766,0.2703
2.4576,-4.1392,0.0598,1.181,-0.3749,0.3885
2.4576,-4.1392,0.0598,0.0849,-0.7147,0.2266
2.4576,-4.1392,0.0598,-0.8556,-0.0884,-0.29
2.4576,-4.1392,0.0598,-0.1078,0.0394,0.2681
2.4576,-4.1392,0.0598,1.197,-2.01,0.772
2.4576,-4.1392,0.0598,0.8753,-0.5858,0.2213
2.4576,-4.1392,0.0598,1.3206,-1.2228,0.1723
2.4576,-4.1392,0.0598,1.3642,-1.3656,0.3565
2.4576,-4.1392,0.0598,1.0532,-0.3866,0.5398
2.4576,-4.1392,0.0598,1.0543,-0.8021,0.1478
2.4576,-4.1392,0.0598,1.0969,-1.7065,-0.1334
2.4576,-4.1392,0.0598,1.1384,-1.8886,-0.0386
2.4576,-4.1392,0.0598,1.1107,-1.7299,0.1382
2.4576,-4.1392,0.0598,1.1171,-1.4263,0.299
2.4576,-4.1392,0.0598,1.2077,-1.079,0.332
2.4576,-4.1392,0.0598,1.2428,-0.8969,0.1509
2.4576,-4.1392,0.0598,1.214,-0.8457,-0.0194
2.4576,-4.1392,0.0598,1.2332,-0.9906,-0.0854
2.4576,-4.1392,0.0598,1.2737,-1.1749,-0.1035
2.4576,-4.1392,0.0598,1.2567,-1.2154,-0.1707
2.4576,-4.1392,0.0598,1.2609,-0.9448,-0.2314
2.4576,-4.1392,0.0598,1.2119,-0.6572,-0.2612
2.4576,-4.1392,0.0598,1.0915,-0.6135,-0.275
2.4576,-4.1392,0.0598,0.9648,-0.5741,-0.3102
2.4576,-4.1392,0.0598,0.8561,-0.6327,-0.3869
2.4576,-4.1392,0.0598,0.7645,-0.6508,-0.3933
2.4576,-4.1392,0.0598,0.5983,-0.5336,-0.3741
2.4504,-4.592,-0.4599,0.4908,-0.4953,-0.3517
2.5728,-5.354,-1.5283,0.4908,-0.4953,-0.3517
2.472,-5.8185,-2.3139,0.4908,-0.4953,-0.3517
2.7213,-6.1611,-3.2076,0.4908,-0.4953,-0.3517
2.5297,-7.8308,-5.0664,0.4908,-0.4953,-0.3517
2.2445,-10.2238,-7.3708,0.4908,-0.4953,-0.3517
1.7103,-13.3021,-9.7183,0.4908,-0.4953,-0.3517
2.6135,-14.0303,-10.2573,0.4908,-0.4953,-0.3517
3.4614,-10.7101,-6.2234,0.4908,-0.4953,-0.3517
3.3704,-7.39,-4.5585,0.4908,-0.4953,-0.3517
1.9162,-6.4484,-3.0421,0.4908,-0.4953,-0.3517
3.7705,-9.5531,-0.6227,0.4908,-0.4953,-0.3517
3.6361,-13.8603,-1.1881,0.4908,-0.4953,-0.3517
4.9898,-20.3159,-8.3961,0.4908,-0.4953,-0.3517
2.5704,-16.3538,-0.4432,0.4908,-0.4953,-0.3517
-3.2435,-2.9631,4.5418,0.4908,-0.4953,-0.3517
-2.0003,-0.9391,4.7863,0.4908,-0.4953,-0.3517
0.4815,-5.5192,-1.3269,0.4908,-0.4953,-0.3517
-4.4723,-13.6014,1.3221,0.4908,-0.4953,-0.3517
-3.3871,-15.2184,1.974,0.4908,-0.4953,-0.3517
2.2756,-9.0261,0.2082,0.4908,-0.4953,-0.3517
4.4029,-5.8783,-1.7606,0.4908,-0.4953,-0.3517
2.6446,-8.0726,-0.5868,0.4908,-0.4953,-0.3517
0.2442,-10.6335,0.3714,0.4908,-0.4953,-0.3517
-1.3964,-11.2826,1.2024,0.4908,-0.4953,-0.3517
-1.8994,-10.6527,1.2814,0.4908,-0.4953,-0.3517
-1.2527,-9.2104,0.5892,0.4908,-0.4953,-0.3517
-0.5988,-8.4177,-0.3091,0.4908,-0.4953,-0.3517
-0.4384,-9.3041,-0.8262,0.4908,-0.4953,-0.3517
-0.158,-9.8117,-0.8816,0.4908,-0.4953,-0.3517
0.5342,-9.4119,-0.5342,0.4908,-0.4953,-0.3517
1.0301,-8.5374,0.2298,0.4908,-0.4953,-0.3517
0.7185,-8.4919,0.9798,0.4908,-0.4953,-0.3517
0.1675,-8.7101,0.2801,0.4908,-0.4953,-0.3517
0.134,-9.1506,-0.7065,0.4908,-0.4953,-0.3517
0.2923,-9.6872,-1.3245,0.4908,-0.4953,-0.3517
-0.5868,-10.4898,-1.315,0.4908,-0.4953,-0.3517
-1.514,-11.2323,-0.8744,0.4908,-0.4953,-0.3517
-1.4805,-11.455,-1.0779,0.4908,-0.4953,-0.3517
-0.7257,-11.0336,-1.0803,0.4908,-0.4953,-0.3517
-0.7257,-11.0336,-1.0803,0.3193,-0.4346,-0.3549
0.1292,-10.5928,-1.3796,0.3193,-0.4346,-0.3549
0.1292,-10.5928,-1.3796,0.2095,-0.4846,-0.3869
0.4695,-10.2717,-1.6002,0.1392,-0.4804,-0.438
0.6634,-10.0706,-2.0003,0.0274,-0.49,-0.535
-0.697,-10.1807,-1.2479,0.0274,-0.49,-0.535
-0.697,-10.1807,-1.2479,-0.4476,-0.2652,-0.8034
-4.9299,-16.0234,0.9965,-0.4476,-0.2652,-0.8034
-7.1003,-20.201,1.6912,-0.7523,0.034,-0.8332
-7.1003,-20.201,1.6912,-1.3882,0.556,-0.1217
-6.0438,-21.7175,2.2589,-1.5789,0.7435,0.2884
6.051,-13.8699,0.7616,-1.5789,0.7435,0.2884
6.051,-13.8699,0.7616,-1.9668,0.7935,0.0263
8.0487,-7.747,-2.0458,-1.9668,0.7935,0.0263
8.0487,-7.747,-2.0458,-2.6198,0.8159,-0.5424
8.0487,-7.747,-2.0458,-2.9212,0.3579,-0.6639
8.0487,-7.747,-2.0458,-3.0661,-0.1512,-0.2015
8.0487,-7.747,-2.0458,-2.6624,-0.311,0.1669
8.0487,-7.747,-2.0458,-1.954,0.2726,0.3203
8.0487,-7.747,-2.0458,-1.8219,2.0122,0.2511
8.0487,-7.747,-2.0458,-2.3577,2.726,-0.1824
8.0487,-7.747,-2.0458,-2.5921,2.3553,-0.5169
8.0487,-7.747,-2.0458,-2.3918,1.6788,-0.5083
8.0487,-7.747,-2.0458,-2.1106,1.2101,-0.3794
8.0487,-7.747,-2.0458,-1.856,1.1685,-0.1983
8.0487,-7.747,-2.0458,-1.6227,1.3911,0.0743
8.0487,-7.747,-2.0458,-1.4127,1.6894,0.2692
8.0487,-7.747,-2.0458,-1.1187,1.5797,0.2873
8.0487,-7.747,-2.0458,-0.731,1.1813,0.2894
8.0487,-7.747,-2.0458,-0.3485,0.7179,0.3395
8.0487,-7.747,-2.0458,-0.046,0.4963,0.4652
8.0487,-7.747,-2.0458,0.1797,0.4484,0.5451
8.0487,-7.747,-2.0458,0.2873,0.4537,0.56
8.0487,-7.747,-2.0458,0.3768,0.5975,0.6292
8.0487,-7.747,-2.0458,0.544,0.6945,0.7485
8.0487,-7.747,-2.0458,0.7507,0.6135,0.8455
8.0487,-7.747,-2.0458,0.8295,0.5017,0.8892
8.0487,-7.747,-2.0458,0.7123,0.3813,0.9275
8.0487,-7.747,-2.0458,0.4428,0.5017,0.8721
8.0487,-7.747,-2.0458,0.1243,0.6306,0.6196
8.0487,-7.747,-2.0458,-0.095,0.409,0.3118
2.6566,-7.8595,-1.8516,-0.095,0.409,0.3118
-0.8215,-11.6947,-1.5379,-0.095,0.409,0.3118
1.5236,-14.7512,0.963,-0.095,0.409,0.3118
3.6748,-14.059,2.9774,-0.095,0.409,0.3118
3.737,-11.388,3.9501,-0.095,0.409,0.3118
2.1894,-9.9652,0.9487,-0.095,0.409,0.3118
0.1675,-8.4991,-0.9894,-0.095,0.409,0.3118
-0.4384,-8.5829,-1.2,-0.095,0.409,0.3118
0.5006,-9.273,-0.9846,-0.095,0.409,0.3118
2.1535,-9.3496,-0.5461,-0.095,0.409,0.3118
2.5585,-8.8298,-0.2633,-0.095,0.409,0.3118
2.2852,-8.3171,0.225,-0.095,0.409,0.3118
2.2756,-6.8318,0.1963,-0.095,0.409,0.3118
2.3475,-5.2555,-0.3881,-0.095,0.409,0.3118
2.0242,-4.8557,-1.3868,-0.095,0.409,0.3118
1.8372,-5.8256,-2.0841,-0.095,0.409,0.3118
1.8085,-6.827,-2.6039,-0.095,0.409,0.3118
1.7438,-7.3085,-3.0636,-0.095,0.409,0.3118
1.7031,-6.9994,-2.4911,-0.095,0.409,0.3118
2.0123,-6.7791,-1.7941,-0.095,0.409,0.3118
2.4935,-7.0811,-1.7534,-0.095,0.409,0.3118
2.8529,-7.644,-2.3834,-0.095,0.409,0.3118
3.3081,-8.4057,-4.1392,-0.095,0.409,0.3118
3.8807,-8.9207,-6.0486,-0.095,0.409,0.3118
4.2928,-9.6968,-7.4043,-0.095,0.409,0.3118
4.7333,-9.5795,-7.3732,-0.095,0.409,0.3118
4.6902,-8.6044,-5.8783,-0.095,0.409,0.3118
4.3861,-8.1495,-5.5934,-0.1462,0.3355,0.2149
3.8184,-7.9194,-5.6341,-0.1728,0.3366,0.1648
3.0684,-7.7853,-5.694,-0.1728,0.3685,0.1424
3.0684,-7.7853,-5.694,-0.0343,0.4228,0.1978
2.1871,-7.4714,-5.6197,-0.0343,0.4228,0.1978
2.1871,-7.4714,-5.6197,0.1233,0.3579,0.2979
2.4169,-6.312,-3.7609,0.1233,0.3579,0.2979
2.4169,-6.312,-3.7609,0.3118,0.1065,0.3874
3.5188,-6.6283,-2.1727,0.4428,-0.0617,0.3565
6.8749,-9.6585,-0.8577,0.8572,-0.2993,0.2042
5.4521,-17.3265,-0.6395,0.8572,-0.2993,0.2042
6.9204,-20.4165,-7.8116,1.3866,-0.5432,0.2085
7.2607,-23.2982,-6.0821,0.9935,-0.8468,0.3342
7.2607,-23.2982,-6.0821,-0.4828,-0.1182,-0.0588
-3.4374,-18.4428,0.7999,-0.4828,-0.1182,-0.0588
-3.4374,-18.4428,0.7999,-0.3454,0.4527,0.1243
-3.4374,-18.4428,0.7999,0.8029,-1.781,0.1584
-3.4374,-18.4428,0.7999,1.1405,-1.3006,0.1978
-3.4374,-18.4428,0.7999,1.2897,-2.1411,0.4929
-3.4374,-18.4428,0.7999,2.0598,-3.0658,0.9158
-3.4374,-18.4428,0.7999,1.5965,-1.3315,1.2204
-3.4374,-18.4428,0.7999,1.279,-1.1621,0.8018
-3.4374,-18.4428,0.7999,1.3856,-1.9855,0.0732
-3.4374,-18.4428,0.7999,1.475,-2.4096,-0.2111
-3.4374,-18.4428,0.7999,1.442,-2.4842,-0.1376
-3.4374,-18.4428,0.7999,1.3238,-2.2114,0.1478
-3.4374,-18.4428,0.7999,1.3131,-1.584,0.3885
-3.4374,-18.4428,0.7999,1.3121,-1.1515,0.2905
-3.4374,-18.4428,0.7999,1.1587,-1.013,-0.0162
-3.4374,-18.4428,0.7999,1.0852,-0.931,-0.127
-3.4374,-18.4428,0.7999,1.1789,-0.8543,-0.0482
-3.4374,-18.4428,0.7999,1.1778,-0.8319,-0.046
-3.4374,-18.4428,0.7999,1.131,-0.7648,-0.1206
-3.4374,-18.4428,0.7999,1.0681,-0.5688,-0.2612
-3.4374,-18.4428,0.7999,0.9946,-0.3568,-0.3773
-3.4374,-18.4428,0.7999,0.9605,-0.4026,-0.4018
-3.4374,-18.4428,0.7999,0.7837,-0.5816,-0.3826
-3.4374,-18.4428,0.7999,0.4737,-0.5432,-0.3049
-3.4374,-18.4428,0.7999,0.2798,-0.5869,-0.2218
-3.4374,-18.4428,0.7999,0.0892,-0.4218,-0.2687
-3.4374,-18.4428,0.7999,-0.1898,-0.4782,-0.34
-3.4374,-18.4428,0.7999,-0.5563,-0.6018,-0.5318
-3.4374,-18.4428,0.7999,-1.075,-0.4047,-0.4519
-3.4374,-18.4428,0.7999,-1.5065,0.0617,0.0913
-3.4374,-18.4428,0.7999,-2.0914,0.7989,0.0466
-3.4374,-18.4428,0.7999,-2.8008,1.3283,-0.421
-3.4374,-18.4428,0.7999,-3.0554,0.9906,-0.666
-3.4374,-18.4428,0.7999,-3.0522,0.2982,-0.7821
-3.4374,-18.4428,0.7999,-2.7263,0.1022,-0.6916
-3.4374,-18.4428,0.7999,-2.1638,0.6742,-0.3251
-3.4374,-18.4428,0.7999,-2.0264,1.5019,-0.1792
-3.4374,-18.4428,0.7999,-2.3673,1.9994,-0.323
-3.4374,-18.4428,0.7999,-2.4898,2.0431,-0.4071
-3.4374,-18.4428,0.7999,-2.2789,1.4167,-0.438
-3.4374,-18.4428,0.7999,-1.8656,1.0396,-0.4071
-3.4374,-18.4428,0.7999,-1.5224,1.0034,-0.2165
-3.4374,-18.4428,0.7999,-1.2348,1.1025,0.0519
-3.4374,-18.4428,0.7999,-0.928,1.2047,0.2372
-3.4374,-18.4428,0.7999,-0.5818,1.1557,0.3512
-3.4374,-18.4428,0.7999,-0.1898,0.8255,0.4343
-3.4374,-18.4428,0.7999,0.2479,0.3717,0.5046
-3.4374,-18.4428,0.7999,0.6165,0.0724,0.5131
-3.4374,-18.4428,0.7999,0.8029,-0.1022,0.4524
-3.4374,-18.4428,0.7999,0.9115,-0.2428,0.4279
-3.4374,-18.4428,0.7999,0.9722,-0.3366,0.4567
-3.4374,-18.4428,0.7999,0.9243,-0.229,0.4812
-3.4374,-18.4428,0.7999,0.7975,0.1171,0.5121
-3.4374,-18.4428,0.7999,0.6516,0.6071,0.5046
-3.4374,-18.4428,0.7999,0.2585,0.9555,0.3406
-3.4374,-18.4428,0.7999,-0.3816,0.9842,0.1946
-3.4374,-18.4428,0.7999,-0.6372,0.8159,0.2244
-3.4374,-18.4428,0.7999,-0.4071,0.5177,0.3182
-3.4374,-18.4428,0.7999,0.1786,0.4079,0.4194
-3.4374,-18.4428,0.7999,0.691,0.5549,0.4993
-3.4374,-18.4428,0.7999,1.2439,-0.2343,0.2937
-3.4374,-18.4428,0.7999,1.0713,-1.8737,-0.0727
-3.4374,-18.4428,0.7999,-0.5296,-0.0671,-1.2923
-3.4374,-18.4428,0.7999,-0.4231,1.1025,-0.6138
-3.4374,-18.4428,0.7999,1.3493,-2.6568,0.43
-3.4374,-18.4428,0.7999,1.6838,-2.3413,0.6591
-3.4374,-18.4428,0.7999,1.3376,-1.3251,0.2287
-3.4374,-18.4428,0.7999,1.573,-1.7618,0.2404
-3.4374,-18.4428,0.7999,1.0436,-0.4676,0.5781
-3.4374,-18.4428,0.7999,1.0394,-0.2119,0.2745
-3.4374,-18.4428,0.7999,1.2172,-1.1451,0.0359
-3.4374,-18.4428,0.7999,1.2279,-1.7096,0.0561
-3.4374,-18.4428,0.7999,1.1256,-1.6404,0.1754
-3.4374,-18.4428,0.7999,1.0585,-1.095,0.3118
-3.4374,-18.4428,0.7999,1.1097,-0.5283,0.3182
-3.4374,-18.4428,0.7999,1.164,-0.246,0.2564
-3.4374,-18.4428,0.7999,1.148,-0.1565,0.1595
-3.4374,-18.4428,0.7999,1.1118,-0.049,0.0892
-3.4374,-18.4428,0.7999,1.115,0.0021,0.0114
-3.4374,-18.4428,0.7999,1.1459,-0.0042,-0.0844
-3.4374,-18.4428,0.7999,1.2002,-0.0777,-0.1163
-3.4374,-18.4428,0.7999,1.2662,-0.1715,-0.1866
-3.4374,-18.4428,0.7999,1.2428,-0.1203,-0.3358
-3.4374,-18.4428,0.7999,1.0756,-0.0404,-0.4295
-3.4374,-18.4428,0.7999,0.8231,-0.0692,-0.3645
-3.4374,-18.4428,0.7999,0.6452,-0.1054,-0.2186
-2.5369,-7.3995,2.5175,0.5461,-0.0671,-0.1813
0.7305,0.5222,6.997,0.5461,-0.0671,-0.1813
0.5796,-0.7185,-2.3642,0.5461,-0.0671,-0.1813
-4.6088,-10.3866,-0.4168,0.5461,-0.0671,-0.1813
-4.8892,-19.0847,3.4183,0.5461,-0.0671,-0.1813
-1.3533,-14.6698,0.4408,0.5461,-0.0671,-0.1813
4.4915,-5.7131,-1.9593,0.5461,-0.0671,-0.1813
4.0147,-3.4733,-1.0157,0.5461,-0.0671,-0.1813
0.4647,-6.9324,-0.1173,0.5461,-0.0671,-0.1813
-2.2158,-11.2587,0.436,0.5461,-0.0671,-0.1813
-3.7226,-13.3548,1.8468,0.5461,-0.0671,-0.1813
-3.4207,-10.4898,1.4661,0.5461,-0.0671,-0.1813
-1.423,-7.7829,0.4575,0.5461,-0.0671,-0.1813
0.067,-8.2261,-0.8023,0.5461,-0.0671,-0.1813
0.6036,-9.4957,-0.6491,0.5461,-0.0671,-0.1813
0.3618,-10.0035,-0.4647,0.5461,-0.0671,-0.1813
0.2513,-9.3448,-0.5964,0.5461,-0.0671,-0.1813
-0.3785,-8.693,-0.0957,0.5461,-0.0671,-0.1813
-0.4168,-8.547,0.3666,0.5461,-0.0671,-0.1813
-0.7448,-9.6154,-0.4121,0.5461,-0.0671,-0.1813
-1.5619,-10.849,-1.291,0.5461,-0.0671,-0.1813
-1.854,-10.7676,-1.6385,0.5461,-0.0671,-0.1813
-0.7209,-11.2539,-1.0827,0.5461,-0.0671,-0.1813
1.0205,-11.4718,-0.6227,0.5461,-0.0671,-0.1813
0.8215,-10.6646,-0.951,0.5461,-0.0671,-0.1813
-0.1364,-10.231,-2.0195,0.5461,-0.0671,-0.1813
-1.0947,-11.2802,-1.7534,0.5461,-0.0671,-0.1813
-3.9692,-17.0963,-0.9558,0.5461,-0.0671,-0.1813
-2.1344,-18.148,1.672,0.5461,-0.0671,-0.1813
3.5356,-13.2519,-0.2876,0.5461,-0.0671,-0.1813
4.355,-8.9495,-0.2082,0.5461,-0.0671,-0.1813
2.0889,-8.0032,-0.1029,0.5461,-0.0671,-0.1813
2.3331,-10.7029,0.0335,0.5461,-0.0671,-0.1813
3.7178,-14.2984,2.1296,0.5461,-0.0671,-0.1813
3.9118,-13.4578,3.2722,0.5461,-0.0671,-0.1813
2.738,-11.6037,1.4158,0.5461,-0.0671,-0.1813
0.6587,-10.2453,0.8262,0.5461,-0.0671,-0.1813
-0.3306,-9.3113,-0.3618,0.5461,-0.0671,-0.1813
0.043,-8.7101,-0.357,0.5461,-0.0671,-0.1813
1.0516,-8.4727,0.0574,0.5461,-0.0671,-0.1813
2.1583,-8.3075,-0.2876,0.5461,-0.0671,-0.1813
2.4408,-7.9601,-0.369,0.5461,-0.0671,-0.1813
2.2589,-6.7983,-0.2681,0.5461,-0.0671,-0.1813
2.0506,-5.7059,-0.213,0.5461,-0.0671,-0.1813
2.1511,-5.1382,-0.5437,0.5461,-0.0671,-0.1813
2.1248,-5.2388,-1.054,0.5461,-0.0671,-0.1813
2.4217,-5.5192,-2.1009,0.5461,-0.0671,-0.1813
2.4528,-6.1707,-3.1741,0.5461,-0.0671,-0.1813
2.3211,-6.7265,-3.7681,0.5461,-0.0671,-0.1813
2.1559,-6.839,-4.3239,0.5461,-0.0671,-0.1813
2.6734,-7.0859,-4.8916,0.5461,-0.0671,-0.1813
3.0612,-8.3195,-5.04,0.5461,-0.0671,-0.1813
2.9583,-10.3794,-5.4354,0.5461,-0.0671,-0.1813
2.7739,-12.2529,-6.4508,0.5461,-0.0671,-0.1813
2.762,-11.4909,-7.3636,0.5461,-0.0671,-0.1813
2.7835,-9.0285,-6.0989,0.5461,-0.0671,-0.1813
2.4097,-7.1601,-4.9299,0.5461,-0.0671,-0.1813
2.3044,-5.9026,-1.8085,0.5461,-0.0671,-0.1813
4.0889,-7.5264,0.3474,0.5461,-0.0671,-0.1813
5.1861,-15.6377,1.514,0.5461,-0.0671,-0.1813
9.4693,-20.1196,-3.526,0.5461,-0.0671,-0.1813
6.2449,-18.0379,0.9678,0.5461,-0.0671,-0.1813
-3.1669,-5.3875,-0.5581,0.5461,-0.0671,-0.1813
-5.9121,-0.2418,3.5954,0.5461,-0.0671,-0.1813
-1.0923,-4.0482,1.2,0.5461,-0.0671,-0.1813
-2.8745,-12.9954,2.9032,0.5461,-0.0671,-0.1813
-5.21,-19.1757,2.211,0.5461,-0.0671,-0.1813
1.7845,-11.2228,-0.0239,0.5461,-0.0671,-0.1813
4.5465,-5.7682,-2.0027,0.5461,-0.0671,-0.1813
2.3044,-6.9395,-1.9018,0.5461,-0.0671,-0.1813
-0.0335,-9.7686,-0.6108,0.5461,-0.0671,-0.1813
-1.4757,-10.8059,0.5701,0.5461,-0.0671,-0.1813
-2.0362,-10.7771,0.7592,0.5461,-0.0671,-0.1813
-1.2743,-9.2152,-0.1723,0.5461,-0.0671,-0.1813
-0.5892,-8.746,-0.448,0.5461,-0.0671,-0.1813
0.0287,-9.0883,-0.333,0.5461,-0.0671,-0.1813
0.4719,-9.1865,-0.333,0.5461,-0.0671,-0.1813
0.7664,-8.8585,-0.6251,0.5461,-0.0671,-0.1813
0.6012,-8.6714,-0.5677,0.5461,-0.0671,-0.1813
0.6682,-9.1434,-0.357,0.5461,-0.0671,-0.1813
0.951,-9.1745,-0.2729,0.5461,-0.0671,-0.1813
0.5677,-9.3209,-0.5844,0.5461,-0.0671,-0.1813
-0.4288,-9.9317,-1.3964,0.5461,-0.0671,-0.1813
-0.4887,-10.904,-1.3269,0.5461,-0.0671,-0.1813
0.1939,-11.6444,-0.9199,0.5461,-0.0671,-0.1813
-0.369,-11.5319,-1.1498,0.5461,-0.0671,-0.1813
-0.5701,-11.5678,-1.4062,0.4141,-0.0436,-0.1834
-0.5701,-11.5678,-1.4062,0.1531,-0.2982,-0.1877
0.9487,-11.3449,-1.5212,0.1531,-0.2982,-0.1877
0.9487,-11.3449,-1.5212,0.0189,-0.6604,-0.2133
3.0397,-10.4539,-1.6552,0.0189,-0.6604,-0.2133
2.3475,-10.2405,-1.5738,-0.0695,-0.6785,-0.2868
2.3475,-10.2405,-1.5738,-0.4391,-0.2886,-0.5861
-1.4158,-13.9896,-2.2445,-0.4391,-0.2886,-0.5861
-1.4158,-13.9896,-2.2445,-1.0899,-0.1331,-0.4945
-2.6183,-15.3118,-2.4384,-1.482,-0.196,-0.438
-3.6604,-15.2902,0.0478,-1.482,-0.196,-0.438
-3.3848,-16.203,0.776,-1.8911,-0.0937,-0.4029
-3.3848,-16.203,0.776,-2.6996,0.6679,0.1137
-3.3848,-16.203,0.776,-3.113,1.1089,0.1264
-3.3848,-16.203,0.776,-3.1652,0.9757,0.0913
-3.3848,-16.203,0.776,-2.868,0.4388,-0.1462
-3.3848,-16.203,0.776,-2.4536,0.3941,-0.1983
-3.3848,-16.203,0.776,-2.1947,1.2995,-0.0173
-3.3848,-16.203,0.776,-2.2821,1.8918,-0.0045
-3.3848,-16.203,0.776,-2.4035,2.1134,-0.1898
-3.3848,-16.203,0.776,-2.4983,1.8865,-0.2388
-3.3848,-16.203,0.776,-2.2714,1.3549,-0.2442
-3.3848,-16.203,0.776,-1.8283,0.8979,-0.1621
-3.3848,-16.203,0.776,-1.5907,0.8106,0.0391
-3.3848,-16.203,0.776,-1.3467,0.9011,0.1829
-3.3848,-16.203,0.776,-0.9099,1.0354,0.3235
-3.3848,-16.203,0.776,-0.3794,0.9427,0.4354
-3.3848,-16.203,0.776,0.0849,0.7041,0.4673
-3.3848,-16.203,0.776,0.4098,0.5177,0.4354
-3.3848,-16.203,0.776,0.5802,0.148,0.4418
-3.3848,-16.203,0.776,0.6569,-0.3557,0.5547
-3.3848,-16.203,0.776,0.9051,-0.572,0.7709
-3.3848,-16.203,0.776,1.2183,-0.4569,0.8881
-3.3848,-16.203,0.776,1.2524,-0.1374,0.9147
-3.3848,-16.203,0.776,0.838,0.3909,0.8593
-3.3848,-16.203,0.776,0.1776,0.7893,0.707
-3.3848,-16.203,0.776,-0.3294,0.7744,0.4471
-3.3848,-16.203,0.776,-0.3336,0.8607,0.3256
-3.3848,-16.203,0.776,-0.0972,0.7073,0.3874
-3.3848,-16.203,0.776,0.7549,0.001,0.2703
-3.3848,-16.203,0.776,1.1459,-0.6146,0.5749
-3.3848,-16.203,0.776,-0.4753,-0.4399,0.6537
-3.3848,-16.203,0.776,-0.7384,0.2364,0.07
-3.3848,-16.203,0.776,0.2191,-0.328,-0.1824
-3.3848,-16.203,0.776,1.116,-1.1131,0.0806
-3.3848,-16.203,0.776,0.984,-0.8351,0.0966
-3.3848,-16.203,0.776,1.7009,-2.2305,0.4801
-3.3848,-16.203,0.776,1.6838,-1.8737,0.7368
-3.3848,-16.203,0.776,1.4463,-1.2314,0.4833
-3.3848,-16.203,0.776,1.3387,-1.4061,-0.0492
-3.3848,-16.203,0.776,1.4122,-1.9408,-0.2356
-3.3848,-16.203,0.776,1.4452,-1.9184,-0.0215
-3.3848,-16.203,0.776,1.2428,-1.699,0.0924
-3.3848,-16.203,0.776,1.1565,-1.307,0.1446
-3.3848,-16.203,0.776,1.1714,-1.1387,0.1137
-3.3848,-16.203,0.776,1.1693,-1.0726,0.0114
-3.3848,-16.203,0.776,1.1043,-0.8798,-0.0993
-3.3848,-16.203,0.776,1.0766,-0.7733,-0.1483
-3.3848,-16.203,0.776,1.0894,-0.7051,-0.1802
-3.3848,-16.203,0.776,1.1587,-0.6615,-0.242
-3.3848,-16.203,0.776,1.2034,-0.4942,-0.2857
-3.3848,-16.203,0.776,1.1107,-0.2087,-0.3581
-3.3848,-16.203,0.776,0.9371,-0.181,-0.4434
-3.3848,-16.203,0.776,0.6505,-0.311,-0.4338
-3.3848,-16.203,0.776,0.4567,-0.3398,-0.2974
-3.3848,-16.203,0.776,0.2948,-0.3185,-0.2218
-3.3848,-16.203,0.776,0.1414,-0.3866,-0.1962
-3.3848,-16.203,0.776,-0.0439,-0.621,-0.1994
-3.3848,-16.203,0.776,-0.2505,-0.7904,-0.2878
-3.3848,-16.203,0.776,-0.8087,-0.49,-0.5126
-3.3848,-16.203,0.776,-1.7388,-0.2428,-0.5073
-3.3848,-16.203,0.776,-2.6751,0.1384,-0.405
-3.3848,-16.203,0.776,-3.4134,1.0545,-0.0673
-3.3848,-16.203,0.776,-3.5263,1.4796,-0.1131
-3.3848,-16.203,0.776,-3.1715,0.6412,-0.438
-3.3848,-16.203,0.776,-2.8829,0.3057,-0.8194
-3.3848,-16.203,0.776,-2.5931,0.8809,-0.4529
-3.3848,-16.203,0.776,-2.5782,1.5584,-0.079
-3.3848,-16.203,0.776,-2.82,2.7516,0.0668
-3.3848,-16.203,0.776,-3.3207,3.575,0.0998
-3.3848,-16.203,0.776,-3.4581,3.3502,0.1264
-3.3848,-16.203,0.776,-3.065,2.399,-0.1376
-3.3848,-16.203,0.776,-2.4195,2.2199,-0.3858
-3.3848,-16.203,0.776,-1.9167,2.4011,-0.3986
-3.3848,-16.203,0.776,-1.7282,1.9078,-0.4732
-3.3848,-16.203,0.776,-1.4372,1.0215,-0.6607
-3.3848,-16.203,0.776,-0.9568,0.4963,-0.5733
-3.3848,-16.203,0.776,-0.2548,0.1523,-0.2761
-3.3848,-16.203,0.776,0.3917,-0.1704,0.0338
-3.3848,-16.203,0.776,0.887,-0.3366,0.3022
-3.3848,-16.203,0.776,1.2812,-0.3579,0.5131
-3.3848,-16.203,0.776,1.6082,-0.4122,0.7837
-3.3848,-16.203,0.776,1.8777,-0.6593,1.0852
-3.3848,-16.203,0.776,2.014,-1.0556,1.4037
-3.3848,-16.203,0.776,1.9501,-1.2953,1.4974
-3.3848,-16.203,0.776,1.6891,-1.2846,1.3248
-3.3848,-16.203,0.776,1.377,-1.1248,0.9712
-3.3848,-16.203,0.776,1.0149,-0.7531,0.6591
-3.3848,-16.203,0.776,0.7294,-0.2354,0.3768
-3.3848,-16.203,0.776,0.6633,0.213,-0.6756
-3.3848,-16.203,0.776,-0.9877,-0.0042,-0.7203
-3.3848,-16.203,0.776,-1.9859,0.6402,-0.2324
-3.3848,-16.203,0.776,1.0596,-1.5264,0.5451
-3.3848,-16.203,0.776,1.3515,-1.1781,0.7826
-3.3848,-16.203,0.776,1.1991,-1.1451,0.822
-3.3848,-16.203,0.776,2.4977,-2.6014,0.7635
-3.3848,-16.203,0.776,1.0191,0.4932,0.5014
-3.3848,-16.203,0.776,0.9914,0.7094,0.3033
-3.3848,-16.203,0.776,1.3078,-0.9118,0.021
-3.3848,-16.203,0.776,1.2748,-1.8087,-0.0993
-3.3848,-16.203,0.776,1.4644,-1.8769,0.0604
-3.3848,-16.203,0.776,1.458,-1.6883,0.3224
-3.3848,-16.203,0.776,1.1917,-1.1525,0.396
-3.3848,-16.203,0.776,1.0852,-0.5027,0.2564
-3.3848,-16.203,0.776,1.0724,-0.2258,0.054
-3.3848,-16.203,0.776,1.0255,-0.2066,-0.0258
-3.3848,-16.203,0.776,0.9914,-0.2972,0.0604
-3.3848,-16.203,0.776,1.083,-0.3589,0.1968
-3.3848,-16.203,0.776,1.1448,-0.4047,0.1978
-3.3848,-16.203,0.776,1.181,-0.5091,0.0679
-3.3848,-16.203,0.776,1.2268,-0.6348,-0.111
-3.3848,-16.203,0.776,1.2471,-0.5347,-0.2868
-3.3848,-16.203,0.776,1.23,-0.3493,-0.3709
-3.3848,-16.203,0.776,1.0884,-0.3781,-0.3933
-3.3848,-16.203,0.776,0.8636,-0.4889,-0.2804
-3.3848,-16.203,0.776,0.7145,-0.6391,-0.094
-3.3848,-16.203,0.776,0.4428,-0.5432,-0.0801
-3.3848,-16.203,0.776,0.1414,-0.6114,-0.1131
-3.3848,-16.203,0.776,-0.1057,-0.7531,-0.1387
