andar
2.0853,-12.9385,-7.9466,0.1354,-0.4181,-0.7152
2.4756,-12.668,-5.3537,0.0401,-0.9037,-1.6993
2.2625,-11.5882,0.158,-0.1705,-0.3808,-2.5496
1.0558,-10.5539,2.138,-0.2878,0.5476,-3.1373
0.0766,-9.1653,3.4715,-0.3397,0.985,-3.4977
-0.1771,-7.4175,3.5194,-0.3923,0.9001,-3.5258
-0.0502,-5.404,2.4085,-0.6415,-0.04,-3.1226
-0.3878,-5.1286,2.2098,-0.9335,-0.8475,-2.7708
-1.8028,-4.3766,2.3247,-1.2377,-1.4938,-2.422
-2.6144,-4.3742,2.9185,-1.4839,-1.8506,-2.0255
-3.5146,-3.5721,2.8945,-1.6018,-2.0222,-1.5594
-3.7876,-3.2848,2.7485,-1.6226,-2.1566,-1.1672
-4.1108,-2.3271,2.3535,-1.6073,-2.4743,-0.7983
-4.1036,-1.6591,2.1045,-1.6372,-2.8359,-0.6425
-4.118,-0.6895,2.4253,-1.6769,-3.2311,-0.5533
-4.1347,-0.6344,2.5498,-1.658,-3.5023,-0.5191
-4.367,-0.4884,3.2824,-1.5077,-3.4468,-0.5081
-5.2555,-0.2442,3.8474,-1.0025,-2.5842,-0.5087
-5.8996,-0.0837,3.5242,-0.5603,-1.7314,-0.4586
-5.6458,-0.134,3.1076,-0.1583,-1.1114,-0.2766
-5.2196,-0.4022,2.7509,0.1336,-0.806,-0.009
-4.7692,-0.8044,2.3942,0.3413,-0.6985,0.245
-3.3327,-2.0853,2.4827,0.5374,-0.6588,0.4661
-3.3327,-2.0853,2.4827,1.191,-0.988,0.8363
-1.3048,-4.2856,-1.0869,1.191,-0.988,0.8363
-0.1604,-5.8852,-5.7439,1.461,-1.2898,0.8968
2.6216,-9.9338,-14.4947,1.5764,-1.6478,0.9261
6.3664,-12.2226,-15.9723,1.4799,-2.222,0.945
14.9571,-22.1613,-49.6811,1.2227,-2.7681,0.9487
18.0409,-32.9139,-30.6873,0.979,-1.6435,0.4405
8.0567,-37.717,9.1054,-1.6916,1.5848,-0.8215
6.2491,-32.9427,4.592,-2.0624,1.5506,-2.0493
5.8086,-21.024,-5.9498,0.3584,0.0479,-2.4067
4.2688,-10.8627,-10.6928,2.1,-0.0693,-2.1135
1.8004,-1.1492,-9.2395,0.9204,-0.2813,-1.7805
1.4796,-0.3375,-8.5428,-0.7502,-0.6936,-1.5625
-0.9265,1.8028,-4.5058,-1.8058,-0.8097,-1.3126
-3.2202,-1.1994,5.2507,-1.8785,-0.0809,-1.0445
-1.5011,-12.5818,15.1056,-1.0972,0.828,-0.6321
0.7709,-22.9011,9.7494,0.5239,0.4896,0.0171
3.3303,-35.4449,-17.7607,2.8709,-0.2538,0.6408
-3.5027,-24.273,10.5395,1.4726,1.9459,0.4227
-5.5596,-7.5324,4.8362,-1.289,4.0094,0.0031
-7.3433,-2.6982,0.7781,-1.6672,3.1603,-0.0188
-9.8093,1.4939,6.4814,-1.5096,0.3631,-0.02
-9.3017,1.7046,10.755,-1.0367,-5.6428,0.3024
-7.4462,-1.154,7.9155,0.2173,-5.6001,0.7948
-7.6497,-2.5402,6.716,1.7047,-2.7937,1.289
-8.8349,-5.4495,5.6577,2.651,0.4175,1.6756
-8.7606,-8.5164,5.5787,2.8562,3.046,2.0574
-5.6793,-15.5054,3.9456,2.6882,4.9238,2.4612
-4.9036,-16.2189,3.766,2.2826,5.0124,2.8693
-1.4628,-17.9068,4.0629,2.0871,2.8609,2.9456
-1.4628,-17.9068,4.0629,2.3119,-1.9367,2.3897
3.4045,-15.5964,-1.0462,2.3119,-1.9367,2.3897
3.6703,-15.0744,-1.5251,2.5489,-2.3771,1.8467
3.1507,-13.2258,-1.1611,2.5563,-1.0406,0.978
1.8148,-11.6193,-0.1268,2.3168,0.1224,0.5138
0.4165,-9.7016,0.5339,2.0346,1.0338,0.2706
0.2274,-8.5787,0.5267,1.7426,1.5073,0.2468
0.2154,-7.4438,0.5003,1.4647,1.6245,0.358
0.2992,-6.7711,0.723,1.2276,1.5402,0.5046
-0.2585,-6.6011,1.2713,1.0297,1.1475,0.7227
-0.5458,-6.6753,1.3982,1.0401,0.7803,0.8583
-0.5458,-6.6753,1.3982,1.1659,0.2684,1.135
-0.3878,-7.5779,0.9576,1.1659,0.2684,1.135
-0.0646,-8.5212,1.1085,1.2423,0.4584,1.1802
0.1077,-8.7032,1.1516,1.2942,0.9068,1.1399
0.3351,-9.1581,1.1252,1.3523,1.671,1.0287
0.5722,-9.3233,0.9074,1.3962,2.1077,0.9377
0.7829,-8.945,-0.0502,1.4402,2.4419,0.8558
0.7469,-8.8229,-0.1723,1.4653,2.6844,0.7838
0.5698,-8.0256,-0.5554,1.4262,2.7919,0.7227
0.2537,-7.3289,-0.237,1.2423,2.6099,0.6622
1.1252,-8.1836,1.4724,1.1323,2.3014,0.6897
1.3766,-8.7247,1.6831,1.1067,1.8188,0.7832
1.9249,-10.3145,1.5682,1.1653,1.134,0.8815
2.3223,-11.2889,1.0175,1.2264,0.3796,0.9469
2.9041,-11.4278,-0.3016,1.2276,-0.1682,0.9676
3.3638,-10.9681,-1.5514,1.1531,-0.2788,0.9432
3.7924,-10.3097,-3.4763,1.1256,0.2196,0.9053
3.8618,-10.5587,-4.6686,1.1177,1.1096,0.8424
3.2369,-11.8348,-3.8307,1.0328,2.1145,0.738
3.11,-12.1317,-2.3295,0.811,2.8359,0.5687
3.2441,-12.4238,1.1324,0.1562,2.7174,0.2584
3.2656,-12.7613,2.9233,-0.4161,1.7571,0.0819
3.1842,-13.7501,2.5785,-0.8596,0.4456,-0.0628
3.383,-14.2793,2.0733,-0.9647,-0.4926,-0.1501
4.6279,-15.1008,1.1133,-0.5774,-0.4321,-0.1654
6.4119,-15.4647,0.4908,0.0212,0.3179,-0.155
8.3776,-15.2564,-2.6527,0.2472,0.6924,-0.3505
8.3776,-15.2564,-2.6527,-0.3599,0.1365,-0.9632
8.2507,-15.7137,-3.6104,-0.3599,0.1365,-0.9632
6.9746,-14.7057,-2.7293,-0.8767,0.0497,-1.3517
4.3023,-12.6273,-2.2936,-1.4356,-0.0925,-1.6798
3.9408,-12.6392,-2.2218,-2.1467,-0.594,-1.9253
1.9249,-13.5969,-2.1188,-2.5242,-0.9355,-1.9785
-1.6232,-14.7249,-1.695,-2.8064,-1.0064,-2.1202
-6.1366,-16.5301,-1.6831,-2.9469,-0.652,-2.3047
-8.629,-17.9068,-0.8978,-2.9072,-0.1096,-2.3096
-11.1046,-19.372,2.0709,-2.7783,0.3222,-2.0707
-11.9569,-19.542,5.2819,-2.5193,0.222,-1.4238
-11.2195,-18.7256,7.0296,-2.2377,-0.1939,-0.9015
-10.8699,-18.1414,6.5508,-1.9341,-0.2904,-0.4226
-8.6505,-16.6019,5.732,-1.6672,0.1401,-0.064
-8.6505,-16.6019,5.732,-1.005,0.9611,0.0837
1.5227,-13.233,-4.7979,-1.005,0.9611,0.0837
2.1739,-13.0175,-6.0791,-0.2732,-0.0522,-0.7164
2.9257,-12.577,-4.8674,-0.1638,-0.6795,-1.5038
3.6631,-11.9234,-1.4053,-0.3171,-0.4138,-2.2155
1.1971,-9.7877,2.4037,-0.4314,0.3985,-2.764
0.4572,-9.2107,2.8634,-0.3923,1.0595,-3.1849
-0.6751,-7.6832,3.2609,-0.4424,0.9844,-3.3511
-0.7182,-6.7591,3.3255,-0.6696,0.4358,-3.0609
-1.2737,-5.6554,2.5953,-1.0209,-0.3619,-2.651
-1.4293,-5.55,2.7533,-1.3678,-1.1316,-2.2314
-1.9512,-5.4183,3.3423,-1.6555,-1.6148,-1.8471
-2.6551,-5.0616,3.4093,-1.829,-1.7736,-1.5283
-3.189,-4.2042,3.1148,-1.8761,-1.9483,-1.1801
-3.3303,-3.5913,2.9137,-1.8712,-2.1755,-1.0164
-3.3135,-2.7413,2.7174,-1.8639,-2.5262,-0.9052
-3.3279,-2.0039,2.533,-1.8345,-2.9208,-0.8368
-3.5458,-0.9265,2.8323,-1.7508,-3.2049,-0.8074
-3.79,-0.7086,3.134,-1.4705,-3.1035,-0.794
-4.4125,-0.292,3.6391,-1.1271,-2.608,-0.7635
-4.9754,-0.055,3.7086,-0.6788,-1.8664,-0.695
-4.8458,-0.1149,3.122,-0.2188,-1.1872,-0.5497
-4.6399,-0.2178,3.0119,0.1501,-0.7925,-0.3297
-4.2664,-0.5315,2.5067,0.4079,-0.6136,-0.0946
-3.7373,-0.905,2.2361,0.673,-0.7822,0.1937
-2.1404,-2.0183,1.5753,0.83,-0.9502,0.3788
-1.5945,-2.5282,0.5889,1.034,-1.1035,0.5437
-0.8092,-3.9576,-3.9887,1.2893,-1.2873,0.6537
-1.1659,-5.8229,-10.4414,1.4695,-1.5659,0.7123
6.5891,-12.577,-15.3163,1.4091,-2.0198,0.7801
6.5891,-12.577,-15.3163,0.9369,-3.3289,1.1356
20.8301,-27.8813,-47.5694,0.9369,-3.3289,1.1356
16.3625,-36.0028,-10.3839,0.1886,-1.1969,0.4447
4.5034,-36.326,4.1491,-2.1821,1.4046,-1.0726
3.9384,-26.3442,-3.5793,-1.2835,0.4535,-1.943
3.8953,-14.7225,-9.0527,1.2838,-0.445,-1.4953
2.6384,-8.0687,-10.0798,0.866,-0.6166,-1.2375
0.3136,-1.3144,-10.0703,-0.4082,-0.8579,-1.2051
-2.0877,0.5961,-8.7654,-1.5438,-0.9153,-1.1941
-5.6769,-0.6607,1.9201,-2.0838,-0.4309,-1.1471
-5.3776,-6.6394,9.601,-1.9402,0.773,-0.9198
-3.6607,-23.4901,-7.6066,0.0786,1.1291,-0.0402
-2.4181,-29.914,-16.2045,1.5416,0.5293,0.5321
-1.2114,-26.7513,6.7782,1.2527,1.2867,0.774
-1.154,-13.719,12.0742,-0.895,2.4871,0.6475
-1.154,-13.719,12.0742,-1.11,-0.1908,-0.2467
-2.9616,0.881,5.8014,-1.11,-0.1908,-0.2467
-2.2864,2.1045,9.9338,-0.4454,-2.181,-0.3487
-3.1387,-0.158,12.6823,0.6614,-2.9214,-0.3047
-5.9977,-6.1749,7.5971,1.9008,-2.1835,-0.0952
-6.048,-6.8956,7.0991,2.8312,-0.9178,0.3812
-5.5907,-10.3552,6.0552,3.2087,0.5604,1.0593
-4.2951,-14.6288,2.6312,3.067,2.7925,2.047
-1.3575,-19.4558,-1.4724,2.8305,3.7003,2.5229
0.6919,-20.9977,-1.7788,2.4341,3.4193,2.7715
1.233,-19.6737,-1.6208,1.9607,1.5781,2.7055
1.1348,-16.2452,0.0478,1.6192,-0.5745,2.3867
1.1324,-11.7486,1.7956,1.3938,-1.5384,2.0098
0.8499,-10.2618,2.1475,1.2093,-1.2208,1.4618
0.1771,-8.3488,2.5641,1.1647,-0.7809,1.1356
-0.814,-7.3983,2.1116,1.183,-0.4883,0.8956
-2.2744,-6.6106,0.395,1.2515,-0.3094,0.7624
-2.3008,-6.5316,0.1101,1.3199,-0.1188,0.7557
-1.4437,-6.7663,0.2226,1.395,0.4034,0.9237
-0.5674,-7.3193,1.13,1.453,0.8084,1.0391
0.0861,-8.2914,2.0231,1.5373,1.0479,1.0764
-0.0263,-8.2866,1.9919,1.6546,1.0943,1.0519
-0.2633,-8.1573,1.3455,1.7127,0.9416,0.9872
-0.2561,-8.1693,0.4046,1.6827,0.7626,0.9279
-0.1843,-8.5906,-0.1173,1.563,0.8274,0.9059
-0.0598,-8.7295,-0.079,1.5178,1.1896,0.9127
0.1843,-8.9043,0.0814,1.5288,1.6826,0.9249
0.3998,-8.8995,0.079,1.5563,2.1163,0.9151
0.3208,-8.459,-0.134,1.5508,2.3796,0.8754
0.0646,-8.028,-0.395,1.403,2.4358,0.7752
-0.6536,-7.1972,-0.8786,1.2533,2.3515,0.7147
-1.561,-6.7878,-1.0031,1.1067,2.2275,0.7019
-2.0159,-8.0998,0.1221,1.0144,2.076,0.7648
-1.6256,-9.1246,0.6679,0.9821,1.787,0.9084
-0.6009,-10.822,0.802,0.9876,1.2379,1.0996
0.2322,-11.502,0.6967,0.998,0.2306,1.2883
1.7262,-10.1397,0.9074,0.9527,-0.0198,1.2865
2.1619,-9.6297,0.6727,0.9161,0.1627,1.2205
3.1771,-9.2012,-1.0223,0.968,0.6166,1.1136
4.2137,-9.9506,-3.4284,1.0682,1.1285,0.9988
5.1095,-11.8324,-2.9735,1.1067,1.6862,0.8772
5.1645,-12.2705,-1.5011,0.7933,2.4908,0.595
4.9108,-12.9792,1.8818,0.3168,2.4718,0.3293
4.3646,-13.6711,3.1052,-0.1608,1.7687,0.0355
3.7493,-14.4133,1.1276,-0.4369,0.7363,-0.2076
4.015,-14.4205,0.8499,-0.3959,0.0546,-0.3126
5.7607,-14.9092,0,0.1018,0.3949,-0.1813
7.4726,-15.4575,-0.0646,0.2277,0.6973,-0.0536
8.5475,-14.9188,-1.3096,0.0939,0.652,-0.0781
8.4685,-14.3607,-2.5761,-0.0899,0.4456,-0.2778
7.4031,-14.4828,-4.0366,-0.3092,0.3142,-0.5942
6.6753,-14.4277,-3.7301,-0.6366,0.2898,-0.9589
5.0376,-13.2402,-3.6463,-1.3672,0.2189,-1.3835
4.4939,-12.8619,-3.3518,-1.8241,-0.0613,-1.5875
2.6001,-12.7446,-2.8251,-2.2432,-0.437,-1.7243
0.1364,-13.1229,-1.8291,-2.5999,-0.7608,-1.8948
0.1364,-13.1229,-1.8291,-2.9677,-0.2409,-2.2784
-5.981,-14.9452,-0.4046,-2.9677,-0.2409,-2.2784
-8.514,-17.5309,0.8116,-2.8278,0.0613,-2.1599
-10.6114,-19.5229,3.3566,-2.6549,0.0668,-1.8948
-10.1038,-19.9299,7.3026,-2.4411,-0.3039,-1.5179
-9.9625,-19.7336,7.5827,-2.1839,-0.6685,-1.0561
-8.6577,-18.479,7.9753,-1.873,-0.536,-0.6211
-5.2364,-16.475,6.1366,-1.3257,0.3503,-0.2057
1.81,-13.7837,-3.4189,-0.8003,0.8585,-0.2118
2.4636,-13.5778,-4.6974,-0.2243,0.9715,-0.5576
3.5194,-13.0151,-5.9355,0.2057,0.7388,-1.1727
3.7541,-12.6775,-3.0214,0.1873,0.481,-1.9559
2.8993,-11.8492,-0.6607,-0.0508,0.3717,-2.64
1.4652,-10.7981,0.8834,-0.2634,0.1792,-3.2839
0.2561,-9.182,2.3439,-0.3947,0.0314,-3.4152
0.0143,-7.9155,2.715,-0.5499,-0.222,-3.2533
-0.1364,-6.6681,2.7629,-0.7197,-0.5977,-2.8917
-0.462,-6.5532,2.4827,-0.9103,-1.0668,-2.4782
-1.3048,-6.3018,2.4851,-1.1375,-1.641,-1.9308
-2.2505,-5.9115,3.0909,-1.2689,-1.7724,-1.64
-3.6798,-5.0568,3.7588,-1.3617,-1.8023,-1.4073
-3.8402,-4.7572,3.699,-1.4179,-1.9636,-1.2051
-3.8331,-3.8043,3.2824,-1.4362,-2.2299,-1.0292
-3.8283,-2.8395,2.7246,-1.4442,-2.5543,-0.8966
-3.5889,-1.5418,2.4947,-1.4479,-3.1132,-0.816
-3.5936,-1.1923,2.6288,-1.399,-3.3301,-0.7995
-3.6607,-0.5267,3.0837,-1.2603,-3.3111,-0.7909
-4.2329,0.0071,3.6176,-0.9909,-3.0014,-0.7745
-4.7405,0.1628,3.1172,-0.6091,-2.4346,-0.7244
-4.6519,0.1244,2.9807,0.031,-1.5628,-0.5093
-4.1874,-0.1915,2.5594,0.3749,-1.2464,-0.2943
-3.8666,-0.7589,2.2625,0.6382,-1.1633,-0.0994
-3.1196,-1.5251,2.0063,0.8758,-1.2195,0.0648
-2.296,-2.1835,1.5562,1.1134,-1.3509,0.2364
-0.9169,-3.6248,0.0502,1.359,-1.5378,0.4117
-0.6655,-5.1861,-4.6878,1.7047,-1.8432,0.5846
-2.1667,-8.1405,-12.7063,1.8287,-2.0155,0.6689
-1.039,-10.4629,-16.4631,1.6785,-2.2385,0.8369
7.3265,-17.9618,-30.8262,1.362,-2.5017,1.1558
18.5676,-31.0465,-43.9419,1.0725,-2.3478,1.3891
9.431,-41.9093,8.8109,-0.1528,-0.7449,0.9627
6.8405,-39.9843,8.7511,-3.1742,0.2055,-1.122
7.4558,-23.2866,-4.0892,-0.8883,-1.0283,-1.6804
5.6625,-10.9441,-9.9721,1.4207,-0.5274,-1.6895
1.6543,0.2106,-7.3074,1.3987,0.0076,-1.8728
0.5889,2.7078,-5.5237,0.092,0.2025,-1.9827
-1.2258,6.3904,1.1611,-1.5682,0.4914,-1.8881
-2.3223,6.9434,9.9649,-1.6757,0.7089,-1.7207
-6.3305,-1.9177,18.7041,-0.7228,0.6368,-1.4403
-5.799,-5.4111,18.0887,1.0273,0.0009,-0.9498
-3.7852,-18.8381,-3.1675,2.6674,-0.7241,0.0129
3.9911,-41.1982,-35.3827,3.6882,-0.3307,0.9542
-1.8722,-38.1599,15.3115,0.2319,2.7681,1.4062
-0.0885,-25.2525,18.7759,-1.9103,4.25,1.237
-2.0949,-11.5283,7.4151,-1.2579,1.9416,1.1228
-4.2736,-2.5737,1.4963,-0.4057,-1.517,0.5052
-5.7583,0.1891,6.4143,-0.2328,-3.8469,0.0642
-5.8541,0.3543,7.7575,0.0645,-4.3362,-0.0145
-7.1374,-0.4501,7.8413,0.6895,-2.5341,0.2456
-7.8939,-2.059,6.6322,1.3461,-0.3246,0.6353
-8.5643,-5.8948,6.0049,1.7994,1.8487,1.1332
-8.0759,-7.4007,6.4143,1.9662,3.7992,1.6378
-6.8309,-10.8843,5.3393,1.9222,5.0906,2.0965
-5.4471,-14.5738,0.8714,1.8391,4.958,2.5333
-1.9464,-16.183,3.0095,1.8281,3.1438,2.708
-1.5083,-16.2356,3.2752,1.8813,0.448,2.7911
0.0957,-16.1638,3.1603,2.1287,-1.2483,2.6671
0.9337,-15.7927,1.7884,2.4536,-1.5561,2.317
1.4221,-12.5123,-0.1197,2.5538,-0.7877,1.8039
1.312,-11.6121,-0.5482,2.3186,-0.1267,1.0452
1.0079,-9.3735,-0.9289,1.9704,0.3979,0.6769
0.905,-7.9059,0.3232,1.5612,0.8536,0.4631
0.7254,-6.9506,2.3343,1.1879,1.1829,0.3629
0.407,-6.6633,3.3423,0.9521,1.3063,0.347
0.407,-6.6633,3.3423,1.0542,0.9935,0.6146
0.2681,-7.1134,2.2888,1.0542,0.9935,0.6146
0.8547,-8.3919,1.5394,1.2221,1.0955,0.8223
1.2449,-8.8923,1.4963,1.3614,1.4059,1.0318
1.7214,-9.4526,1.549,1.4543,1.7791,1.1937
2.1092,-9.6585,1.2258,1.5105,2.0741,1.2462
2.1092,-9.6585,1.2258,1.4811,2.2788,0.9896
1.7741,-8.708,-0.2825,1.4811,2.2788,0.9896
0.9888,-7.6234,-1.063,1.3626,2.1994,0.8345
0.4022,-6.9434,-1.2785,1.2014,2.09,0.7111
0.4453,-7.5324,-0.0167,1.0578,2.0021,0.672
0.6344,-8.1334,0.3519,0.987,1.7486,0.7606
1.0199,-9.6585,0.5817,1.0401,1.2855,0.8699
1.1635,-10.9753,0.3974,1.1091,0.6142,0.9548
1.2114,-11.2745,0.3902,1.1171,0.0565,0.9951
1.2354,-11.2267,0.3423,1.0432,-0.1701,0.9872
1.2354,-10.5347,-0.3615,0.932,-0.0943,0.9548
1.2785,-9.7925,-1.6759,0.8324,0.5244,0.8852
1.4484,-10.5132,-3.7612,0.8984,1.2519,0.8229
1.5251,-11.1046,-4.4915,0.9943,1.985,0.7306
1.7046,-11.8013,-3.79,0.9546,2.4657,0.6109
2.5689,-12.1604,-0.3854,0.6803,2.5427,0.4948
3.8187,-12.5243,3.4356,-0.1131,1.7119,0.3623
4.185,-12.8284,3.5506,-0.6311,0.5794,0.2358
4.3981,-13.5826,1.786,-0.8761,-0.4688,0.0562
4.7477,-13.6592,-0.1292,-0.6806,-0.6747,-0.1062
5.7248,-14.0375,-1.956,-0.0545,0.3393,-0.185
6.0528,-14.4612,-2.1068,0.3779,1.4358,-0.2393
6.5484,-14.4804,-2.1116,0.034,1.6838,-0.4379
6.4502,-13.154,-1.6711,-0.4986,1.2293,-0.6394
6.4957,-11.9449,-2.612,-0.9353,0.7828,-0.8508
6.8357,-12.0814,-2.4732,-1.195,0.4896,-1.0377
7.2116,-12.553,-2.2098,-1.4998,0.2605,-1.2173
7.0129,-13.1971,-1.5298,-1.9097,-0.2067,-1.4672
3.4213,-14.8853,0.2489,-2.5169,-1.0931,-1.9003
2.4468,-15.175,0.2346,-2.7722,-1.4761,-2.144
-1.2473,-15.7209,0.7541,-2.8327,-1.4333,-2.3419
-4.6327,-16.4559,1.1947,-2.7453,-0.8604,-2.5289
-7.9442,-18.0696,2.375,-2.5279,-0.1414,-2.5508
-7.9442,-18.0696,2.375,-1.7325,0.2696,-1.7952
-11.5211,-19.3218,5.0353,-1.7325,0.2696,-1.7952
-12.3974,-19.3313,5.6889,-1.5022,-0.0986,-1.3132
-10.5898,-18.1318,4.6758,-1.3764,-0.2031,-0.7799
-8.1764,-17.2364,3.6248,-1.2603,0.0937,-0.2668
-2.3439,-15.7017,-0.0957,-1.0288,0.4584,0.0697
2.0805,-14.3128,-5.538,-0.4699,-0.0363,-0.2308
3.0741,-13.1995,-4.2114,-0.2701,-0.8976,-0.987
2.9257,-12.7135,-2.454,-0.3746,-1.2806,-1.8508
2.0542,-11.6337,1.2473,-0.5352,-0.9599,-2.5264
-0.0957,-10.0463,2.3487,-0.5273,-0.3234,-2.9302
-1.6424,-7.6856,2.4756,-0.4143,0.1493,-3.0365
-1.6424,-7.6856,2.4756,-0.9127,-0.2813,-2.37
-0.9504,-6.4933,3.0645,-0.9127,-0.2813,-2.37
-1.4149,-6.1031,3.0214,-1.2218,-0.7217,-2.0139
-2.8419,-5.4949,3.3877,-1.4515,-1.1878,-1.7873
-2.9664,-5.3273,3.3806,-1.6097,-1.5677,-1.6064
-3.4021,-4.5465,3.0095,-1.6244,-1.817,-1.3316
-3.62,-3.608,2.5929,-1.5609,-2.0638,-1.1587
-3.4308,-2.3989,2.1811,-1.5212,-2.4443,-1.0176
-3.3446,-1.8746,2.0781,-1.4839,-2.8231,-0.9101
-3.2345,-1.391,2.2912,-1.4375,-3.1261,-0.8416
-3.5003,-1.0749,2.8443,-1.3464,-3.2598,-0.7891
-4.6758,-0.6799,3.869,-1.0685,-2.9691,-0.7335
-5.1837,-0.5578,4.015,-0.7661,-2.3582,-0.6657
-5.562,-0.3399,3.7756,-0.4002,-1.5891,-0.5222
-5.404,-0.1723,3.2249,-0.0478,-0.9886,-0.2992
-5.404,-0.1723,3.2249,0.527,-0.74,0.2957
-4.3239,-0.7062,2.7078,0.527,-0.74,0.2957
-3.0573,-1.4915,2.3391,0.7408,-0.8897,0.5113
-1.5562,-2.5474,1.2186,0.9943,-1.068,0.7056
0.5243,-4.9179,-4.6519,1.2728,-1.2935,0.8326
0.6775,-5.8206,-7.0943,1.5007,-1.5659,0.8772
1.1061,-8.4925,-12.8427,1.5606,-1.861,0.8742
7.8389,-13.5706,-19.9155,1.1953,-2.525,0.923
20.1525,-35.0978,-29.5597,0.8703,-2.7168,0.8974
20.1525,-35.0978,-29.5597,-2.7551,1.0656,-1.0915
10.5204,-41.1455,11.5499,-2.7551,1.0656,-1.0915
5.7607,-29.6315,0.1699,-2.3141,0.649,-2.2595
4.9419,-14.8422,-10.1253,1.4952,-0.1004,-2.1678
3.4308,-8.0136,-11.3536,1.4433,-0.021,-1.86
1.798,-2.1021,-9.8213,-0.0539,-0.382,-1.7152
-0.984,1.6639,-6.0336,-1.4821,-0.6557,-1.5411
-4.7788,-0.7852,7.961,-2.0893,-0.2721,-1.3267
-4.786,-5.1813,12.9792,-1.7753,0.8133,-0.9724
-0.8355,-15.2085,8.04,0.3236,0.7858,0.0697
1.537,-24.2299,-13.7406,1.6901,0.1792,0.7208
-3.4356,-17.6315,8.2148,1.4146,1.0375,0.7331
-4.1108,-13.0989,7.4199,-0.6366,2.3955,0.4105
-6.1533,-4.973,3.8642,-1.3776,2.5182,0.2841
-7.0177,-1.209,5.3345,-1.2432,0.5604,0.1784
-5.7248,-1.3503,10.5539,-0.5352,-3.1584,0.2743
-5.6434,-2.6336,11.0136,0.4231,-3.1706,0.5193
-7.2475,-5.8277,9.3879,1.5178,-1.379,0.8277
-8.0304,-8.8301,7.4247,2.4317,0.6307,1.2053
-5.4183,-14.5259,2.3271,2.9155,2.3777,1.7587
-4.3263,-15.7496,1.1875,2.9283,4.1199,2.5889
-1.1085,-18.2755,0.5698,2.6155,3.8548,2.8405
0.6081,-18.4455,1.5682,2.158,1.8157,2.7422
0.2801,-16.1806,0.9768,1.8428,-0.6899,2.3299
0.2968,-14.7488,1.0223,1.7725,-1.8945,1.8528
1.1156,-12.6033,1.0534,1.7408,-1.7718,1.5168
1.4915,-10.7023,1.039,1.6809,-0.9056,1.2877
0.1268,-8.6026,0.4165,1.6449,-0.478,1.1637
-0.5123,-7.9873,0.2466,1.5807,-0.2263,1.0623
-1.0438,-7.3481,0.4429,1.4659,-0.0204,1.044
-0.8236,-7.1924,0.893,1.3309,0.2153,1.1057
-0.5147,-7.6306,1.8531,1.2001,0.467,1.1998
-0.6464,-7.9083,2.1068,1.1751,0.4169,1.2016
-0.9289,-8.6266,2.0422,1.2337,0.3026,1.1594
-0.9217,-9.0144,1.3479,1.381,0.2611,1.1222
-0.881,-8.8181,0.0119,1.5129,0.3338,1.0965
-0.8307,-8.8229,-0.0454,1.5636,0.481,1.0684
-0.7374,-8.5715,0.0933,1.5752,1.0039,1.0397
-0.3687,-8.4278,0.5075,1.5667,1.4902,1.0128
0.2849,-7.9873,0.8714,1.5636,1.9288,0.9908
0.3998,-7.8413,0.8236,1.549,2.2122,0.9463
0.4429,-7.5444,0.5578,1.5202,2.3539,0.8772
0.0598,-7.2355,0.1244,1.4592,2.382,0.7942
-0.8403,-6.8764,-0.2753,1.315,2.2537,0.6897
-1.2641,-7.1038,-0.1651,1.2063,2.0974,0.6811
-1.1851,-8.0496,0.3543,1.1299,1.8994,0.7526
-0.2226,-9.7399,0.6081,1.1195,1.6019,0.8846
0.9433,-11.2937,0.1268,1.1739,1.1542,1.0251
1.3646,-11.5858,-0.0598,1.2374,0.558,1.0849
1.9225,-11.4972,-0.2154,1.1775,0.459,1.0336
2.6934,-10.9609,-0.7589,1.0596,0.6007,0.9585
3.7325,-10.597,-3.3231,0.9619,0.9373,0.8717
3.8738,-10.7239,-3.9049,0.9112,1.4272,0.7636
4.0414,-11.2769,-4.3239,0.8544,2.0589,0.6225
4.4675,-11.7438,-1.8124,0.5007,2.8457,0.3635
4.8578,-12.5554,2.6001,0.045,2.7577,0.1711
4.6232,-12.9672,2.8634,-0.41,1.9263,-0.064
4.4747,-14.0949,2.3654,-0.633,0.7718,-0.2986
5.289,-14.9236,1.5945,-0.5389,0.021,-0.4305
7.3289,-15.8861,-1.4125,-0.0142,0.101,-0.4311
7.6258,-15.7951,-1.7262,0.2362,0.4169,-0.414
7.6258,-15.7951,-1.7262,-0.2536,0.6252,-0.5875
8.7846,-13.2713,-2.7533,-0.2536,0.6252,-0.5875
8.2076,-13.2833,-1.8746,-0.6977,0.4108,-0.841
7.2379,-13.0774,-1.8459,-1.1168,0.0797,-1.1373
5.5285,-12.0862,-1.6136,-1.7111,-0.7125,-1.5515
4.3718,-12.4094,-1.4077,-2.0715,-1.0711,-1.7634
1.2569,-14.3439,-0.7206,-2.3544,-1.266,-1.9467
-1.118,-15.1558,0.383,-2.6091,-1.2153,-2.2228
-4.3861,-17.2388,1.6136,-2.7685,-0.8976,-2.5069
-6.6896,-19.7048,2.296,-2.7209,-0.5115,-2.5893
-10.1995,-21.8237,4.7884,-2.322,0.0015,-2.2827
-10.4677,-21.7926,5.4255,-1.9158,0.3094,-1.8936
-10.3073,-20.538,6.1246,-1.4326,0.4718,-1.4012
-9.1988,-18.3258,6.2826,-1.0062,0.3814,-0.9485
-6.2946,-14.308,5.5716,-0.7264,0.0448,-0.6596
-5.2436,-13.5203,4.4292,-0.4222,-0.5219,-0.6309
-1.6879,-12.2777,-0.0861,-0.2133,-0.6111,-0.7989
2.0997,-11.6002,-6.1294,-0.0478,-0.3387,-1.0554
2.2577,-11.2745,-5.7679,-0.0245,-0.1646,-1.4776
2.0901,-11.1333,-4.8913,-0.3379,-0.2947,-2.0609
0.5985,-10.6975,-1.1851,-0.7087,-0.3552,-2.4922
-1.4676,-9.6848,1.5394,-0.8168,-0.28,-2.7567
-1.9536,-8.1453,2.3654,-0.6733,-0.3509,-2.607
-1.6543,-7.5707,2.0231,-0.5273,-0.5696,-2.2503
-2.0039,-6.8501,2.3535,-0.5132,-0.7748,-1.9027
-3.0837,-6.3712,3.0573,-0.7014,-0.8219,-1.7188
-4.4843,-5.4949,3.0358,-1.0771,-0.8646,-1.5893
-4.6279,-5.1909,3.0358,-1.2786,-0.9691,-1.4904
-4.4436,-4.7764,2.9424,-1.4527,-1.1206,-1.359
-3.9959,-4.3742,2.4253,-1.5737,-1.3564,-1.2515
-3.4069,-3.5506,1.7621,-1.6293,-1.7211,-1.1941
-3.2752,-3.2848,1.6639,-1.6201,-2.109,-1.1813
-3.3016,-2.4827,1.5849,-1.4485,-2.412,-1.1898
-3.5553,-1.6376,1.8794,-1.242,-2.3228,-1.1575
-4.5992,-0.6009,2.6886,-0.9757,-2.057,-1.0542
-4.6327,-0.577,2.7413,-0.6708,-1.693,-0.8667
-4.5825,-0.6823,2.7581,-0.3416,-1.3264,-0.6028
-4.3454,-0.9289,2.3463,-0.0435,-1.1597,-0.3273
-3.3159,-1.4484,1.6256,0.2539,-1.2702,0.03
-2.9999,-1.5849,1.7142,0.359,-1.3942,0.2303
-2.0877,-2.0638,1.391,0.4415,-1.4895,0.4069
-0.9145,-2.7174,0.7493,0.5606,-1.5891,0.5639
0.2992,-3.9049,-1.8124,0.7206,-1.6777,0.7092
0.8259,-5.1382,-5.6242,0.9894,-1.8964,0.8662
2.5091,-7.7144,-12.5147,1.0627,-2.1713,0.9774
8.368,-12.1341,-20.4398,0.9124,-2.4669,1.1155
20.5332,-25.3195,-38.3108,0.582,-2.6569,1.1594
20.1789,-31.1805,-18.8214,-0.1314,-2.5531,0.7459
13.2953,-34.9876,4.0605,-1.7979,-1.0509,-0.4024
3.7205,-30.151,-0.1963,-0.7716,2.0986,-2.1434
4.1922,-15.0002,-10.7071,1.403,2.1047,-2.257
3.7421,-11.5642,-11.4517,1.6675,1.1261,-1.7549
2.1643,-5.7535,-10.427,0.2808,-0.335,-1.549
-0.9074,-2.0685,-6.8333,-1.2738,-1.3014,-1.5154
-5.2076,-5.6889,3.9767,-2.0868,-0.6154,-1.2937
-4.7644,-9.6249,8.0041,-1.5658,0.7938,-0.7738
-0.3615,-20.0209,7.7431,-0.3385,0.9343,0.0611
1.482,-26.1838,-8.514,0.9863,-0.1389,0.7288
-3.62,-10.3887,10.9609,0.9888,0.2159,0.6872
-4.3071,-8.4542,9.7638,-0.8303,1.809,0.1747
-7.0105,-1.7549,2.7892,-1.4228,1.9239,-0.177
-8.1764,1.2497,5.981,-1.0868,0.0522,-0.0805
-7.1278,0.462,10.3911,-0.5945,-2.346,0.1552
-7.1589,-1.5993,10.3217,0.4415,-2.7803,0.5107
-8.8157,-5.1454,8.0232,1.6907,-1.0626,0.9041
-8.9378,-8.2028,6.0576,2.9075,1.9868,1.6805
-6.3162,-14.2673,3.5434,3.0975,3.4602,2.3751
-3.9887,-17.0928,3.7229,2.968,4.0234,2.9578
0.1891,-19.5277,4.3167,2.5954,3.0949,3.2187
2.2912,-19.5109,2.229,2.2044,1.01,3.0696
2.3247,-16.5421,-1.2617,1.9717,-1.0766,2.5431
2.2529,-15.2301,-1.0438,1.7004,-2.046,1.5932
1.9943,-12.7613,0.3184,1.5105,-1.2269,1.1729
1.2306,-10.2953,1.9632,1.3608,-0.2525,0.9426
-1.0821,-7.8197,1.7884,1.3132,0.401,0.829
-1.8028,-7.53,1.1133,1.348,0.66,0.8143
-2.4875,-7.3457,-0.2274,1.3901,0.7351,0.9078
-2.4875,-7.5516,-0.0191,1.2979,0.9905,1.1662
-1.154,-8.8803,1.9249,1.18,1.2067,1.3061
-1.0223,-9.0431,2.1332,1.1775,1.3399,1.3678
-0.723,-9.4095,2.6671,1.3016,1.2843,1.3164
-0.7182,-9.2538,2.7676,1.4671,1.0583,1.1906
-0.7086,-8.4685,2.114,1.5728,0.693,1.0147
-0.5937,-8.1334,1.6065,1.53,0.58,0.9682
-0.1723,-7.8604,1.2282,1.4763,0.7095,0.9933
0.5339,-8.0567,1.3,1.4671,1.1249,1.0501
1.4437,-8.4039,1.2904,1.5044,1.6832,1.1032
1.719,-8.4278,1.1348,1.5416,2.1548,1.11
1.877,-8.1645,0.6847,1.5141,2.4987,1.008
1.3407,-7.3768,0.0909,1.4023,2.4743,0.8864
0.3423,-6.7016,-0.2298,1.268,2.3875,0.7697
0.0742,-6.6585,-0.1412,1.1739,2.335,0.7331
-0.1963,-7.3888,0.2418,1.1507,2.2434,0.7838
-0.0263,-8.8923,0.5003,1.2044,1.6917,0.9841
1.1707,-11.4804,0.1484,1.2069,0.9837,1.1375
1.2976,-11.672,0.0861,1.1366,0.2904,1.2218
1.877,-12.2035,-0.4309,1.0315,-0.0375,1.1924
2.4779,-11.976,-1.3527,0.9662,0.1023,1.0861
2.8443,-10.7263,-4.8051,0.9882,0.6783,0.9548
2.8083,-10.7598,-5.4471,1.1299,1.9471,0.7709
2.7916,-11.2123,-5.4423,1.0279,2.6471,0.664
2.9999,-11.5427,-2.6695,0.6571,3.0204,0.5461
3.6703,-11.8851,2.7054,0.092,2.8304,0.424
4.1994,-12.2705,4.5968,-0.4796,2.0082,0.2957
4.7333,-12.9744,4.4747,-0.84,0.7944,0.1503
6.0863,-13.9656,3.7181,-0.7863,-0.6472,-0.0591
7.8532,-14.9404,1.2186,-0.3287,-0.583,-0.1477
8.5452,-15.2995,0.2154,0.2845,0.1145,-0.2289
9.0384,-15.1343,-1.7597,0.5545,0.6997,-0.3499
8.4542,-13.889,-2.6312,0.4121,0.9074,-0.5264
7.7311,-13.0199,-1.798,-0.1992,0.8756,-0.8374
7.7311,-13.0199,-1.798,-1.165,-0.1823,-1.2491
6.151,-12.9218,-1.0055,-1.165,-0.1823,-1.2491
5.0329,-12.3974,-1.5514,-1.5138,-0.9294,-1.4238
3.5889,-12.8858,-1.0965,-1.7875,-1.3839,-1.5557
3.0933,-13.1229,-1.0342,-2.0874,-1.6435,-1.684
-0.1268,-14.1045,-0.3208,-2.5505,-1.8359,-2.0677
-3.7588,-15.5246,0,-2.7789,-1.6111,-2.3144
-8.7798,-19.9873,0.4596,-2.8333,-1.1707,-2.3425
-8.7798,-19.9873,0.4596,-2.5437,-0.3436,-1.7909
-12.565,-21.8955,3.0214,-2.5437,-0.3436,-1.7909
-14.0422,-21.8692,5.2723,-2.1143,-0.4688,-1.089
-14.6887,-20.1358,6.977,-1.7991,-0.6979,-0.5289
-13.1085,-18.0289,7.1613,-1.5205,-0.4321,0.0012
-8.8923,-15.2013,4.7046,-1.1846,0.2904,0.4166
-3.1603,-13.0582,-0.3088,-0.7399,0.9728,0.5486
2.7246,-11.0734,-6.6059,-0.2866,1.1456,0.2242
2.8323,-11.2314,-6.2587,-0.1461,0.3301,-1.1434
2.8323,-11.2314,-6.2587,-0.589,0.2501,-2.8514
3.2154,-11.1189,0.0407,-0.589,0.2501,-2.8514
1.8459,-9.6465,2.3965,-0.5633,0.8268,-3.3199
1.5011,-9.1916,2.4875,-0.4247,1.1792,-3.5747
1.1061,-8.2555,2.7293,-0.3935,0.9844,-3.6089
0.3327,-6.9363,2.9592,-0.7686,-0.1273,-3.2992
-1.6783,-4.8988,2.9448,-1.1369,-0.941,-2.9369
-2.1212,-4.6806,3.0214,-1.4405,-1.4895,-2.4708
-2.6072,-4.8964,3.2154,-1.6562,-1.7785,-1.9137
-3.122,-4.7046,3.2656,-1.7973,-1.9807,-1.3438
-4.501,-2.9735,2.6958,-1.8907,-2.0967,-0.8203
-4.4771,-2.7509,2.6455,-1.928,-2.3313,-0.6407
-4.3335,-1.889,2.1571,-1.9445,-2.6508,-0.491
-4.2808,-1.3431,1.9345,-1.9231,-2.9959,-0.4037
-4.1922,-0.6943,2.6192,-1.8358,-3.2427,-0.3878
-4.2018,-0.3447,3.0621,-1.6366,-3.2134,-0.4043
-4.7907,0.1915,3.5913,-1.0606,-2.4517,-0.4592
-5.3082,0.3543,3.3949,-0.5871,-1.6856,-0.4617
-4.9778,0.079,2.5737,-0.154,-1.1242,-0.3328
-4.6902,-0.2561,2.3367,0.1941,-0.8072,-0.1147
-3.8594,-1.1444,1.8914,0.4457,-0.707,0.1051
-3.2202,-2.0135,1.5777,0.7365,-0.7785,0.3531
-0.6679,-3.9121,-0.2418,0.9295,-0.9483,0.4747
0.1388,-4.5801,-1.5705,1.1519,-1.1743,0.5681
0.4285,-5.7703,-6.7064,1.3632,-1.5183,0.5852
1.7645,-7.6306,-13.6807,1.4934,-1.9929,0.5419
12.0335,-17.4758,-34.6668,1.4555,-2.5598,0.573
15.8406,-22.6018,-47.5264,1.3089,-2.729,0.4936
17.4854,-30.5437,-19.7407,0.9332,-0.7284,-0.0781
12.4333,-35.3563,7.1326,-1.3324,1.6429,-1.2583
4.8745,-22.8077,-7.3888,-1.0801,0.9049,-2.2705
5.0424,-19.1446,-9.2203,0.9308,-0.1438,-2.502
4.185,-10.4701,-9.7662,1.5013,-0.2116,-1.9864
2.9879,-5.2986,-8.5954,-0.457,-1.2446,-1.3639
0.0814,0.0143,-6.9961,-1.6238,-1.7284,-1.1251
-1.6663,1.3144,-3.3087,-2.0074,-1.4718,-0.9553
-4.5681,-1.1204,6.2108,-1.7563,-0.2025,-0.7659
-5.1334,-8.8061,13.5562,-0.8828,1.0626,-0.4403
-6.3688,-27.187,-23.5308,1.4225,1.0729,0.5095
-5.7463,-33.0959,-17.4112,2.2331,1.5867,1.0153
-3.2249,-26.452,11.2362,0.1715,2.3948,1.2609
-3.2249,-26.452,11.2362,-1.6446,0.9166,0.5981
-3.6415,-0.8595,5.6434,-1.6446,0.9166,0.5981
-3.6272,0.8978,5.5572,-0.9604,-1.0571,-0.006
-2.6815,1.8076,8.9785,0.1256,-3.0265,-0.3786
-4.2904,-0.0239,11.411,1.1012,-2.3331,-0.2961
-6.9315,-5.7631,6.8501,2.1897,-0.6618,-0.031
-6.8477,-6.4933,6.2395,3.0224,0.8054,0.5706
-5.8014,-10.5946,3.1675,3.3443,2.2134,1.3708
-4.5872,-14.9523,-0.565,3.0456,3.9752,2.3372
-0.4022,-19.6881,3.6415,2.5043,3.897,2.7147
0.1675,-19.6162,4.2664,1.8104,2.2195,2.8424
0.7206,-18.2276,1.9967,1.4598,-0.1841,2.6836
1.8171,-16.2284,0.4477,1.5166,-1.7595,2.3512
3.3925,-13.1444,0.158,1.5538,-1.9953,2.0024
3.0909,-10.9609,0.7661,1.4818,-1.0583,1.394
1.2569,-8.6122,1.4772,1.4127,-0.5299,0.9829
-0.5386,-7.1685,1.6065,1.3938,-0.3063,0.7025
-2.0494,-6.0815,0.5267,1.4091,-0.2354,0.6298
-1.9728,-5.8756,-0.1125,1.414,-0.112,0.738
-1.4604,-6.1198,-0.2944,1.3669,0.1572,0.934
-1.3048,-6.9267,0.383,1.2252,0.5335,1.1515
-1.2042,-8.6457,1.0965,1.2191,0.7186,1.1729
-1.2042,-8.6457,1.0965,1.4231,0.8817,1.0941
-1.3742,-9.0024,1.2282,1.4231,0.8817,1.0941
-1.3383,-9.0288,1.2832,1.4445,0.8567,1.0605
-0.9888,-8.7798,1.6065,1.3859,0.8964,1.0605
-0.9313,-8.6912,1.7238,1.351,1.0503,1.0593
-0.7206,-8.4997,1.8267,1.359,1.2996,1.0416
-0.6703,-8.2411,1.6041,1.362,1.5378,1.0293
-0.4764,-7.779,0.7469,1.318,1.6997,1.0232
-0.4764,-7.779,0.7469,1.1073,2.0717,0.9982
-0.9265,-7.4151,-0.1364,1.1073,2.0717,0.9982
-1.8219,-7.5827,-0.9433,1.1678,2.3509,0.9475
-1.549,-8.9641,-0.5698,1.3345,2.6392,0.9518
-0.565,-10.3983,0.0909,1.4769,2.6337,1.0367
0.7517,-12.0072,0.4716,1.497,2.1163,1.1478
1.865,-12.6057,0.2154,1.3321,0.8426,1.2028
3.6128,-11.8252,-1.2162,1.1843,0.2965,1.1466
4.3287,-11.4421,-2.1475,1.0994,0.2794,1.0483
5.5428,-11.1309,-3.6918,1.1055,0.7363,0.942
6.1198,-11.253,-4.3143,1.0438,1.404,0.7899
5.8517,-11.7247,-1.47,0.7725,2.0234,0.5651
5.6075,-11.842,-0.1508,0.0438,2.3692,0.1497
5.0544,-12.419,1.865,-0.4271,1.9972,-0.1123
5.2459,-13.5347,3.1579,-0.6776,1.3002,-0.3035
6.048,-15.3402,3.5889,-0.6562,0.5965,-0.3945
6.4239,-15.5581,3.2225,-0.4082,0.1065,-0.4342
7.1924,-15.3187,1.4413,-0.1009,-0.1945,-0.4275
8.5739,-14.7824,-0.6392,0.1342,-0.2855,-0.3866
10.0367,-15.8334,-1.7884,0.0279,-0.0375,-0.4165
9.5459,-15.7951,-1.9464,-0.3031,0.0656,-0.6205
5.0305,-14.1428,-3.62,-0.7264,-0.1255,-1.0561
2.8083,-13.0678,-4.2832,-1.0905,-0.4437,-1.5295
1.4125,-12.7949,-4.0916,-1.6867,-0.5537,-1.7524
-0.7278,-13.2019,-3.7086,-2.1601,-0.8078,-1.8826
-3.8546,-14.071,-3.0573,-2.6299,-1.0925,-2.0823
-6.9003,-15.3043,-2.7533,-2.9475,-1.1169,-2.1581
-10.19,-18.4455,-0.9385,-2.9805,-0.7968,-2.0457
-11.3583,-19.4175,0.6967,-2.8247,-0.4193,-1.7653
-12.1389,-19.3984,4.8195,-2.5456,-0.4969,-1.1569
-11.2123,-18.6322,7.4678,-2.3519,-0.8518,-0.6859
-9.1533,-17.7368,6.4837,-2.1039,-0.7174,-0.2552
-8.0903,-17.3681,5.5859,-1.8186,0.0693,0.0452
-5.0041,-15.6467,2.6216,-1.5633,1.0461,0.1686
-2.1739,-13.5754,-1.0821,-1.0422,1.5207,-0.1001
1.1444,-11.4493,-4.039,-0.6079,1.0363,-0.5686
1.142,-11.2745,-3.8594,-0.2683,0.4608,-1.1452
1.6639,-10.7646,-2.3511,-0.1363,0.1689,-1.7579
1.8698,-10.0631,0.3232,-0.1724,0.2935,-2.2491
1.8602,-8.052,3.2872,-0.2475,0.7223,-2.5985
1.3862,-7.6952,3.3638,-0.22,1.0809,-2.8997
0.5506,-6.692,3.3327,-0.2585,0.8378,-2.9815
0.3495,-5.8158,3.0717,-0.4619,0.3454,-2.885
-0.3112,-5.2244,2.6839,-0.7099,-0.1811,-2.6474
-1.2785,-5.155,2.284,-0.9476,-0.7706,-2.3877
-2.4277,-5.0616,2.5617,-1.1895,-1.4254,-1.9681
-3.043,-4.973,3.0214,-1.2994,-1.6386,-1.6547
-3.043,-4.973,3.0214,-1.3898,-2.2165,-1.1019
-3.4668,-3.6272,2.6886,-1.3898,-2.2165,-1.1019
-3.6248,-2.6431,2.8083,-1.4375,-2.6221,-0.9394
-3.8498,-1.6687,3.019,-1.4595,-2.963,-0.8361
-4.3789,-0.3974,3.4572,-1.33,-3.2482,-0.7176
-4.6088,-0.1747,3.5146,-1.1302,-3.1969,-0.6468
-4.9491,0.3351,3.4715,-0.8425,-2.8787,-0.5704
-4.7405,0.4979,3.2082,-0.5083,-2.3545,-0.4611
-3.9121,-0.0598,2.6575,-0.176,-1.7986,-0.331
-3.4524,-0.3998,2.4732,0.1348,-1.445,-0.2021
-2.5019,-1.3503,2.0063,0.5502,-1.3124,0.0055
-1.3838,-2.7724,1.1851,0.8049,-1.3771,0.1191
0.1651,-5.3321,-4.9658,1.048,-1.4993,0.2083
0.2609,-5.72,-6.4718,1.2612,-1.6471,0.2603
0.9337,-8.131,-14.1308,1.3461,-1.8799,0.2731
6.4095,-12.6847,-19.1757,0.9161,-2.3289,0.3733
12.8451,-22.9011,-37.1352,0.4213,-2.3558,0.383
14.5857,-28.0944,-24.8694,0.1531,-1.3796,0.0483
11.5188,-32.1239,-0.2418,-1.0624,0.8823,-0.7396
5.2196,-29.1479,1.6136,-1.4338,0.9929,-1.6706
5.3585,-17.7176,-7.9993,0.031,-0.2244,-2.0939
4.3622,-12.4693,-9.8261,1.348,-0.3814,-1.5429
2.0254,-6.4287,-8.8827,0.3791,-0.5775,-1.3145
1.2282,-2.1284,-6.862,-0.9873,-1.1163,-1.1501
0.0622,2.1811,0.7972,-1.8516,-1.729,-0.9314
-1.2976,1.7262,4.8243,-1.9427,-1.8622,-0.7409
-2.9233,-3.2441,9.7087,-0.7191,-0.7229,-0.4568
-0.553,-13.1205,13.6759,0.7994,0.0394,-0.0286
-0.553,-13.1205,13.6759,3.001,1.8762,0.5785
-3.2154,-37.3794,-13.0056,3.001,1.8762,0.5785
-5.2819,-25.7265,9.7447,0.4268,3.853,0.4502
-4.8314,-10.8771,10.36,-2.1827,3.7107,0.2914
-7.1206,1.5203,5.0712,-1.8321,0.4089,0.1576
-7.135,1.9943,6.0456,-1.2414,-2.4272,0.0306
-5.9091,2.4229,9.1533,-0.5615,-5.0057,0.0862
-6.376,-0.0526,8.4542,0.6162,-4.3124,0.311
-8.0663,-4.1683,7.2379,1.9912,-1.4028,0.5858
-8.0232,-6.1821,7.1852,2.855,1.3942,1.0049
-7.3385,-10.0631,6.5388,3.1012,4.0405,1.9334
-5.9451,-14.8614,3.1028,2.9698,4.7668,2.4435
-1.9608,-19.2188,1.3766,2.6632,4.1798,2.7532
-0.4165,-19.3505,2.047,2.1494,2.0179,2.8216
1.5897,-18.2324,1.3192,1.7414,-0.5647,2.6084
2.9209,-16.5612,-0.1843,1.7041,-2.1658,1.9126
2.4612,-12.8811,0.6536,1.7854,-1.5128,1.358
2.0614,-11.8875,1.3646,1.8012,-0.3729,0.8595
0.5746,-9.9865,2.0829,1.7811,0.5354,0.5388
-0.5458,-8.6194,1.7405,1.7835,1.0125,0.3934
-1.2689,-7.0272,0.6679,1.7579,1.1108,0.4276
-0.9744,-6.8141,0.462,1.5691,0.9495,0.6946
-0.2082,-6.6537,0.5291,1.3852,0.7974,0.9047
-0.3974,-6.783,0.8427,1.2032,0.5537,1.0251
-1.2665,-7.8053,0.9888,1.0975,0.2678,1.0354
-1.2665,-7.8053,0.9888,1.1201,0.2513,0.9976
-1.695,-8.2219,0.4022,1.1201,0.2513,0.9976
-1.6998,-8.4494,0.3495,1.1421,0.6264,1.0244
-1.1635,-8.8372,0.8571,1.1702,1.1462,1.0642
-0.6296,-9.0527,1.2976,1.2166,1.674,1.0971
-0.2106,-9.0671,1.6376,1.282,2.1059,1.091
0.1292,-8.866,1.3455,1.3455,2.349,1.0422
0.1292,-8.866,1.3455,1.2246,2.2928,0.8876
0.2992,-7.9658,0.1675,1.2246,2.2928,0.8876
-0.0071,-7.3864,-0.0215,1.092,2.2409,0.8424
-0.0981,-7.4462,0.7852,0.9943,2.258,0.8412
0.7517,-9.2802,2.3151,0.9717,2.2458,0.8998
1.1947,-10.0894,2.3367,1.0322,1.9929,0.9994
2.1619,-11.6193,1.6735,1.2276,1.0583,1.1081
2.1619,-11.6193,1.6735,1.3767,0.0668,1.0165
4.5801,-10.6425,-1.8315,1.3767,0.0668,1.0165
4.8147,-10.5515,-2.2218,1.3486,0.1481,0.9334
5.6625,-10.6018,-4.094,1.2893,0.6356,0.8363
5.6554,-11.4086,-5.1813,1.0975,1.8463,0.6036
4.3789,-12.2729,-2.545,0.8587,2.6862,0.3861
4.1994,-12.1796,-1.4173,0.4854,3.1261,0.1601
3.8881,-12.1293,1.4915,-0.0129,2.8182,-0.0231
3.8881,-12.1293,1.4915,-0.7649,0.528,-0.2399
3.5146,-13.9728,1.3958,-0.7649,0.528,-0.2399
4.0605,-14.5211,1.2617,-0.5914,-0.569,-0.2308
5.8828,-15.2085,1.0007,-0.2304,-0.4321,-0.1257
7.3648,-15.1846,0.5817,0.0322,-0.1805,-0.0377
8.0567,-13.6592,-2.0661,0.1275,-0.0296,-0.0848
7.1972,-13.2857,-4.0031,0.0481,-0.0088,-0.2809
7.1972,-13.2857,-4.0031,-1.0251,0.2415,-1.0261
5.5787,-13.4245,-2.8562,-1.0251,0.2415,-1.0261
4.7261,-12.5914,-1.9081,-1.5425,0.0931,-1.2729
3.8211,-12.4142,-1.6567,-1.9365,-0.3161,-1.4971
1.4293,-12.9912,-1.6783,-2.2291,-0.787,-1.75
-0.8259,-14.0231,-1.6041,-2.4472,-1.1224,-1.9742
-5.7224,-16.0848,-0.8547,-2.6702,-0.8494,-2.2185
-6.2036,-16.4966,-0.656,-2.7068,-0.3423,-2.2564
-8.3488,-18.0887,1.2162,-2.6342,0.0778,-2.1184
-9.7231,-18.6538,3.9408,-2.457,0.1426,-1.8728
-10.1804,-18.127,7.0296,-2.1705,-0.2898,-1.5539
-10.281,-18.0241,7.0272,-1.8681,-0.8127,-1.1935
-9.9649,-17.586,5.4279,-1.4961,-0.6374,-0.6437
-6.6466,-16.3553,2.0805,-1.2848,0.0754,-0.2778
-0.9576,-14.3822,-3.0861,-1.0227,0.6435,-0.0457
1.8171,-13.1085,-5.8397,-0.7124,0.6453,-0.1734
2.9041,-12.2442,-3.6966,-0.5212,0.1933,-0.7128
2.782,-11.7342,-0.9552,-0.5395,0.1163,-1.8514
1.1994,-10.2738,1.4484,-0.4552,0.4694,-2.5001
0.5195,-9.4837,1.7764,-0.3074,0.8072,-2.8893
-0.2178,-8.2052,2.6455,-0.206,0.9428,-2.998
-0.2561,-7.4558,3.0142,-0.3391,0.652,-2.8612
-0.2106,-6.8309,2.7006,-0.6207,0.1346,-2.5838
-0.3519,-6.6729,2.6815,-1.0801,-0.6288,-2.1373
-1.2425,-6.2348,2.8682,-1.3385,-0.9984,-1.9125
-2.308,-5.9451,3.4021,-1.5126,-1.2153,-1.736
-3.0526,-5.1526,2.8706,-1.614,-1.4443,-1.5551
-3.1004,-4.8578,2.6288,-1.6433,-1.7803,-1.3542
-3.359,-4.1491,2.2792,-1.6861,-2.4547,-1.1141
-3.5338,-3.1148,1.9512,-1.7374,-2.9483,-1.0298
-3.9264,-1.5275,2.3056,-1.738,-3.3441,-0.9687
-3.9887,-1.3766,2.4492,-1.6659,-3.5714,-0.9162
-4.3119,-0.8283,3.1794,-1.479,-3.4981,-0.8642
-4.9251,-0.3088,3.7038,-1.1473,-3.0295,-0.7958
-5.5189,-0.0454,3.5553,-0.476,-1.8402,-0.6566
-5.2555,-0.1532,3.1172,-0.0526,-1.1523,-0.5008
-4.6208,-0.5961,2.3798,0.26,-0.8738,-0.2925
-3.7924,-1.3383,2.0326,0.4775,-0.8616,-0.0915
-2.7676,-2.4157,1.4173,0.6681,-0.8988,0.0831
-1.9009,-3.0334,1.0031,0.8831,-0.9532,0.2413
-0.2801,-4.3191,-1.3766,1.2356,-1.1768,0.46
0.3136,-5.6841,-6.8836,1.4561,-1.4853,0.5364
3.0095,-9.6202,-14.5905,1.5239,-1.9019,0.5797
6.0839,-11.9473,-15.3809,1.3614,-2.4663,0.6964
14.4253,-20.8564,-41.4735,1.1586,-2.8518,0.8778
18.1845,-30.5461,-25.2286,1.0151,-1.2403,0.5022
6.5436,-35.1935,5.1238,-1.2224,1.0186,-0.6388
3.7828,-31.6809,2.1547,-1.6354,0.1139,-1.7445
4.7285,-20.0089,-6.467,0.114,-0.9844,-1.9662
3.6248,-11.4661,-9.0072,1.1818,-0.5616,-1.4482
0.8307,-2.6479,-7.1637,0.5166,-0.6856,-1.2179
0.3471,-1.0486,-6.6418,-1.289,-1.2348,-1.1153
-1.956,2.3678,-3.5506,-1.8168,-1.2428,-1.0359
-4.2066,2.4181,3.1364,-1.6873,-0.4761,-0.9253
-6.6322,-3.857,9.2443,-0.9708,0.8255,-0.6541
-5.1693,-11.2458,9.941,0.3877,1.3936,-0.1141
-2.6312,-25.2956,-10.573,2.5532,0.3631,1.0446
1.4173,-38.1216,-14.2888,2.734,0.9642,1.3775
-0.9744,-22.1876,13.4964,-0.3904,2.2317,1.0397
-1.3024,-12.0718,10.6233,-2.1418,2.5867,0.4973
-2.2505,-2.9113,7.9155,-1.4717,1.4028,0.0813
-3.3351,1.403,6.06,-0.7704,-0.8078,-0.276
-3.7972,2.5163,6.4933,0.3046,-3.0381,-0.4727
-4.2185,1.8986,7.7431,1.1244,-2.5201,-0.3585
-6.115,-0.9265,7.1182,1.9295,-0.6649,-0.086
-7.3169,-3.6415,3.7493,2.6229,1.3063,0.3555
-6.0312,-10.1708,1.8435,2.8971,2.9257,0.9609
-5.8206,-11.8085,1.5586,2.7243,4.0857,1.6219
-4.4867,-16.0417,1.6759,2.1733,3.8023,2.372
-2.1787,-18.0959,3.5865,1.8177,2.3625,2.7159
1.8507,-17.6051,2.8443,1.6363,0.7791,2.8931
2.308,-17.3729,2.4253,1.6748,-0.346,2.8283
3.7708,-16.0297,0.1292,1.7737,-0.7852,2.5241
2.8419,-13.5538,-0.5913,1.7884,-0.4786,1.694
0.4118,-10.6161,0.0263,1.6003,-0.0528,1.1338
-0.225,-9.1341,0.7398,1.3608,0.2177,0.8216
-0.632,-7.846,1.1587,1.1708,0.2532,0.7703
-0.5386,-7.1493,1.7573,1.0578,0.0778,0.829
0.1029,-7.0033,2.4037,1.0071,-0.1353,0.9371
0.1508,-7.0584,2.6288,1.0859,-0.4517,1.1032
0.1221,-7.2283,2.5282,1.1904,-0.7076,1.1619
-0.1292,-7.2236,1.8698,1.2655,-0.8787,1.1656
-0.5099,-7.6018,1.3982,1.3034,-0.7706,1.1222
-0.5506,-7.8413,1.4269,1.3223,-0.3142,1.0764
-0.5793,-8.3823,1.6232,1.3749,0.704,1.0177
-0.5147,-8.9306,1.9512,1.4317,1.3759,0.986
-0.5315,-9.3616,1.47,1.5166,1.9165,0.9573
-0.6248,-9.3017,1.2545,1.6106,2.2513,0.9212
-0.9672,-8.7558,0.7445,1.6662,2.4132,0.8815
-1.6615,-7.8245,-0.3423,1.6436,2.4486,0.8381
-3.3063,-6.7399,-2.6886,1.6003,2.4028,0.8192
-3.3734,-6.9602,-2.861,1.6168,2.3234,0.8595
-1.6017,-8.8325,-2.4612,1.6021,2.0864,0.9896
1.0726,-10.8196,-1.4724,1.4873,1.5176,1.19
3.359,-12.4429,0.0861,1.3229,0.7241,1.3299
4.3622,-12.8068,0.553,1.0609,-0.134,1.2199
5.8206,-12.9433,0.1747,0.9198,-0.3368,1.0189
6.783,-12.5626,-1.3646,0.8068,-0.2147,0.7722
6.7591,-11.5666,-3.7995,0.7163,0.3258,0.4936
6.0552,-11.1716,-3.845,0.6388,1.3301,0.2096
4.8123,-10.8149,-1.8363,0.4836,2.525,-0.0475
4.0725,-10.7622,1.5131,-0.0019,3.3484,-0.2778
3.4668,-12.328,3.1531,-0.3514,2.7082,-0.3322
3.2489,-13.2498,2.94,-0.559,1.3698,-0.3316
2.7916,-14.4971,3.2369,-0.545,0.0253,-0.29
1.7908,-13.9848,2.1308,-0.3233,-0.6624,-0.2748
3.055,-13.585,-1.9033,0.081,-0.6814,-0.2906
4.434,-14.0398,-2.6048,0.5196,0.1365,-0.1856
6.5268,-13.9896,-2.5091,0.2924,0.6032,-0.1379
6.2898,-13.0199,-2.8491,-0.2029,0.5458,-0.301
7.3552,-13.4796,-3.8187,-0.5957,0.2403,-0.5778
7.6162,-13.47,-3.9025,-0.9072,0.0033,-0.7812
7.9418,-12.917,-3.189,-1.5517,-0.5488,-1.133
6.6777,-12.4262,-2.5067,-2.0129,-1.01,-1.4684
3.2585,-13.1564,-1.0773,-2.3293,-1.3558,-1.8245
0.8667,-14.071,-0.3639,-2.5401,-1.3643,-2.1006
-2.5809,-15.1894,-0.383,-2.6458,-1.0326,-2.3089
-6.1055,-17.2987,-0.1436,-2.6476,-0.4718,-2.4354
-9.6848,-19.3194,2.454,-2.5511,0.1524,-2.246
-10.7287,-19.4726,4.446,-2.4197,-0.0503,-1.9296
-11.15,-19.1015,6.206,-2.2169,-0.6154,-1.5118
-11.4062,-18.558,6.0408,-2.0025,-0.8921,-1.0212
-9.7877,-16.894,3.0837,-1.8498,-0.4297,-0.5246
-8.1621,-16.0441,1.8579,-1.611,0.8316,0.1527
-3.3782,-14.5402,-1.4748,-1.2848,0.9721,0.3519
-0.6536,-13.1708,-4.1874,-0.8547,0.1243,0.1356
2.8562,-12.6249,-2.8921,-0.5725,-0.9483,-0.4629
3.0789,-12.5578,-2.3989,-0.4772,-1.167,-1.1697
3.5625,-12.0407,0.8858,-0.4057,-0.4303,-1.8819
2.2792,-11.0615,2.4516,-0.2499,1.3643,-2.7469
-0.5506,-8.7582,2.9664,-0.1742,1.7852,-3.1128
-0.7445,-8.4542,3.0741,-0.3281,1.3936,-3.191
-0.7541,-7.0416,3.1771,-0.6879,0.6374,-2.9705
-1.2808,-6.0336,2.9376,-1.107,-0.2006,-2.5863
-2.0135,-5.6218,3.2273,-1.4698,-0.9599,-2.1868
-2.308,-5.2938,3.5098,-1.8504,-1.5751,-1.6431
-2.9161,-4.5825,3.3279,-1.9207,-1.6801,-1.3633
-3.1938,-3.7014,2.8898,-1.931,-1.9391,-1.1581
-3.6224,-1.9273,2.4995,-1.939,-2.3784,-1.006
-3.7229,-1.4317,2.4779,-1.9689,-2.9147,-0.8991
-3.9935,-0.5075,2.7389,-1.8712,-3.4468,-0.7708
-4.4364,0.1747,3.1531,-1.6562,-3.4468,-0.6938
-5.2579,1.1013,3.1555,-1.3025,-3.0601,-0.6132
-5.4231,1.3,3.11,-0.8352,-2.3154,-0.5008
-5.368,1.0678,2.8203,-0.3385,-1.4456,-0.3462
-5.2483,0.5339,2.2768,0.1,-0.7901,-0.1392
-4.1826,-0.6799,2.0518,0.5685,-0.4999,0.1631
-3.8379,-1.0749,2.0302,0.7884,-0.4425,0.3525
-2.703,-2.0925,1.7836,0.9546,-0.5653,0.5296
-1.4317,-3.2106,0.2777,1.1226,-0.7455,0.6769
-0.2226,-6.1773,-8.38,1.3107,-0.9123,0.7673
-0.2394,-6.6513,-9.5172,1.4427,-1.3106,0.7673
1.9081,-9.8356,-14.2505,1.2191,-1.8634,0.7618
11.0639,-16.3362,-22.9059,0.8153,-2.5696,0.8308
21.5029,-31.5109,-44.3109,0.6357,-2.9281,0.7636
15.1319,-38.6579,-6.9434,-0.0807,-1.4682,0.0935
2.8347,-38.8423,7.123,-2.7924,0.8781,-1.4214
3.5625,-24.9796,-3.5745,-0.4027,0.2452,-2.2027
3.3183,-10.5347,-10.348,1.4909,0.0791,-1.5484
2.6312,-6.4143,-10.7766,1.2991,-0.2525,-1.2906
1.5849,-0.4668,-10.281,0.02,-0.5751,-1.2937
-0.8714,3.3231,-6.2563,-1.2377,-0.8151,-1.2833
-4.6423,0.4932,9.4526,-1.8675,-0.6392,-1.2185
-4.8602,-2.7174,12.6416,-1.2841,0.7577,-0.8142
-1.7501,-13.0199,14.2362,0.2399,0.7907,-0.1514
0.5578,-26.3012,-11.6002,1.8776,-0.1744,0.5975
-2.5115,-27.9029,5.2866,2.5361,0.4725,0.843
-2.7126,-20.9905,9.3783,0.3675,2.878,0.581
-3.7708,-8.593,6.4742,-1.8333,2.9917,0.2102
-4.671,-1.6352,5.2962,-1.4228,0.4725,0.0239
-3.6296,1.6112,8.0424,-0.8578,-2.5176,-0.1001
-3.4117,0.984,9.1078,0.0878,-4.0466,-0.0677
-4.9802,-2.0015,10.008,1.3089,-2.8377,0.0691
-6.8381,-5.3273,7.6569,2.4384,-0.2678,0.2871
-6.2324,-9.6202,4.8267,3.2881,2.6563,1.1039
-5.2268,-12.8212,2.308,3.2484,3.889,1.7813
-3.4931,-16.396,0.0167,2.9399,4.2293,2.2999
-3.4931,-16.396,0.0167,1.8678,1.4236,2.6524
0.4812,-17.495,0.8044,1.8678,1.4236,2.6524
0.6871,-16.0465,1.1851,1.2484,-1.1163,2.3732
1.13,-13.3814,1.6472,1.1275,-1.5054,2.0538
1.13,-13.3814,1.6472,1.1885,-0.5238,1.4227
0.8499,-8.8013,2.1308,1.1885,-0.5238,1.4227
0.2346,-8.2962,1.9991,1.213,-0.1291,1.1656
-1.3024,-7.6114,1.3575,1.2521,0.0094,0.953
-1.9752,-7.2834,0.8403,1.3089,0.1212,0.8387
-0.905,-7.7383,1.6472,1.3254,0.3173,0.9218
-0.7302,-7.8724,1.8267,1.3327,0.5213,1.0397
-0.2537,-8.4254,2.3343,1.359,0.569,1.1106
-0.134,-8.5164,2.3223,1.45,0.5122,1.1124
0.0766,-8.0711,0.9959,1.538,0.4389,1.069
0.0885,-8.0208,0.7015,1.5514,0.4657,0.986
0.2011,-7.9131,0.2681,1.5031,0.7327,0.9487
0.2753,-8.04,0.6392,1.4573,1.2012,0.9237
0.4525,-8.4494,1.2928,1.4604,1.7644,0.909
0.6153,-8.7511,1.3503,1.5147,2.2653,0.8992
0.7038,-8.9402,1.0893,1.574,2.6166,0.8552
0.4692,-8.7822,0.5841,1.4952,2.5555,0.7917
-0.6631,-8.4446,-0.9265,1.3516,2.4095,0.7153
-1.1707,-8.3967,-1.6256,1.2344,2.3356,0.6787
-1.7381,-8.5883,-1.9871,1.1934,2.3942,0.719
-1.1827,-9.5387,-0.6799,1.2154,2.4877,0.8461
0.4357,-11.344,0.9313,1.2563,2.0497,1.1338
0.8307,-11.6816,0.79,1.2454,1.153,1.2755
1.7693,-11.6361,0.1843,1.1507,0.1432,1.3238
2.6791,-11.071,-0.6296,0.9937,-0.4554,1.2761
4.5513,-10.8508,-2.5713,0.8849,-0.4437,1.1643
5.0113,-11.0399,-3.2609,0.8593,0.4554,0.978
5.5763,-11.6241,-4.0845,0.7793,1.2935,0.7978
5.4064,-11.9401,-2.8467,0.5636,2.123,0.5461
4.6806,-11.8108,2.3918,0.2136,2.6557,0.2621
4.5633,-11.9353,2.7796,-0.2066,2.5836,-0.0017
4.039,-12.8523,2.6288,-0.5395,1.8493,-0.2204
4.6734,-14.1189,2.0231,-0.611,0.4297,-0.3756
5.9714,-15.1511,1.0534,-0.3599,0.0681,-0.3352
6.7423,-15.4671,0.158,0.034,0.1059,-0.2796
7.6042,-14.6743,-0.9481,0.2411,0.1414,-0.2583
8.5356,-13.3144,-1.9991,0.1684,0.0931,-0.2864
8.1262,-12.9601,-2.2529,-0.1149,0.0229,-0.3841
7.5611,-12.972,-1.5394,-0.7331,-0.1328,-0.7616
6.4071,-12.5411,-1.0797,-1.176,-0.2464,-1.0609
5.3489,-11.9114,-0.8906,-1.5267,-0.5128,-1.3108
2.6743,-12.3495,-1.4341,-1.8199,-0.8842,-1.524
1.3599,-12.8044,-1.3646,-2.041,-1.2867,-1.7335
-2.2601,-13.877,-0.6488,-2.3574,-1.4401,-2.144
-5.5907,-15.2181,-0.5363,-2.5144,-1.1707,-2.29
-9.9051,-19.3888,-0.7517,-2.5315,-0.8066,-2.1862
-10.6066,-19.973,-0.3902,-2.4656,-0.4725,-1.8435
-12.2179,-20.9546,1.6017,-2.3776,-0.2855,-1.3817
-13.0415,-20.8756,3.4931,-2.2426,-0.3197,-0.8661
-11.4374,-17.9259,4.4891,-1.9292,-0.3448,-0.1062
-10.8388,-17.0281,4.4173,-1.691,-0.051,0.2694
-8.5404,-14.6576,3.098,-1.399,0.2422,0.4252
-4.0869,-12.4286,0.4572,-1.03,0.3497,0.3494
0.0071,-10.8364,-0.4477,-0.6806,0.3118,0.03
1.2761,-11.1979,-0.0622,-0.4363,0.0192,-0.9766
2.1499,-11.7055,-0.383,-0.3587,-0.065,-1.7634
3.1196,-12.1724,-0.2825,-0.3257,-0.0876,-2.3774
2.7676,-11.6433,0.4309,-0.4094,0.1218,-2.8618
2.2409,-10.992,0.4932,-0.5493,0.517,-3.2448
0.814,-9.5483,1.379,-0.779,0.6667,-3.469
-0.4644,-7.688,2.7413,-1.2835,0.2202,-3.3816
-1.8579,-5.3202,3.0765,-1.5315,-0.3778,-3.0383
-2.1428,-5.0424,2.8395,-1.636,-1.0393,-2.5551
-2.4037,-4.9323,3.1818,-1.6672,-1.5372,-2.0127
-3.1723,-4.5202,3.3566,-1.6696,-1.6325,-1.5539
-4.3143,-3.2106,2.8634,-1.65,-1.616,-1.2845
-4.2832,-2.9783,2.7892,-1.6378,-1.8945,-1.0829
-3.9983,-2.4061,2.5977,-1.6238,-2.2165,-0.9907
-3.7349,-1.956,2.5689,-1.5694,-2.5048,-0.9406
-3.8522,-1.2258,3.1699,-1.4393,-2.6319,-0.9302
-3.8857,-1.0582,3.2369,-1.2279,-2.5799,-0.9223
-3.8833,-0.632,3.371,-0.7606,-2.277,-0.8166
-3.7373,-0.2202,3.292,-0.4112,-1.9575,-0.6608
-3.6966,0.1053,2.9113,-0.0697,-1.6166,-0.4739
-3.5051,0.0287,2.6815,0.2441,-1.39,-0.2796
