bicicleta
-5.6075,-9.6393,-3.4859,0.7734,0.5914,-2.6645
-5.6003,-9.85,-3.632,0.7575,0.8932,-2.6902
-5.7344,-10.0631,-3.6918,0.7758,1.121,-2.7104
-6.5915,-10.5443,-3.6846,0.8186,1.2493,-2.7311
-6.6035,-10.6042,-3.7373,0.8785,1.2499,-2.7171
-6.8309,-10.5539,-3.8474,0.8876,1.1681,-2.6328
-6.8836,-10.4294,-3.7158,0.851,1.1058,-2.5399
-7.3313,-10.2642,-3.0238,0.7661,1.1137,-2.4532
-7.3409,-10.245,-2.9376,0.6567,1.1375,-2.3884
-7.518,-10.0918,-2.4684,0.5535,1.1363,-2.3194
-7.4247,-9.7662,-2.0566,0.4857,1.0068,-2.1612
-7.2882,-9.1796,-2.0877,0.5205,0.8767,-2.0421
-7.2762,-9.1389,-2.0877,0.5755,0.6861,-1.9285
-7.19,-8.8157,-2.3535,0.6152,0.4717,-1.8319
-7.1948,-8.5763,-2.8969,0.6445,0.341,-1.7654
-7.5037,-8.4757,-4.0318,0.7044,0.3318,-1.6927
-7.8365,-8.4039,-4.9132,0.7483,0.4515,-1.6401
-7.949,-8.107,-5.0233,0.7599,0.6727,-1.5424
-7.6378,-7.9418,-4.5058,0.697,0.8431,-1.3866
-6.6681,-9.1054,-2.8562,0.5541,0.7246,-1.1722
-6.2036,-9.6106,-2.2649,0.3391,0.341,-0.9334
-5.5572,-10.3839,-1.3311,0.1485,-0.1104,-0.6511
-5.234,-10.6209,-1.1851,0.1882,-0.0621,-0.5271
-5.2771,-9.9649,-1.8938,0.3476,0.1724,-0.4245
-5.392,-9.7494,-2.2242,0.5358,0.3813,-0.3084
-5.5428,-8.8636,-3.3901,0.6567,0.3245,-0.1606
-5.3752,-8.107,-3.5553,0.6304,0.0447,0.0152
-4.5729,-7.2499,-3.0047,0.3311,-0.3633,0.3219
-4.4819,-7.2906,-2.9592,0.1668,-0.549,0.5229
-4.1922,-7.6569,-3.5075,0.0721,-0.5532,0.7165
-3.6128,-8.3225,-3.7732,0.022,-0.483,0.9144
-1.8339,-9.8787,-2.6671,-0.0469,-0.348,1.1227
-1.7597,-9.9745,-2.6767,-0.1288,-0.1776,1.3903
-1.4963,-10.822,-2.6455,-0.1263,-0.1568,1.4666
-1.3455,-11.6169,-2.2816,-0.1184,-0.1598,1.4624
-1.1803,-11.9593,-2.284,-0.141,-0.1806,1.422
-1.1923,-11.8731,-2.3511,-0.1746,-0.2173,1.3573
-1.9967,-11.344,-1.5442,-0.2418,-0.1214,1.2626
-2.9712,-10.7789,-1.1492,-0.3817,0.1125,1.0464
-4.5633,-10.2115,-0.9337,-0.4275,0.0526,0.9065
-5.1741,-9.9338,-0.7972,-0.4464,-0.133,0.7984
-6.2611,-9.6704,-0.8427,-0.3908,-0.3724,0.7476
-7.1589,-9.6321,-1.2928,-0.2241,-0.5936,0.7715
-8.1094,-9.3664,-2.6144,0.1436,-0.7872,0.9126
-8.1286,-9.3065,-2.8179,0.3873,-0.8819,1.0335
-8.2531,-9.0839,-3.7205,0.5706,-0.99,1.1746
-8.7175,-8.8779,-4.5801,0.6659,-1.0713,1.3115
-8.0424,-8.2602,-4.6639,0.6744,-1.0804,1.4178
-7.8101,-8.1717,-4.4651,0.5993,-0.9967,1.5186
-7.2331,-7.8221,-3.7277,0.4069,-0.6944,1.6139
-7.2499,-7.7335,-3.4165,0.3281,-0.4989,1.6285
-7.4726,-8.095,-3.2944,0.289,-0.3449,1.6621
-7.4989,-8.1405,-3.2561,0.2578,-0.1965,1.7434
-7.5252,-8.447,-3.3494,0.2212,-0.045,1.8515
-7.6378,-8.8205,-3.1507,0.1894,0.0985,1.9663
-7.3672,-9.17,-3.2656,0.1576,0.2634,2.1221
-6.7687,-9.2658,-3.2489,0.1436,0.2988,2.2272
-6.0743,-9.2514,-3.1004,0.1069,0.3196,2.317
-5.5524,-9.2826,-3.1627,0.0367,0.3459,2.3622
-5.0568,-9.1174,-2.8562,-0.0622,0.3593,2.3512
-4.7668,-8.9617,-2.7533,-0.2601,0.3685,2.273
-4.5801,-8.6074,-2.6982,-0.3823,0.3098,2.1844
-4.4675,-8.1501,-2.6455,-0.4855,0.2182,2.0561
-4.4675,-8.1501,-2.6455,-0.6578,0.0807,1.7635
-4.3813,-6.9434,-2.7509,-0.6578,0.0807,1.7635
-4.4196,-6.364,-2.7126,-0.7512,0.1149,1.6383
-4.5825,-5.9905,-2.7581,-0.8734,0.2231,1.4648
-5.4135,-5.7152,-3.28,-0.904,0.2664,1.3445
-5.4135,-5.7152,-3.28,-0.8801,0.2316,1.2119
-5.5692,-5.2316,-3.7158,-0.8142,0.0594,1.0714
-4.9946,-4.4077,-3.5266,-0.8019,-0.2814,0.9547
-1.9345,-3.5218,-0.7493,-1.0707,-1.0028,0.8356
-1.7166,-3.5051,-0.4979,-1.3682,-1.125,0.7861
-0.3543,-3.4763,1.142,-1.5557,-0.6986,0.7428
-0.4525,-3.5841,0.7158,-1.4617,-0.1354,0.6346
-1.221,-4.0366,-1.221,-1.144,0.107,0.4111
-2.2768,-5.0424,-2.1859,-0.8184,0.0099,0.1362
-3.1316,-6.2874,-2.1428,-0.6413,-0.2564,-0.2535
-4.1491,-6.8189,-1.1851,-0.7183,-0.246,-0.4508
-4.8219,-6.5125,-0.2274,-0.8294,-0.1562,-0.642
-4.6064,-6.048,-0.0478,-0.8526,-0.0994,-0.7519
-4.4627,-5.4111,0.2418,-0.7842,-0.0676,-0.8197
-4.5825,-5.0736,0.4548,-0.6816,-0.0786,-0.9437
-3.936,-4.7381,0.4572,-0.4928,-0.1354,-1.1734
-3.7301,-4.7381,0.407,-0.3175,-0.1311,-1.2669
-3.292,-4.9299,-0.0407,-0.13,-0.0981,-1.3707
-3.2561,-5.2412,-0.6105,0.0507,-0.0694,-1.5112
-4.0102,-6.3185,-1.7142,0.2205,-0.0371,-1.6823
-4.1252,-6.5149,-1.9584,0.4557,-0.0523,-1.9456
-4.422,-7.3481,-2.861,0.5755,-0.1122,-2.1038
-4.422,-7.3481,-2.861,0.5858,0.1406,-2.3707
-5.04,-9.3544,-4.4508,0.5858,0.1406,-2.3707
-5.04,-9.3544,-4.4508,0.5187,0.3575,-2.5619
-5.574,-10.032,-4.355,0.4203,0.5743,-2.7592
-6.795,-10.7694,-3.9528,0.2804,0.8181,-3.0042
-7.9921,-11.6121,-3.7158,0.2517,0.8193,-3.0616
-8.1812,-11.6911,-3.6008,0.2645,0.6855,-2.97
-8.0496,-11.0327,-2.8275,0.2786,0.5248,-2.7745
-7.3648,-10.2953,-2.4301,0.2725,0.4747,-2.5729
-6.9267,-9.8691,-2.4253,0.2963,0.4912,-2.3047
-6.9363,-9.7327,-2.6312,0.3458,0.5566,-2.1978
-7.1565,-9.5459,-3.1244,0.413,0.6391,-2.1313
-7.3983,-9.3807,-3.4572,0.4783,0.7411,-2.0622
-6.8453,-8.945,-2.9879,0.5339,0.9384,-1.9492
-6.6729,-8.866,-2.9496,0.5712,1.1345,-1.7623
-5.9331,-8.7582,-2.885,0.5865,1.151,-1.3939
-5.4447,-8.7989,-2.7485,0.5254,1.0593,-1.196
-4.6136,-9.182,-2.8586,0.4319,0.9824,-1.0616
-4.6064,-9.2251,-2.8993,0.4008,0.9445,-0.9645
-4.4196,-9.4741,-3.5458,0.4356,0.9421,-0.8949
-4.2473,-9.6178,-3.5506,0.4631,0.9976,-0.835
-4.6255,-10.6401,-3.189,0.3989,1.0435,-0.7678
-4.7572,-10.7167,-3.1747,0.2511,0.8791,-0.78
-5.8086,-11.0615,-2.6623,0.0807,0.6574,-0.8332
-6.115,-10.8268,-1.7238,-0.0219,0.5523,-0.8356
-6.1988,-10.1134,-2.0997,0.0055,0.5444,-0.7403
-6.3856,-9.4645,-2.5163,0.1863,0.4809,-0.5693
-6.6082,-8.526,-3.0047,0.2541,0.4466,-0.441
-6.6992,-7.6186,-3.1124,0.2847,0.3678,-0.2932
-6.6226,-6.5628,-2.4995,0.2462,0.2005,-0.1386
-6.6729,-6.4095,-2.5354,0.1424,-0.1,0.0329
-6.4023,-6.285,-2.7533,0.0367,-0.4134,0.2302
-5.6218,-6.2108,-2.8155,-0.0506,-0.6449,0.5888
-3.9791,-7.1302,-3.2776,-0.0732,-0.5899,0.8417
-3.7876,-7.4031,-3.3542,-0.0665,-0.5337,1.0726
-3.1076,-8.7942,-3.675,-0.0597,-0.5355,1.2663
-2.6288,-9.941,-3.5673,-0.0738,-0.6241,1.4098
-1.1851,-11.4278,-2.6671,-0.1227,-0.6491,1.5699
-1.1851,-11.4278,-2.6671,-0.1239,-0.5392,1.6071
-0.7589,-12.1604,-2.6575,-0.0994,-0.3284,1.546
-0.6799,-12.5602,-2.5905,-0.1196,-0.056,1.4043
-3.0478,-11.0184,-1.0247,-0.2528,0.071,1.2082
-3.2082,-10.8939,-0.9648,-0.4709,-0.0505,0.9743
-4.5825,-9.9793,-0.8379,-0.5509,-0.348,0.7012
-5.7583,-9.3017,-1.1659,-0.3975,-0.516,0.6407
-6.728,-8.6912,-1.9153,-0.1599,-0.6278,0.6469
-7.2212,-8.3608,-2.533,0.099,-0.7713,0.7116
-7.4486,-8.0567,-3.4284,0.3275,-0.9124,0.7819
-7.6569,-7.9131,-3.9408,0.482,-0.9699,0.8356
-7.5396,-7.7646,-4.3718,0.5296,-0.888,0.882
-7.5875,-7.6904,-4.3622,0.4612,-0.7438,0.8906
-7.9107,-7.7024,-4.1276,0.3439,-0.5477,0.868
-8.0903,-7.7982,-3.7229,0.2138,-0.3535,0.86
-7.882,-8.3321,-2.9041,0.1002,-0.2411,0.9059
-7.882,-8.3321,-2.9041,0.03,-0.3303,1.1325
-7.9059,-8.4709,-2.8347,0.0587,-0.3651,1.2278
-7.8245,-9.1676,-2.8443,0.0587,-0.3651,1.2278
-7.6808,-9.5603,-3.2369,0.08,-0.337,1.3158
-7.6617,-9.5723,-3.2369,0.0935,-0.3407,1.3909
-7.5396,-9.4502,-3.4332,0.0898,-0.3871,1.4709
-7.19,-9.0934,-3.8546,0.0367,-0.4665,1.5968
-6.4814,-8.0567,-4.1204,-0.0353,-0.5178,1.7024
-6.4814,-8.0567,-4.1204,-0.152,-0.527,1.7977
-6.6322,-7.9083,-4.173,-0.287,-0.5276,1.868
-6.7327,-8.0735,-4.1323,-0.414,-0.538,1.9199
-6.8309,-8.3105,-4.2161,-0.5606,-0.6198,1.9944
-6.7543,-8.3584,-4.2449,-0.6242,-0.6944,2.0286
-6.2874,-8.2124,-4.3622,-0.6853,-0.7194,2.0598
-5.6362,-7.8484,-3.9935,-0.7555,-0.6363,2.0573
-4.0821,-6.8022,-3.055,-0.8465,-0.395,2.0085
-3.5266,-6.4885,-2.8467,-0.9437,-0.0279,1.9333
-2.6264,-6.0097,-2.3463,-1.0872,0.5676,1.8112
-2.0183,-5.9211,-1.7405,-1.1691,0.8755,1.7128
-1.4772,-5.8445,-0.7685,-1.199,1.0001,1.5296
-1.5035,-5.8469,-0.6488,-1.1862,0.79,1.2913
-1.5131,-5.9139,-1.1324,-1.2014,0.0991,1.0677
-1.5107,-5.4997,-2.2337,-1.1752,-0.7261,0.8906
-1.7214,-3.5051,-2.1308,-1.1129,-1.1977,0.7672
-1.7214,-3.5051,-2.1308,-1.155,-0.1403,0.6169
-1.9369,-2.8826,-1.8243,-1.155,-0.1403,0.6169
-2.2385,-2.5857,-1.786,-1.1465,0.2976,0.441
-1.7525,-4.0869,-0.3495,-1.0866,0.3581,0.2266
-1.7741,-4.276,-0.2681,-1.0023,0.0502,0.0073
-2.6048,-5.3034,0.2537,-0.9779,-0.0572,-0.182
-4.1347,-6.0791,-0.1915,-0.8966,-0.0664,-0.4911
-5.1095,-6.7375,-1.2186,-0.706,-0.111,-0.7605
-5.5117,-6.807,-1.7166,-0.4892,-0.1653,-0.9248
-5.5117,-6.807,-1.7166,-0.2381,-0.1415,-1.215
-5.6099,-6.0121,-1.8483,-0.2381,-0.1415,-1.215
-4.1371,-5.3896,-2.1523,-0.2021,-0.0151,-1.226
-3.7684,-5.2843,-2.3104,-0.1465,0.1492,-1.2626
-3.4715,-5.4662,-2.7198,-0.0768,0.333,-1.3811
-3.5721,-5.8732,-3.0382,-0.0133,0.4717,-1.5583
-3.5721,-5.8732,-3.0382,0.0684,0.6,-2.1288
-4.8889,-7.1709,-3.2752,0.0684,0.6,-2.1288
-5.6338,-8.1501,-3.3542,0.0654,0.6562,-2.3353
-6.2108,-9.1605,-3.4524,0.0373,0.7295,-2.5033
-6.4718,-10.4509,-2.7365,-0.0249,0.8688,-2.6102
-6.4718,-10.4509,-2.7365,-0.1288,1.195,-2.5295
-6.8956,-11.0567,-2.114,-0.1288,1.195,-2.5295
-6.9386,-10.9681,-1.5873,-0.0854,1.14,-2.3878
-6.9386,-10.9681,-1.5873,0.1595,0.9078,-2.0299
-5.9283,-9.1269,-0.6584,0.1595,0.9078,-2.0299
-5.629,-8.5116,-0.8667,0.3464,0.8419,-1.9248
-5.5524,-8.2794,-1.209,0.5535,0.8639,-1.8796
-5.8134,-8.344,-2.1835,0.8675,1.016,-1.8668
-6.1749,-8.6888,-3.0669,1.0721,1.1039,-1.8753
-6.7591,-9.2514,-4.0533,1.2285,1.2157,-1.8912
-7.4797,-9.6537,-4.4149,1.3006,1.391,-1.8961
-7.6856,-9.9314,-3.6343,1.2804,1.6177,-1.8875
-7.5707,-10.1373,-3.2417,1.1448,1.7191,-1.7281
-7.2044,-10.609,-2.9424,1.0446,1.3532,-1.5546
-6.6657,-11.0064,-2.3463,0.9951,0.9317,-1.3958
-5.9594,-10.937,-1.4891,1.0061,0.8119,-1.2663
-5.8996,-10.9346,-1.4077,1.0849,0.9543,-1.1545
-5.7703,-10.901,-1.2593,1.2071,1.1864,-1.0653
-5.5404,-10.5539,-1.7908,1.4172,1.2432,-0.9505
-4.6662,-9.5004,-2.9831,1.5113,1.0758,-0.8521
-4.5058,-9.3496,-3.1962,1.5162,0.8596,-0.7293
-3.4763,-8.7151,-3.8833,1.4527,0.6275,-0.6084
-3.2632,-8.0735,-4.1874,1.3745,0.4796,-0.5125
-3.4356,-6.9363,-5.325,1.2712,0.501,-0.4825
-3.4356,-6.9363,-5.325,1.2102,0.5725,-0.4685
-3.9408,-6.6106,-5.7607,1.0544,0.5859,-0.4269
-4.3478,-6.5628,-5.5237,0.7618,0.5572,-0.3481
-5.7128,-7.1326,-4.6974,0.4136,0.4973,-0.2504
-6.7806,-7.609,-3.7301,0.0947,0.4302,-0.1802
-6.6011,-8.0639,-3.2465,-0.2167,0.3489,0.0287
-5.9451,-8.3512,-3.0502,-0.2674,0.2793,0.2889
-4.5513,-8.4518,-3.8714,-0.2644,0.2194,0.5332
-3.5051,-8.5116,-3.924,-0.2454,0.0893,0.7611
-2.2002,-8.7989,-3.9911,-0.2858,0.0056,0.9596
-1.731,-8.9689,-3.8331,-0.3615,0.0111,1.0635
-2.1835,-9.3879,-2.0709,-0.5044,0.1345,1.0555
-2.3367,-9.4669,-2.047,-0.5802,0.1601,1.0195
-3.0406,-9.7183,-1.8507,-0.6077,0.0936,0.9712
-3.7995,-9.7135,-1.7597,-0.6309,0.0618,0.893
-5.368,-9.2107,-2.2697,-0.6614,-0.0083,0.8106
-5.574,-9.1509,-2.2601,-0.7066,-0.2087,0.7086
-6.6561,-9.17,-2.0278,-0.7079,-0.2393,0.6792
-7.439,-9.443,-2.1883,-0.6492,-0.2606,0.7006
-8.5643,-9.7423,-2.4588,-0.56,-0.3614,0.7476
-8.5643,-9.7494,-2.4588,-0.4617,-0.5038,0.8051
-8.5021,-9.8596,-2.8227,-0.3413,-0.6663,0.8802
-8.2555,-9.7806,-3.2321,-0.1141,-0.8886,1.0555
-7.3457,-9.7423,-3.2848,0.0006,-0.9601,1.1795
-6.8405,-9.8332,-3.11,0.0703,-0.9937,1.3017
-6.1438,-10.0631,-2.9735,0.1204,-0.9961,1.3988
-5.6123,-10.4318,-2.8395,0.1747,-0.9906,1.4911
-5.1861,-10.7526,-2.7126,0.2346,-0.9381,1.612
-5.1286,-10.8316,-2.6839,0.2389,-0.8807,1.6914
-5.1119,-10.7406,-2.9807,0.2224,-0.8,1.7611
-5.1023,-10.2833,-3.3351,0.1973,-0.7206,1.8118
-5.1023,-10.2833,-3.3351,0.0813,-0.5038,1.8869
-5.0592,-9.3089,-3.6248,0.0813,-0.5038,1.8869
-5.0784,-9.3281,-3.371,-0.0573,-0.29,1.8735
-5.2364,-9.4861,-3.0885,-0.1275,-0.1867,1.8637
-5.7583,-9.9194,-3.6128,-0.1465,-0.1488,1.8374
-5.8086,-10.0008,-3.6942,-0.1422,-0.136,1.8032
-6.0696,-10.0224,-3.9671,-0.1679,-0.0676,1.7678
-6.0576,-9.8069,-3.7876,-0.243,0.0569,1.7629
-5.9091,-9.0527,-2.9592,-0.4366,0.2829,1.7366
-5.8876,-9.0072,-2.8682,-0.5851,0.3868,1.6756
-5.6266,-8.3943,-2.284,-0.7244,0.4564,1.5931
-5.4949,-7.463,-1.4748,-0.8343,0.4906,1.5063
-5.1167,-6.048,-0.4884,-0.9944,0.4436,1.4098
-4.7548,-5.4902,-0.3351,-1.155,0.1235,1.386
-4.5178,-5.21,-0.5171,-1.1312,-0.0804,1.4184
-4.5178,-5.21,-0.5171,-0.8245,-0.0639,1.3805
-5.8182,-5.7056,-2.0997,-0.8245,-0.0639,1.3805
-6.2228,-5.708,-2.6479,-0.6175,0.0465,1.3158
-6.1557,-5.787,-3.0837,-0.4311,0.0954,1.2443
-6.1557,-5.787,-3.0837,-0.4562,-0.4952,1.2699
-2.5665,-5.9762,-1.8674,-0.4562,-0.4952,1.2699
-2.2146,-5.8996,-1.482,-0.5716,-0.8116,1.2486
-1.0534,-5.5021,-0.1963,-0.6523,-0.7102,1.1465
-1.4269,-4.9155,-0.134,-0.5643,-0.3272,1.0067
-2.545,-3.8331,-2.0757,-0.1575,-0.0193,0.6811
-2.7748,-3.8091,-2.1859,0.0581,-0.0572,0.5216
-3.4524,-4.0677,-2.7365,0.1094,-0.0163,0.3616
-4.4819,-4.9491,-2.9688,0.1173,0.0203,0.2028
-5.0017,-6.1486,-2.2481,0.1185,0.0826,0.0427
-5.0017,-6.1486,-2.2481,0.0837,0.1699,-0.0959
-4.5872,-6.206,-1.6687,0.0171,0.2988,-0.2779
-3.7469,-6.0791,-1.4604,0.044,0.3361,-0.4092
-2.8036,-5.629,-1.3503,0.1088,0.3941,-0.5308
-3.0166,-5.2962,-1.0965,0.1979,0.5438,-0.6456
-3.3758,-5.1909,-0.9528,0.2853,0.6635,-0.8197
-3.7421,-5.3489,-1.0869,0.405,0.6757,-0.9767
-4.0701,-5.7272,-1.4796,0.5742,0.5853,-1.2101
-4.1491,-5.9307,-1.5705,0.6567,0.5664,-1.3426
-4.1491,-5.9307,-1.5705,0.7422,0.6159,-1.6053
-4.7022,-7.0943,-2.0757,0.7422,0.6159,-1.6053
-5.2148,-8.0903,-1.8986,0.7544,0.7008,-1.7586
-5.2005,-8.1597,-1.81,0.7734,0.9164,-1.9559
-5.1286,-8.4997,-1.6376,0.8076,1.0551,-2.0317
-5.0999,-8.9977,-1.4317,0.8656,1.129,-2.0842
-5.5859,-9.5292,-1.8507,0.9573,1.1143,-2.1355
-5.5859,-9.5292,-1.8507,1.1943,0.928,-2.2522
-6.0648,-9.6513,-2.4325,1.1943,0.928,-2.2522
-6.4957,-9.68,-3.0861,1.3164,0.8327,-2.2528
-7.1637,-9.6178,-4.2784,1.347,0.8303,-2.2272
-7.1637,-9.6178,-4.2784,1.314,1.0251,-2.1484
-7.372,-9.6106,-4.695,1.314,1.0251,-2.1484
-7.5587,-9.8356,-4.841,1.2596,1.1852,-2.1117
-8.0639,-9.783,-5.4279,1.157,1.3697,-2.0659
-8.1645,-9.5651,-5.55,1.0874,1.457,-2.0341
-8.2674,-8.9306,-5.2579,0.997,1.5358,-1.9755
-8.696,-8.344,-4.9203,0.8589,1.4857,-1.9315
-9.103,-8.1357,-4.3358,0.6292,1.1583,-1.901
-9.1605,-8.0831,-3.9073,0.3653,0.76,-1.8405
-9.0336,-7.8963,-3.0334,0.1497,0.6409,-1.6615
-8.6433,-7.5971,-2.3989,0.1808,0.8608,-1.4856
-7.6928,-8.0807,-1.0319,0.2957,1.1302,-1.2571
-7.372,-8.3033,-0.881,0.3891,1.2078,-0.9828
-6.5963,-9.1868,-0.8643,0.4582,0.9897,-0.7086
-5.7894,-9.7447,-0.9121,0.5535,0.6531,-0.4935
-4.7213,-10.427,-1.9057,0.7465,0.3385,-0.2968
-4.7213,-10.427,-1.9057,1.0868,0.3086,-0.2162
-4.6136,-10.2786,-2.8083,1.0868,0.3086,-0.2162
-4.2904,-9.9458,-3.6655,1.2193,0.3226,-0.1863
-4.1659,-9.455,-5.0736,1.2694,0.2072,-0.1398
-4.1898,-9.4142,-5.1191,1.0806,-0.111,-0.1081
-4.5465,-8.7822,-4.5777,0.8058,-0.2478,-0.1191
-4.5058,-8.2938,-3.122,0.4973,-0.3028,-0.1001
-4.3694,-7.8891,-2.2433,0.2719,-0.3529,-0.0171
-4.2736,-7.7958,-2.2242,0.1949,-0.4353,0.0952
-3.8786,-7.8963,-2.4803,0.2022,-0.4714,0.2333
-3.3111,-8.277,-2.9855,0.2584,-0.5117,0.4838
-2.7724,-8.945,-3.5458,0.2645,-0.5404,0.6438
-2.6695,-9.1629,-3.5338,0.2248,-0.5502,0.7599
-2.2026,-9.4573,-3.881,0.1491,-0.5722,0.8454
-2.1523,-9.5818,-3.8187,0.0642,-0.618,0.915
-2.3223,-9.4741,-3.0597,-0.0781,-0.538,0.9388
-2.4157,-9.4573,-2.8323,-0.1636,-0.4372,0.9162
-2.8227,-9.34,-2.2098,-0.2516,-0.3498,0.8741
-3.3901,-9.261,-1.9895,-0.3035,-0.3749,0.8277
-4.4053,-9.5866,-1.4891,-0.3328,-0.4341,0.7757
-4.5418,-9.668,-1.4341,-0.3291,-0.5239,0.7342
-5.076,-9.9601,-1.3168,-0.2467,-0.8141,0.6963
-5.5572,-10.0966,-1.4939,-0.1446,-1.0645,0.6823
-6.8046,-9.8021,-2.6767,-0.0151,-1.307,0.6505
-6.8596,-9.7734,-2.7269,0.1332,-1.4433,0.6126
-7.3959,-9.3616,-3.2106,0.2609,-1.4445,0.6035
-7.5875,-8.9713,-3.4308,0.3433,-1.3834,0.6194
-7.3672,-8.4422,-3.2704,0.3696,-1.2759,0.7037
-7.2092,-8.2602,-3.292,0.3433,-1.2075,0.78
-6.7471,-8.1908,-3.1028,0.3036,-1.1397,0.8686
-6.0097,-8.1788,-2.4947,0.2493,-1.0309,0.9816
-5.2507,-8.3393,-2.0207,0.2016,-0.9112,1.1093
-5.234,-8.3871,-2.1859,0.2218,-0.8587,1.2736
-5.2555,-8.4039,-2.7222,0.267,-0.8794,1.3652
-5.38,-8.4661,-3.0334,0.2932,-0.8825,1.4581
-6.139,-8.9426,-3.9001,0.2786,-0.8495,1.5277
-6.2012,-8.9977,-3.9959,0.2346,-0.8013,1.5827
-6.4957,-9.3352,-4.1659,0.1515,-0.7212,1.6212
-6.4957,-9.3352,-4.1659,-0.1385,-0.5361,1.5937
-7.779,-9.9242,-4.5825,-0.1385,-0.5361,1.5937
-7.779,-9.9242,-4.5825,-0.2674,-0.4934,1.5644
-8.0759,-9.8284,-4.3335,-0.4067,-0.4641,1.5613
-8.2291,-9.5387,-4.0246,-0.549,-0.4292,1.579
-7.2595,-8.7606,-3.0765,-0.7384,-0.3816,1.6701
-7.1302,-8.7032,-3.0023,-0.8441,-0.3388,1.7434
-6.1366,-8.3273,-2.217,-0.9302,-0.2887,1.7806
-5.0137,-8.1046,-1.288,-1.0151,-0.0981,1.7788
-3.7469,-7.6306,-0.316,-1.0817,0.1693,1.7366
-3.2561,-7.2379,-0.0383,-1.0988,0.3562,1.6475
-2.7413,-6.5077,0.0742,-1.0548,0.3849,1.4538
-2.8993,-5.9522,-0.1628,-1.0273,0.2444,1.3267
-3.7924,-5.8349,-1.4987,-0.9925,-0.0303,1.2296
-4.5681,-6.1103,-2.272,-0.9174,-0.381,1.182
-5.787,-6.6035,-4.604,-0.8148,-0.764,1.1551
-6.0672,-6.8548,-5.8708,-0.7048,-1.1354,1.1038
-3.5769,-5.38,-5.9331,-0.6669,-1.4897,1.08
-3.0502,-4.8745,-5.7248,-0.6969,-1.5685,1.028
-1.1683,-3.7565,-4.3766,-0.8423,-1.2649,0.9743
0.6033,-2.9688,-1.7621,-1.2674,-0.3908,1.0635
0.9121,-2.1452,-0.1651,-1.7989,0.5664,1.152
0.8714,-2.1068,-0.2082,-2.0933,0.7692,0.8704
0.4213,-2.4875,-0.4333,-1.9846,0.2628,0.4477
-1.7286,-4.7524,-1.0438,-1.8203,-0.089,-0.0219
-4.6543,-8.8013,-0.8834,-1.6572,-0.1104,-0.4288
-4.6543,-8.8013,-0.8834,-1.5686,-0.0303,-0.7159
-5.5596,-9.5938,-0.3878,-1.4977,-0.0658,-0.9987
-6.2419,-9.1748,-0.0646,-1.2631,-0.2112,-1.3915
-6.5675,-8.0017,-0.2753,-1.0231,-0.2179,-1.5326
-6.6178,-7.1541,-0.4429,-0.7836,-0.1,-1.5735
-5.8493,-6.3114,-0.4548,-0.601,0.0716,-1.554
-4.961,-5.9187,-0.3974,-0.4788,0.1956,-1.4953
-4.707,-6.1031,-0.6799,-0.3933,0.1632,-1.5082
-4.6639,-6.2204,-1.2641,-0.3481,0.0679,-1.6053
-4.2114,-6.4071,-1.8986,-0.2968,0.0807,-1.6676
-3.632,-6.5556,-2.4157,-0.2613,0.2713,-1.6646
-3.632,-6.5556,-2.4157,-0.2021,0.6812,-1.7586
-3.4931,-7.1326,-3.4644,-0.2021,0.6812,-1.7586
-3.4931,-7.1326,-3.4644,-0.218,1.0881,-2.1795
-4.0749,-8.1286,-3.5434,-0.218,1.0881,-2.1795
-5.8517,-9.6585,-3.9719,-0.1917,1.1333,-2.3609
-5.9738,-9.7518,-3.9288,-0.1587,1.096,-2.5271
-7.1781,-10.5467,-3.9647,-0.1416,1.0215,-2.6487
-8.0759,-11.0998,-3.4524,-0.1538,0.9305,-2.7067
-9.17,-11.3488,-1.8794,-0.1966,0.7631,-2.6584
-9.2395,-11.332,-1.7908,-0.1795,0.6293,-2.535
-9.3879,-11.0255,-1.5562,-0.1159,0.5163,-2.3762
-8.8803,-10.3336,-1.0079,0.0019,0.4692,-2.196
-8.2052,-9.5603,-1.4676,0.1698,0.5352,-1.9963
-7.5276,-9.1293,-1.9105,0.5663,0.6421,-1.6884
-6.7782,-8.6505,-2.2912,0.821,0.7673,-1.4911
-6.0767,-8.368,-2.6168,1.0361,0.903,-1.328
-5.0592,-8.1022,-3.4428,1.2071,1.0007,-1.1905
-4.7931,-8.0256,-3.6535,1.3244,1.0404,-1.0653
-4.4915,-7.9179,-4.276,1.3543,1.0734,-0.9798
-4.2161,-7.8844,-3.9001,1.2517,1.0679,-0.9101
-3.7493,-8.0543,-3.6415,1.1185,0.964,-0.8698
-3.7493,-8.0543,-3.6415,0.8894,0.3813,-0.8491
-3.9193,-8.5691,-3.5314,0.8894,0.3813,-0.8491
-4.0414,-8.8756,-3.5649,0.807,0.2347,-0.8546
-4.1826,-9.0024,-3.7684,0.7331,0.2567,-0.7861
-4.1826,-9.0024,-3.7684,0.6915,0.3208,-0.7128
-4.0605,-8.6505,-3.7014,0.6347,0.3904,-0.6291
-3.7205,-8.3321,-3.6463,0.5669,0.4094,-0.5271
-3.5769,-8.2004,-4.1299,0.482,0.4094,-0.4111
-3.6272,-8.198,-4.1515,0.3891,0.4155,-0.317
-3.7924,-8.3297,-4.1898,0.2187,0.5163,-0.196
-3.9695,-8.3704,-4.094,0.1063,0.5926,-0.1087
-4.118,-8.5236,-3.1938,-0.0237,0.6336,-0.0158
-3.7852,-8.7127,-2.2026,-0.1715,0.6678,0.0934
-3.0837,-9.2658,-0.9169,-0.2821,0.6812,0.24
-2.6168,-10.19,-1.0151,-0.3132,0.6104,0.4105
-2.1787,-11.5235,-1.6974,-0.2448,0.3477,0.6395
-2.1787,-11.5235,-1.6974,-0.1416,0.1821,0.8197
-1.6639,-11.9617,-2.6216,-0.1416,0.1821,0.8197
-1.4748,-11.763,-3.2632,-0.0946,0.1394,0.8918
-1.9105,-11.2003,-3.7588,-0.0732,0.0905,0.934
-2.2697,-11.0255,-3.2273,-0.1422,0.0899,0.915
-3.2369,-10.4845,-1.6041,-0.2241,0.1901,0.8533
-4.2257,-10.178,-1.3455,-0.2186,0.2383,0.7892
-6.3832,-9.5387,-1.233,-0.1453,0.1828,0.736
-6.4861,-9.4837,-1.1659,-0.1147,0.1473,0.6707
-7.1206,-9.0958,-0.7852,-0.1141,0.0337,0.6316
-7.5252,-8.6457,-0.7254,-0.0084,-0.1091,0.7031
-7.3672,-8.0328,-1.3718,0.1289,-0.249,0.824
-7.3672,-8.0328,-1.3718,0.2908,-0.3462,0.9841
-7.1541,-8.1884,-1.5227,0.4594,-0.3859,1.1624
-6.9985,-8.6266,-2.1475,0.6347,-0.3895,1.3432
-7.0009,-9.0384,-2.8275,0.8711,-0.4011,1.5314
-6.8572,-9.1988,-3.1531,0.945,-0.373,1.5821
-6.4071,-9.3017,-2.9712,0.9359,-0.3419,1.6041
-6.2204,-9.4502,-2.9352,0.8711,-0.3077,1.5998
-6.3233,-9.6776,-2.7581,0.8039,-0.2838,1.5668
-6.2826,-9.783,-2.6144,0.7416,-0.2533,1.5234
-5.9211,-9.9194,-2.0614,0.6775,-0.1855,1.4929
-5.878,-10.1086,-1.8746,0.6787,-0.1464,1.4776
-6.637,-10.1708,-2.5594,0.7227,-0.1128,1.444
-6.7878,-10.1229,-2.6791,0.7783,-0.0878,1.3915
-7.3457,-9.838,-2.9472,0.8027,-0.0627,1.361
-7.4726,-9.5292,-2.9712,0.7673,-0.0334,1.4074
-6.9602,-8.5212,-2.964,0.6524,-0.0285,1.5827
-6.9698,-8.4039,-2.8921,0.5816,-0.1043,1.722
-6.7351,-7.9131,-2.9496,0.526,-0.2252,1.8277
-6.4742,-7.6018,-3.2273,0.4728,-0.3523,1.9107
-6.6394,-7.3648,-3.7588,0.4185,-0.4543,1.9694
-6.7232,-7.3744,-3.7277,0.3067,-0.4561,1.9895
-6.8692,-7.2403,-3.8426,0.2089,-0.3645,1.9657
-6.6298,-7.0153,-3.6272,0.102,-0.2313,1.9144
-5.8636,-6.7304,-3.4284,-0.017,-0.07,1.8747
-5.3992,-6.6346,-3.098,-0.1343,0.0887,1.8307
-4.7405,-6.6202,-2.6934,-0.257,0.231,1.7654
-4.1683,-6.2228,-2.454,-0.4507,0.399,1.5955
-3.596,-5.4973,-2.0877,-0.6553,0.523,1.4679
-3.5266,-5.3633,-1.9991,-0.9076,0.5193,1.3738
-3.517,-5.1693,-1.7645,-1.0939,0.3544,1.3066
-3.7158,-5.0137,-2.4061,-1.1501,0.0313,1.226
-3.675,-4.4819,-3.0406,-1.0041,-0.6247,1.0341
-3.462,-4.3742,-3.1914,-0.8923,-0.9558,0.8967
-2.375,-3.9121,-3.2944,-0.8319,-1.1323,0.7843
-1.0247,-3.8618,-2.7724,-0.8832,-0.9173,0.6994
-1.5011,-4.616,-1.7501,-1.0164,-0.4329,0.6139
-1.5011,-4.616,-1.7501,-1.177,0.0264,0.3952
-2.557,-4.7285,-2.0207,-1.2332,-0.0212,-0.1295
-2.8754,-5.2771,-1.9871,-1.2436,-0.1904,-0.3408
-4.5633,-7.439,-1.7764,-1.2473,-0.18,-0.4508
-4.7093,-7.5324,-1.6567,-1.254,0.0233,-0.5858
-5.5093,-8.0663,-0.7302,-1.2607,0.1956,-0.7623
-5.5404,-8.0855,0.0143,-1.257,0.2206,-0.959
-5.2914,-7.7934,1.2904,-1.1367,-0.0169,-1.2064
-5.459,-7.6378,1.8028,-0.9754,-0.1953,-1.3946
-5.8062,-7.2906,1.8459,-0.7402,-0.2857,-1.5693
-5.6937,-6.5244,1.5011,-0.4635,-0.2802,-1.6517
-4.2616,-5.6338,-0.5267,-0.1856,-0.1678,-1.5925
-3.7828,-5.3106,-1.6041,0.1509,0.1333,-1.3829
-3.3638,-5.0233,-2.7246,0.2425,0.446,-1.3371
-3.0478,-4.9419,-3.2872,0.2511,0.7539,-1.3274
-3.0478,-4.9419,-3.2872,0.1625,1.0673,-1.361
-2.9424,-5.9498,-4.5585,0.1625,1.0673,-1.361
-3.1579,-6.6777,-4.4867,0.0929,1.1149,-1.4605
-3.438,-7.5085,-4.4388,-0.042,1.2615,-1.7208
-5.4231,-10.0224,-3.6727,-0.0848,1.297,-1.9113
-5.4231,-10.0224,-3.6727,-0.1184,1.3428,-2.1129
-6.8716,-11.5882,-3.2082,-0.1159,1.3147,-2.2705
-8.0424,-12.5195,-2.5953,-0.0866,1.176,-2.3487
-8.7319,-11.3775,-0.5746,-0.0799,0.9873,-2.2675
-8.6649,-11.2123,-0.4525,-0.0836,0.9433,-2.1135
-7.9035,-9.7016,0.1125,0.0153,0.8743,-1.9291
-6.7711,-8.5068,-0.1628,0.2621,0.7374,-1.7635
-5.7583,-7.5468,-1.2569,0.5968,0.6317,-1.6212
-5.2148,-7.1781,-2.2768,0.9518,0.5951,-1.5308
-5.0903,-7.2116,-3.6703,1.383,0.7215,-1.507
-5.2795,-7.4893,-5.2603,1.5431,0.8663,-1.5155
-5.8636,-7.9801,-7.3696,1.5834,1.0557,-1.5204
-5.8636,-7.9801,-7.3696,1.2749,1.556,-1.5051
-6.6178,-8.265,-7.2451,1.2749,1.556,-1.5051
-6.9171,-8.8396,-5.9738,0.9554,1.6256,-1.4862
-7.1254,-10.5515,-3.0885,0.2077,0.6678,-1.4104
-6.9386,-10.6066,-2.5617,-0.2302,-0.0193,-1.2822
-5.89,-10.4629,-0.7996,-0.4574,-0.0542,-1.0647
-5.89,-10.4629,-0.7996,-0.1184,0.903,-0.7
-5.2076,-10.3025,-0.8164,-0.1184,0.903,-0.7
-5.2076,-10.3025,-0.8164,0.6708,0.9225,-0.4263
-4.9155,-10.415,-1.9464,0.6708,0.9225,-0.4263
-4.6423,-10.4797,-3.0095,0.7526,0.611,-0.3109
-4.6423,-10.4797,-3.0095,0.6934,0.4155,-0.1838
-4.2616,-9.8404,-3.7086,0.6036,0.4277,-0.1411
-4.2951,-9.2203,-3.7948,0.6036,0.4277,-0.1411
-4.1491,-8.617,-3.2178,0.3946,0.3697,-0.1148
-4.3095,-8.1166,-2.6216,0.2499,0.3391,-0.0891
-4.6543,-7.9251,-3.0023,0.1741,0.3178,-0.0525
-4.5825,-7.8221,-3.3854,0.1753,0.3214,0.0226
-3.9959,-7.9849,-3.7804,0.1986,0.3025,0.1698
-3.3375,-8.6266,-4.8003,0.1937,0.0453,0.452
-3.1387,-8.9378,-4.9993,0.1283,-0.1843,0.6029
-2.2697,-9.4573,-3.9743,0.0037,-0.2893,0.7171
-2.1452,-10.2211,-3.5577,-0.1147,-0.3425,0.7892
-3.4452,-11.071,-2.782,-0.1532,-0.4445,0.7666
-3.5697,-11.0998,-2.6216,-0.185,-0.5068,0.6847
-4.3023,-10.9609,-1.482,-0.2937,-0.6919,0.5729
-4.3023,-10.9609,-1.482,-0.2778,-0.998,0.4569
-5.5955,-9.1964,-2.0614,-0.2778,-0.998,0.4569
-5.6194,-9.1126,-2.0374,-0.2351,-0.9497,0.4526
-5.5692,-8.526,-2.1404,-0.1807,-0.8953,0.5051
-5.5692,-8.526,-2.1404,0.0941,-1.0193,0.8093
-5.325,-8.1262,-2.9544,0.0941,-1.0193,0.8093
-5.3513,-8.1214,-2.9879,0.1381,-0.9381,0.9059
-5.459,-8.368,-3.3063,0.2102,-0.9717,1.0146
-5.4758,-8.684,-3.6056,0.281,-1.001,1.1435
-5.6123,-9.1868,-3.3758,0.3183,-0.9564,1.2748
-5.8229,-9.5699,-3.3423,0.3268,-0.8856,1.4275
-5.8469,-9.9075,-3.1316,0.3207,-0.8727,1.5094
-5.4399,-10.0774,-2.6886,0.2865,-0.8526,1.5882
-5.3944,-10.1014,-2.7485,0.2505,-0.8263,1.6334
-5.1981,-9.8883,-2.7269,0.2267,-0.7634,1.6407
-4.8482,-9.6345,-2.4756,0.1924,-0.6155,1.6352
-4.9706,-9.4286,-2.521,0.1466,-0.3584,1.6053
-5.9331,-9.3903,-2.9352,0.1625,-0.2625,1.5467
-6.0767,-9.4478,-2.9879,0.1839,-0.2014,1.4941
-6.0767,-9.4478,-2.9879,0.1924,-0.2826,1.5039
-6.6298,-9.2634,-3.0095,0.1924,-0.2826,1.5039
-6.8884,-8.6361,-3.0119,0.1576,-0.4396,1.5497
-6.7902,-8.5643,-3.0621,0.1149,-0.5282,1.6047
-7.0248,-8.435,-2.8299,0.0636,-0.5997,1.6774
-7.032,-8.4542,-2.7772,0.0086,-0.629,1.7269
-7.1852,-8.4374,-2.5641,-0.0408,-0.6253,1.7531
-7.1972,-8.4207,-2.5498,-0.0854,-0.5948,1.7379
-7.1805,-8.2483,-2.4756,-0.1599,-0.4867,1.6456
-7.4151,-7.9346,-2.284,-0.2332,-0.3217,1.5418
-6.9985,-7.3552,-1.6615,-0.3273,-0.0969,1.433
-6.7184,-6.9051,-1.1851,-0.4147,0.0697,1.3542
-6.3257,-6.1079,-1.0917,-0.4611,0.0991,1.2907
-5.3345,-5.4327,-1.288,-0.4641,0.0111,1.2828
-3.857,-5.0257,-2.3008,-0.4721,-0.1794,1.4379
-3.5601,-5.1693,-2.8443,-0.4922,-0.3254,1.5552
-2.8395,-5.4686,-4.5489,-0.5154,-0.4714,1.6084
-2.5019,-5.6889,-5.2938,-0.549,-0.5691,1.532
-2.4708,-5.4542,-5.574,-0.6278,-0.4897,1.2999
-2.4708,-5.4542,-5.574,-0.7158,-0.293,0.656
-2.9759,-4.6519,-4.2521,-0.7158,-0.293,0.656
-1.9393,-3.9983,-3.6631,-0.7708,-0.1635,0.587
1.0223,-4.8458,-0.3327,-0.8355,0.0105,0.6261
1.0726,-5.0927,-0.1077,-1.064,0.446,0.6524
0.5363,-5.8493,1.4006,-1.3859,0.6696,0.485
-1.6424,-6.6825,2.2744,-1.4574,0.0056,-0.2412
-5.4782,-7.1374,1.6208,-1.2754,-0.2606,-0.7232
-5.4782,-7.1374,1.6208,-0.9461,-0.1684,-1.006
-6.5604,-7.0655,0.0909,-0.571,0.0545,-1.1087
-7.36,-6.6609,-1.0486,-0.2509,0.1876,-1.0952
-6.8118,-5.6506,-1.5945,-0.0567,0.1076,-1.0818
-5.9187,-5.2866,-1.7142,-0.0469,-0.0022,-1.0122
-4.9323,-5.1167,-2.2385,-0.0622,-0.0627,-0.9547
-4.4484,-5.0999,-2.466,-0.0744,-0.0413,-0.9987
-3.9456,-5.4566,-2.0254,-0.0964,0.1174,-1.0757
-3.7541,-5.708,-1.9033,-0.1202,0.3379,-1.127
-3.711,-6.3808,-1.6735,-0.1257,0.5383,-1.229
-3.7397,-7.1206,-1.4676,-0.1337,0.6348,-1.3683
-4.0078,-7.9945,-1.4053,-0.1324,0.7221,-1.5314
-4.0078,-7.9945,-1.4053,-0.0591,0.8596,-1.7904
-4.2808,-8.5547,-1.3192,-0.0591,0.8596,-1.7904
-4.6184,-9.036,-1.7238,0.0391,0.8706,-1.8631
-5.5428,-9.8691,-2.2146,0.267,0.779,-1.9633
-5.7152,-9.9266,-2.2146,0.4038,0.7588,-2.0433
-6.3401,-10.0655,-2.4301,0.5321,0.7502,-2.127
-6.9123,-10.245,-2.5234,0.6414,0.7154,-2.1752
-7.4893,-10.2139,-3.1747,0.7276,0.6623,-2.1691
-7.4941,-10.178,-3.2441,0.8106,0.6207,-2.0854
-7.3888,-9.6752,-3.8594,0.8412,0.633,-1.9963
-6.9889,-9.1006,-4.0964,0.8552,0.6519,-1.8973
-6.5173,-8.5021,-4.3789,0.8363,0.7289,-1.8099
-6.3784,-8.1812,-4.5154,0.8003,0.8052,-1.755
-6.1103,-7.8437,-4.3358,0.7502,0.8791,-1.7238
-5.9522,-7.5851,-4.2999,0.6451,0.9408,-1.6536
-5.8086,-7.6018,-4.2664,0.5535,0.9188,-1.5839
-5.7822,-7.7958,-4.2928,0.4215,0.837,-1.5027
-5.6721,-8.4183,-3.4739,0.267,0.6983,-1.4165
-5.6099,-9.2395,-2.6886,0.1191,0.6336,-1.3329
-5.1334,-10.3576,-1.3862,0.0098,0.6556,-1.1966
-5.1143,-10.4222,-1.2976,0.0086,0.7118,-1.0946
-4.9036,-10.597,-0.8092,0.0678,0.7545,-1.006
-4.9036,-10.5132,-1.3239,0.1967,0.6788,-0.948
-5.5213,-9.2874,-4.0821,0.3861,0.5254,-0.9156
-5.5213,-9.2874,-4.0821,0.5657,0.4051,-0.8796
-5.4303,-8.5667,-4.762,0.6744,0.4418,-0.7409
-5.1813,-8.0208,-4.6232,0.584,0.5615,-0.6261
-5.325,-8.2698,-3.7972,0.3983,0.5688,-0.5332
-5.3297,-8.277,-3.7229,0.1729,0.4686,-0.4538
-4.906,-8.4685,-2.4684,-0.0261,0.366,-0.3506
-4.604,-8.6625,-1.3,-0.1556,0.4259,-0.2174
-4.7453,-9.0575,-1.3766,-0.0915,0.5529,-0.0445
-4.774,-9.2275,-1.8602,0.0513,0.5688,0.0665
-4.6375,-9.352,-2.6551,0.1711,0.4973,0.2009
-4.2712,-9.3472,-3.6272,0.2254,0.3104,0.3475
-3.4931,-9.3592,-4.0605,0.2138,0.1101,0.4776
-3.1699,-9.4693,-4.3622,0.1033,-0.1299,0.62
-2.7772,-9.7111,-4.4532,0.0153,-0.2411,0.6762
-2.9424,-10.0367,-3.383,-0.0891,-0.2411,0.7165
-3.043,-10.5108,-3.0526,-0.1679,-0.2014,0.755
-3.0119,-10.4629,-2.885,-0.1825,-0.1727,0.8093
-2.7389,-10.2115,-2.3104,-0.21,-0.0285,0.8491
-2.612,-9.9984,-2.5163,-0.2442,-0.0151,0.89
-2.9281,-9.352,-2.1811,-0.2839,-0.0878,0.8784
-3.0142,-9.2969,-2.126,-0.3517,-0.191,0.8588
-3.6152,-9.1413,-2.0111,-0.3927,-0.3504,0.857
-4.434,-9.091,-2.272,-0.3664,-0.4751,0.8637
-6.1079,-8.9258,-3.2752,-0.2076,-0.5355,0.8943
-6.1079,-8.9258,-3.2752,-0.0707,-0.5398,0.9224
-6.8764,-8.8349,-3.7948,0.0489,-0.516,0.9822
-6.9937,-8.7942,-3.9312,0.1399,-0.5361,1.0885
-6.6873,-8.9881,-3.7397,0.1766,-0.5948,1.2308
-6.4,-9.2778,-3.6559,0.1766,-0.698,1.3585
-6.1079,-9.7111,-3.1316,0.1124,-0.9314,1.4831
-5.6194,-10.0415,-2.691,0.033,-1.0444,1.5308
-4.6998,-10.0822,-1.6998,-0.0439,-1.0939,1.5723
-4.2066,-9.9314,-1.4149,-0.0878,-1.0651,1.5974
-3.8905,-9.2467,-1.2976,-0.0616,-1.0364,1.6029
-4.1419,-8.6936,-1.4532,0.0269,-1.0377,1.5613
-6.2419,-8.2746,-2.861,0.2541,-1.0975,1.3872
-6.2419,-8.2746,-2.861,0.5516,-1.1934,1.1972
-8.4949,-8.4087,-4.762,0.5516,-1.1934,1.1972
-10.0128,-8.2555,-6.0408,0.6103,-1.1415,1.2162
-10.4821,-7.3816,-6.5244,0.5632,-0.9686,1.3072
-10.2426,-7.2451,-6.443,0.3134,-0.4977,1.4984
-9.3496,-6.7519,-5.3609,0.1033,-0.2258,1.6194
-8.957,-6.6394,-4.5896,-0.0665,-0.1159,1.6902
-7.7383,-7.0081,-3.7708,-0.174,-0.2136,1.7269
-7.7383,-7.0608,-3.7708,-0.2528,-0.4146,1.7812
-7.2834,-7.269,-3.529,-0.3352,-0.6174,1.8478
-6.5077,-7.5971,-3.529,-0.4684,-0.7732,1.962
-5.0688,-7.7215,-3.1196,-0.5936,-0.706,2.0549
-4.2904,-7.882,-2.6862,-0.7647,-0.494,2.1148
-3.2537,-7.9586,-1.8243,-0.9449,-0.1971,2.1074
-3.3973,-7.9921,-1.6615,-1.0945,0.1241,2.0244
-4.1515,-7.9418,-2.4756,-1.0945,0.2151,1.7238
-4.3191,-7.8221,-2.7485,-0.9913,0.0978,1.518
-3.5625,-7.5348,-3.043,-0.8807,-0.0713,1.3713
-2.0566,-6.8644,-2.7772,-0.7964,-0.1446,1.2956
-0.2896,-5.0712,-1.5227,-0.7653,-0.0096,1.2137
-0.1484,-4.853,-1.2186,-0.8184,0.3593,1.0848
-0.1484,-4.853,-1.2186,-1.1349,0.7472,0.4691
-1.3359,-3.4165,-0.8307,-1.1349,0.7472,0.4691
-5.3369,-4.683,-2.0159,-1.133,0.2732,0.1014
-5.3369,-4.683,-2.0159,-1.1532,-0.1049,-0.1973
-7.3768,-6.1486,-1.446,-1.2295,-0.1971,-0.4288
-7.9466,-7.0272,-0.4501,-1.2638,-0.1024,-0.54
-7.3265,-6.5244,1.9153,-1.1776,0.1211,-0.4581
-7.3265,-6.5244,1.9153,-0.8252,0.0172,-0.4276
-4.3861,-5.0784,0.6272,-0.8252,0.0172,-0.4276
-2.806,-4.4005,-0.0023,-0.5344,-0.1818,-0.405
-1.7381,-3.6822,-0.5339,-0.3438,-0.1794,-0.4673
-1.8291,-3.4668,-1.0702,-0.1123,-0.1971,-0.6633
-1.98,-3.2704,-1.731,-0.009,-0.2875,-0.8839
-1.7908,-3.0238,-1.9847,0.0361,-0.3138,-1.0622
-1.7549,-3.6056,-2.4133,0.0501,-0.2753,-1.1557
-1.8818,-4.185,-3.6679,0.0636,-0.2698,-1.2437
-2.2313,-4.8338,-4.8362,0.0611,-0.2918,-1.3872
-3.1316,-5.6003,-4.6136,-0.1404,0.0453,-1.711
-5.8301,-7.2212,-4.1754,-0.3004,0.3349,-1.9969
-6.1486,-7.4558,-4.2712,-0.3719,0.3959,-2.2846
-7.8053,-8.5021,-4.7596,-0.3627,0.2188,-2.524
-9.1868,-9.5244,-5.404,-0.3413,-0.0206,-2.6859
-10.0679,-11.0686,-5.1238,-0.3627,-0.1592,-2.7293
-9.8835,-11.2219,-5.0951,-0.4165,0.0178,-2.6187
-8.6385,-11.8108,-5.052,-0.4324,0.289,-2.4135
-8.6385,-11.8108,-5.052,-0.3914,1.0771,-2.0659
-7.5061,-11.5188,-1.9249,-0.3914,1.0771,-2.0659
-7.4223,-11.5188,-1.8243,-0.298,1.2939,-1.9095
-6.0312,-10.5419,-1.3575,-0.0408,1.0728,-1.546
-4.8913,-9.5483,-0.9864,0.1198,0.8657,-1.3072
-3.8163,-8.7223,-0.9337,0.2535,0.7735,-1.1704
-3.3997,-8.3488,-1.2569,0.3959,0.7472,-1.105
-3.1842,-8.2171,-1.6687,0.5327,0.8181,-1.0903
-3.268,-8.3464,-1.8435,0.6622,0.9854,-1.1184
-3.268,-8.3464,-1.8435,0.9701,1.2951,-1.2681
-3.6272,-8.7223,-2.7868,0.9701,1.2951,-1.2681
-3.7325,-8.9713,-3.0142,1.0525,1.344,-1.2877
-3.8522,-9.0048,-3.11,1.0837,1.4692,-1.2938
-5.0305,-9.1078,-3.4021,1.0721,1.6274,-1.2974
-5.2843,-9.1437,-3.4931,0.9536,1.7301,-1.3243
-5.902,-9.2227,-3.7397,0.7899,1.5951,-1.3255
-6.1557,-9.3161,-3.4428,0.6005,1.3904,-1.2724
-6.0959,-9.4526,-2.8658,0.4264,1.1901,-1.1924
-6.0959,-9.4765,-2.8514,0.3372,0.9915,-1.1062
-6.2874,-9.5603,-2.9855,0.3354,0.8327,-1.0354
-6.7854,-9.5866,-3.0358,0.424,0.8217,-0.9669
-7.2164,-8.8851,-2.7629,0.4936,0.9011,-0.9358
-7.2116,-8.8325,-2.7653,0.5449,0.9366,-0.8845
-7.0464,-8.6098,-2.7724,0.5785,0.8712,-0.7916
-6.7902,-8.3823,-2.9903,0.6115,0.779,-0.6707
-6.5364,-8.0065,-3.5266,0.6781,0.6012,-0.4948
-6.1917,-7.8317,-3.189,0.6872,0.5206,-0.3842
-5.6554,-8.0711,-2.8514,0.6475,0.4503,-0.2199
-5.6554,-8.0711,-2.8514,0.5077,-0.0615,0.2357
-4.1204,-9.4621,-3.1651,0.5077,-0.0615,0.2357
-3.7277,-9.6896,-3.4787,0.4392,-0.3455,0.4929
-3.0286,-10.0822,-4.0605,0.372,-0.618,0.9108
-2.6719,-11.0016,-4.1778,0.3036,-0.6272,1.1899
-0.9409,-11.0806,-3.28,0.2163,-0.5386,1.4605
-0.7948,-11.0806,-3.189,0.1417,-0.4225,1.656
-0.3854,-10.913,-3.3686,0.0984,-0.3639,1.7226
-0.2873,-10.5659,-3.5817,0.0764,-0.3517,1.6951
-0.4812,-9.6968,-3.4835,0.0184,-0.2399,1.532
-0.4812,-9.6968,-3.4835,-0.0402,-0.0798,1.3726
-1.2354,-9.4454,-2.2768,-0.1092,0.1168,1.182
-2.2361,-9.0479,-1.3,-0.2051,0.319,0.9627
-5.2196,-8.2938,-0.9433,-0.3132,0.1882,0.7293
-5.3489,-8.265,-0.9504,-0.3597,-0.3058,0.4074
-6.0169,-8.0687,-0.9935,-0.3065,-0.5703,0.3518
-6.2611,-8.0543,-1.1085,-0.218,-0.7512,0.4013
-6.8189,-8.1597,-1.4963,-0.0909,-0.83,0.4685
-6.862,-8.1884,-1.7621,0.0593,-0.8556,0.5112
-7.1829,-8.2579,-2.1811,0.212,-0.8599,0.5638
-7.4749,-8.3369,-2.8562,0.3928,-0.9418,0.6298
-8.3033,-8.1022,-3.7804,0.4508,-1.0578,0.6542
-8.8492,-7.9035,-3.96,0.4478,-1.103,0.6566
-8.7678,-7.5947,-3.8594,0.391,-1.0737,0.6792
-8.6697,-7.4989,-3.4668,0.3018,-0.9986,0.7574
-8.7726,-7.9322,-2.8491,0.2199,-0.8501,0.8509
-8.7415,-8.0472,-2.7317,0.2157,-0.7383,0.9266
-8.6553,-8.6936,-2.6048,0.2499,-0.6571,1.0464
-8.5068,-9.3424,-2.5977,0.3213,-0.6027,1.1893
-7.9083,-9.9673,-2.7054,0.4075,-0.5227,1.3365
-7.9083,-9.9673,-2.7054,0.4875,-0.4213,1.4813
-7.53,-10.075,-2.715,0.5657,-0.2955,1.6963
-7.3217,-10.4916,-2.7222,0.5895,-0.2643,1.8222
-6.953,-10.9298,-3.055,0.5999,-0.2912,1.9321
-6.9195,-10.9465,-3.1052,0.592,-0.359,2.0237
-6.4837,-10.9681,-3.2441,0.5468,-0.4011,2.0909
-6.0576,-10.7239,-3.0406,0.4545,-0.4103,2.1636
-5.4111,-10.0655,-3.0526,0.2609,-0.384,2.1936
-4.9395,-9.2778,-2.9376,0.1399,-0.392,2.149
-4.5298,-8.1381,-2.6886,0.0141,-0.3846,2.0488
-4.355,-7.1661,-2.6695,-0.1074,-0.3486,1.9113
-4.2018,-6.0648,-2.6312,-0.2155,-0.2912,1.7739
-4.4771,-5.7535,-2.9113,-0.3566,-0.158,1.5735
-4.276,-5.2986,-2.7341,-0.458,-0.0071,1.455
-3.5817,-4.8434,-2.1188,-0.5997,0.2475,1.3903
-2.7246,-4.4484,-1.0893,-0.7305,0.5035,1.353
-2.6527,-4.4508,-0.96,-0.8276,0.702,1.3078
-2.8419,-4.4699,-0.9744,-0.8563,0.779,1.2437
-3.4021,-4.5944,-1.6735,-0.7476,0.5383,1.0897
-4.3742,-3.632,-4.5705,-0.6065,0.1595,0.9859
-4.3957,-3.4691,-4.9706,-0.5002,-0.3107,0.9016
-4.3909,-2.9017,-5.4111,-0.5716,-0.7304,0.8888
-3.7062,-2.4085,-4.9491,-0.8148,-0.9008,0.9046
-1.6879,-2.2553,-3.3231,-1.2705,-0.7353,0.893
-1.6352,-2.3319,-3.189,-1.5686,-0.3785,0.7831
-1.1923,-3.1938,-2.1092,-1.7885,0.0282,0.4972
-2.126,-4.9946,-1.4987,-1.8361,0.2231,0.0861
-3.4261,-7.1182,-0.8906,-1.7592,0.3495,-0.3054
-4.4125,-8.0927,-0.1316,-1.6956,0.534,-0.5516
-5.6625,-9.3496,1.0127,-1.681,0.7325,-0.9437
-6.9817,-10.1181,2.0039,-1.6327,0.5548,-1.2321
-8.2028,-9.8308,2.2002,-1.4342,0.1644,-1.4324
-8.1022,-9.3161,1.7812,-1.0591,-0.1831,-1.4514
-7.2044,-8.1429,0.5291,-0.5979,-0.3681,-1.3072
-6.0001,-7.4199,-0.6344,-0.1862,-0.3846,-1.1465
-4.8698,-6.4119,-2.3894,0.1839,-0.2331,-1.1026
-4.5777,-6.3353,-2.6958,0.2786,-0.0676,-1.2235
-4.1228,-6.4359,-3.2776,0.2975,0.1229,-1.3206
-3.9695,-6.4526,-3.3446,0.2865,0.2811,-1.3823
-3.936,-6.6633,-4.5082,0.2621,0.4063,-1.474
-3.9408,-6.6705,-4.7429,0.2315,0.4699,-1.6316
-4.2018,-6.7184,-4.5801,0.1485,0.6067,-1.766
-4.6686,-6.8525,-4.9036,0.0385,0.8468,-1.8753
-5.0496,-7.4534,-4.7046,-0.0512,1.0764,-1.9339
-5.0496,-7.5252,-4.7381,-0.1483,1.308,-1.9523
-5.5309,-8.1334,-5.0688,-0.2076,1.4417,-1.9895
-6.2898,-8.7367,-4.7524,-0.254,1.4668,-2.0842
-7.5611,-9.4047,-3.3446,-0.3004,1.4888,-2.1453
-8.3273,-9.7662,-2.5905,-0.3157,1.4106,-2.1667
-9.0216,-9.9936,-1.6496,-0.3365,1.2438,-2.1368
-9.1437,-9.759,-0.4429,-0.4012,1.1644,-2.0586
-7.858,-8.7846,1.1635,-0.4092,1.1791,-1.8038
-7.1206,-8.3584,1.3718,-0.1911,1.1045,-1.5387
-5.9044,-7.6593,0.9648,0.1943,0.9531,-1.2901
-5.0855,-7.0248,0.2777,0.6475,0.8962,-1.1111
-4.2281,-6.8261,-1.6256,1.0751,1.0343,-1.0018
-4.2281,-6.9003,-1.8507,1.4533,1.2237,-0.9181
-4.1683,-7.3912,-2.7222,1.8479,1.443,-0.8191
-4.2401,-7.9897,-3.7493,1.9768,1.5022,-0.7782
-4.7381,-9.4741,-4.9251,1.9859,1.4894,-0.7586
-4.8458,-9.6297,-4.865,1.8314,1.4167,-0.7696
-5.0353,-10.1397,-4.264,1.5003,1.1992,-0.7996
-4.9155,-10.5491,-3.9504,1.0208,0.6232,-0.8063
-5.0329,-10.5443,-3.8235,0.8754,0.3617,-0.8093
-5.0712,-10.4869,-3.8546,0.8394,0.4253,-0.8393
-5.155,-9.9146,-3.8594,0.8583,0.7637,-0.8692
-5.6673,-9.534,-3.7972,0.8852,1.121,-0.8796
-6.1749,-9.5292,-3.9288,0.8662,1.2298,-0.8808
-6.6226,-9.9098,-3.6559,0.6958,0.7704,-0.8118
-6.6226,-9.9098,-3.6559,0.4209,0.1937,-0.664
-7.2331,-9.9075,-3.1627,0.4209,0.1937,-0.664
-6.8118,-8.7965,-2.8874,0.4234,0.2848,-0.5338
-6.7519,-8.447,-2.9281,0.493,0.4827,-0.3964
-6.7423,-8.4207,-2.6431,0.5522,0.5597,-0.2779
-6.7423,-8.4207,-2.6431,0.4661,-0.1867,0.0378
-5.0137,-8.3488,-1.4341,0.4661,-0.1867,0.0378
-4.7333,-8.3393,-1.2785,0.4087,-0.4903,0.1771
-3.7325,-8.5284,-0.9504,0.4111,-0.6143,0.3213
-3.7325,-8.5284,-0.9504,0.683,-0.6113,0.623
-2.4396,-10.1756,-2.9496,0.683,-0.6113,0.623
-2.3367,-10.2977,-3.2489,0.7825,-0.6473,0.7428
-2.1164,-10.7382,-4.5489,0.8119,-0.7573,0.8607
-2.1212,-11.0639,-5.5452,0.7453,-0.8782,0.9492
-1.2569,-10.4964,-4.8506,0.5797,-0.9149,1.0146
-1.1994,-10.4294,-4.7668,0.3733,-0.8599,1.0525
-0.9313,-10.0296,-4.8003,0.1589,-0.7023,0.9902
-1.4724,-9.692,-4.6016,0.0733,-0.5221,0.8643
-2.9328,-9.1389,-2.5857,-0.0603,-0.2802,0.7159
-3.3949,-8.8851,-1.5011,-0.2693,-0.1934,0.6352
-3.5769,-8.9043,-1.4748,-0.444,-0.4164,0.642
-3.7469,-8.9641,-2.0422,-0.4605,-0.7884,0.6756
-4.2951,-8.9091,-1.2976,-0.436,-0.764,0.6798
-4.5537,-8.9617,-0.7445,-0.4043,-0.6919,0.7141
-5.131,-9.1269,-0.8212,-0.2931,-0.7231,0.7929
-5.7128,-9.1102,-1.4197,-0.0933,-0.7976,0.8692
-6.388,-8.842,-1.9464,0.1228,-0.8013,0.9315
-6.5244,-8.775,-2.1068,0.4008,-0.7738,1.0311
-6.7902,-8.5212,-2.8083,0.5535,-0.866,1.0855
-6.9267,-8.2698,-3.541,0.6402,-0.9863,1.127
-6.2826,-7.7623,-3.3758,0.6188,-1.0181,1.1514
-6.2826,-7.7623,-3.3758,0.2963,-0.6406,1.1838
-5.7751,-8.052,-2.5282,0.2963,-0.6406,1.1838
-6.1079,-8.6361,-1.9584,0.0868,-0.3113,1.1319
-7.1158,-9.4645,-1.8818,0.0458,-0.2173,1.0751
-7.1278,-9.4645,-1.8986,0.0843,-0.2667,1.0574
-7.2738,-9.8356,-2.0159,0.1534,-0.3706,1.0946
-7.0871,-9.9889,-2.0518,0.2187,-0.4311,1.1655
-7.2571,-9.7877,-2.1906,0.2945,-0.4085,1.2553
-7.6521,-9.4837,-2.442,0.3244,-0.3205,1.2834
-8.2818,-8.9617,-2.6934,0.3317,-0.2399,1.3109
-8.593,-8.5236,-2.9065,0.3201,-0.2405,1.3628
-7.8987,-7.882,-2.8203,0.2969,-0.3407,1.4624
-7.5803,-7.5372,-2.545,0.267,-0.4903,1.5741
-6.7304,-6.8572,-2.5953,0.2273,-0.6559,1.645
-6.1031,-6.3401,-2.4899,0.1949,-0.6907,1.6505
-5.0281,-6.0624,-2.7006,0.1393,-0.6595,1.6719
-5.0137,-6.0791,-2.7126,0.0697,-0.6125,1.6982
-4.6375,-6.2371,-2.873,-0.017,-0.5294,1.7006
-4.5753,-6.5891,-2.9424,-0.2289,-0.2594,1.623
-4.4939,-7.1685,-2.1906,-0.4159,-0.0218,1.5076
-4.4627,-7.1757,-2.0709,-0.6089,0.2102,1.3683
-4.5777,-6.953,-1.8602,-0.7726,0.3795,1.2229
-4.3311,-6.4095,-1.7046,-0.893,0.4717,1.0732
-4.1706,-5.8684,-0.7254,-0.9913,0.5432,0.9334
-4.197,-5.8756,-0.7134,-1.0921,0.5694,0.7006
-4.8626,-6.1797,-0.4764,-1.0616,0.3966,0.5363
-6.4047,-6.6035,-0.9911,-0.9253,0.0331,0.3579
-8.1381,-6.0504,-1.9776,-0.7543,-0.4555,0.174
-7.6737,-4.8793,-2.3391,-0.6926,-0.9405,0.0745
-5.0185,-3.5913,-1.8818,-0.7848,-1.2594,0.1685
-2.9137,-3.2249,-0.8762,-1.0457,-0.99,0.4972
-2.3654,-3.28,-1.5203,-1.1043,-0.538,0.5644
-2.2912,-3.3207,-2.2242,-0.9675,-0.3028,0.5338
-1.5825,-3.0837,-3.6152,-0.7775,-0.1776,0.4801
-1.3886,-2.5594,-4.015,-0.6327,0.0282,0.372
-2.5354,-2.4971,-3.2465,-0.6449,0.6507,0.1038
-2.5785,-2.9712,-3.0478,-0.7433,1.0123,-0.0904
-3.8762,-5.9067,-1.3383,-0.9449,1.3403,-0.2852
-4.786,-8.2555,0.5889,-1.2369,1.5517,-0.6371
-6.6202,-10.585,1.2952,-1.3835,1.2322,-0.9016
-6.6202,-10.585,1.2952,-1.3206,0.5016,-1.0659
-7.8437,-10.9848,0.9409,-0.9779,-0.3895,-1.2504
-8.8636,-10.597,0.328,-0.7042,-0.5196,-1.3567
-6.5771,-8.3991,-1.5035,-0.4244,-0.351,-1.4318
-6.5771,-8.3991,-1.5035,0.0862,0.2292,-1.4337
-5.5093,-7.3217,-2.8395,0.0862,0.2292,-1.4337
-4.5513,-6.4909,-4.0222,0.2896,0.4656,-1.5583
-4.0701,-6.0097,-5.0209,0.3042,0.5566,-1.6511
-4.0054,-5.8852,-5.1933,0.2096,0.6861,-1.7757
-4.0892,-5.7631,-5.2531,0.0648,0.7967,-1.9077
-4.1587,-5.7296,-4.961,-0.0994,0.8596,-2.0317
-4.1587,-5.7296,-4.961,-0.4696,0.7612,-2.2235
-4.6447,-6.2659,-4.9395,-0.5826,0.6611,-2.2528
-5.9067,-7.5587,-3.8714,-0.5826,0.6611,-2.2528
-6.6537,-8.5499,-3.4165,-0.6602,0.581,-2.2437
-7.5923,-9.941,-0.984,-0.6712,0.5554,-2.1642
-7.6234,-10.0487,-0.4692,-0.6596,0.8217,-2.0396
-7.1876,-9.8763,0.5315,-0.5521,1.1797,-1.8894
-6.1031,-9.0719,1.0103,-0.1899,1.501,-1.6022
-4.8051,-7.8915,-0.1005,0.1479,1.4466,-1.433
-4.8051,-7.8915,-0.1005,0.7789,1.2102,-1.2999
-4.501,-7.5396,-1.1133,0.7789,1.2102,-1.2999
-4.3454,-7.372,-2.4684,1.0257,1.0917,-1.2919
-4.1395,-7.4893,-4.6806,1.2639,0.9384,-1.2687
-4.1491,-7.5156,-4.786,1.2969,0.9604,-1.2479
-4.2688,-7.7215,-5.5907,1.248,1.0569,-1.2431
-4.4891,-8.1669,-5.5931,1.1399,1.1754,-1.2357
-4.8027,-8.8947,-4.8722,0.9939,1.3306,-1.2107
-5.04,-9.5723,-4.2114,0.8638,1.4448,-1.1765
-5.4327,-10.5515,-3.4261,0.7551,1.4906,-1.0806
-5.6099,-11.4374,-2.861,0.7239,1.4448,-0.9737
-5.131,-11.3512,-2.5713,0.6976,1.3263,-0.8387
-4.9898,-11.0519,-2.9544,0.6689,1.1296,-0.7092
-5.2795,-10.4031,-4.0485,0.6842,0.8962,-0.6438
-5.3633,-9.5387,-4.7261,0.7386,0.7136,-0.6615
-5.2795,-8.9426,-4.5729,0.6866,0.7447,-0.6279
-5.368,-8.9522,-4.5346,0.526,0.7392,-0.5546
-5.5931,-8.8037,-4.2329,0.3604,0.6751,-0.4917
-5.6386,-8.8516,-3.9432,0.234,0.6305,-0.4098
-6.6705,-9.1485,-3.9456,0.1369,0.4961,-0.2956
-6.6729,-9.1246,-3.9193,0.0739,0.2927,-0.1624
-6.2802,-9.1222,-2.7246,0.0428,0.2854,-0.0647
-5.9139,-9.4693,-0.984,-0.0341,0.2066,0.0378
-5.9139,-9.4693,-0.984,0.0147,-0.166,0.1472
-5.2292,-9.838,-0.3902,0.1717,-0.2826,0.2687
-4.6399,-9.7662,-0.8475,0.1717,-0.2826,0.2687
-3.7588,-9.6369,-1.5825,0.4215,-0.5172,0.5009
-3.0119,-9.5292,-2.7102,0.5315,-0.7225,0.6456
-2.7006,-9.6034,-3.699,0.5895,-0.9479,0.7501
-2.6168,-9.9673,-4.422,0.5755,-1.1067,0.8258
-2.4468,-10.2953,-4.707,0.4515,-1.1562,0.8698
-2.9688,-10.5084,-4.2712,0.1619,-1.3028,0.9028
-3.5122,-10.3025,-3.6272,-0.0518,-1.4414,0.86
-4.2592,-9.5364,-1.628,-0.2424,-1.4946,0.7996
-4.6016,-8.8444,-0.7038,-0.356,-1.4304,0.7831
-4.2688,-8.5092,-1.2856,-0.312,-1.3804,0.8307
-4.2401,-8.5212,-1.3503,-0.163,-1.2869,0.915
-3.9863,-8.6313,-2.3391,0.1289,-1.1268,1.0091
-4.0246,-8.8157,-3.1316,0.3513,-1.1177,1.0274
-5.2076,-8.9115,-3.8019,0.5199,-1.1598,1.0054
-5.3297,-8.9187,-3.857,0.6237,-1.2857,0.9706
-6.3976,-8.9258,-4.2377,0.6744,-1.4604,0.9376
-7.4606,-8.9402,-4.6926,0.6756,-1.6803,0.9181
-8.5859,-8.6457,-4.7884,0.6103,-1.7194,0.9505
-8.4925,-8.5978,-4.6902,0.4832,-1.6241,1.039
-7.4965,-8.1717,-3.6272,0.3238,-1.4329,1.163
-6.9722,-7.8628,-3.0286,0.1845,-1.2001,1.2828
-6.048,-7.7,-2.7317,0.1222,-1.0102,1.3823
-6.139,-7.8508,-2.7748,0.1246,-0.8281,1.5369
-6.3281,-8.1693,-2.9089,0.1485,-0.7139,1.5931
-6.1677,-8.6601,-3.031,0.1582,-0.5838,1.6572
-6.206,-9.4142,-2.9903,0.132,-0.4427,1.725
-6.3114,-9.7399,-3.0645,0.08,-0.2991,1.7537
-6.4933,-10.0415,-3.2632,0.0098,-0.1892,1.7427
-6.8836,-10.1205,-3.2441,-0.1275,-0.1269,1.6731
-6.9147,-9.5723,-2.9807,-0.2473,-0.1214,1.6206
-6.9267,-9.419,-2.9089,-0.3572,-0.1751,1.5925
-6.7854,-8.8037,-2.7653,-0.4409,-0.271,1.5534
-6.5795,-8.2028,-2.7748,-0.4922,-0.3761,1.4862
-6.3138,-7.4319,-2.5067,-0.5472,-0.4561,1.3561
-6.3138,-7.4319,-2.5067,-0.6101,-0.3865,1.2687
-5.9067,-7.02,-2.0015,-0.695,-0.1879,1.1899
-5.617,-6.5125,-1.7238,-0.7628,0.0306,1.1129
-5.0712,-5.4878,-1.8363,-0.808,0.2206,1.0537
-5.0855,-5.4566,-1.8148,-0.8557,0.3978,1.0415
-5.0999,-5.4016,-2.0877,-0.954,0.5719,1.1013
-5.2843,-5.6554,-2.5187,-1.0176,0.5419,1.1832
-4.9467,-6.1079,-2.9376,-1.0683,0.4021,1.306
-3.7756,-6.4311,-3.1699,-1.1025,0.1724,1.4569
-1.5083,-6.7543,-3.4356,-1.1251,-0.1348,1.5961
-0.2849,-6.4837,-3.268,-1.1898,-0.5899,1.6139
0.9385,-5.0161,-2.1619,-1.2919,-0.8,1.4813
0.9768,-4.4196,-1.8602,-1.4275,-0.877,1.2815
0.7685,-3.6128,-1.5035,-1.5283,-0.7744,1.0409
0.5195,-3.2417,-1.2258,-1.557,-0.505,0.7776
-1.4508,-3.3375,-1.4245,-1.4849,-0.2124,0.5045
-1.944,-3.6966,-1.4987,-1.2436,0.0905,0.0586
-1.944,-3.6966,-1.4987,-0.9992,0.2176,-0.4312
-3.6894,-6.4957,-1.4053,-0.9992,0.2176,-0.4312
-3.8474,-7.2259,-0.2178,-1.0145,0.2713,-0.5943
-3.8355,-7.2092,-0.2226,-1.0047,0.2328,-0.7641
-3.6343,-7.1924,-0.7469,-0.9186,0.1534,-0.9676
-3.7804,-7.0392,-0.9026,-0.626,0.1626,-1.3176
-4.0485,-7.305,-2.4684,-0.3982,0.3318,-1.518
-4.0485,-7.305,-2.4684,-0.1587,0.4729,-1.6737
-4.4316,-7.7934,-3.4308,0.0318,0.5914,-1.8258
-4.9467,-8.4063,-3.9935,0.1124,0.7478,-1.9657
-5.8828,-9.4813,-4.9706,0.0623,0.8455,-2.1612
-6.5244,-10.1924,-5.4925,-0.061,0.7539,-2.3078
-7.4606,-10.8508,-6.1222,-0.2705,0.6806,-2.474
-7.7934,-11.2123,-5.7128,-0.5197,0.7179,-2.6053
-7.8724,-10.8101,-4.4149,-0.7488,0.8932,-2.6481
