bicicleta
0.5554,-10.2139,-0.2466,0.3635,-0.1996,-0.9077
0.7852,-10.1708,-0.0694,0.3348,-0.2533,-0.8649
0.8499,-10.1062,0.1747,0.3555,-0.2869,-0.8185
0.8427,-10.0631,0.134,0.4179,-0.2631,-0.7861
0.9337,-10.1134,-0.0718,0.4734,-0.2136,-0.769
0.9337,-10.1134,-0.0718,0.5468,-0.114,-0.7275
1.1276,-10.3001,-0.1675,0.5468,-0.114,-0.7275
1.1731,-10.3432,-0.407,0.5956,-0.103,-0.7141
1.2856,-10.3145,-0.9241,0.6445,-0.1953,-0.7067
1.3335,-10.3312,-1.0869,0.6585,-0.3052,-0.6817
1.5849,-10.506,-1.7549,0.6573,-0.3962,-0.6322
1.6615,-10.8316,-2.0853,0.6194,-0.4042,-0.6017
1.9488,-11.5595,-2.4157,0.5309,-0.3541,-0.5931
1.9656,-11.5954,-2.442,0.4087,-0.3101,-0.5766
2.0566,-11.909,-2.1906,0.212,-0.3089,-0.551
1.8267,-11.751,-1.8962,0.0923,-0.3517,-0.5516
1.4676,-11.0255,-1.2473,-0.0103,-0.4134,-0.5522
1.1731,-10.7119,-0.4955,-0.0994,-0.4751,-0.5271
0.2394,-10.1708,0.6272,-0.1691,-0.4775,-0.4917
-0.3256,-9.7183,1.0678,-0.13,-0.4463,-0.4001
-0.5937,-9.3735,1.221,-0.0182,-0.417,-0.2809
-0.2801,-9.4358,0.8331,0.1124,-0.3382,-0.1386
0.1197,-9.5842,-0.2489,0.237,-0.2881,0.0024
0.4908,-9.4526,-0.3615,0.3165,-0.2307,0.0971
1.3239,-9.0264,-0.5243,0.3085,-0.1415,0.1869
1.4317,-8.9139,-0.6153,0.3055,-0.1696,0.2974
1.8124,-8.617,-0.5817,0.3091,-0.2307,0.3225
1.9656,-8.2818,-0.3136,0.2884,-0.2906,0.3384
2.0039,-8.2004,-0.6368,0.2578,-0.3291,0.3433
1.968,-8.1908,-0.7469,0.2438,-0.3614,0.331
1.8866,-8.3345,-1.1228,0.2254,-0.3596,0.2883
1.7645,-8.6433,-1.1899,0.1246,-0.2289,0.2394
1.9584,-9.9649,-0.8116,0.0355,-0.1171,0.2199
1.9416,-10.0583,-0.8451,-0.0115,-0.056,0.2046
1.9416,-10.0583,-0.8451,-0.0243,-0.1269,0.1404
1.3982,-11.399,-0.0622,-0.0243,-0.1269,0.1404
0.6967,-11.7582,-0.0526,-0.0243,-0.279,0.1301
0.1628,-11.7462,-0.1268,0.0287,-0.3755,0.127
-0.225,-11.8156,0.1675,0.0629,-0.4011,0.1661
-0.5722,-12.0287,0.4381,0.0935,-0.3828,0.2455
-0.7972,-12.0838,0.3543,0.1613,-0.3517,0.3298
-0.8571,-11.921,0.1125,0.2541,-0.3254,0.4349
-0.8571,-11.921,0.1125,0.4356,-0.3364,0.766
-0.3327,-11.1812,-0.237,0.4356,-0.3364,0.766
0.5554,-10.4892,-0.1268,0.4704,-0.3657,0.901
0.7517,-10.427,-0.1149,0.4802,-0.3956,1.0317
1.3239,-10.3791,-0.225,0.4771,-0.4127,1.149
1.6352,-10.3504,-0.3112,0.4698,-0.4311,1.2363
2.0111,-10.0152,-0.3734,0.4557,-0.4115,1.2333
2.0111,-10.0152,-0.3734,0.4319,-0.4036,1.0952
1.8962,-9.6537,-0.6272,0.4319,-0.4036,1.0952
1.6184,-9.3664,-0.8786,0.4063,-0.3956,1.0042
1.1635,-8.7032,-1.3575,0.369,-0.373,0.923
1.1372,-8.6553,-1.3575,0.2755,-0.2784,0.8344
0.9313,-8.3608,-1.4365,0.187,-0.1916,0.8038
0.7038,-8.1238,-1.5322,0.0862,-0.1214,0.7837
0.541,-7.9394,-1.5298,-0.0274,-0.0725,0.7757
0.4261,-8.0472,-1.7717,-0.152,-0.0364,0.7751
0.2394,-8.2004,-1.8387,-0.3371,0.0129,0.7483
0.1029,-8.265,-1.7142,-0.4745,0.0245,0.7086
-0.2394,-8.7654,-1.7262,-0.6193,0.0239,0.6731
-0.3184,-9.3376,-1.6783,-0.7573,0.027,0.6609
-0.4165,-10.1205,-1.7525,-0.8673,0.1211,0.6731
-0.3902,-10.9058,-1.8531,-0.9241,0.3074,0.6695
-0.6033,-11.5954,-1.5514,-0.954,0.5566,0.5955
-0.644,-11.6361,-1.5969,-0.9522,0.5896,0.5082
-0.7924,-11.7558,-1.6663,-0.9321,0.5071,0.4392
-0.9672,-11.7462,-1.5514,-0.9785,0.3019,0.4147
-1.1587,-11.8611,-1.3623,-1.1,-0.0169,0.4227
-1.1587,-11.8611,-1.3623,-1.3419,-0.279,0.5204
-0.9337,-11.739,-0.4333,-1.3419,-0.279,0.5204
-0.5817,-11.6217,0.3519,-1.3444,-0.0878,0.5558
-0.0957,-11.1429,1.1803,-1.2656,0.0581,0.6047
-0.0742,-11.1189,1.2306,-1.133,0.0068,0.6401
-0.2489,-10.8723,1.1707,-0.9687,-0.2002,0.653
-0.7829,-10.5228,0.5722,-0.6792,-0.5477,0.612
-1.5418,-10.0463,-0.2609,-0.5014,-0.6363,0.5845
-1.9009,-9.7877,-0.6631,-0.3756,-0.5966,0.5943
-2.375,-9.3999,-1.5346,-0.2961,-0.519,0.6352
-2.5378,-9.1988,-2.2673,-0.2595,-0.5032,0.6963
-1.9704,-8.7439,-2.952,-0.2882,-0.5141,0.7819
-1.6065,-8.4781,-2.8634,-0.4232,-0.5245,0.9071
-0.8259,-8.3273,-2.6647,-0.535,-0.4714,0.97
-0.225,-8.3225,-2.0159,-0.6407,-0.4189,1.014
0.3926,-8.5236,-1.7022,-0.7323,-0.3865,1.0115
0.474,-8.5475,-1.6807,-0.7702,-0.4292,0.9602
0.4932,-8.6002,-1.5969,-0.7793,-0.5251,0.8228
0.5027,-8.5835,-1.3575,-0.7885,-0.5239,0.7348
0.6919,-8.265,-0.6392,-0.8074,-0.4793,0.6847
0.735,-8.2818,-0.6272,-0.8111,-0.3987,0.6566
0.4429,-8.4422,-0.225,-0.7885,-0.2875,0.645
-0.0143,-8.459,0.1556,-0.7207,-0.1922,0.5962
-1.154,-8.7846,-0.1316,-0.5417,-0.1769,0.4331
-1.154,-8.7846,-0.1316,-0.3896,-0.1977,0.295
-1.5849,-8.9163,-0.6895,-0.2564,-0.2014,0.2034
-1.9249,-9.0527,-1.2306,-0.1599,-0.1824,0.1814
-1.3503,-9.0288,-1.5083,-0.083,-0.1317,0.1997
-0.5339,-8.6984,-1.6496,-0.0243,-0.0083,0.2382
0,-8.5571,-1.5969,0.0336,0.093,0.237
0.055,-8.4638,-1.5682,0.044,0.1204,0.1618
-0.2298,-8.2435,-2.2433,0.0422,0.173,0.0415
-0.4213,-8.0496,-2.2385,0.0348,0.1974,-0.0781
-0.4381,-7.8867,-1.8507,0.0012,0.2261,-0.1899
-0.1628,-7.8101,-2.5857,-0.0304,0.3795,-0.2913
0.6416,-7.7886,-2.1188,-0.0414,0.4418,-0.3494
0.6751,-7.8125,-2.1691,-0.1184,0.4973,-0.4019
0.5865,-8.0184,-2.0877,-0.1709,0.5267,-0.4667
0.5363,-8.2938,-1.4939,-0.2131,0.5028,-0.5729
-0.0766,-9.4909,-0.8092,-0.2516,0.4827,-0.6798
-0.0766,-9.4909,-0.8092,-0.1795,0.5664,-0.9315
-0.5363,-10.0655,-0.4381,-0.1795,0.5664,-0.9315
-0.8475,-10.3576,-0.4141,-0.0793,0.6189,-0.9944
-0.8547,-10.4174,-0.3878,0.0348,0.5988,-1.0488
-0.9002,-10.3815,-0.4046,0.1619,0.5926,-1.0702
-0.9744,-9.941,-0.7398,0.2835,0.5535,-1.0665
-0.7733,-9.3879,-1.0247,0.4374,0.4405,-1.0323
-0.6655,-8.5428,-1.0965,0.5046,0.4137,-0.9792
-0.6943,-7.9705,-1.3479,0.5535,0.3807,-0.9474
-0.5219,-7.451,-1.5275,0.5956,0.3709,-0.9297
-0.2896,-7.3121,-1.4652,0.6176,0.3727,-0.8924
0.9026,-7.7623,-1.2545,0.6646,0.4063,-0.8295
0.8643,-8.0783,-1.3431,0.7233,0.5163,-0.8344
0.8164,-9.0839,-1.8818,0.7838,0.6201,-0.926
1.0031,-10.2833,-2.3415,0.821,0.7234,-1.0103
1.1563,-11.6337,-2.3127,0.8143,0.7967,-1.0714
1.1516,-11.6863,-2.3247,0.7612,0.7673,-1.1252
1.1516,-11.6863,-2.3247,0.5779,0.2139,-1.1612
0.7661,-11.1381,-2.229,0.5779,0.2139,-1.1612
0.1939,-10.5419,-2.217,0.4893,-0.0236,-1.1685
0.1939,-10.5419,-2.217,0.2493,0.0765,-1.0775
0.2178,-10.427,-1.4508,0.2493,0.0765,-1.0775
0.2178,-10.427,-1.4508,0.1033,0.4778,-0.8979
0.3016,-10.8149,-0.8092,0.1033,0.4778,-0.8979
0.2849,-10.8292,-0.8092,0.099,0.4973,-0.8265
0.3639,-10.9825,-0.2106,0.1191,0.4613,-0.777
0.4884,-11.0686,0.0454,0.1479,0.413,-0.7428
0.3758,-10.7766,0.4525,0.2224,0.3342,-0.7244
0.2777,-10.518,0.3256,0.3733,0.1534,-0.7067
0.2466,-10.1445,0.0407,0.482,0.0056,-0.6511
0.5195,-9.8596,-0.3471,0.5547,-0.0591,-0.5558
1.0079,-9.4765,-0.4596,0.5968,-0.0285,-0.4477
1.209,-9.455,-0.6129,0.6023,0.074,-0.3787
1.6041,-9.7016,-0.8188,0.5938,0.1687,-0.3225
1.9297,-10.1732,-0.6655,0.5755,0.2518,-0.3243
2.4253,-11.0136,-0.7086,0.5651,0.3294,-0.3549
2.4899,-11.1524,-0.7876,0.5767,0.3257,-0.4178
2.4899,-11.344,-0.6512,0.581,0.2408,-0.5137
2.3247,-11.1572,-0.5482,0.5791,0.1217,-0.6151
1.889,-10.1684,-0.9313,0.5694,-0.1165,-0.7397
1.889,-10.1684,-0.9313,0.6115,-0.2209,-0.7354
1.8986,-9.4765,-1.3814,0.6115,-0.2209,-0.7354
1.7645,-9.2874,-1.7094,0.5962,-0.114,-0.711
1.051,-9.7351,-1.4293,0.5028,0.0233,-0.7092
1.0271,-9.7949,-1.4508,0.3519,0.1039,-0.733
0.5961,-10.2307,-1.2378,0.1167,0.0618,-0.7428
0.5003,-10.5683,-0.541,0.0086,-0.0316,-0.7141
0.565,-10.5323,-0.5865,-0.0322,-0.1177,-0.634
0.6272,-10.348,-0.4261,0.0025,-0.1672,-0.5265
0.7254,-9.9673,-0.4094,0.0428,-0.1091,-0.4098
1.154,-9.7758,-0.4716,0.1081,0.0337,-0.248
1.4341,-9.7997,0.0526,0.1057,0.0655,-0.1753
1.6352,-9.8404,0.2705,0.0776,0.0746,-0.1404
1.8387,-9.8835,0.4788,0.0733,0.0172,-0.1142
1.9656,-9.9649,-0.0287,0.1088,-0.1055,-0.0959
1.7286,-9.5938,-0.2298,0.1674,-0.2258,-0.0891
1.6998,-9.419,-0.2298,0.2205,-0.2875,-0.061
1.6807,-8.9929,-0.6129,0.256,-0.2832,-0.0091
1.786,-8.7175,-1.1516,0.27,-0.2637,0.047
2.3127,-9.1557,-1.3958,0.2389,-0.235,0.1111
2.3127,-9.1557,-1.3958,0.0379,-0.0468,0.196
2.9664,-10.111,-0.9217,0.0379,-0.0468,0.196
3.2656,-10.7789,-0.7062,-0.0133,-0.0951,0.1844
2.9664,-10.8747,0.4022,-0.0591,-0.2038,0.1459
2.9664,-10.8412,0.4022,-0.0939,-0.3071,0.1233
2.6815,-10.4725,0.2537,-0.086,-0.3981,0.1178
2.4085,-10.2139,0.6033,-0.0591,-0.4298,0.127
2.4301,-10.4414,0.8954,-0.0432,-0.2753,0.1924
2.1116,-10.4869,0.2801,0.0208,-0.1855,0.2205
1.6448,-10.3312,-0.1771,0.1008,-0.1653,0.2284
1.6448,-10.3312,-0.1771,0.1424,-0.1867,0.3628
1.3599,-9.4813,-0.1939,0.1424,-0.1867,0.3628
1.3215,-9.1581,-0.2705,0.1698,-0.2985,0.4257
1.482,-8.6313,-0.3926,0.1955,-0.4598,0.529
1.482,-8.6313,-0.3926,0.1521,-0.4696,0.6511
2.1954,-8.5452,-0.3088,0.1521,-0.4696,0.6511
2.2361,-8.6218,-0.316,0.1027,-0.3846,0.6719
2.2002,-9.0336,-0.4141,0.055,-0.2625,0.6646
2.0901,-9.4837,-0.3447,-0.0035,-0.092,0.6151
2.035,-9.8739,0.0047,-0.0377,-0.0212,0.59
1.9871,-9.8835,0.0287,-0.0542,-0.0236,0.576
1.7214,-9.6872,-0.0502,-0.0518,-0.1024,0.5577
1.4987,-9.4286,-0.2657,-0.0365,-0.224,0.5424
1.4556,-9.3759,-0.6751,-0.0268,-0.3199,0.554
1.482,-9.4095,-0.6703,-0.0402,-0.3223,0.6078
1.5682,-9.9027,-0.7589,-0.0707,-0.2173,0.6377
1.4939,-10.5491,-0.8331,-0.1037,-0.0713,0.62
1.1013,-11.5427,-1.0151,-0.1392,0.0759,0.5626
0.9816,-11.9784,-0.9816,-0.1727,0.1614,0.5112
0.7637,-11.9473,-0.9097,-0.2406,0.1223,0.4948
0.5985,-11.6409,-0.8236,-0.2906,0.0032,0.5064
0.5171,-10.992,-0.7781,-0.3413,-0.125,0.5455
0.5003,-10.6928,-0.7781,-0.3866,-0.1953,0.5986
0.5458,-10.3983,-0.6991,-0.4379,-0.1647,0.6579
0.7661,-10.111,-0.5075,-0.5014,-0.0591,0.7104
0.8451,-9.8739,-0.3926,-0.5832,0.1198,0.7629
0.8595,-9.8787,-0.4165,-0.6071,0.1803,0.777
0.7445,-9.8308,-0.6368,-0.6266,0.1858,0.7861
0.7637,-9.7877,-0.6129,-0.6407,0.1394,0.788
0.9241,-9.6896,-0.5937,-0.6547,0.0905,0.7855
0.9361,-9.7159,-0.6105,-0.6413,0.0679,0.7715
0.8595,-9.9865,-0.8475,-0.5973,0.0923,0.7269
0.9504,-10.1565,-1.0678,-0.5765,0.1064,0.6976
0.7517,-10.1253,-1.0965,-0.5894,0.0917,0.6627
0.735,-10.1253,-1.0965,-0.6187,0.0704,0.6029
0.3806,-10.1804,-1.0438,-0.6504,0.0233,0.5369
-0.1556,-10.1469,-1.1372,-0.6969,-0.1299,0.4294
-0.8355,-10.0727,-1.4293,-0.7024,-0.2099,0.3952
-1.2497,-10.0248,-1.798,-0.6938,-0.2069,0.4178
-1.4341,-10.1421,-2.0661,-0.706,-0.1403,0.5015
-1.3838,-10.4653,-2.0494,-0.7647,-0.0316,0.6352
-1.0678,-11.2458,-1.8938,-0.852,0.0264,0.7837
-0.7805,-11.502,-1.7453,-0.9485,0.0245,0.9651
-0.225,-11.7821,-1.1324,-0.9595,-0.0065,1.0671
0.1795,-11.7247,-0.6943,-0.9272,-0.078,1.1325
0.2226,-11.4374,-0.8762,-0.8624,-0.1861,1.1551
0.2226,-11.4374,-0.8762,-0.6999,-0.3193,1.1307
0.328,-10.8029,-0.7733,-0.6999,-0.3193,1.1307
0.3447,-10.2163,-0.6272,-0.6932,-0.2936,1.1221
0.4644,-9.3065,-0.3926,-0.6651,-0.238,1.1081
0.5075,-9.2538,-0.5075,-0.5949,-0.1922,1.1117
0.2106,-9.0695,-0.5434,-0.4886,-0.1831,1.0946
-0.1125,-8.957,-0.9792,-0.3792,-0.2026,1.0158
-0.4477,-8.4925,-2.1452,-0.2479,-0.2496,0.8949
-0.4477,-8.4925,-2.1452,-0.2155,-0.2771,0.8631
-0.5506,-8.2243,-2.4636,-0.2222,-0.3101,0.8759
-0.462,-7.9634,-2.5258,-0.2766,-0.2747,0.8643
-0.4453,-7.9442,-1.9752,-0.3377,-0.1342,0.8258
-0.0598,-7.882,-1.6519,-0.3939,0.0129,0.7495
0.3232,-7.9873,-1.2258,-0.4116,-0.0071,0.6114
0.3232,-7.9873,-1.2258,-0.3462,-0.1226,0.4141
0.2585,-7.3648,-0.4022,-0.3462,-0.1226,0.4141
0.2106,-7.2762,-0.1149,-0.2998,-0.0578,0.3652
-0.1436,-7.5085,-0.3471,-0.1954,0.0178,0.2968
-0.893,-8.0136,-1.6184,0.0318,0.1369,0.1685
-1.9464,-8.9761,-2.1404,0.1356,0.176,0.0623
-1.8938,-9.0767,-2.0087,0.1619,0.1901,-0.0354
-1.4197,-9.1389,-1.1923,0.1662,0.2115,-0.0885
-0.577,-8.6673,-1.4006,0.1906,0.2426,-0.1032
0.2729,-7.8053,-1.8842,0.2419,0.1528,-0.0836
0.2537,-7.7024,-1.9943,0.2651,0.1498,-0.0934
0.1197,-7.4342,-2.0422,0.2456,0.2689,-0.1325
-0.134,-7.5563,-2.1356,0.2334,0.3416,-0.1991
-1.1827,-8.5452,-2.4396,0.2511,0.3978,-0.3084
-1.233,-8.5978,-2.4612,0.2645,0.4045,-0.441
-1.1875,-8.854,-2.6216,0.2395,0.4057,-0.5809
-0.8164,-8.8588,-2.6743,0.2114,0.4485,-0.62
-0.2537,-8.5332,-2.4013,0.168,0.4998,-0.642
0.2657,-8.2483,-2.193,0.1265,0.5383,-0.6444
0.5003,-8.1549,-2.3247,0.1069,0.5829,-0.6542
0.7086,-8.0711,-2.2337,0.113,0.6091,-0.7189
0.7517,-8.4254,-1.7812,0.1204,0.6018,-0.8448
0.632,-8.7726,-1.6017,0.143,0.6012,-0.9639
0.2944,-9.5244,-1.1228,0.2004,0.6122,-1.0946
-0.1316,-10.2905,-0.7829,0.2822,0.6055,-1.218
-0.2801,-11.3895,-0.9193,0.3879,0.5444,-1.3096
-0.225,-11.5188,-1.0271,0.5272,0.4851,-1.342
-0.1268,-11.9784,-1.1923,0.7172,0.3636,-1.3011
0.1436,-11.8228,-1.1994,0.7948,0.3587,-1.2229
0.3351,-10.281,-1.0702,0.8473,0.3483,-1.127
0.3303,-10.0966,-1.1587,0.8815,0.2994,-1.0641
0.2585,-9.2514,-1.6831,0.9237,0.2402,-1.0506
0.1077,-8.8612,-1.9752,0.9609,0.1895,-1.0751
0.1963,-9.1461,-3.0693,0.9591,0.2267,-1.0903
0.2035,-9.1892,-3.1364,0.9389,0.3184,-1.0885
0.3734,-9.4238,-3.8714,0.8705,0.4082,-1.0708
0.7158,-9.6561,-3.8594,0.7251,0.4473,-1.0305
1.0869,-9.7494,-2.7772,0.5187,0.4857,-0.9773
1.0462,-9.7423,-2.0087,0.2193,0.4784,-0.9254
0.9792,-9.8572,-1.458,0.1204,0.399,-0.915
1.0486,-10.032,-1.5538,0.0959,0.2744,-0.8869
1.3311,-10.4078,-0.9864,0.0941,0.1669,-0.846
1.3263,-10.5395,-0.8475,0.0746,0.1699,-0.8222
1.2042,-10.6233,-0.541,0.0972,0.2909,-0.8246
1.2449,-10.6425,0.0478,0.1271,0.3312,-0.8332
1.2354,-10.3408,0.2466,0.1668,0.2982,-0.8326
1.2162,-10.2881,0.2226,0.2224,0.2402,-0.8338
1.2497,-10.2474,0.2466,0.2792,0.2096,-0.8332
1.2545,-10.4581,0.1268,0.3549,0.2237,-0.8289
1.2665,-11.3392,-0.6057,0.5009,0.3459,-0.8582
1.1803,-11.4781,-0.7685,0.5889,0.3807,-0.9028
0.7565,-12.0622,-1.3742,0.6585,0.3678,-0.9804
0.2873,-12.2466,-1.5203,0.708,0.3416,-1.0183
0.3495,-10.9322,-1.4365,0.7245,0.286,-0.9779
0.3495,-10.9322,-1.4365,0.6995,0.1424,-0.8631
0.3495,-10.9322,-1.4365,0.4979,-0.1745,-0.4868
1.3215,-9.8117,-0.7326,0.4979,-0.1745,-0.4868
1.707,-9.7016,-0.1604,0.4179,-0.0615,-0.4269
1.786,-9.7016,0.1484,0.3916,0.0923,-0.3976
1.9273,-9.5387,-0.1484,0.4337,0.1345,-0.3756
1.8219,-9.419,-0.8092,0.5345,-0.0132,-0.372
1.7669,-9.2562,-1.786,0.5492,-0.1348,-0.3811
1.7453,-9.1772,-1.5897,0.5022,-0.1806,-0.3805
1.9057,-9.2203,-1.1923,0.3928,-0.1201,-0.3677
1.9057,-9.3185,-0.8595,0.2926,-0.0688,-0.3726
1.3958,-9.5818,-1.0271,0.245,-0.0847,-0.4141
1.3958,-9.5818,-1.0271,0.2499,-0.3675,-0.5064
1.3287,-9.6345,-1.0654,0.2193,-0.4317,-0.4941
0.9002,-10.1541,-1.3886,0.2193,-0.4317,-0.4941
0.2154,-10.4749,-0.5003,0.1521,-0.3987,-0.452
0.2082,-10.4414,-0.3064,0.0819,-0.3333,-0.383
0.5147,-10.2474,0.5722,0.0281,-0.2777,-0.1942
1.1994,-10.1852,0.6248,0.0617,-0.2735,-0.0128
2.7269,-9.7231,0.4046,0.1546,-0.2441,0.1527
2.8347,-9.7303,0.4189,0.2242,-0.1537,0.2797
2.8347,-9.7303,0.4189,0.2425,-0.158,0.361
3.0047,-9.4095,-0.0742,0.2425,-0.158,0.361
2.6455,-8.8253,-0.1675,0.2114,-0.2637,0.284
2.466,-8.629,-0.5985,0.2059,-0.1983,0.2681
2.454,-8.5571,-0.8643,0.2157,-0.0536,0.27
2.7222,-8.6457,-1.0558,0.1992,0.1174,0.2816
2.9544,-8.8779,-0.8068,0.1558,0.2182,0.3042
3.0717,-8.9881,-0.6679,0.0813,0.2524,0.3048
3.4284,-9.5483,-0.1508,-0.0151,0.2597,0.2956
3.8187,-9.9793,0.2537,-0.0585,0.2756,0.2706
3.5362,-10.336,-0.055,-0.0817,0.2475,0.207
3.3734,-10.3432,-0.0622,-0.0775,0.2096,0.1282
2.7916,-10.4222,-0.2944,-0.0713,0.2139,0.0708
2.0901,-10.2833,-0.3232,-0.064,0.2121,0.0207
1.3862,-10.3576,-0.4189,-0.0805,0.195,0.0097
1.3096,-10.4509,-0.4046,-0.0695,0.1467,0.0238
1.0247,-10.8029,-0.1053,-0.0335,0.1211,0.0329
0.4716,-10.901,-0.1532,-0.0084,0.085,0.0439
-0.6057,-10.3336,-0.2753,0.0269,-0.0426,0.058
-0.6823,-10.2833,-0.3088,0.0623,-0.2545,0.1496
-0.6967,-9.9051,-0.6296,0.0776,-0.2906,0.2645
-0.134,-10.0894,-0.2418,0.0697,-0.2099,0.4318
0.3303,-10.767,0.1029,0.044,-0.0817,0.5674
0.2059,-10.8747,0.1077,0.0587,0.0135,0.6004
0,-10.743,-0.1292,0.1448,0.0526,0.6035
0,-10.743,-0.1292,0.2792,-0.1159,0.7495
0.2729,-9.0647,-0.2992,0.2792,-0.1159,0.7495
0.5865,-8.6888,-0.3423,0.3195,-0.2851,0.8442
1.1659,-8.1908,-0.5674,0.322,-0.4555,0.9456
1.6998,-7.9586,-0.62,0.2969,-0.5563,1.0183
1.9345,-8.6888,-0.7829,0.1955,-0.4579,0.995
1.889,-9.0048,-0.7972,0.1259,-0.271,0.8918
1.561,-10.0822,-0.7182,0.077,-0.0358,0.758
1.2976,-10.8819,-0.6488,0.0489,0.1583,0.6377
0.7422,-11.4637,-0.7781,0.0495,0.2218,0.5632
0.7422,-11.4637,-0.7781,0.0312,-0.1488,0.5271
0.7589,-11.0902,-0.9816,0.0312,-0.1488,0.5271
0.7398,-10.6904,-1.1492,-0.0176,-0.3565,0.5564
0.6991,-10.245,-0.8403,-0.0988,-0.4457,0.5742
0.6991,-10.245,-0.8403,-0.2008,-0.395,0.5778
0.4884,-10.1708,-0.6943,-0.2894,-0.2667,0.5784
0.4022,-10.1541,-0.5315,-0.3982,-0.0645,0.5778
0.5386,-10.1373,-0.1556,-0.458,0.027,0.5882
0.5386,-10.1373,-0.1508,-0.491,0.0667,0.5949
0.237,-10.1517,-0.2106,-0.4831,0.0276,0.5845
0.1053,-10.1014,-0.4094,-0.4525,-0.0713,0.5619
-0.0933,-10.2546,-0.8068,-0.4147,-0.1849,0.5644
-0.1077,-10.3217,-0.802,-0.3884,-0.2356,0.5968
0.1005,-10.3815,-0.644,-0.4171,-0.1916,0.6218
0.2178,-10.4821,-0.6296,-0.4489,-0.1556,0.6414
0.0837,-10.7335,-1.039,-0.4605,-0.1421,0.6456
0.0526,-10.7789,-1.0749,-0.4623,-0.1629,0.6414
-0.1388,-10.755,-1.2713,-0.4873,-0.2258,0.6255
-0.2226,-10.5778,-1.3287,-0.5124,-0.2338,0.631
-0.4022,-10.4749,-1.3407,-0.5405,-0.224,0.6536
-0.4022,-10.4749,-1.3407,-0.5619,-0.2026,0.6994
-0.4596,-10.5539,-1.2832,-0.5619,-0.2026,0.6994
-0.5123,-10.7095,-1.3814,-0.5741,-0.2093,0.7257
-0.6057,-10.9489,-1.2162,-0.6065,-0.1953,0.7495
-0.6057,-10.9489,-1.2162,-0.6975,-0.1928,0.7977
-0.7302,-10.8915,-0.9935,-0.6975,-0.1928,0.7977
-0.814,-10.6832,-0.9624,-0.7268,-0.2496,0.8448
-0.4501,-10.3456,-0.79,-0.7183,-0.3291,0.915
-0.2896,-10.0918,-0.6296,-0.6663,-0.3565,1.0024
-0.4022,-9.7734,-0.632,-0.6175,-0.3333,1.061
-0.3734,-9.455,-0.5913,-0.568,-0.337,1.0543
-0.3256,-8.7558,-0.9169,-0.5154,-0.3914,1.0598
-0.1843,-8.4757,-1.0007,-0.4709,-0.4702,1.072
0.0885,-7.949,-0.9959,-0.4562,-0.508,1.1093
0.2346,-7.621,-0.9337,-0.458,-0.4433,1.1533
0.2729,-7.554,-1.0007,-0.444,-0.3187,1.1239
0.1651,-7.621,-1.0702,-0.4134,-0.1892,1.0451
-0.3423,-7.9083,-1.1707,-0.3701,-0.1201,0.9236
-0.3303,-8.4278,-1.4053,-0.3304,-0.1024,0.78
-0.0766,-8.7032,-1.7429,-0.3035,-0.1629,0.6786
-0.0766,-8.7032,-1.7429,-0.3041,-0.2814,0.5717
0.1987,-8.7558,-1.3072,-0.3163,-0.2136,0.5644
0.2561,-8.8636,-0.6464,-0.3157,-0.0554,0.529
-0.6871,-9.2131,-0.6464,-0.2742,0.0594,0.4349
-0.7709,-9.2347,-0.6607,-0.1886,0.0178,0.2767
-1.0989,-9.1174,-0.3256,-0.05,-0.0291,0.0922
-0.9409,-8.8588,-0.1244,0.03,0.0276,0.047
-0.237,-8.2722,-1.6759,0.1448,0.0734,0.0696
0.0981,-7.9705,-2.6695,0.2615,0.1058,0.0873
-0.1532,-7.9298,-3.0071,0.2884,0.2432,0.0458
-0.4979,-8.1908,-2.0278,0.2205,0.3318,-0.0482
-1.6567,-8.6529,-2.2625,0.124,0.2261,-0.2229
-1.6089,-8.842,-2.2577,0.1308,0.0765,-0.3371
-0.9193,-8.8372,-2.3942,0.1173,0.1266,-0.3463
-0.5075,-8.5236,-2.3343,0.0886,0.2609,-0.3384
0.2729,-8.1932,-2.0973,0.0281,0.3061,-0.35
0.2178,-8.1334,-1.9776,-0.0402,0.2805,-0.3927
0.2202,-8.1717,-1.7166,-0.0738,0.2738,-0.474
-0.3902,-8.2052,-1.2832,-0.0756,0.2585,-0.5717
-0.8643,-8.1334,-1.0606,-0.0671,0.2573,-0.6743
-0.8643,-8.1334,-1.0606,0.0819,0.2383,-0.7531
-0.893,-7.9801,-1.6472,0.0819,0.2383,-0.7531
-0.5267,-7.7862,-1.7501,0.146,0.2475,-0.7764
-0.6488,-7.6282,-2.138,0.1411,0.2573,-0.7874
-0.6488,-7.6282,-2.138,0.1472,0.2506,-0.8173
-0.3567,-7.8101,-2.5929,0.1705,0.2805,-0.8045
-0.158,-8.1573,-2.3989,0.1625,0.3495,-0.7874
0.2825,-8.3632,-1.4915,0.132,0.3917,-0.7874
0.4189,-8.5715,-0.5315,0.1143,0.3031,-0.8045
0.7015,-9.0647,-0.2801,0.1821,0.2127,-0.8564
0.5219,-9.5196,-1.2066,0.3238,0.0746,-0.9089
0.5219,-10.281,-2.7341,0.4325,0.0007,-0.9694
0.8259,-10.6377,-3.1196,0.4441,0.0746,-0.9926
0.8427,-10.822,-2.2385,0.3372,0.3929,-1.0048
0.6919,-11.0782,-2.205,0.281,0.4723,-1.0604
0.4094,-11.5116,-1.2904,0.2963,0.4094,-1.105
0.383,-11.5451,-1.1228,0.3018,0.3123,-1.1313
0.2561,-11.6145,-0.9145,0.3378,0.1052,-1.1417
0.0957,-11.4828,-1.0582,0.3959,-0.0963,-1.1288
0.5003,-10.8364,-2.3104,0.4551,-0.2099,-1.0286
0.5003,-10.8364,-2.3104,0.3665,-0.0743,-0.8894
0.4572,-10.1636,-2.4732,0.3665,-0.0743,-0.8894
0.4333,-9.7111,-2.1619,0.2364,0.038,-0.8564
0.4836,-9.3616,-0.8068,0.1136,0.1198,-0.8234
0.4836,-9.3616,-0.8068,0.0074,0.1259,-0.7684
0.7134,-9.6202,0.1173,0.0122,0.0636,-0.7483
1.0558,-9.9266,0.7637,0.0898,-0.0554,-0.7403
1.2593,-10.2474,0.3734,0.2248,-0.2081,-0.7428
1.2761,-10.3983,0.0478,0.3794,-0.3278,-0.7507
1.4437,-10.5084,-0.0598,0.4887,-0.293,-0.7489
1.4484,-10.4869,-0.1436,0.559,-0.0077,-0.7067
1.4867,-10.4438,0.0694,0.5877,0.1302,-0.6713
1.5801,-10.415,0.1819,0.6176,0.1742,-0.6267
1.719,-10.2403,0.2322,0.664,0.1149,-0.5778
1.8171,-10.1038,-0.0885,0.7404,0.0056,-0.5546
1.9009,-10.0607,-0.735,0.821,-0.1214,-0.5473
1.9225,-10.0583,-0.7565,0.8937,-0.2075,-0.5516
2.0374,-10.1445,-1.0821,0.887,-0.1672,-0.5546
2.0183,-10.1541,-1.367,0.865,-0.1128,-0.5668
2.2744,-10.4797,-1.1156,0.8186,-0.067,-0.59
2.2744,-10.4797,-1.1156,0.6653,-0.0444,-0.6236
2.2553,-10.7646,-1.5275,0.6653,-0.0444,-0.6236
2.0566,-10.8532,-2.1835,0.6023,-0.0682,-0.6658
1.731,-10.8101,-2.0518,0.5241,-0.0157,-0.6811
1.7525,-10.8077,-1.9991,0.405,0.1064,-0.6591
2.0254,-10.901,-1.3838,0.281,0.2047,-0.6078
2.0853,-10.992,-0.8643,0.176,0.1718,-0.5809
1.8124,-10.7263,-0.2777,0.1027,0.052,-0.6053
1.4532,-10.2929,-0.5841,0.0538,-0.1525,-0.6414
1.1468,-9.8069,-0.723,0.0611,-0.1763,-0.6218
0.7565,-9.3927,0.3256,0.0324,0.0129,-0.5705
0.8714,-9.2682,0.067,0.0129,0.2322,-0.488
0.8355,-9.4142,-0.328,0.0611,0.3287,-0.4074
1.1444,-9.8284,-0.7038,0.0941,0.3709,-0.3481
1.7214,-10.3312,-0.4884,0.08,0.4228,-0.2376
2.308,-10.2091,-0.1221,0.0648,0.3746,-0.1869
2.3894,-10.1062,-0.0646,0.0788,0.2616,-0.1624
2.6839,-10.0439,-0.043,0.1039,0.1131,-0.1374
2.5187,-10.0008,0.2442,0.1259,-0.0511,-0.1319
1.3048,-9.4885,0.1292,0.1295,-0.1476,-0.1869
1.0247,-9.419,0.0718,0.1808,-0.144,-0.1881
0.62,-9.1174,-0.1508,0.2438,-0.0994,-0.1417
0.8762,-8.8229,-0.134,0.2633,-0.0688,-0.0238
1.2856,-8.629,-0.4884,0.2541,-0.0951,0.0965
1.2856,-8.629,-0.4884,0.2297,-0.1452,0.1832
1.9273,-8.6098,-0.2896,0.1613,-0.0963,0.3133
2.2936,-9.0001,-0.0837,0.1149,-0.0114,0.372
2.4301,-9.4238,-0.972,0.1149,0.0062,0.3927
2.5139,-9.6225,-0.6799,0.1393,-0.0114,0.3775
2.4971,-9.7494,-0.565,0.1106,-0.0083,0.3622
2.205,-9.6417,-0.4525,0.1051,-0.1715,0.3335
2.1571,-9.3448,-0.8283,0.099,-0.2704,0.342
2.1571,-9.3448,-0.8283,0.0257,-0.1745,0.4221
2.8562,-9.9697,-0.5195,0.0257,-0.1745,0.4221
3.0957,-10.6042,-0.5123,0.0012,-0.1586,0.4526
3.2297,-11.6169,-0.2106,-0.042,-0.122,0.4214
3.11,-11.6792,-0.0861,-0.1074,-0.081,0.3726
2.7078,-11.7031,0.1077,-0.1263,-0.0975,0.339
2.4588,-11.3655,0.3256,-0.1111,-0.1427,0.331
1.7645,-10.3049,0.7517,-0.0744,-0.2118,0.3426
1.7262,-10.2283,0.6703,-0.0096,-0.2936,0.3561
1.4484,-9.783,0.4429,0.0929,-0.4433,0.3707
1.3048,-9.5986,0.3615,0.1998,-0.5923,0.3903
1.1707,-9.7614,-0.2705,0.2377,-0.5991,0.4166
1.1707,-9.7614,-0.2705,0.2719,-0.5545,0.4324
1.2904,-10.1421,-0.5506,0.2829,-0.4751,0.4294
1.2282,-10.5204,-0.6057,0.2572,-0.3846,0.4434
0.9385,-10.743,-0.7158,0.2114,-0.3321,0.4495
0.9097,-10.8101,-0.8786,0.201,-0.3694,0.4764
0.881,-10.6808,-0.9672,0.1851,-0.4286,0.5314
0.9193,-10.2786,-1.0079,0.1417,-0.4915,0.5962
0.8164,-9.6345,-1.0103,0.0727,-0.5251,0.6481
0.7493,-9.3568,-0.8188,-0.0206,-0.5361,0.6798
0.7637,-8.787,-0.4285,-0.1746,-0.4537,0.7104
0.5602,-8.4087,-0.5243,-0.2296,-0.3388,0.7257
0.5171,-8.672,-0.6799,-0.2491,-0.213,0.7391
0.5674,-8.7989,-0.6799,-0.2613,-0.0823,0.7672
0.9696,-9.5699,-0.5075,-0.276,0.0184,0.8045
1.367,-10.4102,-0.2274,-0.2845,0.093,0.8362
1.6998,-12.3663,-0.3663,-0.2589,0.0447,0.8203
1.6998,-12.3663,-0.3663,-0.1611,-0.1281,0.7843
1.6998,-13.1684,-0.5434,-0.1611,-0.1281,0.7843
1.13,-13.0678,-0.9672,-0.1459,-0.2087,0.7684
0.6464,-11.5164,-1.1923,-0.1703,-0.3266,0.7648
0.644,-11.4206,-1.1516,-0.3132,-0.4903,0.8613
0.8523,-10.8699,-0.8954,-0.3957,-0.4628,0.9303
0.8762,-10.5539,-0.8954,-0.4171,-0.3431,0.97
0.4884,-10.0846,-1.2617,-0.4128,-0.2454,0.9553
0.2801,-9.8356,-1.561,-0.4391,-0.2393,0.9132
0.1436,-9.5411,-1.6831,-0.5185,-0.3181,0.89
0.0023,-9.4071,-1.6879,-0.7121,-0.4146,0.8869
-0.0861,-9.7686,-1.6687,-0.8166,-0.395,0.8991
-0.0861,-9.7686,-1.6687,-0.8649,-0.1782,0.9462
0.2753,-10.5754,-1.2952,-0.8649,-0.1782,0.9462
0.5243,-11.0662,-1.13,-0.8465,-0.0878,0.9474
0.5913,-10.7957,-1.0199,-0.8539,-0.1886,0.948
0.5386,-10.6856,-1.0797,-0.8948,-0.4378,0.9608
0.5219,-9.9697,-0.9385,-0.951,-0.6962,0.9883
0.5171,-9.0743,-0.7757,-0.9913,-0.8006,1.0366
0.407,-8.277,-1.0486,-0.9602,-0.7432,1.0818
0.3782,-8.2579,-1.0917,-0.8526,-0.6204,1.1007
0.3495,-8.3847,-1.4413,-0.6675,-0.4983,1.0433
0.4213,-8.8827,-1.4293,-0.5802,-0.4805,0.9407
-0.5099,-9.8811,-1.7334,-0.5032,-0.4799,0.7599
-0.5841,-9.9529,-1.7836,-0.4391,-0.527,0.5186
-0.9672,-10.2522,-1.8842,-0.4232,-0.7108,0.3457
-1.1037,-10.1349,-1.367,-0.5222,-0.9619,0.2926
-0.8523,-9.6992,-0.2274,-0.593,-0.8697,0.3378
-0.7015,-9.4238,0.1963,-0.5997,-0.6113,0.4068
-0.7015,-9.4238,0.1963,-0.4452,-0.3865,0.5827
-0.0622,-8.7175,-0.2849,-0.4452,-0.3865,0.5827
0.3423,-8.3297,-1.1803,-0.3413,-0.436,0.667
0.4429,-8.2435,-1.7334,-0.2351,-0.3877,0.6646
0.2968,-8.2195,-1.8818,-0.221,-0.257,0.6151
0.2466,-8.5452,-1.7717,-0.2442,-0.0322,0.5546
-0.0023,-9.4813,-2.0039,-0.2528,0.1253,0.4868
-0.2777,-9.6489,-1.8363,-0.257,0.1253,0.3561
-0.9409,-9.7375,-1.8315,-0.2906,0.0123,0.1789
-0.9265,-9.3592,-1.3886,-0.3212,-0.0627,0.0158
0.1843,-8.1932,-0.8331,-0.3413,0.0197,0.0641
0.2202,-8.1453,-0.8595,-0.3432,0.1479,0.1521
-0.0885,-7.8508,-0.6536,-0.3114,0.2848,0.1655
-0.6129,-7.937,-0.8954,-0.2754,0.3972,0.1001
-1.2737,-9.2826,-1.3407,-0.1563,0.3947,-0.0342
-1.2856,-9.3879,-1.3623,-0.0622,0.4253,-0.1001
-1.7238,-10.2163,-1.4317,-0.0023,0.5035,-0.1374
-1.9177,-10.5659,-1.3096,0.0495,0.5462,-0.1606
-1.7764,-10.518,-1.1971,0.0892,0.5261,-0.1514
-1.4987,-10.2211,-1.3263,0.1515,0.4656,-0.1313
-1.2713,-9.7111,-1.3503,0.2877,0.4192,-0.105
-0.8188,-9.1581,-1.4101,0.3543,0.4583,-0.1007
-0.225,-8.2507,-1.9249,0.3977,0.4069,-0.0897
-0.2226,-7.8413,-2.114,0.4221,0.3135,-0.0916
-0.0239,-7.1924,-2.3223,0.405,0.2567,-0.116
0.146,-6.7327,-2.4971,0.3244,0.3263,-0.1643
0.0598,-6.1486,-3.2441,0.2505,0.4216,-0.2321
0.1292,-6.1342,-3.2225,0.1686,0.5169,-0.3262
0.1747,-6.1653,-3.0238,0.0794,0.636,-0.4269
0.1412,-6.3664,-3.031,0.011,0.7026,-0.551
-0.1651,-7.1757,-1.9656,-0.0487,0.6568,-0.7116
-0.1891,-7.3193,-1.8555,-0.144,0.5175,-0.9376
-0.2513,-7.7958,-1.2976,-0.1764,0.4473,-1.0329
-0.2466,-8.3464,-0.8906,-0.1648,0.4338,-1.0702
-0.237,-9.6537,-0.7158,-0.1251,0.4747,-1.0671
-0.2298,-9.7614,-0.6991,-0.0561,0.5212,-1.0427
-0.1436,-10.6975,-0.5985,0.0287,0.5749,-1.0195
-0.0742,-11.66,-0.3591,0.2212,0.7038,-1.0348
-0.3758,-12.7613,-0.6512,0.3757,0.6782,-1.0928
-0.5291,-13.2354,-0.7206,0.5358,0.5297,-1.1777
-0.6368,-13.7142,-0.9433,0.6891,0.3831,-1.2321
-0.553,-13.6089,-1.4197,0.8326,0.2176,-1.2125
-0.3064,-12.1724,-1.379,0.964,-0.009,-1.0952
-0.1316,-11.3775,-1.2569,0.978,-0.0975,-1.0012
-0.0071,-10.0798,-1.3287,0.9713,-0.1647,-0.9309
-0.0861,-9.0096,-1.7046,0.9689,-0.2014,-0.8845
-0.0861,-9.0096,-1.7046,0.8956,-0.2069,-0.7837
0.134,-7.87,-2.545,0.8956,-0.2069,-0.7837
0.5817,-7.8173,-2.1978,0.777,-0.1012,-0.6725
0.8403,-8.1429,-2.0542,0.6976,0.0178,-0.6236
1.1563,-9.2107,-2.1164,0.6488,0.0752,-0.6108
1.154,-9.4238,-2.0709,0.5944,0.0795,-0.6267
1.4149,-10.19,-1.9345,0.5187,0.0233,-0.6627
1.5682,-10.6473,-1.786,0.3751,-0.1256,-0.7122
1.4556,-10.858,-0.9624,0.2767,-0.2631,-0.7666
1.4269,-10.8484,-0.9074,0.1912,-0.3853,-0.8429
1.0438,-10.5491,-0.7493,0.1454,-0.4549,-0.923
0.7038,-9.9625,-0.5985,0.124,-0.4243,-0.9883
0.6464,-9.2682,-0.383,0.11,-0.3248,-1.0097
0.6177,-9.1341,-0.2489,0.0843,-0.1727,-0.9309
0.7637,-9.4238,0.0071,0.0654,-0.0273,-0.8802
0.8882,-10.0152,0.2202,0.066,0.1327,-0.8289
1.1587,-11.4996,0.2082,0.1149,0.278,-0.8026
1.2521,-12.2322,0.2561,0.2047,0.333,-0.7727
1.5538,-12.8356,0.1651,0.3042,0.2878,-0.7409
1.877,-12.8116,-0.0766,0.4539,-0.0163,-0.6426
2.2529,-11.5188,-0.5482,0.5156,-0.2942,-0.576
2.1883,-11.3344,-0.5961,0.5266,-0.4903,-0.5351
1.9991,-10.6353,-0.8307,0.5113,-0.5025,-0.5235
1.7381,-10.1517,-0.8355,0.4747,-0.3193,-0.5155
1.6472,-9.9529,-0.9289,0.4075,0.0264,-0.5045
1.6089,-9.9721,-0.9528,0.3684,0.1345,-0.5131
1.1851,-9.8691,-0.814,0.3201,0.1327,-0.5467
0.9816,-9.7662,-0.632,0.2816,0.0679,-0.5711
0.5003,-9.2802,-1.0007,0.2566,-0.0114,-0.5681
0.4932,-9.2802,-0.9361,0.2432,-0.0652,-0.5516
0.6488,-8.8516,-0.3543,0.1796,0.0752,-0.4667
0.8547,-8.7175,-0.2346,0.1686,0.1913,-0.3744
1.0127,-8.5954,-0.2274,0.1888,0.2426,-0.3066
1.1707,-8.6768,-0.055,0.2077,0.2438,-0.2492
1.4772,-8.6864,-0.577,0.2163,0.1931,-0.1936
1.7094,-8.7989,-1.1348,0.2205,0.0606,-0.1221
2.0135,-8.9857,-1.6615,0.1558,0.0881,-0.0928
2.363,-9.3831,-1.4173,0.0501,0.1956,-0.0739
2.6647,-9.941,-0.6607,-0.0848,0.3159,-0.0568
3.0071,-10.609,-0.043,-0.1935,0.3746,-0.0574
3.1699,-11.1692,0.3399,-0.2308,0.2872,-0.0696
3.0957,-11.1429,0.292,-0.1666,0.0532,-0.1197
2.6312,-10.8819,0.5243,-0.1007,-0.1299,-0.1264
2.0254,-10.4174,0.5674,-0.0542,-0.2289,-0.1148
1.5346,-9.6082,0.146,-0.006,-0.2942,-0.091
1.5562,-9.5866,-0.0095,0.0403,-0.3272,-0.0433
1.3958,-9.3879,-0.1987,0.0972,-0.2936,0.0067
1.6519,-9.4765,-0.0143,0.154,-0.1708,0.072
2.1068,-9.7016,-1.7597,0.2047,-0.2038,0.1221
2.1068,-9.692,-1.7597,0.2529,-0.3193,0.1478
2.4253,-9.5244,-1.6112,0.2205,-0.3517,0.1545
3.0669,-9.3257,-1.4365,0.1259,-0.3315,0.1905
3.292,-9.3951,-0.3734,0.008,-0.3468,0.2406
3.4955,-9.4597,0.2298,-0.0713,-0.3688,0.229
3.632,-9.5364,0.6967,-0.1013,-0.4549,0.1991
3.4715,-9.3376,0.7733,-0.0933,-0.5264,0.1166
2.8107,-8.9474,0.1628,-0.0665,-0.5459,0.0183
2.5522,-8.8181,-0.2106,-0.0255,-0.472,-0.0415
2.466,-8.6864,-0.3926,0.022,-0.213,-0.0403
2.533,-8.8085,-0.62,0.0086,-0.0774,0.0122
2.9783,-9.4406,-1.1563,-0.0066,-0.0316,0.0629
2.9783,-9.4406,-1.1563,-0.0787,-0.0377,0.1056
3.1076,-10.2546,-0.3447,-0.0787,-0.0377,0.1056
3.2992,-10.8795,0.0359,-0.1605,-0.103,0.1117
2.5019,-10.7766,0.5913,-0.1587,-0.238,0.0897
2.3894,-10.6185,0.5554,-0.1477,-0.3474,0.0568
2.0111,-9.9553,0.3854,-0.1147,-0.3736,0.0623
1.537,-9.3688,0.1819,-0.0652,-0.3181,0.1111
1.5753,-8.921,-0.1963,-0.0194,-0.2136,0.1777
1.5897,-8.9234,-0.213,0.0226,-0.0627,0.3084
1.7669,-9.1246,-0.1939,0.0275,0.0154,0.3677
1.798,-9.443,0.0119,0.0098,0.0563,0.3995
1.731,-9.7039,0.1987,-0.0005,0.0441,0.4019
1.5322,-9.7039,0.1197,0.0061,-0.0145,0.383
1.2641,-9.6441,-0.1149,0.0257,-0.0975,0.3652
1.2689,-9.5771,-0.3399,0.0568,-0.1391,0.3885
1.3215,-9.4071,-0.0933,0.0568,-0.0566,0.4306
1.4748,-9.3568,-0.0526,0.0465,0.082,0.4648
1.5227,-9.3281,-0.2394,0.0489,0.173,0.4972
1.6783,-9.4262,-0.2346,0.0568,0.1834,0.5186
1.7429,-9.7758,-0.3974,0.0293,0.0942,0.5534
1.7525,-9.8428,-0.4189,0.0043,0.0209,0.5729
1.8004,-10.111,-0.4333,-0.0176,0.0233,0.5888
2.0997,-10.6497,-0.462,-0.0457,0.1272,0.5968
1.628,-11.5044,-0.8738,-0.0689,0.2768,0.5791
1.5298,-11.5954,-0.8427,-0.0927,0.3715,0.5149
1.3599,-11.6935,-0.5961,-0.1526,0.3691,0.4245
0.9888,-11.2602,-0.5841,-0.1831,0.2823,0.4013
0.6033,-10.4007,-0.7565,-0.2002,0.1229,0.3903
0.5913,-10.3432,-0.7685,-0.2283,-0.0218,0.4019
0.5267,-9.9194,-0.5985,-0.2742,-0.092,0.4184
0.5171,-9.7159,-0.292,-0.3621,-0.0114,0.4392
0.5961,-9.7566,0.1292,-0.403,0.1204,0.4569
0.5841,-9.9553,0.134,-0.411,0.2579,0.474
0.5267,-10.1876,0.1771,-0.3896,0.3196,0.4831
0.4692,-10.3193,-0.1699,-0.3603,0.2664,0.499
0.5219,-10.3001,-0.1436,-0.3151,0.1534,0.5161
0.6512,-10.2786,0.0335,-0.2827,0.0331,0.543
0.7613,-10.1588,-0.0909,-0.2442,0.019,0.5595
0.723,-10.0966,-0.3567,-0.1929,0.0074,0.5723
0.2274,-9.8141,-1.2713,-0.1691,-0.0206,0.5907
0.2274,-9.7399,-1.2904,-0.1807,-0.056,0.6175
0.2059,-9.601,-1.2665,-0.2461,-0.0652,0.6542
0.146,-9.3975,-1.3096,-0.3523,-0.0267,0.675
0.0263,-9.4645,-1.2785,-0.4104,0.0038,0.6664
0.0215,-9.51,-1.2737,-0.4586,0.0368,0.6615
0.158,-9.7973,-1.3192,-0.4928,0.0765,0.6774
0.3519,-9.9889,-1.4149,-0.5197,0.1119,0.711
0.6224,-10.7311,-1.2306,-0.5875,0.1369,0.7281
0.6416,-10.7311,-1.221,-0.6407,0.0838,0.7275
0.7781,-11.332,-1.2282,-0.659,0.0038,0.7269
0.7781,-11.332,-1.2282,-0.6168,-0.0658,0.664
0.4501,-12.1484,-1.3599,-0.6168,-0.0658,0.664
0.1388,-12.1317,-1.1779,-0.6083,-0.0688,0.6212
-0.2442,-11.8324,-1.1731,-0.6278,-0.1629,0.576
-0.5865,-11.265,-0.9457,-0.6303,-0.2747,0.5809
-0.9935,-10.5132,-0.5793,-0.6217,-0.3791,0.6065
-1.1803,-10.3049,-0.6679,-0.5778,-0.4586,0.6566
-1.2665,-10.099,-0.711,-0.5093,-0.508,0.736
-0.9744,-9.8715,-0.5458,-0.4281,-0.4854,0.9089
-0.7637,-9.8452,-0.4788,-0.3908,-0.4848,0.992
-0.723,-9.8835,-0.4213,-0.3255,-0.5141,1.0512
-0.3782,-10.1229,-0.4812,-0.2149,-0.5007,1.1093
-0.2489,-10.2522,-0.7972,-0.0255,-0.392,1.1423
-0.0526,-9.34,-1.7381,0.1912,-0.2399,1.1362
-0.0359,-9.103,-1.6687,0.3623,-0.114,1.0922
-0.1699,-8.2866,-2.0111,0.2945,-0.1788,1.0433
-0.3351,-7.7694,-2.3008,0.1924,-0.395,1.0164
-0.1675,-7.8125,-2.9161,0.0764,-0.5936,1.0152
-0.2059,-7.858,-2.8945,-0.028,-0.6803,1.0268
0.1244,-8.0855,-2.1619,-0.1917,-0.3999,0.9651
0.2178,-8.4278,-1.0606,-0.2906,-0.0878,0.8827
-0.292,-9.1246,-0.7589,-0.3126,0.1418,0.6994
-0.6512,-9.5866,-0.5698,-0.2625,0.1492,0.4972
-0.6512,-9.5866,-0.5698,-0.0884,-0.1989,0.3005
-1.0534,-9.3999,-0.7254,-0.0884,-0.1989,0.3005
-1.0534,-9.3999,-0.7254,0.0367,-0.1769,0.3909
0.2513,-8.0831,-0.0263,0.0367,-0.1769,0.3909
0.3088,-7.6401,0.0047,0.08,0.0129,0.353
-0.1388,-7.2595,-1.0941,0.1827,0.1094,0.2614
0.1795,-6.977,-3.4045,0.2713,0.1351,0.1453
0.2992,-6.941,-3.4859,0.2798,0.2115,0.0525
0.0909,-6.7184,-4.0222,0.1387,0.4283,-0.039
0.2585,-6.8022,-2.6743,-0.0213,0.5346,-0.1386
0.5315,-6.965,-1.8579,-0.1422,0.5419,-0.2058
0.383,-6.9985,-1.7214,-0.1379,0.41,-0.364
-0.158,-7.1374,-1.0319,-0.1263,0.1699,-0.59
-0.3998,-7.3385,-0.4716,-0.177,-0.0126,-0.7935
-0.7661,-8.0591,0.292,-0.188,0.1027,-0.8729
-0.7805,-8.1046,0.2849,-0.1275,0.3575,-0.9285
-0.9888,-8.4661,-0.6847,-0.006,0.6006,-0.97
-1.0247,-8.8492,-1.3886,0.1234,0.7111,-1.017
-0.6009,-9.1269,-2.2577,0.2028,0.6971,-1.0476
-0.2585,-9.2802,-2.2266,0.2377,0.6531,-1.0702
-0.0478,-9.5747,-1.5203,0.2016,0.5511,-1.1136
-0.0143,-10.0296,-1.2832,0.2034,0.4155,-1.1539
0.0622,-10.6568,-0.8068,0.2297,0.242,-1.1881
-0.0335,-10.8556,-0.6703,0.2432,0.1162,-1.2345
-0.2011,-11.2961,-0.4596,0.2645,0.0667,-1.2883
-0.237,-11.5427,-0.4932,0.3171,0.2145,-1.2712
0.2801,-11.4972,-0.1699,0.4289,0.4137,-1.1966
0.3303,-11.4445,-0.1436,0.57,0.5676,-1.1123
0.6368,-11.2123,-0.486,0.738,0.578,-1.0555
0.7086,-10.7071,-0.9289,0.8937,0.4387,-1.036
0.4548,-9.7518,-2.0015,0.9994,0.0288,-1.1056
0.4285,-9.6106,-2.1883,0.9799,-0.2362,-1.1649
0.2322,-8.9689,-2.6072,0.8974,-0.3651,-1.2021
0.0814,-8.5068,-2.8395,0.7453,-0.373,-1.2089
0.5339,-8.5787,-1.4293,0.5455,-0.2429,-1.1661
0.5339,-8.5787,-1.4293,0.3305,0.0361,-1.0861
0.6799,-9.2802,-0.8499,0.1124,0.4912,-0.9926
0.9624,-10.2666,-0.4908,0.0849,0.7215,-0.9712
1.2832,-11.6337,-0.6464,0.1601,0.8516,-0.9755
1.446,-12.3471,-0.7589,0.2884,0.8138,-1.0109
1.5538,-12.7757,-0.237,0.3928,0.5933,-1.0622
1.4269,-12.4693,0.1651,0.4686,0.0612,-1.0696
1.865,-11.7486,0.0694,0.5113,-0.3193,-0.9896
1.956,-11.593,-0.0742,0.5492,-0.5172,-0.8674
2.2864,-11.5642,-0.4141,0.5632,-0.4457,-0.7794
2.2649,-11.8372,-0.4381,0.5492,-0.1837,-0.7232
2.0326,-12.4788,-0.6584,0.5296,0.1107,-0.7104
1.9177,-12.4166,-0.8212,0.5345,0.2744,-0.736
1.3479,-11.8396,-1.2162,0.551,0.1333,-0.7721
0.9313,-10.8747,-1.4269,0.5516,-0.1342,-0.7971
0.213,-9.0982,-1.549,0.5125,-0.3804,-0.7965
0.213,-9.0982,-1.549,0.3366,-0.3871,-0.7709
-0.2561,-8.2531,-1.1899,0.3366,-0.3871,-0.7709
-0.4094,-7.8891,-0.9217,0.2835,-0.2197,-0.7373
-0.2274,-8.3345,-1.367,0.2633,-0.1226,-0.6762
-0.2274,-8.3345,-1.367,0.2755,-0.0566,-0.6126
-0.2274,-8.3345,-1.367,0.2847,0.0917,-0.4831
0.2705,-10.0296,-1.6663,0.2847,0.0917,-0.4831
0.8068,-10.3791,-1.6184,0.19,0.0172,-0.3536
1.1276,-10.2474,-1.3215,0.0984,-0.1446,-0.2608
1.7645,-10.0008,-1.0797,-0.0206,-0.3034,-0.1704
2.1188,-9.8069,-0.5003,-0.1349,-0.3901,-0.094
2.4779,-9.7949,0.4213,-0.2442,-0.3199,-0.0641
2.5641,-9.9194,0.6296,-0.3096,-0.1513,-0.0507
2.8874,-10.336,1.2282,-0.257,0.0911,-0.0678
2.7988,-10.9441,0.9935,-0.1569,0.1455,-0.0879
1.9895,-11.6337,-0.7661,-0.0164,0.038,-0.1325
1.9847,-11.6863,-0.8355,0.1039,-0.0963,-0.1484
1.7405,-11.5283,-0.4429,0.1454,-0.1415,-0.105
1.4844,-11.0232,-0.474,0.132,-0.1776,-0.014
1.3575,-10.0703,-0.4165,0.1589,-0.1898,0.0568
1.3982,-9.9697,-0.3758,0.1705,-0.2032,0.1307
1.4053,-9.4693,-0.1077,0.1668,-0.2344,0.1924
1.2569,-9.0647,-0.3184,0.1613,-0.2509,0.2205
1.3814,-8.7582,-0.8403,0.1747,-0.2759,0.2339
1.3862,-8.7535,-0.8667,0.2028,-0.235,0.262
1.5849,-8.672,-0.79,0.2144,-0.1702,0.27
1.4867,-8.708,-0.8786,0.1808,-0.1256,0.2797
1.6519,-8.7199,-0.6488,0.1485,-0.144,0.2767
1.695,-8.6601,-0.5746,0.1167,-0.1611,0.2748
1.6711,-8.6529,-0.4022,0.0886,-0.1598,0.2577
2.2792,-8.9354,-0.5051,0.0752,-0.0823,0.2736
2.5234,-9.3161,-0.9121,0.08,-0.0175,0.2767
2.6431,-9.51,-0.5027,0.0373,0.1088,0.2345
2.8012,-10.0128,-0.6823,-0.0359,0.1773,0.2095
2.5474,-10.1756,-0.7134,-0.053,0.0807,0.1759
2.2002,-10.2762,-0.0239,-0.0878,-0.02,0.113
2.0231,-10.2738,-0.0071,-0.0946,-0.0633,0.1069
1.7357,-10.3001,-0.0119,-0.061,-0.1299,0.0849
1.5203,-10.336,0.3136,-0.0359,-0.1653,0.0897
0.9337,-10.6712,-0.055,-0.0151,-0.1592,0.0977
0.8259,-10.7406,-0.0861,0.0287,-0.1598,0.1007
0.407,-11.0471,-0.1125,0.0868,-0.1739,0.1209
0.1795,-10.913,-0.1364,0.1265,-0.1543,0.1753
0.2298,-10.3384,-0.3615,0.1625,-0.1415,0.2541
0.2298,-10.3384,-0.3615,0.2016,-0.191,0.4563
0.2729,-9.9482,-0.8379,0.2016,-0.191,0.4563
0.6871,-9.6824,-0.7661,0.1888,-0.2576,0.6414
1.4508,-9.3448,-0.5506,0.1381,-0.2637,0.7556
1.6112,-9.182,-0.474,0.1045,-0.224,0.8087
1.7357,-9.2131,-0.7422,0.0776,-0.1653,0.8026
1.6256,-9.4166,-1.0438,0.0434,-0.1256,0.7819
1.8626,-9.7423,-0.6536,-0.0145,-0.1055,0.7495
1.968,-9.8739,-0.1843,-0.1196,-0.0334,0.6921
2.1859,-9.929,0.2681,-0.133,-0.0047,0.6352
1.8579,-10.0296,-0.0239,-0.0927,-0.0713,0.5681
1.5705,-10.3193,-0.4548,-0.0549,-0.2411,0.5039
1.5705,-10.3193,-0.4548,-0.1569,-0.384,0.4257
1.1061,-9.9434,-0.292,-0.1569,-0.384,0.4257
0.6248,-9.5579,-0.1915,-0.1776,-0.315,0.3677
0.3926,-8.9498,-0.1005,-0.166,-0.227,0.3524
0.3399,-8.9187,-0.1795,-0.1312,-0.1806,0.3915
0.2322,-8.8971,-0.5051,-0.0964,-0.1898,0.4343
0.2992,-9.3161,-0.9193,-0.0952,-0.1983,0.4917
0.711,-10.4031,-1.0917,-0.1483,-0.249,0.5955
0.711,-10.4031,-1.0917,-0.1917,-0.2429,0.6206
0.5267,-11.1357,-1.5514,-0.218,-0.1886,0.609
0.395,-11.6289,-1.8579,-0.2632,-0.1214,0.6145
0.5722,-11.5666,-1.3455,-0.3597,-0.0847,0.6322
0.5937,-11.2267,-0.9528,-0.4892,-0.0835,0.6475
0.4812,-10.858,-0.8379,-0.5894,-0.1079,0.6346
-0.1292,-10.4078,-1.2689,-0.6113,-0.1458,0.62
-0.1747,-9.7447,-1.3072,-0.6535,-0.1965,0.6212
0.1747,-9.5603,-0.9911,-0.7305,-0.2307,0.6713
0.5171,-9.5387,-0.9169,-0.7873,-0.1934,0.7318
0.5913,-9.8332,-0.9528,-0.7995,-0.1886,0.7422
0.9193,-11.6337,-1.367,-0.8239,-0.2118,0.7238
0.9528,-11.9713,-1.4987,-0.827,-0.1446,0.6969
0.9026,-12.6775,-1.0678,-0.838,-0.0273,0.6407
1.118,-12.4932,-0.4261,-0.8899,-0.0297,0.5503
0.632,-10.6018,0.3447,-0.9131,-0.1177,0.4905
0.632,-10.6018,0.3447,-0.8374,-0.5435,0.507
0.2154,-9.5435,-0.2729,-0.8374,-0.5435,0.507
-0.0167,-8.8516,-0.4979,-0.7641,-0.53,0.5797
-0.1125,-8.277,-0.6248,-0.7018,-0.4378,0.6542
-0.0814,-8.3033,-0.6727,-0.6248,-0.2802,0.725
-0.1651,-8.8516,-0.7972,-0.4794,-0.0096,0.7452
-0.4812,-9.9242,-0.9624,-0.3982,0.0838,0.645
-1.4413,-11.3703,-1.786,-0.3352,0.0404,0.5174
-2.0614,-12.0383,-2.3535,-0.2845,-0.1317,0.4147
-2.0566,-12.3232,-2.7126,-0.276,-0.3388,0.4184
-1.3455,-11.8587,-2.5785,-0.3261,-0.4903,0.5656
-0.2154,-10.4198,-0.9864,-0.4629,-0.6443,0.868
0.2202,-9.9362,-0.3902,-0.524,-0.5313,0.9767
0.2394,-9.0336,0.0239,-0.5154,-0.3804,1.0164
-0.0263,-8.4542,0.3351,-0.4519,-0.3914,0.9944
-0.553,-8.0424,-0.9576,-0.3358,-0.4763,0.9737
-0.7924,-7.961,-1.1587,-0.1825,-0.4561,0.9608
-0.6536,-7.8796,-1.7166,-0.0115,-0.2118,0.9205
-0.9361,-8.0448,-2.2313,0.0422,-0.122,0.9034
-0.1963,-8.3009,-2.4205,0.0538,-0.1256,0.8362
-0.1963,-8.3105,-2.375,0.0495,-0.1385,0.7794
0.1771,-8.3584,-2.1475,0.0232,-0.1947,0.6939
0.5195,-8.1022,-1.6543,-0.0634,-0.3321,0.521
0.5051,-7.3816,-1.1707,-0.1178,-0.3749,0.4367
0.5195,-7.3433,-1.2378,-0.152,-0.2961,0.364
0.4525,-7.0272,-1.9321,-0.1514,-0.0676,0.3304
-0.0981,-6.704,-1.5251,-0.1544,0.0899,0.2455
0.3734,-6.7112,-0.5817,-0.1923,0.132,0.1392
0.0047,-7.0919,-0.3734,-0.1117,0.1974,0.0354
0.2322,-7.9729,-1.4532,0.0147,0.1742,-0.1062
-0.1867,-8.3752,-2.0398,0.1253,0.1516,-0.2046
0.0287,-8.8851,-2.7102,0.1509,0.3935,-0.3011
-0.1484,-8.8612,-2.5665,0.135,0.5841,-0.361
-0.7829,-8.9426,-2.3487,0.0599,0.4876,-0.5589
-0.4692,-9.0599,-1.6136,0.0342,0.4216,-0.6566
-0.9576,-8.7942,-1.1468,0.0391,0.3556,-0.7043
-0.9504,-8.7487,-1.2425,0.0862,0.2903,-0.7538
0.0359,-8.5356,-1.4413,0.1442,0.3746,-0.758
0.3591,-8.1693,-1.7812,0.1698,0.5138,-0.7122
0.5602,-7.8987,-2.4444,0.1589,0.5871,-0.7696
0.6224,-7.9298,-2.4133,0.1271,0.6195,-0.8313
0.5003,-8.1381,-2.0398,0.088,0.6495,-0.904
-0.055,-8.5883,-0.984,0.0941,0.6995,-1.0097
-0.2609,-10.0152,-1.2808,0.1698,0.749,-1.1368
-0.2609,-10.0152,-1.2808,0.3183,0.7032,-1.2296
-0.0407,-10.609,-1.8435,0.529,0.5071,-1.2736
0.5817,-10.7646,-1.5897,0.551,0.4344,-1.2736
0.3399,-10.2498,-1.1133,0.5443,0.4405,-1.2394
0.2705,-9.9506,-0.9648,0.5358,0.3562,-1.2162
0.1771,-9.9793,-1.1683,0.5535,0.2658,-1.171
0.2298,-10.4318,-1.0199,0.6048,0.3856,-1.1258
0.2513,-11.6576,-0.9696,0.6439,0.5438,-1.1264
0.0407,-12.0527,-0.5363,0.7092,0.6122,-1.149
-0.158,-12.4309,-0.5434,0.7948,0.5939,-1.1753
-0.1221,-12.1819,-0.8882,0.9206,0.4039,-1.1679
-0.5291,-9.6609,-1.7238,1.0299,0.0936,-1.1276
-0.6512,-9.3065,-1.9057,1.0672,-0.3651,-1.0671
-0.6081,-8.0567,-2.2888,1.0171,-0.5013,-1.0103
-0.3854,-7.4773,-2.1308,0.9041,-0.3969,-0.9016
0.3375,-8.0567,-1.8986,0.785,-0.1006,-0.8032
0.4668,-8.3225,-2.0159,0.7129,0.2335,-0.736
0.8595,-9.8093,-2.703,0.6628,0.5499,-0.6872
1.4413,-11.2123,-2.8514,0.6042,0.5975,-0.6939
2.1643,-13.3814,-1.0223,0.4912,0.5016,-0.6866
2.1595,-13.4197,-0.9648,0.3891,0.2432,-0.7031
2.217,-13.0032,-1.0007,0.369,-0.1372,-0.7269
2.1619,-12.17,-0.5027,0.3501,-0.5068,-0.7489
2.1332,-11.2434,0.3399,0.2658,-0.6345,-0.7806
2.0566,-10.755,0.3232,0.256,-0.3883,-0.788
1.9009,-10.3193,-0.0239,0.3256,-0.0444,-0.7794
1.7956,-10.4557,0.1388,0.3995,0.2499,-0.769
2.0685,-11.016,0.8212,0.4405,0.3886,-0.7556
2.0614,-11.3871,0.3926,0.4808,0.3379,-0.7403
1.6903,-11.7965,-0.5171,0.6286,0.0117,-0.7727
1.6903,-11.7965,-0.5171,0.7899,-0.2154,-0.8179
-0.146,-9.5962,-2.4492,0.7899,-0.2154,-0.8179
-0.2274,-9.2179,-2.4564,0.8143,-0.2423,-0.7666
-0.5267,-7.6378,-2.4756,0.785,-0.2466,-0.6737
-0.474,-6.4718,-2.7269,0.6915,-0.337,-0.4966
-0.474,-6.4718,-2.7269,0.3488,-0.4152,-0.2944
0.3064,-5.7032,-2.5977,0.3488,-0.4152,-0.2944
0.644,-6.4454,-2.2218,0.0953,-0.4561,-0.2602
1.0223,-8.1405,-1.6112,-0.1648,-0.3785,-0.2877
2.0135,-12.3567,1.7334,-0.3975,-0.1238,-0.2968
2.0997,-12.4836,1.8076,-0.5692,0.4943,-0.1808
2.5665,-12.8715,1.8004,-0.4617,0.6672,-0.0653
2.9879,-12.5507,1.8267,-0.276,0.5041,0.0268
3.2202,-11.0686,1.3646,-0.0909,0.143,0.1069
3.1555,-10.1684,0.3471,0.1045,-0.235,0.1472
3.055,-9.7447,-0.4548,0.3311,-0.3987,0.1484
2.8778,-9.7854,-1.1109,0.3922,-0.2661,0.1441
2.1308,-10.0798,-2.5474,0.4056,-0.1666,0.1032
1.9704,-10.2331,-2.1571,0.3708,-0.1983,0.0549
1.7477,-10.2403,-1.5035,0.2755,-0.246,0.0561
1.549,-10.0056,-1.4197,0.1747,-0.3785,0.0586
1.7118,-9.7135,0.6751,0.102,-0.5765,0.1221
1.731,-9.7279,0.7422,0.0465,-0.5826,0.193
2.1068,-9.7447,0.6368,0.0678,-0.6137,0.237
2.0757,-9.6728,0.5985,0.1234,-0.5526,0.2632
1.7238,-9.5411,-0.0502,0.1686,-0.403,0.2547
1.7238,-9.5411,-0.0502,0.3165,-0.3132,0.2199
1.4437,-9.1557,-0.5171,0.3165,-0.3132,0.2199
1.1947,-8.7463,-0.9433,0.3079,-0.359,0.2302
0.5865,-9.0479,-1.7429,0.2761,-0.4054,0.2712
0.5865,-9.0479,-1.7429,0.2132,-0.3938,0.3469
1.0558,-9.8308,-1.1827,0.1033,-0.2942,0.4764
1.1611,-10.7095,-0.8379,-0.0329,-0.2026,0.6175
1.3048,-11.4469,-0.5746,-0.0701,-0.2484,0.6511
1.3862,-11.9737,-0.3112,-0.0964,-0.3364,0.6884
1.2976,-12.146,0.1412,-0.1141,-0.4726,0.7238
0.9911,-11.8348,0.1819,-0.1245,-0.6143,0.7513
0.7876,-10.6592,0.5195,-0.1208,-0.6937,0.7904
0.8068,-10.166,0.4932,-0.0573,-0.6485,0.9132
0.7685,-9.6154,0.0119,0.0434,-0.5746,1.0085
0.6248,-9.4502,-0.6967,0.1411,-0.5294,1.0928
1.1516,-9.6106,-0.8906,0.187,-0.4812,1.1569
1.1994,-9.6752,-0.8259,0.1656,-0.4054,1.204
1.2952,-9.917,-0.7469,0.0684,-0.3932,1.1954
1.4053,-10.3049,-0.9816,0.0135,-0.3871,1.1588
1.5777,-10.7574,-1.0989,-0.0341,-0.3804,1.1343
1.6472,-10.7813,-1.0223,-0.1111,-0.3529,1.1246
1.6472,-10.8795,-0.9792,-0.2167,-0.2863,1.1325
1.5107,-10.834,-0.8164,-0.301,-0.2692,1.1105
1.0462,-10.7766,-1.1803,-0.389,-0.257,1.061
1.0462,-10.7766,-1.1803,-0.4647,-0.1397,1.0231
1.312,-10.6449,-1.1324,-0.4647,-0.1397,1.0231
1.1635,-10.5323,-1.3024,-0.5118,-0.1024,1.0005
0.6871,-10.4892,-1.8435,-0.5594,-0.1617,0.9395
0.5219,-10.4366,-2.0518,-0.5955,-0.1977,0.8692
0.3878,-10.3743,-1.9297,-0.6749,-0.114,0.7574
0.2154,-10.0607,-1.4293,-0.7341,-0.0175,0.689
-0.0215,-9.8452,-1.2713,-0.7812,-0.0138,0.6053
0.0383,-9.7135,-1.1468,-0.8221,-0.1305,0.5473
-0.2226,-9.68,-1.4796,-0.8636,-0.2948,0.5229
-0.383,-9.917,-1.8986,-0.9314,-0.5264,0.5174
-0.1221,-10.5898,-1.4437,-1.0078,-0.5215,0.5552
0.0095,-10.6832,-1.2713,-1.0848,-0.359,0.5955
0.1675,-11.0567,-0.4692,-1.1355,-0.1568,0.6352
-0.2322,-11.423,-0.6033,-1.1263,-0.0456,0.6414
-0.3208,-11.739,-0.7924,-1.0793,-0.0621,0.6554
-0.304,-11.6744,-0.7062,-1.0835,-0.1794,0.791
-0.3136,-11.2147,-0.3064,-1.0964,-0.2649,0.8955
-0.1628,-10.5778,0.2154,-1.0347,-0.3474,0.9456
-0.1628,-10.5778,0.2154,-0.634,-0.326,0.9749
-0.1987,-9.7901,0.1364,-0.3847,-0.3639,0.8869
-0.5602,-9.6561,-0.3806,-0.3847,-0.3639,0.8869
-0.7398,-9.68,-0.7541,-0.2937,-0.3895,0.8185
-1.1516,-9.2419,-1.3718,-0.265,-0.3462,0.7727
-1.2593,-8.7367,-1.4532,-0.2668,-0.268,0.769
-0.5195,-8.4374,-0.6081,-0.2925,-0.1214,0.8167
-0.4429,-8.1932,-0.7493,-0.3163,-0.0236,0.8833
