correr
-11.1486,7.5743,4.1656,-0.7191,1.0131,1.3238
-9.9939,7.1122,5.1526,-0.3878,-0.0456,1.0798
-7.6177,8.3698,3.6314,-0.3878,-0.0456,1.0798
-6.7911,8.8322,2.7667,-0.1418,-0.95,0.8178
-6.063,8.9375,1.9545,0.0276,-1.62,0.6718
-6.063,8.9375,1.9545,0.1991,-2.1336,0.7145
-5.4258,8.746,1.0229,0.18,-2.0152,0.822
-4.7189,8.5158,0.134,0.0916,-1.7031,0.9243
-3.9908,8.183,-0.3354,-0.0256,-1.2696,0.9893
-3.2148,7.7159,-0.4958,-0.1237,-0.8328,1.0063
-2.5632,7.0811,-0.3857,-0.1822,-0.46,0.9914
-2.1296,5.5671,0.2561,-0.1822,-0.46,0.9914
-2.1296,5.5671,0.2561,-0.1471,-0.0637,0.936
-2.2732,4.4532,0.4528,-0.1471,-0.0637,0.936
-2.4768,4.355,0.5916,-0.0736,-0.0541,0.9051
-2.4768,4.355,0.5916,0.1182,-0.1607,0.772
-2.9607,4.5968,-0.1268,0.1182,-0.1607,0.772
-3.2387,4.7767,-0.4073,0.1661,-0.2746,0.6537
-3.3177,5.0784,-0.3211,0.1395,-0.4046,0.5185
-3.1142,5.4354,-0.1268,0.0756,-0.525,0.3629
-2.8889,5.7035,0.1197,0.0138,-0.6581,0.185
-2.8458,5.9169,0.4767,-0.032,-0.7998,0.0071
-2.8458,5.9169,0.4767,-0.0288,-1.0022,-0.2388
-2.9104,6.6283,0.7736,-0.0288,-1.0022,-0.2388
-2.9104,6.6283,0.7736,0.0958,-1.1503,-0.3177
-3.0756,7.7015,1.4517,0.0958,-1.1503,-0.3177
-2.7715,8.6068,1.5954,0.1746,-1.13,-0.3113
-2.7715,8.6068,1.5954,0.2268,-0.9415,-0.2793
-2.4121,9.534,1.6624,0.2332,-0.8318,-0.2346
-2.1799,11.0073,2.6734,0.2332,-0.8318,-0.2346
-2.1799,11.0073,2.6734,0.2673,-0.4632,-0.1952
-2.5561,11.9509,2.3331,0.2673,-0.4632,-0.1952
-3.4805,12.0996,2.1248,0.2439,-0.3215,-0.1941
-3.4805,12.0996,2.1248,0.1065,-0.1724,-0.0141
-5.615,12.0203,3.0062,0.1065,-0.1724,-0.0141
-5.615,12.0203,3.0062,-0.0139,0.2035,0.4279
-4.7743,11.9389,2.6949,-0.0139,0.2035,0.4279
-3.4518,12.4229,2.3499,-0.0874,0.3761,0.6218
-3.4518,12.4229,2.3499,-0.2983,0.4166,0.6633
-1.4637,12.9403,2.3451,-0.2983,0.4166,0.6633
-1.4637,12.9403,2.3451,-0.456,0.292,0.5067
0.6419,12.4803,4.3742,-0.456,0.292,0.5067
1.593,12.0371,5.366,-0.4422,0.2419,0.3651
1.8683,11.9509,6.0606,-0.3846,0.1972,0.1999
0.7784,12.0853,5.9145,-0.2962,0.2291,0.021
0.7784,12.0853,5.9145,-0.1854,0.6637,-0.1217
-2.4696,12.1643,4.1967,-0.1854,0.6637,-0.1217
-2.4696,12.1643,4.1967,-0.1972,0.6925,0.1733
-2.7572,11.5798,3.7442,-0.2014,0.4869,0.315
-0.4073,10.2262,3.9644,-0.2014,0.4869,0.315
-0.4073,10.2262,3.9644,-0.1663,0.2121,0.2937
0.7903,9.8069,3.9788,-0.1503,0.2515,0.201
1.3605,9.6872,3.8112,-0.1503,0.4187,0.1179
0.6682,10.2142,2.9319,-0.1503,0.4187,0.1179
0.6682,10.2142,2.9319,-0.2525,0.9449,0.0988
-1.5523,10.1424,1.2886,-0.2525,0.9449,0.0988
-1.5523,10.1424,1.2886,-0.473,1.3039,0.3374
-3.107,8.523,1.7342,-0.473,1.3039,0.3374
-3.3871,7.4714,2.1655,-0.5114,1.3838,0.5014
-3.3321,6.4607,2.3068,-0.4826,1.3966,0.6708
-3.0349,5.6652,2.0649,-0.4134,1.3188,0.8391
-3.0349,5.6652,2.0649,-0.2962,1.0323,1.0884
-2.6877,5.2771,1.6528,-0.3005,0.9141,1.1363
-2.3499,5.1933,1.3724,-0.3271,0.8384,1.1363
-1.7654,5.0807,1.7414,-0.3271,0.8384,1.1363
-1.49,4.9706,1.9641,-0.3495,0.8288,1.1022
-1.49,4.9706,1.9641,-0.3655,0.8896,0.9808
-1.303,4.9922,2.0386,-0.3772,0.8651,0.9041
-1.3174,5.4737,2.0099,-0.3772,0.8651,0.9041
-1.3174,5.4737,2.0099,-0.3537,0.7947,0.7581
-1.6528,5.7658,2.3594,-0.3175,0.8161,0.7038
-2.3475,6.4679,2.5872,-0.3175,0.8161,0.7038
-2.3475,6.4679,2.5872,-0.2856,0.8214,0.6463
-2.6423,6.7121,2.5393,-0.2877,0.8129,0.6239
-2.8745,7.0548,2.5222,-0.3015,0.8054,0.5802
-3.1717,7.5552,2.5369,-0.3452,0.7649,0.5142
-3.3728,8.6284,2.3092,-0.3452,0.7649,0.5142
-3.5476,9.0955,2.7284,-0.407,0.685,0.4258
-3.5476,9.0955,2.7284,-0.4645,0.5796,0.2713
-3.7921,9.5148,3.1238,-0.4464,0.5785,0.2415
-3.816,9.9676,3.3488,-0.4219,0.6169,0.2426
-3.7873,10.6814,3.1286,-0.4219,0.6169,0.2426
-3.7873,10.6814,3.1286,-0.3697,0.7063,0.2884
-3.7178,11.1438,3.1022,-0.3697,0.7063,0.2884
-3.7178,11.1438,3.1022,-0.3516,0.8001,0.2766
-3.7945,11.3521,3.2124,-0.3388,0.8192,0.2458
-4.1656,12.0371,3.5452,-0.3388,0.8192,0.2458
-4.7117,12.3582,3.6556,-0.3005,0.8118,0.2095
-5.0329,12.981,3.6002,-0.2419,0.7628,0.2021
-5.0329,12.981,3.6002,-0.1695,0.619,0.2798
-5.3226,13.8316,3.919,-0.1098,0.5146,0.3597
-5.0233,15.3022,4.6926,-0.1098,0.5146,0.3597
-5.0233,15.3022,4.6926,0.0564,0.2419,0.3928
-3.6218,13.1295,3.8519,0.0564,0.2419,0.3928
-3.6218,13.1295,3.8519,0.0245,-0.1053,0.2862
-2.7979,12.0108,3.7992,0.0234,-0.3631,0.168
-1.212,10.5329,4.1584,0.0234,-0.3631,0.168
-1.212,10.5329,4.1584,0.0521,-0.8637,-0.1802
0.1077,9.7997,4.0171,0.0521,-0.8637,-0.1802
0.1077,9.7997,4.0171,0.0287,-1.0917,-0.6031
0.8601,9.8551,3.4614,0.0287,-1.0917,-0.6031
0.8601,9.8551,3.4614,-0.0981,-0.999,-1.0006
0.9654,9.9221,3.1118,-0.1716,-0.8935,-1.1572
0.3139,9.7423,2.6806,-0.1716,-0.8935,-1.1572
-0.4671,9.4095,2.6973,-0.2312,-0.7753,-1.2669
-0.4671,9.4095,2.6973,-0.2653,-0.4717,-1.2765
-2.0338,8.2142,2.6111,-0.2653,-0.4717,-1.2765
-2.0338,8.2142,2.6111,-0.1929,-0.2555,-1.0517
-3.0612,6.7384,2.1942,-0.1929,-0.2555,-1.0517
-3.0612,6.7384,2.1942,-0.0789,-0.3109,-0.7705
-3.4278,5.6054,1.5643,-0.0789,-0.3109,-0.7705
-3.4278,5.6054,1.5643,0.0127,-0.5963,-0.5712
-3.3536,5.2148,1.3198,0.0394,-0.7732,-0.5115
-2.659,4.5513,1.0277,0.0394,-0.7732,-0.5115
-2.1392,4.3263,0.9439,0.0564,-0.9372,-0.4721
-1.6552,4.1775,0.9247,0.066,-1.0757,-0.4487
-1.6552,4.1775,0.9247,0.0862,-1.244,-0.4103
-0.9032,4.168,0.8119,0.0862,-1.244,-0.4103
-0.6563,4.2856,0.7329,0.098,-1.2568,-0.3816
-0.5294,4.4364,0.4575,0.1107,-1.228,-0.3475
-0.4408,4.6351,0.1891,0.1139,-1.1673,-0.3006
-0.4408,4.6351,0.1891,0.0649,-1.0267,-0.1856
-0.6323,5.9337,0.8553,0.0649,-1.0267,-0.1856
-0.9941,6.9922,1.5523,0.0585,-0.9308,-0.1398
-0.9941,6.9922,1.5523,0.1597,-0.7742,-0.0055
-1.4254,8.1567,1.6864,0.2098,-0.7593,0.1137
-2.1871,10.5425,2.3355,0.2098,-0.7593,0.1137
-2.1871,10.5425,2.3355,0.2865,-0.7157,0.3906
-2.7644,11.5607,2.999,0.2972,-0.623,0.5834
-3.5021,12.5569,4.7333,0.2972,-0.623,0.5834
-3.5021,12.5569,4.7333,0.2769,-0.3045,1.0607
-2.9128,12.9834,4.4436,0.2769,-0.3045,1.0607
-2.9128,12.9834,4.4436,0.1363,-0.1777,1.3674
-2.0171,13.3069,3.4805,0.1363,-0.1777,1.3674
-2.0171,13.3069,3.4805,-0.1439,-0.2651,1.4569
-0.3187,12.3917,3.2148,-0.1439,-0.2651,1.4569
0.7329,11.5271,3.4805,-0.3026,-0.2885,1.4708
1.5044,10.6957,3.5883,-0.4496,-0.2352,1.4559
1.5044,10.6957,3.5883,-0.6989,0.1066,1.3227
1.9234,9.97,3.5404,-0.815,0.3292,1.2226
1.9641,9.3185,3.5835,-0.9077,0.5391,1.1267
1.6433,8.5493,3.883,-0.9364,0.7457,1.0766
-0.4575,6.5637,4.75,-0.9364,0.7457,1.0766
-1.3054,5.5838,4.604,-0.9215,0.9588,1.0969
-1.4685,4.7791,4.3933,-0.8832,1.0451,1.1576
-1.0277,4.4053,4.2975,-0.832,0.9279,1.1917
-1.0277,4.4053,4.2975,-0.7021,0.0683,0.9893
0.2705,4.592,4.1727,-0.6296,-0.4824,0.7251
4.1656,7.3756,5.4067,-0.6296,-0.4824,0.7251
5.2364,9.273,6.5062,-0.5135,-0.9425,0.3896
5.5982,11.3616,7.7997,-0.3665,-1.1641,0.103
5.3803,13.7837,8.5781,-0.2057,-1.0192,-0.0087
4.6543,16.6175,8.6547,-0.0384,-0.5804,0.1126
4.6543,16.6175,8.6547,0.1736,0.5018,0.8252
3.0205,19.6836,9.6106,0.1736,0.5018,0.8252
3.0205,19.6836,9.6106,0.001,1.6533,1.425
2.0482,18.1959,10.1184,0.001,1.6533,1.425
2.0482,18.1959,10.1184,-0.5817,2.3021,1.5038
0.3833,17.2331,8.3267,-0.5817,2.3021,1.5038
0.3833,17.2331,8.3267,-1.3913,2.3905,1.2045
-0.764,16.8928,7.7111,-1.5702,2.1497,1.1352
-2.3834,16.0282,8.0319,-1.5489,1.9111,1.2226
-3.277,14.7656,8.5829,-1.3881,1.7471,1.4026
-3.4135,13.3237,8.4201,-1.1814,1.6459,1.5666
-1.751,10.0538,5.9121,-1.1814,1.6459,1.5666
-1.1306,8.5996,4.1081,-1.0248,1.6512,1.6263
-1.1306,8.5996,4.1081,-0.8991,1.8195,1.4186
-1.2719,7.0524,2.46,-0.8597,1.8898,1.2513
-2.0242,5.3827,1.2671,-0.7969,1.9047,1.1086
-4.0913,2.144,-0.2801,-0.7969,1.9047,1.1086
-4.8485,0.4911,-0.4384,-0.701,1.8057,0.9999
-5.2172,-1.1593,-0.527,-0.5519,1.5958,0.9126
-5.2172,-1.1593,-0.527,-0.1418,1.0387,0.7667
-5.0999,-2.4935,-0.4623,0.1043,0.8778,0.69
-3.7585,-3.9644,-0.2828,0.1043,0.8778,0.69
-2.8721,-4.4675,-0.9726,0.3653,0.7958,0.5856
-2.2134,-4.7815,-1.7366,0.6114,0.6435,0.4311
-1.8013,-4.7333,-2.1176,0.8244,0.3878,0.2351
-1.5882,-4.1967,-2.0721,1.0141,0.0651,0.005
-1.5882,-4.1967,-2.0721,1.373,-0.5974,-0.5307
-1.4876,-3.289,-1.7606,1.5413,-0.8989,-0.8046
-1.1929,-1.2024,-1.2551,1.5413,-0.8989,-0.8046
-1.1929,-1.2024,-1.2551,1.797,-1.4613,-1.3266
-1.1019,0.515,-1.1929,1.797,-1.4613,-1.3266
-1.1378,1.4517,-0.4982,1.8311,-1.7298,-1.562
-1.1378,1.4517,-0.4982,1.7853,-2.3829,-2.0179
0.2394,7.2056,1.4924,1.7853,-2.3829,-2.0179
0.2394,7.2056,1.4924,1.9163,-3.7112,-2.7827
4.9874,19.2188,1.6481,1.9163,-3.7112,-2.7827
5.7203,25.907,-0.2178,2.1304,-4.5432,-3.5114
1.4278,29.4789,3.0564,1.9099,-4.9948,-4.3689
-7.2822,30.2381,12.4564,1.2569,-4.7317,-4.7353
-11.3952,31.9006,12.7416,0.867,-2.4926,-3.8906
-5.8113,29.7757,12.5689,0.7382,0.4081,-2.1425
-0.8936,23.4134,11.9294,0.7328,1.2688,-0.7876
0.4097,21.5951,7.6153,1.095,0.4145,-0.2782
-1.818,23.5212,5.1741,1.3432,-0.6794,-0.3794
-5.1071,24.0961,3.5356,1.1877,-0.9266,-0.6553
-6.9922,21.5903,3.8998,0.7552,-0.6347,-0.5776
-6.4727,18.3614,5.1861,0.2716,-0.526,-0.1344
-4.9371,15.8579,5.4162,0.0042,-0.7881,0.3608
-3.7322,14.1021,4.3167,-0.0661,-1.1705,0.641
-2.6566,12.6841,2.6423,-0.1279,-1.3708,0.6953
-2.6566,12.6841,2.6423,-0.5114,-1.5806,0.5951
-1.3724,11.2659,1.5547,-0.7287,-1.7809,0.576
1.7606,8.1495,1.751,-0.7287,-1.7809,0.576
1.7606,8.1495,1.751,-1.011,-1.8192,0.5461
3.7585,4.8605,1.3245,-1.011,-1.8192,0.5461
3.7585,4.8605,1.3245,-1.2198,-1.1023,0.4577
5.0041,1.6337,0.0718,-1.2198,-1.1023,0.4577
5.4521,0.158,-0.4958,-1.2571,-0.672,0.4034
5.4521,0.158,-0.4958,-1.223,-0.0456,0.3416
5.9864,-1.9979,-1.0133,-1.223,-0.0456,0.3416
5.9864,-1.9979,-1.0133,-1.2464,0.4187,0.2404
5.21,-2.8889,-0.6227,-1.2464,0.4187,0.2404
4.4675,-3.0588,0.2274,-1.2347,0.5838,0.2021
4.4675,-3.0588,0.2274,-0.9077,0.6765,0.2798
3.5595,-2.9272,0.5701,-0.6967,0.6051,0.3981
2.7237,-2.5369,0.2923,-0.5444,0.4944,0.5174
1.9449,-2.0602,-0.1125,-0.4496,0.3601,0.6346
0.3977,-1.5116,-0.0694,-0.4496,0.3601,0.6346
0.3977,-1.5116,-0.0694,-0.3047,0.015,0.8806
0.436,-1.593,1.4757,-0.3047,0.015,0.8806
1.4948,-1.0875,2.5273,-0.1886,-0.2267,0.9637
3.1238,0.9391,3.7274,-0.031,-0.5314,0.9712
3.1238,0.9391,3.7274,0.3888,-1.3654,0.592
4.9754,5.9864,5.1478,0.7722,-1.734,0.2351
6.2473,21.8898,8.4201,0.7722,-1.734,0.2351
6.2473,21.8898,8.4201,1.4444,-1.2014,0.6697
1.0947,26.736,12.3941,1.4444,-1.2014,0.6697
1.0947,26.736,12.3941,0.882,0.3484,2.519
1.5499,28.8582,16.5095,0.5901,0.7053,2.7565
4.0889,28.7839,18.1504,-0.1034,1.7204,2.5807
8.4296,26.2281,11.4981,-0.1034,1.7204,2.5807
6.6403,25.6197,8.9662,-1.1111,2.9381,2.111
2.1272,22.7113,9.2826,-1.8855,3.3525,1.5464
2.1272,22.7113,9.2826,-2.3021,2.985,1.3216
-1.4996,18.4428,10.5832,-2.0294,2.7475,1.556
-2.108,15.3381,11.3616,-1.7002,2.5909,1.7403
-0.1915,12.8182,7.9361,-1.7002,2.5909,1.7403
-0.1915,12.8182,7.9361,-1.289,2.3958,1.7136
-0.5773,8.8944,3.38,-1.289,2.3958,1.7136
-1.3126,6.7145,1.2503,-1.1644,2.5332,1.6199
-1.3126,6.7145,1.2503,-1.0078,2.6899,1.4058
-2.5992,4.6854,-0.3929,-0.9023,2.5183,1.3174
-5.828,0.9439,-1.8013,-0.9023,2.5183,1.3174
-6.6738,-0.8768,-1.6313,-0.7404,2.2158,1.2716
-6.6738,-0.8768,-1.6313,-0.277,1.4861,1.2268
-6.5086,-2.4839,-1.3389,-0.0278,1.1623,1.1246
-4.5537,-4.671,-1.4182,-0.0278,1.1623,1.1246
-3.277,-5.076,-1.8635,0.2055,0.8927,0.9477
-3.277,-5.076,-1.8635,0.6359,0.2387,0.3917
-1.7534,-4.9682,-1.6792,0.6359,0.2387,0.3917
-1.4924,-4.3742,-0.9008,0.8639,-0.1372,0.0668
-1.4924,-4.3742,-0.9008,1.3666,-0.7231,-0.5552
-1.0732,-2.4169,0.1125,1.3666,-0.7231,-0.5552
-1.0732,-2.4169,0.1125,1.8311,-1.0874,-1.1455
-0.9319,-1.5619,-0.0287,1.977,-1.2184,-1.431
-0.618,-0.527,-1.3054,1.977,-1.2184,-1.431
-0.6706,-0.0574,-2.1775,2.0388,-1.3463,-1.7228
-0.6706,-0.0574,-2.1775,1.7874,-1.6744,-2.2874
-0.503,2.3953,-0.7305,1.7874,-1.6744,-2.2874
-0.503,2.3953,-0.7305,1.4018,-2.2423,-2.9127
2.9032,13.0648,3.1214,1.4018,-2.2423,-2.9127
5.9289,22.6252,4.7982,1.486,-2.8857,-3.4783
5.9289,22.6252,4.7982,1.6266,-4.1703,-5.4939
-4.2137,37.0843,11.4981,1.6266,-4.1703,-5.4939
-18.5673,34.308,14.0518,1.2899,-3.185,-5.4832
-18.5673,34.308,14.0518,0.8362,1.7268,-1.2264
-1.3054,29.9529,13.271,0.8362,1.7268,-1.2264
-1.3054,29.9529,13.271,1.5765,-0.8754,-0.9399
1.2767,25.2124,10.5473,1.6543,-1.5242,-1.2307
-3.8639,25.1094,2.4911,1.6543,-1.5242,-1.2307
-3.8639,25.1094,2.4911,0.6327,-0.8648,-0.7535
-4.9922,22.4193,2.5824,0.294,-1.2419,-0.1483
-1.9883,14.5381,5.2795,0.294,-1.2419,-0.1483
-0.5844,11.8887,4.5202,0.1917,-1.8341,0.2884
0.1484,9.7997,3.6194,0.1054,-2.1965,0.4716
0.5342,8.2022,2.6638,-0.0374,-2.1485,0.4588
1.0109,6.6618,1.8396,-0.2163,-1.8618,0.3693
1.0109,6.6618,1.8396,-0.5774,-1.3899,0.3246
1.6864,4.9132,1.4637,-0.7149,-1.3058,0.3661
2.3355,3.119,1.3892,-0.8203,-1.178,0.38
2.9607,1.4134,1.1593,-0.8842,-0.9713,0.3448
3.4949,-0.1628,0.6706,-0.9077,-0.7444,0.299
4.458,-2.7428,-0.5246,-0.9077,-0.7444,0.299
4.458,-2.7428,-0.5246,-0.9215,-0.5186,0.2841
5.6652,-3.9549,-1.6672,-0.9215,-0.5186,0.2841
5.6652,-3.9549,-1.6672,-0.8991,-0.4206,0.3778
5.9097,-3.974,-1.3485,-0.7916,-0.2555,0.4929
5.7347,-3.6795,-0.1867,-0.6211,-0.0882,0.6665
4.6926,-1.7486,0.7329,-0.6211,-0.0882,0.6665
4.1895,-0.8262,0.6898,-0.4688,0.0086,0.8604
3.8615,-0.3498,0.4504,-0.3718,0.0384,1.0106
3.8304,-0.1508,0.4743,-0.3154,0.0288,1.0692
3.8304,-0.1508,0.4743,-0.2334,-0.0467,0.969
5.1813,0.8505,1.9835,-0.2334,-0.0467,0.969
5.9816,3.3512,5.2412,-0.1854,-0.1777,0.8316
5.9816,3.3512,5.2412,0.3973,-0.623,0.4833
6.5756,9.5771,9.1362,1.0918,-0.8179,0.4087
0.9367,25.9214,8.5182,1.0918,-0.8179,0.4087
-2.6758,27.512,8.0726,1.5296,-0.5793,0.7677
-2.6758,27.512,8.0726,0.5453,0.0416,2.5009
0.8625,26.5537,13.3309,0.2354,-0.0616,2.6447
13.5535,22.3905,16.9216,0.2354,-0.0616,2.6447
15.0867,23.7031,13.7717,-0.1407,0.4464,2.2313
15.0867,23.7031,13.7717,-1.2017,2.2978,1.3121
12.9595,25.2938,10.1879,-1.582,2.7805,1.1224
8.6786,23.4613,8.5637,-1.7226,3.3014,1.0958
5.3034,19.8655,8.681,-1.6917,3.7051,1.1203
3.1884,16.8426,7.9601,-1.5692,3.8255,1.1405
0.1388,12.8852,6.0654,-1.5692,3.8255,1.1405
-1.2216,11.2611,5.0448,-1.3838,3.7307,1.1597
-1.2216,11.2611,5.0448,-0.9886,3.3727,1.2258
-3.2986,8.5134,2.2685,-0.9886,3.3727,1.2258
-4.2161,6.9371,0.9894,-0.8214,3.1735,1.2524
-4.2161,6.9371,0.9894,-0.5721,2.6463,1.2726
-5.7275,3.4494,-0.0981,-0.5721,2.6463,1.2726
-5.9337,1.8324,-0.4049,-0.4262,2.3329,1.278
-5.761,0.4695,-1.1115,-0.2355,2.0294,1.2833
-5.761,0.4695,-1.1115,0.1065,1.4946,1.2364
-5.5024,-0.7951,-2.1559,0.1576,1.2709,1.1927
-4.815,-2.987,-3.9022,0.1576,1.2709,1.1927
-4.3167,-3.9884,-3.9046,0.1374,1.0589,1.1224
-4.0123,-4.9323,-3.0397,0.099,0.8406,0.9978
-4.0123,-4.9323,-3.0397,0.2471,0.2376,0.5749
-2.9056,-5.1382,0.0119,0.2471,0.2376,0.5749
-2.0219,-4.4532,0.6323,0.5422,-0.068,0.2979
-2.0219,-4.4532,0.6323,1.3144,-0.7188,-0.3762
-1.4493,-2.4241,-0.8215,1.3144,-0.7188,-0.3762
-1.4493,-2.4241,-0.8215,1.7139,-1.277,-1.1018
-1.9354,-1.6121,-1.9692,1.7299,-1.4688,-1.4203
-2.6111,-1.1881,-2.6997,1.6649,-1.5998,-1.7058
-3.3249,-0.333,-2.3618,1.6649,-1.5998,-1.7058
-2.5175,1.4924,-0.7927,1.5658,-1.7319,-1.987
-0.4839,5.972,0.5246,1.5019,-1.9662,-2.3407
2.041,14.519,3.5523,1.5041,-2.4649,-2.8882
5.2292,27.2172,7.5962,1.6873,-3.3661,-3.7319
6.9491,40.8022,4.1823,2.2945,-4.5261,-4.9228
-6.4679,44.829,7.668,2.4585,-5.782,-6.0499
-19.5304,37.24,15.2304,1.7533,-4.8201,-5.7112
-19.5304,37.24,15.2304,0.8351,1.6778,-1.1188
4.7596,27.1095,15.4605,0.8351,1.6778,-1.1188
4.7357,23.3177,9.8814,1.4487,0.0683,-1.0368
4.7357,23.3177,9.8814,1.8322,-2.1517,-2.0009
0.1891,23.3919,5.8663,1.2569,-1.3931,-1.8592
-2.7213,24.3403,1.9497,0.5837,-1.3409,-1.3223
-3.0134,16.7205,3.737,0.5837,-1.3409,-1.3223
-1.4613,12.8613,4.8389,0.1853,-1.8075,-0.6457
-1.4613,12.8613,4.8389,-0.0022,-1.9396,0.1147
0.1675,10.3627,4.276,-0.1119,-1.7063,0.184
1.1402,8.3841,3.3105,-0.2781,-1.4592,0.2351
1.7941,6.6618,2.3211,-0.4762,-1.2557,0.3161
2.4528,5.1334,1.4876,-0.6914,-1.1417,0.4013
3.1381,3.7777,0.8119,-0.8949,-1.0565,0.446
4.525,0.8625,0.1221,-0.8949,-1.0565,0.446
4.525,0.8625,0.1221,-1.0824,-0.7551,0.3864
5.1334,-0.7401,-0.6946,-1.1335,-0.5687,0.3395
6.2545,-3.356,-1.0516,-1.1335,-0.5687,0.3395
6.2545,-3.356,-1.0516,-1.1133,-0.1756,0.3065
6.6211,-4.0195,-0.3019,-0.9492,-0.0541,0.3853
6.4101,-3.9501,0.4168,-0.7212,0.0555,0.5493
5.8568,-3.0828,0.7257,-0.5327,0.1982,0.7262
5.1717,-1.8204,0.5054,-0.4251,0.3133,0.871
4.1727,-0.7448,0.2082,-0.3836,0.3516,0.9701
3.0469,-0.2657,-0.0885,-0.3825,0.3324,1.0511
1.0253,-0.2394,-0.0957,-0.3825,0.3324,1.0511
1.0444,-0.2178,0.3666,-0.3825,0.2504,1.1363
1.8396,0.4432,2.3331,-0.3676,0.0896,1.1938
1.8396,0.4432,2.3331,-0.0448,-0.5772,1.0734
4.0459,9.3161,8.3794,-0.0448,-0.5772,1.0734
4.0459,9.3161,8.3794,1.0172,-1.227,0.8263
1.2407,22.8697,6.4508,1.0172,-1.227,0.8263
1.2407,22.8697,6.4508,0.8212,-0.6368,1.85
0.2394,23.6888,7.7159,0.3525,-0.4206,2.3869
3.7897,23.7079,12.8469,0.1427,-0.3865,2.4934
9.0021,23.3225,17.058,-0.0906,0.2536,2.3091
13.8866,24.4699,14.3056,-0.0906,0.2536,2.3091
12.9762,24.8649,11.2012,-0.5604,1.5745,2.1301
12.9762,24.8649,11.2012,-1.4957,3.507,1.8681
10.1041,23.2791,9.534,-1.6395,3.9096,1.6849
6.2473,20.3136,8.8705,-1.6192,4.1099,1.5571
2.7715,17.8679,8.4105,-1.5308,4.0769,1.5006
-1.8396,14.8302,6.851,-1.5308,4.0769,1.5006
-1.8396,14.8302,6.851,-1.1921,3.345,1.5645
-3.4278,11.048,5.1765,-1.1921,3.345,1.5645
-3.4278,11.048,5.1765,-0.7117,2.707,1.6561
-3.6242,7.2487,1.8204,-0.7117,2.707,1.6561
-3.6242,7.2487,1.8204,-0.4251,2.3574,1.6284
-3.9309,5.4593,0.6467,-0.2962,2.2051,1.6007
-4.3789,3.84,0.0646,-0.1332,2.0858,1.5624
-4.7141,2.393,-0.3857,0.0458,1.9793,1.507
-5.222,-0.2777,-1.8875,0.0458,1.9793,1.507
-5.4641,-1.684,-2.8936,0.1842,1.844,1.4207
-5.8017,-3.21,-3.6795,0.2545,1.6235,1.3003
-5.8017,-3.21,-3.6795,0.2876,0.8672,0.9861
-5.9816,-5.524,-2.8266,0.2876,0.8672,0.9861
-5.1741,-5.7538,-1.5762,0.344,0.4283,0.7965
-5.1741,-5.7538,-1.5762,0.7818,-0.3876,0.2319
-3.7059,-5.4306,-0.4791,1.1323,-0.7987,-0.1738
-1.4302,-3.7945,-0.3498,1.1323,-0.7987,-0.1738
-1.1306,-2.6734,-1.2575,1.4583,-1.1993,-0.6255
-1.2958,-1.6768,-2.2014,1.6745,-1.5455,-1.0869
-1.2958,-1.6768,-2.2014,1.6692,-1.9045,-1.8933
-1.6409,-0.7544,-2.4911,1.5413,-1.9236,-2.2459
-1.5379,0.5006,-1.8276,1.4146,-2.0419,-2.657
0.5078,6.9946,-0.5749,1.4146,-2.0419,-2.657
2.357,15.3213,2.2373,1.2708,-2.434,-3.1811
6.2162,28.5589,5.0209,1.274,-3.1371,-3.8853
6.2162,28.5589,5.0209,1.4093,-4.7008,-5.9285
6.142,40.1025,4.9179,0.8884,-2.9656,-5.2402
-7.1266,41.5208,14.6315,0.7989,0.7852,-2.7135
-2.8553,30.758,14.229,0.7989,0.7852,-2.7135
-2.8553,30.758,14.229,1.3922,0.0011,-1.1082
0.1604,22.9104,7.7087,1.3922,0.0011,-1.1082
-4.1488,22.2038,3.749,1.7086,-1.7553,-1.4512
-4.1488,22.2038,3.749,0.9214,-1.2579,-1.0709
-2.8912,18.2438,2.7883,0.9214,-1.2579,-1.0709
-0.7018,14.0063,4.3071,0.4836,-1.718,-0.4487
1.2814,11.1701,4.6232,0.2513,-2.3083,0.1137
1.2814,11.1701,4.6232,-0.0778,-1.978,0.3256
2.7069,9.4166,4.1105,-0.3047,-1.4645,0.1243
3.3321,6.9012,2.1799,-0.3047,-1.4645,0.1243
2.9966,5.6916,1.7007,-0.5157,-1.1758,-0.0226
2.8098,4.3933,1.4685,-0.6765,-1.0757,-0.0162
2.9104,2.7667,1.4278,-0.8097,-0.9873,0.086
3.1789,0.9319,0.8119,-0.8938,-0.8083,0.1723
3.8064,-0.8239,-0.1436,-0.9279,-0.5932,0.2085
3.8064,-0.8239,-0.1436,-1.0089,-0.3897,0.1637
5.2843,-3.4949,-1.751,-1.0089,-0.3897,0.1637
5.2843,-3.4949,-1.751,-1.1324,-0.2938,0.0189
5.7802,-4.4915,-1.4158,-1.0312,-0.2661,0.0029
5.9935,-5.2052,-0.0023,-1.0312,-0.2661,0.0029
5.6365,-4.2185,0.4647,-0.815,-0.2842,0.0934
5.6365,-4.2185,0.4647,-0.3687,-0.1756,0.5057
4.9658,-2.5007,0.6778,-0.2472,-0.0797,0.6995
4.1871,-0.8433,0.6778,-0.179,-0.0073,0.8242
3.4733,0.3259,0.6491,-0.1482,0.0193,0.8945
2.8194,0.8143,0.6539,-0.1247,-0.0083,0.9147
2.5608,0.9008,1.2,-0.0533,-0.1745,0.8796
3.3656,3.8328,6.1516,-0.0533,-0.1745,0.8796
3.3656,3.8328,6.1516,0.7286,-0.9745,0.7283
4.2425,10.7436,9.3472,1.4263,-1.1918,0.7123
1.0277,24.6782,6.8366,1.4263,-1.1918,0.7123
1.2312,24.9056,8.8609,1.6372,-0.9628,1.0766
1.2312,24.9056,8.8609,0.6114,-0.4344,2.258
12.2361,24.3595,16.555,0.6114,-0.4344,2.258
12.2361,24.3595,16.555,-0.0129,0.6094,1.8138
14.1596,25.1645,12.4372,-0.0129,0.6094,1.8138
14.1596,25.1645,12.4372,-1.2219,3.2268,1.573
7.8523,23.356,9.285,-1.2219,3.2268,1.573
4.2688,20.2154,8.6978,-1.5702,3.949,1.6071
4.2688,20.2154,8.6978,-1.518,4.1727,1.6572
-0.2489,16.2557,7.1457,-1.518,4.1727,1.6572
-0.2489,16.2557,7.1457,-1.2507,3.6955,1.671
-2.5055,12.8469,5.2244,-1.2507,3.6955,1.671
-2.5055,12.8469,5.2244,-0.8906,3.0937,1.7797
-3.4159,9.2009,1.7127,-0.8906,3.0937,1.7797
-3.4159,9.2009,1.7127,-0.6435,2.6793,1.8606
-4.4747,5.8304,-0.7472,-0.6435,2.6793,1.8606
-4.4747,5.8304,-0.7472,-0.4997,2.2083,1.8212
-5.579,2.3953,-0.6634,-0.4997,2.2083,1.8212
-5.579,2.3953,-0.6634,-0.211,1.6704,1.7733
-5.5503,-0.6347,-1.1689,-0.211,1.6704,1.7733
-5.5503,-0.6347,-1.1689,-0.0171,1.2283,1.7243
-3.7322,-3.0927,-1.8061,-0.0171,1.2283,1.7243
-2.7667,-4.3071,-1.9449,0.033,1.0557,1.6093
-2.3834,-5.2603,-2.0075,0.082,0.8821,1.3919
-2.1631,-5.6796,-1.8875,0.1342,0.7191,1.1171
-1.7175,-5.512,-1.5331,0.2215,0.5774,0.8316
-1.7175,-5.512,-1.5331,0.6295,0.1119,0.2372
-1.2982,-3.8711,-1.0301,0.6295,0.1119,0.2372
-1.514,-2.8218,-1.1043,0.8926,-0.215,-0.0705
-2.1559,-1.9593,-1.5331,1.1302,-0.5346,-0.3922
-3.119,-1.315,-1.9354,1.3081,-0.8414,-0.7098
-3.9022,-0.7041,-1.7175,1.4071,-1.1503,-0.9857
-3.8759,0.4504,-0.7425,1.4476,-1.4304,-1.2105
-2.8146,3.066,0.6443,1.4849,-1.6733,-1.4544
-2.8146,3.066,0.6443,1.6734,-2.8622,-2.4653
-0.8744,8.3674,1.3724,1.9355,-4.1544,-3.3569
4.4699,26.2162,2.2158,1.9355,-4.1544,-3.3569
6.4053,38.0378,2.4744,2.14,-5.5892,-4.3848
6.4053,38.0378,2.4744,0.9959,-4.9661,-4.9931
-7.4809,37.058,18.778,0.9959,-4.9661,-4.9931
0.8143,31.6585,14.7225,0.7307,-0.9415,-3.277
7.2104,28.1061,11.3497,0.7914,0.6062,-1.7409
5.3058,25.2722,6.7073,1.2399,-0.5495,-1.5961
1.0851,24.0458,2.1655,1.4348,-1.2824,-1.9231
-1.4517,22.6611,0.6706,1.1238,-0.7561,-2.0136
-1.4517,22.6611,0.6706,0.1438,-0.9031,-1.1955
-2.1224,15.2184,4.9227,0.1438,-0.9031,-1.1955
-0.9894,12.4827,5.3492,-0.0171,-1.5306,-0.6511
0.0191,10.7843,4.3789,-0.0576,-1.8246,-0.3294
0.884,9.3185,3.0181,-0.1545,-1.783,-0.2452
0.884,9.3185,3.0181,-0.5434,-1.5668,-0.2623
2.3187,6.0989,2.3666,-0.5434,-1.5668,-0.2623
2.8505,4.288,2.2014,-0.7372,-1.4911,-0.1781
3.459,2.4959,1.3437,-0.8917,-1.2174,-0.0663
3.9405,0.764,0.1077,-1.011,-0.8296,0.0157
4.3023,-0.7353,-0.8095,-1.1239,-0.5239,0.0497
4.5537,-2.0673,-1.2862,-1.2294,-0.3481,0.037
4.5537,-2.0673,-1.2862,-1.3881,-0.1127,-0.0567
4.3837,-3.2291,-1.2216,-1.3551,-0.0616,-0.0205
3.9956,-4.1823,-0.9534,-1.2251,-0.1074,0.1307
3.8735,-4.4963,-0.6084,-1.2251,-0.1074,0.1307
3.8735,-4.4963,-0.6084,-0.8597,-0.3492,0.5355
4.3789,-2.4552,0.237,-0.8597,-0.3492,0.5355
4.2928,-1.2838,0.4336,-0.6935,-0.4451,0.6431
4.0435,-0.3905,0.369,-0.5572,-0.5101,0.6878
4.2305,0.1723,0.1939,-0.4517,-0.5591,0.7198
4.8078,0.4456,0.6467,-0.3878,-0.5868,0.7411
5.7802,0.9032,1.7127,-0.3463,-0.5846,0.7166
5.7802,0.9032,1.7127,-0.1002,-0.8776,0.5035
6.681,2.7907,4.8748,0.3845,-1.1396,0.4183
6.9324,17.1254,11.3377,0.3845,-1.1396,0.4183
3.55,23.9477,9.0788,1.1376,-1.2227,0.4535
3.55,23.9477,9.0788,1.062,-0.215,1.475
1.684,25.119,7.7302,0.3547,0.0118,2.0726
5.6628,24.0243,14.1284,0.1853,0.1801,2.1674
12.2146,23.2264,18.9123,-0.0097,0.7937,1.8702
15.9729,23.8253,13.5463,-0.0097,0.7937,1.8702
13.2878,24.8194,10.4276,-0.4081,1.7673,1.5943
13.2878,24.8194,10.4276,-1.1228,3.3909,1.2961
8.9638,23.2671,9.1841,-1.1985,3.9171,1.3163
2.7476,18.1169,8.602,-1.1985,3.9171,1.3163
2.7476,18.1169,8.602,-1.0003,4.1205,1.425
-0.7999,14.7177,6.0055,-1.0003,4.1205,1.425
-1.9812,12.8541,4.906,-0.8768,3.9043,1.4346
-2.8338,11.0097,3.6026,-0.7639,3.6689,1.4388
-3.6409,9.2392,2.0506,-0.652,3.4335,1.4537
-4.3143,7.5528,0.7281,-0.5497,3.1885,1.4761
-4.3143,7.5528,0.7281,-0.3985,2.642,1.5059
-5.1358,4.2281,-0.6419,-0.3985,2.642,1.5059
-5.21,2.762,-1.0444,-0.3111,2.3468,1.4963
-5.1262,1.3676,-1.5667,-0.2131,2.0975,1.4804
-4.9227,-0.0359,-2.0338,-0.1268,1.8898,1.4612
-4.458,-1.3796,-2.5297,-0.0629,1.7322,1.4473
-3.7059,-2.659,-2.9942,-0.0395,1.6192,1.4132
-3.7059,-2.659,-2.9942,-0.0501,1.3636,1.1203
-2.7093,-5.0592,-3.2626,-0.0501,1.3636,1.1203
-2.7237,-5.7825,-2.7093,-0.0225,1.142,0.8625
-2.9918,-6.0606,-1.5212,0.0766,0.9034,0.5813
-3.2531,-5.8209,-0.1628,0.2886,0.6211,0.3139
-3.2531,-5.8209,-0.1628,1.062,-0.1447,-0.1195
-3.1334,-4.8605,0.6802,1.4401,-0.541,-0.3805
-3.1453,-3.5045,0.4312,1.6809,-0.9085,-0.6479
-3.3919,-2.1607,-0.4982,1.7693,-1.276,-0.893
-3.9525,-0.369,-2.1464,1.7693,-1.276,-0.893
-3.8759,0.3833,-1.8252,1.7501,-1.6509,-1.1103
-3.8759,0.3833,-1.8252,1.5935,-2.4074,-1.5907
-1.5379,5.1981,0.4025,1.5935,-2.4074,-1.5907
0.7592,12.272,2.0171,1.52,-3.0082,-1.9998
0.7592,12.272,2.0171,1.829,-5.3155,-3.7212
8.0678,38.3634,1.4829,1.829,-5.3155,-3.7212
4.5561,47.3058,8.6307,1.5477,-6.647,-4.9675
4.5561,47.3058,8.6307,0.4271,-2.3211,-3.816
-4.2712,32.588,17.4869,0.4271,-2.3211,-3.816
-4.2712,32.588,17.4869,1.0226,-0.4419,-1.0741
5.7083,29.2774,13.7789,1.3933,-1.7969,-1.3138
5.1214,25.4135,8.8034,1.1888,-1.2504,-1.4682
0.908,23.6217,3.725,0.6029,-0.4813,-1.333
-0.5246,20.2944,2.041,0.6029,-0.4813,-1.333
-0.5246,20.2944,2.041,-0.1023,-1.4262,-0.5722
0.0047,12.969,6.2737,-0.1023,-1.4262,-0.5722
0.7664,10.9905,5.5024,-0.1407,-1.6264,-0.3368
0.9367,9.2658,3.6604,-0.1716,-1.4017,-0.3496
0.9367,9.2658,3.6604,-0.4475,-1.0661,-0.5169
0.7712,7.5866,2.029,-0.5892,-1.1013,-0.4551
1.2575,4.0195,0.3283,-0.5892,-1.1013,-0.4551
1.8947,2.2804,-0.2947,-0.7106,-1.1737,-0.3496
2.6782,0.5198,-0.3259,-0.8342,-1.2366,-0.2655
2.6782,0.5198,-0.3259,-0.9428,-1.1343,-0.1802
4.5298,-2.4121,-0.4575,-0.9428,-1.1343,-0.1802
4.5298,-2.4121,-0.4575,-0.9801,-0.7327,-0.1344
6.1899,-3.9716,-0.9941,-0.9801,-0.7327,-0.1344
6.1899,-3.9716,-0.9941,-0.9375,-0.3513,-0.0013
6.6618,-4.4508,-0.9989,-0.8342,-0.1777,0.0902
7.0042,-4.3813,-0.7832,-0.6893,-0.0541,0.1882
6.6714,-3.7035,-0.4791,-0.5316,0.0214,0.3139
4.1799,-1.4134,0.3426,-0.5316,0.0214,0.3139
3.0157,-0.4935,0.697,-0.3868,0.0246,0.4801
2.2637,0.1867,0.3737,-0.2707,-0.0105,0.6612
2.2637,0.1867,0.3737,-0.2057,-0.1053,0.9488
3.1405,0.5892,0.7832,-0.2057,-0.1053,0.9488
4.3287,0.697,1.9883,-0.2334,-0.1127,0.9616
5.4138,1.909,5.0807,-0.2493,-0.198,0.8615
6.5828,6.566,9.431,-0.1524,-0.3641,0.7081
6.5828,6.566,9.431,0.8809,-0.8296,0.4492
7.5719,16.6821,12.3606,1.5328,-0.77,0.577
4.4532,26.4005,10.5401,1.2804,-0.3279,1.3632
-2.2613,28.4583,9.6106,0.6082,-0.1213,2.3155
0.9367,27.8307,15.0508,0.3813,-0.4643,2.4689
10.4013,26.1539,18.7014,0.0703,-0.0904,2.0076
16.6821,24.1871,13.7115,0.0703,-0.0904,2.0076
16.6821,24.1871,13.7115,-1.1516,2.5471,1.3152
10.2118,23.332,9.6345,-1.1516,2.5471,1.3152
10.2118,23.332,9.6345,-1.4999,4.0896,1.4729
6.1803,19.8823,8.9614,-1.386,4.4454,1.6274
3.5978,17.3648,7.8619,-1.3252,4.569,1.6561
1.6481,15.822,6.3335,-1.2954,4.5093,1.5879
-2.3738,12.3295,4.1919,-1.2954,4.5093,1.5879
-2.3738,12.3295,4.1919,-1.1164,4.0044,1.5443
-3.9429,10.2573,2.8912,-0.9865,3.6263,1.5943
-6.2689,6.7791,-0.0837,-0.9865,3.6263,1.5943
-7.0955,5.0736,-0.7496,-0.8629,3.1618,1.6423
-7.4546,3.4015,-0.9008,-0.7553,2.6761,1.67
-7.1888,1.7582,-1.0468,-0.6307,2.2072,1.6774
-7.1888,1.7582,-1.0468,-0.3399,1.4744,1.6156
-5.6245,-1.0372,-2.2852,-0.3399,1.4744,1.6156
-4.9467,-2.2301,-3.078,-0.228,1.1761,1.5315
-4.4699,-3.3057,-3.6337,-0.1535,0.8832,1.4132
-4.2544,-4.3574,-3.7609,-0.0991,0.6094,1.2662
-4.2233,-5.2268,-3.1477,-0.0406,0.3228,1.0873
-4.2233,-5.2268,-3.1477,0.245,-0.2033,0.6143
-3.289,-5.0903,-0.6515,0.245,-0.2033,0.6143
-3.289,-5.0903,-0.6515,0.9682,-0.7529,-0.0993
-1.5307,-3.0804,0.1053,0.9682,-0.7529,-0.0993
-1.1043,-2.041,-0.6754,1.3496,-1.0331,-0.5137
-1.1043,-2.041,-0.6754,1.7704,-1.5891,-1.3244
-1.2934,-0.8023,-2.6231,1.7704,-1.5891,-1.3244
-1.2934,-0.8023,-2.6231,1.6958,-1.8618,-2.0786
-1.7007,-0.5318,-2.8553,1.5403,-1.8469,-2.4515
-1.7654,0.1939,-2.2948,1.3666,-1.9119,-2.8839
0.4456,6.8342,0.1867,1.3666,-1.9119,-2.8839
3.011,16.1048,5.1693,1.209,-2.2593,-3.4411
8.365,31.455,9.9054,1.3443,-2.9869,-4.2133
8.365,31.455,9.9054,2.2519,-5.1173,-6.6305
7.8404,45.3847,6.7576,1.6425,-2.9698,-5.4768
-18.7133,33.5272,15.6137,1.6425,-2.9698,-5.4768
-2.0865,30.2645,16.2126,1.1909,1.1665,-2.3748
-2.0865,30.2645,16.2126,2.0484,-1.227,-1.203
-0.5054,23.0157,6.039,2.0484,-1.227,-1.203
-3.3441,24.6614,2.5896,2.156,-2.2188,-1.7271
-3.3441,24.6614,2.5896,1.0876,-1.4219,-1.3788
-3.6915,18.2752,3.8591,1.0876,-1.4219,-1.3788
-2.6135,13.8603,5.9073,0.5752,-1.9822,-0.6191
-1.2168,11.376,5.5886,0.3131,-2.3424,0.0146
0.1053,9.6656,3.7921,0.18,-2.1634,0.2734
1.0492,8.0367,1.9907,-0.0139,-1.7937,0.233
1.8635,6.4413,0.908,-0.2813,-1.5668,0.103
1.8635,6.4413,0.908,-0.7798,-1.6286,0.0508
2.5944,4.9108,0.6012,-0.9684,-1.6104,0.0902
3.4087,3.277,0.697,-1.1047,-1.4656,0.1094
4.2015,1.4302,0.6323,-1.1708,-1.2557,0.1051
5.1143,-0.4336,0.5509,-1.1857,-1.0065,0.1041
5.9552,-2.2349,0.1388,-1.1857,-0.7785,0.1201
6.8103,-3.737,-0.5461,-1.1718,-0.5228,0.1446
7.4833,-4.8605,-0.9989,-1.1314,-0.2544,0.2138
7.2966,-5.0879,-0.8433,-1.1314,-0.2544,0.2138
6.7432,-4.2688,-0.2059,-1.0557,-0.0019,0.3363
6.7432,-4.2688,-0.2059,-0.782,0.3505,0.6708
4.3694,-1.7869,0.5533,-0.782,0.3505,0.6708
4.3694,-1.7869,0.5533,-0.5071,0.5295,1.0969
2.2948,-0.0694,-0.2394,-0.5071,0.5295,1.0969
2.0482,0.3067,-0.2876,-0.4368,0.5615,1.2769
2.0482,0.3067,-0.2876,-0.3995,0.3761,1.4218
2.4073,0.5126,0.9008,-0.277,0.129,1.3483
4.7093,5.0736,7.299,-0.277,0.129,1.3483
4.7093,5.0736,7.299,0.72,-0.7433,0.9967
5.0664,24.9822,10.3917,0.72,-0.7433,0.9967
-1.3413,28.1995,6.2928,1.5467,-1.08,0.8806
-1.3413,28.1995,6.2928,0.9608,-0.2256,2.3922
4.9084,25.2962,16.1527,0.9608,-0.2256,2.3922
11.1869,24.1033,18.6176,0.5762,-0.2363,2.8854
14.15,24.4217,16.3299,0.3451,-0.1383,2.6841
13.8579,26.4221,12.3367,-0.1886,1.0078,2.2942
13.8579,26.4221,12.3367,-1.4967,3.2662,1.9256
6.9563,22.1484,9.4502,-1.4967,3.2662,1.9256
6.9563,22.1484,9.4502,-1.6959,3.8436,1.9128
2.4121,15.7454,8.0151,-1.6959,3.8436,1.9128
2.4121,15.7454,8.0151,-1.4605,3.9107,1.736
-0.7736,12.8852,5.2412,-1.4605,3.9107,1.736
-2.2278,11.1366,3.6409,-1.3465,3.7264,1.6103
-3.4638,9.3472,1.8587,-1.2081,3.4622,1.5389
-3.4638,9.3472,1.8587,-0.9599,2.8636,1.5549
-4.7213,7.5073,0.4815,-0.8469,2.5364,1.6146
-5.8232,5.5216,-0.0143,-0.6914,2.2041,1.6881
-6.3072,1.7295,-0.2202,-0.6914,2.2041,1.6881
-5.5575,0.1532,-0.6898,-0.4997,1.8642,1.7477
-5.5575,0.1532,-0.6898,-0.179,1.2315,1.7211
-3.1765,-2.3714,-2.1152,-0.179,1.2315,1.7211
-1.9764,-3.3369,-2.9679,-0.1066,1.0376,1.5954
-1.9764,-3.3369,-2.9679,-0.1428,0.9119,1.067
-1.3676,-4.264,-3.6337,-0.1844,0.8757,0.7294
-1.3796,-5.1262,-3.6266,-0.1077,0.7639,0.3928
-1.7366,-5.7538,-2.4983,0.1736,0.5178,0.0796
-2.2278,-5.8472,-0.8553,0.6103,0.1918,-0.2218
-2.5632,-5.2388,0.1747,1.062,-0.1138,-0.5371
-2.7452,-4.1608,0.1149,1.4114,-0.3918,-0.8536
-3.1525,-2.4217,-2.0985,1.4114,-0.3918,-0.8536
-3.1525,-2.4217,-2.0985,1.7075,-1.065,-1.4075
-4.3478,-1.6457,-2.3642,1.7075,-1.065,-1.4075
-4.0339,-0.345,-0.8334,1.7203,-1.3601,-1.6248
-2.2756,3.1645,0.6658,1.7288,-1.5902,-1.8741
0.2154,10.5856,2.4959,1.7874,-1.9865,-2.3204
0.2154,10.5856,2.4959,2.6321,-4.377,-4.3103
3.4446,23.895,6.9228,2.9794,-6.5075,-5.6473
-2.4672,50.0127,7.5985,2.9794,-6.5075,-5.6473
-17.0485,40.6918,20.0143,2.2327,-6.5831,-5.6111
-3.9908,32.5808,17.6018,1.5722,-2.0866,-3.0416
8.3171,26.9371,14.6171,1.3752,0.5476,-0.5829
7.457,23.8324,8.0104,1.7949,-0.7306,-0.275
4.9084,24.0722,2.896,1.9621,-1.7745,-0.8579
2.6446,23.8372,1.0923,1.5626,-1.3484,-1.3383
2.6446,23.8372,1.0923,0.3153,-1.5412,-1.2701
-0.3259,20.4716,2.2852,-0.1205,-1.8778,-0.8035
-2.0242,16.2796,4.8509,-0.3708,-1.8001,-0.4476
-1.7366,13.1199,5.3683,-0.587,-1.6062,-0.3027
0.0287,8.8848,2.7045,-0.587,-1.6062,-0.3027
0.9223,6.9324,1.6385,-0.8075,-1.4421,-0.2623
0.9223,6.9324,1.6385,-1.1186,-1.3793,-0.1355
1.7414,4.827,1.2599,-1.2081,-1.2919,0.0093
2.4983,2.7476,1.2048,-1.3029,-1.0693,0.1275
3.4135,0.9487,0.9415,-1.3977,-0.7817,0.1701
4.4077,-2.0649,-0.4384,-1.3977,-0.7817,0.1701
4.4077,-2.0649,-0.4384,-1.4595,-0.2736,0.168
4.7117,-3.2579,-0.7616,-1.3838,-0.2193,0.1754
5.0257,-4.0171,-1.1378,-1.256,-0.3045,0.2244
5.5335,-3.9477,-0.9151,-1.256,-0.3045,0.2244
5.4306,-3.6771,-0.1053,-1.1005,-0.3684,0.3256
5.1406,-3.1765,0.5773,-0.9439,-0.3098,0.4535
4.5848,-2.2421,0.8601,-0.782,-0.2342,0.5866
4.0339,-1.1378,0.8023,-0.5977,-0.28,0.7102
4.0339,-1.1378,0.8023,-0.2792,-0.4515,0.8348
4.3406,0.2418,-0.4336,-0.2792,-0.4515,0.8348
4.3406,0.2418,-0.4336,-0.2248,-0.444,0.6889
4.9562,0.1125,0.0718,-0.1332,-0.4046,0.592
5.7299,-0.2633,2.4959,0.1193,-0.3982,0.4961
7.8787,4.6375,9.5316,0.1193,-0.3982,0.4961
7.8787,4.6375,9.5316,1.3208,-0.6943,0.3033
9.2416,15.6042,11.3377,2.0313,-0.5804,0.1946
1.4613,30.6382,4.0842,2.0313,-0.5804,0.1946
1.4613,30.6382,4.0842,0.7999,-0.0914,1.3344
0.5006,27.1287,10.9738,0.572,-0.4163,1.8191
7.2894,25.4255,19.686,0.4026,-0.3077,1.8521
16.0115,25.2483,15.9896,0.4026,-0.3077,1.8521
16.7851,26.3574,11.8743,-0.293,1.1974,1.8393
13.3452,25.0879,8.5948,-1.1196,2.9339,1.8436
8.4823,21.4394,7.7661,-1.7258,3.9565,1.834
4.1344,18.2079,7.9433,-1.9388,4.3709,1.8329
0.6467,16.3802,7.0018,-1.861,4.6265,1.8191
-1.8444,15.0101,5.2723,-1.7183,4.8002,1.8095
-1.8444,15.0101,5.2723,-1.4861,4.34,1.8319
-5.4043,11.0336,1.9979,-1.4861,4.34,1.8319
-5.4043,11.0336,1.9979,-1.2134,3.3664,1.9842
-6.566,8.8848,0.4288,-1.0994,2.8689,2.0524
-7.3852,6.851,-0.6299,-0.9812,2.3724,2.0886
-7.7733,4.8485,-0.8816,-0.8406,1.9324,2.0811
-6.3862,1.4206,-1.4326,-0.8406,1.9324,2.0811
-5.1406,0.0215,-2.2278,-0.7085,1.5873,2.029
-3.9644,-1.3605,-3.011,-0.6286,1.3636,1.9373
-2.8577,-2.8122,-3.2028,-0.6286,1.2784,1.8127
-2.108,-4.4316,-2.6423,-0.6744,1.3039,1.6476
-2.108,-4.4316,-2.6423,-0.5838,1.4019,1.1746
-2.5585,-7.4714,-0.4049,-0.5838,1.4019,1.1746
-2.5585,-7.4714,-0.4049,0.1054,1.1686,0.7208
-2.2469,-7.814,-0.3306,0.1054,1.1686,0.7208
-2.2469,-7.814,-0.3306,0.9959,0.4986,-0.0055
-2.0602,-5.325,-2.9056,0.9959,0.4986,-0.0055
-2.0602,-5.325,-2.9056,1.5286,-0.9362,-0.9782
-4.4891,-3.9405,-3.4949,1.5286,-0.9362,-0.9782
-4.4891,-3.9405,-3.4949,1.8034,-2.0046,-1.5971
-6.2306,-2.6303,-2.0027,1.8034,-2.0046,-1.5971
-5.6365,-0.8792,-0.1891,1.927,-2.255,-1.8049
-3.3967,3.0493,1.4134,2.0825,-2.3957,-2.0509
-3.3967,3.0493,1.4134,2.5416,-3.8114,-3.3335
1.5619,24.4531,2.9679,2.5416,-3.8114,-3.3335
1.5619,24.4531,2.9679,3.0135,-7.9062,-5.5972
5.3612,40.6343,-1.5379,1.8812,-8.2514,-5.741
-6.669,45.6577,27.421,1.8812,-8.2514,-5.741
-6.669,45.6577,27.421,1.373,0.211,-1.7931
-2.9224,35.3429,19.7554,1.7906,-0.8243,-1.073
7.7853,27.2292,9.3759,1.7906,-0.8243,-1.073
7.7853,27.2292,9.3759,1.5531,-0.8904,-1.5822
4.9371,26.7073,4.0722,0.7776,-0.4344,-1.6845
3.9429,25.4446,0.7137,0.0692,-1.0118,-1.5428
0.5796,16.2293,5.1789,0.0692,-1.0118,-1.5428
-0.3474,12.8781,6.0223,-0.3601,-1.4528,-1.2712
-0.5198,10.7149,4.4388,-0.5476,-1.3175,-1.0581
0.0598,8.8848,2.7165,-0.6861,-0.9979,-0.9186
0.0598,8.8848,2.7165,-0.848,-1.0224,-0.6085
1.3317,4.8796,1.5283,-0.848,-1.0224,-0.6085
1.3317,4.8796,1.5283,-0.9471,-0.8563,-0.1877
3.2722,0.8816,0.3283,-0.9471,-0.8563,-0.1877
3.9597,-0.884,-0.6443,-1.0323,-0.6177,-0.1131
3.9597,-0.884,-0.6443,-1.2475,-0.3162,-0.1632
4.4029,-2.2254,-1.2192,-1.305,-0.2832,-0.2133
4.7767,-3.7274,-1.3341,-1.305,-0.2832,-0.2133
4.7767,-3.7274,-1.3341,-1.1729,-0.3524,-0.1675
5.313,-4.1991,-1.1593,-1.1729,-0.3524,-0.1675
5.313,-4.1991,-1.1593,-0.8448,-0.3567,0.0764
5.2555,-3.8184,0.0933,-0.8448,-0.3567,0.0764
5.2555,-3.8184,0.0933,-0.4762,-0.3695,0.2894
4.3622,-3.2507,0.6323,-0.2866,-0.5207,0.3608
3.4781,-2.2876,0.5796,-0.1332,-0.6251,0.3949
2.7093,-1.1115,0.4767,-0.0246,-0.639,0.4141
2.4289,0.872,0.0814,-0.0246,-0.639,0.4141
2.7428,1.1091,0.9247,0.0159,-0.6155,0.4407
2.7428,1.1091,0.9247,0.0766,-0.4579,0.5515
3.4973,1.2958,2.132,0.1778,-0.5015,0.5344
5.7873,7.5121,10.1831,0.1778,-0.5015,0.5344
5.7873,7.5121,10.1831,1.4018,-1.0842,0.331
6.1109,17.1685,12.2194,1.8556,-1.0842,0.5163
1.8851,24.6662,8.1205,1.2665,-0.6251,1.2673
-2.3618,25.6484,8.1758,0.4282,-0.4259,1.9682
9.9293,24.2302,18.9938,0.4282,-0.4259,1.9682
14.7129,23.8492,18.687,0.0458,-0.7955,2.0002
16.1958,24.8123,16.8737,-0.2717,-0.5026,1.6923
14.4759,25.4734,14.6052,-0.8597,0.8065,1.5027
14.4759,25.4734,14.6052,-1.403,2.8742,1.687
11.2922,23.8133,12.6434,-1.2592,3.3205,1.9096
8.5829,20.8286,11.3999,-1.044,3.6007,2.0321
6.602,18.4883,9.7614,-0.9013,3.8457,1.9927
1.8228,15.3668,6.7289,-0.9013,3.8457,1.9927
-0.5701,13.453,4.695,-0.8288,4.0556,1.8851
-0.5701,13.453,4.695,-0.7639,3.9608,1.7946
-4.8006,9.6297,0.2657,-0.7639,3.9608,1.7946
-4.8006,9.6297,0.2657,-0.7308,3.1565,1.866
-7.7302,5.512,-0.4791,-0.7308,3.1565,1.866
-7.9912,3.3512,0.1867,-0.6456,2.6303,1.9139
-7.4402,1.6145,0.3666,-0.4709,2.0911,1.9501
-6.3742,0.2657,-0.134,-0.2493,1.6022,1.9555
-4.985,-0.9989,-0.8262,-0.0651,1.2144,1.9214
-3.4949,-2.3331,-1.5858,0.049,0.9716,1.834
-3.4949,-2.3331,-1.5858,0.1512,0.8363,1.4676
-1.4182,-4.7982,-3.5428,0.1512,0.8363,1.4676
-1.4182,-4.7982,-3.5428,0.1597,0.7734,0.9051
-1.9042,-6.6403,-2.9367,0.1597,0.7734,0.9051
-1.9042,-6.6403,-2.9367,0.5315,0.2728,0.3565
-2.8194,-6.5373,-1.4206,0.9374,-0.0605,0.0711
-3.6314,-4.1129,-0.7065,0.9374,-0.0605,0.0711
-3.55,-2.6662,-1.6121,1.3326,-0.4014,-0.2708
-3.3608,-1.4182,-2.7548,1.5978,-0.7572,-0.666
-3.3608,-1.4182,-2.7548,1.6085,-1.44,-1.5258
-3.3177,-0.503,-3.4925,1.4551,-1.6914,-1.9455
-3.3417,0.1173,-3.4135,1.2836,-1.8863,-2.3652
-2.6231,2.6399,-1.0827,1.2836,-1.8863,-2.3652
-1.4158,6.5397,1.3293,1.1248,-2.0909,-2.8104
-1.4158,6.5397,1.3293,1.0141,-2.8537,-4.0024
1.3605,14.6986,6.5804,1.6575,-3.7176,-5.0677
7.6369,29.2535,12.2433,2.0005,-4.4537,-6.149
10.9762,43.0085,10.969,1.5595,-2.6343,-5.5131
-3.7585,42.9893,13.7645,1.0503,1.0611,-3.2248
-11.3114,34.7703,14.5357,1.0481,1.9026,-2.019
3.4159,26.6232,13.2088,1.0481,1.9026,-2.019
-2.6853,22.975,8.2405,1.5893,0.1268,-2.0733
-6.0055,23.3823,5.1238,1.7693,-0.8296,-2.2309
-6.0055,23.3823,5.1238,1.1206,-0.7881,-1.5833
-5.67,22.7811,4.3023,0.8127,-1.7468,-0.8664
-4.4005,18.4835,5.2843,0.6135,-2.3925,-0.3155
-2.3211,14.337,6.0989,0.4367,-2.5448,-0.1174
0.9056,9.8045,4.616,0.4367,-2.5448,-0.1174
1.4182,7.9816,4.1823,0.18,-2.3445,-0.1291
1.6744,6.0199,3.1908,-0.0565,-2.0461,-0.1525
2.4672,4.1727,1.5762,-0.2078,-1.8214,-0.0471
3.749,2.5055,0.673,-0.3633,-1.7021,0.1797
3.749,2.5055,0.673,-0.7127,-1.2302,0.479
5.7011,-0.8553,1.2767,-0.7127,-1.2302,0.479
5.7011,-0.8553,1.2767,-0.9396,-0.2821,0.3725
5.3779,-2.9367,0.2828,-0.9396,-0.2821,0.3725
5.3779,-2.9367,0.2828,-1.0057,0.0225,0.3757
4.2688,-3.3393,-0.7353,-1.0057,0.0225,0.3757
4.1704,-3.3105,-0.9798,-0.9141,0.0129,0.4726
4.1704,-3.3105,-0.9798,-0.6595,-0.0499,0.7698
4.276,-2.9463,-0.7808,-0.6595,-0.0499,0.7698
4.276,-2.9463,-0.7808,-0.4475,-0.084,1.1001
3.9573,-2.4025,-0.2633,-0.341,-0.0723,1.2385
3.2243,-0.9415,-0.4097,-0.341,-0.0723,1.2385
3.2243,-0.9415,-0.4097,-0.2568,-0.1223,1.3536
3.2267,-0.3091,-0.7305,-0.2685,-0.1127,1.3248
4.0267,0.8864,0.9846,-0.2685,-0.1127,1.3248
4.0267,0.8864,0.9846,-0.1205,-0.248,1.1874
5.5599,6.4846,6.9012,-0.1205,-0.248,1.1874
6.2066,15.1873,11.206,0.1683,-0.541,1.132
4.0913,24.9607,11.8719,0.7371,-0.7764,1.1374
4.0913,24.9607,11.8719,1.16,-0.0296,1.9842
0.7401,28.0438,10.1568,0.3227,0.1886,2.6745
3.9094,25.9597,15.7382,0.0117,0.0715,2.7363
11.824,24.8649,21.739,-0.2046,0.5402,2.2207
15.6281,25.5934,19.6094,-0.717,1.6725,1.8649
15.5635,27.0089,15.4677,-1.1164,2.5385,1.8031
10.4468,24.3978,11.3305,-1.1164,2.5385,1.8031
7.9026,20.6443,10.5042,-1.2794,3.2279,1.8425
7.9026,20.6443,10.5042,-1.1623,4.1365,1.8638
5.3827,18.1624,8.8657,-1.0834,4.3059,1.8415
2.8027,16.7995,7.1745,-1.0046,4.3219,1.8319
0.2681,15.2663,5.3492,-0.9364,4.2036,1.8468
-1.7702,13.0289,3.6361,-0.8565,3.9853,1.8788
-3.3273,10.5641,1.9835,-0.766,3.7094,1.9001
-5.7658,6.4942,-0.8912,-0.766,3.7094,1.9001
-6.6283,4.7022,-1.236,-0.6808,3.3514,1.9011
-6.7648,3.0373,-1.4589,-0.5806,2.92,1.8937
-6.3503,1.6361,-1.8971,-0.4613,2.5066,1.8702
-5.7299,0.3115,-2.4384,-0.342,2.154,1.8095
-5.7299,0.3115,-2.4384,-0.1812,1.5702,1.5879
-5.1406,-1.0396,-2.987,-0.1002,1.2539,1.4303
-4.7261,-3.6002,-4.2039,-0.1002,1.2539,1.4303
-5.5383,-4.7767,-4.3239,0.0042,0.8651,1.23
-5.5383,-4.7767,-4.3239,0.2716,0.146,0.8998
-6.6522,-5.5599,-3.8663,0.507,-0.1383,0.7975
-6.6379,-5.6916,-2.6207,0.8553,-0.4589,0.6047
-4.0866,-4.4173,-0.2633,0.8553,-0.4589,0.6047
-4.0866,-4.4173,-0.2633,1.6276,-1.3527,-0.1632
-3.4733,-3.368,-0.3881,1.8513,-1.8086,-0.6308
-3.2698,-1.1354,-1.9473,1.8513,-1.8086,-0.6308
-3.2698,-1.1354,-1.9473,1.8023,-2.4979,-1.5652
-2.7835,1.382,-2.7739,1.8023,-2.4979,-1.5652
-1.8468,3.986,-1.8276,1.5254,-2.6939,-2.0168
-1.8468,3.986,-1.8276,0.6742,-3.1818,-3.0256
0.0383,9.2658,0.8406,0.6231,-3.9498,-3.8192
4.4053,20.1867,4.4963,0.8074,-5.2185,-5.0815
12.5689,37.6521,6.839,0.3962,-5.5658,-5.9914
15.0388,47.2771,11.1294,0.3952,-2.7525,-5.2029
1.0301,38.4257,28.0031,0.8958,0.6765,-3.1705
-2.6375,30.0295,21.2263,1.2069,0.5838,-2.0584
3.5859,29.5148,12.9738,1.4625,-0.6443,-1.7537
-0.2971,23.1163,3.9549,1.4625,-0.6443,-1.7537
0.1939,21.2144,2.9343,1.2473,-0.5516,-1.6152
0.1939,21.2144,2.9343,0.4037,-0.9074,-1.0826
0.5485,17.9852,4.1608,0.098,-1.4741,-0.7215
0.4432,14.6052,5.7562,-0.1844,-1.5359,-0.5083
0.2513,11.4694,5.3492,-0.1844,-1.5359,-0.5083
0.0239,10.0514,4.0482,-0.4315,-1.2238,-0.4636
0,8.0894,2.8577,-0.5977,-0.9809,-0.4721
0,8.0894,2.8577,-0.6701,-0.9777,-0.275
0.4839,5.8879,2.0242,-0.668,-0.982,-0.1376
1.7079,3.7849,1.3724,-0.7457,-0.8627,-0.127
4.2233,0.2346,-0.0239,-0.7457,-0.8627,-0.127
4.5825,-1.3341,-0.3642,-0.8789,-0.7082,-0.2612
4.5825,-1.3341,-0.3642,-1.0046,-0.443,-0.5722
4.5106,-2.7548,-0.3043,-0.9652,-0.3002,-0.6053
4.1033,-3.8064,-0.4671,-0.88,-0.1894,-0.5243
3.5763,-4.7357,-1.6672,-0.88,-0.1894,-0.5243
3.5763,-4.7357,-1.6672,-0.5849,-0.4121,-0.1675
3.9118,-4.7117,-1.0109,-0.5849,-0.4121,-0.1675
3.9118,-4.7117,-1.0109,-0.2557,-0.7284,0.1872
3.277,-3.4805,0.1029,-0.2557,-0.7284,0.1872
3.0397,-2.4911,0.436,-0.1162,-0.8083,0.364
3.1429,-1.4374,0.4432,0.0319,-0.8403,0.5366
3.8136,-0.3211,-0.1292,0.1693,-0.8616,0.6644
4.9754,1.0061,-0.5366,0.2492,-0.933,0.7208
4.9754,1.0061,-0.5366,0.1991,-1.0544,0.5653
5.9672,2.5992,1.5523,0.3685,-0.9553,0.5131
6.3168,4.9993,5.5743,0.8276,-0.9287,0.6292
6.4942,10.1184,10.1256,1.5115,-0.8339,0.92
3.0927,26.7671,9.8213,1.5115,-0.8339,0.92
3.0927,26.7671,9.8213,1.3219,-0.4376,1.965
1.7103,29.0715,9.7111,0.6018,-0.8339,2.3443
6.3407,27.5336,16.584,0.1395,-0.7476,2.2122
13.4218,26.13,20.649,-0.4177,0.4315,1.9139
16.27,26.8078,19.8608,-0.9897,1.9718,1.867
16.0522,28.9375,16.4807,-1.4041,3.1661,1.9661
11.139,24.2948,9.6106,-1.4041,3.1661,1.9661
11.139,24.2948,9.6106,-1.6203,4.0279,1.8713
7.8571,19.7698,9.1219,-1.5404,4.2888,1.7626
4.5298,17.0317,8.3482,-1.4552,4.3943,1.7115
1.3892,15.3405,6.5756,-1.3774,4.2761,1.7211
-2.8482,11.4981,2.647,-1.3774,4.2761,1.7211
-4.1871,9.4071,1.0181,-1.2848,4.0161,1.7573
-4.1871,9.4071,1.0181,-1.044,3.3472,1.8255
-5.3082,7.4929,-0.0287,-0.9087,2.9925,1.8479
-6.0582,5.67,-0.5629,-0.7394,2.593,1.8596
-6.2138,3.8136,-0.7065,-0.5561,2.203,1.8436
-5.7251,2.0027,-0.9271,-0.3953,1.8653,1.785
-4.9419,0.3905,-1.2551,-0.2675,1.5958,1.6923
-4.1201,-1.1354,-1.5427,-0.1631,1.3977,1.5688
-3.1549,-2.5656,-1.8779,-0.0928,1.2848,1.3813
-1.9497,-3.9573,-2.6853,-0.0768,1.2336,1.1224
-1.291,-5.2771,-3.7011,-0.0725,1.175,0.8508
-1.4086,-6.3838,-4.3742,0.0234,1.0195,0.5781
-2.029,-7.0979,-3.8711,0.3206,0.7244,0.3331
-3.0541,-7.1362,-2.0362,0.7978,0.374,0.0977
-4.2233,-4.7093,0.2537,0.7978,0.374,0.0977
-4.4388,-2.9679,-0.6156,1.3123,0.0629,-0.176
-4.4388,-2.9679,-0.6156,1.9088,-0.5388,-0.7993
-4.4532,-0.5701,-3.4446,1.9088,-0.5388,-0.7993
-4.3837,0.0694,-4.0578,1.9227,-0.9234,-1.105
-4.4244,0.4958,-3.6532,1.8045,-1.3186,-1.4128
-4.4244,0.4958,-3.6532,1.4785,-1.995,-2.069
-4.2616,1.2838,-2.4935,1.3528,-2.3435,-2.4632
-3.55,3.617,-0.7448,1.2271,-2.777,-2.9745
2.0147,20.7568,9.8694,1.2271,-2.777,-2.9745
8.7891,37.4486,11.5319,1.5445,-3.3991,-3.7745
8.7891,37.4486,11.5319,2.2977,-5.259,-5.593
-5.143,44.2158,13.5727,2.2977,-5.259,-5.593
-7.0066,32.6383,16.385,1.5744,-2.8622,-4.3785
-7.0066,32.6383,16.385,1.4018,0.5444,-1.5737
2.3834,24.7811,10.5138,1.4018,0.5444,-1.5737
-3.5332,21.0249,6.9443,1.7832,-1.1204,-1.7846
-3.5332,21.0249,6.9443,1.5957,-0.5388,-1.4224
-3.5739,21.3652,5.1502,1.3315,-1.2653,-0.9196
-2.0003,19.6213,4.3598,1.0258,-2.2274,-0.4295
0.0454,13.8339,4.7815,1.0258,-2.2274,-0.4295
1.3341,11.7498,4.5944,0.6615,-2.434,-0.2015
1.7917,9.2802,4.4795,0.3089,-2.0738,-0.2474
2.2685,7.196,3.6409,0.0798,-1.6275,-0.3507
2.2685,7.196,3.6409,-0.0672,-1.4784,-0.095
3.1166,5.9696,2.5728,-0.2568,-1.3846,0.1264
4.5681,3.7538,2.1057,-0.2568,-1.3846,0.1264
4.5681,3.7538,2.1057,-0.8097,-0.5601,0.1765
