andar
-9.0886,-18.4718,2.6503,-1.7327,-0.2939,-3.0377
-10.8963,-19.7719,2.3367,-1.4224,0.32,-2.8624
-11.6145,-19.6091,1.5682,-1.216,0.7726,-2.5826
-11.1668,-18.7615,1.0989,-1.1048,1.0047,-2.2717
-9.0455,-15.412,0.0814,-1.1115,1.0835,-1.9137
-6.8094,-12.4286,-0.6607,-1.1707,0.7482,-1.8337
-2.0733,-10.6975,-1.8842,-1.1665,0.1899,-1.7818
-1.1516,-10.676,-1.8483,-1.1072,-0.3055,-1.6541
1.5969,-10.6975,-1.2808,-1.0211,-0.5626,-1.5087
3.1723,-10.5563,0.1077,-0.9753,-0.7532,-1.3939
5.8804,-11.004,2.9305,-0.9197,-1.0513,-1.3994
7.02,-11.107,2.9496,-0.7914,-1.2743,-1.4983
7.4007,-10.9872,1.798,-0.5532,-1.5822,-1.7305
5.981,-10.1708,0.8283,-0.3705,-1.7483,-2.0408
2.0853,-8.5021,2.205,-0.3864,-1.708,-2.3016
0.9026,-8.1549,3.0214,-0.6265,-1.3397,-2.3126
-0.8643,-7.9538,3.9001,-0.7132,-1.2346,-2.0628
-2.0638,-7.8125,4.0294,-0.6766,-1.314,-1.786
-3.1364,-7.372,3.462,-0.5519,-1.4795,-1.5344
-3.347,-7.1781,3.1651,-0.409,-1.6677,-1.3309
-3.9025,-6.6489,2.5234,-0.3076,-1.9212,-1.1947
-4.3574,-6.1653,2.284,-0.299,-2.4038,-1.0872
-4.8698,-5.3321,2.2481,-0.3821,-2.6304,-1.0219
-4.9251,-5.0975,2.2337,-0.4744,-2.6622,-0.9485
-5.2172,-4.4915,2.2744,-0.5196,-2.5247,-0.8508
-5.55,-3.8043,2.3989,-0.4927,-2.3085,-0.7329
-5.9738,-2.5546,1.482,-0.3711,-2.0525,-0.5936
-5.9474,-2.4037,1.4077,-0.0187,-1.6481,-0.3658
-5.7344,-1.8219,1.3431,0.225,-1.4459,-0.2192
-5.3848,-1.3958,1.4053,0.4589,-1.3287,-0.0952
-4.7668,-1.1276,1.4006,0.6984,-1.2767,0.008
-4.4268,-1.209,1.3215,0.9299,-1.3054,0.1088
-3.9432,-1.5203,0.6177,1.2195,-1.4704,0.292
-3.3183,-2.0709,-0.3902,1.3795,-1.5235,0.4588
-1.7046,-3.3423,-3.7397,1.506,-1.4062,0.653
-0.5315,-4.3981,-6.7423,1.5536,-1.1619,0.8534
2.1499,-6.5771,-11.241,1.4718,-0.8082,1.0135
6.4071,-9.4119,-12.577,1.2329,-0.4496,1.0825
18.3114,-18.7184,-20.957,0.7094,-0.077,0.8986
22.3001,-21.6489,-19.4247,0.3484,-0.1387,0.4722
26.1695,-26.6962,-9.2419,-0.6729,-0.9206,-0.2937
17.4279,-28.5349,0.8259,-1.4182,-1.4539,-1.3719
6.5771,-21.127,-3.3925,-0.9686,-1.3024,-2.2515
6.3521,-17.8038,-3.9552,0.1651,-1.4258,-1.4324
4.3766,-11.6887,-4.3023,-0.029,-1.6463,-0.4244
1.0271,-5.9881,-3.778,-0.4163,-1.8528,-0.1874
-3.3542,1.2449,-1.0127,-0.6033,-1.5541,-0.2968
-3.7756,1.8459,-0.4979,-0.519,-0.9035,-0.3933
-5.2555,3.3255,1.7405,-0.2001,-0.2566,-0.3475
-6.1917,2.4325,2.8778,0.5823,0.5283,-0.0127
-6.1294,-4.0126,0.4836,1.1541,0.808,0.3213
-4.3789,-8.7582,2.6623,1.63,0.852,0.6543
0.5075,-16.4774,7.609,1.933,0.9736,0.8968
5.5572,-29.519,-9.0767,2.1633,0.943,0.9353
13.3838,-41.2197,-20.9067,2.137,0.298,0.6317
6.3042,-34.9038,-8.9258,0.9122,1.1135,-0.6468
-6.0983,-18.1055,11.0184,-0.2587,3.1752,-1.6816
-5.9187,-10.8173,12.6009,-1.0412,2.7701,-1.3664
-4.0964,-3.7541,8.2938,-1.1927,0.9119,-0.1935
-4.2114,-2.5067,7.6689,-0.9179,-0.2994,0.5645
-4.1491,-0.9241,6.9817,-0.1732,-1.0562,1.058
-4.0581,-0.5458,6.3832,0.3972,-1.2053,1.2865
-5.2938,-3.0214,4.7189,0.925,-1.1882,1.4411
-5.3776,-4.2904,4.4723,1.2909,-0.8723,1.5156
-4.7764,-7.2954,4.8722,1.407,-0.1503,1.5675
-4.4268,-10.7287,5.404,1.2763,0.6932,1.5602
-4.0725,-14.8829,4.1611,0.9996,1.5777,1.3268
-3.9576,-15.3354,3.7995,0.8731,1.7549,1.1375
-3.9576,-15.3354,3.7995,0.6929,1.6675,0.8363
-2.4109,-15.4671,-0.0742,0.6929,1.6675,0.8363
-2.0446,-13.1181,-0.9696,0.7919,1.458,0.8174
-1.7286,-12.1029,-1.4365,1.5396,0.7189,1.1295
-1.154,-10.8675,-1.4293,1.881,0.4666,1.4264
-0.6655,-9.589,-0.5865,1.7986,0.5271,1.6158
-0.553,-7.7144,1.2449,1.4693,0.7189,1.6536
-0.4788,-7.0272,1.7621,1.1095,0.9095,1.5974
-0.3519,-6.4023,2.0709,0.8829,1.1055,1.548
0.2729,-6.7543,2.6072,0.8688,1.5753,1.5315
1.5466,-7.7694,3.2537,0.9409,1.9302,1.5327
1.7741,-8.1046,3.268,0.977,2.1972,1.4783
1.9967,-8.8061,3.1699,0.9544,2.3004,1.347
2.1906,-9.4526,3.1196,0.8725,2.213,1.1863
2.9735,-10.075,2.8443,0.7974,2.0628,1.0544
3.1747,-10.1301,2.5474,0.7919,1.86,0.945
3.4811,-10.1373,1.5682,0.8817,1.7445,0.9188
3.6104,-9.9266,0.4979,0.9953,1.6681,0.9371
3.5338,-9.0719,-0.4884,1.0643,1.6089,1.0006
3.5338,-9.0719,-0.4884,0.9146,1.5704,1.2163
3.1818,-8.6864,0.0143,0.9146,1.5704,1.2163
2.4756,-8.4973,0.5075,0.8132,1.5087,1.1985
1.2066,-8.6936,1.1037,0.7418,1.32,1.1387
0.5961,-9.2538,1.3479,0.7051,1.0573,1.1039
0.0383,-9.8452,1.4437,0.7131,0.8465,1.1149
-0.1221,-10.1445,1.1372,0.7509,0.7696,1.1491
0.328,-10.6377,-0.4429,0.8206,0.8435,1.2285
0.7445,-10.767,-1.7238,0.8676,0.943,1.2541
0.7445,-10.767,-1.7238,0.8872,1.053,1.1362
1.8914,-10.281,-5.3106,0.8872,1.053,1.1362
2.466,-10.2905,-2.4349,0.7283,1.0438,1.0458
2.454,-10.3695,-1.3838,0.1346,0.9919,0.862
2.1164,-10.1493,2.0446,-0.2984,0.9614,0.7099
2.0087,-9.668,4.5896,-0.6197,0.9424,0.5687
3.3159,-10.3887,4.4484,-0.7535,0.9021,0.4826
3.8211,-11.1022,3.5386,-0.6827,0.8661,0.4276
4.7141,-12.3304,0.9313,-0.4402,0.9571,0.3507
5.8613,-12.5004,-1.3862,0.0472,1.3529,0.1924
8.8875,-11.8635,-1.8842,0.2024,1.5704,0.1265
9.3065,-11.8755,-1.6424,0.0802,1.466,0.0929
11.4397,-12.3471,0.1244,-0.219,1.0011,0.0397
13.087,-12.5842,1.0726,-0.5684,0.3676,-0.0585
13.2569,-12.2753,0.6512,-0.8311,-0.1912,-0.2839
12.9385,-12.9768,0.4357,-1.0712,-0.5736,-0.8355
11.4278,-14.8302,1.4532,-1.2923,-0.664,-1.2552
8.3967,-15.6323,2.4133,-1.6295,-0.9811,-1.7604
2.9352,-15.4096,4.422,-1.9704,-1.5565,-2.3028
-0.2873,-15.3881,4.3071,-2.1182,-1.9004,-2.7598
-0.2873,-15.3881,4.3071,-1.2886,-1.3977,-3.4207
-7.7599,-18.5365,0.9624,-1.2886,-1.3977,-3.4207
-10.9657,-22.1038,1.3215,-0.9863,-1.3054,-3.3883
-11.4852,-22.7455,1.6136,-0.8873,-1.5296,-3.2228
-12.0958,-23.7822,1.4125,-0.9007,-1.7276,-2.9962
-11.5092,-23.8037,0.5793,-0.9704,-1.4508,-2.7732
-8.5954,-18.1055,-0.0454,-1.1683,-0.3953,-2.535
-7.949,-15.9387,0.1221,-1.2349,0.1165,-2.5356
-6.4071,-12.6943,0.5913,-1.1646,0.2821,-2.6058
-3.6918,-10.8843,0.2609,-0.949,0.0677,-2.5215
0.2968,-10.4294,-0.1939,-0.6582,-0.3268,-2.3114
0.8451,-10.5491,-0.1005,-0.3436,-0.7599,-2.0774
3.4069,-11.4852,1.8171,-0.2343,-0.8259,-2.0438
6.1893,-12.3136,2.0422,-0.1567,-0.8235,-2.1293
7.8844,-13.1277,1.8387,-0.0125,-0.8913,-2.3609
6.4718,-12.7374,1.3024,0.0753,-0.9884,-2.7518
1.9081,-11.4996,1.7884,0.0472,-1.0202,-3.1752
-1.0319,-10.2833,3.7588,-0.2508,-1.1711,-3.268
-2.0997,-9.2826,4.8458,-0.4463,-1.5651,-2.7763
-2.1332,-8.7678,4.9562,-0.4719,-2.0299,-2.2027
-2.1332,-8.7678,4.9562,-0.3406,-2.5553,-1.5167
-3.8546,-6.2563,2.8347,-0.3406,-2.5553,-1.5167
-5.4878,-4.4795,2.3439,-0.5764,-2.9077,-1.2949
-5.9139,-4.0462,2.3008,-0.8898,-3.0611,-1.1233
-6.139,-3.3925,2.375,-1.2013,-3.2309,-0.907
-6.2467,-2.6288,2.8921,-1.442,-3.3799,-0.6767
-6.9195,-1.616,3.1076,-1.5434,-3.4264,-0.4971
-7.044,-1.3168,3.0789,-1.4084,-3.2187,-0.3676
-7.1445,-0.7709,2.9017,-0.8256,-2.4624,-0.2277
-6.6705,-0.304,2.94,-0.351,-1.9438,-0.166
-4.5633,-0.0359,2.1475,0.0985,-1.6286,-0.1129
-4.5633,-0.0359,2.1475,0.7986,-1.5993,-0.0536
-3.5984,-0.0311,0.62,0.7986,-1.5993,-0.0536
-3.122,0.0454,-0.3447,0.9806,-1.683,-0.0096
-1.7118,-0.4955,-1.9488,1.0894,-1.6329,0.1387
0.1173,-1.4437,-4.2497,1.1315,-1.4331,0.2987
2.205,-3.0334,-9.5244,1.1804,-1.1735,0.4679
5.5165,-5.3561,-13.379,1.1016,-1.1075,0.5773
13.3599,-10.281,-15.6514,0.7326,-1.2505,0.6329
16.9276,-13.1205,-14.375,-0.0865,-1.6701,0.4344
17.5955,-16.8318,-7.9227,-0.6197,-1.8491,0.0385
17.5955,-16.8318,-7.9227,-0.1091,-0.7618,-0.7769
5.5404,-21.6968,-3.8474,-0.1091,-0.7618,-0.7769
5.6242,-21.3736,-6.2659,1.0295,-1.2431,-0.4507
5.2196,-18.4742,-8.605,1.4101,-1.2908,0.2016
3.7876,-13.47,-6.886,0.2042,-1.0489,0.6378
0.4572,-7.3145,-4.4891,-0.5929,-0.8088,0.3959
-0.5554,-5.8206,-3.5194,-0.9252,-0.6683,0.0501
-2.2744,-3.4931,-1.2808,-0.8452,-0.5865,-0.1709
-3.134,-3.4093,-1.5945,-0.3821,-0.413,-0.1923
-2.7988,-7.9562,-8.9546,0.7314,0.1202,0.1112
-1.8148,-9.4214,-10.7263,1.3954,0.499,0.4789
3.4261,-16.0034,-8.0041,1.7644,0.8978,0.8247
8.0304,-22.6377,-1.8411,1.7754,1.2045,0.8595
9.182,-28.8582,-4.6758,1.6923,1.1587,0.372
4.8889,-29.0042,-3.7158,1.2366,0.6376,-0.4696
-4.6184,-21.1749,2.5163,-0.1445,1.1343,-1.6633
-6.7256,-12.4549,7.4989,-0.8213,2.5655,-1.4953
-5.7176,-5.6673,7.7359,-1.0461,2.9882,-0.5399
-5.3513,-3.4979,6.9698,-0.8568,2.5527,0.2578
-5.143,-1.7956,7.1613,-0.5593,1.9302,0.727
-4.5944,-1.7717,8.265,-0.1683,1.3224,1.0049
-3.3973,-3.7062,7.9586,0.55,0.7054,1.2694
-3.3662,-4.9371,7.6282,1.0374,0.5906,1.3452
-3.6367,-7.8844,7.6641,1.3777,0.5387,1.3256
-3.2297,-10.7718,7.7694,1.4956,0.4489,1.2902
-2.8826,-14.3248,7.0224,1.4827,0.3688,1.2822
-2.6527,-14.8877,6.4095,1.3789,0.0096,1.2694
-1.4125,-15.4575,3.2992,1.352,-0.0636,1.2725
1.4077,-15.0625,-5.2843,1.3459,0.1245,1.2639
2.6096,-11.5355,-4.6615,1.4192,0.634,1.2218
2.4803,-11.1764,-3.9025,1.6623,1.5002,1.1637
1.5179,-10.1421,-0.9744,1.845,2.1074,1.1344
-0.1723,-9.7542,1.2641,1.6123,2.0402,1.0733
-1.1228,-8.8684,1.9177,1.2396,1.7286,0.9957
-0.9481,-7.9442,1.3168,0.936,1.4751,0.9597
-0.7589,-7.1445,0.4477,0.7888,1.3798,0.9707
-0.8283,-7.0703,0.5003,0.7772,1.4305,1.0006
-0.5219,-7.5803,1.7549,0.8505,1.6113,1.0935
-0.4189,-7.9155,2.1188,0.9012,1.7115,1.1949
-0.2561,-8.4997,2.4564,0.9128,1.6278,1.2786
0.0071,-8.7702,2.624,0.8945,1.4965,1.3061
0.8762,-9.2251,2.5067,0.878,1.5478,1.2914
1.2785,-9.4023,2.4444,0.8743,1.7482,1.2725
2.4612,-9.9601,2.1787,0.8774,2.0677,1.2517
3.3758,-10.2881,2.0302,0.8865,2.1965,1.2364
4.4412,-10.4031,1.6376,0.9091,2.2082,1.2034
4.604,-10.2642,1.458,0.9464,2.0951,1.1821
4.7788,-9.692,0.9193,0.966,1.8355,1.1863
4.7381,-9.0192,0.62,0.9403,1.4635,1.2236
4.3742,-8.1621,0.6416,0.8817,1.0176,1.3256
4.3742,-8.1621,0.6416,0.8707,0.8746,1.2993
3.0238,-7.9801,0.802,0.8707,0.8746,1.2993
1.9584,-8.368,0.8355,0.8529,0.8563,1.1851
0.9792,-9.1557,0.4932,0.8193,0.852,1.0959
0.5267,-9.534,0.158,0.7723,0.9705,1.0684
0.1675,-9.8404,-0.3639,0.7552,1.2039,1.0904
0.1053,-10.1086,-1.1851,0.7906,1.5405,1.1087
0.2274,-10.1541,-2.5115,0.8633,1.8429,1.1185
0.5578,-10.0535,-2.5522,0.8951,1.9088,1.1216
1.865,-10.1134,-1.2306,0.7974,1.6419,1.1252
2.4899,-10.1134,0.723,0.3288,0.6871,1.0898
2.0518,-10.2307,2.3271,0.0411,0.1007,0.9487
1.8938,-10.1421,2.5929,-0.0578,-0.0232,0.7648
1.7405,-9.9242,2.8227,-0.0865,0.2192,0.6078
1.7549,-10.2833,2.1045,-0.1036,0.5924,0.4906
1.5825,-11.1285,-0.3088,0.0008,1.243,0.3421
1.5227,-11.2386,-0.7541,0.1358,1.6895,0.2224
1.9488,-11.6624,-0.62,0.1932,2.0133,0.1161
3.3997,-12.7997,0.4932,0.0918,2.0444,0.0678
6.0648,-14.6743,1.8291,-0.1152,1.7317,0.0593
6.0648,-14.6743,1.8291,-0.343,0.5545,-0.0494
7.5611,-13.4437,-0.6464,-0.343,0.5545,-0.0494
8.277,-12.2777,-3.9264,-0.3186,0.4208,-0.1239
7.8173,-11.3919,-6.376,-0.4701,0.3597,-0.2674
7.7311,-12.2562,-4.4819,-0.9056,0.2735,-0.4892
7.5444,-14.4397,-0.8188,-1.5055,0.0988,-0.758
7.5444,-14.4397,-0.8188,-2.4951,-1.3873,-1.8196
2.5498,-15.4767,4.4196,-2.4951,-1.3873,-1.8196
0.5722,-15.2732,4.5034,-2.4603,-1.6255,-2.3193
-3.0119,-15.1846,3.2345,-2.1188,-1.3494,-2.7194
-5.5165,-16.0082,1.628,-1.6344,-0.9285,-2.9607
-7.4175,-19.0584,0.6488,-1.2526,-0.6164,-3.0377
-8.0879,-20.1142,0.7781,-1.1194,-0.5193,-2.9504
-9.2706,-21.2012,0.8331,-1.1915,-0.5437,-2.8966
-10.1948,-20.8612,-0.0263,-1.2392,-0.427,-2.8435
-9.261,-16.8222,-2.0853,-1.2349,-0.1259,-2.7317
-8.5236,-15.6467,-2.4612,-1.2086,0.1752,-2.5319
-5.7918,-13.0582,-2.308,-1.1982,0.3236,-2.2521
-2.7533,-12.067,-1.1683,-1.2605,0.1275,-1.8655
0.6967,-11.8468,0.4836,-1.2196,-0.0306,-1.7085
1.0342,-11.7606,0.4405,-1.0913,-0.2096,-1.6822
2.6623,-11.5307,0.9217,-0.9215,-0.4747,-1.7396
4.0294,-11.7247,1.3455,-0.7871,-0.5608,-1.8172
4.3311,-11.15,-0.225,-0.566,-0.3592,-2.0799
2.8491,-10.3983,-0.4477,-0.4896,-0.08,-2.3114
0.2418,-9.3999,0.9792,-0.6362,0.1062,-2.4745
-1.3024,-8.9498,1.9943,-0.8537,-0.033,-2.4366
-2.4732,-8.5571,2.3463,-0.9838,-0.5296,-2.2222
-2.7916,-8.3273,2.2385,-1.0467,-1.1851,-1.9864
-2.8658,-7.8053,2.5378,-1.0785,-1.9456,-1.6889
-2.703,-7.2092,2.6862,-1.0748,-2.066,-1.5417
-2.952,-6.0911,2.1667,-1.0107,-1.9988,-1.4513
-3.1986,-5.787,1.9393,-0.9741,-2.0293,-1.3817
-3.8426,-5.1262,1.7381,-0.9954,-2.0922,-1.2919
-4.355,-4.5657,1.616,-1.04,-2.0812,-1.1544
-5.2028,-3.6056,1.8986,-1.0883,-2.033,-0.8545
-5.3393,-3.3518,2.0997,-1.0663,-1.9395,-0.6333
-5.4925,-2.7748,2.2481,-0.971,-1.788,-0.4128
-5.5452,-1.9967,2.1715,-0.7938,-1.5907,-0.2131
-5.2052,-1.0893,2.3989,-0.5642,-1.3855,-0.0518
-5.052,-1.0271,2.454,-0.1805,-1.2016,0.1143
-4.4675,-1.0319,2.4636,0.1132,-1.1625,0.1924
-3.608,-1.4437,1.9153,0.418,-1.1588,0.2706
-2.545,-2.3127,1.0797,0.7045,-1.1882,0.3598
-1.9967,-2.7892,0.4118,0.9366,-1.2297,0.4631
-1.233,-3.5601,-1.4508,1.1217,-1.2273,0.5883
0.4908,-4.6016,-3.936,1.2714,-1.1368,0.8229
4.9754,-7.3696,-8.9258,1.2353,-1.0477,0.9799
7.1158,-8.8468,-10.7885,1.0503,-1.0629,1.0208
10.3695,-11.7294,-12.4477,0.7204,-1.1234,0.8839
12.4884,-14.5857,-11.1979,0.3233,-0.92,0.5785
12.419,-18.6203,-6.637,-0.1219,0.0927,-0.0683
11.6313,-19.7192,-5.4375,-0.1647,0.6804,-0.4599
10.5515,-20.8971,-6.139,0.0607,0.6602,-0.6663
8.8085,-19.6833,-8.5571,0.4223,0.1636,-0.6052
6.0265,-14.4804,-7.8125,0.4687,-0.4838,-0.4037
6.0265,-14.4804,-7.8125,-0.4194,-0.5083,-0.3285
1.9321,-9.8763,-5.4255,-0.4194,-0.5083,-0.3285
-0.3471,-7.0129,-4.422,-0.4719,-0.4722,-0.4391
-2.9352,-2.9017,-1.7549,-0.351,-0.5351,-0.4519
-3.1004,-2.4372,-1.3575,-0.1231,-0.5584,-0.3328
-3.8283,-1.2234,-0.3687,0.2036,-0.3617,-0.0805
-4.4292,-2.193,-0.6679,0.5573,0.0738,0.2835
-5.1574,-5.8756,-4.2353,0.8212,0.5429,0.694
-5.4566,-9.2131,-7.3121,0.9562,0.8881,1.2156
-2.2744,-16.6977,-4.7477,0.966,1.0359,1.4368
5.5692,-25.0873,-3.3279,1.0087,0.8771,1.4991
17.3681,-31.7288,-3.292,1.2439,-0.0061,1.1326
10.676,-26.5118,1.1276,1.1407,-1.0739,0.1112
-1.4508,-14.0039,6.9793,0.3985,0.9473,-2.0188
-3.5146,-7.2188,8.2435,-0.0455,2.695,-1.7598
-3.6224,-1.9033,6.3952,-0.2349,2.8068,-0.6272
-3.8043,-0.6775,4.5705,-0.0877,2.2931,0.2444
-4.9634,0.0311,1.9033,0.2622,1.6431,0.796
-6.4502,-1.8076,1.7836,0.6941,0.9376,1.0978
-6.4502,-1.8076,1.7836,1.2384,0.4818,1.5889
-5.3058,-8.9498,2.7461,1.2384,0.4818,1.5889
-4.3478,-12.2681,3.8857,1.1003,1.0652,1.6799
-3.3734,-14.7369,4.8458,0.8597,1.5551,1.6237
-1.8626,-15.6658,3.0597,0.6807,1.5405,1.4386
-1.8267,-15.2468,2.4803,0.6856,1.0353,1.1875
-1.4077,-12.6368,0.2154,0.9757,-0.1014,0.9096
-0.2992,-10.5132,-1.2042,1.1608,-0.6854,0.9353
0.62,-9.0288,-1.4221,1.2995,-0.7398,1.0727
0.9121,-8.5523,-0.9911,1.4021,-0.2798,1.1637
0.7924,-8.344,0.0359,1.3978,0.3792,1.1649
0.079,-8.3536,0.7278,1.1944,1.1959,1.0098
-0.9193,-8.6074,0.7422,1.0399,1.4592,0.8852
-1.221,-8.7415,0.5674,0.9482,1.6352,0.8064
-1.4341,-9.0144,0.3615,0.9238,1.797,0.7923
-1.209,-9.3352,0.3687,0.9275,1.8734,0.8491
-1.209,-9.3352,0.3687,0.9562,1.7256,1.1607
0.1915,-9.6537,1.2665,0.9562,1.7256,1.1607
0.8523,-9.68,1.5179,0.9489,1.4812,1.2633
1.4891,-9.5866,1.8579,0.933,1.2601,1.3403
2.2218,-9.5603,2.0877,0.9073,1.0756,1.3873
2.4085,-9.5866,2.1835,0.9256,1.0072,1.3989
2.9712,-9.6513,2.3247,0.9983,1.141,1.383
3.2656,-9.4478,2.2529,1.0307,1.2289,1.3488
3.711,-9.1557,1.4867,1.0399,1.2387,1.292
3.7469,-9.115,1.3287,1.027,1.21,1.2462
3.8163,-8.9761,0.96,0.991,1.1978,1.2065
3.5793,-8.8851,0.6584,0.9446,1.235,1.1552
2.8371,-8.7942,0.4357,0.8817,1.3688,1.0409
2.3151,-8.7942,0.3878,0.8426,1.425,0.9536
1.3479,-9.0815,0.1915,0.8267,1.4269,0.8736
0.4788,-9.4933,-0.1364,0.834,1.334,0.7996
-0.3591,-10.1134,-0.3016,0.8413,1.1624,0.7526
-0.4812,-10.3336,-0.1747,0.798,0.8655,0.7422
-0.474,-10.4701,0.1364,0.7381,0.7512,0.7942
-0.3064,-10.2594,0.2466,0.6868,0.7543,0.8436
-0.237,-9.8261,-0.3375,0.6605,0.8435,0.8717
-0.237,-9.6609,-0.7996,0.6446,0.9498,0.8833
-0.2059,-9.3592,-2.0207,0.63,1.1153,0.8675
-0.0023,-9.1341,-2.9328,0.5683,1.4794,0.7807
0.5793,-9.273,-2.2984,0.4608,1.6816,0.7056
0.7685,-9.5507,-1.5753,0.2757,1.7549,0.6268
1.403,-10.0559,1.1204,0.0503,1.7292,0.5577
1.6735,-10.2211,4.0725,-0.205,1.6327,0.5296
2.1763,-10.5946,5.6649,-0.4414,1.3291,0.507
2.3295,-10.8963,5.5165,-0.5819,0.5503,0.4612
3.3446,-12.3208,4.3071,-0.4487,0.2564,0.4551
4.6878,-13.403,2.6862,-0.1146,0.414,0.4802
6.7375,-14.4014,0.5746,0.2745,0.7641,0.471
8.0376,-14.7225,-0.3351,0.4907,0.9314,0.4148
9.3999,-14.3439,-0.881,0.3514,0.681,0.2548
10.2498,-13.5993,-0.6727,0.0704,0.3682,0.0746
10.9825,-15.3426,-0.4884,-0.2086,0.1117,-0.1825
10.5156,-16.6043,-0.5219,-0.4322,-0.0544,-0.5277
10.5156,-16.6043,-0.5219,-1.1457,-0.8009,-1.4971
5.0472,-15.7017,0.7374,-1.1457,-0.8009,-1.4971
0.6991,-13.494,-1.039,-1.5935,-0.9823,-2.0243
-1.0127,-13.0846,-2.1667,-1.5813,-0.683,-2.2356
-3.8714,-13.0151,-2.9257,-1.533,-0.3678,-2.4097
-6.8189,-13.9225,-2.7964,-1.566,-0.1497,-2.5453
-9.1054,-17.1742,-0.6871,-1.624,-0.0892,-2.6223
-9.2443,-17.7392,-0.1412,-1.6405,-0.3775,-2.5802
-9.2874,-18.3306,1.4556,-1.5959,-0.7129,-2.4733
-8.7678,-17.7727,2.5689,-1.5336,-0.8113,-2.3572
-7.7048,-14.6623,2.2816,-1.478,-0.5962,-2.2698
-7.7048,-14.6623,2.2816,-1.2648,0.2497,-2.0432
-4.9371,-11.6073,0.3998,-1.2648,0.2497,-2.0432
-2.1763,-10.6353,-0.8882,-1.1329,0.2607,-1.7408
0.1747,-10.5419,-1.5586,-1.0987,-0.0666,-1.6022
1.0007,-10.6377,-1.5777,-1.1158,-0.3507,-1.582
1.0007,-10.6377,-1.5777,-1.2465,-0.3617,-1.7201
2.6024,-11.502,2.7461,-1.2465,-0.3617,-1.7201
3.3279,-12.1317,2.715,-1.2086,-0.2603,-1.816
3.1364,-12.2226,1.8579,-0.8977,-0.6946,-2.0102
1.7788,-11.751,0.6943,-0.7609,-1.058,-2.1483
0.383,-10.7598,1.0414,-0.77,-1.1729,-2.2155
-1.2569,-9.1964,2.6264,-0.8641,-1.0751,-2.1593
-1.616,-8.7989,2.8299,-0.9362,-1.0318,-2.0218
-2.5139,-8.0352,2.7174,-0.8519,-1.1943,-1.8007
-2.9161,-7.4223,2.7006,-0.7731,-1.4838,-1.6523
-2.873,-6.5197,2.7222,-0.7334,-1.7618,-1.4886
-2.8778,-6.1964,2.5282,-0.7425,-2.0171,-1.3322
-3.0023,-5.5955,2.3391,-0.7975,-2.2425,-1.2076
-3.0645,-4.9826,2.6168,-0.8745,-2.2987,-1.1202
-3.6224,-4.1084,2.703,-0.9258,-2.0501,-0.9974
-3.8067,-3.924,2.7102,-0.8543,-1.8235,-0.9107
-4.2449,-3.4596,2.8514,-0.712,-1.6097,-0.8123
-4.6662,-2.8131,2.8107,-0.5214,-1.4466,-0.695
-4.8314,-1.7717,2.5953,-0.288,-1.3042,-0.5613
-4.7046,-1.2689,2.5857,0.0643,-1.1307,-0.3475
-4.3071,-0.7158,2.6001,0.2726,-1.1008,-0.2033
-3.9647,-0.5171,2.4612,0.4815,-1.1686,-0.0775
-3.675,-0.7829,2.1164,0.6856,-1.328,0.0403
-3.4189,-1.154,1.7597,0.867,-1.5577,0.1778
-2.2002,-2.2026,0.7422,1.0338,-1.7593,0.3476
-0.4596,-3.5817,-1.3239,1.2659,-1.8955,0.6249
1.4748,-6.2587,-9.783,1.3856,-1.8852,0.7184
2.9496,-7.5444,-13.3695,1.4009,-1.8577,0.7276
9.7494,-11.6217,-17.7895,1.1608,-1.8332,0.7062
16.1854,-16.8031,-16.8916,0.586,-1.5492,0.5779
18.6059,-23.9402,-7.7503,0.0087,-0.978,0.1039
16.4966,-24.8048,-2.6886,-0.6326,0.0127,-1.1776
8.6625,-23.9545,-2.6623,-0.5019,0.1947,-1.9388
7.0392,-21.3592,-6.6801,0.3539,-0.584,-1.9345
5.3704,-14.4588,-6.4957,0.6874,-1.1252,-1.0322
4.3287,-13.7238,-6.1174,0.1944,-1.361,-0.2479
0.9457,-10.6401,-5.2364,-0.5226,-1.1717,-0.2845
-1.8363,-9.0072,-5.2986,-0.5526,-0.7386,-0.593
-3.6822,-9.7183,-5.0113,-0.3595,-0.3629,-0.8178
-2.5091,-11.3751,-4.1802,-0.164,0.0439,-0.7824
-0.0191,-14.0877,-3.6846,-0.0455,0.2882,-0.5307
7.202,-18.8333,-3.2249,0.0429,-0.0501,-0.2803
10.1014,-17.1646,-0.7637,0.3569,-1.091,-0.323
1.6232,-12.7494,4.5872,0.4852,-0.6555,-0.8905
-6.0815,-5.8062,9.5268,-0.1372,1.6339,-1.3309
-8.5212,-2.047,7.8221,-0.7859,3.483,-0.8416
-11.2745,2.6623,0.9097,-0.6967,3.7695,-0.1129
-11.3775,2.3415,2.9017,-0.0755,1.6791,0.851
-10.6449,-0.3687,5.2172,0.4944,-1.4899,1.3623
-7.2523,-4.9155,5.617,1.2567,-3.0061,1.788
-3.9145,-11.0926,7.4055,1.8151,-2.0733,2.1252
-3.2992,-12.4309,7.9298,1.9953,0.0775,2.2193
-2.1763,-16.0417,7.3361,1.9659,1.9638,2.1045
-0.1029,-18.8549,4.4819,1.8297,3.0615,1.7269
3.1866,-17.5764,-5.7152,1.652,2.7958,1.3922
3.3518,-16.7049,-6.4502,1.4791,1.7616,0.9921
3.4739,-12.8044,-3.9408,1.2787,0.3707,0.672
3.2441,-9.7279,-0.2561,1.0435,-0.4172,0.5938
1.5634,-7.5156,1.0702,0.9122,-0.6219,0.6512
0.8619,-7.1541,0.7158,0.8316,-0.6213,0.8528
-0.1149,-7.6234,0.2609,0.7961,-0.3281,1.0409
-1.0654,-8.4709,0.4046,0.7497,0.2448,1.1301
-2.5641,-9.7806,0.7278,0.6953,0.8881,1.1081
-3.0645,-10.1086,0.881,0.6593,1.3835,1.0312
-3.2537,-10.3911,1.0893,0.6184,1.6791,0.9713
-2.8107,-10.2043,1.4484,0.6202,1.6743,1.0232
-1.2521,-9.6273,2.1236,0.6501,1.5209,1.1142
-0.7374,-9.5028,2.2266,0.6898,1.1831,1.2462
0.3806,-9.1748,2.1978,0.7338,0.7659,1.4087
1.4437,-8.8013,2.2768,0.7888,0.3548,1.5559
2.8299,-8.4805,2.284,0.8939,-0.0574,1.694
3.122,-8.6625,2.2361,0.9953,-0.1381,1.7141
3.5673,-8.9019,2.1978,1.1052,-0.0147,1.6817
3.6583,-9.0336,2.0925,1.1853,0.2632,1.6042
3.1747,-9.1198,2.4732,1.2048,0.5429,1.4936
3.019,-9.1485,2.5857,1.1572,0.9186,1.325
2.3175,-9.3089,2.9759,1.1419,1.1556,1.2175
1.4197,-9.273,3.1794,1.1535,1.3523,1.1191
0.2609,-9.1413,2.9999,1.1822,1.4922,1.0342
-0.4692,-8.8085,2.5737,1.2323,1.5936,0.9762
-0.9911,-8.3752,1.549,1.3032,1.6999,0.9536
-0.9289,-8.3009,0.1819,1.4082,1.9052,1.022
-0.1244,-9.115,-1.6352,1.4656,1.9113,1.0837
0.5841,-9.7782,-2.308,1.4675,1.7243,1.1509
1.7932,-10.8388,-3.0693,1.3667,1.3481,1.2248
2.9017,-11.6528,-3.1387,1.1718,0.9131,1.2456
3.79,-12.5076,-2.4157,0.9354,0.5936,1.2065
3.8067,-12.5219,-2.1188,0.6227,0.425,1.0324
3.6583,-12.012,-1.1803,0.4687,0.477,0.8894
3.2704,-11.1213,-0.2681,0.3404,0.5619,0.7789
2.0302,-9.6034,0.8667,0.2378,0.6266,0.7074
1.5179,-9.2898,0.8834,0.17,0.6865,0.6402
0.7182,-9.1341,0.7326,0.0857,0.7683,0.5217
0.6967,-9.6249,1.288,-0.0394,0.7934,0.518
1.0869,-10.9944,4.2209,-0.2538,0.6944,0.5626
1.0558,-11.3033,4.6902,-0.4683,0.4654,0.5865
0.7996,-12.2801,5.1957,-0.5263,0.2143,0.57
0.5985,-12.723,4.2568,-0.3125,0.141,0.5235
0.6057,-12.0886,1.0678,0.3203,0.3242,0.4374
1.2641,-11.7893,-0.9217,0.6147,0.3823,0.3769
2.9975,-12.6177,-1.956,0.6336,0.3285,0.3507
4.7979,-13.8507,-1.3814,0.4052,0.2473,0.3305
4.7979,-13.8507,-1.3814,-0.3864,0.3175,-0.0994
5.8876,-12.8236,-1.4963,-0.3864,0.3175,-0.0994
6.0336,-12.1843,-2.363,-0.5098,0.5606,-0.3523
6.5675,-12.395,-2.1188,-0.6839,0.6608,-0.5784
5.9091,-12.2969,-0.9337,-0.9765,0.4513,-0.8087
5.538,-12.1939,-0.7158,-1.2581,0.1049,-1.1031
4.2353,-12.0718,-0.0047,-1.4273,-0.1662,-1.3969
3.098,-12.6345,0.802,-1.632,-0.507,-1.7421
0.3998,-14.4062,0.5746,-1.7627,-0.7587,-1.9333
-0.5195,-14.8614,0.3758,-1.8274,-0.829,-2.2014
-3.0621,-16.5565,0.1915,-1.7993,-0.5614,-2.5374
-5.6745,-18.2946,0.4141,-1.6851,-0.077,-2.8392
-9.6465,-19.3529,1.628,-1.4939,0.2894,-3.0206
-9.9673,-19.2116,1.695,-1.128,0.3725,-2.9907
-10.4485,-17.6985,1.3718,-0.8898,0.3016,-2.7549
-9.1269,-15.2995,0.4357,-0.7835,0.1984,-2.3829
-6.2587,-12.4501,-1.7094,-0.8458,0.0756,-2.0017
-4.458,-11.0878,-1.9321,-1.0541,-0.0843,-1.7531
-2.2888,-10.2355,-1.6879,-1.456,-0.2798,-1.6205
-0.9313,-10.0559,-1.2282,-1.5489,-0.2633,-1.6107
0.9552,-10.269,0.8523,-1.4817,-0.0697,-1.6431
1.5059,-10.5036,2.0973,-1.3729,0.0469,-1.6761
2.2553,-10.9394,2.794,-1.2202,0.0445,-1.7347
2.2553,-10.9394,2.794,-0.5807,-0.5144,-2.0615
1.889,-10.7933,0.0167,-0.5807,-0.5144,-2.0615
1.0726,-10.1373,-0.1005,-0.5128,-0.5315,-2.2454
-0.1101,-9.1844,0.8547,-0.591,-0.3464,-2.3474
-1.0055,-8.7942,1.3982,-0.7352,-0.1973,-2.323
-2.3175,-8.1788,2.2649,-0.8055,-0.2731,-2.2442
-2.5067,-7.87,2.3965,-0.7651,-0.7062,-2.064
-2.3199,-7.3528,2.4708,-0.6747,-1.0959,-1.8984
-2.0326,-6.9003,2.4133,-0.6442,-1.5742,-1.7146
-2.0661,-6.194,2.6384,-0.6472,-1.9481,-1.568
-2.1428,-6.0983,2.7126,-0.7034,-2.1839,-1.4605
-2.8898,-5.5332,2.8514,-0.7792,-2.2902,-1.3578
-3.8426,-4.7788,3.0047,-0.8586,-2.237,-1.1373
-4.6136,-3.8211,3.0837,-0.8525,-2.1252,-0.8985
-4.9347,-3.0909,3.1052,-0.7578,-1.934,-0.6162
-5.234,-2.272,3.0047,-0.5727,-1.6793,-0.3328
-5.4399,-1.6256,2.9185,-0.3418,-1.485,-0.0878
-5.3226,-0.814,2.5187,-0.1158,-1.416,0.102
-5.234,-0.553,2.3439,0.2354,-1.3946,0.3134
-4.8964,-0.2466,1.9009,0.4699,-1.4203,0.4215
-4.5034,-0.2585,1.3503,0.7106,-1.4539,0.5486
-2.375,-1.0869,-0.541,0.9635,-1.4966,0.7129
-1.5634,-1.5849,-1.6879,1.2262,-1.5064,0.9175
0.2489,-3.3063,-7.5204,1.5481,-1.5089,1.1906
3.0693,-6.0911,-15.4599,1.6232,-1.5645,1.2737
15.4264,-13.7406,-22.2187,1.3313,-1.6628,1.2816
20.3991,-16.6163,-23.4302,0.6734,-1.5443,1.1552
29.1311,-24.4932,-13.8699,-0.1201,-1.0464,0.6799
24.7401,-30.6658,0.9696,-1.0968,-0.0287,-0.3823
3.0765,-28.4224,-2.6695,-0.9545,0.8588,-2.5936
3.2034,-26.6938,-3.3111,-0.0956,-0.8412,-2.7995
4.3646,-19.3601,-4.2401,0.0008,-1.9524,-1.6083
3.4907,-12.5746,-5.957,-0.3614,-2.2841,-0.6657
0.8092,-6.5316,-5.8589,-0.6876,-1.9695,-0.5942
-0.6823,-4.4053,-4.671,-0.9374,-1.0727,-1.0878
-2.1332,-3.7469,-2.5354,-0.7535,-0.2499,-1.3572
-1.7573,-8.016,1.2114,-0.3119,0.805,-1.3517
6.2683,-22.2403,-0.3184,0.283,1.1672,-1.1495
11.9353,-25.9396,0.8307,0.9843,0.0958,-0.9938
5.1071,-20.8014,4.5154,1.5994,-1.1533,-1.185
-3.857,-9.3424,7.4247,0.9159,0.849,-1.7854
-10.6856,-0.4692,-6.7208,-0.2166,2.9418,-1.0011
-11.1788,1.8363,-7.4773,-0.6344,3.7268,-0.0322
-11.1788,1.8363,-7.4773,-1.0944,-0.1961,1.4881
-11.174,2.8969,7.4917,-1.0944,-0.1961,1.4881
-6.8548,-3.4859,5.7799,0.5781,-4.6805,2.1619
-5.6913,-5.076,5.1813,1.9061,-3.959,2.5082
-3.1531,-9.2443,5.4207,2.5896,-1.058,2.6133
-1.8698,-13.8483,6.285,2.6055,1.8251,2.4539
-0.7709,-20.6146,2.6479,2.3038,3.5814,2.0971
-0.1508,-21.6369,1.3551,1.9256,3.9192,1.6512
1.8938,-21.7878,-1.6184,1.5328,3.2485,1.2071
2.691,-17.7033,-1.8195,1.1181,1.1294,0.6567
3.438,-12.1676,0.0215,0.9849,0.0054,0.496
3.4715,-9.1796,0.9576,0.9611,-0.5083,0.5009
3.1411,-6.6561,1.1659,1.0277,-0.606,0.5681
2.7389,-5.7104,0.3806,1.1236,-0.5187,0.6665
2.0829,-6.5628,-0.6416,1.1865,-0.3446,0.7948
1.5394,-7.3696,-0.6129,1.1535,0.2296,1.0287
0.5434,-9.1341,-0.2825,1.046,0.7763,1.1307
-0.1819,-10.1948,-0.328,0.8658,1.1917,1.1985
-0.9768,-10.9418,0.2394,0.652,1.3383,1.2285
-1.1563,-10.8484,0.5363,0.4504,1.3267,1.2291
-1.3072,-10.1565,1.1683,0.3716,1.2076,1.1937
-1.0606,-9.3616,1.3862,0.476,1.0603,1.193
-0.0861,-8.4661,1.4173,0.6288,0.8307,1.2517
0.2896,-8.2674,1.4556,0.7583,0.5185,1.3519
1.0319,-8.2004,1.4844,0.8536,0.243,1.4411
1.5155,-8.1956,1.3503,0.9098,0.0652,1.4924
1.5227,-8.6361,0.9552,0.936,0.0133,1.438
1.5227,-8.6361,0.9552,0.8701,0.4592,1.2761
1.3958,-9.2538,1.2066,0.8701,0.4592,1.2761
1.2641,-9.6537,1.7453,0.798,0.7347,1.1998
1.0941,-9.9003,2.2768,0.7595,1.0157,1.121
1.0749,-10.0008,2.454,0.7693,1.2412,1.0513
0.893,-9.8572,2.2864,0.8481,1.4079,0.9792
0.5243,-9.5699,1.7142,0.9226,1.4201,0.9371
-0.2011,-9.0743,0.7876,0.9806,1.3975,0.9237
-0.3806,-8.9641,0.4118,1.0118,1.4055,0.9353
-0.6967,-8.9163,0.0143,1.0087,1.4849,0.9805
-0.8667,-8.9282,-0.0335,0.936,1.6333,1.0525
-0.7996,-9.036,0.3495,0.8578,1.6413,1.0978
-0.5195,-9.1892,0.5363,0.7809,1.5289,1.1491
0.1891,-9.692,1.0295,0.7186,1.3102,1.2156
0.5315,-9.9865,1.4724,0.6666,0.9931,1.2706
0.7541,-10.2331,2.1691,0.6532,0.684,1.3024
0.7541,-10.2331,2.1691,0.7192,0.3505,1.361
0.7541,-10.2331,2.1691,0.597,0.0286,1.2792
1.1947,-9.8069,2.624,0.597,0.0286,1.2792
3.5817,-9.6872,1.7238,0.597,0.0286,1.2792
4.1156,-9.8955,0.9959,0.6,-0.2071,1.1943
5.5404,-10.5371,-1.3024,0.9201,-0.1698,1.0806
6.6059,-11.1572,-2.7629,1.1413,0.2228,1.0232
5.8684,-11.7462,-2.2409,0.9941,0.4751,0.8956
4.2928,-11.8085,-0.9074,0.5384,0.4684,0.6659
2.3582,-11.7749,0.79,0.0509,0.488,0.3678
1.0079,-11.9545,2.3247,-0.241,0.681,0.0917
1.4006,-13.1205,3.5098,-0.2972,1.1911,-0.0536
2.1523,-13.7621,3.5482,-0.2282,1.4098,-0.0365
3.7756,-14.8135,2.5043,-0.1555,1.3542,-0.0567
5.5476,-15.4791,0.6464,-0.1103,0.9834,-0.1446
7.779,-15.3761,-1.2617,-0.1427,0.414,-0.2595
8.2507,-15.072,-1.5059,-0.2606,-0.1008,-0.4024
9.1916,-14.2577,-1.4413,-0.5868,-0.5718,-0.6694
9.3137,-13.8435,-2.3223,-0.8476,-0.8033,-0.8826
8.107,-13.6975,-2.1092,-1.0883,-1.0263,-1.1923
7.0464,-13.5059,-1.3575,-1.398,-1.0831,-1.6003
3.5434,-13.0319,-1.0797,-1.7969,-1.121,-2.0567
0.4836,-13.4605,-1.1228,-2.1787,-1.0642,-2.6742
-3.3806,-14.835,-0.0814,-2.2581,-0.5724,-2.8893
-4.2975,-15.2061,0.1436,-2.2214,0.0842,-3.0157
-7.032,-16.2332,0.8499,-2.0736,0.5955,-3.0872
-9.2993,-17.1119,0.9768,-1.8415,0.8276,-3.0524
-10.9418,-17.6578,0.9648,-1.5727,0.7219,-2.8642
-10.6592,-17.4208,0.8427,-1.2434,-0.0226,-2.3334
-8.6146,-16.4918,0.3878,-1.1243,-0.8369,-1.9394
-6.1126,-14.7871,0.9433,-1.1598,-1.4117,-1.6437
-2.7413,-11.9042,3.4907,-1.3204,-1.4148,-1.5209
-1.5801,-11.2386,4.6543,-1.4572,-0.978,-1.5008
0.3854,-10.7167,5.4279,-1.3705,-0.2731,-1.5136
3.1771,-10.9729,4.9467,-1.0974,-0.1534,-1.5832
6.1103,-11.5283,0.8068,-0.7407,-0.0837,-1.7586
7.7982,-12.0311,-2.1236,-0.3791,0.0359,-2.0548
7.9849,-12.0024,-3.9791,-0.1195,0.4525,-2.37
5.0448,-11.1788,-2.6479,-0.1964,1.1697,-2.8062
-0.0359,-9.3592,0.9481,-0.7126,1.5289,-3.2546
-1.0414,-9.0791,1.4796,-0.9967,0.6944,-3.0524
-1.731,-8.7989,1.5873,-1.0852,-0.6726,-2.5496
-1.2737,-8.2315,1.616,-1.0266,-2.0079,-1.9998
-1.3335,-7.123,2.454,-0.9447,-2.8925,-1.5948
-1.4867,-6.9243,2.5378,-0.9087,-3.3726,-1.3817
-2.3558,-5.8924,2.8874,-0.8916,-3.4038,-1.2662
-3.2154,-4.8841,3.347,-0.9191,-3.1075,-1.2357
-4.3215,-3.6918,3.3734,-0.9417,-2.7098,-1.1782
-4.6064,-3.2824,3.4548,-0.9545,-2.4539,-1.0817
-4.7596,-2.8203,3.5817,-0.9472,-2.3659,-0.9333
-4.8964,-2.4085,3.4691,-0.7877,-2.3506,-0.6993
-5.0712,-1.6998,3.098,-0.5581,-2.295,-0.5808
-5.0041,-1.4556,2.9472,-0.2813,-2.1735,-0.4715
-4.9227,-0.9121,2.3678,0.0118,-2.0293,-0.3554
-4.8314,-0.6823,1.7669,0.2787,-1.9566,-0.2173
-4.616,-0.7182,0.7589,0.4803,-1.9847,-0.0451
-4.5872,-0.8451,0.3615,0.663,-2.0593,0.2639
-4.3861,-1.4365,-1.1372,0.7772,-1.9927,0.5009
-3.4069,-2.3343,-3.8738,0.9049,-1.8015,0.7453
1.8818,-5.6123,-12.5363,1.0051,-1.4808,0.9817
4.1826,-7.1805,-13.4365,0.9513,-1.201,1.1246
11.4182,-11.4086,-14.9859,0.3105,-1.2138,0.9682
16.4128,-15.5748,-12.9481,-0.1017,-1.4411,0.5968
13.0271,-22.4222,-4.9754,-0.3595,-1.2596,-0.0628
11.3081,-22.8843,-2.9089,-0.53,-0.2358,-0.816
7.7551,-22.1062,-3.9336,-0.4524,0.601,-1.2051
9.6345,-18.3976,-7.9897,0.2189,-0.3501,-0.8807
9.6345,-18.3976,-7.9897,0.1419,-1.102,0.0965
5.3154,-8.8779,-6.4454,0.1419,-1.102,0.0965
1.3646,-5.4351,-3.9001,-0.2917,-0.435,-0.188
-1.8315,-2.9257,-2.3558,-0.395,0.0897,-0.4311
-4.8386,-2.7006,-1.0654,-0.1879,0.2222,-0.5075
-6.1486,-4.7405,-2.1787,0.1242,0.0683,-0.3804
-7.0057,-11.5978,-7.9634,0.5255,-0.4008,0.0917
-3.5386,-19.8892,-10.1828,0.5762,-0.4741,0.5614
10.348,-31.6833,-1.3623,0.4486,0.1202,0.9212
14.4181,-32.6003,-0.328,0.3801,0.6223,0.8497
9.1054,-22.7359,-2.6192,0.4327,0.3811,0.0862
-1.0295,-9.4645,1.6591,-0.1182,1.9217,-1.5881
-6.3497,-1.7405,4.5944,-0.7364,3.1813,-1.3346
-6.376,-0.6847,4.6782,-0.8617,2.6614,-0.5112
-5.7966,-0.0766,5.2316,-0.4835,1.4189,0.2169
-4.774,-1.4006,6.2228,0.0912,0.3615,0.7294
-2.4588,-7.1948,8.356,0.6239,-0.2273,1.0629
-2.1404,-7.949,8.8444,1.0435,0.122,1.4331
-1.6519,-11.4565,9.5196,1.1828,0.4892,1.6213
-1.2066,-14.1284,8.9282,1.3636,0.5973,1.7056
-0.3734,-16.2955,7.5851,1.4992,0.3481,1.7098
0.2873,-16.2931,6.3162,1.5322,-0.1472,1.6481
1.6903,-15.4288,1.5059,1.5182,-1.0306,1.4356
3.2297,-13.0606,-6.6322,1.5933,-1.369,1.2676
2.5665,-9.2658,-7.6378,1.9727,-0.8387,1.1576
2.5665,-9.2658,-7.6378,2.1449,0.524,1.1533
0.8188,-7.5348,-2.6719,2.1449,0.524,1.1533
-0.3926,-7.3121,0.5554,1.6752,0.6077,1.0617
-2.3535,-7.2403,1.8435,0.9482,0.1575,0.8296
-2.7102,-7.3457,1.5897,0.7766,-0.1204,0.7367
-3.1411,-8.1453,0.6823,0.8334,-0.1827,0.7581
-3.1172,-8.6816,-0.0598,1.0362,0.0781,0.8449
-2.4277,-9.3041,-0.7038,1.2873,0.557,0.9579
-2.1404,-9.3065,-0.577,1.4675,1.0677,1.0788
-1.2449,-9.0168,0.2178,1.4473,1.5741,1.2639
-0.5243,-8.7654,1.2042,1.2628,1.4867,1.3904
0.4453,-8.3967,1.7812,1.1156,1.224,1.4814
0.5219,-8.3369,1.8076,1.0564,0.9687,1.529
0.9313,-8.1477,1.7693,1.0698,0.8685,1.5229
0.9313,-8.1477,1.7693,1.1883,1.1428,1.438
2.2673,-8.7965,1.2042,1.1883,1.1428,1.438
2.5522,-9.3305,1.1827,1.1798,1.2479,1.3842
2.3367,-9.6561,1.458,1.1346,1.3059,1.2798
1.7621,-9.6297,1.6759,1.0594,1.301,1.1497
1.3072,-9.5364,2.2146,0.9983,1.2949,1.0507
1.2042,-9.4693,2.375,0.9537,1.2815,1.0159
0.9528,-9.115,2.2744,0.9715,1.2247,1.0257
0.8379,-8.8875,1.7549,1.038,1.1856,1.0348
0.4501,-8.4231,-0.1651,1.1303,1.1788,1.0532
0.4596,-8.5308,-0.8451,1.2134,1.2149,1.0611
0.5626,-9.5483,-2.2098,1.2488,1.3328,1.069
0.4285,-10.6018,-3.1794,1.2213,1.4391,1.0385
0.9217,-12.0503,-2.6072,1.1315,1.4769,0.9627
1.2306,-12.1891,-1.9656,0.9696,1.4336,0.9023
2.0039,-11.6433,-0.3806,0.7625,1.3548,0.8613
2.3918,-10.7239,0.656,0.564,1.3004,0.8204
1.8004,-9.3089,1.154,0.3581,1.2949,0.7056
1.7238,-9.1629,1.1061,0.2861,1.3175,0.5797
1.6831,-8.9043,0.9576,0.2183,1.3694,0.4692
1.719,-8.5236,1.4365,0.0924,1.3865,0.405
1.8435,-9.3903,2.0949,-0.081,1.3114,0.358
1.5849,-10.3695,2.0661,-0.194,1.2057,0.311
1.0893,-11.7414,1.7597,-0.0993,1.1611,0.1527
1.2761,-12.7446,1.8986,0.0368,1.1929,0.0721
3.0909,-13.2929,1.786,0.1217,1.2124,0.0684
4.3694,-13.5371,1.4197,0.1529,1.1367,0.1124
6.8094,-14.2266,-0.0742,0.1535,1.0066,0.1527
8.4614,-14.2793,-2.0135,0.0735,0.8343,0.0348
9.3664,-14.8829,-2.4253,-0.095,0.769,-0.2198
9.2538,-15.5293,-2.2649,-0.4011,0.5967,-0.5527
8.0136,-17.2077,-2.5953,-0.8079,0.2235,-0.9229
5.6769,-17.5836,-3.8953,-1.2587,-0.1894,-1.3077
0.5099,-16.0106,-3.6703,-1.7126,-0.4203,-1.6339
-1.1635,-15.3258,-2.6815,-2.2178,-0.1955,-1.9931
-4.2137,-13.7717,-0.4501,-2.3552,0.039,-2.1636
-5.9522,-13.1372,0.1316,-2.2935,0.221,-2.2344
-6.7543,-14.8973,0.5841,-2.0815,0.3798,-2.2527
-6.6035,-15.3761,0.8499,-1.8836,0.4782,-2.2637
-6.2994,-16.0944,2.1883,-1.745,0.4409,-2.3132
-5.799,-16.08,2.8012,-1.7028,0.3688,-2.3859
-5.2388,-15.5222,2.3582,-1.6265,0.2992,-2.4311
-4.865,-14.7369,1.3096,-1.5116,0.1892,-2.411
-3.6415,-13.8914,-0.1268,-1.3528,0.0799,-2.2778
-1.3599,-13.1971,-1.2713,-1.1946,-0.0012,-2.0316
1.1013,-12.1269,-0.9983,-1.0681,-0.1485,-1.6639
1.5634,-11.6217,-0.2059,-1.0926,-0.2572,-1.5729
1.9345,-11.1716,1.0654,-1.1567,-0.4105,-1.5826
3.1483,-11.1668,2.2864,-1.1769,-0.5712,-1.6052
3.8642,-11.0423,3.3135,-1.1335,-0.7508,-1.6333
3.857,-10.9513,3.0837,-0.9582,-1.0574,-1.8355
3.4189,-10.6425,2.0207,-0.7835,-1.1387,-2.0145
1.9776,-9.862,1.6136,-0.6619,-1.0697,-2.1678
-0.5386,-8.5643,1.9704,-0.6289,-0.8931,-2.2558
-1.1731,-8.2195,2.1284,-0.61,-0.7001,-2.2338
-2.1595,-7.6306,2.5258,-0.5672,-0.6396,-2.1037
-2.7174,-7.0751,2.5665,-0.4487,-0.9334,-1.8196
-3.134,-6.3018,2.0853,-0.3485,-1.2816,-1.6388
-3.1675,-6.2036,2.0159,-0.2948,-1.6585,-1.4763
-3.1507,-5.708,1.731,-0.2923,-1.9096,-1.3505
-3.1962,-5.2579,1.6998,-0.3357,-2.0513,-1.2564
-3.4308,-4.7836,1.8794,-0.4011,-2.1093,-1.1758
-3.7062,-4.4244,2.0111,-0.4408,-2.1118,-1.0457
-3.7062,-4.4244,2.0111,-0.2545,-2.0794,-0.7799
-4.0845,-3.4045,2.7676,-0.2545,-2.0794,-0.7799
-4.3335,-2.2864,2.7629,-0.0278,-1.9591,-0.6376
-4.4532,-1.7788,2.4468,0.2574,-1.7379,-0.5051
-4.2712,-1.0103,2.047,0.6471,-1.4435,-0.3077
-3.9552,-0.5578,1.9991,0.7998,-1.3623,-0.1581
-3.4811,-0.4932,1.7022,0.9049,-1.372,-0.0219
-3.2896,-0.6248,1.5801,1.0118,-1.4331,0.1075
-2.9544,-0.9768,0.9792,1.1394,-1.4685,0.2517
-2.0446,-1.4413,0.1915,1.2702,-1.4673,0.4172
-0.4285,-3.1172,-3.3758,1.4449,-1.3305,0.653
0.1029,-4.2975,-7.4941,1.5499,-1.1405,0.7514
2.6551,-7.5755,-14.6384,1.5768,-0.887,0.8045
7.6162,-12.1748,-18.8693,1.297,-0.6072,0.8308
26.0498,-25.4847,-20.8133,0.7448,-0.2548,0.7422
27.6898,-27.2995,-17.5381,-0.296,-0.3537,0.0703
24.6204,-32.8373,-0.3639,-1.2447,-0.4124,-1.1019
8.0424,-30.266,-2.466,-1.1879,-0.0318,-2.4885
4.4603,-20.8445,-4.3287,-0.387,-0.7263,-2.7811
4.7884,-16.0202,-4.1587,-0.2703,-1.5119,-1.4672
3.3207,-10.2115,-4.5465,-0.5153,-2.0843,-0.3505
0.9361,-5.55,-5.2412,-0.5629,-2.0061,-0.2424
-1.5682,-1.6903,-4.5178,-0.478,-1.4655,-0.4397
-2.2625,-1.0534,-4.0222,-0.3308,-0.7099,-0.5539
-2.9544,-1.7501,-2.9257,-0.0883,0.2051,-0.5081
-3.4644,-5.8565,-2.5737,0.1425,0.7897,-0.3206
2.3151,-17.5644,-3.0717,0.3404,0.5716,-0.0848
6.0719,-21.1605,-1.628,0.7363,-0.8064,0.179
7.767,-23.8181,1.6376,0.9886,-1.0745,0.0251
1.2234,-19.9897,1.6591,0.8823,0.1257,-0.5271
-4.9419,-8.131,3.9408,0.0936,2.1788,-0.863
-5.6793,-5.9594,3.7541,-0.7602,3.2949,-0.5606
-6.5197,-3.1076,3.9025,-0.748,2.3725,0.1027
-7.2331,-2.4779,2.1547,-0.1811,0.9376,0.4765
-5.8014,-3.7421,3.5577,0.4852,-0.2682,0.7942
-4.8099,-4.4196,4.3167,0.9275,-0.8442,1.0892
-2.7964,-6.9291,5.4973,1.0845,-0.5168,1.369
-2.3295,-9.2874,6.2156,1.071,0.3914,1.5412
-2.3032,-12.6129,6.4646,0.9519,1.3523,1.5376
-2.0159,-14.7201,5.8086,0.8969,1.4342,1.5089
-0.7302,-17.1095,3.2369,0.8548,1.2112,1.504
1.1228,-17.8182,-0.2681,0.8328,0.8459,1.4924
2.6384,-14.7201,-2.0374,0.9256,0.4709,1.4545
2.7222,-12.8499,-1.7453,1.2769,0.0652,1.3708
2.5306,-10.2546,-1.13,1.3795,-0.2486,1.3519
2.1308,-8.9857,-0.5602,1.3099,-0.5321,1.3397
0.6248,-8.344,-0.1053,1.1327,-0.5907,1.2798
0.0359,-8.3632,0.0287,0.9317,-0.446,1.1631
-1.2306,-8.7008,0.2801,0.7522,-0.1753,1.0532
-2.126,-8.9402,0.96,0.6288,0.4079,0.9805
-3.0382,-8.7942,1.7477,0.6593,0.7787,0.9927
-3.0693,-8.6673,1.98,0.7717,1.0646,1.0507
-2.521,-8.4925,2.1715,0.8975,1.2179,1.1735
-1.6352,-8.5978,1.8794,0.9879,1.1972,1.3494
0.3543,-9.1485,1.4724,1.0729,1.1171,1.5003
0.565,-9.2347,1.446,1.1688,1.0432,1.606
1.3982,-9.4789,1.2617,1.2109,1.0597,1.5846
1.9464,-9.6537,1.0223,1.2396,1.1514,1.5296
2.8107,-9.8404,1.1324,1.2366,1.2931,1.4759
3.1196,-9.7447,1.3766,1.1853,1.4189,1.4301
3.4165,-9.5771,1.8195,1.0912,1.5276,1.3433
3.347,-9.2227,1.8674,1.0814,1.5325,1.2651
2.8275,-8.6697,1.2976,1.1077,1.4501,1.1698
2.5737,-8.5452,0.6703,1.1297,1.32,1.0886
2.0661,-8.277,-0.2274,1.1401,1.2045,1.0446
1.6232,-8.277,-0.9169,1.1138,1.1361,1.0232
0.4118,-8.7918,-1.0797,0.9959,1.0939,1.0428
0.0239,-8.8875,-0.9888,0.8969,0.9785,1.0483
-0.3711,-9.2083,-0.4453,0.7974,0.7531,1.0684
-0.5195,-9.5172,0.4788,0.7033,0.5069,1.1222
-0.1771,-10.0966,0.6991,0.6459,0.3267,1.1741
0.1125,-10.4054,0.4357,0.6526,0.3487,1.2224
0.9361,-11.0471,-0.2035,0.6654,0.5393,1.2205
1.7046,-11.0734,-0.6655,0.6257,0.7476,1.1821
2.2553,-10.0846,-2.2074,0.5493,0.9095,1.0904
2.2553,-10.0846,-2.2074,0.484,1.2662,0.7905
2.2505,-9.7542,-3.4284,0.484,1.2662,0.7905
2.126,-9.8787,-2.5139,0.3209,1.392,0.5577
2.0973,-10.3839,0.8331,0.0118,1.3316,0.4637
1.9919,-10.5754,2.8778,-0.3571,1.2069,0.4227
2.114,-11.0471,4.7836,-0.6631,1.0396,0.3989
2.7485,-12.2777,4.7548,-0.8152,0.8172,0.4166
3.8163,-13.221,2.0901,-0.7609,0.6755,0.4551
4.5633,-13.2091,0.7757,-0.3369,0.86,0.4539
6.3545,-13.6089,-0.1819,-0.0584,0.9846,0.4362
7.688,-14.2984,0.3878,-0.0095,0.7537,0.3934
8.344,-14.0351,0.3854,-0.1298,0.2375,0.2847
8.344,-14.0351,0.3854,-0.4145,-0.3415,-0.1563
8.4159,-12.5674,-2.0925,-0.4145,-0.3415,-0.1563
8.4159,-12.5674,-2.0925,-1.0364,-0.1576,-0.6059
7.1517,-12.6656,-0.5434,-1.0364,-0.1576,-0.6059
6.7375,-13.312,0.3495,-1.4603,-0.413,-0.9211
5.076,-14.3679,1.7357,-1.7529,-0.9047,-1.2888
2.0949,-14.847,2.612,-1.891,-1.5364,-1.6895
-3.0406,-14.9811,2.0518,-1.8427,-1.8601,-2.2662
-3.7229,-15.1223,1.8555,-1.6765,-1.474,-2.5649
-5.0903,-16.6618,1.7357,-1.4792,-0.9145,-2.7677
-6.4622,-18.6346,1.5873,-1.2899,-0.5962,-2.9094
-8.3105,-20.2938,1.8411,-1.1103,-0.4826,-3.0133
-8.8756,-20.3465,1.7812,-0.8812,-0.2138,-3.045
-9.036,-19.0416,1.0845,-0.7645,0.0866,-2.9455
-8.0065,-15.752,0.0143,-0.7114,0.2644,-2.7818
-5.9881,-11.7606,-2.7317,-0.6949,0.2143,-2.5777
-4.8937,-10.8101,-2.9855,-0.7138,-0.0574,-2.3334
-2.6551,-10.1397,-2.6431,-0.8134,-0.3439,-2.0542
-0.7972,-9.4502,-1.3623,-0.9154,-0.5199,-1.7561
1.0127,-9.3376,0.2585,-0.8598,-0.3531,-1.6938
1.3383,-9.4142,0.292,-0.715,-0.1167,-1.6828
2.2577,-9.5795,0.8499,-0.5532,0.006,-1.692
3.8235,-9.8308,0.6129,-0.4255,0.1251,-1.7121
4.0677,-9.7877,0.1843,-0.3235,0.1538,-1.7757
3.5482,-9.5603,0.2035,-0.3583,-0.2236,-2.0298
1.288,-8.9689,0.7733,-0.5055,-0.6335,-2.2008
-0.3782,-8.5332,1.6208,-0.6772,-0.9988,-2.2582
-2.1475,-7.6593,2.1188,-0.8219,-1.3323,-2.1159
-2.2553,-7.518,2.1045,-0.9105,-1.7147,-1.8691
-2.4947,-6.6346,1.9895,-0.9795,-2.2224,-1.502
-2.5426,-5.866,1.9776,-1.0211,-2.4319,-1.2931
-2.6527,-5.0113,1.889,-1.0687,-2.5516,-1.1141
-2.8323,-4.7836,1.9536,-1.1176,-2.6115,-0.9589
-3.0382,-4.604,1.9488,-1.1585,-2.639,-0.8178
-3.3087,-4.4556,2.1116,-1.1665,-2.6842,-0.6798
-3.7924,-4.0342,2.5474,-1.0638,-2.6359,-0.4428
-3.96,-3.675,2.7054,-0.8769,-2.4307,-0.2589
-4.0198,-3.1124,2.7533,-0.591,-2.0996,-0.0701
-3.9264,-2.4732,2.6743,-0.2587,-1.7624,0.1094
-3.8833,-1.8938,2.2505,0.0533,-1.537,0.2651
-3.7732,-1.7908,2.1835,0.4211,-1.5015,0.4398
-3.6128,-1.6065,1.8339,0.6031,-1.5779,0.5474
-3.5075,-1.5945,1.6232,0.7686,-1.6811,0.6567
-3.5721,-2.4301,-0.4429,0.9495,-1.7911,0.7874
-3.4165,-2.8347,-1.4796,1.1394,-1.8852,0.9475
-2.8203,-4.4196,-5.4471,1.2763,-1.9432,1.1436
0.146,-6.5843,-11.1931,1.2958,-1.934,1.4398
12.225,-13.5802,-21.2108,1.1199,-2.0037,1.548
14.4612,-14.9475,-23.5882,0.8505,-2.0415,1.4527
25.4368,-21.6202,-24.7641,0.4919,-1.7697,1.0574
28.0298,-27.2086,-6.0193,-0.511,-0.9792,0.1692
9.5364,-27.041,0.3327,-1.5959,0.3004,-1.3621
3.213,-24.6635,-1.4245,-0.9246,-0.9255,-2.9937
2.6934,-18.3042,-2.3846,-0.3846,-2.4832,-2.1495
1.9297,-11.7558,-3.3255,-0.3699,-2.7495,-0.9834
-1.367,-3.96,-2.8969,-0.4896,-2.383,-0.634
-3.0837,-1.1276,-2.6455,-0.6271,-1.8308,-0.7091
-4.8602,2.9137,-1.9488,-0.5446,-0.8882,-0.8007
-6.1893,4.8506,-0.6416,-0.1903,-0.2786,-0.6804
-9.5364,-0.0263,-0.2753,0.3783,0.2754,-0.458
-10.2618,-4.0485,-1.5562,1.0277,0.4238,-0.1514
-9.4023,-14.2817,-6.8189,1.5548,-0.0104,0.3012
-4.9706,-26.0426,-14.6767,1.801,-0.3989,0.8675
16.681,-41.2317,-5.9355,1.3868,-0.8962,1.3897
15.005,-41.1,-2.4971,0.4369,-0.9799,0.9322
-0.5075,-25.4991,7.6952,-0.2343,0.0066,-0.7237
-5.8301,-11.4565,12.6752,-0.58,1.6407,-1.9699
-4.0462,-1.9033,10.2833,-0.7639,1.9168,-1.232
-3.9552,-0.79,9.6273,-0.4811,1.5069,0.234
-4.3167,1.3886,7.4438,0.0613,1.4666,0.7624
-4.2736,1.6232,5.9331,0.7796,1.312,1.0861
-4.0916,-0.3711,3.7158,1.4143,0.8526,1.3329
-3.6607,-2.3391,2.3822,1.7827,0.4348,1.5241
-3.1172,-5.6961,2.4708,1.8279,0.3609,1.6298
-1.9919,-10.5922,3.5075,1.3111,0.3908,1.653
-1.6543,-15.1295,4.0485,0.8988,0.1135,1.5467
-1.5538,-16.5445,3.8331,0.5884,-0.2835,1.3262
-0.7086,-18.2755,2.0877,0.3844,-0.5541,1.0855
0.0167,-17.6219,-1.7693,0.247,-0.7942,0.8943
0.0957,-13.2258,-4.0773,0.6281,-1.0953,0.8223
0.2968,-12.1221,-4.1228,1.3899,-0.989,1.069
0.5315,-9.759,-3.0478,1.7973,-0.7489,1.3592
0.6033,-8.1166,-1.3144,1.6947,-0.5486,1.4887
0.6631,-6.5292,-0.2777,1.3361,-0.4136,1.4417
0.4429,-6.151,-0.3375,0.9849,-0.2358,1.2731
-0.292,-6.2395,-0.2657,0.7766,0.3426,0.9151
-0.292,-6.2395,-0.2657,1.024,1.2314,0.727
-0.0574,-9.7447,0.5793,1.024,1.2314,0.727
0.1197,-9.9793,0.5985,1.1517,1.414,0.8003
0.6057,-10.0822,0.553,1.1755,1.3621,0.9004
1.2737,-9.9194,0.7182,1.1156,1.1025,0.9939
2.4349,-9.8524,0.8116,0.9751,0.491,1.1283
3.0861,-9.783,0.6464,0.9568,0.1471,1.179
3.5194,-9.7662,0.2968,1.0087,-0.0196,1.1607
3.5506,-9.6992,-0.0957,1.0716,-0.0458,1.0819
3.0071,-9.7016,-0.4908,1.0979,0.0066,0.978
2.5163,-9.7135,-0.656,1.0613,0.2228,0.8229
1.5993,-9.7016,-0.5578,1.0014,0.4177,0.7337
0.3208,-9.5723,-0.3543,0.922,0.6199,0.6585
-1.5251,-9.3161,0.1843,0.8536,0.7769,0.6097
-1.731,-9.3041,0.4261,0.8029,0.8459,0.6127
-2.1068,-9.2658,1.2354,0.7662,0.8642,0.6714
-2.2242,-9.1078,1.8579,0.754,0.8111,0.8051
-2.1021,-8.8779,1.8267,0.7851,0.7445,0.887
-2.0135,-8.7918,1.6591,0.8285,0.6804,0.9676
-1.5801,-8.842,1.0893,0.8615,0.6278,1.0501
-0.6991,-9.1174,0.383,0.8841,0.6071,1.1375
1.0031,-9.9314,-1.3575,0.925,0.6498,1.2383
1.3503,-10.0798,-1.889,0.9519,0.717,1.2499
2.047,-10.1732,-3.4763,0.9586,0.8343,1.1979
2.047,-10.1732,-3.4763,0.768,1.0994,0.9731
2.4564,-9.7854,-3.8426,0.768,1.0994,0.9731
2.2697,-9.9625,-3.1914,0.5652,1.2717,0.8357
2.308,-10.6137,-1.6472,0.2897,1.5185,0.6708
2.5067,-11.016,0.6895,0.0723,1.5698,0.6469
3.3973,-10.9489,4.4077,-0.219,1.3945,0.6659
4.1419,-11.2338,4.8434,-0.4994,0.9241,0.7245
5.6554,-12.9768,3.7541,-0.5978,0.3291,0.7966
6.6226,-14.047,1.4197,-0.4145,-0.0892,0.8369
8.2076,-14.0398,-0.1795,0.0991,-0.3171,0.7703
9.1317,-14.2242,0.5027,0.1914,-0.4582,0.7105
10.4198,-14.6456,2.1045,0.0222,-0.7325,0.6347
10.4605,-14.8326,3.0262,-0.2044,-1.0556,0.4563
9.3089,-14.8542,1.0726,-0.3406,-1.2205,0.1246
9.2251,-14.9787,0.7158,-0.4609,-0.9499,-0.4831
8.9378,-15.2779,1.3072,-0.7224,-0.9499,-0.8111
7.4079,-14.8542,2.4444,-1.12,-1.372,-1.1391
3.1962,-13.2162,2.9448,-1.4945,-2.0153,-1.4965
2.5905,-13.1157,2.7629,-1.7144,-2.4386,-1.808
0.055,-13.245,1.3215,-1.7718,-2.5522,-2.0487
-2.7916,-14.1883,-0.1628,-1.7425,-2.3457,-2.3761
-6.1438,-16.1758,-0.0143,-1.7743,-2.0806,-2.5789
-7.5372,-17.4495,0.6655,-1.8568,-1.843,-2.7158
-9.5148,-19.0009,1.4365,-1.9172,-1.7269,-2.7451
-10.5204,-19.3625,1.628,-1.9142,-1.617,-2.6742
-10.3097,-16.7767,1.8267,-1.8238,-1.1362,-2.4232
-9.5818,-15.0697,1.7381,-1.701,-0.738,-2.2424
-8.0615,-11.9186,1.3096,-1.5446,-0.4979,-2.0927
-6.1869,-9.8596,0.644,-1.3937,-0.5034,-1.9742
-2.9616,-8.8444,0.6991,-1.2972,-0.7496,-1.8178
-2.9616,-8.8444,0.6991,-1.464,-1.1173,-1.444
0.213,-8.9641,2.7174,-1.464,-1.1173,-1.444
1.8363,-9.3855,3.7948,-1.5208,-1.1894,-1.4366
4.6854,-9.9817,4.3311,-1.478,-1.2951,-1.5008
5.6793,-10.0559,4.4867,-1.332,-1.3757,-1.6303
7.3744,-10.9753,2.8012,-1.139,-1.256,-1.8551
8.5116,-11.332,0.5099,-0.8995,-1.0538,-2.1892
4.1611,-10.3887,0.8714,-0.7462,-0.5651,-2.7628
3.0286,-10.0583,1.4437,-0.8849,-0.278,-3.0579
0.7876,-9.4645,2.8467,-1.0449,-0.3281,-3.0383
-0.5219,-9.0958,3.8331,-1.07,-0.8284,-2.7341
-1.1659,-8.775,4.3861,-0.993,-1.7117,-2.337
-1.537,-8.4566,4.4867,-0.8055,-2.9157,-1.8215
-2.2361,-7.8365,4.4747,-0.6729,-3.2156,-1.6107
-2.2361,-7.8365,4.4747,-0.5306,-2.7031,-1.4299
-4.1635,-5.6506,4.458,-0.5306,-2.7031,-1.4299
-4.525,-5.0712,4.2042,-0.5049,-2.2834,-1.3554
-5.1167,-4.0605,3.7062,-0.4658,-2.036,-1.246
-5.3058,-3.2585,3.4691,-0.3363,-2.033,-1.028
-5.3154,-2.2074,3.2513,-0.1976,-2.1594,-0.8453
-5.2651,-1.8842,3.1459,-0.0242,-2.2926,-0.6596
