bicicleta
-0.656,-8.9689,-0.055,0.843,0.6495,1.1203
-0.7661,-9.5172,-0.8906,0.9041,0.9976,1.306
-0.6823,-9.7327,-1.3215,0.8876,1.2554,1.4868
-0.4309,-9.941,-1.6256,0.7697,1.2426,1.6578
-0.0909,-9.8811,-1.5227,0.5602,1.0795,1.8044
-0.0766,-9.3305,-0.7637,0.2877,0.9329,1.8894
-0.0885,-9.3448,0.1173,-0.1031,0.9659,1.8777
-0.395,-9.9027,2.0422,-0.3236,1.0691,1.893
-0.7422,-10.8795,5.3513,-0.4727,1.2536,1.9804
-0.7948,-11.0447,6.8572,-0.422,1.6354,2.1502
-0.7398,-10.9274,6.6059,-0.0976,2.1662,2.3787
-0.6392,-10.5563,5.4662,0.3299,2.4057,2.5906
-0.6224,-10.3767,3.8953,0.8082,1.8785,2.7177
-0.8906,-10.4892,2.1332,0.9389,1.3,2.6554
-0.9816,-10.5132,2.0757,0.92,0.7753,2.5161
-1.2617,-10.6592,1.9225,0.7935,0.41,2.3726
-1.1755,-11.0806,1.2761,0.6671,0.2316,2.2791
-0.0957,-11.2554,1.4748,0.7337,0.7509,2.3243
-0.0119,-11.2338,1.5825,0.7227,1.275,2.4074
0.6631,-11.2913,2.873,0.6054,1.6696,2.474
1.1133,-11.8779,4.185,0.4533,1.7826,2.4782
1.6208,-13.4197,5.289,0.3665,1.6201,2.4324
2.0973,-14.5283,5.3369,0.3623,1.3,2.3658
2.2361,-15.5653,3.632,0.4906,0.8229,2.1893
1.3215,-16.0632,1.5801,0.5871,0.5835,1.8588
-0.0359,-15.2372,-1.1252,0.5437,0.3617,1.4031
-0.6033,-14.3008,-1.4077,0.4087,0.3556,0.9615
-1.3527,-12.316,0.4692,0.1766,0.5016,0.5381
-1.3407,-10.6904,3.2225,-0.3609,0.7881,0.0335
-1.4604,-8.4446,4.8386,-0.5759,1.0789,-0.1667
-1.6256,-8.2507,4.8964,-0.6364,1.1467,-0.3097
-2.0781,-7.9729,5.3465,-0.6327,0.9408,-0.3793
-2.0302,-8.186,5.3752,-0.59,0.5346,-0.3084
-0.8068,-8.4422,4.1778,-0.4727,0.0722,-0.1472
-0.7374,-8.3632,4.0342,-0.309,-0.6449,-0.0006
-0.3687,-8.0567,2.952,-0.2167,-1.0279,-0.0531
-0.3998,-7.6114,2.2649,-0.1263,-1.1892,-0.1624
-1.1516,-7.7886,1.8866,-0.1251,-1.1824,-0.2895
-1.1947,-7.8604,1.8914,-0.1673,-1.0242,-0.4086
-1.7166,-8.3704,1.9728,-0.2326,-0.8446,-0.5174
-2.0661,-8.4829,1.9967,-0.3609,-0.8672,-0.6585
-2.4181,-8.3704,1.9105,-0.3939,-1.0389,-0.7092
-2.6312,-8.3201,1.6831,-0.3804,-1.2728,-0.7409
-2.7916,-8.5356,1.4149,-0.3139,-1.4506,-0.7446
-2.6288,-8.7582,1.4006,-0.2357,-1.4469,-0.6927
-1.7357,-9.2754,1.6639,-0.1117,-0.9992,-0.4893
-1.3958,-9.5148,1.8076,-0.0689,-0.5899,-0.3445
-0.9337,-9.9649,1.4437,-0.0842,-0.3822,-0.3023
-1.0079,-10.4462,1.5921,-0.1862,-0.4353,-0.3518
-1.1731,-11.6911,2.9065,-0.4,-0.5905,-0.4337
-1.1324,-11.8683,2.861,-0.6205,-0.5813,-0.4862
-1.2952,-12.7877,2.8826,-0.7402,-0.2991,-0.5626
-1.4963,-13.9058,2.7581,-0.7702,-0.3926,-0.6579
-0.735,-14.7153,2.4803,-0.7219,-0.5783,-0.7159
-0.6153,-14.6288,2.3415,-0.6321,-0.7585,-0.7312
0.055,-13.9824,2.0087,-0.5466,-0.8581,-0.758
0.4405,-13.6424,2.2266,-0.4751,-0.6094,-0.8894
0.553,-14.2457,3.1148,-0.5228,-0.3199,-1.0451
0.5626,-14.3032,3.2202,-0.5979,-0.0322,-1.2003
0.4668,-14.5977,3.632,-0.6614,0.1235,-1.3298
-0.1077,-14.375,3.0861,-0.6474,0.0612,-1.4544
-0.8595,-13.2976,1.6328,-0.568,-0.2331,-1.5809
-0.8092,-12.0431,0.9552,-0.4971,-0.8287,-1.7153
-0.7589,-10.5754,0.5865,-0.5417,-1.0389,-1.7708
-0.7613,-9.4693,0.6105,-0.6248,-0.9943,-1.8423
-0.4453,-8.6912,1.1683,-0.717,-0.7744,-1.8845
-0.1675,-8.6002,1.5705,-0.8013,-0.4915,-1.8894
-0.1532,-8.6816,2.0901,-0.8716,-0.1311,-1.8851
-0.1771,-8.6218,2.5833,-0.8465,0.0172,-1.9156
-0.1987,-8.8636,3.517,-0.7427,0.0722,-1.9578
-0.0766,-9.0168,3.8379,-0.5771,0.0765,-1.973
0.1268,-9.352,4.7884,-0.3621,0.0441,-1.9541
0.2777,-9.4813,4.774,-0.0707,0.0105,-1.9419
0.0981,-10.3384,4.501,0.4649,0.0294,-1.9804
0.0981,-10.3384,4.501,0.9078,-0.1159,-2.0274
-0.541,-10.8723,4.0581,0.9078,-0.1159,-2.0274
-0.7038,-11.1237,3.4763,0.9847,-0.2154,-1.8826
-1.2617,-10.0224,1.2593,1.0031,-0.3236,-1.6346
-1.3048,-9.8548,1.1276,0.9896,-0.4805,-1.422
-2.0111,-8.3201,-0.5386,0.9371,-0.6821,-1.3463
-2.0829,-7.2523,-2.4612,0.9194,-0.709,-1.2925
-1.2114,-6.5268,-3.0861,0.7746,-0.607,-1.0378
-0.5626,-5.981,-2.4899,0.3727,-0.5386,-0.6548
-0.5506,-5.2938,-1.4532,-0.1746,-0.6815,-0.3323
-0.9481,-5.3992,-0.0646,-0.6602,-0.7841,-0.1172
-1.4437,-5.4806,1.3766,-0.6217,-0.4445,-0.0763
-1.3551,-5.2292,1.616,-0.4635,-0.1696,0.0036
-1.3862,-4.2951,1.8722,-0.3792,-0.202,0.1826
-1.2473,-3.4979,1.8004,-0.3487,-0.2496,0.3207
-0.96,-2.1978,1.9512,-0.2442,-0.1153,0.4214
-0.9289,-2.0781,2.0542,-0.0096,0.3483,0.5784
-0.8762,-2.2266,1.9081,0.1436,0.6336,0.6945
-0.5554,-2.6551,1.0295,0.2731,0.7735,0.8649
-0.5291,-3.9887,1.9488,0.322,0.8345,1.1068
-0.5291,-3.9887,1.9488,0.1198,0.7808,1.7892
-0.3639,-5.3321,2.5354,0.1198,0.7808,1.7892
-0.0454,-6.7495,3.0526,0.1662,0.7985,2.0622
0.3399,-9.5411,4.1539,0.2603,0.829,2.2797
0.3136,-9.7087,4.2401,0.3678,0.7997,2.3768
0.2753,-11.1117,4.0007,0.5162,0.8113,2.3823
0.1867,-12.316,3.347,0.7019,0.9066,2.3664
-0.1388,-13.5107,3.6176,0.8326,1.0025,2.3567
-0.4333,-13.9153,4.027,0.7948,0.9482,2.3897
-0.7829,-14.399,3.6679,0.8021,0.7973,2.4459
-0.7757,-14.7704,2.7844,0.9145,0.7124,2.4966
-0.5195,-14.9667,1.7334,1.0452,0.7374,2.4935
-0.4788,-14.6408,1.3838,1.0861,0.8009,2.4019
-0.5147,-13.8818,1.0342,0.9249,0.8523,2.1337
-0.6943,-13.6065,0.9121,0.7599,0.9256,1.9669
-0.7876,-13.7549,0.4716,0.5785,0.9763,1.8478
-0.711,-13.6424,0.3351,0.4234,1.005,1.7739
-0.7948,-12.9122,-0.1364,0.3042,1.0795,1.7073
-1.063,-12.0383,-0.0287,-0.0164,1.1137,1.4807
-1.0534,-10.8771,0.9002,-0.2705,1.1162,1.3237
-1.0319,-10.7047,0.8427,-0.4709,1.1607,1.2278
-0.9433,-9.9601,1.2449,-0.5863,1.1925,1.1569
-1.0055,-9.3879,1.9584,-0.6883,1.0777,1.1062
-0.2633,-8.3321,3.3207,-0.7934,0.8938,1.0965
-0.2705,-8.4661,3.3949,-0.8313,0.7557,1.1575
0.3926,-8.4422,3.8379,-0.7647,0.7234,1.1643
0.5171,-8.0831,4.039,-0.6608,0.7203,1.1417
0.7326,-8.1046,4.0821,-0.5356,0.655,1.0598
0.7661,-8.7319,3.6774,-0.4049,0.5413,0.9834
0.6248,-10.0463,3.4404,-0.2008,0.4485,0.8148
0.3782,-11.0591,3.1627,-0.1165,0.4509,0.612
-0.1891,-11.9066,2.3918,-0.0439,0.4686,0.3543
-0.3806,-11.7749,2.3726,0.0074,0.3758,0.0769
-0.9696,-10.9801,3.0454,0.0074,0.1174,-0.1594
-1.6496,-10.427,3.5529,0.0086,-0.1605,-0.353
-3.2178,-10.1038,3.0885,0.1442,-0.1965,-0.6114
-3.2178,-10.1038,3.0885,0.2389,-0.1116,-0.9162
-4.3789,-10.2259,2.4037,0.2389,-0.1116,-0.9162
-4.8171,-10.5946,2.3199,0.1564,-0.2582,-0.9285
-4.6112,-10.7191,2.3918,0.0501,-0.414,-0.835
-4.4675,-10.6808,2.138,-0.0066,-0.4989,-0.6762
-3.5314,-10.4102,1.0654,0.0098,-0.5991,-0.3866
-2.0063,-10.1421,0.1795,-0.0451,-0.7652,-0.1692
0.292,-9.455,0.8714,-0.1984,-0.9656,0.0262
0.3782,-9.3807,0.9241,-0.4214,-1.1336,0.1142
0.3782,-9.3807,0.9241,-0.8551,-1.0505,-0.1331
1.118,-8.3393,3.6822,-0.8551,-1.0505,-0.1331
1.5131,-8.1286,3.596,-0.8667,-0.852,-0.3262
1.2832,-8.2962,3.9959,-0.7763,-0.5569,-0.5485
0.9696,-8.8803,3.8666,-0.7195,-0.3431,-0.8093
0.7781,-9.9721,3.5769,-0.6248,-0.1049,-1.0323
-0.0167,-11.9473,3.5625,-0.5839,0.0209,-1.2131
-0.4477,-12.723,3.6367,-0.6773,-0.1708,-1.4453
-1.2713,-13.8723,3.6846,-0.7311,-0.571,-1.5723
-1.9033,-14.1332,3.5434,-0.7128,-1.1769,-1.6682
-1.9201,-13.0798,3.0047,-0.6266,-1.7469,-1.7238
-1.8076,-12.7757,2.77,-0.5063,-2.0676,-1.744
-1.7118,-12.1101,2.2026,-0.2516,-1.8452,-1.8075
-1.6184,-12.0215,1.8148,-0.0274,-1.3003,-1.9138
-1.4413,-12.7254,2.1404,0.1613,-0.6333,-2.0054
-1.3934,-12.9002,2.1883,0.2511,-0.0004,-2.0311
-1.367,-13.4126,2.6431,0.248,0.3868,-2.0091
-1.731,-13.664,2.7892,0.1992,0.4857,-1.9779
-1.7286,-12.9313,2.2649,0.1839,0.0374,-1.9303
-1.7286,-12.8834,2.2649,0.2205,-0.5429,-1.8661
-0.8738,-12.5866,2.4181,0.2535,-1.1348,-1.7763
0.0311,-12.6129,2.7485,0.2682,-1.5221,-1.7006
0.6871,-12.3448,2.715,0.3317,-1.5508,-1.6505
0.7374,-11.8444,2.2912,0.5803,-0.9582,-1.6426
0.9792,-11.0519,1.3862,0.7172,-0.5258,-1.634
0.7757,-10.087,0.3351,0.7453,-0.3523,-1.631
0.1221,-8.4638,-0.1915,0.672,-0.4024,-1.6762
-0.2154,-7.9346,-0.4237,0.5303,-0.5575,-1.7544
-0.5458,-7.3792,-0.7374,0.3891,-0.7347,-1.7965
-0.7158,-6.7639,-0.9911,0.0996,-0.8379,-1.6536
-0.8212,-5.6841,0.067,-0.1636,-0.7945,-1.499
-0.9121,-5.5835,0.1891,-0.3872,-0.7603,-1.3829
-1.5466,-5.2292,0.6224,-0.4776,-0.7438,-1.3194
-1.7741,-5.1119,0.9696,-0.4696,-0.6614,-1.2498
-1.6759,-5.2555,1.7717,-0.4415,-0.5178,-1.1142
-1.64,-5.2651,1.9943,-0.4794,-0.3217,-0.7568
-1.64,-5.2651,1.9943,-0.4079,-0.1098,-0.3426
-1.7262,-5.1765,3.924,-0.4079,-0.1098,-0.3426
0.2394,-6.479,2.4253,-0.1337,0.1266,-0.1527
0.2537,-6.5891,2.3104,0.1558,0.2829,0.1001
0.2896,-7.451,1.3623,0.2621,0.0948,0.507
0.0119,-7.5444,0.7709,0.2407,0.1559,0.7116
-0.2178,-6.5532,-0.2633,0.2358,0.2438,0.8582
-0.4788,-5.7894,-0.6871,0.2517,0.2903,0.9743
-0.6727,-5.0903,-0.6248,0.2273,0.3837,1.0445
-0.7996,-4.6567,-0.2226,0.1491,0.5285,1.1276
-0.6703,-4.5394,1.3455,-0.039,0.6696,1.2999
-0.3687,-4.9491,1.8363,-0.1526,0.7545,1.4056
0.2489,-5.9474,2.6216,-0.1758,0.9408,1.496
0.7038,-7.6713,4.0653,-0.1495,1.0813,1.6236
1.2832,-10.7119,5.7032,-0.0884,1.0758,1.7635
1.1109,-10.8723,5.6865,0.1643,1.1058,1.9608
-0.1939,-10.9489,4.5705,0.4001,1.107,1.9999
-1.209,-10.9825,3.2082,0.6494,1.03,1.9963
-2.1619,-11.004,1.3192,0.8504,0.986,2.0079
-2.2361,-11.0974,1.1563,0.9627,0.9805,2.0286
-2.4947,-11.2626,0.9768,0.986,0.9604,2.0903
-2.3726,-11.1572,1.0989,0.8827,1.0044,2.2174
-1.7693,-10.2187,1.6424,0.7722,1.0569,2.2754
-1.7477,-10.1732,1.6639,0.6335,1.1107,2.2693
-1.4963,-9.9625,1.8076,0.5174,1.1076,2.1985
-1.3814,-9.9529,1.9129,0.4197,1.1412,2.1313
-1.4748,-10.3408,2.3175,0.3213,1.1455,2.0732
-1.4891,-10.846,2.9041,0.1265,1.0435,2.0152
-1.2066,-11.7797,3.8067,0.0092,0.983,2.0299
-0.5985,-12.6392,4.367,-0.0115,1.0257,2.0812
0.4405,-13.549,4.3119,0.0855,1.1314,2.1203
0.8571,-13.7406,3.6846,0.2566,1.1656,2.0854
1.1516,-13.4006,2.77,0.4612,0.9433,1.8203
0.8044,-12.5435,1.7286,0.4679,0.7545,1.5137
-0.2154,-11.4541,0.8762,0.4124,0.7527,1.1355
-0.2154,-11.4541,0.8762,0.1332,1.0734,0.5338
-0.9552,-11.909,1.403,0.1332,1.0734,0.5338
-1.0462,-12.6105,2.7605,-0.0738,1.1571,0.3915
-1.0654,-13.0271,4.5992,-0.3151,1.2139,0.309
-1.2234,-12.8858,4.6543,-0.3206,1.1766,0.2174
-1.6208,-11.9234,3.8355,-0.2302,1.0679,0.0531
-2.205,-10.7574,3.3997,-0.1227,0.8541,-0.1142
-2.5474,-9.6968,2.2744,-0.0811,0.6104,-0.2223
-2.5474,-9.7159,2.2744,-0.0536,0.4247,-0.2675
-2.4516,-9.8213,2.1859,-0.0842,0.355,-0.2669
-2.5665,-9.9865,2.3822,-0.1214,0.3721,-0.2608
-2.2816,-10.324,2.1236,-0.1954,0.3159,-0.273
-1.8243,-10.3767,1.7669,-0.29,0.1803,-0.273
-1.2114,-9.8572,2.0685,-0.3975,-0.111,-0.2577
-0.7398,-9.0815,2.5905,-0.5405,-0.6327,-0.2791
-0.3639,-7.6952,1.8052,-0.5295,-0.7988,-0.3335
-0.395,-7.4534,2.2457,-0.4855,-0.8862,-0.4037
-0.1197,-7.135,3.2609,-0.5228,-1.0028,-0.4563
0.0335,-6.8453,3.7277,-0.5081,-0.9949,-0.4605
0.0454,-7.5276,2.8371,-0.3212,-0.7817,-0.5106
-0.0622,-7.9849,2.5306,-0.1758,-0.6516,-0.5833
-0.0502,-9.6489,2.2864,-0.122,-0.6278,-0.6548
0.577,-11.2219,2.6527,-0.1905,-0.7078,-0.6774
0.7685,-12.4693,2.8155,-0.2766,-0.7884,-0.7147
0.6464,-12.5195,2.8179,-0.3462,-0.9112,-0.8674
-0.4094,-12.5171,3.0071,-0.4403,-1.2466,-1.2278
-1.4484,-12.0551,2.8658,-0.4904,-1.337,-1.4563
-2.6647,-11.2051,3.0262,-0.4745,-1.1604,-1.6084
-2.6695,-11.1884,2.9903,-0.4366,-0.9179,-1.6743
-2.545,-11.2362,2.5043,-0.3462,-0.662,-1.6487
-2.2385,-11.5092,2.8682,-0.2882,-0.5679,-1.5864
-1.7357,-11.7294,3.2369,-0.3194,-0.7609,-1.4514
-1.3455,-11.5738,3.043,-0.2864,-0.8208,-1.3866
-1.1276,-11.3224,2.5929,-0.2204,-0.8495,-1.3683
-0.8619,-11.3105,2.7533,-0.1825,-0.9228,-1.397
-0.462,-10.8843,2.8036,-0.1837,-1.0151,-1.4355
-0.2537,-10.7287,2.9879,-0.1605,-1.0297,-1.5002
0.0646,-10.5539,3.2034,-0.1245,-0.8917,-1.5375
0.5027,-10.4078,3.8283,-0.072,-0.6852,-1.568
1.4101,-10.6185,4.906,-0.0151,-0.5203,-1.6004
1.5298,-10.7215,4.9443,0.1136,-0.4329,-1.6475
1.5729,-11.4613,5.1478,0.3207,-0.439,-1.7427
1.2545,-12.6512,5.0831,0.6408,-0.5484,-1.9388
-0.0837,-13.2689,4.4915,0.7667,-0.7817,-2.058
-0.2298,-13.2426,4.3694,0.7648,-1.1635,-2.116
-0.7182,-12.3352,3.7517,0.6769,-1.5984,-2.0842
-0.9672,-10.9346,2.2122,0.6262,-1.9674,-1.9553
-2.0685,-8.4781,-0.2513,0.9621,-1.7683,-1.8112
-2.0614,-8.344,-0.4165,1.3036,-1.0505,-1.8448
-2.5522,-7.1182,-1.482,1.4423,-0.4915,-1.8625
-2.4061,-6.2946,-1.9991,1.2841,-0.3046,-1.8075
-2.0015,-5.5452,-1.1228,0.8601,-0.4598,-1.6505
-1.6903,-5.3657,-0.3184,0.3323,-0.7707,-1.4361
-1.6903,-5.3657,-0.3184,-0.166,-0.7829,-0.9743
-0.7469,-6.9578,1.3838,-0.166,-0.7829,-0.9743
-0.5482,-8.9689,2.0326,-0.0286,-0.5636,-0.8277
-1.9776,-8.3249,1.5873,0.088,-0.3938,-0.6701
-2.7748,-6.7543,0.7589,0.1417,-0.3895,-0.6792
-2.5594,-5.2986,0.3184,0.124,-0.4818,-0.5051
-1.9416,-3.5889,0.4692,0.0434,-0.4207,-0.113
-1.9416,-3.5889,0.4692,-0.0536,-0.0413,0.4355
-1.6519,-3.0071,1.7549,-0.0536,-0.0413,0.4355
-1.1947,-3.2465,1.8531,-0.0017,0.2176,0.6554
-0.0311,-4.5705,1.8243,0.1149,0.5364,0.8753
0.0646,-4.7596,1.8579,0.2407,0.8669,1.2712
0.2442,-5.5069,1.9943,0.2242,0.8877,1.5198
0.1053,-6.5077,2.1715,0.1766,0.8877,1.7153
-0.2322,-8.7487,2.138,0.1344,0.8694,1.8521
-0.2322,-8.7487,2.138,0.1717,0.7008,2.0494
-0.1508,-10.0487,2.0805,0.1717,0.7008,2.0494
-0.0215,-11.2099,1.6759,0.2853,0.7735,2.1685
0.2442,-12.4046,2.0207,0.4038,1.1461,2.2247
0.3447,-12.9768,2.4588,0.4728,1.6165,2.2455
0.1268,-13.5754,3.0693,0.446,1.9329,2.2382
-0.2873,-13.9177,3.9815,0.3647,1.9921,2.2284
-0.9935,-13.8172,3.9767,0.3384,1.8968,2.2125
-1.0055,-13.6927,3.122,0.4398,1.7343,2.1557
-1.3455,-13.5227,2.1499,0.526,1.4356,2.0415
-1.6903,-12.5938,1.3814,0.4918,1.0581,1.8545
-1.7932,-10.0248,0.7374,0.4117,0.804,1.6737
-1.7166,-9.8452,0.7924,0.3409,0.7912,1.5815
-1.1971,-9.2898,1.4341,0.2144,1.2108,1.6792
-0.7158,-9.2036,2.4037,0.0935,1.515,1.7873
0.0933,-9.9458,3.517,-0.0322,1.7105,1.8735
0.158,-10.1014,3.5242,-0.1165,1.8034,1.9254
0.2681,-11.0519,4.2425,-0.1605,1.7753,1.9272
0.3998,-12.3136,5.0496,-0.2167,1.592,1.882
1.6041,-14.8518,5.6769,-0.2454,1.198,1.8252
1.7405,-14.9212,5.6194,-0.1978,0.9024,1.8106
2.5019,-14.4852,4.2736,-0.0976,0.5841,1.7605
2.5977,-12.8164,0.7469,0.0904,0.3526,1.5955
1.7262,-10.4964,-0.9313,0.2047,0.2121,1.2907
1.3048,-9.4789,-0.7613,-0.0084,0.1027,0.7977
0.7805,-8.9689,0.6248,-0.2289,0.3361,0.5534
0.1628,-9.1174,1.6041,-0.4397,0.6757,0.3158
-1.0917,-10.1421,3.4213,-0.59,0.9243,0.0861
-1.7956,-10.6832,3.857,-0.7024,0.9921,-0.1111
-2.9712,-11.5403,3.8235,-0.7506,0.8871,-0.27
-3.9624,-11.8132,3.1316,-0.6993,0.3623,-0.4489
-4.4196,-10.269,1.9776,-0.6113,-0.0462,-0.5082
-4.3813,-9.9218,1.9656,-0.5032,-0.3712,-0.5442
-3.7493,-8.4542,2.0398,-0.3701,-0.4463,-0.5302
-2.8898,-7.2499,2.3989,-0.2577,-0.3174,-0.4593
-1.6136,-7.1445,3.8786,-0.1324,-0.0554,-0.3072
-1.5107,-7.4965,3.6224,-0.0536,0.0594,-0.1973
-0.2992,-7.3074,2.6791,0.0837,0.1901,-0.1093
-0.1963,-8.1908,2.138,0.0849,0.0331,-0.0507
0.8379,-11.0639,0.0095,-0.0005,-0.3639,-0.0897
0.8379,-11.0639,0.0095,-0.0622,-0.6663,-0.1069
1.2569,-11.6193,0.3232,-0.2821,-1.0126,-0.2321
1.2545,-11.3607,1.379,-0.4757,-1.0474,-0.4123
1.2545,-11.3607,1.379,-0.6016,-0.6064,-0.8833
-0.1675,-9.5795,2.3774,-0.6016,-0.6064,-0.8833
-1.1492,-9.1222,2.229,-0.4794,-0.1232,-1.0916
-1.7429,-9.7231,3.3255,-0.5099,0.0184,-1.284
-1.2138,-11.6456,4.1635,-0.5399,-0.001,-1.2534
-0.8547,-12.4716,4.1587,-0.4654,0.0154,-1.1539
-0.1675,-14.1284,4.6543,-0.3872,-0.1672,-1.127
0.0119,-15.0481,4.4699,-0.3426,-0.5093,-1.2125
-0.9361,-14.6001,2.5426,-0.2344,-0.7927,-1.3836
-1.2306,-14.1548,2.047,-0.0219,-1.0059,-1.6591
-2.0254,-12.565,0.9193,0.0611,-1.0041,-1.791
-2.3846,-11.1093,0.8547,0.0306,-0.9497,-1.8484
-2.0805,-9.2898,1.2401,-0.1129,-0.9332,-1.8295
-1.9728,-9.1174,1.3479,-0.2674,-0.9442,-1.7489
-1.3718,-8.5499,1.7956,-0.4067,-0.8917,-1.6267
-0.7445,-8.4518,2.4037,-0.5118,-0.6889,-1.441
0.2466,-9.2514,3.1316,-0.4873,-0.5245,-1.364
0.2466,-9.2514,3.1316,-0.3743,-0.3578,-1.3267
0.8259,-9.8189,3.8546,-0.2173,-0.1629,-1.3286
1.1516,-10.3815,4.4316,-0.0603,-0.0572,-1.3597
1.2569,-10.5515,4.2497,0.2688,-0.1391,-1.477
1.367,-10.8819,3.9671,0.5034,-0.3242,-1.5778
1.154,-11.7199,3.6391,0.6799,-0.549,-1.6927
0.984,-12.8212,3.7852,0.7795,-0.7567,-1.8185
0.8571,-14.0422,3.608,0.7996,-0.9619,-1.8997
1.0989,-14.4205,3.3135,0.8216,-1.0774,-1.8765
1.7525,-14.5977,2.454,0.9322,-0.8513,-1.6297
1.2952,-13.6233,1.2928,1.0251,-0.5386,-1.4966
-2.0159,-10.8101,-1.391,1.1179,-0.3761,-1.5668
-2.1859,-10.585,-1.7334,1.1808,-0.4237,-1.7421
-2.466,-9.2562,-2.5258,1.0965,-0.6785,-1.7348
-2.3535,-8.016,-2.6815,0.5926,-0.9741,-1.4453
-1.9536,-5.7176,-2.6862,0.1882,-1.0218,-1.2223
-1.8435,-5.4135,-2.5809,-0.1801,-1.0248,-1.0293
-2.035,-3.8235,-0.8667,-0.5264,-0.9185,-0.9089
-2.2816,-2.691,0.7278,-0.8007,-0.6968,-0.8802
-1.7525,-1.3168,4.2449,-0.9168,-0.4586,-0.8185
-1.695,-1.2521,4.3622,-0.8496,-0.0591,-0.5723
-1.367,-0.7852,4.3574,-0.6364,0.2218,-0.3805
-1.1372,-1.0917,3.6439,-0.312,0.3807,-0.1685
-0.5027,-2.94,1.9464,-0.0243,0.4674,0.116
-0.5793,-3.9576,2.3127,0.1081,0.4699,0.4569
-0.7781,-5.3082,2.5282,0.0501,0.4082,0.7519
-0.7278,-6.3976,2.308,0.03,0.1351,1.1093
-0.869,-7.8748,1.4245,0.1552,0.1046,1.2877
-0.7805,-8.5092,0.9385,0.3592,0.3477,1.419
-0.3136,-9.5938,0.2346,0.5419,0.7142,1.5919
-0.0622,-10.245,-0.0311,0.5767,1.0465,1.7605
0.1364,-10.6951,-0.0981,0.3494,1.3061,1.8741
0.2585,-10.7981,0.0359,0.1399,1.2658,1.9309
0.7015,-11.1931,0.7733,-0.0524,1.2157,1.9993
0.1316,-11.2913,2.1547,-0.2106,1.2169,2.0134
-1.3239,-10.8173,5.0688,-0.3059,1.2915,1.9675
-1.4053,-10.7023,5.1693,-0.2851,1.4051,1.9572
-1.7549,-10.1397,5.1382,-0.0115,1.589,2.072
-1.6903,-10.008,4.2521,0.2242,1.625,2.1655
-1.5107,-10.7574,2.8371,0.4093,1.4399,2.2663
-1.4987,-10.8053,2.7772,0.5015,1.132,2.3414
-1.3742,-11.0686,2.1021,0.5113,0.8193,2.3719
-1.2593,-11.2195,1.5777,0.4612,0.5505,2.3622
-0.8786,-11.0303,1.4844,0.4124,0.6519,2.378
-0.3878,-10.9896,1.6903,0.3378,0.9066,2.433
0.0215,-10.9968,1.968,0.2468,1.1284,2.4831
0.3471,-11.0806,2.454,0.1369,1.2487,2.4636
0.6823,-11.0423,2.4229,0.0275,1.2218,2.3842
0.7924,-11.0279,2.5378,-0.0756,0.9072,2.1887
1.0773,-11.174,2.5809,-0.1227,0.6226,2.061
1.3646,-11.1955,2.7796,-0.1245,0.4595,1.9566
1.5179,-11.344,2.2409,-0.1001,0.4607,1.8075
1.5179,-11.344,2.2409,-0.0872,0.5328,1.3713
1.2545,-12.225,1.9919,-0.0872,0.5328,1.3713
1.154,-12.7589,1.5969,-0.1923,0.4253,1.0305
0.134,-12.7829,1.3718,-0.2961,0.2952,0.7861
0.0335,-12.7015,1.3144,-0.3957,0.1211,0.4538
-1.0295,-12.474,1.1492,-0.4476,0.0435,0.0671
-2.4277,-12.6009,1.0965,-0.4318,0.1363,-0.2993
-4.6399,-12.4716,0.5746,-0.3945,0.2964,-0.7599
-4.6399,-12.4716,0.5746,-0.4,0.2506,-0.9553
-4.8506,-11.672,0.6799,-0.4421,0.1388,-1.0525
-4.501,-10.1924,1.5729,-0.5112,0.1418,-1.0598
-4.0007,-8.6242,3.3063,-0.5735,0.2939,-1.0323
-3.7708,-8.0208,4.3023,-0.5857,0.4631,-0.9975
-3.9121,-7.937,4.5825,-0.3701,0.6372,-0.9169
-3.2656,-7.3337,4.2497,-0.119,0.7075,-0.8222
-1.9393,-6.9458,2.5282,0.0739,0.6989,-0.664
-1.1444,-7.3337,1.1324,0.2089,0.5138,-0.5222
-0.0814,-8.2315,-0.1173,0.2523,0.1809,-0.4074
0.7469,-8.8468,1.5131,-0.0377,-0.461,-0.2632
1.7022,-8.6122,3.0166,-0.2253,-0.5593,-0.237
1.6663,-8.5308,2.7629,-0.2155,-0.3168,-0.3481
1.1133,-8.4087,1.9105,-0.1477,-0.1073,-0.5736
0.4788,-8.9833,2.0494,-0.166,-0.136,-0.7519
0.5841,-10.8244,2.3487,-0.3139,-0.3077,-0.8038
0.5698,-11.15,2.5498,-0.5197,-0.4292,-0.7611
0.486,-12.5052,2.8969,-0.6364,-0.5813,-0.8313
0.2825,-13.2498,2.7509,-0.6004,-0.4732,-0.9792
-0.9313,-14.3966,1.9704,-0.4928,-0.2784,-1.1814
-0.9672,-14.4421,1.9584,-0.4195,-0.238,-1.3701
-1.0702,-14.6145,1.8435,-0.4122,-0.2765,-1.4605
-0.9433,-14.7225,2.0254,-0.4617,-0.3663,-1.4434
-0.8643,-14.4469,2.715,-0.524,-0.4702,-1.4618
-0.8978,-13.8052,2.6455,-0.5558,-0.541,-1.5234
-1.0821,-12.9816,2.8898,-0.5429,-0.5593,-1.6132
-1.4748,-12.0431,2.715,-0.5368,-0.596,-1.7061
-1.9033,-10.6329,1.9991,-0.4922,-0.7108,-1.7586
-1.8148,-10.3504,2.0039,-0.4959,-0.797,-1.6933
-1.3742,-9.8476,2.1475,-0.5356,-0.8318,-1.5564
-0.6799,-9.613,2.7605,-0.5503,-0.7237,-1.3994
0.6679,-9.3065,3.7541,-0.5228,-0.5575,-1.2651
0.8116,-9.2036,3.8283,-0.4232,-0.4543,-1.185
1.3479,-8.4973,3.9432,-0.1428,-0.4036,-1.1905
1.7669,-7.8796,3.8307,0.0929,-0.4677,-1.2815
1.6448,-7.7383,3.268,0.3348,-0.5606,-1.4434
1.6448,-7.7383,3.268,0.686,-0.7408,-1.8631
1.4149,-8.447,3.0861,0.686,-0.7408,-1.8631
1.5873,-9.3544,3.8283,0.7111,-0.7151,-1.9779
1.7693,-10.4605,5.2675,0.6494,-0.8385,-1.9272
1.7597,-10.4916,5.3393,0.6243,-1.1079,-1.8295
0.3734,-10.2235,4.288,0.7361,-1.4194,-1.7757
-1.6974,-9.9769,2.2673,1.077,-1.5276,-1.8564
-3.3614,-10.585,0.0598,1.6084,-1.1427,-1.97
-3.383,-10.9202,-1.0223,2.036,-0.2448,-1.7049
-2.7269,-10.7957,-2.0829,1.8845,-0.1049,-1.2797
-2.6503,-10.3839,-2.4277,1.4398,-0.3761,-0.9346
-1.7501,-9.4645,-3.3063,0.898,-0.8312,-0.7825
-1.7501,-9.4645,-3.3063,0.088,-0.9784,-0.2913
0.1316,-7.5492,-3.359,0.088,-0.9784,-0.2913
0.5147,-6.5221,-2.5761,-0.2528,-0.7628,-0.1527
-0.8355,-5.0185,0.328,-0.5851,-0.5746,-0.1313
-1.3096,-4.7979,1.2617,-0.8343,-0.4274,-0.1307
-2.1667,-4.3478,3.8426,-0.9553,-0.2026,-0.0971
-2.6527,-3.8594,4.4268,-0.863,0.1131,0.0635
-1.9321,-3.8881,3.4332,-0.4049,0.5419,0.3622
-1.9321,-3.8881,3.4332,0.1027,0.7411,0.9327
-1.3168,-4.4029,2.3822,0.1027,0.7411,0.9327
-0.5746,-4.8988,1.4221,0.1674,0.6562,1.218
0.2178,-5.8086,1.9009,0.1283,0.3996,1.4941
0.2178,-5.8086,1.9009,0.033,0.1113,1.6969
0.5386,-6.0959,0.8738,0.1216,0.129,1.8325
0.2466,-6.3545,0.2489,0.3256,0.6568,1.7922
0.1795,-7.4534,1.2114,0.4063,1.2017,1.7336
0.5339,-8.8349,1.3766,0.3604,1.4301,1.8051
0.9816,-11.3488,2.2385,0.2743,1.5425,1.9578
1.7357,-14.0039,4.2592,-0.0231,1.5181,2.2156
1.051,-15.2301,4.7836,-0.1673,1.4552,2.3499
0.1292,-14.6001,3.9815,-0.039,1.4063,2.3347
-1.2497,-13.4892,2.7557,0.2468,1.4246,2.1575
-1.8962,-12.826,1.9656,0.4417,1.2915,1.9657
-2.3989,-11.004,0.079,0.5358,1.0838,1.8216
-2.4612,-10.7143,0,0.548,0.9176,1.6157
-2.2529,-9.5364,0.1939,0.4166,0.9726,1.5149
-1.877,-8.8564,0.9624,0.1851,1.1302,1.5442
-1.5275,-9.0144,2.806,-0.0628,1.2903,1.6468
-1.5394,-9.1437,2.9424,-0.2479,1.388,1.7489
-1.3862,-10.0727,3.6272,-0.3371,1.5914,1.8942
-1.1731,-11.2578,4.2018,-0.3163,1.7062,1.992
-0.3256,-13.6448,5.2316,-0.2595,1.7093,2.0567
-0.3256,-13.6448,5.2316,-0.0219,1.1064,2.0653
0.2585,-13.98,4.9778,-0.0219,1.1064,2.0653
0.6368,-13.5131,3.3806,0.1075,0.5328,1.9785
0.6368,-13.5131,3.3806,0.3806,-0.0493,1.5271
1.0007,-11.7414,-0.9433,0.3806,-0.0493,1.5271
0.9504,-11.15,-1.4844,0.3287,0.3623,1.3041
0.9504,-11.15,-1.4844,-0.3132,0.9176,0.8484
0.9481,-11.1405,2.6862,-0.3132,0.9176,0.8484
1.051,-11.2338,3.5793,-0.7488,0.9152,0.6536
0.8451,-11.4038,4.7644,-0.8197,0.8749,0.4923
0.3423,-11.6959,5.1957,-0.7476,0.7649,0.2993
-0.3687,-10.9513,3.6487,-0.5894,0.57,0.1062
-0.474,-10.7813,3.3446,-0.3945,0.2805,-0.0665
-0.8571,-10.0104,2.4779,-0.2259,-0.0285,-0.2406
-1.1109,-9.1653,2.114,-0.0762,-0.1287,-0.4532
-1.6998,-8.3009,2.9664,-0.0494,0.0062,-0.5809
-1.6998,-8.3009,2.9664,-0.1764,0.0551,-0.8038
-2.0997,-8.119,3.2609,-0.1764,0.0551,-0.8038
-2.6384,-8.7199,3.7349,-0.2467,-0.1177,-0.857
-2.6575,-9.9625,4.3981,-0.3157,-0.3944,-0.8674
-2.6168,-10.0248,4.3885,-0.3475,-0.7279,-0.7953
-2.1667,-10.3408,3.9408,-0.3077,-0.921,-0.7654
-2.0829,-10.2498,3.4093,-0.2473,-1.1097,-0.7684
-2.1811,-9.7447,2.5354,-0.2167,-1.3388,-0.813
-2.2601,-9.3137,1.9081,-0.1899,-1.5025,-0.8729
-2.2194,-8.6505,0.8738,-0.1489,-1.5862,-0.9511
-2.2194,-8.3847,0.5195,-0.1752,-1.621,-0.9822
-1.5442,-8.526,0.7134,-0.2558,-1.6106,-0.9731
-1.2282,-8.8109,0.9864,-0.3346,-1.4543,-0.9132
-0.5602,-9.5579,1.6424,-0.4269,-1.2227,-0.857
0.1699,-10.4102,2.7293,-0.5222,-1.0047,-0.8283
1.4389,-11.9234,4.9634,-0.6889,-0.8177,-0.8649
1.6352,-12.1125,5.2292,-0.7274,-0.778,-0.9621
1.7334,-12.5387,5.3226,-0.6498,-0.7634,-1.1246
1.0271,-12.4501,4.3981,-0.4733,-0.7756,-1.3628
-0.5027,-12.8523,3.0047,-0.2552,-0.7695,-1.6206
-0.5027,-12.8523,3.0047,0.0941,-0.7896,-1.9535
-0.9696,-13.2258,2.5234,0.0941,-0.7896,-1.9535
-0.9097,-13.3623,2.4612,0.1503,-0.7334,-1.9285
-0.2609,-13.391,3.0047,0.1686,-0.6479,-1.8765
-0.2609,-13.391,3.0047,0.1124,-0.4848,-1.8277
0.158,-13.3623,3.4691,0.1124,-0.4848,-1.8277
0.1675,-13.6017,3.8594,0.0825,-0.4323,-1.8857
-0.0239,-13.7693,4.0629,0.0886,-0.4634,-1.9449
-0.2657,-13.628,3.8402,0.1442,-0.527,-1.9761
-0.5578,-13.2426,3.4117,0.2364,-0.651,-1.9944
-1.2378,-12.2801,2.7724,0.3452,-0.8361,-2.0128
-1.9297,-10.913,1.9416,0.446,-1.0041,-2.039
-1.9847,-10.3432,1.4939,0.5266,-1.1714,-2.0024
-1.537,-9.6178,1.0031,0.5162,-1.2191,-1.8912
-0.9768,-8.9426,1.1013,0.4172,-1.1928,-1.736
0.5027,-7.6354,1.6783,0.2242,-1.1659,-1.59
0.7709,-7.4821,1.7094,0.0275,-1.2032,-1.455
0.9361,-6.5197,1.3623,-0.119,-1.3144,-1.2797
0.8403,-5.6314,0.7733,-0.0426,-1.2069,-1.2223
-0.2777,-3.7972,0.1963,0.0849,-0.9295,-1.2015
-0.7637,-3.5745,0.1005,0.176,-0.6473,-1.2107
-2.3127,-2.5905,0.0263,0.2047,-0.5038,-1.2162
-3.0693,-2.2385,0.3136,0.1613,-0.4506,-1.1044
-3.7301,-3.1794,1.9057,0.0397,-0.3877,-0.689
-3.7636,-3.2465,2.0183,-0.0011,-0.2924,-0.386
-3.5553,-4.1706,2.5139,0.0568,-0.1024,-0.1313
-1.7262,-4.9826,2.3774,0.1943,0.1351,0.1062
0.158,-5.7511,2.1068,0.3158,0.1644,0.4251
0.158,-5.7511,2.1068,0.4521,0.1931,0.8454
0.1364,-6.1797,1.3024,0.4521,0.1931,0.8454
-0.316,-6.1294,0.7398,0.4893,0.4149,0.9028
-0.3567,-6.4383,0.0311,0.4857,0.5273,1.0311
-0.2059,-6.6346,0.0167,0.4221,0.501,1.2266
-0.0287,-7.1182,0.2729,0.3293,0.5358,1.4337
-0.0694,-7.6976,1.1492,0.1521,0.7234,1.6646
-0.3471,-8.8875,2.3774,0.0318,0.8376,1.7623
-0.3926,-9.036,2.4899,-0.0512,0.9604,1.8435
-0.5674,-9.8596,3.0693,-0.0988,1.1369,1.9346
-0.5746,-10.6999,4.6136,-0.0988,1.2432,2.0457
-1.5658,-11.0184,6.3784,-0.0781,1.2035,2.1581
-1.6807,-10.9872,6.2946,0.2383,1.3782,2.2375
-2.229,-10.8196,5.4518,0.5865,1.4338,2.276
-2.2673,-10.822,3.3303,0.8772,1.3165,2.3261
-2.2697,-12.1436,1.549,1.0458,1.0355,2.3884
-2.2361,-12.2514,1.4891,1.0025,0.6739,2.4306
-1.8124,-13.051,0.6823,0.8204,0.4821,2.452
-1.8746,-13.1899,0.5602,0.738,0.6042,2.3958
-1.7429,-12.1412,0.1723,0.6335,0.8797,2.2852
-1.6256,-11.4996,0.3854,0.507,1.1913,2.2003
-1.4077,-11.3919,1.403,0.3085,1.3581,2.1612
-1.0438,-11.4876,1.8363,0.0874,1.3947,2.1795
-0.1795,-11.6935,2.3965,-0.122,1.3507,2.276
0.4572,-11.8635,2.3894,-0.1935,1.1901,2.3561
1.5705,-12.5315,2.7772,-0.2051,0.9488,2.3903
2.3654,-12.802,2.7724,-0.1721,0.7356,2.3499
2.7389,-11.7031,0.6919,-0.0555,0.8132,2.1887
2.5163,-11.4804,0.2106,0.11,1.1724,1.6731
1.561,-11.4493,0.2753,0.0434,1.2078,1.2058
0.3327,-12.0359,1.3575,-0.174,1.0929,0.7916
-1.6256,-13.5706,3.4596,-0.3884,1.118,0.4911
-1.8363,-13.6664,3.5242,-0.499,1.2353,0.2474
-2.4995,-14.3535,4.5058,-0.5087,1.2493,0.0525
-2.2409,-13.7621,4.5441,-0.4189,1.0532,-0.0415
-2.138,-10.9226,2.2433,-0.29,0.7704,-0.0507
-2.138,-10.9226,2.2433,-0.1569,0.4332,-0.1148
-2.1164,-9.8452,1.9464,-0.0408,0.209,-0.2015
-1.695,-9.1222,2.4851,-0.009,0.0251,-0.2852
-1.391,-8.5547,2.4875,0.0691,0.1528,-0.3714
-1.1037,-8.3967,2.4923,0.1039,0.2243,-0.4453
-1.2497,-8.2674,2.0518,0.1045,0.2451,-0.4728
-1.391,-8.6744,2.3463,0.055,0.0575,-0.4746
-0.972,-9.3281,1.2186,-0.0188,-0.2173,-0.4221
-0.8978,-9.4454,1.2042,-0.0555,-0.4689,-0.3756
-0.6967,-9.3448,1.6065,-0.2485,-1.0077,-0.4178
-0.5458,-9.0192,2.2792,-0.3456,-1.2154,-0.4801
-0.3926,-8.0041,2.8323,-0.3743,-1.2478,-0.5632
-0.3926,-8.0041,2.8323,-0.3212,-1.1977,-0.7501
-0.2633,-7.8149,1.6879,-0.3212,-1.1977,-0.7501
0.0646,-8.1046,1.7238,-0.3462,-1.2405,-0.7898
0.7972,-9.5747,2.6336,-0.5423,-1.224,-0.7635
0.9217,-9.7494,2.8299,-0.6553,-1.0676,-0.7586
1.3503,-10.5946,3.7517,-0.7146,-0.877,-0.8167
1.5873,-11.3152,3.9049,-0.725,-0.8153,-0.9462
1.5873,-11.3152,3.9049,-0.4928,-0.8526,-1.4013
1.1779,-12.7326,4.6016,-0.4928,-0.8526,-1.4013
0.8547,-13.379,4.9754,-0.3847,-0.7903,-1.543
0.8547,-13.379,4.9754,-0.0084,-0.4751,-1.8857
-1.0821,-15.2923,4.1946,-0.0084,-0.4751,-1.8857
-1.0821,-15.2923,4.1946,0.1931,-0.6675,-2.229
-1.7022,-15.8837,3.936,0.2285,-1.0713,-2.4086
-2.7437,-16.3266,3.2441,0.2187,-1.2258,-2.4678
-4.1802,-15.5772,1.6903,0.2187,-1.2258,-2.4678
-4.0581,-14.859,1.5705,0.2578,-1.1727,-2.4642
-3.4979,-13.1516,1.5394,0.347,-0.968,-2.3799
-2.4684,-11.8492,1.6448,0.4319,-0.7518,-2.2284
-1.1061,-11.2314,1.7908,0.457,-0.6852,-1.9242
-1.0462,-11.2434,1.7741,0.3647,-0.8006,-1.7684
-0.9864,-11.0543,1.2928,0.2059,-0.976,-1.6554
-0.9864,-11.0543,1.2928,-0.141,-1.3449,-1.4172
1.0773,-9.9817,1.3287,-0.141,-1.3449,-1.4172
1.1468,-9.6154,1.1061,-0.1837,-1.6094,-1.3127
0.8571,-7.7742,0.1651,0.0568,-1.4329,-1.3335
0.3184,-6.2156,-0.8307,0.2804,-0.9595,-1.4428
-0.1268,-4.4843,-1.118,0.361,-0.5997,-1.5369
-0.1268,-4.4843,-1.118,-0.1544,-0.5997,-1.5509
-0.881,-3.4332,0.2633,-0.1544,-0.5997,-1.5509
-1.5107,-2.8945,1.6041,-0.4599,-0.6076,-1.5308
-2.0997,-3.7469,3.5338,-0.5955,-0.3779,-1.4746
-1.8746,-5.0951,4.209,-0.466,-0.2704,-1.3213
-1.3503,-7.4462,4.4196,-0.2381,-0.0676,-1.0482
-0.869,-11.071,4.616,-0.0329,0.0154,-0.6713
-1.5322,-13.3862,2.1404,0.1124,-0.3297,-0.2773
-2.1284,-13.3551,0.5626,0.3794,-0.7487,-0.0452
-2.1284,-13.3551,0.5626,0.5144,-0.0908,0.394
-1.1204,-10.7622,-2.0733,0.5144,-0.0908,0.394
-0.3782,-7.0775,-2.5187,0.3555,0.0319,0.5589
-0.2059,-6.3856,-2.4325,0.0904,0.0178,0.6609
0.3232,-4.7572,-2.3127,-0.1789,-0.1091,0.8643
0.225,-3.2632,-1.4604,-0.4763,0.0392,0.9718
0.225,-3.2632,-1.4604,-0.6798,0.5163,0.981
0.067,-1.7645,0.5219,-0.6798,0.5163,0.981
0.0023,-1.5538,1.5322,-0.714,0.6739,1.0268
-0.4501,-1.5394,1.9776,-0.6657,0.9427,1.0677
-0.5554,-2.2218,2.6647,-0.4275,1.5132,1.1771
-0.5554,-2.2218,2.6647,0.0165,2.1711,1.4581
-0.8068,-3.0214,2.861,0.0165,2.1711,1.4581
-1.1971,-4.1299,3.3279,0.2432,2.432,1.5968
-2.1212,-5.8541,3.6463,0.4227,2.6006,1.7513
-2.1212,-5.8541,3.6463,0.6207,2.8712,2.4153
-1.4987,-11.004,4.6734,0.6207,2.8712,2.4153
-0.8188,-14.8805,4.1778,0.5358,2.7343,2.7256
-0.1268,-20.131,7.4845,0.3439,2.2481,2.9327
-0.1268,-20.131,7.4845,-0.0683,-0.1091,3.1453
-0.3543,-22.1541,5.5452,-0.0683,-0.1091,3.1453
-0.2657,-21.4143,3.596,0.2267,-1.6345,2.9187
-0.7254,-17.5381,-3.1268,0.5645,-1.9546,2.5308
-0.7541,-17.0736,-3.3638,1.1307,-0.6986,1.9932
-1.1109,-14.9092,-2.8826,1.212,0.9757,1.5448
-1.2641,-13.2809,-1.2617,0.7752,1.9231,1.2113
-1.2186,-11.5475,2.059,0.1643,1.9536,1.0231
-1.2617,-11.3895,2.4349,-0.5411,1.2854,0.9602
-0.905,-10.9082,2.6575,-0.7958,0.9329,0.9841
-0.5051,-10.3336,0.6751,-0.8691,0.8101,1.017
-0.1843,-10.0607,2.2266,-0.9278,0.6947,0.9957
-0.1843,-10.0607,2.2266,-1.13,0.5193,0.9541
-0.2322,-9.6561,3.2369,-1.2766,0.5804,0.926
-0.2322,-9.6561,3.2369,-1.1611,0.7783,0.8326
0.5003,-8.8013,4.2521,-1.1611,0.7783,0.8326
0.656,-8.1956,4.2281,-1.0206,0.7307,0.7696
0.7038,-7.4031,4.0964,-0.8245,0.6824,0.6505
0.9097,-6.8261,3.766,-0.5961,0.6556,0.5381
1.4508,-6.862,3.4715,-0.2809,0.5108,0.4508
1.8459,-7.2595,2.9017,-0.0866,0.2548,0.4172
2.2505,-8.21,1.9895,0.0507,-0.0536,0.3616
1.8267,-8.7798,0.7613,0.044,-0.3547,0.2076
-0.3543,-10.4462,1.9345,-0.0506,-0.4958,-0.0464
-0.577,-10.7454,2.2697,-0.2473,-0.5728,-0.3316
-1.1372,-11.7965,3.3279,-0.469,-0.4531,-0.6139
-1.7669,-12.2921,3.8953,-0.502,-0.4427,-0.733
-2.9879,-12.5914,3.2034,-0.4702,-0.5667,-0.871
-3.1364,-12.5554,3.0119,-0.3957,-0.7652,-1.0042
-3.6128,-12.3759,2.0733,-0.3145,-0.9527,-1.0934
-3.7086,-12.1173,0.7781,-0.2057,-1.114,-1.1551
-3.3087,-11.2123,0.0766,-0.1837,-1.0651,-1.1362
-3.268,-11.1477,0.1819,-0.2668,-0.9613,-1.0952
-2.9017,-10.6473,1.0654,-0.4092,-0.8526,-1.0256
-2.3678,-10.3049,1.9823,-0.5167,-0.7029,-0.9291
-1.2378,-10.1277,2.0302,-0.5887,-0.5526,-0.8228
-0.6464,-10.281,2.2002,-0.6938,-0.5184,-0.7336
0.1412,-10.6425,2.6575,-0.8209,-0.6944,-0.7232
1.154,-11.0375,3.4596,-0.9376,-0.9436,-0.7202
2.3032,-11.4757,4.458,-1.0139,-1.2099,-0.747
2.5402,-11.3847,4.3622,-1.031,-1.4799,-0.8344
2.2266,-10.8029,3.5098,-0.9266,-1.497,-0.9957
1.3886,-9.9506,2.6455,-0.6517,-1.0352,-1.3524
-0.0957,-9.9266,2.2026,-0.5154,-0.6467,-1.5839
-0.1747,-10.0391,2.2625,-0.4373,-0.3724,-1.725
-0.2537,-10.6209,2.6001,-0.3707,-0.2307,-1.7336
0.1316,-10.9202,2.7461,-0.2595,-0.1641,-1.6481
1.0606,-11.8731,2.9065,-0.0164,-0.1495,-1.521
1.063,-11.9306,2.873,0.1289,-0.1238,-1.5125
0.8116,-12.1365,2.715,0.19,-0.1421,-1.5986
0.3758,-11.8324,2.9209,0.1741,-0.2912,-1.7537
-0.462,-11.4972,3.1579,0.1778,-0.4751,-1.9364
-0.462,-11.4972,3.1579,0.3165,-0.5636,-2.1465
-1.1252,-12.2849,3.2824,0.595,-0.6901,-2.3524
-1.0797,-13.8363,3.2441,0.6903,-0.7841,-2.3121
-1.0749,-14.2146,2.4756,0.6872,-0.8104,-2.1624
-0.8643,-14.0111,3.1387,0.5461,-0.8972,-1.9987
-0.5339,-13.2426,3.0597,0.3042,-1.1678,-1.8313
-0.5339,-13.2426,3.0597,0.697,-1.3584,-1.4178
-1.1252,-8.9354,0.0311,0.697,-1.3584,-1.4178
-1.5538,-7.8149,-0.8738,1.0501,-0.9387,-1.411
-1.5227,-6.2802,-1.7956,1.1289,-0.7927,-1.4098
-1.3168,-5.2723,-1.5466,0.8681,-0.9656,-1.3109
-1.5562,-3.6272,0.0287,0.4484,-1.249,-1.1716
-1.7453,-3.4979,0.2633,0.0862,-1.0566,-1.0054
-2.3056,-3.1268,1.3072,0.1356,-0.607,-0.9584
-2.7317,-2.9951,2.1092,0.2157,-0.37,-0.8875
-2.6408,-2.4133,3.0693,0.2499,-0.3431,-0.7727
-2.3702,-2.3439,2.77,0.2951,-0.2875,-0.6139
-1.8698,-2.7772,2.0111,0.4252,-0.1629,-0.4043
-1.6783,-3.5242,1.2641,0.5749,-0.1989,0.0116
-2.2337,-4.4484,0.3375,0.6213,-0.2148,0.2675
-2.2337,-4.4915,0.3064,0.6335,-0.0481,0.4776
-1.9297,-4.7955,0.4165,0.6567,0.1632,0.7464
-1.9584,-4.9515,0.9145,0.6775,0.3226,1.0299
-1.7525,-5.6817,0.6727,0.727,0.6586,1.339
-1.2234,-6.4095,0.6631,0.7196,0.8889,1.587
-0.7661,-7.6832,0.6296,0.6066,0.9323,1.9242
-0.1987,-9.4406,1.3646,0.4515,0.9323,2.2571
0.8307,-12.2657,3.031,0.2835,0.881,2.543
0.6584,-12.9792,2.2122,0.2285,0.8101,2.6951
-0.0167,-13.6783,1.0582,0.529,1.1174,2.5534
-0.5075,-13.9417,1.9919,0.5877,1.3764,2.3915
-1.1947,-13.5395,3.1699,0.5156,1.3843,2.32
-1.1994,-13.4628,3.0909,0.515,1.454,2.3493
-0.8355,-13.3264,2.1643,0.5681,1.6525,2.4422
-0.8044,-13.5969,2.2194,0.5736,1.6855,2.5198
-1.3048,-13.4389,1.3431,0.5321,1.5322,2.4819
-1.391,-13.3144,1.1683,0.5498,1.4411,2.3628
-1.6639,-12.9289,0.9696,0.5223,1.6274,2.1887
-1.9536,-13.1157,1.9345,0.4026,1.9567,2.028
-1.7381,-13.7142,4.1898,0.2059,2.245,1.9327
-1.7166,-13.7142,4.1395,0,2.2108,1.9675
-1.3814,-13.81,3.4404,-0.0182,1.8168,1.981
-1.3215,-13.7047,3.1292,-0.0481,1.3629,1.9425
-0.8451,-13.0151,1.9967,-0.0762,1.0819,1.8551
-0.541,-12.6823,1.956,-0.0726,1.0997,1.7708
-0.1268,-12.3831,1.8698,-0.1935,1.267,1.6169
-0.1268,-12.3831,1.8698,-0.5454,1.0856,1.4019
0.7422,-11.1141,2.1787,-0.5454,1.0856,1.4019
0.9481,-10.8532,2.3511,-0.7213,0.7869,1.2938
1.7238,-10.5802,3.2824,-0.852,0.4589,1.2241
2.3558,-10.3264,3.5984,-0.9125,0.2408,1.2131
2.9328,-9.5914,2.7269,-0.7806,0.2506,1.0995
2.8155,-9.4262,2.5426,-0.6566,0.2115,0.904
2.0853,-8.8516,1.7717,-0.5655,0.0966,0.623
1.2904,-8.4254,1.4891,-0.5558,-0.0578,0.3237
-0.3687,-8.3991,1.4293,-0.5619,-0.2105,0.061
-0.462,-8.4374,1.3479,-0.5393,-0.4024,-0.1979
-1.3934,-8.8085,0.9983,-0.425,-0.6351,-0.5736
-2.0877,-9.2275,1.8339,-0.3975,-0.7023,-0.7959
-2.6336,-9.3065,4.0916,-0.4214,-0.6021,-0.9547
-2.6527,-9.3065,4.0916,-0.4201,-0.4769,-1.0659
-2.8586,-8.8468,3.5338,-0.3585,-0.436,-1.1557
-3.0765,-8.356,3.1579,-0.2259,-0.4952,-1.2339
-3.3734,-8.1764,3.6798,-0.2705,-0.6876,-1.2205
-3.2728,-8.1908,4.3718,-0.3285,-0.7805,-1.1404
-2.8826,-8.5811,4.9132,-0.3377,-0.7982,-1.006
-2.5354,-8.9977,3.5122,-0.265,-0.8379,-0.89
-2.0781,-10.5156,1.9704,-0.1104,-0.9216,-0.8356
-1.6687,-11.107,2.1452,-0.1227,-1.5166,-0.7929
-0.3519,-12.0527,1.9081,-0.1776,-1.6705,-0.7324
0.2298,-12.3639,0.9768,-0.119,-1.4738,-0.7391
0.0622,-12.3735,0.8451,-0.108,-1.2582,-0.9169
0.0263,-12.3926,0.9457,-0.2271,-1.1501,-1.185
0.158,-12.5435,1.9009,-0.488,-1.092,-1.4911
0.7254,-12.8116,3.3638,-0.6248,-1.0694,-1.6175
1.3886,-12.6416,4.1587,-0.6529,-1.0847,-1.7098
1.3766,-12.4908,4.1635,-0.5411,-1.0926,-1.813
1.5514,-12.2179,4.1587,-0.3884,-1.0761,-1.9205
1.3,-11.8683,3.5865,-0.2894,-1.0364,-2.0048
0.3399,-11.3775,3.1387,-0.185,-0.8043,-2.0983
0.3399,-11.3775,3.1387,-0.1807,-0.6455,-2.1172
0.1508,-11.8563,3.4261,-0.1966,-0.6388,-2.1087
0.1628,-12.9529,4.1204,-0.1825,-0.7475,-2.0775
-0.5051,-13.7358,3.4141,-0.1092,-0.935,-2.0751
-1.2808,-13.9177,2.8251,0.0287,-1.1268,-2.138
-2.3463,-13.5466,2.2816,0.2572,-0.9534,-2.2638
-2.363,-12.7302,2.7724,0.3953,-0.6088,-2.2492
-1.3383,-12.0598,2.8323,0.5413,-0.2295,-2.0989
-1.233,-12,2.4349,0.7227,0.06,-1.9474
-1.446,-12.7111,1.7142,0.8149,0.0306,-1.9248
-2.1811,-13.6783,1.8435,0.5724,-0.5978,-1.9767
-2.454,-12.0646,0.7565,0.1784,-1.1885,-1.9346
-2.3798,-11.4972,0.6057,-0.1312,-1.6308,-1.8026
-1.9297,-8.3369,0.3878,-0.1685,-1.5942,-1.6701
-1.2832,-6.1318,-0.1867,0.0886,-1.1207,-1.5754
-1.6184,-3.8474,-2.9807,0.5351,-0.7567,-1.5625
-1.6328,-3.4883,-2.885,0.5773,-1.0187,-1.4324
-1.6663,-2.2409,-1.0917,0.099,-1.0505,-1.2168
-2.1883,-1.3862,1.3215,-0.3389,-0.6577,-1.0213
-1.6472,-1.1276,1.1156,-0.4171,-0.2637,-0.8686
-1.6496,-1.1516,1.1276,-0.1159,0.0062,-0.6884
-2.1787,-2.0614,1.3383,0.2541,0.1766,-0.4459
-2.9616,-3.11,1.2042,0.3103,0.1272,-0.2645
-3.4907,-3.3686,1.0223,0.3476,0.1357,-0.05
-2.9879,-3.4691,-0.0263,0.4264,0.2267,0.2162
-2.138,-3.8259,-0.5003,0.559,0.4057,0.587
-0.6751,-4.6088,-0.6248,0.5504,0.4662,1.0164
0.0981,-5.7631,0.0646,0.3458,0.589,1.5888
-0.1747,-6.2132,-0.134,0.1753,0.7704,1.7739
-0.4548,-7.7263,1.142,0.033,0.939,1.8655
-0.0478,-9.5507,2.3535,-0.1453,0.9952,2.0237
0.6033,-12.6728,5.4734,-0.243,1.0777,2.2388
0.5363,-12.8643,5.5356,-0.1581,1.1241,2.4862
0.2226,-13.0439,5.1837,0.1344,1.1033,2.5619
-0.3184,-12.6273,3.5075,0.4979,0.9445,2.5595
-1.2114,-11.1405,3.055,0.8339,0.8639,2.4923
-1.2114,-11.1405,3.055,1.1271,0.9928,2.3799
-1.063,-9.7806,1.9512,1.1271,0.9928,2.3799
-1.0438,-8.854,0.905,1.1454,1.063,2.3952
-1.2114,-10.2259,1.3934,0.9963,1.195,2.4043
-1.2114,-10.2259,1.3934,0.5797,1.3416,2.5949
-1.1516,-12.6009,1.4245,0.5797,1.3416,2.5949
-0.9792,-14.8446,1.0462,0.471,1.2182,2.7433
-0.4165,-16.3697,1.0462,0.4179,1.0777,2.8179
-0.2346,-16.4152,0.9313,0.3372,1.0264,2.6358
-0.5315,-14.9092,1.2114,0.2322,1.1003,2.2931
-0.6727,-13.3527,2.0925,0.0556,1.2628,1.9211
-0.4716,-11.593,3.7493,-0.1514,1.3471,1.6701
-0.4477,-11.0232,3.8977,-0.287,1.2829,1.5253
-0.2801,-10.2522,4.0821,-0.312,1.0532,1.3787
-0.2513,-9.8835,3.9695,-0.2943,0.8761,1.3005
0.4955,-10.5778,2.2361,-0.2625,0.6751,1.2363
0.5722,-10.7598,1.9129,-0.2369,0.5083,1.2003
0.5195,-11.344,1.6903,-0.2149,0.4094,1.1392
0.067,-11.1165,1.3407,-0.2577,0.3752,0.9694
-0.7996,-10.087,1.7788,-0.3077,0.465,0.5803
-0.8619,-9.9075,1.9752,-0.3139,0.5157,0.3555
-1.1228,-9.3568,1.7693,-0.2851,0.5535,0.2028
-1.3575,-9.0144,2.0135,-0.2241,0.6018,0.0714
-1.446,-8.7654,1.5634,-0.1825,0.5639,-0.036
-1.446,-8.7654,1.5634,-0.0933,0.4876,-0.1728
-1.2737,-9.17,1.7262,-0.0457,0.3849,-0.2577
-0.5075,-9.7423,2.5043,-0.0359,0.2982,-0.2938
0.4716,-10.6281,3.9695,-0.0732,0.187,-0.328
0.9576,-10.6832,5.3872,-0.1227,-0.0071,-0.3995
0.8116,-10.4174,4.3837,-0.0976,-0.1623,-0.5375
0.1005,-10.0032,3.0023,0.0972,-0.439,-0.8576
-1.4628,-10.0032,2.5953,0.1033,-0.5984,-1.0012
-1.7693,-10.2618,2.7269,0.0067,-0.7756,-1.0739
-1.9991,-10.9489,2.035,-0.0634,-0.8049,-1.0598
-2.1068,-11.8132,0.9504,-0.0316,-0.6876,-1.0445
-1.9297,-12.8667,1.549,-0.0469,-0.6131,-1.08
-1.9297,-12.8667,1.549,-0.3988,-0.6748,-1.1319
-0.8331,-12.9505,1.6496,-0.3988,-0.6748,-1.1319
-0.407,-13.0151,3.6343,-0.5521,-0.7225,-1.1905
-0.2849,-12.2586,4.0318,-0.7054,-0.8403,-1.3084
-0.2633,-12.1173,4.027,-0.6834,-0.8367,-1.4355
-0.0694,-11.4158,3.5314,-0.6584,-1.2099,-1.6194
0.1604,-10.9585,3.4141,-0.681,-1.3028,-1.6945
0.292,-10.9513,4.4484,-0.6914,-1.0823,-1.7531
0.292,-10.9753,4.4532,-0.6498,-0.7457,-1.8246
-0.1699,-11.0734,3.8546,-0.5619,-0.6052,-1.8961
-0.6703,-11.1692,2.94,-0.4458,-0.6113,-1.9425
-1.0797,-11.5499,2.7629,-0.3835,-0.6534,-1.915
-1.1061,-11.6504,2.8586,-0.3939,-0.7524,-1.8625
-0.7374,-11.6241,3.031,-0.4055,-0.965,-1.7971
-0.7326,-11.4972,2.308,-0.3908,-1.1647,-1.7495
-0.972,-10.7382,2.7006,-0.2998,-1.0981,-1.7641
-0.9935,-10.5276,3.0597,-0.0616,-0.5661,-1.871
-0.8068,-10.0224,3.3614,0.2169,-0.1873,-1.9315
-0.2322,-9.9649,3.8187,0.5449,0.0844,-1.9168
0.5291,-11.2219,3.4548,0.8613,0.2225,-1.8551
0.3926,-11.4326,3.3183,1.0904,0.0361,-1.8087
0.0215,-12.5602,2.9448,1.168,-0.2576,-1.7922
0.2633,-14.1979,2.8945,1.0293,-0.7176,-1.6872
-0.1604,-13.1588,0.9217,0.8119,-1.18,-1.5479
-0.316,-12.4716,0.5889,0.6304,-1.6992,-1.4318
-0.5841,-9.5866,-0.5746,0.6756,-1.8226,-1.3365
-0.6488,-7.4031,-2.8682,0.9933,-1.4592,-1.2394
-0.1173,-5.3321,-3.4596,1.2957,-1.0157,-1.1197
-0.1101,-5.2483,-3.3255,0.7887,-1.0126,-0.9517
-0.7038,-3.7588,-0.8236,0.0611,-1.1372,-0.8985
-1.7142,-2.6336,1.6448,-0.557,-1.1336,-0.8686
-1.8746,-2.4181,3.5697,-0.7415,-0.891,-0.8277
-2.4133,-2.2577,4.1706,-0.5289,-0.5697,-0.7098
-2.1547,-2.2505,2.873,-0.0555,-0.2771,-0.5143
-2.7198,-2.4827,2.3894,0.1607,-0.2215,-0.3597
-2.3582,-4.343,2.047,0.234,-0.1232,-0.2345
-2.047,-4.9586,1.9105,0.3305,-0.0841,0.0164
-0.8355,-5.981,1.2066,0.4753,-0.0053,0.3152
-1.0821,-6.4359,-0.1173,0.526,0.1076,0.5913
-1.3311,-7.1733,-0.4141,0.4478,0.4021,0.8625
-1.5801,-7.1924,-0.3232,0.2871,0.5542,1.1129
-2.0374,-7.1972,0.8164,0.1338,0.6207,1.2938
-1.865,-7.2379,0.6631,0.0159,0.7429,1.4966
-1.865,-7.2379,0.6631,-0.0878,1.3318,1.904
-2.1835,-7.2619,2.4253,-0.0878,1.3318,1.904
-2.2792,-7.2858,2.9831,-0.0909,1.3739,2.0323
-2.0853,-7.5707,3.45,-0.0261,1.4228,2.1911
-0.3998,-9.4334,3.6008,0.0587,1.5089,2.3701
-0.3998,-9.4334,3.6008,0.1448,1.6342,2.5479
-0.3806,-10.9585,3.9073,0.2083,1.6238,2.6658
-0.7709,-12.8715,3.8019,0.2548,1.245,2.6957
-1.0271,-15.515,2.5474,0.3415,0.9561,2.7049
-0.9744,-16.6522,1.5035,0.5003,0.8999,2.6902
-1.1851,-17.3705,0.9457,0.6549,1.1015,2.6108
-0.8882,-16.4248,0.8882,0.6634,1.3532,2.4807
0.1149,-14.4014,0.0526,0.4515,1.4234,2.4019
0.4596,-13.5371,0.0766,0.2639,1.2725,2.3677
0.6536,-12.3352,0.6153,0.0043,1.0948,2.2449
0.6272,-11.6624,1.4101,-0.2644,0.9665,2.0555
0.6512,-11.1955,3.6152,-0.4935,0.9567,1.8594
0.5626,-11.0662,3.8211,-0.6718,1.0093,1.6847
0.5865,-10.7454,4.8841,-0.7518,1.049,1.4013
0.7062,-10.9418,5.4949,-0.7195,0.9885,1.2797
0.553,-11.4685,3.9935,-0.601,0.8749,1.1905
0.5339,-11.6313,3.7636,-0.4342,0.6629,1.1136
0.2896,-12.328,2.6431,-0.3279,0.3171,1.0335
-0.1173,-12.5076,1.6879,-0.2699,0.0453,0.9138
-0.9241,-11.2147,1.4676,-0.2351,-0.0163,0.5998
-0.9241,-11.2147,1.4676,-0.2858,0.2047,0.2003
-1.1037,-9.7806,1.5035,-0.2858,0.2047,0.2003
-1.1276,-9.0551,2.2625,-0.3236,0.3025,0.0745
-1.3814,-8.3608,2.1619,-0.3591,0.3013,-0.0042
-1.6328,-8.2818,1.6639,-0.2662,0.187,-0.0604
-1.4532,-8.4494,1.3192,-0.2015,0.005,-0.0458
-1.2713,-8.8061,1.9153,-0.1911,-0.1415,0.0048
-1.118,-9.5483,3.3063,-0.1941,-0.1336,-0.0213
-1.118,-9.6752,4.1443,-0.1691,0.0239,-0.1142
-1.2497,-9.7063,4.8267,-0.1337,0.1705,-0.2223
-0.7517,-9.7758,3.9193,-0.0023,0.0545,-0.3885
-0.8858,-10.3647,2.1021,0.0953,-0.2081,-0.4813
-0.8858,-10.3647,2.1021,0.0605,-0.8025,-0.7574
-0.814,-10.7095,0.9193,0.0605,-0.8025,-0.7574
-0.7829,-10.8963,0.5075,0.0141,-0.7982,-0.8478
-1.3192,-11.0208,2.1452,-0.1795,-0.7145,-1.0122
-1.3192,-11.0208,2.1452,-0.3701,-0.6925,-1.1575
-1.154,-11.0926,3.0765,-0.3701,-0.6925,-1.1575
-0.5674,-10.7742,2.3295,-0.2729,-0.5038,-1.1417
-0.6248,-10.5659,2.1499,-0.1954,-0.4378,-1.1924
-0.6248,-10.5659,2.1499,-0.2393,-0.5795,-1.3072
-0.9744,-10.4629,1.6927,-0.3023,-0.9265,-1.4618
-1.3048,-10.3528,1.2378,-0.345,-1.2399,-1.5021
-1.0366,-10.5539,1.2665,-0.4055,-1.5282,-1.474
-0.4453,-10.7742,1.3766,-0.466,-1.7182,-1.3732
0.4405,-10.9274,1.9536,-0.4489,-1.6363,-1.2687
0.9026,-10.9561,2.3487,-0.3707,-1.2014,-1.2406
1.2737,-11.4038,3.3949,-0.1782,-0.2173,-1.3775
1.0797,-11.7606,3.9839,-0.0585,0.3214,-1.5088
0.814,-12.5459,4.1563,0.0764,0.5554,-1.6157
0.2489,-13.8818,4.1371,0.237,0.4277,-1.6762
-0.4572,-15.8765,3.3231,0.3543,0.0557,-1.6933
-0.6416,-16.1255,3.0142,0.457,-0.5032,-1.6652
-1.5418,-16.5995,1.98,0.5761,-0.7408,-1.6957
-1.7884,-16.1566,0.9576,0.7453,-0.7591,-1.7263
0.0119,-13.573,0.62,0.8986,-0.5991,-1.6468
0.1867,-12.9242,0.6679,0.9579,-0.3816,-1.5082
0.2944,-11.2913,0.3806,0.9175,-0.2228,-1.5088
0.0933,-10.3959,-0.1963,0.7538,-0.359,-1.6786
1.3958,-10.9178,0.9121,0.4307,-0.8342,-1.7165
1.3958,-10.9178,0.9121,-0.064,-1.4732,-1.6413
1.8938,-9.6106,1.1348,-0.5124,-1.9045,-1.5351
1.2258,-7.269,1.5035,-0.6755,-1.8318,-1.4862
-1.9776,-4.1778,0.9074,-0.3212,-1.0755,-1.7391
-3.213,-3.3303,0.0837,0.1027,-0.7133,-1.948
-3.4835,-2.2601,-0.1723,0.2541,-0.5282,-1.8606
-3.2968,-1.1156,0.6847,0.0281,-0.4396,-1.5974
-3.1316,-0.2801,1.628,-0.2766,-0.3492,-1.3439
-3.4955,-0.553,1.7549,-0.3572,-0.2234,-1.1465
-4.6255,-1.877,1.6807,-0.1245,-0.1904,-0.9138
-3.4931,-5.2986,1.2042,0.0184,-0.0713,-0.6438
-0.9289,-7.6018,0.4979,0.102,0.1382,-0.1643
-0.8212,-7.7239,0.3734,0.135,0.1632,0.207
-0.8834,-7.5037,-0.4189,0.1521,0.0813,0.4526
-1.3335,-6.8908,-1.1252,0.1918,0.2194,0.7269
-1.8674,-5.5716,-0.0023,0.1112,0.3581,0.9431
-1.9009,-5.471,0.2873,-0.0255,0.5212,1.1288
-2.059,-5.1909,2.1428,-0.1208,0.6391,1.3408
-1.9488,-5.1669,3.7517,-0.1605,0.6953,1.6126
-0.2489,-6.7184,4.762,-0.064,0.8278,1.8808
-0.1484,-6.8333,4.7764,0.278,1.0881,2.2192
0.3734,-7.8844,5.4016,0.5003,1.3177,2.3573
0.4165,-9.2179,5.064,0.7025,1.4234,2.4
-0.1149,-10.8077,3.9121,0.8992,1.2854,2.3982
-0.7781,-11.9377,3.6607,0.9841,1.0147,2.3848
-1.3407,-13.4365,3.6727,0.9566,0.7136,2.4061
-1.2569,-15.4719,2.2792,0.9194,0.1076,2.5411
-1.5514,-15.5102,-0.2681,1.1423,0.0416,2.6041
-1.5394,-14.9523,-1.0055,1.4918,0.7014,2.5986
-1.1827,-13.877,-1.5921,1.5425,1.3434,2.5821
-0.6224,-12.8332,-1.8315,1.2883,1.578,2.568
-0.1173,-11.7055,-1.2928,0.6879,1.3886,2.4648
-0.0909,-11.6193,-1.1994,0.2774,1.1724,2.3432
0.0454,-11.5978,-0.0359,-0.0603,1.0752,2.2149
0.2082,-11.83,1.4772,-0.3603,1.184,2.0946
0.6177,-12.0527,3.8426,-0.5826,1.3006,1.9602
0.6919,-12.0263,3.9695,-0.6938,1.3006,1.8216
0.9193,-11.684,3.4691,-0.5869,1.2359,1.5809
0.8068,-11.2698,2.7988,-0.4391,1.1577,1.3756
-0.2705,-10.518,1.6089,-0.3694,0.9903,1.0995
-0.3591,-10.494,1.5945,-0.3615,0.8071,0.8093
-1.2473,-10.5491,1.6831,-0.3975,0.7405,0.5736
