correr
23.3225,-26.9395,-5.7275,1.1431,0.092,1.0376
23.3225,-26.9395,-5.7275,1.7428,1.4363,2.1328
23.3225,-26.9395,-5.7275,1.8504,1.3692,1.9762
23.3225,-26.9395,-5.7275,1.5713,0.8983,1.3967
23.3225,-26.9395,-5.7275,0.7532,2.0328,0.5348
23.3225,-26.9395,-5.7275,-0.4003,2.0882,-0.6336
23.3225,-26.9395,-5.7275,-1.1141,2.6943,-1.3953
23.3225,-26.9395,-5.7275,-0.1181,1.6824,-1.2632
23.3225,-26.9395,-5.7275,-0.7966,3.6596,-2.7066
23.3225,-26.9395,-5.7275,-0.9468,1.3095,-1.6147
23.3225,-26.9395,-5.7275,-0.4238,0.1239,1.125
23.3225,-26.9395,-5.7275,0.5348,-1.2959,3.5219
23.3225,-26.9395,-5.7275,1.06,-1.1692,3.6518
23.3225,-26.9395,-5.7275,1.7045,-0.0145,3.2524
23.3225,-26.9395,-5.7275,2.0432,0.7716,2.8923
23.3225,-26.9395,-5.7275,1.9804,0.5308,3.2662
23.3225,-26.9395,-5.7275,1.5809,0.3018,3.5805
23.3225,-26.9395,-5.7275,0.8778,0.3902,3.2843
23.3225,-26.9395,-5.7275,0.2707,0.3561,2.4652
23.3225,-26.9395,-5.7275,0.0416,0.2027,1.7802
23.3225,-26.9395,-5.7275,0.0214,0.2166,1.1794
23.3225,-26.9395,-5.7275,0.0235,-0.3745,0.3473
23.3225,-26.9395,-5.7275,-0.0456,-1.0211,-0.7135
23.3225,-26.9395,-5.7275,-0.4515,-1.7744,-1.2717
23.3225,-26.9395,-5.7275,-1.1641,-2.0364,-1.5465
23.3225,-26.9395,-5.7275,-1.8139,-2.0247,-1.7127
23.3225,-26.9395,-5.7275,-2.3977,-1.6176,-1.9407
23.3225,-26.9395,-5.7275,-1.472,-2.0875,-2.9867
23.3225,-26.9395,-5.7275,-1.7628,-0.0038,-3.5184
23.3225,-26.9395,-5.7275,-2.517,1.9604,-2.714
23.3225,-26.9395,-5.7275,-2.2528,2.0978,-3.3052
23.3225,-26.9395,-5.7275,-1.3899,1.465,-2.7758
23.3225,-26.9395,-5.7275,-1.0299,-0.4075,-1.9481
23.3225,-26.9395,-5.7275,-0.9063,-2.1387,-2.0504
23.3225,-26.9395,-5.7275,-0.5335,-2.8407,-1.5806
23.3225,-26.9395,-5.7275,-0.2043,-2.7757,-0.7157
23.3225,-26.9395,-5.7275,0.2057,-2.4018,0.39
23.3225,-26.9395,-5.7275,0.9332,-1.019,1.3296
23.3225,-26.9395,-5.7275,1.9228,0.68,2.0039
23.3225,-26.9395,-5.7275,2.2127,0.8749,1.8718
23.3225,-26.9395,-5.7275,1.3987,0.6629,1.2156
23.3225,-26.9395,-5.7275,0.3175,1.9796,-0.1234
23.3225,-26.9395,-5.7275,-0.4366,3.2484,-1.1684
23.3225,-26.9395,-5.7275,-1.0736,2.9469,-1.3484
23.3225,-26.9395,-5.7275,-1.782,0.0781,-1.0043
23.3225,-26.9395,-5.7275,-0.3609,4.4148,-2.6533
23.3225,-26.9395,-5.7275,-0.4323,1.3074,0.4294
23.3225,-26.9395,-5.7275,0.5391,-0.3372,1.875
23.3225,-26.9395,-5.7275,0.962,-0.8688,3.2726
23.3225,-26.9395,-5.7275,1.1761,-0.6089,3.4697
23.3225,-26.9395,-5.7275,1.7481,0.3636,3.1299
23.3225,-26.9395,-5.7275,2.1243,1.0187,3.0734
23.3225,-26.9395,-5.7275,2.2436,0.7375,3.328
23.3225,-26.9395,-5.7275,1.8184,0.2656,3.2726
23.3225,-26.9395,-5.7275,1.0302,0.0898,3.0606
23.3225,-26.9395,-5.7275,0.3623,-0.2371,2.5238
23.3225,-26.9395,-5.7275,0.1716,-0.334,1.9922
23.3225,-26.9395,-5.7275,0.0928,-0.3436,1.5587
23.3225,-26.9395,-5.7275,-0.085,-0.6099,0.6445
23.3225,-26.9395,-5.7275,-0.3748,-1.0808,-0.5292
23.3225,-26.9395,-5.7275,-0.6177,-1.6006,-1.3101
23.3225,-26.9395,-5.7275,-1.0832,-2.1578,-1.5359
23.3225,-26.9395,-5.7275,-1.7947,-2.2484,-1.7553
23.3225,-26.9395,-5.7275,-2.6929,-1.9682,-2.0227
23.3225,-26.9395,-5.7275,-1.9854,-3.2891,-3.0624
23.3225,-26.9395,-5.7275,-2.0291,-1.2437,-4.0915
23.3225,-26.9395,-5.7275,-2.8899,2.2001,-2.4989
23.3225,-26.9395,-5.7275,-2.2698,1.8869,-3.7517
23.3225,-26.9395,-5.7275,-1.3644,1.5428,-3.904
23.3225,-26.9395,-5.7275,-0.9596,-0.1391,-2.7758
23.3225,-26.9395,-5.7275,-0.8467,-2.177,-2.5798
23.3225,-26.9395,-5.7275,-0.3961,-3.0196,-2.0589
23.3225,-26.9395,-5.7275,-0.0446,-2.8705,-1.2674
23.3225,-26.9395,-5.7275,0.341,-2.6617,-0.1191
23.3225,-26.9395,-5.7275,0.9332,-1.2725,1.0547
23.3225,-26.9395,-5.7275,1.5234,1.4789,2.5419
23.3225,-26.9395,-5.7275,1.8919,2.6208,2.5791
23.3225,-26.9395,-5.7275,1.1995,1.7857,1.9943
23.3225,-26.9395,-5.7275,0.6243,1.1945,0.9726
23.3225,-26.9395,-5.7275,0.2664,4.4883,-0.117
23.3225,-26.9395,-5.7275,-0.3332,4.7567,-1.1588
23.3225,-26.9395,-5.7275,0.1087,1.5929,-1.4347
23.3225,-26.9395,-5.7275,-1.3154,-0.1125,-2.8941
23.3225,-26.9395,-5.7275,-1.5231,1.105,-1.0342
23.3225,-26.9395,-5.7275,-0.0978,0.8856,2.1818
23.3225,-26.9395,-5.7275,0.7383,-0.0731,3.2417
23.3225,-26.9395,-5.7275,1.1164,0.0749,3.5048
23.3225,-26.9395,-5.7275,1.5191,-0.0081,3.001
23.3225,-26.9395,-5.7275,1.7226,0.3657,2.6921
23.3225,-26.9395,-5.7275,1.7907,0.1133,3.1949
23.3225,-26.9395,-5.7275,1.7119,0.6991,3.4771
23.3225,-26.9395,-5.7275,1.256,0.8919,3.2449
23.3225,-26.9395,-5.7275,0.6605,0.8227,2.544
23.3225,-26.9395,-5.7275,0.4464,0.4712,1.7983
23.3225,-26.9395,-5.7275,0.1886,-0.0709,1.2806
23.3225,-26.9395,-5.7275,0.0225,-0.3244,0.5828
23.3225,-26.9395,-5.7275,-0.0488,-0.9625,-0.4983
23.3225,-26.9395,-5.7275,-0.3993,-1.7637,-1.3111
23.3225,-26.9395,-5.7275,-1.0448,-2.4146,-1.5668
23.3225,-26.9395,-5.7275,-1.7585,-2.3815,-1.7447
23.3225,-26.9395,-5.7275,-2.4403,-1.9096,-1.9353
23.3225,-26.9395,-5.7275,-2.6055,-1.4728,-2.3519
23.3225,-26.9395,-5.7275,-1.4198,-2.2484,-3.691
23.3225,-26.9395,-5.7275,-1.7053,0.5138,-3.6292
23.3225,-26.9395,-5.7275,-2.1079,0.9228,-2.909
23.3225,-26.9395,-5.7275,-1.5838,0.9953,-3.6782
23.3225,-26.9395,-5.7275,-0.6358,0.1548,-2.8429
23.3225,-26.9395,-5.7275,-0.4451,-1.7135,-2.1005
23.3225,-26.9395,-5.7275,-0.2906,-2.8747,-1.7915
23.3225,-26.9395,-5.7275,0.1268,-3.3552,-1.1684
23.3225,-26.9395,-5.7275,0.5402,-2.715,-0.2065
23.3225,-26.9395,-5.7275,1.0259,-1.6634,0.6872
23.3225,-26.9395,-5.7275,1.5883,0.5681,1.7312
23.3225,-26.9395,-5.7275,1.9974,2.0744,2.332
23.3225,-26.9395,-5.7275,1.7481,2.0371,1.9464
23.3225,-26.9395,-5.7275,0.8278,1.1252,1.238
23.3225,-26.9395,-5.7275,0.3324,2.346,0.3484
23.3225,-26.9395,-5.7275,-0.3481,2.6219,-0.6943
23.3225,-26.9395,-5.7275,-1.2962,2.9064,-1.7212
23.3225,-26.9395,-5.7275,-0.6368,1.774,-2.6799
23.3225,-26.9395,-5.7275,-0.7412,1.9508,-1.8043
23.3225,-26.9395,-5.7275,-0.411,1.0464,0.8118
23.3225,-26.9395,-5.7275,0.3814,-0.1039,2.5365
23.3225,-26.9395,-5.7275,0.6041,-0.2861,3.0873
23.3225,-26.9395,-5.7275,0.6808,0.174,3.0873
23.3225,-26.9395,-5.7275,1.0493,1.0901,2.8945
23.3225,-26.9395,-5.7275,1.338,1.5801,3.1533
23.3225,-26.9395,-5.7275,1.452,1.3862,3.3525
23.3225,-26.9395,-5.7275,1.3071,0.8717,3.2321
23.3225,-26.9395,-5.7275,0.8778,0.2922,2.9701
23.3225,-26.9395,-5.7275,0.4485,-0.2382,2.4247
23.3225,-26.9395,-5.7275,0.2877,-0.7037,1.9847
23.3225,-26.9395,-5.7275,0.342,-0.6153,1.5235
23.3225,-26.9395,-5.7275,0.146,-0.7015,0.6179
23.3225,-26.9395,-5.7275,-0.0968,-1.2906,-0.6805
23.3225,-26.9395,-5.7275,-0.3258,-1.8063,-1.5859
23.3225,-26.9395,-5.7275,-1.0619,-2.2495,-1.5732
23.3225,-26.9395,-5.7275,-1.7511,-2.5403,-1.6818
23.3225,-26.9395,-5.7275,-2.4264,-2.291,-1.9684
23.3225,-26.9395,-5.7275,-1.4496,-2.4678,-3.1103
23.3225,-26.9395,-5.7275,-1.4251,-0.986,-4.0244
23.3225,-26.9395,-5.7275,-2.5542,1.1732,-2.6341
23.3225,-26.9395,-5.7275,-2.2645,1.0698,-3.4501
23.3225,-26.9395,-5.7275,-1.5657,0.6853,-3.9243
23.3225,-26.9395,-5.7275,-1.2355,-0.4054,-2.958
23.3225,-26.9395,-5.7275,-1.1567,-2.1206,-3.1412
23.3225,-26.9395,-5.7275,-0.6912,-2.9451,-2.7992
23.3225,-26.9395,-5.7275,-0.1191,-2.9621,-1.9407
23.3225,-26.9395,-5.7275,0.4667,-2.5168,-0.6784
23.3225,-26.9395,-5.7275,1.1324,-1.7776,0.5721
23.3225,-26.9395,-5.7275,1.8419,0.1037,1.8516
23.3225,-26.9395,-5.7275,2.5291,1.7718,2.5429
23.3225,-26.9395,-5.7275,2.4673,2.1372,2.364
23.3225,-26.9395,-5.7275,1.2901,0.631,1.6364
23.3225,-26.9395,-5.7275,0.4752,1.0208,0.6115
23.3225,-26.9395,-5.7275,0.0001,1.3383,-0.4738
23.3225,-26.9395,-5.7275,-1.1492,3.1802,-1.6541
23.3225,-26.9395,-5.7275,-0.967,4.516,-3.9882
23.3225,-26.9395,-5.7275,-2.2581,-0.7569,-3.3734
23.3225,-26.9395,-5.7275,-1.0033,1.0986,0.9098
23.3225,-26.9395,-5.7275,0.2888,0.9953,2.3725
23.3225,-26.9395,-5.7275,0.9077,2.281,2.7815
23.3225,-26.9395,-5.7275,0.733,2.3055,3.7094
23.3225,-26.9395,-5.7275,1.3274,2.3566,1.9847
23.3225,-26.9395,-5.7275,1.5244,1.5385,3.0159
23.3225,-26.9395,-5.7275,1.6757,0.5947,3.6263
23.3225,-26.9395,-5.7275,1.6778,0.1218,3.6433
23.3225,-26.9395,-5.7275,1.3615,0.2081,3.36
23.3225,-26.9395,-5.7275,0.7053,0.3806,2.9903
23.3225,-26.9395,-5.7275,0.1183,0.5266,2.4545
23.3225,-26.9395,-5.7275,0.1684,0.9623,2.1286
23.3225,-26.9395,-5.7275,0.0331,0.7758,1.434
23.3225,-26.9395,-5.7275,-0.2118,-0.4704,0.1428
23.3225,-26.9395,-5.7275,-0.4898,-0.9615,-1.2749
23.3225,-26.9395,-5.7275,-1.1524,-1.5154,-1.6776
23.3225,-26.9395,-5.7275,-1.9194,-2.3219,-1.7436
23.3225,-26.9395,-5.7275,-2.5383,-2.8428,-1.766
23.3225,-26.9395,-5.7275,-3.2031,-2.1642,-1.897
23.3225,-26.9395,-5.7275,-2.5842,-2.0204,-2.7609
23.3225,-26.9395,-5.7275,-2.6748,0.7609,-3.903
23.3225,-26.9395,-5.7275,-2.6108,2.068,-3.5738
23.3225,-26.9395,-5.7275,-2.0493,1.3958,-3.9988
23.3225,-26.9395,-5.7275,-1.4219,0.1527,-3.1561
23.3225,-26.9395,-5.7275,-0.9852,-2.0492,-2.3018
23.3225,-26.9395,-5.7275,-0.5484,-3.5256,-1.7489
23.3225,-26.9395,-5.7275,0.2025,-3.5544,-1.276
23.3225,-26.9395,-5.7275,1.1239,-2.4018,-0.3162
23.3225,-26.9395,-5.7275,1.8195,-0.7836,0.799
23.3225,-26.9395,-5.7275,2.479,1.1742,2.0082
23.3225,-26.9395,-5.7275,2.919,2.1361,2.0796
23.3225,-26.9395,-5.7275,2.4098,1.8986,1.7259
23.3225,-26.9395,-5.7275,1.2262,0.6512,1.1516
23.3225,-26.9395,-5.7275,0.488,1.9859,0.2014
23.3225,-26.9395,-5.7275,-0.7945,2.0456,-0.8733
23.3225,-26.9395,-5.7275,-1.4176,2.8051,-1.1503
23.3225,-26.9395,-5.7275,-0.3279,1.5119,-1.277
23.3225,-26.9395,-5.7275,-1.5082,1.8198,-3.1476
23.3225,-26.9395,-5.7275,-1.2472,0.6448,-0.542
23.3225,-26.9395,-5.7275,0.5955,-0.8027,2.6793
23.3225,-26.9395,-5.7275,1.1015,-0.4224,4.0289
23.3225,-26.9395,-5.7275,0.9609,0.076,3.3642
23.3225,-26.9395,-5.7275,1.5905,1.2467,2.7901
23.3225,-26.9395,-5.7275,1.8887,1.5694,3.1267
23.3225,-26.9395,-5.7275,1.9079,1.1263,3.54
23.3225,-26.9395,-5.7275,1.5883,0.632,3.5059
23.3225,-26.9395,-5.7275,0.9716,0.0344,3.1182
23.3225,-26.9395,-5.7275,0.4134,-0.04,2.4194
23.3225,-26.9395,-5.7275,0.0981,-0.0155,1.9794
23.3225,-26.9395,-5.7275,-0.1734,0.1495,1.5256
23.3225,-26.9395,-5.7275,-0.3077,-0.6334,0.6584
23.3225,-26.9395,-5.7275,-0.1809,-1.7467,-0.477
23.3225,-26.9395,-5.7275,-0.2896,-2.0108,-1.2078
23.3225,-26.9395,-5.7275,-0.7348,-2.0875,-1.4113
23.3225,-26.9395,-5.7275,-1.1844,-2.0662,-1.6925
23.3225,-26.9395,-5.7275,-1.5551,-1.6166,-2.2123
23.3225,-26.9395,-5.7275,-1.4826,-1.4994,-2.9132
23.3225,-26.9395,-5.7275,-1.1599,-1.2629,-3.6697
23.3225,-26.9395,-5.7275,-2.1921,0.7428,-2.5905
23.3225,-26.9395,-5.7275,-2.5704,1.4373,-2.4722
23.3225,-26.9395,-5.7275,-1.7788,0.9175,-3.1966
23.3225,-26.9395,-5.7275,-1.2312,-0.2488,-2.8312
23.3225,-26.9395,-5.7275,-1.0565,-2.063,-2.6821
23.3225,-26.9395,-5.7275,-0.8179,-2.7799,-2.1857
23.3225,-26.9395,-5.7275,-0.5388,-2.7501,-1.3591
23.3225,-26.9395,-5.7275,-0.2331,-2.3783,-0.4493
23.3225,-26.9395,-5.7275,0.1876,-1.9672,0.3228
23.3225,-26.9395,-5.7275,0.8544,-0.1018,1.1591
23.3225,-26.9395,-5.7275,1.6182,2.8605,2.021
23.3225,-26.9395,-5.7275,2.1126,3.2963,1.8186
23.3225,-26.9395,-5.7275,1.7343,2.4802,1.4244
23.3225,-26.9395,-5.7275,0.7149,1.1359,0.6467
23.3225,-26.9395,-5.7275,0.4326,2.2682,-0.2789
23.3225,-26.9395,-5.7275,-0.3567,1.579,-1.1183
23.3225,-26.9395,-5.7275,-0.9713,2.6506,-1.7841
23.3225,-26.9395,-5.7275,0.5817,0.4669,-1.3388
23.3225,-26.9395,-5.7275,-1.065,3.3091,-2.3827
23.3225,-26.9395,-5.7275,-0.3162,2.3023,-2.6895
23.3225,-26.9395,-5.7275,-1.2078,-0.6014,0.5135
23.3225,-26.9395,-5.7275,0.2611,-0.7069,3.2545
23.3225,-26.9395,-5.7275,0.9844,-0.5449,3.3685
23.3225,-26.9395,-5.7275,1.5873,0.5852,2.6036
23.3225,-26.9395,-5.7275,1.9772,1.6387,2.1893
23.3225,-26.9395,-5.7275,1.7598,1.5694,2.9637
23.3225,-26.9395,-5.7275,1.4105,1.2648,3.4036
23.3225,-26.9395,-5.7275,0.8448,0.9612,3.2513
23.3225,-26.9395,-5.7275,0.2792,0.7449,2.5504
23.3225,-26.9395,-5.7275,0.0576,0.7386,2.0455
23.3225,-26.9395,-5.7275,-0.0062,0.6832,1.5832
23.3225,-26.9395,-5.7275,-0.0872,-0.235,0.7266
23.3225,-26.9395,-5.7275,0.0928,-1.3577,-0.3247
23.3225,-26.9395,-5.7275,0.0874,-1.9586,-0.8872
23.3225,-26.9395,-5.7275,-0.6027,-2.1951,-1.0629
23.3225,-26.9395,-5.7275,-1.1407,-2.2878,-1.2887
23.3225,-26.9395,-5.7275,-1.6541,-1.5825,-1.5306
23.3225,-26.9395,-5.7275,-2.0866,-0.8635,-1.9162
23.3225,-26.9395,-5.7275,-0.6943,-1.7733,-3.5589
23.3225,-26.9395,-5.7275,-1.7798,2.0083,-3.0688
23.3225,-26.9395,-5.7275,-2.1803,1.366,-2.5542
23.3225,-26.9395,-5.7275,-1.767,1.3106,-3.1636
23.3225,-26.9395,-5.7275,-1.1567,0.1314,-2.2602
23.3225,-26.9395,-5.7275,-1.2962,-1.8947,-1.9023
23.3225,-26.9395,-5.7275,-0.9607,-2.6297,-1.7692
23.3225,-26.9395,-5.7275,-0.5772,-2.357,-1.3122
23.3225,-26.9395,-5.7275,-0.3982,-1.6879,-0.5218
23.3225,-26.9395,-5.7275,0.0107,-0.8805,0.3037
23.3225,-26.9395,-5.7275,0.7276,0.3348,1.0589
23.3225,-26.9395,-5.7275,1.1196,0.8877,1.6865
23.3225,-26.9395,-5.7275,1.2773,1.2669,1.5427
23.3225,-26.9395,-5.7275,1.0621,1.4086,1.0674
23.3225,-26.9395,-5.7275,0.3761,1.824,0.4358
23.3225,-26.9395,-5.7275,-0.3822,1.7452,-0.2288
23.3225,-26.9395,-5.7275,-0.623,2.5463,-0.7391
23.3225,-26.9395,-5.7275,0.6286,1.4842,-0.0254
23.3225,-26.9395,-5.7275,-1.9907,0.7332,1.2071
23.3225,-26.9395,-5.7275,-0.3481,4.3903,-2.6118
23.3225,-26.9395,-5.7275,-1.1268,0.9079,0.3356
23.3225,-26.9395,-5.7275,0.3047,0.0238,2.4268
23.3225,-26.9395,-5.7275,0.7575,-0.8336,3.116
23.3225,-26.9395,-5.7275,1.1953,-0.0347,3.3142
23.3225,-26.9395,-5.7275,1.615,0.9718,2.6409
23.3225,-26.9395,-5.7275,1.6203,1.0571,2.544
23.3225,-26.9395,-5.7275,1.4211,0.9516,2.7485
23.3225,-26.9395,-5.7275,0.9854,0.8014,2.5685
23.3225,-26.9395,-5.7275,0.5306,0.5532,1.8846
23.3225,-26.9395,-5.7275,0.26,0.2752,1.4543
23.3225,-26.9395,-5.7275,-0.0893,0.3295,1.0451
23.3225,-26.9395,-5.7275,-0.3311,0.141,0.2632
23.3225,-26.9395,-5.7275,-0.3705,-0.4619,-0.7263
23.3225,-26.9395,-5.7275,-0.4866,-1.5367,-1.3761
23.3225,-26.9395,-5.7275,-0.9947,-2.1259,-1.7244
23.3225,-26.9395,-5.7275,-1.4997,-2.0321,-1.9673
23.3225,-26.9395,-5.7275,-1.8256,-1.8479,-2.0578
23.3225,-26.9395,-5.7275,-2.2017,-1.6219,-2.0355
23.3225,-26.9395,-5.7275,-2.093,-2.2058,-2.469
23.3225,-26.9395,-5.7275,-1.016,-1.8585,-3.561
23.3225,-26.9395,-5.7275,-1.2472,0.8429,-2.8536
23.3225,-26.9395,-5.7275,-1.1662,0.223,-3.122
23.3225,-26.9395,-5.7275,-0.6102,0.3657,-2.7875
23.3225,-26.9395,-5.7275,-0.0733,-1.1884,-1.832
23.3225,-26.9395,-5.7275,0.081,-2.8119,-1.2046
23.3225,-26.9395,-5.7275,0.4464,-2.6979,-0.8211
23.3225,-26.9395,-5.7275,0.8459,-1.8468,-0.2406
23.3225,-26.9395,-5.7275,0.9599,-1.3535,0.5252
23.3225,-26.9395,-5.7275,1.3199,-0.1998,1.3605
23.3225,-26.9395,-5.7275,1.7151,1.6792,2.3331
23.3225,-26.9395,-5.7275,1.6661,2.2672,2.054
23.3225,-26.9395,-5.7275,0.8981,1.4491,1.3776
23.3225,-26.9395,-5.7275,0.4848,1.8272,0.571
23.3225,-26.9395,-5.7275,0.031,2.7423,-0.1202
23.3225,-26.9395,-5.7275,-0.6805,3.3006,-0.9468
23.3225,-26.9395,-5.7275,0.4794,2.0104,-0.5985
23.3225,-26.9395,-5.7275,-0.9383,1.2946,0.2909
23.3225,-26.9395,-5.7275,0.081,2.5484,-2.632
23.3225,-26.9395,-5.7275,-1.0725,0.6267,-0.5069
23.3225,-26.9395,-5.7275,-0.395,-0.252,2.4673
23.3225,-26.9395,-5.7275,0.473,-0.578,3.4399
23.3225,-26.9395,-5.7275,1.1441,0.6118,2.9328
23.3225,-26.9395,-5.7275,1.7385,1.5758,2.2979
23.3225,-26.9395,-5.7275,1.6278,1.0432,2.4407
23.3225,-26.9395,-5.7275,1.5585,0.6512,2.8934
23.3225,-26.9395,-5.7275,1.174,0.3583,2.8913
23.3225,-26.9395,-5.7275,0.5796,0.223,2.4343
23.3225,-26.9395,-5.7275,0.1886,-0.138,1.8686
23.3225,-26.9395,-5.7275,0.0949,-0.2435,1.5128
23.3225,-26.9395,-5.7275,0.015,-0.1593,0.9449
23.3225,-26.9395,-5.7275,-0.1074,-0.9061,-0.0605
23.3225,-26.9395,-5.7275,-0.2746,-1.5111,-0.9074
23.3225,-26.9395,-5.7275,-0.803,-2.0748,-1.277
23.3225,-26.9395,-5.7275,-1.3899,-2.0577,-1.6104
23.3225,-26.9395,-5.7275,-2.1708,-1.6869,-1.8895
23.3225,-26.9395,-5.7275,-1.7148,-1.7978,-2.6075
23.3225,-26.9395,-5.7275,-1.2195,-1.8287,-3.5621
23.3225,-26.9395,-5.7275,-2.1782,0.4371,-2.7428
23.3225,-26.9395,-5.7275,-2.5831,0.8025,-2.6214
23.3225,-26.9395,-5.7275,-2.0323,0.3593,-2.7513
23.3225,-26.9395,-5.7275,-1.4389,-0.8571,-1.9716
23.3225,-26.9395,-5.7275,-1.4986,-2.3869,-2.0802
23.3225,-26.9395,-5.7275,-1.0981,-2.8992,-2.2155
23.3225,-26.9395,-5.7275,-0.5814,-2.6297,-1.6925
23.3225,-26.9395,-5.7275,-0.1745,-2.2601,-0.7838
23.3225,-26.9395,-5.7275,0.2909,-1.8202,0.0991
23.3225,-26.9395,-5.7275,1.028,-0.4597,0.8704
23.3225,-26.9395,-5.7275,1.3902,1.1188,1.5043
23.3225,-26.9395,-5.7275,1.4552,1.6259,1.5501
23.3225,-26.9395,-5.7275,1.2368,1.4022,1.254
23.3225,-26.9395,-5.7275,0.8267,1.6003,0.8661
23.3225,-26.9395,-5.7275,-0.0595,1.9497,0.341
23.3225,-26.9395,-5.7275,-0.672,3.1355,-0.5101
23.3225,-26.9395,-5.7275,-2.0525,2.916,-1.8288
23.3225,-26.9395,-5.7275,0.1023,3.7203,-1.832
23.3225,-26.9395,-5.7275,-0.2704,1.9987,0.7149
23.3225,-26.9395,-5.7275,0.6243,0.1601,2.0582
23.3225,-26.9395,-5.7275,0.9694,-1.2022,2.7379
23.3225,-26.9395,-5.7275,1.2017,-0.4001,2.7368
23.3225,-26.9395,-5.7275,1.6278,0.6352,2.805
23.3225,-26.9395,-5.7275,1.8078,0.9921,2.8028
23.3225,-26.9395,-5.7275,1.7332,0.7908,2.8071
23.3225,-26.9395,-5.7275,1.4286,0.2603,2.7251
23.3225,-26.9395,-5.7275,0.929,0.0898,2.4428
23.3225,-26.9395,-5.7275,0.4773,-0.1806,1.9517
23.3225,-26.9395,-5.7275,0.3495,-0.1849,1.6311
23.3225,-26.9395,-5.7275,0.2536,-0.2083,1.2252
23.3225,-26.9395,-5.7275,0.1801,-0.5982,0.4975
23.3225,-26.9395,-5.7275,0.0043,-1.2139,-0.4589
23.3225,-26.9395,-5.7275,-0.5047,-1.8116,-1.0427
23.3225,-26.9395,-5.7275,-1.1183,-2.1291,-1.2866
23.3225,-26.9395,-5.7275,-1.6509,-2.0194,-1.5508
23.3225,-26.9395,-5.7275,-2.3689,-1.5132,-1.7393
23.3225,-26.9395,-5.7275,-2.1303,-1.9373,-2.354
23.3225,-26.9395,-5.7275,-1.016,-2.1621,-3.6952
23.3225,-26.9395,-5.7275,-1.9226,0.8994,-2.7716
23.3225,-26.9395,-5.7275,-2.3497,0.6342,-2.7268
23.3225,-26.9395,-5.7275,-1.7404,0.8163,-3.0336
23.3225,-26.9395,-5.7275,-1.2142,0.0888,-2.2453
23.3225,-26.9395,-5.7275,-1.0107,-1.6453,-1.9865
23.3225,-26.9395,-5.7275,-0.5346,-2.5754,-1.7511
23.3225,-26.9395,-5.7275,-0.101,-2.5669,-1.0853
23.3225,-26.9395,-5.7275,0.341,-2.177,-0.1085
23.3225,-26.9395,-5.7275,0.9375,-1.3812,0.9247
23.3225,-26.9395,-5.7275,1.5053,0.3529,2.0242
23.3225,-26.9395,-5.7275,1.8419,1.5822,2.1392
23.3225,-26.9395,-5.7275,1.5415,1.1593,1.761
23.3225,-26.9395,-5.7275,0.9609,0.5671,0.8597
23.3225,-26.9395,-5.7275,0.4741,1.4555,0.0938
23.3225,-26.9395,-5.7275,-0.3098,2.4163,-0.7689
23.3225,-26.9395,-5.7275,-0.5793,3.5381,-1.5327
23.3225,-26.9395,-5.7275,-0.8147,1.6898,-2.0834
23.3225,-26.9395,-5.7275,-0.3609,1.1561,-1.5561
23.3225,-26.9395,-5.7275,-0.2384,1.8816,0.6701
23.3225,-26.9395,-5.7275,0.3005,-0.0294,2.316
23.3225,-26.9395,-5.7275,0.7234,-0.7207,2.512
23.3225,-26.9395,-5.7275,1.2198,-0.5705,2.2329
23.3225,-26.9395,-5.7275,1.6853,0.1303,2.4236
23.3225,-26.9395,-5.7275,1.9995,0.7354,2.8146
23.3225,-26.9395,-5.7275,1.9878,0.6608,3.1448
23.3225,-26.9395,-5.7275,1.4371,0.5181,3.0223
23.3225,-26.9395,-5.7275,0.6414,0.1633,2.6271
23.3225,-26.9395,-5.7275,0.1918,-0.1284,2.0188
23.3225,-26.9395,-5.7275,0.0075,-0.2712,1.482
23.3225,-26.9395,-5.7275,-0.1436,-0.0336,0.766
23.3225,-26.9395,-5.7275,-0.2501,-0.9604,-0.3236
23.3225,-26.9395,-5.7275,-0.4366,-1.7114,-1.244
23.3225,-26.9395,-5.7275,-0.9287,-1.981,-1.5657
23.3225,-26.9395,-5.7275,-1.5604,-1.9586,-1.7947
23.3225,-26.9395,-5.7275,-2.0696,-1.6773,-1.9556
23.3225,-26.9395,-5.7275,-2.4467,-1.2235,-2.1708
23.3225,-26.9395,-5.7275,-1.7212,-1.8106,-2.9931
23.3225,-26.9395,-5.7275,-1.9108,-0.3383,-3.3159
23.3225,-26.9395,-5.7275,-1.8501,-0.4022,-2.3764
23.3225,-26.9395,-5.7275,-1.8203,-0.1018,-2.4509
23.3225,-26.9395,-5.7275,-1.1375,-0.4459,-1.9098
23.3225,-26.9395,-5.7275,-0.7018,-1.2938,-1.8033
23.3225,-26.9395,-5.7275,-0.2406,-1.9714,-1.4826
23.3225,-26.9395,-5.7275,0.2547,-1.9981,-1.0864
23.3225,-26.9395,-5.7275,0.5998,-1.5314,-0.2938
23.3225,-26.9395,-5.7275,1.0142,-1.1063,0.6509
23.3225,-26.9395,-5.7275,1.5511,-0.0741,1.531
23.3225,-26.9395,-5.7275,1.9324,1.3021,2.0582
23.3225,-26.9395,-5.7275,1.6352,1.4384,1.9134
23.3225,-26.9395,-5.7275,0.9801,0.6011,1.0493
23.3225,-26.9395,-5.7275,0.6467,0.8962,-0.2395
23.3225,-26.9395,-5.7275,-0.1777,1.5737,-0.9362
23.3225,-26.9395,-5.7275,-1.6136,2.868,-1.9822
23.3225,-26.9395,-5.7275,-0.8818,1.9061,-3.5919
23.3225,-26.9395,-5.7275,-1.4081,-0.4224,-1.6381
23.3225,-26.9395,-5.7275,-0.0968,1.7729,0.6169
23.3225,-26.9395,-5.7275,0.8043,0.6182,1.5022
23.3225,-26.9395,-5.7275,1.0035,0.1143,2.0455
23.3225,-26.9395,-5.7275,1.1814,-0.5524,2.0519
23.3225,-26.9395,-5.7275,1.3806,-0.7782,2.7645
23.3225,-26.9395,-5.7275,1.501,-0.644,3.2875
23.3225,-26.9395,-5.7275,1.6203,-0.333,2.9552
23.3225,-26.9395,-5.7275,1.4978,-0.2105,2.5216
23.3225,-26.9395,-5.7275,1.2038,0.1687,2.3214
23.3225,-26.9395,-5.7275,0.7095,-0.04,1.6918
23.3225,-26.9395,-5.7275,0.5742,-0.1742,1.5938
23.3225,-26.9395,-5.7275,0.5178,-0.6749,1.3488
23.3225,-26.9395,-5.7275,0.4603,-1.5122,0.5764
23.3225,-26.9395,-5.7275,0.3559,-2.324,-0.5122
23.3225,-26.9395,-5.7275,-0.068,-2.9525,-1.3601
23.3225,-26.9395,-5.7275,-0.8264,-2.7064,-1.5998
23.3225,-26.9395,-5.7275,-1.62,-1.7369,-1.2781
23.3225,-26.9395,-5.7275,-2.2507,-1.8202,-1.2706
23.3225,-26.9395,-5.7275,-2.077,-2.1855,-1.8352
23.3225,-26.9395,-5.7275,-2.3433,-0.6525,-2.3199
23.3225,-26.9395,-5.7275,-2.2847,1.6877,-1.6658
23.3225,-26.9395,-5.7275,-2.0696,1.1412,-1.5689
23.3225,-26.9395,-5.7275,-1.8267,0.7471,-1.75
23.3225,-26.9395,-5.7275,-1.3793,-0.0496,-1.4826
23.3225,-26.9395,-5.7275,-0.2896,-1.8255,-2.0568
23.3225,-26.9395,-5.7275,0.3356,-1.6357,-1.3505
23.3225,-26.9395,-5.7275,0.4922,-1.2278,-0.4973
23.3225,-26.9395,-5.7275,0.7117,-1.1479,0.4027
16.663,-19.9329,-8.2309,0.8267,-1.1298,0.8224
9.6609,-13.048,-10.8993,0.8267,-1.1298,0.8224
3.7897,-7.2942,-6.9874,0.8267,-1.1298,0.8224
2.6877,-2.0673,-1.4805,0.8267,-1.1298,0.8224
12.0634,0.3714,-2.1368,0.8267,-1.1298,0.8224
19.3601,1.9449,2.5489,0.8267,-1.1298,0.8224
7.1505,0.6802,-2.7117,0.8267,-1.1298,0.8224
3.4063,2.568,-1.6002,0.8267,-1.1298,0.8224
7.9768,5.0903,0.0742,0.8267,-1.1298,0.8224
4.3047,1.2958,0.4408,0.8267,-1.1298,0.8224
-0.2729,-3.1908,3.6074,0.8267,-1.1298,0.8224
4.6495,-13.3835,7.2822,0.8267,-1.1298,0.8224
17.5276,-47.9836,-4.5633,0.8267,-1.1298,0.8224
-8.5278,-59.1298,-0.5174,0.8267,-1.1298,0.8224
2.041,-34.2194,-1.0923,0.8267,-1.1298,0.8224
6.7408,-30.1352,-5.5096,0.8267,-1.1298,0.8224
17.8104,-20.1364,-4.7934,0.8267,-1.1298,0.8224
10.4922,-19.1613,-0.2923,0.8267,-1.1298,0.8224
-0.2322,-14.5453,5.1669,0.8267,-1.1298,0.8224
-13.8651,-1.1498,9.4454,0.8267,-1.1298,0.8224
-25.0496,11.2467,9.8045,0.8267,-1.1298,0.8224
-22.8146,15.4171,10.061,0.8267,-1.1298,0.8224
-14.7129,7.7374,7.7733,0.8267,-1.1298,0.8224
-6.8174,0.5916,3.2124,0.8267,-1.1298,0.8224
1.8109,-3.55,1.9282,0.8267,-1.1298,0.8224
7.0162,-8.1854,-7.6153,0.8267,-1.1298,0.8224
17.0868,-12.2002,-7.4139,0.8267,-1.1298,0.8224
15.1514,-19.4513,-3.9046,0.8267,-1.1298,0.8224
8.8298,-11.6899,2.9415,0.8267,-1.1298,0.8224
1.0947,-0.2801,32.9738,0.8267,-1.1298,0.8224
-29.299,11.9174,-32.8442,0.8267,-1.1298,0.8224
10.8873,-0.8888,29.3924,0.8267,-1.1298,0.8224
7.2655,-78.4951,-22.0981,0.8267,-1.1298,0.8224
-6.1875,-18.5242,22.4456,0.8267,-1.1298,0.8224
-16.9,13.1606,10.1927,0.8267,-1.1298,0.8224
2.1679,-12.2553,2.5222,0.8267,-1.1298,0.8224
14.0853,-42.4623,8.8154,0.8267,-1.1298,0.8224
22.0502,-28.8629,0.8888,0.8267,-1.1298,0.8224
11.6804,-17.5539,-4.2568,0.8267,-1.1298,0.8224
15.6904,-15.8364,-8.3219,0.8267,-1.1298,0.8224
12.284,-9.3807,-6.5876,0.8267,-1.1298,0.8224
5.0376,-2.4313,-2.8434,0.8267,-1.1298,0.8224
10.7724,0.8023,-3.6074,0.8267,-1.1298,0.8224
20.0502,5.0233,1.2623,0.8267,-1.1298,0.8224
16.1958,6.0247,6.827,0.8267,-1.1298,0.8224
0.4623,3.8232,-6.2186,0.8267,-1.1298,0.8224
-3.5212,0.7951,-2.7979,0.8267,-1.1298,0.8224
4.1296,0.9391,3.7681,0.8267,-1.1298,0.8224
-0.0766,-3.3967,1.1258,0.8267,-1.1298,0.8224
-2.9032,-8.6212,6.4029,0.8267,-1.1298,0.8224
9.3927,-18.1193,1.9473,0.8267,-1.1298,0.8224
18.9411,-45.6505,-5.9624,0.8267,-1.1298,0.8224
2.975,-35.4889,-4.5777,0.8267,-1.1298,0.8224
5.9528,-29.1936,-4.1656,0.8267,-1.1298,0.8224
12.6362,-26.9347,-6.2497,0.8267,-1.1298,0.8224
16.5358,-21.1617,-4.3813,0.8267,-1.1298,0.8224
9.3185,-20.2274,0.4264,0.8267,-1.1298,0.8224
-4.906,-12.9834,4.0482,0.8267,-1.1298,0.8224
-15.6305,-2.7763,4.6758,0.8267,-1.1298,0.8224
-17.9062,6.1659,6.13,0.8267,-1.1298,0.8224
-16.6726,7.4642,8.6906,0.8267,-1.1298,0.8224
-14.0782,3.3081,8.4416,0.8267,-1.1298,0.8224
-14.519,1.9018,7.5767,0.8267,-1.1298,0.8224
-4.2928,-0.3067,5.4833,0.8267,-1.1298,0.8224
2.7811,-6.2042,-0.8071,0.8267,-1.1298,0.8224
10.073,-9.3161,-5.8232,0.8267,-1.1298,0.8224
19.7817,-12.1499,-3.4422,0.8267,-1.1298,0.8224
20.8334,-10.1639,22.8433,0.8267,-1.1298,0.8224
-12.4061,-4.8724,-26.5011,0.8267,-1.1298,0.8224
19.6357,-28.6906,60.4164,0.8267,-1.1298,0.8224
9.9269,-34.375,-47.7394,0.8267,-1.1298,0.8224
-22.4887,5.1861,4.1871,0.8267,-1.1298,0.8224
-12.1763,3.1741,3.0014,0.8267,-1.1298,0.8224
2.3906,-27.4306,2.0362,0.8267,-1.1298,0.8224
15.8939,-36.0351,8.9112,0.8267,-1.1298,0.8224
15.2016,-14.3418,3.4302,0.8267,-1.1298,0.8224
11.2826,-14.0686,2.448,0.8267,-1.1298,0.8224
13.7837,-17.0365,-2.6446,0.8267,-1.1298,0.8224
10.9546,-15.9777,-2.5656,0.8267,-1.1298,0.8224
1.7055,-11.7905,-9.4406,0.8267,-1.1298,0.8224
14.126,-4.7524,-9.0836,0.8267,-1.1298,0.8224
21.7222,5.9792,2.2565,0.8267,-1.1298,0.8224
14.888,9.1338,4.0028,0.8267,-1.1298,0.8224
0.3139,4.9203,-6.8366,0.8267,-1.1298,0.8224
1.3221,0.8649,-5.6413,0.8267,-1.1298,0.8224
1.4398,-0.4599,2.5465,0.8267,-1.1298,0.8224
0.515,-3.8639,1.3892,0.8267,-1.1298,0.8224
-0.2226,-9.129,0.9989,0.8267,-1.1298,0.8224
6.8222,-19.1709,3.1429,0.8267,-1.1298,0.8224
24.2374,-46.8673,-4.8413,0.8267,-1.1298,0.8224
10.77,-51.2918,-10.5712,0.8267,-1.1298,0.8224
9.5004,-35.5416,-9.5531,0.8267,-1.1298,0.8224
13.9944,-22.424,-2.7715,0.8267,-1.1298,0.8224
11.3521,-17.8966,-2.8122,0.8267,-1.1298,0.8224
4.4268,-13.1271,3.8471,0.8267,-1.1298,0.8224
-11.9222,-3.8519,6.8749,0.8267,-1.1298,0.8224
-16.4664,4.1991,6.4942,0.8267,-1.1298,0.8224
-16.9671,7.5073,10.7795,0.8267,-1.1298,0.8224
-15.8963,5.9552,12.1834,0.8267,-1.1298,0.8224
-13.5009,3.8735,9.3113,0.8267,-1.1298,0.8224
-6.1755,-0.2876,4.6758,0.8267,-1.1298,0.8224
3.0876,-6.7193,0.079,0.8267,-1.1298,0.8224
8.4895,-11.3377,-8.5182,0.8267,-1.1298,0.8224
16.2988,-16.2509,-17.7386,0.8267,-1.1298,0.8224
12.4779,-20.3471,2.1344,0.8267,-1.1298,0.8224
12.3223,-6.1252,27.5743,0.8267,-1.1298,0.8224
-22.9439,6.1659,-22.1293,0.8267,-1.1298,0.8224
8.6691,-2.5848,41.1638,0.8267,-1.1298,0.8224
3.5691,-60.1767,-40.3303,0.8267,-1.1298,0.8224
-0.4575,-16.9934,16.2868,0.8267,-1.1298,0.8224
-5.9911,0.5892,4.6471,0.8267,-1.1298,0.8224
5.9385,-20.5174,5.1214,0.8267,-1.1298,0.8224
15.6927,-34.3894,12.1906,0.8267,-1.1298,0.8224
20.0885,-23.368,0.4599,0.8267,-1.1298,0.8224
19.7482,-23.4182,-10.5976,0.8267,-1.1298,0.8224
10.928,-15.6736,-10.7508,0.8267,-1.1298,0.8224
1.2455,-7.4211,-5.828,0.8267,-1.1298,0.8224
4.0961,-1.8923,-4.4196,0.8267,-1.1298,0.8224
16.9288,4.8748,0.7879,0.8267,-1.1298,0.8224
19.5016,7.0212,5.9504,0.8267,-1.1298,0.8224
2.0985,3.5476,-10.3818,0.8267,-1.1298,0.8224
-2.4744,0.9917,2.5992,0.8267,-1.1298,0.8224
7.2966,1.4493,1.236,0.8267,-1.1298,0.8224
-1.6672,-2.7644,-0.7041,0.8267,-1.1298,0.8224
-4.3382,-5.0376,3.8304,0.8267,-1.1298,0.8224
4.343,-10.9929,5.8879,0.8267,-1.1298,0.8224
15.7167,-37.9109,-11.4622,0.8267,-1.1298,0.8224
-1.9955,-44.0359,-2.9008,0.8267,-1.1298,0.8224
3.8256,-31.0836,0.8382,0.8267,-1.1298,0.8224
9.244,-30.7268,-5.0999,0.8267,-1.1298,0.8224
13.0744,-26.3478,-4.8988,0.8267,-1.1298,0.8224
8.4847,-19.3747,-0.9534,0.8267,-1.1298,0.8224
-3.5093,-13.9345,3.078,0.8267,-1.1298,0.8224
-13.2782,-2.0626,3.7274,0.8267,-1.1298,0.8224
-16.8785,6.5684,5.5048,0.8267,-1.1298,0.8224
-17.202,8.1229,9.5866,0.8267,-1.1298,0.8224
-14.3777,5.7586,12.756,0.8267,-1.1298,0.8224
-9.5747,2.999,6.2545,0.8267,-1.1298,0.8224
-0.2828,-0.4767,2.4145,0.8267,-1.1298,0.8224
5.4498,-1.8037,-2.3953,0.8267,-1.1298,0.8224
10.1376,-3.5595,-8.4177,0.8267,-1.1298,0.8224
12.4827,-7.6201,-8.0511,0.8267,-1.1298,0.8224
16.1527,-12.4109,4.8006,0.8267,-1.1298,0.8224
5.9864,-1.9692,17.8679,0.8267,-1.1298,0.8224
-22.2732,4.6399,-33.2803,0.8267,-1.1298,0.8224
24.4049,-39.5276,65.0755,0.8267,-1.1298,0.8224
3.9501,-46.0841,-28.0821,0.8267,-1.1298,0.8224
-14.3634,0.1699,11.5511,0.8267,-1.1298,0.8224
-7.8643,3.2866,4.7668,0.8267,-1.1298,0.8224
7.275,-35.7885,4.9084,0.8267,-1.1298,0.8224
12.3654,-30.995,4.3191,0.8267,-1.1298,0.8224
0.5222,-17.0796,-3.4901,0.8267,-1.1298,0.8224
7.6656,-21.2982,-6.0701,0.8267,-1.1298,0.8224
13.6661,-19.0704,-8.3363,0.8267,-1.1298,0.8224
5.4976,-5.5862,-2.8218,0.8267,-1.1298,0.8224
5.1047,0.3618,-2.3786,0.8267,-1.1298,0.8224
17.887,3.1765,-2.448,0.8267,-1.1298,0.8224
20.2034,5.2866,6.5708,0.8267,-1.1298,0.8224
6.578,2.9607,1.526,0.8267,-1.1298,0.8224
-3.4159,1.0564,-6.8342,0.8267,-1.1298,0.8224
0.6563,-0.1508,-1.4302,0.8267,-1.1298,0.8224
0.3067,-1.7007,-0.1149,0.8267,-1.1298,0.8224
-5.5599,-4.8437,-2.211,0.8267,-1.1298,0.8224
-4.2784,-7.3469,1.8587,0.8267,-1.1298,0.8224
6.8294,-20.11,2.5585,0.8267,-1.1298,0.8224
16.1815,-48.2114,-2.4935,0.8267,-1.1298,0.8224
-6.681,-35.4434,-7.7039,0.8267,-1.1298,0.8224
8.9782,-39.0224,-5.2938,0.8267,-1.1298,0.8224
6.2784,-30.2716,-1.3724,0.8267,-1.1298,0.8224
5.6413,-20.7161,-4.5729,0.8267,-1.1298,0.8224
1.5116,-11.8312,-1.7103,0.8267,-1.1298,0.8224
-2.9559,-5.773,1.6505,0.8267,-1.1298,0.8224
-7.6345,0.4767,4.4963,0.8267,-1.1298,0.8224
-12.7799,6.3096,4.8198,0.8267,-1.1298,0.8224
-12.6602,7.7542,8.8824,0.8267,-1.1298,0.8224
-18.0714,6.8031,9.2535,0.8267,-1.1298,0.8224
-12.6889,5.3851,10.3603,0.8267,-1.1298,0.8224
-0.8262,-3.4662,1.4302,0.8267,-1.1298,0.8224
4.4651,-6.5948,-8.0295,0.8267,-1.1298,0.8224
15.8723,-7.6297,-2.8242,0.8267,-1.1298,0.8224
15.7909,-10.3722,-2.46,0.8267,-1.1298,0.8224
14.0183,-6.8079,24.5321,0.8267,-1.1298,0.8224
-28.0462,-0.3929,-46.3092,0.8267,-1.1298,0.8224
23.5379,-38.124,47.0472,0.8267,-1.1298,0.8224
6.7815,-37.9061,-18.9698,0.8267,-1.1298,0.8224
-9.9293,2.987,10.2358,0.8267,-1.1298,0.8224
-14.2098,3.9237,7.105,0.8267,-1.1298,0.8224
-1.7821,-23.8902,5.9935,0.8267,-1.1298,0.8224
10.8562,-47.1861,5.96,0.8267,-1.1298,0.8224
4.1392,-16.8593,-4.9179,0.8267,-1.1298,0.8224
1.8851,-21.8491,-4.7791,0.8267,-1.1298,0.8224
10.4084,-19.9688,-7.2966,0.8267,-1.1298,0.8224
7.9577,-9.0668,-6.0725,0.8267,-1.1298,0.8224
7.2487,-1.526,-3.9285,0.8267,-1.1298,0.8224
15.3333,1.3748,-3.0951,0.8267,-1.1298,0.8224
20.9148,5.1885,-0.1173,0.8267,-1.1298,0.8224
15.0412,5.2579,3.1022,0.8267,-1.1298,0.8224
1.8252,2.6901,-3.0756,0.8267,-1.1298,0.8224
0.158,0.4456,-2.4001,0.8267,-1.1298,0.8224
2.3858,-1.7941,1.9716,0.8267,-1.1298,0.8224
0.7353,-7.0212,5.2076,0.8267,-1.1298,0.8224
1.6505,-16.9575,4.3167,0.8267,-1.1298,0.8224
5.3683,-48.3335,-8.1037,0.8267,-1.1298,0.8224
-9.2511,-39.2307,-2.4408,0.8267,-1.1298,0.8224
3.2435,-26.525,-2.1966,0.8267,-1.1298,0.8224
10.4587,-27.3756,-4.9515,0.8267,-1.1298,0.8224
19.9832,-20.6921,-7.2535,0.8267,-1.1298,0.8224
10.0346,-16.8857,-1.9402,0.8267,-1.1298,0.8224
-0.8649,-12.6458,4.3694,0.8267,-1.1298,0.8224
-12.3534,-4.5154,8.3219,0.8267,-1.1298,0.8224
-17.1011,2.2158,9.2272,0.8267,-1.1298,0.8224
-17.0293,6.5469,11.6253,0.8267,-1.1298,0.8224
-15.2088,6.0007,12.2337,0.8267,-1.1298,0.8224
-15.1346,4.9084,8.9806,0.8267,-1.1298,0.8224
-4.0985,0.5916,4.671,0.8267,-1.1298,0.8224
3.7681,-5.5862,-2.5007,0.8267,-1.1298,0.8224
12.6985,-5.749,-9.4406,0.8267,-1.1298,0.8224
18.9267,-9.2344,-9.2152,0.8267,-1.1298,0.8224
9.3975,-14.8087,-0.6132,0.8267,-1.1298,0.8224
2.302,-14.5573,1.4805,0.8267,-1.1298,0.8224
26.0339,-54.8445,2.3451,0.8267,-1.1298,0.8224
-15.0316,-1.8611,-18.3949,0.8267,-1.1298,0.8224
-23.6457,9.352,10.8777,0.8267,-1.1298,0.8224
-4.9682,-7.7135,4.9275,0.8267,-1.1298,0.8224
3.011,-45.696,1.1976,0.8267,-1.1298,0.8224
16.912,-24.2685,5.3154,0.8267,-1.1298,0.8224
6.4101,-11.5077,-0.1508,0.8267,-1.1298,0.8224
13.0169,-20.3902,-1.3006,0.8267,-1.1298,0.8224
17.5132,-21.4035,-5.773,0.8267,-1.1298,0.8224
8.063,-10.0921,-7.6823,0.8267,-1.1298,0.8224
0.5701,-3.6433,-6.7121,0.8267,-1.1298,0.8224
8.983,-0.2513,-3.7274,0.8267,-1.1298,0.8224
18.0786,4.9586,0.5174,0.8267,-1.1298,0.8224
12.6192,4.1751,0.5844,0.8267,-1.1298,0.8224
2.8649,2.3762,-4.4723,0.8267,-1.1298,0.8224
3.6819,0.3666,-1.4039,0.8267,-1.1298,0.8224
4.2185,-1.8109,0.0814,0.8267,-1.1298,0.8224
-0.0311,-3.6556,1.9617,0.8267,-1.1298,0.8224
-2.4025,-6.3311,4.4532,0.8267,-1.1298,0.8224
5.2196,-13.8196,4.4723,0.8267,-1.1298,0.8224
18.2824,-37.5587,-7.0667,0.8267,-1.1298,0.8224
6.7839,-39.6309,-5.0927,0.8267,-1.1298,0.8224
3.9501,-23.0684,-4.7429,0.8267,-1.1298,0.8224
11.139,-20.5916,-7.644,0.8267,-1.1298,0.8224
11.7713,-18.8501,-5.0305,0.8267,-1.1298,0.8224
7.9744,-15.4988,-0.5078,0.8267,-1.1298,0.8224
0.0239,-12.3055,1.514,0.8267,-1.1298,0.8224
-10.5904,-6.233,2.7069,0.8267,-1.1298,0.8224
-14.7009,1.5738,5.7658,0.8267,-1.1298,0.8224
-19.2691,4.8557,11.6852,0.8267,-1.1298,0.8224
-17.8631,4.537,10.0969,0.8267,-1.1298,0.8224
-6.4029,-2.1655,4.525,0.8267,-1.1298,0.8224
2.3475,-6.3215,-4.1105,0.8267,-1.1298,0.8224
8.9016,-8.6906,-7.05,0.8267,-1.1298,0.8224
18.3829,-8.6188,-3.8663,0.8267,-1.1298,0.8224
14.4663,-6.9491,9.0788,0.8267,-1.1298,0.8224
-1.4972,-1.4685,7.129,0.8267,-1.1298,0.8224
-13.7813,-3.9908,-34.478,0.8267,-1.1298,0.8224
25.6532,-36.0638,18.6894,0.8267,-1.1298,0.8224
2.6015,-20.3088,-16.3754,0.8267,-1.1298,0.8224
-19.5998,0.0454,8.8872,0.8267,-1.1298,0.8224
-7.2343,-9.9963,5.1071,0.8267,-1.1298,0.8224
7.7853,-31.7857,10.6646,0.8267,-1.1298,0.8224
16.9766,-24.5585,9.455,0.8267,-1.1298,0.8224
12.2816,-19.1518,-0.7209,0.8267,-1.1298,0.8224
12.9523,-22.2229,-6.0558,0.8267,-1.1298,0.8224
11.4981,-16.4975,-8.3602,0.8267,-1.1298,0.8224
6.0917,-7.8164,-4.1632,0.8267,-1.1298,0.8224
3.9932,-4.6112,-2.3139,0.8267,-1.1298,0.8224
15.8029,1.7486,0.9654,0.8267,-1.1298,0.8224
22.4839,6.0318,1.2096,0.8267,-1.1298,0.8224
18.886,7.3732,1.5882,0.8267,-1.1298,0.8224
5.9887,2.4384,-5.3803,0.8267,-1.1298,0.8224
-0.7592,-1.9641,-4.9946,0.8267,-1.1298,0.8224
-2.2445,-4.9922,-0.9917,0.8267,-1.1298,0.8224
-3.2363,-11.2683,4.2425,0.8267,-1.1298,0.8224
1.3628,-28.3578,-0.2322,0.8267,-1.1298,0.8224
2.7907,-42.9364,2.8098,0.8267,-1.1298,0.8224
1.6169,-27.7538,-4.0842,0.8267,-1.1298,0.8224
6.5732,-26.3215,-4.7333,0.8267,-1.1298,0.8224
9.0859,-27.064,-3.55,0.8267,-1.1298,0.8224
17.2235,-17.9948,-5.2962,0.8267,-1.1298,0.8224
9.6225,-15.2519,0.1268,0.8267,-1.1298,0.8224
-3.9908,-8.746,5.131,0.8267,-1.1298,0.8224
-13.8339,0.0215,5.5407,0.8267,-1.1298,0.8224
-15.6113,6.1923,6.4918,0.8267,-1.1298,0.8224
-15.9489,7.4642,9.1338,0.8267,-1.1298,0.8224
-17.2164,5.8879,8.8992,0.8267,-1.1298,0.8224
-6.2952,2.3092,4.5729,0.8267,-1.1298,0.8224
0.4336,-5.0185,-5.5096,0.8267,-1.1298,0.8224
7.4857,-9.0045,-7.5985,0.8267,-1.1298,0.8224
18.4141,-11.5894,-6.5086,0.8267,-1.1298,0.8224
18.0427,-9.0716,13.0193,0.8267,-1.1298,0.8224
-8.353,-8.5254,-21.461,0.8267,-1.1298,0.8224
18.3949,-34.5282,30.3506,0.8267,-1.1298,0.8224
-8.4392,-13.7307,-5.6437,0.8267,-1.1298,0.8224
-15.6616,2.7093,1.5092,0.8267,-1.1298,0.8224
0.2876,-8.8226,1.6289,0.8267,-1.1298,0.8224
5.9672,-40.4093,3.2962,0.8267,-1.1298,0.8224
11.0695,-22.8768,5.5503,0.8267,-1.1298,0.8224
5.615,-14.3969,-0.5509,0.8267,-1.1298,0.8224
9.8623,-21.528,-0.8047,0.8267,-1.1298,0.8224
12.8206,-21.0393,-6.2497,0.8267,-1.1298,0.8224
8.8896,-10.3315,-5.2723,0.8267,-1.1298,0.8224
2.357,-3.7514,-5.052,0.8267,-1.1298,0.8224
9.5076,-1.1857,-4.6471,0.8267,-1.1298,0.8224
18.1672,1.7127,-2.2254,0.8267,-1.1298,0.8224
15.8771,3.4015,-1.8779,0.8267,-1.1298,0.8224
2.6877,0.1939,1.8133,0.8267,-1.1298,0.8224
0.3905,2.7452,-2.0697,0.8267,-1.1298,0.8224
4.3143,1.1139,0.2011,0.8267,-1.1298,0.8224
3.5835,-2.3618,1.974,0.8267,-1.1298,0.8224
2.5127,-7.9433,7.5121,0.8267,-1.1298,0.8224
11.206,-20.0358,0.0454,0.8267,-1.1298,0.8224
9.1147,-53.297,1.0205,0.8267,-1.1298,0.8224
-4.4603,-40.1507,-3.5571,0.8267,-1.1298,0.8224
3.3273,-19.7626,-2.5345,0.8267,-1.1298,0.8224
7.4666,-18.7229,-2.1416,0.8267,-1.1298,0.8224
8.1974,-17.3265,-4.5657,0.8267,-1.1298,0.8224
4.6136,-15.6688,-1.5283,0.8267,-1.1298,0.8224
-3.4015,-9.2607,1.2384,0.8267,-1.1298,0.8224
-11.3042,-0.2753,4.3981,0.8267,-1.1298,0.8224
-18.0139,7.7685,6.6905,0.8267,-1.1298,0.8224
-17.2738,10.3531,6.669,0.8267,-1.1298,0.8224
-9.6489,4.8916,4.9634,0.8267,-1.1298,0.8224
-6.312,-1.0851,1.1809,0.8267,-1.1298,0.8224
0.0095,-4.2425,-0.776,0.8267,-1.1298,0.8224
5.7945,-6.9826,-3.3656,0.8267,-1.1298,0.8224
13.4578,-8.722,-4.9323,0.8267,-1.1298,0.8224
13.084,-8.7172,0.0478,0.8267,-1.1298,0.8224
9.1051,-2.8577,7.1888,0.8267,-1.1298,0.8224
-12.363,0.1628,-4.5274,0.8267,-1.1298,0.8224
3.0469,-15.4485,-10.6766,0.8267,-1.1298,0.8224
34.7296,-69.2412,-9.0788,0.8267,-1.1298,0.8224
-10.14,-6.0223,10.9522,0.8267,-1.1298,0.8224
-24.8147,5.4976,9.7111,0.8267,-1.1298,0.8224
-5.2124,-12.545,5.9433,0.8267,-1.1298,0.8224
10.6934,-40.5601,8.5565,0.8267,-1.1298,0.8224
15.3261,-24.0722,0.9654,0.8267,-1.1298,0.8224
4.6399,-15.4027,-3.7633,0.8267,-1.1298,0.8224
8.1037,-17.7099,-6.5493,0.8267,-1.1298,0.8224
10.3555,-14.3179,-6.2186,0.8267,-1.1298,0.8224
5.9576,-7.129,-6.0486,0.8267,-1.1298,0.8224
11.0456,-1.4134,-4.525,0.8267,-1.1298,0.8224
20.3638,4.75,2.3068,0.8267,-1.1298,0.8224
19.5375,6.7456,1.7582,0.8267,-1.1298,0.8224
5.4138,2.6111,-3.737,0.8267,-1.1298,0.8224
-0.0359,-0.4192,-3.9549,0.8267,-1.1298,0.8224
0.1628,-1.1043,0.1532,0.8267,-1.1298,0.8224
0.6443,-3.2267,3.7083,0.8267,-1.1298,0.8224
-0.1891,-9.8287,8.6786,0.8267,-1.1298,0.8224
8.5015,-24.6949,-0.5078,0.8267,-1.1298,0.8224
1.8827,-39.9996,-0.872,0.8267,-1.1298,0.8224
2.4744,-23.1929,-3.2746,0.8267,-1.1298,0.8224
6.2904,-24.9272,-3.2172,0.8267,-1.1298,0.8224
13.5224,-26.2904,-6.5421,0.8267,-1.1298,0.8224
19.3963,-22.0981,-6.4631,0.8267,-1.1298,0.8224
10.3794,-19.6572,0.2274,0.8267,-1.1298,0.8224
-2.0147,-11.6732,2.9798,0.8267,-1.1298,0.8224
-12.756,-2.8482,4.3335,0.8267,-1.1298,0.8224
-16.1048,3.5428,6.2449,0.8267,-1.1298,0.8224
-16.7492,5.1861,8.6714,0.8267,-1.1298,0.8224
-14.9646,4.6184,8.8848,0.8267,-1.1298,0.8224
-10.2286,3.0229,6.8342,0.8267,-1.1298,0.8224
0.9032,-3.4398,-0.7425,0.8267,-1.1298,0.8224
7.2343,-7.5073,-8.6427,0.8267,-1.1298,0.8224
15.4243,-8.7915,-8.1205,0.8267,-1.1298,0.8224
17.2355,-8.6307,10.2932,0.8267,-1.1298,0.8224
-5.313,-10.2334,-15.5802,0.8267,-1.1298,0.8224
10.0849,-26.616,21.6046,0.8267,-1.1298,0.8224
-5.6557,-18.529,-5.2052,0.8267,-1.1298,0.8224
-14.1763,-1.2599,-0.6132,0.8267,-1.1298,0.8224
-4.2161,-10.6263,2.0817,0.8267,-1.1298,0.8224
2.1104,-33.417,6.9731,0.8267,-1.1298,0.8224
14.8781,-25.2411,6.8127,0.8267,-1.1298,0.8224
15.2447,-19.8033,3.4374,0.8267,-1.1298,0.8224
17.2283,-22.2493,-0.3139,0.8267,-1.1298,0.8224
15.0101,-17.5755,-5.3492,0.8267,-1.1298,0.8224
8.995,-9.0093,-3.2028,0.8267,-1.1298,0.8224
3.2459,-5.5886,-5.3516,0.8267,-1.1298,0.8224
11.8695,-0.8672,-3.8615,0.8267,-1.1298,0.8224
16.3491,1.5643,-2.6063,0.8267,-1.1298,0.8224
14.217,2.8051,1.3509,0.8267,-1.1298,0.8224
5.2747,2.2709,-2.041,0.8267,-1.1298,0.8224
-0.7927,2.2301,-3.9214,0.8267,-1.1298,0.8224
2.3523,1.2647,0.3642,0.8267,-1.1298,0.8224
1.1617,-3.1142,1.854,0.8267,-1.1298,0.8224
-0.6515,-10.7891,4.2329,0.8267,-1.1298,0.8224
3.9405,-22.7811,-3.7202,0.8267,-1.1298,0.8224
5.8185,-38.1288,0.0239,0.8267,-1.1298,0.8224
7.1074,-34.4181,-2.2397,0.8267,-1.1298,0.8224
8.2836,-33.1797,-6.6834,0.8267,-1.1298,0.8224
13.6134,-29.5986,-6.6762,0.8267,-1.1298,0.8224
14.5429,-19.741,-3.3033,0.8267,-1.1298,0.8224
6.4173,-15.6185,1.0755,0.8267,-1.1298,0.8224
-6.1851,-8.5972,5.1837,0.8267,-1.1298,0.8224
-15.4461,-0.0957,7.1434,0.8267,-1.1298,0.8224
-19.7698,7.0284,10.5114,0.8267,-1.1298,0.8224
-17.1421,9.7901,14.6746,0.8267,-1.1298,0.8224
-15.8723,6.4918,10.9905,0.8267,-1.1298,0.8224
-1.8396,-0.4121,2.9559,0.8267,-1.1298,0.8224
4.2688,-6.0486,-4.9874,0.8267,-1.1298,0.8224
10.6598,-7.9146,-9.613,0.8267,-1.1298,0.8224
13.2064,-9.601,-10.0825,0.8267,-1.1298,0.8224
8.8465,-10.3291,-2.9918,0.8267,-1.1298,0.8224
7.5671,-4.4244,26.2162,0.8267,-1.1298,0.8224
-20.1795,1.8396,-26.0842,0.8267,-1.1298,0.8224
17.3839,-7.6273,35.7238,0.8267,-1.1298,0.8224
8.1998,-64.6084,-13.6469,0.8267,-1.1298,0.8224
-3.3417,-11.7953,16.9814,0.8267,-1.1298,0.8224
-16.1048,5.6437,7.4881,0.8267,-1.1298,0.8224
2.3906,-17.6497,3.8926,0.8267,-1.1298,0.8224
16.4257,-43.7079,7.445,0.8267,-1.1298,0.8224
16.4376,-22.0742,-1.0396,0.8267,-1.1298,0.8224
10.0921,-18.1983,-5.972,0.8267,-1.1298,0.8224
8.8992,-15.3812,-6.8677,0.8267,-1.1298,0.8224
7.7637,-6.4631,-3.1094,0.8267,-1.1298,0.8224
2.7093,-0.4647,-3.2172,0.8267,-1.1298,0.8224
7.2439,2.8793,-1.9234,0.8267,-1.1298,0.8224
15.6856,3.0951,-2.1607,0.8267,-1.1298,0.8224
13.5559,2.8673,1.6217,0.8267,-1.1298,0.8224
3.8328,1.8683,0.7592,0.8267,-1.1298,0.8224
-1.6169,1.5786,-5.301,0.8267,-1.1298,0.8224
0.3785,-2.4217,-2.053,0.8267,-1.1298,0.8224
-1.5595,-6.523,-1.5499,0.8267,-1.1298,0.8224
-2.5872,-13.4171,7.7518,0.8267,-1.1298,0.8224
10.5928,-39.0967,-5.2005,0.8267,-1.1298,0.8224
-4.4771,-41.4298,0.7616,0.8267,-1.1298,0.8224
5.4545,-23.4374,-2.357,0.8267,-1.1298,0.8224
8.1495,-24.1296,-3.3991,0.8267,-1.1298,0.8224
12.3582,-21.6456,-4.4675,0.8267,-1.1298,0.8224
14.3203,-13.2303,-3.8543,0.8267,-1.1298,0.8224
5.3178,-10.957,2.5055,0.8267,-1.1298,0.8224
-6.9156,-6.1396,6.3144,0.8267,-1.1298,0.8224
-12.2625,-0.1125,8.1663,0.8267,-1.1298,0.8224
-13.6182,3.4925,8.6523,0.8267,-1.1298,0.8224
-15.8699,5.2914,9.074,0.8267,-1.1298,0.8224
-12.5881,4.422,9.7925,0.8267,-1.1298,0.8224
-7.2176,-1.6481,0.158,0.8267,-1.1298,0.8224
-0.4911,-4.9467,-6.8174,0.8267,-1.1298,0.8224
5.0807,-6.8222,-4.2999,0.8267,-1.1298,0.8224
13.9944,-8.4488,-11.5654,0.8267,-1.1298,0.8224
15.2064,-9.1099,16.1384,0.8267,-1.1298,0.8224
-8.3363,-7.1098,-12.8014,0.8267,-1.1298,0.8224
15.4868,-21.0345,36.9144,0.8267,-1.1298,0.8224
-2.4432,-26.5944,-15.4195,0.8267,-1.1298,0.8224
-13.0265,-4.7524,2.2996,0.8267,-1.1298,0.8224
-5.2316,-9.5028,2.1799,0.8267,-1.1298,0.8224
1.7127,-31.7231,4.3646,0.8267,-1.1298,0.8224
12.7943,-27.5216,7.2511,0.8267,-1.1298,0.8224
10.8729,-19.9832,0.3474,0.8267,-1.1298,0.8224
10.9136,-22.5916,-2.0458,0.8267,-1.1298,0.8224
10.7771,-17.9469,-5.4641,0.8267,-1.1298,0.8224
10.2525,-8.3722,-2.5055,0.8267,-1.1298,0.8224
5.6533,-3.1549,-2.9176,0.8267,-1.1298,0.8224
11.7067,0.9319,-1.2695,0.8267,-1.1298,0.8224
16.5792,2.1416,-3.0636,0.8267,-1.1298,0.8224
14.8494,3.3584,-0.2971,0.8267,-1.1298,0.8224
6.3263,2.8122,1.1139,0.8267,-1.1298,0.8224
-0.2513,1.3509,-4.707,0.8267,-1.1298,0.8224
1.2288,-0.4671,-1.0947,0.8267,-1.1298,0.8224
0.6634,-2.6303,0.6994,0.8267,-1.1298,0.8224
-2.5127,-5.7921,6.1324,0.8267,-1.1298,0.8224
3.1884,-13.8818,5.2292,0.8267,-1.1298,0.8224
6.6642,-41.2356,-3.9621,0.8267,-1.1298,0.8224
-6.4751,-32.0658,-2.8434,0.8267,-1.1298,0.8224
5.1669,-24.7572,-0.3139,0.8267,-1.1298,0.8224
6.6762,-27.6317,-2.4073,0.8267,-1.1298,0.8224
9.1003,-27.0903,-4.8844,0.8267,-1.1298,0.8224
15.5946,-19.1781,-4.2688,0.8267,-1.1298,0.8224
3.7633,-14.7009,1.3293,0.8267,-1.1298,0.8224
-7.4139,-8.3291,3.8615,0.8267,-1.1298,0.8224
-12.0443,-1.0037,3.0373,0.8267,-1.1298,0.8224
-13.3692,3.1501,5.8592,0.8267,-1.1298,0.8224
-15.5515,5.3226,9.208,0.8267,-1.1298,0.8224
-17.3361,5.1214,8.0487,0.8267,-1.1298,0.8224
-6.8629,2.1176,5.7921,0.8267,-1.1298,0.8224
1.2958,-4.7572,-4.0435,0.8267,-1.1298,0.8224
8.7532,-7.0883,-10.4491,0.8267,-1.1298,0.8224
18.4691,-7.7015,-1.1593,0.8267,-1.1298,0.8224
14.3753,-7.3181,8.9662,0.8267,-1.1298,0.8224
-1.37,-12.4205,-20.7304,0.8267,-1.1298,0.8224
7.9816,-39.844,15.4339,0.8267,-1.1298,0.8224
-13.3787,-6.8653,20.7328,0.8267,-1.1298,0.8224
-9.8141,4.3311,4.288,0.8267,-1.1298,0.8224
1.8635,-20.8765,-0.2106,0.8267,-1.1298,0.8224
7.1266,-44.3235,6.5828,0.8267,-1.1298,0.8224
9.9987,-16.6295,3.3824,0.8267,-1.1298,0.8224
8.0319,-17.5276,1.0851,0.8267,-1.1298,0.8224
12.0443,-21.0635,0.2923,0.8267,-1.1298,0.8224
13.2662,-16.5166,-5.4043,0.8267,-1.1298,0.8224
9.5555,-8.6643,-5.433,0.8267,-1.1298,0.8224
5.8328,-2.1727,-2.7859,0.8267,-1.1298,0.8224
10.0945,0.7425,-3.1932,0.8267,-1.1298,0.8224
16.7037,3.3105,-0.2899,0.8267,-1.1298,0.8224
13.7475,4.9778,3.9261,0.8267,-1.1298,0.8224
0.5988,1.8875,-4.0243,0.8267,-1.1298,0.8224
-3.0517,0.1604,-2.9583,0.8267,-1.1298,0.8224
1.0732,-0.764,-0.8649,0.8267,-1.1298,0.8224
-1.3964,-3.9597,0.5629,0.8267,-1.1298,0.8224
-1.9716,-9.5675,6.7193,0.8267,-1.1298,0.8224
10.6431,-24.393,-4.422,0.8267,-1.1298,0.8224
1.8133,-45.1474,-2.1176,0.8267,-1.1298,0.8224
1.4493,-27.1837,-2.302,0.8267,-1.1298,0.8224
9.2033,-25.3393,-0.4671,0.8267,-1.1298,0.8224
10.9352,-28.2354,-4.6591,0.8267,-1.1298,0.8224
16.5023,-20.7113,-5.1598,0.8267,-1.1298,0.8224
7.1314,-18.2752,1.6481,0.8267,-1.1298,0.8224
-2.6901,-11.2611,4.8868,0.8267,-1.1298,0.8224
-12.0395,-1.1306,5.0927,0.8267,-1.1298,0.8224
-15.1897,6.7049,5.8951,0.8267,-1.1298,0.8224
-17.2331,9.1195,7.4043,0.8267,-1.1298,0.8224
-15.8292,6.7193,7.8811,0.8267,-1.1298,0.8224
-9.8021,3.5763,5.04,0.8267,-1.1298,0.8224
-2.132,-2.5561,-2.4576,0.8267,-1.1298,0.8224
5.4186,-5.4234,-10.8849,0.8267,-1.1298,0.8224
13.6876,-7.4019,-6.499,0.8267,-1.1298,0.8224
17.2331,-10.6096,-1.2551,0.8267,-1.1298,0.8224
10.8035,-7.4259,19.8272,0.8267,-1.1298,0.8224
-9.589,-26.7719,-34.6746,0.8267,-1.1298,0.8224
20.7951,-41.8009,18.9866,0.8267,-1.1298,0.8224
-20.2345,2.1296,22.1942,0.8267,-1.1298,0.8224
-14.8446,8.6379,2.4121,0.8267,-1.1298,0.8224
2.1607,-20.3614,-0.8215,0.8267,-1.1298,0.8224
8.9854,-50.0199,6.5158,0.8267,-1.1298,0.8224
9.8671,-15.1059,1.411,0.8267,-1.1298,0.8224
5.3875,-14.4328,-0.237,0.8267,-1.1298,0.8224
11.1222,-18.3207,-1.6361,0.8267,-1.1298,0.8224
13.9537,-16.2389,-6.4846,0.8267,-1.1298,0.8224
9.0213,-8.9471,-6.2617,0.8267,-1.1298,0.8224
2.9463,-2.9918,-5.0041,0.8267,-1.1298,0.8224
6.5541,0.0933,-4.0411,0.8267,-1.1298,0.8224
14.1117,2.7907,-1.6888,0.8267,-1.1298,0.8224
13.4506,5.0664,1.9545,0.8267,-1.1298,0.8224
5.2579,1.8827,1.7031,0.8267,-1.1298,0.8224
0.9534,-0.0023,-3.0062,0.8267,-1.1298,0.8224
2.8649,-1.8324,-2.0745,0.8267,-1.1298,0.8224
1.1474,-3.6361,-1.2623,0.8267,-1.1298,0.8224
-0.1747,-7.4929,5.8304,0.8267,-1.1298,0.8224
6.1252,-16.1599,3.4733,0.8267,-1.1298,0.8224
12.914,-45.1953,-1.7582,0.8267,-1.1298,0.8224
-3.4829,-37.4677,-3.4614,0.8267,-1.1298,0.8224
3.5164,-20.1699,-4.5418,0.8267,-1.1298,0.8224
9.1027,-20.3327,-4.2808,0.8267,-1.1298,0.8224
10.77,-17.8846,-4.7887,0.8267,-1.1298,0.8224
7.105,-15.7311,-1.6576,0.8267,-1.1298,0.8224
0.8864,-11.9557,0.7209,0.8267,-1.1298,0.8224
