correr
-1.9378,7.3325,0.2346,-0.7979,0.1503,-0.6319
-1.5499,5.1693,-1.1689,-1.0227,-0.0446,-0.7822
-1.6672,2.7404,-1.8635,-1.1601,-0.1873,-0.893
-2.5175,0.1532,-1.9521,-1.2208,-0.2129,-0.9356
-3.9142,-4.3023,-1.5427,-1.2208,-0.2129,-0.9356
-4.343,-5.8424,-1.3964,-1.223,-0.1745,-0.9122
-4.343,-5.8424,-1.3964,-0.9971,-0.0904,-0.7396
-4.7141,-6.6498,-1.3772,-0.7852,0.0118,-0.6543
-5.0281,-6.6067,-1.569,-0.5306,0.1077,-0.6212
-5.4665,-3.9381,-1.6169,-0.5306,0.1077,-0.6212
-5.5479,-2.2086,-1.3461,-0.2366,0.1482,-0.6575
-5.1669,-0.7448,-1.1665,0.0628,0.0885,-0.7375
-4.3478,0.0383,-0.8481,0.2833,-0.0595,-0.8323
-4.3478,0.0383,-0.8481,0.491,-0.3769,-0.9718
-2.5992,0.1891,-0.4551,0.491,-0.3769,-0.9718
-2.0745,0.1723,-0.1316,0.4932,-0.5069,-1.0049
-2.0075,0.424,0.9726,0.4335,-0.6017,-1.0145
-2.5848,1.2982,4.0411,0.3504,-0.5932,-0.991
-3.3848,3.6266,8.681,0.3749,-0.4376,-0.8983
-3.2315,9.1458,12.6072,0.6615,-0.1191,-0.666
-0.0718,20.2609,11.6085,1.2409,0.3814,-0.3059
7.5938,36.7728,4.077,1.846,0.8469,0.0402
7.5938,36.7728,4.077,0.0639,1.2624,-1.0166
-1.1139,28.9638,13.4003,0.0639,1.2624,-1.0166
-1.1139,28.9638,13.4003,-0.5061,1.5085,-2.3343
-11.7713,20.1077,19.2595,-0.0874,1.174,-2.0136
-14.8183,20.9842,6.8127,-0.0874,1.174,-2.0136
-14.8183,20.9842,6.8127,-0.3601,-1.4464,-1.301
-13.295,24.1488,2.0242,-0.8533,-2.1634,-0.9495
-11.1988,24.8865,-0.4121,-1.3039,-2.5608,-0.6585
-6.9826,22.4983,-0.4432,-1.5319,-2.9911,-0.5605
-2.7667,19.2284,1.1426,-1.4925,-3.4002,-0.601
0.0502,16.306,3.0804,-1.2336,-3.6249,-0.7332
3.3943,11.6468,4.2281,-1.2336,-3.6249,-0.7332
3.3943,11.6468,4.2281,-0.6286,-3.4641,-1.0911
4.9108,7.3253,3.1956,-0.6286,-3.4641,-1.0911
5.524,5.2244,2.4791,-0.4219,-3.2606,-1.2126
5.524,5.2244,2.4791,-0.1663,-2.8004,-1.2595
6.9132,1.3533,1.6289,-0.1663,-2.8004,-1.2595
7.4235,-0.3235,1.3868,-0.0661,-2.5267,-1.2382
7.4905,-1.8109,1.0229,0.0308,-2.1858,-1.2232
7.1577,-3.2411,0.6682,0.1139,-1.8011,-1.2041
6.3982,-4.7141,0.3929,0.1725,-1.3995,-1.1615
5.3731,-6.1348,0.2298,0.2162,-1.0118,-1.0635
4.2568,-7.2056,0.2489,0.2556,-0.6592,-0.8866
3.2076,-7.6297,0.4695,0.2929,-0.3183,-0.6202
2.369,-7.1936,0.752,0.3472,0.0406,-0.2612
1.8827,-6.1875,0.8334,0.4324,0.4166,0.1627
1.6768,-4.9898,0.7353,0.5453,0.7734,0.6005
1.6768,-4.9898,0.7353,0.7616,1.3955,1.3951
1.6816,-3.7633,0.4456,0.8085,1.6768,1.7371
1.8133,-2.7213,0.0143,0.7989,1.9377,2.0566
2.2254,-1.0085,-0.1292,0.7989,1.9377,2.0566
2.2254,-1.0085,-0.1292,0.6114,2.3937,2.6585
2.3139,0.5749,-0.1484,0.4058,2.6324,2.9387
2.3139,3.3704,0.4743,0.2737,2.9349,3.2273
1.6337,14.1284,5.3899,0.2737,2.9349,3.2273
0.2923,24.3259,8.9375,0.3462,3.3376,3.6002
0.2923,24.3259,8.9375,0.9011,4.292,5.0277
-0.1197,37.8843,7.2224,0.5379,3.2396,4.8488
14.8159,39.6644,2.7476,0.5379,3.2396,4.8488
14.8159,39.6644,2.7476,0.1768,0.081,0.7816
-4.7644,24.1655,13.0648,0.1768,0.081,0.7816
-4.7644,24.1655,13.0648,0.981,1.223,1.4015
0.2274,24.4292,4.791,0.981,1.223,1.4015
2.5345,25.8184,3.4781,0.9374,1.5202,1.7957
3.011,25.0711,5.3971,0.6284,1.485,1.6977
2.5944,22.0407,6.918,0.4569,1.4168,1.2449
1.581,18.7373,6.0103,0.5208,1.3934,0.6814
0.4408,16.1432,3.8376,0.6306,1.3284,0.1999
-0.6395,14.0734,2.5345,0.5688,1.126,-0.094
-1.6098,12.1092,2.5489,0.3302,0.8374,-0.2111
-1.9692,10.0059,2.5513,0.0564,0.6445,-0.2101
-1.8157,7.7494,1.9617,-0.1695,0.62,-0.1728
-1.593,5.3707,0.7065,-0.3687,0.6477,-0.1632
-1.6481,2.9583,-0.6299,-0.5732,0.6222,-0.1877
-1.6481,2.9583,-0.6299,-0.9215,0.3463,-0.2591
-3.3249,-1.8444,-2.0003,-0.9215,0.3463,-0.2591
-4.4699,-3.9621,-2.1703,-1.0163,0.2696,-0.2644
-4.4699,-3.9621,-2.1703,-1.011,0.3207,-0.16
-5.4569,-5.5719,-2.1751,-0.8778,0.2685,-0.0865
-6.3551,-6.7384,-2.108,-0.8778,0.2685,-0.0865
-6.4029,-6.1492,-1.8444,-0.6712,0.1812,-0.0748
-6.3694,-4.7692,-1.5044,-0.4166,0.1173,-0.1579
-6.1707,-2.9535,-1.4254,-0.1173,0.0768,-0.3251
-5.6796,-1.1929,-1.1881,0.1704,0.0288,-0.4987
-5.1478,0.0837,-1.1737,0.4154,-0.0488,-0.6372
-5.1478,0.0837,-1.1737,0.7179,-0.2193,-0.8398
-4.132,1.0827,-0.7472,0.7179,-0.2193,-0.8398
-3.7466,1.0708,-0.3067,0.7712,-0.2949,-0.9133
-3.7466,1.0708,-0.3067,0.7605,-0.4866,-1.0198
-3.9621,1.5571,0.7281,0.7605,-0.4866,-1.0198
-3.9621,1.5571,0.7281,0.6742,-0.4856,-0.9271
-4.4196,2.8122,3.7011,0.981,-0.3609,-0.7449
-3.6002,13.1366,12.5689,0.981,-0.3609,-0.7449
2.3762,30.3339,9.8503,1.7075,-0.1894,-0.4615
12.7679,47.392,-1.8755,2.4287,-0.0264,-0.2015
12.7679,47.392,-1.8755,-0.3133,-0.0201,-2.1756
11.8527,41.2045,-0.7161,-1.1026,0.4411,-2.8413
-4.7357,24.8865,19.8248,-0.5508,1.1623,-2.3918
-12.4253,18.0427,22.2445,-0.178,0.505,-1.9284
-11.599,20.3279,13.1055,-0.2941,-0.7583,-1.8485
-10.0275,27.3468,0.7879,-0.2941,-0.7583,-1.8485
-10.0275,27.3468,0.7879,-1.1367,-1.7436,-1.8006
-9.9365,24.2541,-1.1186,-1.4318,-2.2849,-1.546
-7.4666,20.3279,0.2298,-1.4626,-2.9666,-1.3244
-4.1823,17.518,1.9425,-1.3039,-3.5632,-1.1732
-1.4493,15.4653,2.5968,-1.0994,-3.9839,-1.1284
1.3054,13.702,2.1535,-0.9513,-4.1778,-1.1817
5.7969,9.3328,0.9247,-0.9513,-4.1778,-1.1817
7.3756,6.5732,1.145,-0.8544,-4.1789,-1.2584
7.3756,6.5732,1.145,-0.5881,-3.6739,-1.3351
8.6786,0.7113,2.0697,-0.5881,-3.6739,-1.3351
8.1205,-1.9788,2.0985,-0.3889,-3.1925,-1.3234
8.1205,-1.9788,2.0985,-0.0203,-1.995,-1.0943
6.2234,-6.1516,0.7832,-0.0203,-1.995,-1.0943
6.2234,-6.1516,0.7832,0.1842,-1.0693,-0.5051
5.0688,-8.2237,-0.4097,0.1842,-1.0693,-0.5051
5.0688,-8.2237,-0.4097,0.3728,-0.4856,0.2468
4.8988,-6.6379,-0.7496,0.3728,-0.4856,0.2468
4.8988,-6.6379,-0.7496,0.6316,0.0832,0.9126
4.7213,-5.064,-0.3091,0.7744,0.3942,1.1885
3.7969,-2.7284,0.3546,0.7744,0.3942,1.1885
3.3536,-2.0913,0.4575,0.8894,0.7266,1.4814
3.1142,-1.8252,0.3953,0.9565,1.1047,1.8021
3.1573,-1.6816,0.1987,0.9874,1.5298,2.1536
3.1573,-1.6816,0.1987,0.9054,2.3191,2.9067
3.4422,-0.4695,0.5844,0.9054,2.3191,2.9067
3.4422,-0.4695,0.5844,0.6434,2.6622,3.6524
2.6806,4.1656,1.8971,0.6434,2.6622,3.6524
1.7797,8.7699,4.3167,0.4889,2.7538,4.0807
-0.7137,17.1541,7.8452,0.4793,2.8263,4.6325
-1.3341,29.917,6.985,0.7275,2.9818,5.5433
7.8475,41.3005,1.7079,0.8884,3.0926,6.8375
22.527,42.0071,1.8564,0.3302,2.465,7.3318
20.1986,34.3151,6.4556,-0.2142,0.5157,5.6242
20.1986,34.3151,6.4556,0.0585,-1.1886,1.5666
3.1094,23.8253,13.4338,0.0585,-1.1886,1.5666
5.6173,23.1187,9.8838,0.5336,-0.2171,1.9331
10.1232,24.5297,6.391,0.817,0.8416,2.6468
11.4861,25.2196,5.9576,0.7989,1.5298,2.8534
11.4861,25.2196,5.9576,0.6657,2.465,1.915
6.6187,20.1747,7.0787,0.6657,2.465,1.915
6.6187,20.1747,7.0787,0.9384,2.8966,0.8774
4.5465,17.1059,5.5814,0.9406,2.7688,0.5142
3.4231,14.7608,1.8827,0.7627,2.3777,0.185
1.7941,12.8661,-0.9846,0.539,1.9537,-0.0854
-3.2746,7.9649,-1.0899,0.539,1.9537,-0.0854
-3.2746,7.9649,-1.0899,0.3046,1.3125,-0.3294
-5.8185,1.9812,0.0407,0.3046,1.3125,-0.3294
-5.354,-0.4432,-1.1306,0.278,0.913,-0.3603
-5.354,-0.4432,-1.1306,0.0724,-0.2384,-0.6138
-4.4603,-2.3139,-2.29,-0.1119,-0.8062,-0.8536
-3.828,-4.7357,-1.7845,-0.1119,-0.8062,-0.8536
-4.0482,-4.8509,-0.6012,-0.2291,-1.1812,-1.0581
-4.0482,-4.8509,-0.6012,-0.1183,-1.0097,-1.1604
-4.168,-4.1129,0.2876,0.0458,-0.6443,-1.1284
-4.2015,-2.6399,0.6275,0.2066,-0.2576,-1.1071
-4.3382,-0.8696,0.5389,0.3334,0.0619,-1.0986
-4.6447,0.8167,0.3809,0.4175,0.2653,-1.0911
-4.9826,3.1501,0.2418,0.4175,0.2653,-1.0911
-4.9826,3.1501,0.2418,0.4442,0.3314,-1.0965
-4.5633,3.6843,0.3019,0.3952,0.2323,-1.1593
-3.8591,3.7729,0.1436,0.2705,0.047,-1.268
-3.2579,3.5523,0.0766,0.1011,-0.2065,-1.3894
-3.1621,2.8577,2.0721,0.1011,-0.2065,-1.3894
-3.2674,3.1429,3.8567,-0.0512,-0.5218,-1.4661
-2.7811,5.3923,5.6461,-0.1577,-0.8999,-1.4437
-1.121,11.0288,7.7494,-0.2366,-1.2866,-1.334
-1.121,11.0288,7.7494,-0.2206,-1.8469,-1.0187
2.3594,23.2144,10.2166,-0.3655,-1.8757,-1.0251
17.6883,40.0882,3.3824,-0.3655,-1.8757,-1.0251
9.431,25.9166,14.2984,-1.2528,-1.3058,-2.036
-0.8071,18.6846,19.7722,-1.5436,-0.7838,-3.2067
-4.5274,18.3255,13.3404,-0.7543,0.1801,-3.293
-4.5274,18.3255,13.3404,-0.0161,0.7798,-2.1937
-1.6864,23.1091,3.7729,-0.0161,0.7798,-2.1937
-1.6864,23.1091,3.7729,-0.5487,-0.9543,-2.412
-0.9415,20.9363,3.0325,-0.5487,-0.9543,-2.412
-0.8095,18.0594,3.1693,-0.7681,-1.8736,-2.6677
-0.8095,18.0594,3.1693,-0.9588,-3.1456,-2.6933
1.1689,13.2734,1.9692,-0.9588,-3.1456,-2.6933
1.1689,13.2734,1.9692,-1.1303,-3.6292,-2.4642
4.1105,9.4861,2.3906,-1.1303,-3.6292,-2.4642
4.1105,9.4861,2.3906,-0.978,-3.6761,-2.3652
6.8198,6.0438,2.2254,-0.978,-3.6761,-2.3652
6.8198,6.0438,2.2254,-0.6477,-3.2766,-2.4184
7.8547,4.1177,1.7678,-0.5146,-2.9208,-2.4525
8.444,2.0219,1.2216,-0.4017,-2.5001,-2.4749
8.1061,-2.5321,0.503,-0.4017,-2.5001,-2.4749
7.3253,-4.7524,0.6132,-0.2994,-2.0515,-2.4642
6.197,-6.7624,0.9894,-0.1865,-1.6296,-2.4067
4.882,-8.1902,1.3964,-0.0416,-1.2429,-2.2799
4.882,-8.1902,1.3964,0.3483,-0.4568,-1.7058
2.2349,-8.4416,1.0061,0.3483,-0.4568,-1.7058
1.2455,-7.6249,0.6347,0.5145,-0.0573,-1.2595
1.2455,-7.6249,0.6347,0.7403,0.7947,-0.1547
0.975,-5.5503,-0.1197,0.7403,0.7947,-0.1547
0.975,-5.5503,-0.1197,0.9001,1.6139,0.9073
2.4935,-3.2626,-1.0324,0.9001,1.6139,0.9073
2.4935,-3.2626,-1.0324,0.915,2.073,1.6806
4.3861,-0.5389,-0.8286,0.915,2.073,1.6806
4.3861,-0.5389,-0.8286,0.8585,2.3798,2.1962
5.4857,4.1919,0.0215,0.8585,2.3798,2.1962
5.67,8.722,2.0266,0.7552,2.5749,2.4114
5.4114,15.9681,5.5527,0.6647,2.8241,2.651
4.4173,27.8619,9.4238,0.7019,3.2385,2.9685
4.4173,27.8619,9.4238,1.1334,4.5882,4.118
2.896,41.3724,7.0619,0.5379,3.9405,3.9304
4.9012,40.4476,6.7073,0.5379,3.9405,3.9304
4.9012,40.4476,6.7073,0.2428,2.1018,1.5858
-3.4231,31.4191,12.6913,0.5762,2.3276,1.6902
-3.6098,28.4104,4.985,0.5762,2.3276,1.6902
-3.6098,28.4104,4.985,0.1416,1.9356,1.883
-2.6039,28.4966,2.3068,-0.2142,1.7002,1.5879
-3.0014,26.6184,2.7883,-0.3207,1.4957,1.214
-2.92,19.8608,4.2784,-0.3207,1.4957,1.214
-2.92,19.8608,4.2784,-0.211,0.7085,0.4524
-3.9573,14.2936,1.6026,-0.211,0.7085,0.4524
-3.9573,14.2936,1.6026,-0.4571,-0.2576,0.1627
-4.501,11.5726,1.8971,-0.6296,-0.4941,0.1275
-4.0315,8.7101,1.6505,-0.8512,-0.6368,0.0444
-1.315,2.8218,-0.2753,-0.8512,-0.6368,0.0444
-1.315,2.8218,-0.2753,-1.2603,-0.8744,-0.2687
-0.8984,-2.9128,-1.0995,-1.2603,-0.8744,-0.2687
-0.8984,-2.9128,-1.0995,-1.3891,-0.4525,-0.4838
-2.5393,-6.2737,-0.5437,-1.3891,-0.4525,-0.4838
-3.435,-6.3958,-0.8625,-1.2805,-0.0669,-0.5488
-4.2137,-5.5479,-1.5116,-1.0557,0.228,-0.5936
-4.2137,-5.5479,-1.5116,-0.5125,0.4635,-0.7513
-4.961,-4.2784,-1.9042,-0.2302,0.5007,-0.9026
-5.615,-3.131,-1.9162,0.0532,0.4645,-1.072
-6.4029,-1.8204,-1.7821,0.0532,0.4645,-1.072
-6.4029,-1.8204,-1.7821,0.4846,0.1087,-1.2488
-5.0712,-1.5427,-1.0444,0.4846,0.1087,-1.2488
-4.1943,-1.3221,-0.9127,0.6231,-0.0584,-1.252
-4.1943,-1.3221,-0.9127,0.6572,-0.3854,-1.1817
-3.4949,-0.9391,-0.5222,0.588,-0.5793,-1.1135
-3.0564,-0.3953,0.1412,0.5017,-0.7071,-1.0155
-3.011,1.7606,3.6891,0.5017,-0.7071,-1.0155
-3.011,1.7606,3.6891,0.6508,-0.3556,-0.6639
-3.289,11.0241,12.0658,0.6508,-0.3556,-0.6639
1.4182,24.6973,11.9246,1.1504,0.1524,-0.3219
9.1793,41.3963,4.3287,1.7895,0.6999,-0.1089
9.1793,41.3963,4.3287,0.0415,1.0856,-1.7292
6.5421,38.3946,4.7477,-0.6179,0.881,-2.5889
-5.9816,24.2374,20.1268,-0.2291,0.8011,-2.6411
-14.7033,20.1771,13.8411,-0.2291,0.8011,-2.6411
-13.8579,24.2326,6.4245,-0.0416,0.1716,-2.4088
-13.453,25.4039,2.7835,-0.3548,-0.9053,-2.2128
-11.9413,23.3081,3.1214,-0.8896,-1.6211,-1.9455
-11.9413,23.3081,3.1214,-1.3753,-2.3754,-1.3319
-5.052,18.1528,6.3934,-1.3753,-2.3754,-1.3319
-5.052,18.1528,6.3934,-0.8437,-3.3501,-1.1391
0.2082,14.6555,4.4891,-0.8437,-3.3501,-1.1391
2.0937,12.3439,2.908,-0.5806,-3.708,-1.1529
3.7202,9.7303,1.6672,-0.423,-3.9147,-1.2158
3.7202,9.7303,1.6672,-0.277,-3.8838,-1.3308
5.3683,7.1003,0.7544,-0.2131,-3.6974,-1.3788
7.1146,4.5418,0.1891,-0.1141,-3.3885,-1.4427
9.7423,-0.1867,-0.1029,-0.1141,-3.3885,-1.4427
10.0179,-2.2469,-0.1795,0.0351,-2.9357,-1.5247
10.0179,-2.2469,-0.1795,0.4324,-1.7969,-1.6397
8.3554,-5.5144,-0.5533,0.4324,-1.7969,-1.6397
6.7767,-6.5852,-0.9056,0.6487,-1.276,-1.6025
5.2052,-7.1434,-0.9343,0.8276,-0.8467,-1.4576
3.9597,-7.0667,-0.4982,0.9597,-0.4909,-1.1806
3.1645,-6.566,0.2442,1.0673,-0.1703,-0.7993
2.7787,-5.8978,0.7975,1.1728,0.1364,-0.3699
2.6494,-5.2005,0.8888,1.2857,0.4496,0.0689
2.6877,-4.5513,0.7568,1.3794,0.7713,0.5003
2.6877,-4.5513,0.7568,1.4433,1.4744,1.3302
2.9391,-3.4135,0.0814,1.4433,1.4744,1.3302
3.2507,-2.7189,-0.043,1.4018,1.8312,1.7222
3.5859,-1.6337,0.3354,1.3251,2.1849,2.0939
3.6939,0.333,0.776,1.225,2.514,2.4273
3.5978,3.6748,1.6337,1.111,2.8508,2.7203
3.1286,8.983,3.3369,0.9832,3.2236,2.9962
1.9162,18.2462,6.5038,0.9011,3.6273,3.3094
0.2923,36.4711,7.5001,0.9917,4.1461,3.8026
2.7165,53.0815,-1.1665,1.275,4.8108,4.7603
2.7165,53.0815,-1.1665,-0.2547,3.0542,4.298
6.7935,49.3612,-1.569,-0.505,1.1654,2.4934
-6.9252,26.3263,15.1538,-0.505,1.1654,2.4934
-6.5469,26.5873,10.3842,0.1459,1.0387,1.8713
-6.5469,26.5873,10.3842,0.5922,1.1356,2.651
-1.9641,29.7039,3.9094,0.2066,0.8491,2.438
1.6983,30.008,2.3834,-0.031,0.8768,1.8543
2.3882,26.8892,5.1214,0.0415,0.9876,1.295
0.0287,19.0177,6.8342,0.0415,0.9876,1.295
-0.1173,16.4281,4.7022,0.23,0.9524,0.9115
-0.369,14.3227,3.0828,0.2726,0.6776,0.6431
-0.369,14.3227,3.0828,-0.1492,0.0129,0.3832
-1.0779,9.68,2.0003,-0.1492,0.0129,0.3832
-0.7065,7.1386,0.6946,-0.391,-0.0701,0.3469
-0.7065,7.1386,0.6946,-1.0067,-0.0669,0.1627
-0.1556,4.4987,-0.5509,-1.2954,-0.1426,0.0199
-0.6898,-1.2958,-1.5283,-1.2954,-0.1426,0.0199
-1.7773,-4.0578,-1.2599,-1.4818,-0.1564,-0.1025
-2.8529,-6.1516,-0.9822,-1.5319,0.0054,-0.1866
-3.9261,-7.3181,-1.2527,-1.435,0.2856,-0.2463
-3.9261,-7.3181,-1.2527,-0.9002,0.6371,-0.3326
-5.5671,-6.1013,-2.5752,-0.9002,0.6371,-0.3326
-5.972,-4.3622,-2.6806,-0.5806,0.62,-0.4327
-6.1396,-2.6255,-2.3714,-0.2994,0.5583,-0.6191
-6.1396,-2.6255,-2.3714,0.1587,0.3804,-1.0698
-5.8472,-1.2,-2.0721,0.3248,0.293,-1.219
-5.4067,-0.3761,-1.7247,0.4527,0.2643,-1.2829
-4.9491,-0.1987,-1.2743,0.5475,0.2344,-1.2872
-4.446,-0.3474,-0.8505,0.5869,0.1386,-1.268
-4.0482,-0.4432,-0.582,0.5453,-0.0296,-1.2563
-3.55,0.6203,0.2106,0.5453,-0.0296,-1.2563
-3.8998,1.6935,1.8731,0.4388,-0.2246,-1.2573
-3.8998,1.6935,1.8731,0.3813,-0.3386,-1.0848
-5.7107,6.7217,9.5723,0.3813,-0.3386,-1.0848
-5.7107,6.7217,9.5723,1.422,0.2525,-0.4199
-5.5431,15.4653,13.6158,2.2199,0.6456,-0.128
0.7975,38.4568,10.2477,1.2718,0.864,-0.9324
6.4245,39.7099,8.6355,1.2718,0.864,-0.9324
-11.1749,21.5184,27.9026,-0.7607,0.179,-2.8467
-11.1749,21.5184,27.9026,0.0894,0.5114,-3.0341
-13.3787,22.9511,9.7087,0.0894,0.5114,-3.0341
-12.1834,26.985,2.3092,0.0458,-0.6688,-2.7316
-11.3209,25.7562,-0.7233,-0.5434,-1.9215,-2.574
-11.3209,25.7562,-0.7233,-1.7194,-2.7493,-1.9029
-3.7442,18.1001,1.3221,-1.7194,-2.7493,-1.9029
-3.7442,18.1001,1.3221,-1.7045,-3.5909,-1.578
3.0349,13.2806,1.4589,-1.7045,-3.5909,-1.578
5.591,11.2276,1.1761,-1.4626,-4.0191,-1.6089
5.591,11.2276,1.1761,-0.9716,-4.2034,-1.9082
7.0835,8.7436,1.1976,-0.7724,-3.9562,-2.0328
7.8332,5.9073,1.3557,-0.5679,-3.6026,-2.0658
8.1325,0.4288,1.9138,-0.5679,-3.6026,-2.0658
8.1325,0.4288,1.9138,-0.0874,-2.5608,-1.9487
7.8859,-1.7534,1.7989,0.1544,-1.9726,-1.8549
6.1061,-4.9395,0.2657,0.1544,-1.9726,-1.8549
4.8581,-6.0294,-0.673,0.3525,-1.473,-1.726
4.8581,-6.0294,-0.673,0.6274,-0.9532,-1.3212
3.0181,-6.5038,-1.5068,0.6274,-0.9532,-1.3212
2.8338,-5.9385,-0.872,0.7296,-0.8105,-1.0315
2.9655,-5.3516,-0.146,0.833,-0.6006,-0.6926
3.0732,-4.9179,0.1508,0.9501,-0.3513,-0.3464
3.0636,-4.6639,0.1436,1.0417,-0.1149,-0.0034
3.0301,-4.5106,0.2489,1.0737,0.1364,0.3448
3.0301,-4.5106,0.2489,1.0471,0.9077,1.0884
3.289,-3.9932,0.606,1.0471,0.9077,1.0884
3.289,-3.9932,0.606,1.1057,1.8504,1.7989
4.1033,-2.4408,0.6275,1.1057,1.8504,1.7989
4.1033,-2.4408,0.6275,1.1504,2.6665,2.3677
4.4101,-0.9103,0.908,1.1163,3.0521,2.6372
4.4005,1.7031,1.1115,1.029,3.4995,2.9408
3.4853,12.351,3.4781,1.029,3.4995,2.9408
3.4853,12.351,3.4781,1.0652,4.9259,4.02
1.83,42.0023,4.8246,1.0652,4.9259,4.02
4.4675,52.3818,-0.4982,1.0343,5.6992,4.9276
6.4894,41.9928,3.2483,0.279,4.9589,4.8786
-3.8328,30.6742,12.9212,-0.3175,2.4842,3.1389
-11.8599,27.1717,11.1821,0.0458,1.2805,1.4899
-11.8599,27.1717,11.1821,0.6955,1.4893,2.3879
-9.3209,28.8055,5.3321,0.3738,1.0227,2.7427
-3.1765,30.6167,1.3581,0.0095,0.7223,2.4423
2.4815,26.7528,5.0137,0.0095,0.7223,2.4423
2.7237,23.3177,7.3421,-0.0874,0.5838,1.8053
2.8003,20.0622,6.9324,0.0905,0.5135,1.1395
1.8252,17.1107,4.6088,0.2961,0.4219,0.543
0.1029,14.3562,3.8256,0.2567,0.2089,0.1201
0.1029,14.3562,3.8256,-0.2195,-0.0371,-0.078
-0.9127,11.4909,4.1823,-0.4475,-0.0403,-0.0631
-0.0885,5.8017,0.6634,-0.4475,-0.0403,-0.0631
-0.1268,2.9152,-1.0468,-0.7671,-0.0691,-0.111
-0.7903,0.0143,-1.8755,-1.1537,-0.0754,-0.193
-1.6337,-2.5561,-2.0506,-1.4786,-0.0019,-0.225
-2.3977,-4.5896,-1.5068,-1.6533,0.1545,-0.2133
-2.3977,-4.5896,-1.5068,-1.4477,0.4699,-0.2122
-3.3752,-5.8304,-1.1402,-1.4477,0.4699,-0.2122
-3.3752,-5.8304,-1.1402,-0.8469,0.5902,-0.4146
-4.1775,-3.7633,-2.841,-0.8469,0.5902,-0.4146
-4.1775,-3.7633,-2.841,-0.4592,0.5242,-0.7354
-4.8605,-1.8947,-1.7366,-0.4592,0.5242,-0.7354
-4.8605,-1.8947,-1.7366,-0.064,0.7159,-0.9111
-4.8605,-1.4134,-1.1905,0.1331,0.8778,-0.9079
-4.961,-1.1402,-1.1402,0.2673,1.0408,-0.8376
-5.0257,-0.9223,-1.5116,0.3547,1.1196,-0.7343
-5.0784,-0.7233,-1.3317,0.4271,1.076,-0.6468
-5.0831,-0.3833,-0.8577,0.4793,0.9002,-0.6181
-4.973,0.2753,0.0742,0.5283,0.6467,-0.6511
-5.0376,3.2315,4.1512,0.5283,0.6467,-0.6511
-5.8209,6.4221,8.2573,0.6157,0.4613,-0.697
-6.0749,13.4673,11.6828,0.8788,0.4944,-0.6298
-6.0749,13.4673,11.6828,1.9919,0.9023,-0.1909
6.5493,43.4107,-0.8047,1.9919,0.9023,-0.1909
6.5493,43.4107,-0.8047,-0.5966,0.488,-2.1798
-0.7185,32.6144,6.6331,-0.7202,0.9045,-2.6954
-20.4189,16.5648,18.6678,-0.7202,0.9045,-2.6954
-19.0081,21.8443,10.5617,-0.0874,1.0515,-2.3726
-19.0081,21.8443,10.5617,0.0479,-1.9321,-1.9444
-12.2984,28.9901,0.3881,0.0479,-1.9321,-1.9444
-8.3195,25.6628,-0.2585,-0.3868,-3.2915,-1.8805
-8.3195,25.6628,-0.2585,-1.2155,-4.2715,-1.6046
-1.236,18.0474,2.829,-1.2155,-4.2715,-1.6046
-1.236,18.0474,2.829,-1.1431,-4.85,-1.4224
5.1095,13.6684,3.0014,-1.1431,-4.85,-1.4224
5.1095,13.6684,3.0014,-0.7809,-4.7253,-1.7186
8.5398,9.0812,2.5222,-0.7809,-4.7253,-1.7186
9.2488,6.4005,2.2421,-0.5924,-4.3663,-1.9114
9.5747,3.617,2.0745,-0.4113,-3.9189,-2.0477
9.4047,1.0133,1.8827,-0.2419,-3.3991,-2.1148
9.4047,1.0133,1.8827,0.0873,-2.1549,-2.0967
8.1447,-2.7835,0.9295,0.0873,-2.1549,-2.0967
8.1447,-2.7835,0.9295,0.3419,-1.0768,-1.9689
7.0356,-4.0698,0.4982,0.4665,-0.7348,-1.7931
4.3502,-5.5024,-0.0287,0.4665,-0.7348,-1.7931
4.3502,-5.5024,-0.0287,0.7605,-0.3364,-1.2179
3.1597,-5.7107,-0.0981,0.8937,-0.1852,-0.8408
2.2996,-5.289,0.0502,0.8937,-0.1852,-0.8408
2.2996,-5.289,0.0502,0.9981,0.1482,-0.079
2.2852,-4.9347,0.2466,0.9981,0.1482,-0.079
2.4073,-4.8389,0.4743,0.9757,0.3431,0.3129
2.6446,-4.6519,0.5725,0.9427,0.619,0.7315
2.6446,-4.6519,0.5725,0.948,1.3689,1.5645
3.4302,-3.7729,0.0454,0.948,1.3689,1.5645
3.9333,-2.8865,-0.3737,0.9523,1.7897,1.9341
3.9333,-2.8865,-0.3737,0.8543,2.4767,2.4806
4.0889,0.0574,-0.5677,0.8543,2.4767,2.4806
4.0889,0.0574,-0.5677,0.5901,3.0052,2.8034
3.0684,7.0452,1.0684,0.5901,3.0052,2.8034
3.0684,7.0452,1.0684,0.4825,3.4825,3.3221
-1.1857,26.6495,9.891,0.4825,3.4825,3.3221
-1.1857,26.6495,9.891,1.2175,4.3485,5.2674
4.1823,57.228,-4.3023,1.2175,4.3485,5.2674
8.2596,41.9449,2.7284,0.294,3.1597,5.2099
-2.4768,29.4115,15.7765,-0.5679,0.8054,3.1336
-2.4768,29.4115,15.7765,0.7573,0.8448,1.6668
-3.4638,28.693,8.9279,0.7573,0.8448,1.6668
-3.4638,28.693,8.9279,0.8884,1.0408,1.915
-0.6084,29.8811,4.4077,0.4676,1.1729,1.4814
-0.7137,23.7271,6.9611,0.4676,1.1729,1.4814
-1.3868,19.7913,7.893,0.2556,1.3891,1.0085
-1.3868,19.7913,7.893,0.3525,1.2549,0.3363
-2.1464,14.6411,3.6795,0.3525,1.2549,0.3363
-3.1286,12.5091,3.0038,0.1885,0.7489,0.1158
-3.3656,10.2669,2.2301,-0.1087,0.2909,0.0327
-3.3656,10.2669,2.2301,-0.7234,-0.1159,-0.0375
-2.1799,5.1382,-0.4982,-0.7234,-0.1159,-0.0375
-1.7438,2.4289,-0.7401,-1.0813,-0.2629,-0.1312
-1.7438,2.4289,-0.7401,-1.4861,-0.5399,-0.3581
-1.6624,-0.1963,-0.7736,-1.5308,-0.5953,-0.47
-1.8923,-2.5608,-0.8481,-1.5063,-0.5655,-0.5659
-2.3044,-4.5058,-0.8215,-1.3881,-0.492,-0.6319
-2.8769,-5.8639,-0.8047,-1.1942,-0.3854,-0.6671
-3.4733,-6.3646,-1.1282,-0.9812,-0.2906,-0.6916
-4.0147,-6.0678,-1.7654,-0.7734,-0.2054,-0.7354
-4.2568,-3.7873,-1.9425,-0.7734,-0.2054,-0.7354
-4.0195,-2.6351,-1.8276,-0.5721,-0.1213,-0.8174
-4.0195,-2.6351,-1.8276,-0.1737,-0.0137,-1.0496
-3.9142,-1.7893,-1.7941,-0.0054,0.0054,-1.1412
-3.8136,-1.0899,-1.5523,-0.0054,0.0054,-1.1412
-3.6795,-0.8672,-1.411,0.1342,-0.003,-1.1913
-3.6795,-0.8672,-1.411,0.2726,-0.1447,-1.1998
-3.7801,0.0454,-0.7065,0.2726,-0.1447,-1.1998
-4.1177,0.831,1.5906,0.246,-0.2555,-1.1572
-4.1177,0.831,1.5906,0.4793,-0.1394,-0.9186
-4.8533,7.9026,12.3032,0.4793,-0.1394,-0.9186
-4.8533,7.9026,12.3032,2.2561,0.9354,-0.3944
5.8663,42.8669,6.3359,2.2561,0.9354,-0.3944
9.9078,46.2015,-2.4744,2.7088,1.484,-0.389
-5.3468,26.1755,17.8559,0.9395,1.501,-1.5023
-17.832,15.8819,25.3201,-0.4699,1.2624,-2.7316
-19.7434,18.675,16.6869,0.034,1.4062,-2.7859
-17.2283,26.2401,6.6259,0.5848,0.7266,-2.4365
-17.2283,26.2401,6.6259,0.0085,-2.8281,-2.2491
-15.9441,30.3171,-0.2489,-0.7681,-3.5024,-1.8986
-8.6116,22.6539,-0.7425,-0.7681,-3.5024,-1.8986
-8.6116,22.6539,-0.7425,-1.5244,-4.198,-1.3106
0.3067,15.8436,3.4255,-1.5244,-4.198,-1.3106
0.3067,15.8436,3.4255,-1.1164,-4.8936,-1.3404
5.6006,11.2659,2.5417,-1.1164,-4.8936,-1.3404
6.8581,8.8106,1.921,-0.8778,-4.8798,-1.5354
6.8581,8.8106,1.921,-0.5263,-4.2023,-1.8698
8.6619,3.7562,1.3174,-0.5263,-4.2023,-1.8698
8.6619,3.7562,1.3174,-0.1332,-3.2894,-1.9614
9.2898,-0.6132,1.0013,-0.1332,-3.2894,-1.9614
9.2898,-0.6132,1.0013,0.3067,-2.2071,-1.9519
8.1711,-3.4877,-0.2466,0.3067,-2.2071,-1.9519
7.0356,-4.6208,-0.8167,0.4644,-1.7095,-1.9156
5.7873,-5.524,-0.9894,0.5752,-1.3132,-1.808
5.7873,-5.524,-0.9894,0.7158,-0.7647,-1.2786
4.7453,-6.0678,-0.7137,0.7818,-0.5197,-0.9239
4.0147,-6.2784,-0.1316,0.8489,-0.2597,-0.5456
3.5308,-6.2473,0.4528,0.9022,0.0214,-0.1568
3.2052,-6.0701,0.8286,0.9342,0.3505,0.2394
2.987,-5.8161,0.9654,0.9576,0.7244,0.641
2.8841,-4.9179,0.7329,0.9576,0.7244,0.641
2.9655,-4.2592,0.3139,0.9842,1.1207,1.0372
3.1214,-3.4135,-0.146,0.9991,1.5159,1.4154
3.3201,-2.4097,-0.4144,0.9864,1.8973,1.7584
3.3201,-2.4097,-0.4144,0.8979,2.4927,2.2665
3.1549,0.9319,0.2513,0.8979,2.4927,2.2665
3.1549,0.9319,0.2513,0.818,2.92,2.6681
2.6686,4.2377,1.5595,0.9065,3.3419,2.9866
1.1809,19.317,6.0582,0.9065,3.3419,2.9866
0.3211,39.202,7.5264,1.1387,4.0204,3.549
3.4183,58.5334,-1.1761,1.438,4.8769,4.5132
10.1998,48.6546,-1.3126,0.8969,5.0164,5.1513
0.7161,30.9232,14.5884,-0.2632,2.7123,3.5235
-11.4095,23.7247,18.6822,-0.2067,0.9332,1.2737
-11.4095,23.7247,18.6822,1.3336,1.8461,1.5709
-6.1468,27.9385,1.8061,1.3336,1.8461,1.5709
-1.1881,28.7361,1.0612,0.964,1.4158,2.1568
-1.1881,28.7361,1.0612,0.0021,1.0312,1.5858
1.1976,26.3143,4.3837,0.0458,1.0003,1.0042
1.1043,18.5146,4.8844,0.0458,1.0003,1.0042
0.1675,15.9489,2.7907,0.197,0.7244,0.527
-1.2575,13.7932,2.5872,0.1427,0.2046,0.2213
-1.2575,13.7932,2.5872,-0.26,-0.2651,0.1222
-1.7869,11.5487,3.1573,-0.4177,-0.2288,0.1286
0.0837,6.6929,1.1354,-0.4177,-0.2288,0.1286
0.776,4.1057,-0.2513,-0.6147,-0.2427,0.086
0.7472,1.2886,-1.2431,-0.8597,-0.2587,0.0039
0.0167,-1.5571,-1.6098,-1.1111,-0.1905,-0.0908
0.0167,-1.5571,-1.6098,-1.386,0.2035,-0.1568
-1.1282,-4.0866,-1.4805,-1.3061,0.4912,-0.1334
-2.4145,-5.9169,-1.0875,-1.0685,0.7436,-0.1121
-3.4853,-6.8629,-0.8553,-0.7415,0.8821,-0.1195
-5.2459,-5.5719,-1.8085,-0.7415,0.8821,-0.1195
-5.6557,-3.9764,-2.2924,-0.4358,0.9375,-0.1685
-5.6557,-3.9764,-2.2924,-0.0288,0.8874,-0.3869
-5.5623,-1.3988,-1.9593,-0.0288,0.8874,-0.3869
-5.5623,-1.3988,-1.9593,0.2972,0.75,-0.6447
-4.9203,-0.4528,-1.4469,0.2972,0.75,-0.6447
-4.9203,-0.4528,-1.4469,0.4825,0.7372,-0.7556
-5.1238,0.0478,-0.6634,0.4825,0.7372,-0.7556
-5.1238,0.0478,-0.6634,0.54,0.5721,-0.6862
-5.5862,1.8204,0.6994,0.54,0.5721,-0.6862
-5.5862,1.8204,0.6994,0.5177,0.2291,-0.5691
-5.8663,3.3345,2.5608,0.638,0.1556,-0.486
-5.96,11.4071,11.0839,0.638,0.1556,-0.486
-3.2962,24.9272,11.8192,1.0993,0.2121,-0.3699
5.7682,47.9022,3.4255,1.814,0.2973,-0.2356
8.8561,45.8711,-2.6135,1.7938,0.3825,-0.4955
-6.3742,26.5849,18.0307,0.1246,0.243,-1.889
-6.3742,26.5849,18.0307,-0.1758,1.1942,-2.8786
-17.3169,17.4151,22.817,0.2396,0.4986,-2.3066
-18.1887,18.4643,12.7129,-0.015,-1.3654,-2.1116
-14.2122,24.9945,-0.0047,-0.015,-1.3654,-2.1116
-12.4947,23.2096,-0.9702,-0.5838,-2.8984,-2.0786
-8.2118,20.1914,-0.0837,-1.1431,-3.5355,-1.8911
-8.2118,20.1914,-0.0837,-1.583,-4.2385,-1.4299
0.5437,15.1418,1.7726,-1.583,-4.2385,-1.4299
0.5437,15.1418,1.7726,-1.2911,-4.7115,-1.3798
3.8064,13.1534,2.1703,-1.0632,-4.6284,-1.5567
6.0749,10.9738,2.1511,-0.8469,-4.4153,-1.7708
7.9409,5.5647,1.8492,-0.8469,-4.4153,-1.7708
8.4727,2.9176,1.7031,-0.6307,-4.1149,-1.9231
8.7124,0.515,1.4302,-0.3857,-3.7442,-2.0009
8.7124,0.515,1.4302,0.0596,-2.6385,-2.0552
8.0295,-3.1932,-0.1292,0.0596,-2.6385,-2.0552
8.0295,-3.1932,-0.1292,0.3163,-1.6467,-1.9306
7.0955,-4.616,-0.9391,0.3994,-1.3175,-1.7516
5.0376,-6.523,-1.1857,0.3994,-1.3175,-1.7516
4.3071,-6.7624,-0.6922,0.5027,-1.0555,-1.4938
3.9597,-6.4077,0.0143,0.6444,-0.7924,-1.1572
3.9597,-6.4077,0.0143,0.9661,-0.1671,-0.4252
3.1956,-5.1598,0.9175,0.9661,-0.1671,-0.4252
2.7021,-4.5465,0.9199,1.0801,0.1322,-0.0503
2.3762,-3.9788,0.7089,1.1344,0.4422,0.3459
2.3762,-3.9788,0.7089,1.1174,1.1644,1.2162
2.2637,-3.3895,0.4719,1.1025,1.5692,1.6401
2.9224,-2.1535,0.0814,1.1025,1.5692,1.6401
3.2219,-1.0037,-0.0742,1.0886,1.9473,1.9927
3.2722,1.1498,-0.1316,1.0386,2.2562,2.2708
3.2722,1.1498,-0.1316,0.703,2.6803,2.7032
2.1918,9.5196,2.7141,0.703,2.6803,2.7032
2.1918,9.5196,2.7141,0.7051,3.393,3.3339
-3.0086,32.6551,8.8202,0.7051,3.393,3.3339
-2.0506,52.7915,1.1833,1.0236,4.0044,4.2011
9.4478,49.7135,-1.2407,0.7818,3.9746,5.1587
9.4478,49.7135,-1.2407,-0.374,0.3452,1.7765
-8.3961,26.2473,15.8915,-0.374,0.3452,1.7765
-9.0381,26.748,10.1184,0.4356,0.5103,1.0862
-9.0381,26.748,10.1184,0.6242,0.9236,2.1344
-0.4599,30.432,2.9679,0.6242,0.9236,2.1344
-0.4599,30.432,2.9679,-0.0619,0.8139,1.4857
1.4182,28.1611,5.5383,-0.0267,0.8395,0.8529
1.8611,21.0489,7.1146,-0.0267,0.8395,0.8529
1.8611,21.0489,7.1146,0.0873,0.5327,-0.0918
-0.7041,15.4099,3.9501,0.0873,0.5327,-0.0918
-0.7041,15.4099,3.9501,-0.3378,0.0906,-0.2878
-1.7271,12.5809,4.2137,-0.5348,-0.0009,-0.275
-0.7999,6.6953,0.7903,-0.5348,-0.0009,-0.275
-0.7999,6.6953,0.7903,-1.1505,-0.2608,-0.4082
-0.1891,3.7945,-1.4661,-1.484,-0.3343,-0.5105
-1.4062,-2.199,-2.472,-1.484,-0.3343,-0.5105
-1.4062,-2.199,-2.472,-1.7183,-0.1362,-0.5275
-2.5222,-4.683,-1.4589,-1.5745,0.1119,-0.4817
-3.3249,-6.4436,-0.5677,-1.2986,0.2632,-0.4455
-3.9381,-7.1864,-0.5725,-0.9641,0.2749,-0.471
-4.5848,-5.5048,-2.3953,-0.9641,0.2749,-0.471
-4.5848,-5.5048,-2.3953,-0.3995,0.1098,-0.7631
-4.8509,-3.986,-2.7404,-0.1854,0.0448,-0.9633
-4.9969,-2.0195,-2.0889,-0.1854,0.0448,-0.9633
-4.9969,-2.0195,-2.0889,0.2087,-0.0041,-1.2382
-4.2928,-1.5834,-1.1785,0.2087,-0.0041,-1.2382
-3.8591,-1.394,-1.1881,0.3813,0.0278,-1.2712
-3.8591,-1.394,-1.1881,0.5358,0.0214,-1.1742
-3.4685,-0.9989,-1.1115,0.5336,-0.0936,-1.1125
-3.3129,0.2418,0.2513,0.5336,-0.0936,-1.1125
-3.3129,0.2418,0.2513,0.4718,-0.4121,-0.9729
-3.5428,1.0492,1.6217,0.4932,-0.4557,-0.8515
-3.8902,2.3211,4.1296,0.7307,-0.2842,-0.6628
-4.3933,5.2651,8.6834,1.4093,0.1609,-0.3933
1.5188,29.984,11.8049,1.4093,0.1609,-0.3933
8.7962,43.3413,-2.2517,2.2987,0.8501,-0.2303
2.0865,31.522,2.5175,1.7885,1.4573,-0.828
-11.7929,17.8487,21.4083,-0.2866,1.5212,-2.1436
-11.7929,17.8487,21.4083,-0.439,1.9441,-2.4515
-18.9363,19.9158,12.9714,-0.439,1.9441,-2.4515
-17.4055,26.4747,5.2555,-0.0139,0.6872,-2.216
-17.0365,28.5613,0.527,-0.0448,-1.2685,-2.297
-14.7752,26.089,-0.831,-0.4944,-2.6609,-2.3417
-9.0357,22.6084,1.1522,-1.125,-3.3554,-2.0296
-3.5523,19.7195,3.4925,-1.566,-3.904,-1.6195
-3.5523,19.7195,3.4925,-1.4158,-4.8137,-1.1668
1.854,17.451,3.9142,-1.174,-4.8255,-1.3255
7.9481,12.5545,3.9549,-1.174,-4.8255,-1.3255
7.9481,12.5545,3.9549,-0.603,-4.001,-1.8922
8.523,6.3527,3.2794,-0.603,-4.001,-1.8922
8.2429,3.368,2.5465,-0.3037,-3.4375,-2.0158
7.8475,0.7975,1.7821,-0.0406,-2.8644,-2.0168
7.2846,-1.2264,0.8215,0.1842,-2.3126,-1.9497
7.2846,-1.2264,0.8215,0.4761,-1.3708,-1.7132
5.8137,-3.7969,-0.5988,0.4761,-1.3708,-1.7132
5.8137,-3.7969,-0.5988,0.6146,-0.8477,-1.2999
5.143,-4.6591,-0.9367,0.6913,-0.6826,-1.0251
4.5753,-5.2412,-0.9846,0.7978,-0.525,-0.6991
4.053,-5.3755,-0.1651,0.7978,-0.525,-0.6991
3.9118,-5.3297,0.4264,0.9256,-0.3354,-0.3571
3.9118,-5.3297,0.4264,1.1408,0.1567,0.3278
3.7442,-5.3468,0.8696,1.2047,0.4485,0.675
3.4326,-5.2531,0.9822,1.2047,0.4485,0.675
3.3441,-4.815,0.594,1.2431,0.7607,1.0394
3.3417,-3.9956,0.0622,1.2505,1.0994,1.4239
3.4422,-2.8865,-0.3378,1.2101,1.4605,1.8138
3.605,-1.5092,-0.5078,1.1334,1.8408,2.1866
3.5811,0.213,-0.1484,1.0236,2.203,2.5104
3.5811,0.213,-0.1484,0.8117,2.8039,3.009
3.0277,2.6063,0.7903,0.7893,3.2002,3.2976
1.1857,12.7009,3.3033,0.7893,3.2002,3.2976
1.1857,12.7009,3.3033,1.0662,4.5583,4.4962
-0.1843,24.314,6.0366,1.0886,5.189,5.6317
5.2412,56.6147,-5.8161,1.0886,5.189,5.6317
8.4655,42.1005,3.1836,0.0223,4.3506,5.6551
-3.6361,28.8725,17.8655,-0.8523,1.7737,3.4596
-11.4861,25.8328,15.2974,-0.1439,0.522,1.5219
-9.05,28.2378,7.8643,0.8553,0.832,1.3802
-9.05,28.2378,7.8643,0.6817,0.6531,2.3262
-3.4901,29.7877,2.5393,0.1778,0.7394,2.0332
2.3977,25.4829,5.7035,0.1778,0.7394,2.0332
2.1104,21.8922,7.1769,-0.0363,0.9854,1.4495
2.1104,21.8922,7.1769,0.2236,1.1654,0.4375
-0.1244,16.27,3.6987,0.2236,1.1654,0.4375
-1.818,13.8986,2.8625,0.1512,0.9013,0.1137
-2.6925,11.2132,2.4073,-0.0757,0.6659,-0.0428
-2.6494,8.3027,1.0899,-0.3122,0.5295,-0.0908
-2.6494,8.3027,1.0899,-0.8704,0.0981,-0.1589
-2.2349,5.2819,-0.6946,-1.2081,-0.1649,-0.2324
-2.0219,2.1607,-1.9907,-1.4871,-0.3844,-0.2868
-2.8936,-3.9477,-2.0578,-1.4871,-0.3844,-0.2868
-3.3153,-6.1587,-0.8358,-1.6182,-0.5111,-0.3017
-3.6146,-7.4761,-0.0646,-1.5511,-0.4824,-0.3198
-3.6146,-7.4761,-0.0646,-1.0014,-0.3173,-0.4199
-3.7897,-7.548,-0.3139,-0.717,-0.3002,-0.4774
-3.7729,-4.3861,-1.5403,-0.717,-0.3002,-0.4774
-3.7729,-4.3861,-1.5403,-0.3367,-0.1447,-0.6447
-2.9894,-1.3341,-1.5643,-0.3367,-0.1447,-0.6447
-2.6375,-0.8984,-1.1426,-0.2089,0.0278,-0.7737
-2.7428,-1.0372,-0.896,-0.08,0.2323,-0.9196
-2.7428,-1.0372,-0.896,0.1661,0.6669,-1.073
-3.3512,-1.2623,-0.896,0.2322,0.7553,-1.023
-4.0028,-1.1976,-0.9654,0.2481,0.6786,-0.9431
-4.5274,-0.764,-0.8529,0.2375,0.4922,-0.8749
-5.4114,1.1617,0.8577,0.2375,0.4922,-0.8749
-5.4114,1.1617,0.8577,0.2982,0.2121,-0.7322
-5.948,2.9822,3.7849,0.6359,0.3356,-0.5797
-6.0127,13.9561,13.3141,0.6359,0.3356,-0.5797
-6.0127,13.9561,13.3141,2.3296,1.0738,-0.1685
-0.6347,31.9868,11.9078,1.7757,1.1633,-0.7194
9.5076,51.8691,-0.3737,-0.2376,1.0153,-2.2299
3.8136,38.2653,3.4925,-0.635,1.3401,-2.8882
-18.8262,16.2246,19.9062,-0.635,1.3401,-2.8882
-18.8262,16.2246,19.9062,0.3217,0.1098,-2.3279
-16.845,25.4949,3.3848,0.3217,0.1098,-2.3279
-16.845,25.4949,3.3848,-0.2749,-2.8164,-2.166
-15.9872,27.8236,-1.2743,-0.9386,-3.2787,-1.8187
-12.9188,25.3943,-2.9798,-1.3923,-3.8018,-1.4863
-7.6512,21.291,-1.0253,-1.4786,-4.4345,-1.3106
-3.0852,17.6066,1.6193,-1.3018,-4.9373,-1.3276
3.986,12.4636,2.4839,-1.3018,-4.9373,-1.3276
3.986,12.4636,2.4839,-0.8406,-5.1152,-1.7228
7.1864,7.4091,1.1115,-0.8406,-5.1152,-1.7228
8.2812,4.7213,0.6515,-0.6861,-4.8787,-1.8954
8.2812,4.7213,0.6515,-0.4272,-3.9914,-2.0381
9.4382,-0.3833,0.3402,-0.4272,-3.9914,-2.0381
9.3376,-2.4025,0.1867,-0.2802,-3.3831,-2.0307
8.7651,-4.0123,-0.067,-0.1226,-2.6961,-1.9966
7.8452,-5.2914,-0.5198,0.0351,-2.0451,-1.9348
6.6498,-6.3,-0.9822,0.1874,-1.4879,-1.8294
5.5623,-6.7432,-1.0564,0.327,-1.0746,-1.6493
4.8365,-6.5182,-0.7448,0.4559,-0.7849,-1.3596
4.5489,-5.8161,-0.2059,0.5901,-0.5473,-0.9995
4.2784,-5.0113,0.3115,0.7275,-0.3215,-0.6202
3.8519,-4.355,0.6323,0.8489,-0.1021,-0.2601
3.3177,-3.9501,0.7257,0.9374,0.1343,0.0881
2.8218,-3.7442,0.6323,0.9874,0.4294,0.4481
2.5585,-3.5787,0.2899,1.0055,0.7969,0.8433
2.6207,-3.2674,-0.1651,1.0109,1.1995,1.2737
2.9343,-2.6806,-0.5389,1.0013,1.5926,1.7051
3.3249,-1.6864,-0.5964,0.9704,1.9441,2.1014
3.6457,-0.067,-0.3833,0.9001,2.2467,2.4316
3.7298,2.5561,0.333,0.7786,2.5087,2.6883
3.7298,2.5561,0.333,0.4505,3.0127,3.0814
2.58,12.7033,4.4436,0.4505,3.0127,3.0814
2.58,12.7033,4.4436,0.6007,3.9639,3.7887
1.7558,23.3991,8.5158,1.0045,4.5924,4.6048
4.3071,62.8166,1.5355,1.0045,4.5924,4.6048
4.3071,62.8166,1.5355,-0.3101,2.269,2.8684
-1.5858,31.0836,14.8685,-0.3101,2.269,2.8684
-1.5858,31.0836,14.8685,0.6817,2.0219,0.985
-11.0432,26.1922,15.1442,0.9704,2.3021,1.7286
-4.1727,29.6321,2.829,0.9704,2.3021,1.7286
-0.4025,29.1865,1.8659,0.7563,1.8227,1.9757
-0.1628,25.9908,4.8198,0.3174,1.4158,1.5677
-0.1628,25.9908,4.8198,0.2034,1.0888,0.3704
-2.0937,18.069,4.4077,0.2034,1.0888,0.3704
-2.0937,18.069,4.4077,0.0671,0.1226,-0.1398
-3.6146,12.2792,3.3488,0.0671,0.1226,-0.1398
-3.5643,9.4023,3.3177,-0.2355,-0.2725,-0.1099
-3.5643,9.4023,3.3177,-0.7585,-0.2715,0.0966
-0.8406,3.986,0.3977,-0.7585,-0.2715,0.0966
-0.1053,1.1378,-0.9223,-1.0536,-0.2693,0.0966
-0.1053,1.1378,-0.9223,-1.567,-0.1575,-0.0183
-0.2876,-1.7295,-1.5068,-1.6725,0.1045,-0.0535
-0.9487,-4.2401,-1.3054,-1.6214,0.4422,-0.0844
-1.6385,-6.0271,-0.5294,-1.4051,0.7276,-0.1163
-2.987,-6.3239,-0.3211,-1.4051,0.7276,-0.1163
-3.6194,-5.1143,-1.2838,-1.0866,0.8896,-0.1579
-3.6194,-5.1143,-1.2838,-0.5252,1.0206,-0.3059
-4.2688,-3.8328,-2.4408,-0.3495,1.0046,-0.4125
-4.7767,-2.8505,-3.1693,-0.1897,0.8938,-0.5318
-5.3683,-2.2134,-2.9415,-0.1897,0.8938,-0.5318
-5.4689,-2.1607,-2.3618,-0.0235,0.7319,-0.6426
-5.4689,-2.1607,-2.3618,0.2993,0.3655,-0.7258
-4.7117,-1.739,-1.4661,0.2993,0.3655,-0.7258
-4.7117,-1.739,-1.4661,0.5134,-0.0744,-0.6745
-3.7825,-0.3498,-1.1067,0.5134,-0.0744,-0.6745
-3.459,0.5246,-0.7401,0.5315,-0.3034,-0.6383
-3.277,1.4039,0.0239,0.4921,-0.4856,-0.5861
-3.277,1.4039,0.0239,0.3611,-0.4525,-0.3454
-3.617,3.8112,5.8304,0.3611,-0.4525,-0.3454
-3.3656,7.5432,10.8442,0.4729,-0.1181,-0.1302
-1.0229,16.2293,13.5942,0.9342,0.4901,0.1339
-1.0229,16.2293,13.5942,2.3243,2.0091,0.2117
10.442,49.826,1.1953,2.3243,2.0091,0.2117
10.442,49.826,1.1953,0.1235,2.4011,-2.1329
-16.3586,22.4983,20.2106,0.1235,2.4011,-2.1329
-16.3586,22.4983,20.2106,0.4346,2.0475,-2.33
-24.3307,19.7674,16.4927,0.4804,-0.1106,-1.9529
-21.267,26.9275,-0.1101,0.4804,-0.1106,-1.9529
-19.8919,27.5144,-3.2818,0.0479,-2.597,-1.9689
-14.1093,25.471,-3.119,-0.6765,-3.9285,-1.824
-14.1093,25.471,-3.119,-1.7407,-5.21,-1.1306
-0.5725,19.1398,1.7893,-1.7407,-5.21,-1.1306
3.8591,16.5023,2.7476,-1.7279,-5.6191,-1.0975
3.8591,16.5023,2.7476,-1.2741,-5.4816,-1.6099
6.4679,13.9561,2.7476,-1.0685,-5.0715,-1.9306
7.6177,11.2276,2.12,-0.9045,-4.6167,-2.1489
8.0726,8.4033,1.4062,-0.7543,-4.1629,-2.2501
8.4488,5.5455,0.8984,-0.5955,-3.708,-2.281
8.7771,2.8553,0.7065,-0.4283,-3.2191,-2.2704
8.4464,-1.6241,0.4456,-0.4283,-3.2191,-2.2704
7.8404,-3.2076,-0.0454,-0.2547,-2.7248,-2.232
7.0739,-4.4867,-0.5988,-0.0981,-2.2774,-2.1511
7.0739,-4.4867,-0.5988,0.1363,-1.6403,-1.7942
6.2545,-5.4713,-0.8143,0.2545,-1.3963,-1.514
4.7548,-6.209,-0.3163,0.2545,-1.3963,-1.514
4.7548,-6.209,-0.3163,0.5006,-0.8935,-0.7822
4.3718,-5.8951,0.1508,0.6029,-0.6155,-0.3805
4.1225,-5.3923,0.527,0.6764,-0.3109,0.0263
3.9453,-4.8844,0.6802,0.7232,0.032,0.4364
3.7274,-4.446,0.7018,0.7616,0.4443,0.8487
3.5452,-3.7202,0.6658,0.7616,0.4443,0.8487
3.7226,-3.2243,0.5078,0.8117,0.93,1.2567
4.1584,-2.4337,0.3019,0.85,1.4392,1.6487
4.1584,-2.4337,0.3019,0.7637,2.4054,2.3198
4.7716,-1.2,0.0718,0.5912,2.7475,2.5243
5.3564,2.9918,0.8792,0.5912,2.7475,2.5243
4.9826,6.5684,2.58,0.393,2.9605,2.6319
4.1177,11.9174,4.8222,0.2758,3.1757,2.6787
4.1177,11.9174,4.8222,0.605,4.2739,2.9046
2.6566,19.7985,7.8452,1.0577,4.8406,3.3999
-1.3221,49.5264,6.4149,1.0577,4.8406,3.3999
-1.3221,49.5264,6.4149,0.327,3.5293,3.4383
0.225,31.3784,8.1133,0.327,3.5293,3.4383
0.225,31.3784,8.1133,0.2737,2.6963,1.54
-11.23,23.8686,9.273,0.2737,2.6963,1.54
-11.23,23.8686,9.273,0.6572,2.7666,2.8119
-1.5954,31.4262,2.223,0.6572,2.7666,2.8119
-1.5954,31.4262,2.223,0.164,2.1092,2.0471
2.4001,30.6718,0.9271,0.0788,1.9239,1.1746
0.0143,21.6408,2.8912,0.0788,1.9239,1.1746
0.0143,21.6408,2.8912,0.2173,1.485,0.1499
-4.762,14.2338,4.1584,0.2173,1.485,0.1499
-5.5264,11.2587,4.2736,0.1533,1.2421,0.054
-5.5264,11.2587,4.2736,-0.0778,1.0845,0.1573
-3.1118,6.0534,1.0468,-0.0778,1.0845,0.1573
-1.7797,3.593,-1.0851,-0.3186,0.9386,0.1435
-1.7797,3.593,-1.0851,-0.9322,0.4102,-0.1824
-1.6002,1.0636,-2.2996,-1.1452,0.277,-0.373
-2.5127,-1.49,-2.8529,-1.2762,0.293,-0.519
-4.0746,-3.7298,-2.6327,-1.2805,0.3143,-0.5989
-6.3431,-6.1061,-1.0564,-1.2805,0.3143,-0.5989
-6.4341,-5.6724,-1.3964,-1.1292,0.2025,-0.6106
-6.0223,-4.434,-2.2182,-0.9077,0.0054,-0.6181
-6.0223,-4.434,-2.2182,-0.5998,-0.28,-0.8632
-5.6533,-3.0421,-2.647,-0.4528,-0.3492,-1.0837
-5.6509,-1.9186,-2.5127,-0.2813,-0.3929,-1.2797
-5.8544,-1.236,-1.8013,-0.0949,-0.4685,-1.3958
-5.4091,-0.7664,-0.5198,-0.0949,-0.4685,-1.3958
-4.3933,-0.5725,-0.2274,0.0713,-0.6326,-1.4331
-4.3933,-0.5725,-0.2274,0.2652,-1.1002,-1.4427
-3.3776,-0.357,-0.1675,0.2769,-1.3452,-1.4405
-2.0195,0.1795,-0.1077,0.2769,-1.3452,-1.4405
-2.0195,0.1795,-0.1077,0.1448,-1.5668,-1.333
-2.4552,1.4206,3.5404,0.1448,-1.5668,-1.333
-3.4949,3.8304,8.8992,0.147,-1.3825,-1.1615
-3.4949,3.8304,8.8992,1.144,0.0395,-0.3027
-3.6002,9.8694,13.2303,1.8524,0.9375,0.2308
-0.237,20.9914,11.6636,1.6543,1.6054,0.3438
7.2798,38.112,3.0756,1.6543,1.6054,0.3438
-4.8389,27.1215,14.6483,0.2993,2.0613,-0.4625
-14.8494,19.686,18.7397,-0.5316,2.4341,-1.3638
-14.8494,19.686,18.7397,0.0521,1.6842,-1.4107
-18.1576,21.5065,7.7973,0.0521,1.6842,-1.4107
-18.1576,21.5065,7.7973,-0.0864,-1.9961,-1.2925
-17.1804,24.5489,3.2866,-0.5625,-2.9411,-0.9537
-14.6746,24.9415,-0.1412,-1.0877,-3.5887,-0.5509
-8.4871,22.3187,-0.5006,-1.3465,-4.1576,-0.4007
-2.5872,18.62,0.9319,-1.3082,-4.5101,-0.5254
1.763,15.2423,2.3068,-1.077,-4.5677,-0.7908
4.4244,12.2146,2.9008,-0.7777,-4.3887,-1.0592
6.9204,6.7983,3.1549,-0.7777,-4.3887,-1.0592
7.7877,4.3837,2.9463,-0.4965,-4.0745,-1.252
7.7877,4.3837,2.9463,-0.1237,-3.1285,-1.3468
8.5254,2.132,2.9008,0.0213,-2.4915,-1.269
8.8824,-1.6888,2.8793,0.0213,-2.4915,-1.269
8.8824,-1.6888,2.8793,0.3323,-1.1279,-0.9516
7.9505,-3.7346,1.7007,0.3323,-1.1279,-0.9516
7.2655,-4.3143,1.1426,0.4612,-0.5197,-0.7684
7.2655,-4.3143,1.1426,0.67,0.5071,-0.3315
5.7442,-4.6998,0.3426,0.67,0.5071,-0.3315
4.906,-4.4292,0.3833,0.7403,0.9279,-0.0833
4.0937,-3.9285,0.7257,0.7797,1.2997,0.1776
4.0937,-3.9285,0.7257,0.8266,1.9995,0.7794
3.0373,-2.6159,1.2503,0.8266,1.9995,0.7794
3.0373,-2.6159,1.2503,0.8894,2.7134,1.4399
2.6734,-1.4398,0.4575,0.8894,2.7134,1.4399
2.8338,-0.7448,-0.2322,0.8841,3.0638,1.7648
2.8338,-0.7448,-0.2322,0.6636,3.605,2.2537
3.107,1.49,-1.0013,0.6636,3.605,2.2537
2.7667,3.4302,-0.5701,0.4612,3.7296,2.4007
2.7667,3.4302,-0.5701,0.1331,3.6486,2.7022
2.1464,6.0869,0.6108,0.1736,3.6859,2.9546
1.3126,9.6513,2.4959,0.4079,3.9299,3.3328
0.4192,14.6387,4.053,0.7222,4.2558,3.9251
-1.236,29.8763,3.9285,0.7222,4.2558,3.9251
3.4231,39.1948,1.1067,0.9299,4.487,4.7571
13.6445,43.6911,-0.5749,0.7456,4.5051,5.3739
14.507,37.7383,1.9569,0.1842,4.2484,4.7966
14.507,37.7383,1.9569,-0.0949,4.3805,2.226
-0.0383,26.3454,9.8311,-0.0949,4.3805,2.226
-1.0827,26.5753,5.4833,0.4953,5.1474,2.161
-0.7065,27.7897,1.8157,0.9001,5.6822,2.324
-0.7065,27.7897,1.8157,0.9597,5.2571,1.9416
-0.4528,27.6557,-0.2852,0.9054,4.5892,1.3802
-2.5246,22.1101,-2.9152,0.9054,4.5892,1.3802
-4.264,18.215,-3.0157,0.8042,3.8329,0.7443
-4.264,18.215,-3.0157,0.4718,2.2392,-0.1227
-6.0103,14.2912,-2.8936,0.229,1.4605,-0.2559
-7.1888,7.3133,-1.9668,0.229,1.4605,-0.2559
-7.1888,7.3133,-1.9668,-0.2195,0.0938,-0.4934
-5.6676,1.2192,-0.2995,-0.2195,0.0938,-0.4934
-4.7165,-1.3174,-0.4049,-0.3218,-0.3726,-0.6702
-4.7165,-1.3174,-0.4049,-0.3761,-0.8115,-1.0635
-4.6279,-4.8557,-1.9402,-0.3761,-0.8115,-1.0635
-4.6279,-4.8557,-1.9402,-0.5103,-0.754,-1.1689
-4.8389,-5.6437,-1.7007,-0.5103,-0.754,-1.1689
-4.5537,-4.9203,-1.7055,-0.5007,-0.7114,-1.089
-4.1081,-3.5691,-1.8157,-0.4272,-0.738,-0.9463
-3.5212,-1.9569,-1.7989,-0.3399,-0.77,-0.7705
-2.9535,-0.4887,-1.7726,-0.2909,-0.688,-0.6149
-2.7763,0.5796,-1.7175,-0.2824,-0.4419,-0.5328
-2.9463,1.3102,-1.8659,-0.2802,-0.1244,-0.5232
-3.2028,1.8659,-1.9402,-0.2664,0.1205,-0.5605
-3.2028,1.8659,-1.9402,-0.227,0.1023,-0.7684
-3.9956,2.5632,-1.581,-0.227,0.1023,-0.7684
-4.5202,2.9008,-1.5834,-0.2089,-0.1053,-0.9218
-4.5202,2.9008,-1.5834,-0.3442,-0.7572,-1.1263
-5.5814,4.8198,-0.436,-0.3442,-0.7572,-1.1263
-6.6834,6.6355,2.1871,-0.5838,-1.1588,-1.1167
-6.6834,6.6355,2.1871,-0.7575,-1.6797,-0.6894
-8.1277,9.6249,5.8256,-0.4848,-1.8299,-0.2527
-9.7614,14.859,8.2094,-0.1034,-2.1677,0.3193
-10.8753,22.4216,8.9351,0.197,-2.5981,0.8114
-9.4454,30.5757,7.2008,0.0521,-2.8782,0.7826
3.1525,34.9571,4.707,0.0521,-2.8782,0.7826
2.9008,27.4522,9.9772,-0.4038,-2.9879,0.0647
2.9008,27.4522,9.9772,-0.1737,-2.8739,-0.8802
-5.0807,18.5888,10.0418,-0.1737,-2.8739,-0.8802
-4.4316,18.7014,7.0138,0.0735,-2.7706,-0.6127
-1.842,19.068,4.3957,0.1161,-2.9901,-0.3805
-1.842,19.068,4.3957,-0.2462,-3.8806,-0.5776
1.0013,18.3446,2.4672,-0.4485,-4.2311,-0.8067
5.2052,14.5932,0.4815,-0.4485,-4.2311,-0.8067
5.2052,14.5932,0.4815,-0.7873,-4.4217,-1.2019
7.2726,8.7412,1.6098,-0.7873,-4.4217,-1.2019
7.6153,5.3348,2.4528,-0.8491,-4.2481,-1.3415
7.6153,5.3348,2.4528,-0.6169,-3.4747,-1.448
7.668,1.9402,2.9319,-0.3921,-2.9123,-1.4118
7.4474,-1.0947,2.8338,-0.1716,-2.3094,-1.2967
6.0151,-5.6916,1.49,-0.1716,-2.3094,-1.2967
5.2483,-7.0715,0.9367,0.0021,-1.7021,-1.0773
4.5034,-7.7374,0.6778,0.1416,-1.113,-0.7918
3.9214,-7.3804,0.5342,0.2908,-0.6358,-0.4561
3.9214,-7.3804,0.5342,0.6625,-0.1681,0.2479
3.5643,-6.2497,0.3402,0.8127,-0.0382,0.5461
3.4805,-4.906,0.3043,0.9267,0.1258,0.8061
3.1334,-3.0062,0.5988,0.9267,0.1258,0.8061
2.5968,-2.4241,0.4025,1.0045,0.3463,1.0362
1.9425,-2.0147,0.1891,1.0386,0.6296,1.262
1.3676,-1.7271,-0.1268,1.0311,0.9609,1.5102
1.3676,-1.7271,-0.1268,0.9725,1.4658,2.0993
1.0109,-1.394,-0.606,0.8947,1.517,2.4135
1.5475,-0.2876,-0.8505,0.8947,1.517,2.4135
1.5475,-0.2876,-0.8505,0.6806,1.2027,2.9046
3.1741,2.8841,1.6744,0.6806,1.2027,2.9046
3.1741,2.8841,1.6744,0.72,0.8235,3.2273
4.5178,12.3726,4.4699,0.72,0.8235,3.2273
5.8089,21.1186,5.6365,0.9416,0.7884,3.5267
8.9255,32.6096,5.6006,1.307,0.717,3.9582
8.9255,32.6096,5.6006,1.4785,0.7287,3.6694
20.2489,41.8635,2.5151,1.0322,0.6531,1.4569
30.5757,39.7697,1.9042,0.882,0.8917,-0.4966
7.656,22.7763,10.6,0.882,0.8917,-0.4966
3.7178,22.1317,8.7532,1.2111,1.9633,-0.6947
3.8639,24.6375,4.9132,1.6372,2.9573,0.021
4.4987,27.167,2.5561,1.7427,3.4239,0.5781
4.4987,27.167,2.5561,1.3752,2.9339,0.2926
4.6591,27.4977,1.315,1.1163,2.1124,-0.2719
4.8341,25.2435,1.394,0.8905,1.2123,-0.8706
5.1837,17.5587,2.0219,0.8905,1.2123,-0.8706
5.1837,17.5587,2.0219,0.3248,-0.1149,-1.6419
4.8102,14.3586,1.4589,0.0095,-0.264,-1.7505
2.9894,8.2166,1.2814,0.0095,-0.264,-1.7505
2.9894,8.2166,1.2814,-0.473,0.3527,-1.6365
1.933,2.5007,-1.0995,-0.473,0.3527,-1.6365
0.673,-0.3953,-2.041,-0.6595,0.6371,-1.595
-1.0253,-2.9104,-2.3546,-0.8097,0.8224,-1.5577
-2.7189,-4.9108,-1.9859,-0.9066,1.028,-1.4959
-2.7189,-4.9108,-1.9859,-0.7841,1.387,-1.2701
-4.9132,-5.9528,-1.6361,-0.7841,1.387,-1.2701
-5.8041,-4.8964,-2.0171,-0.5796,1.4307,-1.1423
-5.8041,-4.8964,-2.0171,-0.277,1.4531,-0.9814
-7.7781,-1.7414,-1.9186,-0.277,1.4531,-0.9814
-7.7781,-1.7414,-1.9186,-0.1268,1.3838,-0.7151
-8.6068,-0.0502,-1.7007,-0.0715,1.2027,-0.5169
-9.1314,1.5236,-1.8109,-0.0906,0.8448,-0.2974
-8.0726,4.0243,-2.7715,-0.0906,0.8448,-0.2974
-8.0726,4.0243,-2.7715,-0.4464,-0.3396,0.103
-6.5253,5.0017,-3.2052,-0.7532,-0.934,0.1818
-2.8841,5.5264,-1.2647,-0.7532,-0.934,0.1818
-1.7414,5.1406,1.818,-1.0792,-1.44,0.1797
-1.8061,5.579,6.2737,-1.3327,-1.8235,0.1659
-1.8061,5.579,6.2737,-1.1857,-1.9471,0.5951
-2.4361,8.6475,9.4861,-0.8704,-1.8501,1.1214
1.3652,21.8563,8.7026,-0.8704,-1.8501,1.1214
6.6211,26.7528,6.9132,-0.6264,-1.8363,1.5592
6.6211,26.7528,6.9132,-0.6286,-1.1503,0.5696
10.4204,28.7911,7.5264,-0.4922,-0.7263,-0.3358
7.8547,26.3814,9.6824,-0.1471,-0.3215,-0.6841
2.0745,21.5304,11.048,0.2418,-0.1852,-0.6372
-1.0324,18.5074,10.4563,0.4846,-0.4792,-0.5392
-2.1272,18.057,8.1974,0.4772,-1.2057,-0.5403
0.0191,18.9147,3.8184,0.4772,-1.2057,-0.5403
2.5968,17.7889,2.6303,0.2737,-2.0493,-0.6798
4.7429,15.9298,2.3211,-0.0182,-2.7195,-0.9196
4.7429,15.9298,2.3211,-0.5103,-3.349,-1.3713
7.1146,11.036,3.9764,-0.5103,-3.349,-1.3713
7.1146,11.036,3.9764,-0.5508,-2.9677,-1.6323
7.7637,8.3003,4.7548,-0.4081,-2.515,-1.726
7.7446,2.987,3.8376,-0.4081,-2.515,-1.726
