repouso
-8.075,-0.527,4.9108,0.3387,0.6218,-0.7211
-8.075,-0.527,4.9108,0.343,0.6782,-0.7563
-8.0056,-0.5916,4.7117,0.3557,0.7688,-0.7733
-7.8021,-0.6347,4.6806,0.3557,0.7688,-0.7733
-7.8428,-0.6874,4.5825,0.3802,0.8764,-0.7957
-7.9912,-0.8047,4.4771,0.4154,0.9808,-0.8117
-8.0774,-0.8888,4.4484,0.4527,1.0553,-0.8266
-8.2118,-0.9199,4.3335,0.4932,1.1001,-0.8372
-8.2118,-0.9199,4.3335,0.5656,1.1352,-0.8916
-8.3123,-1.0444,4.2305,0.5816,1.1224,-0.9523
-8.3363,-1.2024,4.2808,0.5816,1.1224,-0.9523
-8.4536,-1.1905,4.3358,0.5858,1.1033,-1.0172
-8.4536,-1.1905,4.3358,0.5826,1.0958,-1.0876
-9.1171,-1.1976,4.3861,0.5826,1.0958,-1.0876
-9.1171,-1.1976,4.3861,0.5986,0.984,-1.0503
-9.4142,-1.2407,4.3335,0.6263,0.8987,-1.0066
-9.4693,-1.2407,4.3263,0.6625,0.8316,-0.9533
-9.3137,-1.2048,4.3861,0.703,0.7805,-0.9011
-8.9447,-1.1976,4.4125,0.703,0.7805,-0.9011
-8.9974,-1.2216,4.5585,0.7499,0.7496,-0.8639
-8.9399,-1.3269,4.5418,0.801,0.74,-0.8383
-8.7723,-1.423,4.4077,0.8468,0.7251,-0.8276
-8.7436,-1.4733,4.3789,0.8809,0.69,-0.8468
-8.7436,-1.4733,4.3789,0.9427,0.6782,-0.9161
-8.6236,-1.423,4.4532,0.9427,0.6782,-0.9161
-8.6236,-1.423,4.4532,1.0407,0.7603,-0.9406
-8.7939,-1.6217,4.2015,1.0407,0.7603,-0.9406
-8.8585,-1.8204,3.9309,1.0854,0.8029,-0.9267
-9.062,-1.9234,3.9884,1.1057,0.8423,-0.9246
-9.3616,-1.9859,4.2712,1.1089,0.8796,-0.9299
-9.3712,-2.0147,4.2039,1.1131,0.9211,-0.8926
-9.3712,-2.0147,4.2039,1.1706,0.805,-0.7264
-9.1961,-2.0745,4.0195,1.1706,0.805,-0.7264
-8.9495,-2.0506,3.9549,1.2133,0.7059,-0.6742
-8.9495,-2.0506,3.9549,1.2601,0.5536,-0.6977
-8.8393,-2.0242,3.907,1.2591,0.4982,-0.7232
-8.7412,-2.0913,3.5452,1.2591,0.4982,-0.7232
-8.7412,-2.0913,3.5452,1.2292,0.4332,-0.7648
-8.7699,-2.0889,3.4853,1.2101,0.4567,-0.768
-8.8681,-2.1344,3.5811,1.2101,0.4567,-0.768
-8.9686,-2.29,3.5907,1.1973,0.4993,-0.7563
-8.9686,-2.29,3.5907,1.2111,0.5174,-0.7296
-9.129,-2.357,3.6242,1.2452,0.4758,-0.7137
-9.1793,-2.381,3.6748,1.2921,0.4162,-0.7009
-8.9255,-2.3283,3.5404,1.2921,0.4162,-0.7009
-8.9327,-2.2804,3.4709,1.3421,0.3651,-0.6987
-8.9327,-2.2804,3.4709,1.4082,0.3416,-0.6796
-8.9614,-2.2924,3.3177,1.4124,0.3406,-0.6668
-9.0429,-2.3068,3.0588,1.4124,0.3406,-0.6668
-9.0979,-2.2493,3.1166,1.4018,0.3427,-0.6625
-9.0979,-2.2493,3.1166,1.3794,0.4162,-0.6114
-9.0955,-2.2182,3.1286,1.3805,0.479,-0.5784
-9.1602,-2.2325,3.1549,1.389,0.5419,-0.5517
-9.22,-2.3211,3.1812,1.4029,0.5749,-0.5358
-9.522,-2.4791,3.2339,1.4029,0.5749,-0.5358
-9.522,-2.4791,3.2339,1.4348,0.479,-0.4793
-9.5651,-2.5321,3.131,1.4412,0.3672,-0.4484
-9.5028,-2.5222,2.9822,1.4327,0.282,-0.4218
-9.364,-2.472,2.9104,1.4071,0.2479,-0.3973
-9.1314,-2.4528,2.8649,1.3698,0.2575,-0.3738
-8.9926,-2.4528,2.8529,1.3294,0.2788,-0.3472
-8.7412,-2.5752,2.8051,1.3294,0.2788,-0.3472
-8.5685,-2.6183,2.8936,1.2857,0.283,-0.3366
-8.4584,-2.6207,3.066,1.2495,0.2809,-0.3536
-8.4584,-2.6207,3.066,1.2346,0.3086,-0.4037
-8.4871,-2.8122,3.4278,1.2346,0.3086,-0.4037
-8.4871,-2.8122,3.4278,1.2942,0.3054,-0.4047
-8.5541,-2.8912,3.5021,1.3432,0.2777,-0.4069
-8.5661,-2.908,3.6361,1.3432,0.2777,-0.4069
-8.5972,-2.9343,3.5907,1.4018,0.2553,-0.4186
-8.5972,-2.9343,3.5907,1.5403,0.2074,-0.4708
-8.6499,-2.975,3.4159,1.6021,0.1829,-0.4889
-8.7532,-3.0062,3.1597,1.6021,0.1829,-0.4889
-8.8992,-3.0014,3.0445,1.6425,0.1861,-0.49
-9.0692,-3.066,2.9056,1.6617,0.2095,-0.4708
-9.0692,-3.066,2.9056,1.6085,0.2298,-0.376
-9.1482,-3.2315,2.7213,1.6085,0.2298,-0.376
-9.05,-3.2507,2.7356,1.5467,0.2063,-0.3366
-8.9447,-3.2243,2.8817,1.4753,0.1733,-0.3206
-8.9447,-3.2243,2.8817,1.3528,0.1403,-0.3493
-8.892,-3.1645,3.0732,1.3208,0.1286,-0.3792
-8.892,-3.1645,3.0732,1.3123,0.0274,-0.425
-8.892,-3.1645,3.0732,1.3283,-0.0418,-0.4058
-8.892,-3.1645,3.0732,1.3304,-0.0407,-0.3121
-8.892,-3.1645,3.0732,1.3176,-0.0482,-0.1896
-8.892,-3.1645,3.0732,1.3027,-0.1014,-0.1501
-8.892,-3.1645,3.0732,1.2527,-0.1078,-0.197
-8.892,-3.1645,3.0732,1.1653,-0.079,-0.2769
-8.892,-3.1645,3.0732,1.0897,-0.0567,-0.3376
-8.892,-3.1645,3.0732,1.0215,-0.0801,-0.3089
-8.892,-3.1645,3.0732,0.9214,-0.0961,-0.2439
-8.892,-3.1645,3.0732,0.7946,-0.0599,-0.1906
-8.892,-3.1645,3.0732,0.6689,-0.0002,-0.1885
-8.892,-3.1645,3.0732,0.5762,0.1147,-0.2332
-8.892,-3.1645,3.0732,0.5507,0.054,-0.3227
-8.892,-3.1645,3.0732,0.5784,-0.0609,-0.4591
-8.892,-3.1645,3.0732,0.6338,0.0039,-0.5251
-8.892,-3.1645,3.0732,0.6966,0.1456,-0.5517
-8.892,-3.1645,3.0732,0.7904,0.2394,-0.5933
-8.892,-3.1645,3.0732,0.8873,0.2926,-0.6359
-8.892,-3.1645,3.0732,0.9342,0.3395,-0.6529
-8.892,-3.1645,3.0732,0.8969,0.3757,-0.6561
-8.892,-3.1645,3.0732,0.7935,0.3917,-0.6668
-8.892,-3.1645,3.0732,0.654,0.478,-0.6519
-8.892,-3.1645,3.0732,0.5422,0.5142,-0.6178
-8.892,-3.1645,3.0732,0.4782,0.5046,-0.6082
-8.892,-3.1645,3.0732,0.4708,0.4705,-0.5965
-8.892,-3.1645,3.0732,0.5187,0.4407,-0.572
-8.892,-3.1645,3.0732,0.6157,0.4194,-0.556
-8.892,-3.1645,3.0732,0.7211,0.4535,-0.5443
-8.892,-3.1645,3.0732,0.817,0.4737,-0.5315
-8.892,-3.1645,3.0732,0.8702,0.4705,-0.5155
-8.892,-3.1645,3.0732,0.8809,0.4236,-0.4985
-8.892,-3.1645,3.0732,0.8596,0.4279,-0.4324
-8.892,-3.1645,3.0732,0.7914,0.4386,-0.3579
-8.892,-3.1645,3.0732,0.6934,0.4205,-0.2748
-8.892,-3.1645,3.0732,0.5954,0.364,-0.2034
-8.892,-3.1645,3.0732,0.5091,0.3246,-0.1331
-8.892,-3.1645,3.0732,0.4431,0.2671,-0.0564
-8.892,-3.1645,3.0732,0.3994,0.1914,0.0106
-8.892,-3.1645,3.0732,0.3973,0.1211,0.0362
-8.892,-3.1645,3.0732,0.426,0.0934,0.0287
-8.892,-3.1645,3.0732,0.4548,0.1211,-0.0095
-8.892,-3.1645,3.0732,0.4708,0.1509,-0.0213
-8.892,-3.1645,3.0732,0.4665,0.1296,-0.0245
-8.892,-3.1645,3.0732,0.4388,0.0966,-0.0628
-8.892,-3.1645,3.0732,0.3994,0.0988,-0.1065
-8.892,-3.1645,3.0732,0.3717,0.1414,-0.132
-8.892,-3.1645,3.0732,0.344,0.1509,-0.1225
-8.892,-3.1645,3.0732,0.3174,0.1296,-0.1118
-8.892,-3.1645,3.0732,0.2865,0.1488,-0.1065
-8.892,-3.1645,3.0732,0.2535,0.1701,-0.0916
-8.892,-3.1645,3.0732,0.2098,0.136,-0.0671
-8.892,-3.1645,3.0732,0.1533,0.0945,-0.0479
-8.892,-3.1645,3.0732,0.0937,0.0934,-0.0276
-8.892,-3.1645,3.0732,0.0543,0.1083,-0.0362
-8.892,-3.1645,3.0732,0.05,0.1424,-0.0447
-8.892,-3.1645,3.0732,0.0681,0.1648,-0.0308
-8.892,-3.1645,3.0732,0.083,0.1936,-0.0138
-8.892,-3.1645,3.0732,0.0735,0.2074,-0.0138
-8.892,-3.1645,3.0732,0.0372,0.2149,-0.0202
-8.892,-3.1645,3.0732,-0.0053,0.2042,-0.0191
-8.892,-3.1645,3.0732,-0.0436,0.1712,-0.0095
-8.892,-3.1645,3.0732,-0.0766,0.1307,-0.0042
-8.892,-3.1645,3.0732,-0.1043,0.1243,0.0074
-8.892,-3.1645,3.0732,-0.1065,0.0849,0.0117
-8.892,-3.1645,3.0732,-0.0852,0.0402,-0.0053
-8.892,-3.1645,3.0732,-0.0532,0.0348,-0.0149
-8.892,-3.1645,3.0732,-0.0266,0.0657,-0.0106
-8.892,-3.1645,3.0732,0.001,0.0828,0.0149
-8.892,-3.1645,3.0732,0.0266,0.0924,0.0191
-8.892,-3.1645,3.0732,0.0372,0.1073,0.033
-8.892,-3.1645,3.0732,0.0181,0.0977,0.0511
-8.892,-3.1645,3.0732,-0.0362,0.0679,0.0468
-8.892,-3.1645,3.0732,-0.1001,0.0551,0.0511
-8.892,-3.1645,3.0732,-0.1427,0.0157,0.0777
-8.892,-3.1645,3.0732,-0.1683,-0.0247,0.1033
-8.892,-3.1645,3.0732,-0.1736,-0.0194,0.1182
-8.892,-3.1645,3.0732,-0.1587,0.0178,0.1086
-8.892,-3.1645,3.0732,-0.1225,0.0604,0.098
-8.892,-3.1645,3.0732,-0.0575,0.0689,0.1086
-8.892,-3.1645,3.0732,0.0149,0.0295,0.1001
-8.892,-3.1645,3.0732,0.0479,0.0348,0.0649
-8.892,-3.1645,3.0732,0.0436,0.0593,0.0383
-8.892,-3.1645,3.0732,0.033,0.0668,0.0266
-8.892,-3.1645,3.0732,0.049,0.0711,0.0255
-8.892,-3.1645,3.0732,0.083,0.0657,0.0234
-8.892,-3.1645,3.0732,0.0958,0.0796,0.0095
-8.892,-3.1645,3.0732,0.0766,0.0988,-0.0223
-8.892,-3.1645,3.0732,0.0585,0.1126,-0.0681
-8.892,-3.1645,3.0732,0.0649,0.1328,-0.0862
-8.892,-3.1645,3.0732,0.082,0.1435,-0.0798
-8.892,-3.1645,3.0732,0.0958,0.1456,-0.0777
-8.892,-3.1645,3.0732,0.1129,0.1701,-0.0852
-8.892,-3.1645,3.0732,0.132,0.1978,-0.098
-8.892,-3.1645,3.0732,0.1608,0.2138,-0.1182
-8.892,-3.1645,3.0732,0.1842,0.2703,-0.1246
-8.892,-3.1645,3.0732,0.197,0.3097,-0.1065
-8.892,-3.1645,3.0732,0.196,0.2852,-0.1001
-8.892,-3.1645,3.0732,0.1757,0.2404,-0.0532
-8.892,-3.1645,3.0732,0.1395,0.1659,0.0394
-8.892,-3.1645,3.0732,0.0894,0.0753,0.1065
-8.892,-3.1645,3.0732,0.0532,0.021,0.1342
-8.892,-3.1645,3.0732,0.0394,-0.0183,0.1438
-8.892,-3.1645,3.0732,0.0479,-0.0215,0.1438
-8.892,-3.1645,3.0732,0.0671,-0.0311,0.1384
-8.892,-3.1645,3.0732,0.0862,-0.0087,0.1075
-8.892,-3.1645,3.0732,0.0905,0.0199,0.0628
-8.892,-3.1645,3.0732,0.1097,0.0199,0.001
-8.892,-3.1645,3.0732,0.1512,0.0956,-0.0468
-8.892,-3.1645,3.0732,0.213,0.1637,-0.0596
-8.892,-3.1645,3.0732,0.2833,0.1999,-0.0575
-8.892,-3.1645,3.0732,0.343,0.2202,-0.0298
-8.892,-3.1645,3.0732,0.3536,0.1605,0.0266
-8.892,-3.1645,3.0732,0.2961,0.0668,0.066
-8.892,-3.1645,3.0732,0.1842,-0.0034,0.0713
-8.892,-3.1645,3.0732,0.0756,-0.0364,0.0553
-8.892,-3.1645,3.0732,0.0106,-0.0258,0.0287
-8.892,-3.1645,3.0732,0.017,-0.0045,-0.0053
-8.892,-3.1645,3.0732,0.0713,0.0189,-0.0223
-8.892,-3.1645,3.0732,0.1075,0.0412,-0.0287
-8.892,-3.1645,3.0732,0.1086,0.0625,-0.0543
-8.892,-3.1645,3.0732,0.0916,0.0764,-0.098
-8.892,-3.1645,3.0732,0.083,0.0924,-0.1193
-8.892,-3.1645,3.0732,0.0862,0.0785,-0.1203
-8.892,-3.1645,3.0732,0.0926,0.0679,-0.1065
-8.892,-3.1645,3.0732,0.0937,0.0519,-0.0862
-8.892,-3.1645,3.0732,0.0756,0.0497,-0.0745
-8.892,-3.1645,3.0732,0.05,0.0466,-0.0766
-8.892,-3.1645,3.0732,0.0245,0.0348,-0.0777
-8.892,-3.1645,3.0732,0.0149,0.0199,-0.0521
-8.892,-3.1645,3.0732,0.0074,0.0125,-0.0149
-8.892,-3.1645,3.0732,-0.0021,0.0189,0.0159
-8.892,-3.1645,3.0732,-0.0063,0.0274,0.0607
-8.892,-3.1645,3.0732,-0.0074,0.0231,0.1299
-8.892,-3.1645,3.0732,-0.0159,-0.0343,0.1949
-8.892,-3.1645,3.0732,-0.0553,-0.0908,0.2183
-8.892,-3.1645,3.0732,-0.1203,-0.094,0.2034
-8.892,-3.1645,3.0732,-0.18,-0.095,0.164
-8.892,-3.1645,3.0732,-0.1991,-0.0822,0.115
-8.892,-3.1645,3.0732,-0.181,-0.0716,0.0426
-8.892,-3.1645,3.0732,-0.1395,-0.0087,-0.049
-8.892,-3.1645,3.0732,-0.0809,0.0913,-0.1129
-8.892,-3.1645,3.0732,-0.0223,0.1573,-0.1278
-8.892,-3.1645,3.0732,0.0149,0.1605,-0.1161
-8.892,-3.1645,3.0732,0.0106,0.1073,-0.0969
-8.892,-3.1645,3.0732,-0.0287,0.0466,-0.1054
-8.892,-3.1645,3.0732,-0.0564,0.0327,-0.1427
-8.892,-3.1645,3.0732,-0.0394,0.0231,-0.1406
-8.892,-3.1645,3.0732,0.0245,0.0221,-0.0937
-8.892,-3.1645,3.0732,0.0884,0.0167,-0.0458
-8.892,-3.1645,3.0732,0.1118,0.0444,-0.0255
-8.892,-3.1645,3.0732,0.0958,0.0817,-0.0276
-8.892,-3.1645,3.0732,0.0713,0.087,-0.0447
-8.892,-3.1645,3.0732,0.0649,0.0721,-0.0521
-8.892,-3.1645,3.0732,0.0798,0.0615,-0.0266
-8.892,-3.1645,3.0732,0.1065,0.0327,-0.0042
-8.892,-3.1645,3.0732,0.131,0.0391,-0.0031
-8.892,-3.1645,3.0732,0.1565,0.0423,0.0031
-8.892,-3.1645,3.0732,0.1746,0.0284,0.0287
-8.892,-3.1645,3.0732,0.1746,0.0178,0.0383
-8.892,-3.1645,3.0732,0.1715,0.0221,0.0127
-8.892,-3.1645,3.0732,0.1864,0.0476,-0.0042
-8.892,-3.1645,3.0732,0.2045,0.0572,-0.0031
-8.892,-3.1645,3.0732,0.2119,0.0689,-0.0095
-8.892,-3.1645,3.0732,0.2066,0.0988,-0.0202
-8.892,-3.1645,3.0732,0.2034,0.1179,-0.0159
-8.892,-3.1645,3.0732,0.2023,0.1062,0.001
-8.892,-3.1645,3.0732,0.1874,0.0913,0.0159
-8.892,-3.1645,3.0732,0.1501,0.0774,0.0159
-8.892,-3.1645,3.0732,0.115,0.0561,0.0095
-8.892,-3.1645,3.0732,0.0937,0.0338,0.0127
-8.892,-3.1645,3.0732,0.0766,0.0327,0.0149
-8.892,-3.1645,3.0732,0.0713,0.038,0
-8.892,-3.1645,3.0732,0.0809,0.0657,-0.0159
-8.892,-3.1645,3.0732,0.0894,0.0881,-0.017
-8.892,-3.1645,3.0732,0.0969,0.0753,0
-8.892,-3.1645,3.0732,0.0905,0.0412,0.0106
-8.892,-3.1645,3.0732,0.05,0.0199,0.0063
-8.892,-3.1645,3.0732,-0.0095,0.0146,-0.0042
-8.892,-3.1645,3.0732,-0.0543,0.0274,-0.0106
-8.892,-3.1645,3.0732,-0.0617,0.0082,-0.0266
-8.892,-3.1645,3.0732,-0.0479,-0.0034,-0.0436
-8.892,-3.1645,3.0732,-0.0234,0.021,-0.0553
-8.892,-3.1645,3.0732,-0.001,0.0391,-0.0724
-8.892,-3.1645,3.0732,0.0319,0.0679,-0.0777
-8.892,-3.1645,3.0732,0.0521,0.0753,-0.0404
-8.892,-3.1645,3.0732,0.034,0.0348,-0.0074
-8.892,-3.1645,3.0732,-0.0266,-0.0087,-0.0106
-8.892,-3.1645,3.0732,-0.098,-0.0386,-0.0255
-8.892,-3.1645,3.0732,-0.1299,-0.0407,-0.033
-8.892,-3.1645,3.0732,-0.0958,-0.03,-0.0436
-8.892,-3.1645,3.0732,-0.0149,-0.0034,-0.0639
-8.892,-3.1645,3.0732,0.0671,0.0274,-0.082
-8.892,-3.1645,3.0732,0.1214,0.0423,-0.0841
-8.892,-3.1645,3.0732,0.1331,0.0466,-0.0596
-8.892,-3.1645,3.0732,0.099,0.0306,-0.0276
-8.892,-3.1645,3.0732,0.0564,0.0093,-0.0138
-8.892,-3.1645,3.0732,0.0223,-0.0226,-0.0085
-8.892,-3.1645,3.0732,-0.001,-0.0396,-0.0021
-8.892,-3.1645,3.0732,-0.0117,-0.0173,0.001
-8.892,-3.1645,3.0732,-0.0085,0.0157,-0.0138
-8.892,-3.1645,3.0732,0.0138,0.0295,-0.0255
-8.892,-3.1645,3.0732,0.033,0.0327,-0.0138
-8.892,-3.1645,3.0732,0.034,0.0157,-0.0021
-8.892,-3.1645,3.0732,0.0181,0.0135,-0.0042
-8.892,-3.1645,3.0732,0.0042,0.0199,-0.0063
-8.892,-3.1645,3.0732,0.0053,0.0167,0.0042
-8.892,-3.1645,3.0732,0.0191,0.0135,0.0149
-8.892,-3.1645,3.0732,0.0213,0.021,0.0181
-8.892,-3.1645,3.0732,0.0095,0.0146,0.0127
-8.892,-3.1645,3.0732,0,0.0082,0.0053
-8.892,-3.1645,3.0732,-0.0031,0.005,0.0042
-8.892,-3.1645,3.0732,0.0021,0.0018,0.0074
-8.892,-3.1645,3.0732,0.0159,-0.0109,0.0074
-8.892,-3.1645,3.0732,0.0213,-0.0109,0.0117
-8.892,-3.1645,3.0732,0.017,-0.0002,0.0149
-8.892,-3.1645,3.0732,0.0085,0.0061,-0.0021
-8.892,-3.1645,3.0732,0,-0.0002,-0.0191
-8.892,-3.1645,3.0732,-0.0106,-0.0013,-0.0213
-8.892,-3.1645,3.0732,-0.0095,0.0018,-0.0266
-8.892,-3.1645,3.0732,0.0117,-0.0066,-0.0234
-8.892,-3.1645,3.0732,0.034,-0.0077,-0.0074
-8.892,-3.1645,3.0732,0.049,-0.0055,0.0095
-8.892,-3.1645,3.0732,0.0415,-0.0077,0.017
-8.892,-3.1645,3.0732,0.0106,-0.0098,0.0117
-8.892,-3.1645,3.0732,-0.0213,-0.0173,-0.0074
-8.892,-3.1645,3.0732,-0.034,-0.0109,-0.0287
-8.892,-3.1645,3.0732,-0.0245,0.0114,-0.0362
-8.892,-3.1645,3.0732,0.0021,0.0199,-0.033
-8.892,-3.1645,3.0732,0.0234,0.0348,-0.033
-8.892,-3.1645,3.0732,0.0276,0.0359,-0.033
-8.892,-3.1645,3.0732,0.0202,0.0231,-0.0213
-8.892,-3.1645,3.0732,0,0.021,-0.0159
-8.892,-3.1645,3.0732,-0.0117,0.0167,-0.0149
-8.892,-3.1645,3.0732,-0.0053,-0.0013,-0.0042
-8.892,-3.1645,3.0732,0.0031,-0.0087,0.0074
-8.892,-3.1645,3.0732,0.0021,0.005,0.0053
-8.892,-3.1645,3.0732,-0.0053,0.0284,0
-8.892,-3.1645,3.0732,-0.0042,0.0221,0.0074
-8.892,-3.1645,3.0732,-0.0063,-0.0023,0.0202
-8.892,-3.1645,3.0732,-0.0159,-0.0141,0.0191
-8.892,-3.1645,3.0732,-0.0255,-0.0045,0.0127
-8.892,-3.1645,3.0732,-0.0191,-0.0034,0.0095
-8.892,-3.1645,3.0732,0.0031,-0.0119,0.0053
-8.892,-3.1645,3.0732,0.0213,-0.0183,0.017
-8.892,-3.1645,3.0732,0.0223,-0.0173,0.0255
-8.892,-3.1645,3.0732,0.0074,-0.013,0.017
-8.892,-3.1645,3.0732,-0.0095,-0.029,0.0085
-8.892,-3.1645,3.0732,-0.0149,-0.0407,0.0085
-8.892,-3.1645,3.0732,-0.0095,-0.0268,0.0074
-8.892,-3.1645,3.0732,0.0021,-0.0151,-0.0031
-8.892,-3.1645,3.0732,0.0202,-0.0002,-0.0181
-8.892,-3.1645,3.0732,0.0351,0.0125,-0.0287
-8.892,-3.1645,3.0732,0.0372,0.0157,-0.0287
-8.892,-3.1645,3.0732,0.0202,0.0082,-0.0394
-8.892,-3.1645,3.0732,-0.0063,0.0146,-0.0521
-8.892,-3.1645,3.0732,-0.0223,0.0125,-0.0458
-8.892,-3.1645,3.0732,-0.017,0.0093,-0.0404
-8.892,-3.1645,3.0732,0.0053,0.0007,-0.0404
-8.892,-3.1645,3.0732,0.0245,0.0125,-0.0298
-8.892,-3.1645,3.0732,0.0436,0.0178,-0.0191
-8.892,-3.1645,3.0732,0.0458,0.0178,-0.0074
-8.892,-3.1645,3.0732,0.0234,0.0221,0.0085
-8.892,-3.1645,3.0732,-0.0106,0.021,0.0117
-8.892,-3.1645,3.0732,-0.0362,0.0146,-0.0074
-8.892,-3.1645,3.0732,-0.0436,0.0252,-0.0245
-8.892,-3.1645,3.0732,-0.0276,0.038,-0.0255
-8.892,-3.1645,3.0732,0.001,0.0402,-0.0202
-8.892,-3.1645,3.0732,0.0202,0.0263,-0.0053
-8.892,-3.1645,3.0732,0.0149,0.0125,0.0106
-8.892,-3.1645,3.0732,-0.0063,0.0167,0.0223
-8.892,-3.1645,3.0732,-0.0191,-0.0055,0.0287
-8.892,-3.1645,3.0732,-0.0255,-0.0407,0.05
-8.892,-3.1645,3.0732,-0.0479,-0.0492,0.0905
-8.892,-3.1645,3.0732,-0.0788,-0.0663,0.0958
-8.892,-3.1645,3.0732,-0.1043,-0.0673,0.0468
-8.892,-3.1645,3.0732,-0.098,-0.0364,-0.0245
-8.892,-3.1645,3.0732,-0.0404,0.0007,-0.0798
-8.892,-3.1645,3.0732,0.0415,0.0519,-0.1022
-8.892,-3.1645,3.0732,0.1022,0.0817,-0.0852
-8.892,-3.1645,3.0732,0.1043,0.0561,-0.049
-8.892,-3.1645,3.0732,0.0351,0.0093,-0.0245
-8.892,-3.1645,3.0732,-0.0724,-0.029,-0.0191
-8.892,-3.1645,3.0732,-0.1587,-0.0599,-0.0276
-8.892,-3.1645,3.0732,-0.1746,-0.0577,-0.0415
-8.892,-3.1645,3.0732,-0.1225,-0.0439,-0.0607
-8.892,-3.1645,3.0732,-0.034,-0.0109,-0.0735
-8.892,-3.1645,3.0732,0.0511,0.0423,-0.0798
-8.892,-3.1645,3.0732,0.1043,0.0838,-0.0703
-8.892,-3.1645,3.0732,0.1171,0.0753,-0.0543
-8.892,-3.1645,3.0732,0.0841,0.0423,-0.0383
-8.892,-3.1645,3.0732,0.0276,0.0125,-0.0138
-8.892,-3.1645,3.0732,-0.0159,-0.0311,0.0234
-8.892,-3.1645,3.0732,-0.0415,-0.0609,0.0585
-8.892,-3.1645,3.0732,-0.0426,-0.0418,0.0585
-8.892,-3.1645,3.0732,-0.0202,-0.0151,0.0351
-8.892,-3.1645,3.0732,0.0159,-0.013,0.0245
-8.892,-3.1645,3.0732,0.0532,0.0039,0.0085
-8.892,-3.1645,3.0732,0.0809,0.0231,-0.0095
-8.892,-3.1645,3.0732,0.0958,0.0221,-0.0053
-8.892,-3.1645,3.0732,0.083,0.0125,0.0191
-8.892,-3.1645,3.0732,0.0404,0.005,0.0436
-8.892,-3.1645,3.0732,-0.0095,-0.0162,0.0436
-8.892,-3.1645,3.0732,-0.049,-0.0311,0.0255
-8.892,-3.1645,3.0732,-0.0745,-0.0343,0.001
-8.892,-3.1645,3.0732,-0.0894,-0.0343,-0.0202
-8.892,-3.1645,3.0732,-0.1043,-0.0386,-0.0181
-8.892,-3.1645,3.0732,-0.098,-0.0109,-0.0074
-8.892,-3.1645,3.0732,-0.0617,-0.0055,-0.0063
-8.892,-3.1645,3.0732,-0.0117,0.0007,0.0042
-8.892,-3.1645,3.0732,0.0245,0.0082,0.0106
-8.892,-3.1645,3.0732,0.0372,0.0071,0.001
-8.892,-3.1645,3.0732,0.0351,0.0199,-0.0191
-8.892,-3.1645,3.0732,0.0202,0.0231,-0.0276
-8.892,-3.1645,3.0732,0.001,0.021,-0.0191
-8.892,-3.1645,3.0732,-0.0202,0.0135,-0.0042
-8.892,-3.1645,3.0732,-0.0458,-0.0034,0.0159
-8.892,-3.1645,3.0732,-0.0703,-0.0332,0.0298
-8.892,-3.1645,3.0732,-0.0926,-0.0492,0.0351
-8.892,-3.1645,3.0732,-0.0937,-0.0375,0.0287
-8.892,-3.1645,3.0732,-0.0692,-0.0226,0.0053
-8.892,-3.1645,3.0732,-0.017,0.0114,-0.0234
-8.892,-3.1645,3.0732,0.0383,0.0348,-0.0372
-8.892,-3.1645,3.0732,0.0639,0.0391,-0.034
-8.892,-3.1645,3.0732,0.0564,0.0178,-0.0266
-8.892,-3.1645,3.0732,0.0234,-0.0045,-0.0095
-8.892,-3.1645,3.0732,-0.0159,-0.029,-0.0095
-8.892,-3.1645,3.0732,-0.033,-0.0354,-0.0202
-8.892,-3.1645,3.0732,-0.0213,-0.0322,-0.0255
-8.892,-3.1645,3.0732,0.0149,-0.0109,-0.0202
-8.892,-3.1645,3.0732,0.0458,0.005,-0.0138
-8.892,-3.1645,3.0732,0.0543,0.0157,-0.0095
-8.892,-3.1645,3.0732,0.034,0.0082,-0.0042
-8.892,-3.1645,3.0732,-0.001,0.0125,-0.0031
-8.892,-3.1645,3.0732,-0.0276,-0.0002,-0.0021
-8.892,-3.1645,3.0732,-0.0404,-0.0151,0.0053
-8.892,-3.1645,3.0732,-0.0394,-0.0215,0.0095
-8.892,-3.1645,3.0732,-0.0234,-0.0332,0.0085
-8.892,-3.1645,3.0732,0.0063,-0.0375,0.001
-8.892,-3.1645,3.0732,0.0319,-0.0173,-0.0042
-8.892,-3.1645,3.0732,0.0521,0.0029,0.001
-8.892,-3.1645,3.0732,0.0596,-0.0087,0.0127
-8.892,-3.1645,3.0732,0.034,-0.0183,0.017
-8.892,-3.1645,3.0732,-0.0117,-0.0151,0.0053
-8.892,-3.1645,3.0732,-0.0426,-0.0087,-0.0053
-8.892,-3.1645,3.0732,-0.0383,-0.0109,-0.0095
-8.892,-3.1645,3.0732,-0.0127,-0.0066,-0.0085
-8.892,-3.1645,3.0732,0.0095,-0.0066,-0.0117
-8.892,-3.1645,3.0732,0.0234,-0.0045,-0.0191
-8.892,-3.1645,3.0732,0.0287,-0.0077,-0.017
-8.892,-3.1645,3.0732,0.0223,-0.0055,-0.0191
-8.892,-3.1645,3.0732,0.017,-0.0119,-0.0276
-8.892,-3.1645,3.0732,0.0149,-0.0119,-0.0213
-8.892,-3.1645,3.0732,0.0074,-0.0034,-0.0042
-8.892,-3.1645,3.0732,-0.0074,-0.0055,0.0021
-8.892,-3.1645,3.0732,-0.0266,-0.0045,0.0021
-8.892,-3.1645,3.0732,-0.0404,-0.0109,0.0095
-8.892,-3.1645,3.0732,-0.0447,-0.0226,0.0191
-8.892,-3.1645,3.0732,-0.034,-0.0247,0.0053
-8.892,-3.1645,3.0732,-0.0181,-0.0077,-0.0117
-8.892,-3.1645,3.0732,0.0021,0.0039,-0.0085
-8.892,-3.1645,3.0732,0.0127,0.0093,-0.0085
-8.892,-3.1645,3.0732,0.0063,0.0252,-0.0159
-8.892,-3.1645,3.0732,-0.0031,0.0274,-0.0223
-8.892,-3.1645,3.0732,-0.0074,0.0125,-0.0213
-8.892,-3.1645,3.0732,-0.0053,0.0093,-0.0095
-8.892,-3.1645,3.0732,0.001,0.0125,0.001
-8.892,-3.1645,3.0732,0.0021,0.0071,0
-8.892,-3.1645,3.0732,0.0053,-0.0023,-0.0095
-8.892,-3.1645,3.0732,0.0117,-0.0109,-0.0085
-8.892,-3.1645,3.0732,0.017,-0.0194,0.0021
-8.892,-3.1645,3.0732,0.0191,-0.0098,-0.0063
-8.892,-3.1645,3.0732,0.0202,0.0018,-0.0149
-8.892,-3.1645,3.0732,0.0191,0.0135,-0.0127
-8.892,-3.1645,3.0732,0.0138,0.0167,-0.0074
-8.892,-3.1645,3.0732,0.0053,0.0039,-0.0063
-8.892,-3.1645,3.0732,-0.0063,-0.0002,-0.0063
-8.892,-3.1645,3.0732,-0.0053,0.0007,-0.0042
-8.892,-3.1645,3.0732,0.0149,-0.0141,-0.0063
-8.892,-3.1645,3.0732,0.0394,-0.0066,-0.0106
-8.892,-3.1645,3.0732,0.0543,0.005,-0.0021
-8.892,-3.1645,3.0732,0.0543,0.0082,0.0159
-8.892,-3.1645,3.0732,0.0319,0.0093,0.0181
-8.892,-3.1645,3.0732,-0.0053,0.0125,0.0053
-8.892,-3.1645,3.0732,-0.0362,0.0082,-0.0095
-8.892,-3.1645,3.0732,-0.0575,0.0018,-0.0223
-8.892,-3.1645,3.0732,-0.0703,-0.0087,-0.0287
-8.892,-3.1645,3.0732,-0.0628,-0.0162,-0.0245
-8.892,-3.1645,3.0732,-0.0543,-0.0098,-0.0095
-8.892,-3.1645,3.0732,-0.0159,-0.0045,-0.0085
-8.892,-3.1645,3.0732,0.0234,0.0029,0.0021
-8.892,-3.1645,3.0732,0.049,0.0114,0.0031
-8.892,-3.1645,3.0732,0.0585,0.0114,-0.0138
-8.892,-3.1645,3.0732,0.05,0.0231,-0.0149
-8.892,-3.1645,3.0732,0.0308,0.0093,0.001
-8.892,-3.1645,3.0732,-0.001,0.0029,0.0117
-8.892,-3.1645,3.0732,-0.0298,0.0093,0.0085
-8.892,-3.1645,3.0732,-0.033,0.0029,0.0127
-8.892,-3.1645,3.0732,-0.0127,-0.0087,0.0213
-8.892,-3.1645,3.0732,0.0021,-0.0023,0.0298
-8.892,-3.1645,3.0732,-0.001,0.0114,0.0319
-8.892,-3.1645,3.0732,-0.0127,0.0071,0.0213
-8.892,-3.1645,3.0732,-0.0276,0.005,0.0117
-8.892,-3.1645,3.0732,-0.0383,-0.0013,0.0095
-8.892,-3.1645,3.0732,-0.033,-0.0077,0.0074
-8.892,-3.1645,3.0732,-0.0138,-0.0077,0.001
-8.892,-3.1645,3.0732,0.0042,-0.013,0.0021
-8.892,-3.1645,3.0732,0.0127,-0.0194,0.0042
-8.892,-3.1645,3.0732,0.0074,-0.0226,-0.0031
-8.892,-3.1645,3.0732,0,-0.0226,-0.017
-8.892,-3.1645,3.0732,-0.0085,-0.0205,-0.0276
-8.892,-3.1645,3.0732,-0.0085,-0.0183,-0.0308
-8.892,-3.1645,3.0732,0,-0.0109,-0.034
-8.892,-3.1645,3.0732,0.0106,-0.0119,-0.033
-8.892,-3.1645,3.0732,0.0181,-0.0077,-0.033
-8.892,-3.1645,3.0732,0.0202,-0.0023,-0.0372
-8.892,-3.1645,3.0732,0.0276,0.0039,-0.0351
-8.892,-3.1645,3.0732,0.0298,0.0135,-0.0245
-8.892,-3.1645,3.0732,0.0223,0.0007,-0.0063
-8.892,-3.1645,3.0732,-0.001,-0.0087,0.0021
-8.892,-3.1645,3.0732,-0.0223,-0.0098,0.0031
-8.892,-3.1645,3.0732,-0.0245,-0.0162,0.0074
-8.892,-3.1645,3.0732,-0.0021,-0.0215,0.0085
-8.892,-3.1645,3.0732,0.0255,-0.0013,0.017
-8.892,-3.1645,3.0732,0.0362,0.021,0.033
-8.892,-3.1645,3.0732,0.0213,0.0263,0.0351
-8.892,-3.1645,3.0732,-0.0106,0.0157,0.0202
-8.892,-3.1645,3.0732,-0.0404,0.0125,0.0085
-8.892,-3.1645,3.0732,-0.0479,0.021,0.0053
-8.892,-3.1645,3.0732,-0.0308,0.0125,0.0053
-8.892,-3.1645,3.0732,-0.0063,0.0029,0.0074
-8.892,-3.1645,3.0732,0.0021,0.0007,0.0138
-8.892,-3.1645,3.0732,-0.0053,0.0061,0.0181
-8.892,-3.1645,3.0732,-0.0159,-0.0055,0.0085
-8.892,-3.1645,3.0732,-0.0138,-0.0237,-0.0117
-8.892,-3.1645,3.0732,0.0053,-0.0258,-0.0213
-8.892,-3.1645,3.0732,0.0298,-0.0141,-0.0127
-8.892,-3.1645,3.0732,0.0426,-0.013,-0.0149
-8.892,-3.1645,3.0732,0.0362,0.0029,-0.0372
-8.892,-3.1645,3.0732,0.0287,0.0125,-0.0607
-8.892,-3.1645,3.0732,0.0351,0.0199,-0.0564
-8.892,-3.1645,3.0732,0.0447,0.0178,-0.0436
-8.892,-3.1645,3.0732,0.0447,0.0306,-0.0468
-8.892,-3.1645,3.0732,0.0383,0.0434,-0.0553
-8.892,-3.1645,3.0732,0.033,0.0402,-0.0521
-8.892,-3.1645,3.0732,0.034,0.0306,-0.0447
-8.892,-3.1645,3.0732,0.033,0.038,-0.0287
-8.892,-3.1645,3.0732,0.0298,0.0412,-0.0063
-8.892,-3.1645,3.0732,0.0308,0.0263,0
-8.892,-3.1645,3.0732,0.0319,0.0242,-0.0085
-8.892,-3.1645,3.0732,0.0394,0.0295,-0.0149
-8.892,-3.1645,3.0732,0.0617,0.021,-0.0127
-8.892,-3.1645,3.0732,0.0788,0.0199,0.0021
-8.892,-3.1645,3.0732,0.0745,0.021,0.0266
-8.892,-3.1645,3.0732,0.0511,0.0167,0.0436
-8.892,-3.1645,3.0732,0.0223,-0.0045,0.0394
-8.892,-3.1645,3.0732,0.0085,-0.0183,0.034
-8.892,-3.1645,3.0732,0.0245,-0.0205,0.0319
-8.892,-3.1645,3.0732,0.0617,-0.0098,0.0394
-8.892,-3.1645,3.0732,0.0926,0.0093,0.0521
-8.892,-3.1645,3.0732,0.0948,0.0146,0.049
-8.892,-3.1645,3.0732,0.0681,0.0061,0.0372
-8.892,-3.1645,3.0732,0.0276,-0.0173,0.0202
-8.892,-3.1645,3.0732,0,-0.0364,0.0042
-8.892,-3.1645,3.0732,0.0074,-0.0364,-0.0117
-8.892,-3.1645,3.0732,0.0458,-0.0141,-0.0234
-8.892,-3.1645,3.0732,0.098,0.0167,-0.0308
-8.892,-3.1645,3.0732,0.1256,0.0391,-0.0308
-8.892,-3.1645,3.0732,0.1118,0.0497,-0.0276
-8.892,-3.1645,3.0732,0.0649,0.0444,-0.0287
-8.892,-3.1645,3.0732,0.0042,0.0359,-0.0404
-8.892,-3.1645,3.0732,-0.0362,0.0327,-0.0447
-8.892,-3.1645,3.0732,-0.0372,0.0338,-0.0351
-8.892,-3.1645,3.0732,-0.0117,0.0316,-0.0127
-8.892,-3.1645,3.0732,0.0149,0.0402,0.0266
-8.892,-3.1645,3.0732,0.0308,0.0316,0.0223
-8.892,-3.1645,3.0732,0.0159,0.0316,-0.0031
-8.892,-3.1645,3.0732,-0.0234,-0.0055,-0.0106
-8.892,-3.1645,3.0732,-0.0649,-0.0162,0.001
-8.892,-3.1645,3.0732,-0.0692,-0.0215,-0.001
-8.892,-3.1645,3.0732,-0.0447,-0.0183,-0.0042
-8.892,-3.1645,3.0732,-0.0138,-0.0034,0.001
-8.892,-3.1645,3.0732,0,0.0093,-0.0021
-8.892,-3.1645,3.0732,-0.001,0.0114,-0.0191
-8.892,-3.1645,3.0732,-0.0063,0.0071,-0.0255
-8.892,-3.1645,3.0732,-0.0138,-0.0045,-0.0063
-8.892,-3.1645,3.0732,-0.0266,-0.0109,0.0138
-8.892,-3.1645,3.0732,-0.0426,-0.0162,0.0159
-8.892,-3.1645,3.0732,-0.0575,-0.0055,0
-8.892,-3.1645,3.0732,-0.0575,0.0114,-0.0138
-8.892,-3.1645,3.0732,-0.0372,0.0157,-0.0202
-8.892,-3.1645,3.0732,-0.017,0.0146,-0.0117
-8.892,-3.1645,3.0732,-0.0149,0.0146,-0.0074
-8.892,-3.1645,3.0732,-0.0234,0.0125,-0.0127
-8.892,-3.1645,3.0732,-0.0319,0.0007,-0.0223
-8.892,-3.1645,3.0732,-0.0266,-0.0002,-0.0298
-8.892,-3.1645,3.0732,-0.0106,0.0103,-0.0351
-8.892,-3.1645,3.0732,0.0053,0.0189,-0.0266
-8.892,-3.1645,3.0732,0.0053,0.0135,-0.0106
-8.892,-3.1645,3.0732,-0.0234,0.0007,0
-8.892,-3.1645,3.0732,-0.0596,-0.0055,-0.0074
-8.892,-3.1645,3.0732,-0.0703,-0.0087,-0.0191
-8.892,-3.1645,3.0732,-0.0415,-0.0098,-0.017
-8.892,-3.1645,3.0732,0.0021,0.0007,-0.0074
-8.892,-3.1645,3.0732,0.0287,0.0199,-0.0042
-8.892,-3.1645,3.0732,0.0234,0.0242,-0.0106
-8.892,-3.1645,3.0732,-0.001,0.0061,-0.0138
-8.892,-3.1645,3.0732,-0.0181,-0.0066,-0.0127
-8.892,-3.1645,3.0732,-0.017,-0.0151,-0.001
-8.892,-3.1645,3.0732,0.0031,-0.0183,0.0085
-8.892,-3.1645,3.0732,0.0276,-0.0055,0.0095
-8.892,-3.1645,3.0732,0.0426,-0.0013,0.0127
-8.892,-3.1645,3.0732,0.0426,-0.0045,0.0074
-8.892,-3.1645,3.0732,0.0223,-0.0002,-0.0031
-8.892,-3.1645,3.0732,-0.0042,0.0103,-0.0031
-8.892,-3.1645,3.0732,-0.0202,0.0146,0
-8.892,-3.1645,3.0732,-0.0223,0.005,0.001
-8.892,-3.1645,3.0732,-0.0138,-0.0066,-0.0063
-8.892,-3.1645,3.0732,-0.0031,0.0039,-0.0095
-8.892,-3.1645,3.0732,0.0191,-0.0077,-0.0063
-8.892,-3.1645,3.0732,0.0404,-0.0119,0.0021
-8.892,-3.1645,3.0732,0.0436,-0.0151,0.0053
-8.892,-3.1645,3.0732,0.0362,-0.0119,-0.0127
-8.892,-3.1645,3.0732,0.0298,0.0071,-0.0255
-8.892,-3.1645,3.0732,0.0255,0.0082,-0.0095
-8.892,-3.1645,3.0732,0.0149,-0.0013,0.0063
-8.892,-3.1645,3.0732,-0.0106,0.0071,-0.001
-8.892,-3.1645,3.0732,-0.0266,0.0007,-0.0117
-8.892,-3.1645,3.0732,-0.0149,-0.0109,-0.0117
-8.892,-3.1645,3.0732,0.0106,-0.0098,0
-8.892,-3.1645,3.0732,0.0276,0.0029,0.0085
-8.892,-3.1645,3.0732,0.0213,0.0157,0.0042
-8.892,-3.1645,3.0732,-0.0042,0.0103,0
-8.892,-3.1645,3.0732,-0.0298,0.0071,-0.0074
-8.892,-3.1645,3.0732,-0.0415,0.0114,-0.0095
-8.892,-3.1645,3.0732,-0.034,0.0018,-0.0063
-8.892,-3.1645,3.0732,-0.0117,-0.0087,-0.0021
-8.892,-3.1645,3.0732,0.0063,-0.0034,-0.001
-8.892,-3.1645,3.0732,0.0117,0.0029,-0.001
-8.892,-3.1645,3.0732,0.0074,0.005,-0.0053
-8.892,-3.1645,3.0732,-0.0042,0.0007,-0.0085
-8.892,-3.1645,3.0732,-0.0149,-0.0066,-0.0074
-8.892,-3.1645,3.0732,-0.0223,-0.0087,0.001
-8.892,-3.1645,3.0732,-0.0234,-0.013,0.0053
-8.892,-3.1645,3.0732,-0.0234,-0.0098,-0.0021
-8.892,-3.1645,3.0732,-0.0127,0.0007,-0.0117
-8.892,-3.1645,3.0732,0.0085,0.0018,-0.0095
-8.892,-3.1645,3.0732,0.0255,0.0007,0.0063
-8.892,-3.1645,3.0732,0.0202,-0.0055,0.0149
-8.892,-3.1645,3.0732,-0.0063,0.0018,0.0149
-8.892,-3.1645,3.0732,-0.034,-0.0066,0.0106
-8.892,-3.1645,3.0732,-0.0415,-0.0119,0.0106
-8.892,-3.1645,3.0732,-0.0234,-0.0077,0.0074
-8.892,-3.1645,3.0732,0.0095,-0.0013,0.0021
-8.892,-3.1645,3.0732,0.0447,-0.0013,-0.0053
-8.892,-3.1645,3.0732,0.0671,0.0093,0
-8.892,-3.1645,3.0732,0.0617,0.0071,0.0213
-8.892,-3.1645,3.0732,0.0308,-0.0087,0.0255
-8.892,-3.1645,3.0732,-0.0181,-0.0215,0.0042
-8.892,-3.1645,3.0732,-0.0511,0.0029,-0.0138
-8.892,-3.1645,3.0732,-0.0394,0.0167,-0.0213
-8.892,-3.1645,3.0732,0.0053,0.0103,-0.0234
-8.892,-3.1645,3.0732,0.0426,0.0018,-0.0234
-8.892,-3.1645,3.0732,0.0479,0.0071,-0.0287
-8.892,-3.1645,3.0732,0.0372,0.0103,-0.0287
-8.892,-3.1645,3.0732,0.0234,0.0029,-0.0085
-8.892,-3.1645,3.0732,0.0042,-0.0162,0.0063
-8.892,-3.1645,3.0732,-0.017,-0.0183,-0.0031
-8.892,-3.1645,3.0732,-0.0245,-0.0023,-0.0149
-8.892,-3.1645,3.0732,-0.0074,0.005,-0.0085
-8.892,-3.1645,3.0732,0.0095,-0.0013,0.0053
-8.892,-3.1645,3.0732,0.0127,0.0071,-0.0053
-8.892,-3.1645,3.0732,0.0085,0.0135,-0.0106
-8.892,-3.1645,3.0732,0.0085,-0.0055,-0.0031
-8.892,-3.1645,3.0732,0.0042,-0.0119,0.0106
-8.892,-3.1645,3.0732,-0.0031,-0.013,0.0202
-8.892,-3.1645,3.0732,-0.0074,-0.0141,0.0191
-8.892,-3.1645,3.0732,-0.0117,-0.0023,0.0106
-8.892,-3.1645,3.0732,-0.0138,0.0093,0
-8.892,-3.1645,3.0732,-0.0074,0.0189,-0.0074
-8.892,-3.1645,3.0732,0.0042,0.0103,-0.0063
-8.892,-3.1645,3.0732,0.0095,0.005,0.0021
-8.892,-3.1645,3.0732,0.0063,0.0061,0.0021
-8.892,-3.1645,3.0732,0.0042,0.0039,-0.0085
-8.892,-3.1645,3.0732,0.0085,0.0018,-0.0149
-8.892,-3.1645,3.0732,0.0181,0.0114,-0.0074
-8.892,-3.1645,3.0732,0.0245,0.0093,-0.0031
-8.892,-3.1645,3.0732,0.0223,0.0029,-0.0085
-8.892,-3.1645,3.0732,0.017,0.0029,-0.0106
-8.892,-3.1645,3.0732,0.0181,0.0029,-0.0074
-8.892,-3.1645,3.0732,0.0266,-0.0098,-0.0031
-8.892,-3.1645,3.0732,0.0351,-0.0215,-0.0085
-8.892,-3.1645,3.0732,0.034,-0.0002,-0.017
-8.892,-3.1645,3.0732,0.0308,0.0178,-0.0095
-8.892,-3.1645,3.0732,0.0245,0.0135,-0.0063
-8.892,-3.1645,3.0732,0.0138,0.0061,-0.0159
-8.892,-3.1645,3.0732,0.0031,0.0071,-0.017
-8.892,-3.1645,3.0732,0.0106,-0.0002,-0.0074
-8.892,-3.1645,3.0732,0.0308,-0.0098,0.0074
-8.8585,-3.0086,3.1908,0.0308,-0.0098,0.0074
-8.8154,-2.9032,3.3249,0.0308,-0.0098,0.0074
-8.722,-2.841,3.301,0.0308,-0.0098,0.0074
-8.7891,-2.9846,3.277,0.0308,-0.0098,0.0074
-8.602,-3.186,3.107,0.0308,-0.0098,0.0074
-8.3171,-3.3225,3.011,0.0308,-0.0098,0.0074
-8.3267,-3.4949,2.9487,0.0308,-0.0098,0.0074
-8.5446,-3.5691,3.0253,0.0308,-0.0098,0.0074
-8.7891,-3.4278,3.0014,0.0308,-0.0098,0.0074
-8.6212,-3.1908,2.8984,0.0308,-0.0098,0.0074
-8.3626,-3.0397,2.9583,0.0308,-0.0098,0.0074
-8.1061,-3.0756,2.999,0.0308,-0.0098,0.0074
-7.9409,-3.1956,3.2866,0.0308,-0.0098,0.0074
-8.1109,-3.2722,3.6242,0.0308,-0.0098,0.0074
-8.0151,-3.265,3.8902,0.0308,-0.0098,0.0074
-7.814,-3.0541,4.0818,0.0308,-0.0098,0.0074
-7.8475,-3.0181,4.0794,0.0308,-0.0098,0.0074
-7.9026,-3.0541,4.0842,0.0308,-0.0098,0.0074
-8.0726,-3.0421,4.0722,0.0308,-0.0098,0.0074
-8.3387,-3.1022,3.8184,0.0308,-0.0098,0.0074
-8.602,-3.1645,3.6218,0.0308,-0.0098,0.0074
-8.7196,-3.1932,3.4063,0.0308,-0.0098,0.0074
-8.8585,-3.2411,3.5212,0.0308,-0.0098,0.0074
-9.0405,-3.3153,3.7059,0.0308,-0.0098,0.0074
-9.0093,-3.38,4.0123,0.0308,-0.0098,0.0074
-8.9231,-3.3441,4.3502,0.0308,-0.0098,0.0074
-8.8896,-3.2962,4.6088,0.0308,-0.0098,0.0074
-8.6858,-3.1812,4.6854,0.0308,-0.0098,0.0074
-8.6116,-3.1381,4.7117,0.0308,-0.0098,0.0074
-8.6092,-3.1118,4.5394,0.0308,-0.0098,0.0074
-8.6954,-3.0469,4.4292,0.0308,-0.0098,0.0074
-8.825,-3.119,4.1632,0.0308,-0.0098,0.0074
-8.9782,-3.1549,3.9932,0.0308,-0.0098,0.0074
-9.0548,-3.1358,3.725,0.0308,-0.0098,0.0074
-9.1985,-3.1549,3.6915,0.0308,-0.0098,0.0074
-9.1937,-3.1597,3.6074,0.0308,-0.0098,0.0074
-9.0955,-3.1597,3.6676,0.0308,-0.0098,0.0074
-8.9734,-3.0804,3.6987,0.0308,-0.0098,0.0074
-8.892,-3.1717,3.7466,0.0308,-0.0098,0.0074
-8.7172,-3.1836,3.804,0.0308,-0.0098,0.0074
-8.5278,-3.2315,3.7801,0.0308,-0.0098,0.0074
-8.4584,-3.2818,3.6628,0.0308,-0.0098,0.0074
-8.5709,-3.2962,3.5428,0.0308,-0.0098,0.0074
-8.6116,-3.2842,3.4518,0.0308,-0.0098,0.0074
-8.5134,-3.2219,3.3704,0.0308,-0.0098,0.0074
-8.4608,-3.1669,3.2579,0.0308,-0.0098,0.0074
-8.5086,-3.1286,3.2052,0.0308,-0.0098,0.0074
-8.7915,-3.131,3.2219,0.0308,-0.0098,0.0074
-8.9016,-3.0903,3.1884,0.0308,-0.0098,0.0074
-8.8705,-2.9846,3.1836,0.0308,-0.0098,0.0074
-8.88,-2.9607,3.1789,0.0308,-0.0098,0.0074
-9.0021,-3.011,3.1621,0.0308,-0.0098,0.0074
-8.9327,-3.0086,3.107,0.0308,-0.0098,0.0074
-8.8369,-2.987,3.1429,0.0308,-0.0098,0.0074
-8.7364,-3.0086,3.1334,0.0308,-0.0098,0.0074
-8.722,-2.9822,3.2459,0.0308,-0.0098,0.0074
-8.8753,-2.9918,3.2483,0.0308,-0.0098,0.0074
-8.9423,-2.9296,3.2291,0.0308,-0.0098,0.0074
-8.9088,-2.8984,3.1405,0.0308,-0.0098,0.0074
-8.9207,-2.8745,3.1046,0.0308,-0.0098,0.0074
-8.9614,-2.8314,3.0636,0.0308,-0.0098,0.0074
-9.0476,-2.8098,3.1262,0.0308,-0.0098,0.0074
-9.062,-2.8434,3.1214,0.0308,-0.0098,0.0074
-9.0524,-2.8218,3.186,0.0308,-0.0098,0.0074
-9.0883,-2.8362,3.2363,0.0308,-0.0098,0.0074
-8.9854,-2.7835,3.2818,0.0308,-0.0098,0.0074
-8.8824,-2.6303,3.2842,0.0308,-0.0098,0.0074
-8.8776,-2.6135,3.1405,0.0308,-0.0098,0.0074
-8.9974,-2.6111,3.0903,0.0308,-0.0098,0.0074
-8.9854,-2.592,2.9727,0.0308,-0.0098,0.0074
-9.0596,-2.592,2.9176,0.0308,-0.0098,0.0074
-9.1721,-2.592,2.7308,0.0308,-0.0098,0.0074
-9.1099,-2.6111,2.5992,0.0308,-0.0098,0.0074
-9.0859,-2.5848,2.6446,0.0308,-0.0098,0.0074
-9.1865,-2.5872,2.6662,0.0308,-0.0098,0.0074
-9.1889,-2.6159,2.7069,0.0308,-0.0098,0.0074
-9.1003,-2.5848,2.7213,0.0308,-0.0098,0.0074
-9.0045,-2.6279,2.726,0.0308,-0.0098,0.0074
-8.9854,-2.6925,2.7428,0.0308,-0.0098,0.0074
-9.129,-2.7572,2.8817,0.0308,-0.0098,0.0074
-9.1482,-2.75,2.7596,0.0308,-0.0098,0.0074
-8.9638,-2.7189,2.6255,0.0308,-0.0098,0.0074
-8.9016,-2.659,2.4768,0.0308,-0.0098,0.0074
-8.9926,-2.6973,2.4552,0.0308,-0.0098,0.0074
-9.05,-2.7189,2.4863,0.0308,-0.0098,0.0074
-9.0429,-2.6853,2.4361,0.0308,-0.0098,0.0074
-8.9471,-2.671,2.3139,0.0308,-0.0098,0.0074
-8.892,-2.659,2.2278,0.0308,-0.0098,0.0074
-8.8992,-2.6255,2.2349,0.0308,-0.0098,0.0074
-8.9255,-2.5824,2.3259,0.0308,-0.0098,0.0074
-8.9902,-2.5369,2.3786,0.0308,-0.0098,0.0074
-8.971,-2.5489,2.393,0.0308,-0.0098,0.0074
-8.8657,-2.5465,2.4337,0.0308,-0.0098,0.0074
-8.8465,-2.5585,2.4744,0.0308,-0.0098,0.0074
-8.9279,-2.5585,2.4744,0.0308,-0.0098,0.0074
-9.0309,-2.5297,2.4983,0.0308,-0.0098,0.0074
-9.2921,-2.5151,2.4959,0.0308,-0.0098,0.0074
-9.443,-2.5465,2.4959,0.0308,-0.0098,0.0074
-9.5818,-2.4959,2.5079,0.0308,-0.0098,0.0074
-9.7183,-2.4839,2.5222,0.0308,-0.0098,0.0074
-9.6154,-2.5079,2.4744,0.0308,-0.0098,0.0074
-9.3783,-2.5417,2.4983,0.0308,-0.0098,0.0074
-9.1865,-2.6279,2.4863,0.0308,-0.0098,0.0074
-9.0285,-2.6303,2.4959,0.0308,-0.0098,0.0074
-8.9351,-2.7021,2.4863,0.0308,-0.0098,0.0074
-8.7627,-2.7308,2.4265,0.0308,-0.0098,0.0074
-8.7579,-2.7787,2.4528,0.0308,-0.0098,0.0074
-8.7843,-2.7356,2.4696,0.0308,-0.0098,0.0074
-8.8393,-2.6015,2.592,0.0308,-0.0098,0.0074
-9.1626,-2.6087,2.5992,0.0308,-0.0098,0.0074
-9.3544,-2.6279,2.5896,0.0308,-0.0098,0.0074
-9.4693,-2.5489,2.5537,0.0308,-0.0098,0.0074
-9.6297,-2.5752,2.3307,0.0308,-0.0098,0.0074
-9.5459,-2.5848,2.0434,0.0308,-0.0098,0.0074
-9.273,-2.5561,1.8707,0.0308,-0.0098,0.0074
-9.0357,-2.5728,1.7821,0.0308,-0.0098,0.0074
-8.9375,-2.659,1.9042,0.0308,-0.0098,0.0074
-8.8657,-2.7117,2.1104,0.0308,-0.0098,0.0074
-8.88,-2.6686,2.2637,0.0308,-0.0098,0.0074
-8.9255,-2.7021,2.2589,0.0308,-0.0098,0.0074
-8.8872,-2.7093,2.2062,0.0308,-0.0098,0.0074
-8.8776,-2.6973,2.1775,0.0308,-0.0098,0.0074
-9.0285,-2.6853,2.2373,0.0308,-0.0098,0.0074
-9.2009,-2.6686,2.2517,0.0308,-0.0098,0.0074
-9.2802,-2.592,2.3092,0.0308,-0.0098,0.0074
-9.3137,-2.5151,2.2685,0.0308,-0.0098,0.0074
-9.3305,-2.4696,2.1918,0.0308,-0.0098,0.0074
-9.3185,-2.4911,2.1416,0.0308,-0.0098,0.0074
-9.3927,-2.5103,2.1583,0.0308,-0.0098,0.0074
-9.51,-2.4648,2.2134,0.0308,-0.0098,0.0074
-9.6393,-2.5007,2.2134,0.0308,-0.0098,0.0074
-9.6824,-2.4959,2.2086,0.0308,-0.0098,0.0074
-9.6872,-2.4456,2.2086,0.0308,-0.0098,0.0074
-9.7231,-2.4528,2.2182,0.0308,-0.0098,0.0074
-9.6561,-2.5103,2.1176,0.0308,-0.0098,0.0074
-9.364,-2.5656,1.9955,0.0308,-0.0098,0.0074
-9.0381,-2.6375,1.8971,0.0308,-0.0098,0.0074
-8.8154,-2.7189,1.8659,0.0308,-0.0098,0.0074
-8.6403,-2.7691,2.0338,0.0308,-0.0098,0.0074
-8.5422,-2.7691,2.1344,0.0308,-0.0098,0.0074
-8.4536,-2.7356,2.2589,0.0308,-0.0098,0.0074
-8.5996,-2.6303,2.3499,0.0308,-0.0098,0.0074
-8.916,-2.5872,2.3977,0.0308,-0.0098,0.0074
-9.1458,-2.5441,2.4289,0.0308,-0.0098,0.0074
-9.3209,-2.4959,2.3977,0.0308,-0.0098,0.0074
-9.364,-2.5246,2.3235,0.0308,-0.0098,0.0074
-9.2583,-2.4408,2.4073,0.0308,-0.0098,0.0074
-9.3879,-2.4265,2.4983,0.0308,-0.0098,0.0074
-9.5603,-2.4073,2.6207,0.0308,-0.0098,0.0074
-9.5268,-2.3714,2.4672,0.0308,-0.0098,0.0074
-9.3209,-2.3714,2.3259,0.0308,-0.0098,0.0074
-9.1578,-2.3858,2.2038,0.0308,-0.0098,0.0074
-9.1841,-2.4337,2.1799,0.0308,-0.0098,0.0074
-9.2416,-2.4241,2.29,0.0308,-0.0098,0.0074
-9.3879,-2.4361,2.4289,0.0308,-0.0098,0.0074
-9.4573,-2.4911,2.4576,0.0308,-0.0098,0.0074
-9.3831,-2.4959,2.4768,0.0308,-0.0098,0.0074
-9.3927,-2.5175,2.4265,0.0308,-0.0098,0.0074
-9.3903,-2.5345,2.3451,0.0308,-0.0098,0.0074
-9.3448,-2.5704,2.2685,0.0308,-0.0098,0.0074
-9.2057,-2.6087,2.1894,0.0308,-0.0098,0.0074
-9.1554,-2.5944,2.1751,0.0308,-0.0098,0.0074
-9.2104,-2.5896,2.1104,0.0308,-0.0098,0.0074
-9.1602,-2.5872,2.0602,0.0308,-0.0098,0.0074
-9.1195,-2.5656,2.0171,0.0308,-0.0098,0.0074
-9.2296,-2.5465,2.0266,0.0308,-0.0098,0.0074
-9.3568,-2.5992,2.0099,0.0308,-0.0098,0.0074
-9.352,-2.6015,1.9593,0.0308,-0.0098,0.0074
-9.2658,-2.6327,1.921,0.0308,-0.0098,0.0074
-9.1985,-2.6375,1.9306,0.0308,-0.0098,0.0074
-9.1745,-2.6207,1.9668,0.0308,-0.0098,0.0074
-9.1913,-2.6662,1.974,0.0308,-0.0098,0.0074
-9.1386,-2.6542,1.9641,0.0308,-0.0098,0.0074
-9.1147,-2.6015,2.0314,0.0308,-0.0098,0.0074
-9.2009,-2.6303,2.041,0.0308,-0.0098,0.0074
-9.2921,-2.6542,2.0626,0.0308,-0.0098,0.0074
-9.2464,-2.6087,1.9907,0.0308,-0.0098,0.0074
-9.165,-2.5824,1.8564,0.0308,-0.0098,0.0074
-9.1099,-2.6015,1.7582,0.0308,-0.0098,0.0074
-9.1003,-2.6111,1.8587,0.0308,-0.0098,0.0074
-9.0955,-2.6255,1.9883,0.0308,-0.0098,0.0074
-9.0093,-2.5728,2.1368,0.0308,-0.0098,0.0074
-9.0692,-2.5246,2.1823,0.0308,-0.0098,0.0074
-9.1889,-2.5872,2.1464,0.0308,-0.0098,0.0074
-9.2224,-2.472,2.1727,0.0308,-0.0098,0.0074
-9.4478,-2.4384,2.1535,0.0308,-0.0098,0.0074
-9.5124,-2.5103,1.9955,0.0308,-0.0098,0.0074
-9.3424,-2.4887,1.9042,0.0308,-0.0098,0.0074
-9.22,-2.4887,1.8923,0.0308,-0.0098,0.0074
-9.1937,-2.4959,2.053,0.0308,-0.0098,0.0074
-9.1721,-2.5417,2.2661,0.0308,-0.0098,0.0074
-9.153,-2.5608,2.4169,0.0308,-0.0098,0.0074
-9.232,-2.5369,2.3906,0.0308,-0.0098,0.0074
-9.3328,-2.4672,2.2685,0.0308,-0.0098,0.0074
-9.455,-2.3738,2.1368,0.0308,-0.0098,0.0074
-9.5387,-2.4289,1.9258,0.0308,-0.0098,0.0074
-9.431,-2.4289,1.8635,0.0308,-0.0098,0.0074
-9.3735,-2.448,1.8755,0.0308,-0.0098,0.0074
-9.3352,-2.472,1.854,0.0308,-0.0098,0.0074
-9.2488,-2.4887,1.8683,0.0308,-0.0098,0.0074
-9.1841,-2.5246,1.909,0.0308,-0.0098,0.0074
-9.208,-2.5151,2.0003,0.0308,-0.0098,0.0074
-9.3161,-2.5175,2.0362,0.0308,-0.0098,0.0074
-9.3568,-2.5273,2.0171,0.0308,-0.0098,0.0074
-9.2802,-2.5007,1.9716,0.0308,-0.0098,0.0074
-9.2607,-2.5127,2.0051,0.0308,-0.0098,0.0074
-9.3089,-2.5489,2.0219,0.0308,-0.0098,0.0074
-9.2874,-2.5561,2.0578,0.0308,-0.0098,0.0074
-9.2296,-2.5561,2.0362,0.0308,-0.0098,0.0074
-9.2176,-2.5824,2.0027,0.0308,-0.0098,0.0074
-9.2009,-2.5944,2.0482,0.0308,-0.0098,0.0074
-9.2272,-2.592,2.041,0.0308,-0.0098,0.0074
-9.2631,-2.6063,2.0937,0.0308,-0.0098,0.0074
-9.2488,-2.6111,2.0985,0.0308,-0.0098,0.0074
-9.2464,-2.6111,2.0626,0.0308,-0.0098,0.0074
-9.2009,-2.6159,2.0003,0.0308,-0.0098,0.0074
-9.129,-2.6183,1.9716,0.0308,-0.0098,0.0074
-9.1362,-2.6303,1.9788,0.0308,-0.0098,0.0074
-9.208,-2.6183,1.9859,0.0308,-0.0098,0.0074
-9.2464,-2.6039,2.0697,0.0308,-0.0098,0.0074
-9.3281,-2.592,2.1152,0.0308,-0.0098,0.0074
-9.3855,-2.5824,2.1176,0.0308,-0.0098,0.0074
-9.3592,-2.5752,2.0362,0.0308,-0.0098,0.0074
-9.2778,-2.6087,1.9042,0.0308,-0.0098,0.0074
-9.2033,-2.6351,1.83,0.0308,-0.0098,0.0074
-9.1386,-2.6542,1.8013,0.0308,-0.0098,0.0074
-9.1147,-2.6446,1.8611,0.0308,-0.0098,0.0074
-9.1889,-2.6446,1.9641,0.0308,-0.0098,0.0074
-9.2631,-2.6375,2.0123,0.0308,-0.0098,0.0074
-9.2511,-2.6183,2.0482,0.0308,-0.0098,0.0074
-9.3041,-2.5992,2.0242,0.0308,-0.0098,0.0074
-9.3568,-2.568,1.9716,0.0308,-0.0098,0.0074
-9.352,-2.58,1.9402,0.0308,-0.0098,0.0074
-9.2921,-2.5537,1.9812,0.0308,-0.0098,0.0074
-9.3209,-2.5561,2.0721,0.0308,-0.0098,0.0074
-9.3161,-2.5776,2.0434,0.0308,-0.0098,0.0074
-9.2368,-2.5752,1.9835,0.0308,-0.0098,0.0074
-9.2009,-2.568,1.9859,0.0308,-0.0098,0.0074
-9.2607,-2.5489,2.0147,0.0308,-0.0098,0.0074
-9.3017,-2.5704,2.053,0.0308,-0.0098,0.0074
-9.2176,-2.5848,2.0434,0.0308,-0.0098,0.0074
-9.1937,-2.6015,2.0697,0.0308,-0.0098,0.0074
-9.2296,-2.6279,2.1176,0.0308,-0.0098,0.0074
-9.232,-2.6135,2.1751,0.0308,-0.0098,0.0074
-9.3113,-2.6207,2.1464,0.0308,-0.0098,0.0074
-9.2945,-2.6255,2.0386,0.0308,-0.0098,0.0074
-9.2128,-2.6494,2.0027,0.0308,-0.0098,0.0074
-9.2176,-2.6758,1.9812,0.0308,-0.0098,0.0074
-9.22,-2.683,2.0075,0.0308,-0.0098,0.0074
-9.1841,-2.6734,2.0075,0.0308,-0.0098,0.0074
-9.1506,-2.6949,2.0075,0.0308,-0.0098,0.0074
-9.1147,-2.7021,2.0338,0.0308,-0.0098,0.0074
-9.1434,-2.6877,1.9907,0.0308,-0.0098,0.0074
-9.1817,-2.6686,1.9282,0.0308,-0.0098,0.0074
-9.1745,-2.6566,1.8899,0.0308,-0.0098,0.0074
-9.1913,-2.6446,1.8923,0.0308,-0.0098,0.0074
-9.2898,-2.6351,1.921,0.0308,-0.0098,0.0074
-9.3352,-2.6039,2.0602,0.0308,-0.0098,0.0074
-9.3544,-2.6087,2.0913,0.0308,-0.0098,0.0074
-9.3496,-2.5968,2.108,0.0308,-0.0098,0.0074
-9.3424,-2.5728,2.0554,0.0308,-0.0098,0.0074
-9.3281,-2.58,1.9449,0.0308,-0.0098,0.0074
-9.3017,-2.5872,1.8348,0.0308,-0.0098,0.0074
-9.208,-2.5944,1.8133,0.0308,-0.0098,0.0074
-9.1362,-2.6207,1.8587,0.0308,-0.0098,0.0074
-9.1099,-2.6494,1.9812,0.0308,-0.0098,0.0074
-9.1961,-2.647,2.0985,0.0308,-0.0098,0.0074
-9.2682,-2.6279,2.1823,0.0308,-0.0098,0.0074
-9.364,-2.6063,2.1894,0.0308,-0.0098,0.0074
-9.4286,-2.6207,2.0913,0.0308,-0.0098,0.0074
-9.4262,-2.6375,2.0266,0.0308,-0.0098,0.0074
-9.4142,-2.6015,2.0171,0.0308,-0.0098,0.0074
-9.4334,-2.5513,1.9835,0.0308,-0.0098,0.0074
-9.4262,-2.6255,1.9042,0.0308,-0.0098,0.0074
-9.1745,-2.7308,1.8396,0.0308,-0.0098,0.0074
-8.8513,-2.8194,1.8611,0.0308,-0.0098,0.0074
-8.7124,-2.8817,1.9545,0.0308,-0.0098,0.0074
-8.746,-2.829,2.1009,0.0308,-0.0098,0.0074
-8.9495,-2.7356,2.1871,0.0308,-0.0098,0.0074
-9.2392,-2.683,2.0673,0.0308,-0.0098,0.0074
-9.4286,-2.6446,1.8923,0.0308,-0.0098,0.0074
-9.455,-2.6159,1.6959,0.0308,-0.0098,0.0074
-9.3975,-2.6399,1.5882,0.0308,-0.0098,0.0074
-9.2874,-2.6853,1.6648,0.0308,-0.0098,0.0074
-9.1889,-2.7045,1.9473,0.0308,-0.0098,0.0074
-9.1554,-2.7213,2.1799,0.0308,-0.0098,0.0074
-9.1314,-2.671,2.2948,0.0308,-0.0098,0.0074
-9.1721,-2.5944,2.3092,0.0308,-0.0098,0.0074
-9.3065,-2.5752,2.2206,0.0308,-0.0098,0.0074
-9.4358,-2.568,2.0697,0.0308,-0.0098,0.0074
-9.4813,-2.5127,1.9545,0.0308,-0.0098,0.0074
-9.51,-2.4744,1.9354,0.0308,-0.0098,0.0074
-9.5842,-2.4863,1.9473,0.0308,-0.0098,0.0074
-9.4813,-2.5896,1.9569,0.0308,-0.0098,0.0074
-9.2464,-2.671,2.0171,0.0308,-0.0098,0.0074
-9.1219,-2.7213,2.0889,0.0308,-0.0098,0.0074
-9.0955,-2.7835,2.1607,0.0308,-0.0098,0.0074
-9.0596,-2.7452,2.1727,0.0308,-0.0098,0.0074
-9.1099,-2.7476,2.0961,0.0308,-0.0098,0.0074
-9.2535,-2.7356,1.9907,0.0308,-0.0098,0.0074
-9.3281,-2.6686,1.8587,0.0308,-0.0098,0.0074
-9.3257,-2.6901,1.7893,0.0308,-0.0098,0.0074
-9.2104,-2.7332,1.7295,0.0308,-0.0098,0.0074
-9.1099,-2.7907,1.7773,0.0308,-0.0098,0.0074
-9.0668,-2.8146,1.8276,0.0308,-0.0098,0.0074
-9.0596,-2.7931,1.909,0.0308,-0.0098,0.0074
-9.1697,-2.7979,1.9138,0.0308,-0.0098,0.0074
-9.2368,-2.7883,2.0147,0.0308,-0.0098,0.0074
-9.2607,-2.7644,2.0769,0.0308,-0.0098,0.0074
-9.2416,-2.7596,2.1775,0.0308,-0.0098,0.0074
-9.1985,-2.7572,2.1559,0.0308,-0.0098,0.0074
-9.1386,-2.7715,2.0817,0.0308,-0.0098,0.0074
-9.0859,-2.7452,2.0434,0.0308,-0.0098,0.0074
-9.1745,-2.7284,1.9617,0.0308,-0.0098,0.0074
-9.2511,-2.7165,1.9378,0.0308,-0.0098,0.0074
-9.3137,-2.6686,1.921,0.0308,-0.0098,0.0074
-9.364,-2.6446,1.9473,0.0308,-0.0098,0.0074
-9.3328,-2.6614,1.9641,0.0308,-0.0098,0.0074
-9.232,-2.7332,1.9812,0.0308,-0.0098,0.0074
-9.0764,-2.7907,2.0434,0.0308,-0.0098,0.0074
