bicicleta
2.193,-5.365,7.462,-0.0697,0.1159,-0.1706
2.248,-4.879,7.912,-0.0632,0.0637,-0.1717
2.955,-4.788,8.4349,-0.0228,0.1116,-0.1461
3.6829,-4.906,8.799,0.0037,0.1786,-0.1068
4.093,-5.0299,9.048,-0.0005,0.1574,-0.0972
4.2529,-5.32,9.024,-0.0059,0.1626,-0.1005
4.162,-5.722,8.145,-0.0239,0.1254,-0.0823
3.072,-5.49,7.398,-0.0558,0.0285,-0.0695
2.7079,-4.513,6.904,-0.0824,-0.0767,-0.0897
2.514,-3.976,7.623,-0.0899,-0.0522,-0.0877
2.814,-3.991,8.0059,-0.0472,0.1414,-0.0547
3.417,-4.2569,8.035,-0.0239,0.1179,-0.0035
3.726,-4.594,8.2429,-0.0068,0.1084,0.04
3.856,-5.1619,8.128,0.0016,0.1531,0.0719
3.2809,-5.277,7.524,-0.027,0.1051,0.0857
2.842,-4.657,6.9469,-0.06,-0.0362,0.0581
2.469,-4.005,7.378,-0.0697,-0.0405,0.0283
2.926,-3.7609,7.7089,-0.0622,0.0604,0.0303
3.3379,-4.161,7.812,-0.0505,0.0732,0.0591
3.87,-4.6969,7.443,-0.027,0.0701,0.075
4.069,-5.011,7.057,-0.0303,-0.0053,0.0708
3.8629,-4.836,6.636,-0.0708,-0.0416,0.0463
3.403,-4.513,6.5419,-0.1357,-0.0724,0.0133
2.7559,-4.182,6.9229,-0.1963,-0.0468,-0.0259
2.43,-4.041,7.2469,-0.2239,-0.034,-0.0643
2.409,-3.849,7.5439,-0.1878,-0.0554,-0.0812
2.845,-3.96,8.02,-0.1218,-0.0607,-0.0823
3.594,-4.3789,8.169,-0.0877,-0.0459,-0.0589
4.327,-5.049,8.157,-0.1058,-0.0756,-0.0408
4.354,-5.751,8.1379,-0.157,-0.0607,-0.0376
4.026,-5.811,7.527,-0.2123,-0.0948,-0.0493
3.2179,-5.4709,7.4119,-0.2675,-0.1937,-0.0908
2.6869,-4.92,7.213,-0.2846,-0.1927,-0.127
2.5549,-4.3,7.314,-0.2761,-0.2491,-0.1409
2.9809,-4.2469,8.049,-0.2431,-0.1927,-0.1409
3.93,-5.013,8.425,-0.2069,-0.0841,-0.109
4.21,-5.895,8.346,-0.1931,-0.0681,-0.0803
4.059,-6.1369,7.654,-0.1984,-0.1438,-0.1036
3.4789,-5.6839,7.254,-0.2271,-0.2161,-0.1526
3.187,-4.819,7,-0.2761,-0.231,-0.1941
3.024,-4.072,7.1989,-0.324,-0.2289,-0.2121
3.118,-3.804,7.3639,-0.3335,-0.1501,-0.211
3.147,-4.0579,7.321,-0.3187,-0.1321,-0.1856
3.039,-4.35,7,-0.3027,-0.1714,-0.1611
2.869,-4.443,6.88,-0.2985,-0.2884,-0.1472
2.5789,-4.3399,7.302,-0.2963,-0.3214,-0.1409
2.859,-4.1579,7.5919,-0.2963,-0.3161,-0.1302
2.9839,-4.23,7.546,-0.2888,-0.2619,-0.0972
3.475,-4.2949,6.8659,-0.2686,-0.1714,-0.0504
3.2299,-4.503,6.9139,-0.2985,-0.1757,-0.0109
3.0559,-4.5799,7.045,-0.3719,-0.2012,0.0123
2.917,-4.635,7.35,-0.4357,-0.298,0.024
3.099,-4.714,7.366,-0.4347,-0.2469,0.0251
3.427,-4.951,7.539,-0.3975,-0.181,0.04
3.384,-5.284,7.2709,-0.3676,-0.0926,0.0666
3.321,-5.2309,7.048,-0.357,-0.1011,0.0804
2.9839,-5.167,7.453,-0.3995,-0.148,0.0783
2.9479,-5.1379,7.738,-0.4134,-0.1128,0.0815
2.883,-5.2699,8.152,-0.4188,-0.1086,0.0974
3.171,-5.571,8.1739,-0.4229,-0.1043,0.1187
3.214,-6.091,7.774,-0.4219,-0.1501,0.1379
2.859,-6.4429,7.2319,-0.4102,-0.1586,0.1538
2.929,-6.1939,7.1509,-0.4262,-0.2662,0.1709
3.103,-5.878,7.431,-0.4422,-0.3246,0.1794
3.264,-5.6359,7.692,-0.3953,-0.1991,0.1911
3.3139,-5.574,7.7659,-0.3719,-0.148,0.2113
3.321,-5.586,7.5679,-0.3943,-0.232,0.2358
2.967,-5.761,7.1959,-0.4155,-0.2864,0.2496
2.4109,-5.868,6.229,-0.4112,-0.2448,0.2752
2.263,-5.562,6.1069,-0.4442,-0.3044,0.304
2.3299,-5.2189,6.66,-0.507,-0.3034,0.3337
2.383,-4.9939,6.358,-0.4709,-0.1618,0.3731
2.524,-4.7809,5.7349,-0.3889,-0.0895,0.4167
2.8399,-4.53,5.9149,-0.3943,-0.1575,0.4593
2.926,-4.3789,6.0589,-0.4516,-0.215,0.4838
2.83,-4.41,6.013,-0.4624,-0.1703,0.4965
2.818,-4.51,6.444,-0.4718,-0.1597,0.5189
2.9689,-4.762,7.156,-0.4879,-0.1927,0.538
3.168,-5.313,7.8649,-0.457,-0.2224,0.5476
3.417,-6.369,8.0659,-0.3858,-0.2459,0.5647
3.7429,-7.284,7.1869,-0.307,-0.3066,0.5806
3.5389,-7.78,5.2489,-0.2516,-0.3129,0.588
3.345,-7.38,3.331,-0.2623,-0.2523,0.6072
2.917,-5.962,2.6839,-0.3559,-0.1842,0.6168
2.596,-3.885,3.108,-0.5017,-0.0416,0.5869
2.5909,-1.596,3.1609,-0.6635,0.018,0.5667
2.4379,0.585,2.6479,-0.7666,-0.0021,0.5838
2.1119,2.1679,1.8289,-0.8241,-0.0214,0.6188
1.441,3.169,0.9409,-0.9541,-0.1874,0.6615
0.0499,3.9769,0.885,-1.1636,-0.4045,0.7158
-1.789,3.648,3.8119,-1.3349,-0.231,0.8903
-5.053,0.168,13.3159,-1.3435,0.2861,1.2702
-3.877,-8.103,18.166,-1.0062,0.3862,1.7235
1.8199,-19.008,8.667,-0.0643,-0.2608,2.0109
2.974,-25.4569,5.656,0.3783,-0.6694,1.8598
5.4049,-26.9689,12.583,-0.3793,-0.4609,1.448
13.246,-23.953,13.5979,-0.8412,-0.0203,1.3341
17.2819,-18.016,8.3839,-0.3027,-0.0171,1.2787
12.1969,-12.3469,7.8049,0.2516,0.0052,0.9392
4.155,-8.386,8.229,0.2091,0.2989,0.4657
-0.352,-6.769,9.079,0.0962,0.5831,0.2167
-2.509,-5.5759,9.4069,0.1346,0.6692,0.1911
-3.355,-4.4599,7.56,0.2208,0.368,0.0932
-4.1569,-5.0899,5.362,0.2293,0.0829,-0.045
-3.697,-8.1199,6.796,0.0771,-0.2523,-0.0131
-1.86,-12.4999,8.808,-0.0856,-0.5428,0.2496
0.6919,-15.6619,6.25,0.0803,-0.3321,0.5103
2.8879,-16.165,5.728,0.3144,-0.1139,0.5572
4.6819,-14.083,5.893,0.2495,-0.3459,0.4316
5.712,-10.654,3.6829,0.258,-0.5246,0.2465
5.635,-7.3099,0.883,0.3793,-0.3821,0.0507
4.3489,-4.6009,-0.733,0.3144,-0.2385,-0.1344
3.022,-2.6299,-1.899,0.1016,0.0211,-0.2568
1.5709,-1.2409,-3.214,-0.1175,0.4437,-0.2941
0.1669,-0.0199,-3.537,-0.3218,0.9257,-0.3122
-2.4229,1.498,-2.6029,-0.5847,1.131,-0.3781
-5.886,4.276,-0.529,-0.8486,0.7565,-0.4921
-8.487,7.239,1.776,-0.9508,0.0552,-0.4186
-9.45,9.595,1.666,-0.7816,-0.6641,-0.0057
-10.1689,11.5849,3.858,-0.4464,-1.0217,0.571
-7.285,9.646,15.864,-0.2069,-0.4705,1.0436
4.722,-3.2149,25.822,0.1698,0.384,1.4266
6.835,-25.738,29.0029,0.7933,-0.0692,1.3404
3.058,-42.091,24.96,1.2233,-2.0997,0.5977
10.015,-44.761,17.988,1.5819,-3.2225,0.3817
15.673,-32.46,-2.0089,1.7341,-3.5407,0.3273
12.873,-13.741,-5.4889,1.9874,-3.4013,-0.2462
5.985,1.158,-4.2319,1.8704,-2.2158,-1.0911
4.279,10.405,1.17,1.5915,-2.0455,-1.6988
4.083,16.7849,3.664,1.3243,-2.0413,-1.5721
6.073,17.4479,-0.055,1.7256,-1.1802,-0.9677
9.151,14.424,7.4569,2.0087,0.1563,-0.2303
9.838,2.4169,12.159,1.6351,1.1418,0.3251
6.0589,-12.45,7.687,1.2988,0.6692,0.6934
3.166,-23.455,4.7389,0.7933,-0.0906,0.8179
2.1119,-31.114,4.6549,0.1909,-0.1438,0.7605
1.3,-30.705,7.905,-0.2708,-0.1692,0.5168
3.4939,-20.8159,10.0369,-0.54,-0.4353,0.0538
9,-10.4959,8.284,-0.4507,-0.5439,-0.3579
11.493,-3.4519,6.66,-0.192,0.0445,-0.5325
10.842,0.271,8.0539,-0.1644,0.6489,-0.5069
7.407,-0.1129,9.148,-0.3293,0.7544,-0.275
2.1499,-2.3119,6.751,-0.3005,0.5351,-0.0354
-2.064,-4.4389,6.181,-0.0441,0.3128,0.0677
-3.465,-5.6119,8.265,0.0472,0.1424,0.1134
-1.717,-6.438,8.578,0.0292,0.1222,0.1241
2.598,-7.828,5.7829,0.3113,1.0236,0.2827
5.736,-8.6659,4.303,0.4188,1.576,0.5018
5.92,-9.025,6.298,-0.0048,1.2652,0.4646
4.4329,-8.812,7.101,-0.439,0.9002,0.24
2.601,-7.9759,6.432,-0.5347,0.6905,-0.0428
1.516,-6.783,6.804,-0.4868,0.599,-0.3079
2.802,-5.239,5.872,-0.4804,0.4235,-0.5026
3.6499,-4.9459,3.036,-0.3389,0.6597,-0.5516
2.842,-4.822,1.4269,-0.1505,1.2747,-0.4697
0.862,-4.209,4.006,-0.2931,1.3472,-0.4548
-0.919,-3.636,5.496,-0.5432,1.1918,-0.4845
-2.965,-2.958,4.444,-0.5176,0.948,-0.4835
-4.782,-2.542,4.543,-0.3517,0.6703,-0.4515
-3.882,-2.338,5.067,-0.3602,0.0721,-0.3983
-0.102,-2.9059,3.994,-0.3218,-0.3353,-0.326
2.886,-5.224,5.034,0.0079,0.1403,-0.2047
4.806,-8.4379,7.659,0.2484,0.582,-0.0738
5.7379,-10.761,6.892,0.1984,0.1318,-0.0727
4.9279,-11.5759,4.5859,0.159,-0.1566,-0.1643
4.279,-10.251,4.6699,0.0494,-0.2832,-0.2387
3.903,-8.0239,5.92,-0.1357,-0.4992,-0.3441
4.1189,-5.938,4.828,-0.0153,-0.2597,-0.425
2.9209,-4.767,4.267,0.2655,0.0721,-0.4633
1.908,-4.609,5.7589,0.3027,0.1073,-0.4633
2.737,-4.9009,8.248,0.1292,-0.2363,-0.4142
4.519,-5.215,8.152,0.1431,-0.1575,-0.3334
5.635,-5.4469,6.202,0.3293,0.0903,-0.2802
4.243,-6.1729,6.346,0.3825,0.1893,-0.2015
2.9689,-6.711,7.386,0.2655,0.0712,-0.0855
2.83,-6.9559,8.212,0.1505,-0.1236,-0.0109
3.24,-7.4899,7.8169,0.2069,0.1531,0.0314
3.343,-8.4739,8.0419,0.2612,0.3,0.0613
2.991,-9.645,8.7889,0.2154,0.1329,0.0889
2.373,-10.263,8.4439,0.2441,0.0871,0.1497
1.956,-10.033,7.92,0.3591,0.1839,0.2252
1.9249,-9.2209,7.536,0.4092,0.2371,0.2912
1.743,-8.122,5.7709,0.4177,0.1904,0.321
1.789,-6.8959,4.521,0.4177,0.1531,0.3082
2.133,-5.8249,5.292,0.2931,0.0552,0.2827
2.512,-5.3149,6.222,0.1995,0.1042,0.2721
3.108,-5.131,5.7859,0.2356,0.218,0.273
3.4909,-4.81,4.818,0.2452,0.1127,0.2337
2.974,-4.525,4.5829,0.1942,0.0393,0.1677
2.589,-4.0699,5.2009,0.1218,0.0797,0.1187
2.7949,-4.0699,6.516,0.0133,0.0721,0.0677
2.593,-5.368,6.873,-0.0175,0.3148,0.0655
1.8889,-6.709,6.2719,-0.0164,0.3467,0.0655
1.5199,-7.188,5.929,-0.1494,-0.0778,-0.0098
2.1619,-6.747,5.374,-0.2452,-0.2639,-0.0759
2.172,-5.871,5.455,-0.2325,-0.1405,-0.1121
1.714,-4.975,6.0469,-0.2771,-0.1193,-0.1568
2.5429,-4.1659,6.4849,-0.4112,-0.4173,-0.1951
4.7299,-3.928,5.9749,-0.4507,-0.5087,-0.1919
6.6649,-4.8649,5.0479,-0.3719,-0.2597,-0.1493
5.5249,-6.441,4.5709,-0.34,0.0467,-0.1259
3.508,-6.577,3.4579,-0.4229,0.0009,-0.2004
2.404,-5.2219,3.051,-0.6007,-0.4023,-0.3612
0.9649,-3.73,3.678,-0.6869,-0.2864,-0.4431
0.1939,-2.685,4.0489,-0.6901,0.0903,-0.4101
2.1379,-2.2969,3.898,-0.8082,-0.0118,-0.326
3.681,-3.418,5.8579,-0.9168,0.0488,-0.2164
5.3209,-6.417,8.322,-0.8167,0.7426,-0.0567
6.231,-10.012,10.0819,-0.7954,0.847,0.0516
5.197,-13.485,10.801,-0.821,0.6373,0.0017
3.4699,-15.3859,10.02,-0.7688,0.366,-0.1174
2.0659,-15.1039,9.0289,-0.7379,-0.0426,-0.2568
2.0779,-11.6959,7.8619,-0.6656,-0.2576,-0.3621
2.6509,-7.509,7.4089,-0.4911,-0.0906,-0.4324
2.478,-5.112,7.932,-0.2527,0.4446,-0.4068
1.774,-4.41,8.25,-0.1143,0.716,-0.2898
1.8529,-5.361,8.178,-0.1143,0.483,-0.2132
2.124,-7.047,8.3749,-0.1218,0.3213,-0.1876
2.395,-8.692,8.013,0.0207,0.4617,-0.1526
2.3299,-9.844,7.407,0.2399,0.4745,-0.0727
2.16,-10.06,7.603,0.3878,0.3712,-0.0152
4.3579,-9.375,7.5439,0.4336,0.2659,-0.0589
6.0679,-9.3199,10.1059,0.4464,0.3851,-0.1654
6.351,-9.442,11.8789,0.6007,0.7437,-0.3079
5.958,-9.255,10.257,0.8806,0.3914,-0.5665
4.378,-8.992,7.251,1.2159,-0.1128,-0.8709
2.488,-8.239,5.307,1.4829,-0.2587,-1.073
1.494,-7.2,5.529,1.468,-0.363,-1.1444
2.284,-5.797,5.014,1.3223,-0.512,-1.171
3.6229,-4.9579,5.901,1.3755,-0.3544,-1.2039
5.5579,-4.9969,8.727,1.6297,0.2681,-1.172
7.458,-5.904,11.059,1.914,0.567,-1.1433
6.6,-7.387,11.392,2.2651,0.5915,-1.2124
4.5169,-8.2039,9.529,2.5887,0.384,-1.3848
2.773,-8.383,8.5399,2.6749,0.0328,-1.5945
1.647,-7.5979,8.466,2.6547,0.1637,-1.7467
3.2899,-6.235,8.676,2.7472,0.5288,-1.8808
5.7949,-4.752,9.345,2.9706,0.8331,-1.9266
7.932,-3.921,9.912,3.2441,1.1842,-1.8319
9.496,-4.309,10.063,3.3985,1.3737,-1.6201
9.405,-5.902,9.69,3.3187,1.2652,-1.4498
7.6609,-6.762,9.0859,3.1175,0.9022,-1.4818
4.825,-5.698,7.4329,2.9814,0.5703,-1.6381
2.8999,-3.859,5.884,3.0771,0.7713,-1.7084
1.027,-1.66,6.169,3.2665,1.3375,-1.6222
-0.706,0.4099,6.952,3.3581,1.4781,-1.4412
-0.826,1.423,6.8419,3.34,1.2258,-1.1219
-1.1059,1.047,5.941,3.2857,1.3365,-0.6857
-1.1659,-0.0769,5.788,3.0431,1.3365,-0.3718
-0.462,-1.9909,5.175,2.4503,0.615,-0.2494
-0.7009,-2.4529,2.8849,1.8214,-0.0331,-0.2217
-1.278,-1.047,1.3429,1.3021,-0.2725,-0.3356
-1.1659,0.999,1.1869,0.8519,-0.2799,-0.3931
-0.1099,2.6659,1.453,0.4602,-0.2246,-0.3217
0.792,3.078,0.79,0.0888,-0.1671,-0.1652
0.847,3.342,0.811,-0.3368,-0.2118,0.0197
0.4309,3.955,1.321,-0.8742,-0.43,0.1666
0.7639,4.6279,1.623,-1.402,-0.7365,0.256
1.585,5.0419,1.312,-1.8565,-1.0228,0.3134
1.8169,5.083,1.1629,-2.2503,-1.343,0.3806
0.9529,5.3509,2.73,-2.5865,-1.705,0.4519
0.802,5.3029,5.5729,-2.8345,-2.0295,0.5413
1.671,4.149,6.9139,-2.8909,-2.1487,0.7616
3.046,1.89,5.302,-2.7333,-2.005,1.068
3.585,-0.832,1.834,-2.5939,-1.756,1.3607
2.253,-2.8579,0.088,-2.6269,-1.5186,1.5916
0.153,-4.3519,2.995,-2.8813,-1.4016,1.7194
-0.759,-5.6359,7.845,-3.1123,-1.3751,1.7928
1.693,-7.152,10.135,-3.0036,-1.3996,1.8449
4.924,-8.2829,8.602,-2.5546,-1.2846,1.831
7.3639,-7.9069,5.1649,-2.1587,-1.1239,1.6799
8.5549,-7.0519,4.672,-2.1311,-1.044,1.547
8.2429,-6.759,7.7569,-2.229,-0.4918,1.5948
6.804,-6.573,10.039,-2.2045,0.1648,1.7033
4.7749,-6.307,9.627,-2.0299,0.3702,1.7161
2.8759,-6.388,7.4119,-1.8161,0.3063,1.6885
1.995,-6.4819,6.801,-1.7841,0.1137,1.7129
2.344,-6.474,8.1109,-1.9395,0.0371,1.7598
3.178,-7.011,9.697,-1.932,0.4437,1.7821
4.8589,-8.086,10.4749,-1.7501,0.9257,1.7428
6.306,-9.442,10.7359,-1.6308,1.0001,1.613
6.61,-11.1949,10.401,-1.519,0.9895,1.4213
5.7019,-12.642,10.885,-1.3499,1.0044,1.2542
5.551,-13.374,11.5669,-1.3116,0.6033,1.1191
5.439,-12.448,12.106,-1.3499,-0.0884,0.9414
5.034,-10.884,14.154,-1.2552,-0.3438,0.6509
5.6419,-10.6939,15.933,-0.9359,-0.1469,0.4688
7.915,-11.758,14.76,-0.4357,-0.0703,0.489
9.484,-13.111,12.4129,0.091,-0.0277,0.5168
8.6959,-13.1179,10.837,0.4433,0.0499,0.3837
7.2229,-10.881,8.679,0.4698,-0.2756,0.0314
6.073,-7.744,6.351,0.3304,-0.7024,-0.4025
5.4649,-5.296,4.4419,0.2463,-0.711,-0.6836
4.725,-3.538,4.246,0.1909,-0.5417,-0.791
3.8389,-3.0019,5.089,0.1835,-0.3533,-0.8155
4.1479,-3.4999,4.7629,0.2506,-0.3396,-0.8677
5.479,-4.419,4.5259,0.3048,-0.4268,-1.0146
6.8089,-5.931,6.502,0.375,0.0052,-1.1433
7.791,-7.78,8.827,0.474,0.6671,-1.1677
7.1989,-9.2599,11.134,0.6326,0.93,-1.1657
5.781,-9.981,11.275,0.8178,0.6916,-1.2093
3.9109,-9.1639,9.0739,0.9296,-0.0565,-1.2955
1.966,-7.866,7.917,0.9263,-0.6524,-1.4051
1.71,-7.416,7.728,1.0275,-0.6205,-1.4445
2.3629,-7.159,7.086,1.3349,-0.3023,-1.4742
2.083,-6.7039,6.085,1.7745,0.2638,-1.5551
2.833,-6.4789,6.3889,2.1768,0.9981,-1.5391
5.649,-6.477,9.582,2.4035,1.4525,-1.3913
8.6579,-6.69,13.033,2.5822,1.6504,-1.3083
9.714,-7.8919,15.6649,2.9005,1.6856,-1.3743
7.47,-8.4619,12.547,3.2474,1.3227,-1.5413
3.738,-7.339,6.7819,3.4379,0.6309,-1.7542
1.657,-5.703,5.335,3.3379,0.4542,-1.8456
2.397,-4.134,7.5,3.191,0.6969,-1.8276
4.284,-2.523,9.0289,3.3878,0.8597,-1.7382
5.611,-1.213,8.686,3.7859,0.8236,-1.5914
4.926,-1.2529,6.799,4.0338,0.7724,-1.371
2.416,-1.6,4.2649,4.0924,0.7671,-1.1657
-0.469,-0.163,2.595,3.9572,0.7331,-1.0678
-1.741,2.439,1.525,3.6689,0.6841,-0.9784
-2.0779,4.185,0.409,3.3283,0.5852,-0.8112
-2.167,4.3879,-0.541,2.9196,0.4606,-0.6432
-0.553,3.5809,-1.0009,2.3652,0.3031,-0.5005
0.661,3.2479,-1.2709,1.6905,0.0882,-0.3951
2.2339,3.3109,-1.669,0.9956,-0.1171,-0.3962
3.7069,2.695,-1.312,0.3293,-0.1863,-0.3823
2.088,3.1309,-0.268,-0.2569,-0.0767,-0.3239
1.8889,3.49,1.779,-0.8167,-0.0342,-0.2249
2.857,3.8059,3.886,-1.3158,-0.1193,0.0538
4.27,2.733,5.575,-1.6511,-0.2331,0.3944
5.194,0.267,7.101,-1.9203,-0.2662,0.687
4.804,-1.7629,8.164,-2.1661,-0.2204,0.802
4.6579,-3.1879,8.274,-2.3875,-0.2832,0.7189
4.7509,-4.1539,7.038,-2.5727,-0.612,0.586
3.36,-4.336,5.355,-2.6599,-0.9748,0.4434
1.8799,-3.5719,4.195,-2.7216,-1.1165,0.306
1.851,-2.434,4.284,-2.9452,-1.2122,0.2773
3.048,-1.33,5.4259,-3.2367,-1.1791,0.3752
4.708,-1.2409,7.029,-3.3985,-0.8769,0.5051
5.448,-2.173,8.8699,-3.3783,-0.4364,0.6104
5.271,-3.081,9.919,-3.2389,-0.1799,0.6318
4.4329,-3.634,9.297,-3.0431,-0.1683,0.5966
3.139,-3.976,8.2049,-2.859,-0.182,0.6318
1.7809,-4.918,7.848,-2.8238,-0.1597,0.7849
0.9739,-6.0259,7.462,-2.927,-0.2608,0.9924
0.57,-6.69,6.181,-2.9792,-0.4927,1.1031
0.495,-7.2859,5.4289,-2.8483,-0.545,1.0988
0.8089,-7.969,5.407,-2.6482,-0.4694,1.0777
1.401,-8.1199,4.744,-2.4567,-0.7013,1.034
2.241,-7.068,4.0369,-2.262,-1.1356,0.8999
3.412,-5.1979,4.914,-2.1012,-1.11,0.7297
4.2529,-4.182,7.651,-1.9885,-0.5598,0.6413
5.065,-4.743,9.5599,-1.8511,-0.2118,0.6615
6.502,-4.9249,9.948,-1.6383,-0.4842,0.6828
8.5429,-4.3429,11.23,-1.3722,-0.6131,0.6562
10.4779,-4.9939,13.7869,-1.1137,0.035,0.7062
11.7139,-6.999,15.004,-0.9178,0.6608,0.8871
10.72,-8.659,12.6859,-0.755,0.4437,1.0851
8.389,-9.456,9.369,-0.5975,-0.2756,1.1415
6.373,-10.2919,8.5879,-0.5666,-0.7291,1.0606
4.222,-10.891,8.767,-0.6209,-0.7738,0.8925
3.25,-11.166,6.751,-0.6018,-0.9961,0.6466
2.931,-10.452,4.581,-0.5156,-1.3006,0.3837
2.644,-10.024,5.46,-0.4188,-0.7855,0.189
3.4459,-10.273,6.1429,-0.3782,-0.0288,0.1784
4.677,-9.5419,5.316,-0.4123,-0.0958,0.207
4.471,-7.6459,4.888,-0.3719,-0.3342,0.0794
3.829,-6.235,5.161,-0.2399,-0.1011,-0.0812
3.8749,-5.674,6.5209,-0.1898,0.1489,-0.0908
4.584,-5.8009,7.656,-0.2399,0.1498,-0.0195
5.211,-6.9889,8.269,-0.1974,0.1435,0.0507
5.9629,-9.111,8.878,-0.0303,0.2926,0.1538
6.624,-11.058,9.615,0.1058,0.2989,0.2465
6.382,-12.105,9.843,0.1815,0.201,0.2209
5.281,-11.751,8.791,0.2953,0.1116,0.1028
3.511,-9.765,7.599,0.4262,-0.1458,-0.0471
2.2939,-6.855,6.447,0.4996,-0.4736,-0.226
1.765,-4.233,6.3409,0.5124,-0.5641,-0.3814
2.193,-3.2389,7.0189,0.5252,-0.2012,-0.4239
3.216,-4.2349,6.8389,0.5623,0.0552,-0.3282
3.1849,-5.722,6.267,0.5944,-0.1193,-0.2419
2.7079,-6.496,5.79,0.6348,-0.3757,-0.2622
2.6869,-6.9559,6.099,0.6932,-0.363,-0.2835
3.111,-7.504,6.859,0.7284,-0.2055,-0.227
3.1369,-7.9069,6.9499,0.7913,-0.1427,-0.1472
2.739,-7.119,5.7589,0.9572,-0.1874,-0.1376
3.2809,-5.2339,4.2409,1.1467,-0.2491,-0.2164
3.4819,-3.579,4.789,1.2583,-0.0713,-0.2855
3.06,-3.078,5.862,1.3052,0.3042,-0.2739
2.124,-2.86,5.721,1.27,0.1254,-0.2579
1.324,-2.257,5.685,1.1743,-0.4141,-0.3515
2.0449,-1.653,6.432,1.1211,-0.5567,-0.4346
3.927,-2.13,7.9099,1.1562,-0.2033,-0.3547
5.5969,-3.996,8.475,1.219,0.2095,-0.1472
6.1159,-6.3259,7.6849,1.2828,0.2701,0.0272
5.398,-8.019,6.897,1.3158,0.0956,0.0687
4.842,-8.17,7.069,1.2691,-0.0767,0.0103
4.8469,-7.734,7.728,1.1573,-0.1416,-0.0439
4.6549,-7.092,8.2189,1.0935,-0.1299,-0.0759
4.3579,-5.935,8.791,1.1041,-0.1193,-0.1897
4.596,-4.7719,8.938,1.1243,-0.0565,-0.3217
4.938,-4.1989,8.911,1.1115,-0.0043,-0.3579
4.7389,-4.1029,9.321,1.0423,-0.0138,-0.3174
4.66,-4.12,9.3709,0.9572,-0.0596,-0.2546
4.9999,-4.369,9.2059,0.904,-0.0086,-0.1557
5.5849,-5.442,9.036,0.8604,0.1478,-0.0078
5.436,-6.9049,8.377,0.8306,0.251,0.1432
3.453,-7.3489,8.0629,0.8647,0.2648,0.2274
2.701,-5.6149,7.615,0.8497,0.0882,0.2177
4.756,-4.5799,7.5679,0.6975,-0.2172,0.2337
5.479,-5.262,7.728,0.6294,0.0317,0.3572
4.32,-5.085,7.546,0.6135,0.368,0.355
3.6139,-3.483,6.274,0.4974,0.1424,0.1827
3.642,-2.065,4.7369,0.4294,-0.0852,0.0666
3.8389,-1.962,4.009,0.4049,0.0721,0.0985
2.4979,-2.64,4.5589,0.3038,0.2659,0.1603
-0.064,-2.032,5.3899,0.208,0.2595,0.1443
0.045,-0.6379,5.7499,0.1484,-0.0565,0.1464
3.0889,-0.0529,7.038,0.1612,-0.1447,0.306
5.9989,-1.308,8.4439,0.2293,0.2648,0.5317
6.598,-3.3079,8.7289,0.2771,0.6628,0.6392
4.77,-4,7.716,0.2623,0.633,0.5433
2.955,-3.313,6.181,0.1644,0.3095,0.3592
2.038,-2.367,6.037,-0.0164,0.0371,0.2869
0.72,-1.909,6.3439,-0.1473,0.0615,0.3253
0.787,-1.533,5.9959,-0.2102,-0.0138,0.3657
1.9279,-1.857,6.166,-0.2399,-0.2204,0.3497
4.215,-3.291,6.31,-0.2037,-0.1447,0.3231
4.059,-4.6279,7.254,-0.1772,-0.0405,0.3029
2.421,-4.333,7.522,-0.1559,0.0137,0.2294
3.5059,-2.6329,7.062,-0.2239,-0.398,0.1709
5.343,-1.711,7.659,-0.3155,-0.5311,0.1996
6.6889,-2.913,8.068,-0.3537,-0.0767,0.2954
6.219,-4.7929,8.394,-0.4177,0.185,0.3902
4.639,-5.557,7.548,-0.4846,0.0627,0.3742
4.071,-6.003,6.0919,-0.5262,-0.231,0.3093
3.544,-6.462,5.6899,-0.5454,-0.3012,0.3262
3.628,-6.204,6.052,-0.5614,-0.2938,0.3231
4.294,-5.854,7.354,-0.5262,-0.1768,0.2773
4.8709,-5.907,8.413,-0.4123,0.2989,0.2752
5.8909,-6.81,9.3019,-0.4177,0.4893,0.288
5.247,-8.062,10.135,-0.5219,0.4244,0.2667
3.918,-8.1679,9.117,-0.4974,0.3128,0.1901
3.6349,-6.6469,7.51,-0.4208,0.018,0.0752
4.2409,-4.666,6.789,-0.4516,-0.2246,-0.0334
3.2329,-4.1659,7.8049,-0.5219,-0.0118,-0.0471
1.393,-3.84,8.818,-0.6028,0.2542,0.0208
3.0319,-2.851,7.924,-0.7455,-0.1735,0.0805
5.764,-3.708,7.539,-0.7763,-0.3863,0.1464
5.628,-6.312,7.944,-0.5879,0.2957,0.2231
3.685,-7.119,6.705,-0.4422,0.5522,0.1997
2.301,-5.4949,4.986,-0.4624,0.0956,0.0783
2.0329,-3.469,5.412,-0.5592,0.0222,0.0772
2.3299,-2.523,6.813,-0.7253,0.3521,0.2283
2.509,-2.944,7.908,-0.8975,0.3777,0.3583
3.381,-4.3549,6.622,-0.8912,0.119,0.3796
4.066,-5.502,4.864,-0.6699,-0.0097,0.339
3.7189,-5.9449,4.7059,-0.4761,0.1595,0.2891
2.7229,-5.854,5.235,-0.5517,0.2021,0.2613
1.7449,-5.514,5.5489,-0.7731,0.1509,0.2518
1.3069,-5.1589,5.395,-0.9029,0.1478,0.2699
2.04,-4.963,5.802,-0.9305,0.1637,0.2965
3.5179,-5.262,7.0309,-0.937,0.2116,0.3008
4.905,-5.8639,7.1629,-0.8721,0.3755,0.2624
5.0749,-6.357,6.657,-0.7666,0.4563,0.1731
4.174,-6.3619,5.977,-0.7134,0.4053,0.0868
3.525,-5.818,5.2159,-0.7156,0.1733,0.0485
2.9569,-4.635,5.692,-0.7475,-0.0097,0.0411
3.0679,-2.9509,7.182,-0.8029,0.0445,0.0294
4.3609,-2.6929,8.7169,-0.8486,0.2722,0.0879
6.148,-5.31,8.904,-0.7666,0.666,0.3156
5.8429,-8.941,8.0989,-0.5762,0.7852,0.5487
3.168,-10.8379,7.347,-0.4846,0.3755,0.5094
1.542,-10.5769,6.48,-0.5623,-0.3055,0.2741
0.958,-9.3199,6.8389,-0.6699,-0.5141,0.1167
1.9039,-8.4739,7.615,-0.7284,-0.1427,0.0815
4.335,-8.7739,7.951,-0.7401,0.2574,0.0826
5.836,-10.972,8.4679,-0.6103,0.683,0.0783
3.894,-11.8369,8.461,-0.3602,0.9055,-0.0206
1.1419,-10.263,8.08,-0.2836,0.3521,-0.3323
-0.009,-8.958,8.1709,-0.3283,-0.098,-0.5409
1.5799,-8.728,7.8649,-0.373,-0.1139,-0.4919
4.1239,-9.49,8.815,-0.3953,0.0063,-0.3951
5.743,-10.0429,8.9179,-0.192,0.3606,-0.3493
5.788,-8.728,8.55,0.1772,0.5,-0.4196
4.888,-6.417,8.5469,0.4081,0.4031,-0.5644
4.284,-4.786,9.354,0.3687,0.1935,-0.6452
4.131,-4.9099,10.66,0.1815,0.0424,-0.659
4.641,-6.994,11.3059,0.2102,0.0083,-0.6729
5.11,-9.19,10.791,0.6496,0.1711,-0.7442
6.217,-10.158,8.193,1.319,0.4298,-0.8538
6.502,-10.038,6.3409,1.7511,0.5915,-0.9091
6.339,-9.595,7.527,1.6499,0.6352,-0.9283
6.339,-8.4619,8.353,1.2893,0.3489,-0.9773
5.2399,-8.113,9.826,1.2073,0.2106,-1.1752
3.748,-8.2369,9.472,1.567,0.681,-1.3624
3.4699,-7.351,6.598,2.03,0.7789,-1.5104
2.8159,-6.046,3.879,2.3577,0.6936,-1.5955
1.516,-4.7119,3.561,2.6376,1.0949,-1.5456
0.3709,-3.234,5.596,2.9048,1.543,-1.4636
0.33,-2.305,8.128,3.2474,1.743,-1.4029
1.3099,-2.1109,11.0329,3.7497,1.8537,-1.2678
2.9359,-2.4529,13.251,4.1105,1.7494,-1.0667
4.459,-3.699,15.03,4.137,1.2396,-0.9039
3.915,-5.9239,15.117,4.0019,0.6182,-0.8069
2.646,-7.7989,12.4459,3.8072,0.0701,-0.7953
1.4989,-8.1799,8.712,3.5517,-0.3055,-0.8177
1.647,-6.6799,7.386,3.3101,-0.43,-0.8262
4.023,-4.125,7.2949,3.1473,-0.2565,-0.7517
5.173,-1.404,5.565,3.1143,0.1531,-0.6313
4.251,0.259,3.015,3.0186,0.5075,-0.542
2.581,-0.252,0.897,2.6929,0.5755,-0.4153
-0.531,-1.098,0.0949,2.264,0.4808,-0.2631
-3.772,-0.585,1.123,1.8383,0.2595,-0.1695
-3.942,-0.19,3.103,1.4786,-0.0181,-0.0397
-1.8529,0.3859,3.69,1.2467,-0.1278,0.1549
0.802,0.786,2.665,1.0423,-0.2001,0.2646
0.706,1.419,0.66,0.6986,-0.3086,0.1996
-0.34,2.662,0.229,0.124,-0.4609,0.0251
-1.089,3.3799,1.671,-0.655,-0.6578,-0.0653
-0.342,3.691,3.192,-1.3722,-0.7972,-0.0046
2.335,3.1549,3.235,-1.9054,-1.0493,0.171
3.7879,2.755,1.9729,-2.2258,-1.2144,0.4041
3.786,2.722,0.936,-2.4333,-1.2144,0.588
2.917,2.779,1.194,-2.6397,-1.1611,0.7584
2.2939,2.896,1.767,-2.8206,-1.143,0.9403
2.653,2.6419,2.433,-2.9462,-1.2281,1.1181
3.0439,2.068,3.0409,-3.0068,-1.2579,1.3117
3.0799,1.4449,3.427,-3.0218,-1.2644,1.465
2.596,0.6229,4.138,-3.059,-1.341,1.5512
1.8079,0.262,4.756,-3.1175,-1.506,1.6044
2.3269,0.3289,6.8899,-3.2111,-1.8049,1.6374
4.7299,-0.5539,10.195,-3.2878,-1.9252,1.7715
8.0399,-3.313,11.2939,-3.1175,-1.623,1.9801
8.784,-6.594,8.5139,-2.7323,-1.0888,2.0791
6.124,-8.695,5.3449,-2.462,-0.6567,2.0099
3.537,-10.014,4.32,-2.5056,-0.4056,1.9886
2.521,-10.6699,5.0359,-2.6345,-0.049,2.0876
2.3899,-10.9909,7.029,-2.5865,0.5863,2.0939
2.2339,-11.856,9.342,-2.3747,1.1545,1.9098
2.371,-13.065,11.548,-2.1257,1.1992,1.5672
2.905,-13.362,13.4329,-1.8798,0.8447,1.1682
5.0269,-12.589,15.282,-1.6021,0.6819,0.8307
7.426,-11.758,15.792,-1.3147,0.9215,0.6679
8.6119,-11.2549,15.016,-1.1169,1.0715,0.6221
8.3489,-10.984,13.9429,-1.1115,0.7352,0.6573
7.915,-11.233,12.2119,-1.1041,0.2191,0.7519
7.266,-10.824,10.128,-0.9061,-0.1193,0.7946
5.8459,-9.636,9.498,-0.5825,-0.0948,0.6466
3.678,-7.732,9.0619,-0.2441,0.0903,0.3678
2.67,-6.0649,7.989,0.0409,0.0169,0.1124
4.4279,-6.544,7.8859,0.2484,0.0063,0.0837
6.7129,-8.505,8.116,0.3986,0.3159,0.2072
8.368,-10.053,7.632,0.3836,0.4149,0.1742
8.265,-10.747,7.692,0.1792,0.2414,-0.1077
6.3889,-10.414,8.0629,0.0185,0.2903,-0.5728
5.733,-9.741,7.819,-0.0463,0.3095,-1.0709
5.76,-8.932,7.462,-0.0228,0.3191,-1.3954
4.77,-7.8469,7.57,0.1494,0.5926,-1.5413
4.26,-6.355,6.205,0.2697,0.4318,-1.6147
3.8869,-4.8,5.038,0.2558,-0.23,-1.619
3.714,-3.37,4.423,0.2144,-0.4961,-1.5668
3.295,-3.1,6.487,0.2102,-0.2565,-1.4763
2.545,-4.0309,9.141,0.3229,0.2457,-1.3454
2.598,-5.461,10.101,0.5827,0.3276,-1.256
3.3409,-7.171,10.492,0.9498,0.1116,-1.2061
3.736,-8.932,11.4949,1.418,0.1659,-1.1655
3.808,-10.3519,11.527,1.9118,0.4116,-1.1752
3.166,-10.795,9.505,2.2981,0.5468,-1.2082
2.1019,-9.7459,6.811,2.5045,0.6927,-1.2252
2.962,-8.077,5.086,2.5865,0.915,-1.2221
5.467,-7.0249,6.844,2.7323,1.2493,-1.2007
7.506,-6.819,12.214,2.9803,1.4482,-1.2221
5.76,-6.0049,13.62,3.1495,0.9437,-1.3168
4.2319,-4.185,10.866,3.1825,-0.0075,-1.4498
5.221,-2.4529,8.8579,3.1942,-0.1757,-1.4125
4.0729,-1.327,3.489,3.3431,0.3702,-1.2432
2.16,-1.201,0.3319,3.4922,0.5926,-1.0879
0.591,-1.5619,4.6,3.3294,0.6043,-0.9571
-1.681,-1.8019,9.328,3.0856,0.5948,-0.9048
-3.429,-0.832,8.401,3.1336,0.3871,-0.8069
-1.714,0.9109,7.8619,3.3602,0.2127,-0.4867
3.939,0.48,10.1899,3.4165,0.4563,0.0646
7.9729,-1.809,5.4049,3.223,0.5852,0.4647
6.2119,-2.973,-1.7599,2.8525,0.2468,0.3359
0.754,-1.464,-2.7199,2.2332,0.3574,-0.0844
-3.81,2.523,-0.615,1.4712,0.6543,-0.3419
-3.5299,5.493,-1.264,0.8135,0.5373,-0.2536
-0.5689,6.127,-3.489,0.2825,0.3191,0.0868
1.2499,6.051,-2.4739,-0.3016,0.1042,0.4167
1.4389,5.7439,1.266,-0.9902,-0.1799,0.6084
1.872,4.86,2.9359,-1.534,-0.4471,0.7106
2.7319,3.711,1.4869,-1.817,-0.6407,0.817
2.818,2.925,0.8539,-2.0437,-0.6811,0.9158
2.311,1.962,2.184,-2.3641,-0.6811,0.9733
1.255,0.829,3.592,-2.678,-0.7397,1.0564
-0.114,-0.5059,6.5209,-2.9037,-0.8684,1.1585
-0.2939,-2.0989,10.425,-3.0229,-1.0493,1.3022
2.205,-3.49,11.625,-3.0122,-1.3686,1.4852
5.034,-4.764,8.1739,-2.8494,-1.5262,1.6757
5.4289,-5.37,3.783,-2.6302,-1.176,1.831
3.594,-5.581,2.32,-2.61,-0.6641,1.9408
1.693,-5.61,4.485,-2.8121,-0.4673,2.0301
0.675,-5.514,8.5849,-2.9814,-0.4927,2.0504
0.3109,-5.964,10.3309,-2.8622,-0.43,2.0131
0.265,-7.219,8.961,-2.5535,-0.2215,1.9758
1.465,-8.91,7.9819,-2.3918,-0.0544,1.912
5.0389,-10.747,10.1539,-2.5045,-0.2055,1.7971
9.7829,-13.068,13.2409,-2.5471,-0.3023,1.6608
12.339,-15.015,13.66,-2.3588,-0.0937,1.529
10.621,-15.8269,11.0239,-2.1459,0.0562,1.3341
5.769,-14.8519,8.7,-1.8607,0.0391,1.0393
2.16,-12.304,8.437,-1.5734,-0.1256,0.7031
0.922,-9.789,10.9129,-1.484,-0.4204,0.4434
0.543,-8.58,14.374,-1.3594,-0.4119,0.3284
1.789,-8.632,15.84,-0.9871,-0.3587,0.3518
3.4339,-8.692,14.664,-0.5443,-0.4598,0.4636
3.1609,-8.0599,9.745,-0.1654,-0.6737,0.568
2.1809,-7.104,4.9399,0.19,-1.0163,0.6509
2.263,-5.658,5.448,0.3166,-1.061,0.7829
2.6239,-4.621,9.57,0.2655,-0.7514,0.9021
4.023,-4.9459,12.298,0.2612,-0.7929,0.9488
6.9019,-7.717,12.6709,0.3761,-1.0855,0.9542
9.036,-10.963,9.2179,0.5656,-1.1218,0.9106
8.6359,-11.904,4.401,0.6763,-1.2995,0.7041
5.9509,-10.242,2.217,0.6369,-1.4027,0.4668
4.006,-7.569,3.343,0.5389,-1.191,0.3327
3.0169,-5.262,6.327,0.4134,-0.9014,0.3019
2.433,-2.98,7.06,0.3645,-0.7875,0.2465
2.584,-1.213,6.339,0.4038,-0.9164,0.1465
4.368,-1.615,5.455,0.4602,-0.7078,0.2316
6.217,-3.988,5.268,0.4965,-0.331,0.4998
6.183,-6.448,6.451,0.4527,-0.1447,0.6594
6.555,-7.5829,8.2429,0.3943,-0.2107,0.5604
8.277,-7.8709,9.2299,0.3634,-0.1905,0.3423
9.208,-7.753,6.861,0.3613,0.2116,0.1762
8.895,-7.2859,4.011,0.3048,0.4851,0.0646
7.383,-6.886,4.2,0.1442,0.5713,-0.0386
4.725,-6.913,6.976,0.076,0.8054,-0.1695
2.2699,-6.5509,8.7439,0.1123,0.7331,-0.3844
0.9889,-5.1979,6.8989,0.1644,0.3009,-0.6888
0.799,-3.574,3.865,0.1846,0.3606,-0.8826
1.801,-2.899,3.154,0.093,0.8948,-0.7517
2.433,-2.932,6.301,-0.1186,1.0652,-0.4611
2.644,-3.696,7.4119,-0.2367,0.9107,-0.3067
2.941,-5.239,4.236,-0.1101,0.6256,-0.2822
2.979,-6.8119,2.715,-0.0142,0.4223,-0.3132
2.967,-8.022,4.066,-0.1229,0.5106,-0.3695
2.965,-8.5459,5.206,-0.225,0.7587,-0.4239
2.524,-7.947,5.8579,-0.2006,0.8863,-0.4728
2.548,-6.841,5.6179,-0.1792,0.8331,-0.5068
3.075,-5.955,4.722,-0.2091,0.6554,-0.5101
2.718,-5.667,4.473,-0.2356,0.6884,-0.5068
2.088,-5.547,4.957,-0.3123,0.683,-0.5016
1.252,-5.37,5.29,-0.4017,0.5553,-0.4845
1.207,-4.8649,4.9189,-0.3858,0.5086,-0.4345
0.807,-4.752,4.864,-0.3261,0.5425,-0.3632
-0.342,-5.0089,5.134,-0.2623,0.6905,-0.2802
-0.016,-4.678,6.885,-0.2846,0.4808,-0.2408
1.324,-4.386,8.128,-0.34,0.2116,-0.227
3.628,-4.575,5.491,-0.1696,0.4192,-0.1439
4.9309,-5.0089,2.833,-0.0472,0.5308,-0.0206
4.143,-5.6239,2.346,-0.1654,0.666,0.0996
1.851,-5.353,3.4789,-0.3623,0.7055,0.1571
-0.795,-4.161,5.4619,-0.5358,0.4617,0.0464
-2.292,-2.6809,8.0059,-0.6358,0.1179,-0.1003
0.019,-2.7169,9.112,-0.6124,-0.0309,-0.0642
6.148,-5.67,7.771,-0.4336,0.1361,0.2092
8.947,-9.973,5.6539,-0.2314,0.5383,0.4912
8.047,-12.792,4.044,-0.1249,0.8458,0.5604
5.9629,-11.899,4.753,-0.2868,0.5181,0.3955
3.0079,-8.295,6.7009,-0.5358,0.2765,0.0646
2.301,-4.9819,7.5679,-0.6135,0.4787,-0.2153
2.0089,-4.2349,8.619,-0.5432,0.6682,-0.2408
0.864,-5.059,9.0169,-0.3665,0.6788,-0.1291
1.609,-6.0289,8.3719,-0.2761,0.0743,-0.0822
3.228,-7.9159,9.052,-0.1898,-0.1119,0.0092
5.247,-9.4729,9.0379,-0.0111,0.3808,0.2114
6.138,-10.287,8.9659,0.0122,0.3905,0.2572
5.532,-10.807,9.196,-0.0303,0.2968,0.1412
3.822,-10.848,8.8489,0.0175,0.1924,0.0081
2.308,-10.299,8.5469,0.0888,-0.1629,-0.1439
2.086,-9.859,8.964,0.1835,-0.3533,-0.2781
3.1939,-10.132,9.5839,0.3346,-0.1023,-0.3558
4.888,-10.759,10.099,0.49,0.1913,-0.41
6.646,-10.8499,10.264,0.5964,0.2308,-0.5016
7.795,-10.467,9.4429,0.6901,0.2063,-0.6484
7.527,-9.8779,8.545,0.7805,0.1765,-0.8208
6.3199,-8.862,8.116,0.7827,0.053,-1.0315
5.508,-7.7389,8.092,0.7561,-0.131,-1.2539
5.019,-7.449,8.904,0.8241,-0.1384,-1.4253
5.173,-7.902,10.315,1.0509,0.1456,-1.5391
6.4879,-8.4049,12.001,1.3637,0.3649,-1.6743
7.065,-9.768,13.878,1.7543,0.699,-1.8382
7.098,-10.884,13.311,2.2672,1.2056,-1.9531
5.6779,-10.953,10.753,2.7685,1.3759,-2.0935
3.075,-9.775,6.813,3.126,1.4482,-2.265
1.5349,-7.578,4.959,3.3676,1.5664,-2.3841
0.826,-5.698,5.9869,3.5847,1.71,-2.3809
0.091,-4.0579,6.511,3.7816,1.5046,-2.2639
-0.114,-2.242,6.78,3.886,1.0001,-2.1
0.6559,-0.429,7.3159,3.921,0.748,-1.8317
1.096,-0.283,6.238,4.036,0.8608,-1.5135
0.567,-1.2559,4.095,4.2031,0.9864,-1.2432
0.1069,-2.913,2.31,4.135,0.8523,-1.1049
-0.2149,-4.386,1.6039,3.7338,0.582,-1.0645
-0.522,-4.7689,2.866,3.2059,0.3712,-1.0836
-0.792,-3.636,4.425,2.777,0.1541,-1.1028
1.561,-1.411,4.722,2.4769,-0.1948,-1.0624
4.411,0.487,3.441,2.1778,-0.4492,-0.9623
3.376,1.972,0.778,1.8022,-0.3555,-0.9484
1.5439,3.9859,-1.125,1.1945,-0.3342,-1.023
1.458,5.619,-1.7359,0.3804,-0.446,-0.9911
1.489,6.0529,-1.614,-0.3123,-0.2767,-0.7548
0.0259,6.204,-0.831,-0.8731,0.0105,-0.46
-0.4039,6.166,0.84,-1.4361,-0.0703,-0.1715
0.4879,5.6029,2.4829,-1.9192,-0.5194,0.1656
0.85,5.349,3.886,-2.2119,-0.86,0.487
0.3229,5.124,4.813,-2.4598,-0.9791,0.6946
0.526,4.197,4.179,-2.7748,-1.125,0.918
1.669,1.6459,2.706,-3.1208,-1.4207,1.2766
1.7599,-0.595,2.6869,-3.3741,-1.5644,1.6449
1.02,-1.965,6.3769,-3.5517,-1.4793,1.8141
0.582,-3.732,8.071,-3.6539,-1.2505,1.8557
2.1259,-5.823,6.993,-3.5272,-0.9685,1.9109
3.705,-7.167,5.6419,-3.3624,-0.8355,1.9588
3.927,-8.218,4.066,-3.3272,-0.7621,1.9844
3.204,-9.0919,3.283,-3.3166,-0.464,2.0301
1.659,-9.643,4.023,-3.2762,-0.0809,2.045
0.7249,-9.2809,6.9589,-3.2623,-0.0915,1.9588
1.3459,-8.2039,9.627,-3.175,-0.4215,1.811
2.7799,-7.305,8.454,-2.8514,-0.5257,1.7205
3.5749,-6.7549,7.2349,-2.513,-0.3598,1.6682
3.8149,-6.9799,8.02,-2.4173,-0.1725,1.6258
4.809,-7.02,10.9729,-2.447,-0.215,1.5736
5.2129,-7.588,12.3739,-2.3258,-0.1182,1.4991
4.315,-8.893,11.613,-1.9097,0.3979,1.4502
3.7429,-10.306,11.44,-1.6106,0.5905,1.4289
4.006,-11.559,11.151,-1.5372,0.3436,1.4821
4.687,-12.0139,11.5189,-1.4117,0.219,1.5162
4.782,-13.003,12.451,-1.1829,0.4659,1.5002
4.2289,-14.043,12.9469,-0.9211,0.5746,1.4277
3.69,-14.5,13.0519,-0.6997,0.2095,1.2288
3.6949,-13.35,12.772,-0.5017,-0.2257,0.9585
4.071,-11.262,12.511,-0.3315,-0.4747,0.6903
4.179,-9.514,11.56,-0.1537,-0.5737,0.5402
4.083,-7.8709,9.8599,0.0526,-0.7471,0.4701
4.2529,-7.111,7.944,0.2325,-0.9323,0.4061
5.3209,-8.127,6.727,0.423,-0.7833,0.3785
6.811,-10.776,7.3759,0.5645,-0.3598,0.3284
7.038,-12.694,7.968,0.655,0.1381,0.1199
6.3679,-12.0949,8.0149,0.7635,0.3947,-0.293
5.8309,-10.378,8.011,0.8189,0.3425,-0.6931
5.374,-8.4739,7.7419,0.7677,0.0499,-0.9527
4.936,-6.961,7.263,0.7145,-0.2502,-1.1518
4.531,-5.662,6.966,0.7603,-0.3385,-1.3283
3.853,-4.791,7.699,0.8486,-0.3236,-1.4859
3.163,-4.3399,7.797,0.9678,-0.3066,-1.5987
3.297,-3.816,6.751,1.1541,-0.413,-1.6763
3.238,-3.7699,7.311,1.4148,-0.2832,-1.6806
2.028,-4.35,9.373,1.7213,0.2488,-1.6051
1.063,-5.083,10.729,2.0118,0.5649,-1.5508
1.587,-5.526,11.919,2.2705,0.4489,-1.5306
2.2459,-5.629,13.4929,2.6514,0.6213,-1.488
3.633,-5.7919,13.536,3.2293,1.1588,-1.3635
6.334,-6.4789,12.621,3.739,1.4141,-1.1581
8.037,-6.9679,11.028,3.8721,1.2843,-0.9847
7.929,-6.6799,8.679,3.6433,0.6979,-0.9729
5.815,-5.6959,5.4769,3.2825,-0.1501,-1.0815
2.962,-4.386,3.982,3.175,-0.2832,-1.19
0.603,-2.3209,4.7749,3.2165,0.0743,-1.2219
-0.246,-0.918,7.1959,3.1707,0.2659,-1.172
0.364,-0.3169,9.948,3.1942,0.5266,-0.9868
1.6759,-0.348,8.3389,3.3963,0.7246,-0.7771
2.296,-1.0159,4.3459,3.6177,0.6936,-0.5696
2.986,-1.5649,4.08,3.4421,0.5542,-0.4558
3.513,-2.5129,5.256,2.8143,0.234,-0.4675
2.0899,-2.142,4.8229,2.1832,-0.1245,-0.5494
0.318,-0.18,2.251,1.7905,-0.2278,-0.6962
0.397,1.917,0.447,1.4649,-0.0596,-0.7005
1.5799,2.6419,0.04,0.9849,0.0882,-0.5366
1.4389,2.1949,0.775,0.4336,-0.0001,-0.3579
0.742,1.764,1.9219,-0.0675,-0.1011,-0.2407
0.4309,2.434,2.196,-0.4846,-0.1076,-0.1322
1.101,2.824,1.132,-0.8263,-0.0906,-0.0332
1.518,2.6689,-0.414,-1.1584,-0.0713,0.0635
0.282,3.0949,-0.723,-1.55,-0.1214,0.1018
-1.5709,3.4879,0.7489,-2.0215,-0.2969,0.105
-2.617,3.2869,2.797,-2.5121,-0.5864,0.204
-2.0659,2.1109,4.056,-2.8334,-0.8344,0.4465
-1.242,0.2209,4.653,-2.9376,-0.942,0.7766
-0.723,-1.105,4.713,-2.9803,-1.1165,1.0564
0.423,-1.7389,5.256,-3.1058,-1.4229,1.2522
1.597,-2.719,5.709,-3.256,-1.3953,1.4704
1.9039,-4.1419,5.58,-3.2719,-0.9579,1.6779
2.4979,-5.538,5.659,-3.3229,-0.794,1.8227
3.465,-6.8959,6.435,-3.5358,-1.224,1.93
4.488,-9.0109,8.6449,-3.6114,-1.5251,2.0142
6.538,-11.6809,9.733,-3.474,-1.3558,2.0504
8.3489,-14.361,9.2539,-3.2697,-1.242,1.9663
8.356,-16.09,8.461,-3.0196,-1.193,1.7375
6.8059,-16.1359,8.2069,-2.7429,-1.0313,1.4917
4.8019,-14.6749,8.8249,-2.4897,-0.7642,1.3523
3.57,-12.27,8.935,-2.3076,-0.5354,1.3278
2.665,-9.597,9.33,-2.1726,-0.3321,1.3299
1.882,-7.387,11.3179,-2.0204,-0.0767,1.2596
0.7009,-6.597,13.0879,-1.8405,0.0115,1.1776
-0.799,-7.387,12.813,-1.55,-0.231,1.1639
-1.393,-7.8079,11.8639,-1.1519,-0.5715,1.2214
-0.112,-8.386,13.651,-0.7859,-0.5812,1.3617
2.967,-9.2719,14.595,-0.3623,-0.197,1.6352
5.6539,-9.0589,12.702,0.208,0.0829,1.829
7.441,-8.311,11.05,0.6721,0.1924,1.8822
9.081,-8.335,10.3459,0.8018,0.1765,1.9471
10.027,-9.394,10.243,0.7444,0.0584,2.0046
9.477,-10.6969,8.293,0.7774,-0.1054,1.8961
7.539,-11.0659,6.037,0.8892,-0.4875,1.5129
5.266,-10.1629,4.902,0.9402,-0.861,0.9414
3.4789,-7.935,6.214,0.9381,-0.9025,0.4391
2.287,-5.2909,7.915,0.9179,-0.6353,0.1465
2.0899,-3.5479,8.2879,0.8912,-0.545,0.0635
2.7799,-3.112,7.8619,0.8625,-0.7801,0.1178
4.1449,-3.876,7.711,0.8443,-1.0601,0.1593
6.2509,-5.2939,7.8739,0.8647,-1.1378,0.056
8.9779,-7.0849,8.466,0.937,-0.9366,-0.2227
11.563,-8.539,8.214,1.1115,-0.4992,-0.5792
11.9389,-9.195,7.7449,1.3063,-0.1671,-0.9688
9.3349,-9.0319,7.608,1.4234,0.1339,-1.3422
5.752,-8.137,8.0899,1.4552,0.368,-1.6381
3.159,-7.071,8.169,1.4212,0.4542,-1.8084
2.004,-6.3469,7.956,1.4712,0.5618,-1.8818
2.493,-5.998,9.244,1.6202,0.6947,-1.902
4.152,-5.617,10.7119,1.8576,0.7533,-1.869
5.3359,-5.691,10.9759,2.2779,1.0279,-1.7583
6.157,-6.553,10.185,2.6982,1.4375,-1.5519
6.033,-7.669,8.988,2.8877,1.4812,-1.421
4.6819,-8.556,7.675,3.0144,1.4781,-1.5508
3.333,-9.612,7.333,3.3251,1.7525,-1.8148
2.1979,-9.8029,7.443,3.688,1.7644,-1.9828
2.296,-8.419,9.3349,3.771,1.0736,-2.0915
3.9679,-6.9529,12.1759,3.5667,0.4021,-2.0425
5.628,-4.8859,12.274,3.5124,0.2978,-1.7818
6.1639,-2.8579,8.6119,3.7135,0.4468,-1.5785
5.293,-1.543,3.5029,3.7965,0.6703,-1.5625
2.2819,0.0769,0.538,3.571,0.8831,-1.653
-1.252,2.76,2.6239,3.0887,0.814,-1.8041
-0.375,3.04,6.375,2.5685,0.6756,-1.8084
2.4979,1.2559,7.5319,2.3013,0.7789,-1.4913
4.126,-0.5509,6.432,2.18,0.9065,-1.1891
4.246,-0.664,3.7279,1.832,0.8214,-1.1028
2.8279,1.572,0.313,1.2456,0.6788,-1.1464
1.063,4.4989,-1.513,0.523,0.6,-1.2337
-0.1099,5.397,-2.0449,-0.3198,0.533,-1.2753
-0.502,5.404,-1.693,-1.1339,0.3478,-1.1922
-0.304,5.301,-2.083,-1.7947,-0.0342,-0.9933
-0.45,4.884,-2.194,-2.198,-0.3619,-0.7218
-1.3909,4.4149,-0.3589,-2.5119,-0.5098,-0.4387
-1.2499,3.313,3.489,-2.9398,-0.6791,-0.1663
-0.373,1.2049,6.1189,-3.2953,-0.7408,0.1731
0.301,-0.793,4.387,-3.3847,-0.7738,0.4977
0.45,-2.472,0.6889,-3.39,-0.9377,0.7042
-0.244,-3.402,-0.0139,-3.5624,-1.0675,0.8233
-0.598,-3.514,3.7549,-3.8784,-1.1378,0.8659
0.268,-3.631,7.671,-4.0764,-1.3006,0.8883
2.253,-4.336,6.6259,-3.8977,-1.473,0.9585
3.733,-5.397,2.785,-3.4612,-1.4133,1.0649
3.295,-6.45,1.293,-3.1761,-1.0484,1.1585
2.217,-7.212,2.962,-3.2027,-0.7451,1.231
1.195,-7.681,5.268,-3.3346,-0.7258,1.2671
0.7849,-7.957,5.968,-3.2847,-0.8174,1.2809
0.8689,-8.1439,6.451,-3.0431,-0.812,1.3118
1.65,-7.923,7.2589,-2.7568,-0.5524,1.3639
3.456,-7.401,9.2269,-2.5088,-0.1342,1.4374
5.304,-7.725,11.184,-2.3215,0.3712,1.5736
7.017,-8.941,12.3139,-2.1565,0.6671,1.747
7.0309,-10.591,11.572,-2.031,0.6437,1.8727
5.415,-12.721,10.276,-1.9299,0.5277,1.8705
3.606,-14.5339,10.54,-1.9065,0.302,1.7876
2.344,-15.3889,11.965,-1.9501,-0.0522,1.5864
1.2979,-14.8039,14.041,-1.8798,-0.2534,1.2703
0.7609,-13.4299,16.3999,-1.5958,-0.1714,0.9202
1.389,-12.9289,18.331,-1.1349,-0.0618,0.7414
3.7789,-13.087,17.785,-0.5825,-0.2161,0.8127
6.579,-13.3939,14.343,-0.1155,-0.6418,0.9053
8.289,-14.323,11.167,0.2336,-0.6993,0.8606
8.784,-14.814,9.1219,0.5347,-0.3236,0.7447
8.305,-13.324,7.539,0.8072,-0.0501,0.5498
7.9129,-10.63,5.925,0.988,0.0445,0.2476
7.321,-7.749,6.538,0.9465,0.0712,-0.0332
6.27,-5.892,8.178,0.689,0.0307,-0.2407
5.458,-5.353,8.2669,0.4325,-0.2087,-0.3951
4.605,-5.785,6.804,0.3251,-0.5992,-0.5472
3.372,-6.5269,4.971,0.3836,-0.7705,-0.6962
2.632,-7.011,4.911,0.5156,-0.578,-0.8452
2.574,-7.119,5.745,0.6954,-0.0724,-0.9442
3.063,-6.6919,6.2119,0.9231,0.4127,-0.9655
3.508,-6.268,8.274,1.0605,0.7075,-0.9549
3.1939,-5.856,10.3909,1.1391,0.865,-0.9644
2.359,-5.533,10.101,1.3712,0.7884,-1.0166
1.6639,-5.224,8.212,1.8044,0.6458,-1.0485
1.923,-5.2219,6.741,2.2438,0.633,-1.0283
3.058,-5.346,6.459,2.528,0.6927,-0.9942
3.489,-5.7769,7.812,2.7546,0.7746,-1.0421
2.917,-6.355,8.346,3.0047,0.8012,-1.1804
1.983,-6.688,7.1629,3.2133,0.6054,-1.2911
1.441,-6.553,6.6169,3.2719,0.3905,-1.3039
1.3309,-6.709,8.892,3.2474,0.2616,-1.2592
1.123,-6.546,11.859,3.3368,0.1339,-1.2315
1.956,-5.5159,13.675,3.5719,-0.2235,-1.3241
4.33,-4.204,14.247,3.8209,-0.4002,-1.4199
6.873,-3.232,11.194,3.9518,-0.2331,-1.4136
8.895,-3.3439,5.8219,3.9285,-0.1395,-1.3369
9.489,-4.3279,2.8849,3.7785,-0.1512,-1.2614
7.8409,-5.016,3.4669,3.4996,-0.0149,-1.3092
4.473,-4.096,4.9789,3.091,0.1275,-1.4763
1.98,-2.3569,4.8679,2.7515,0.3233,-1.5785
-0.816,-0.003,3.144,2.5546,0.6808,-1.455
-2.0659,1.713,1.144,2.262,0.8373,-1.2358
-0.22,1.998,1.302,1.7171,0.6916,-1.0091
2.277,1.7419,3.597,1.0093,0.6117,-0.8537
2.871,1.308,4.1089,0.3091,0.5724,-0.8144
1.6279,1.7899,3.4819,-0.2367,0.4192,-0.8303
1.5949,2.587,3.774,-0.6593,0.2403,-0.7953
1.192,2.652,3.87,-1.0104,0.1945,-0.6228
-0.0859,2.652,3.798,-1.2456,0.3009,-0.4153
-0.486,3.066,3.858,-1.4999,0.3276,-0.2281
-0.067,3.397,3.451,-1.817,0.1691,-0.0492
-0.1549,3.1549,2.811,-2.0916,-0.0394,0.1178
-1.365,2.973,2.478,-2.3055,-0.1299,0.2689
-2.62,3.004,1.618,-2.5599,-0.2789,0.4243
-3.123,3.138,0.684,-2.8579,-0.6716,0.6542
-2.8879,3.411,0.6679,-3.159,-1.1888,0.9266
-2.0209,3.414,2.136,-3.4165,-1.5719,1.1639
-0.0859,2.836,3.666,-3.5432,-1.6942,1.3458
2.433,1.2319,5.371,-3.5209,-1.6614,1.4715
4.6,-1.866,7.005,-3.4028,-1.5507,1.5608
5.6539,-5.962,5.982,-3.159,-1.4899,1.6363
5.736,-9.5779,3.3709,-2.8707,-1.5741,1.681
4.6309,-12.0259,3.5869,-2.7546,-1.506,1.6726
3.8629,-13.144,6.238,-2.7856,-1.1505,1.6417
4.069,-12.802,8.526,-2.6834,-0.6811,1.6204
4.1189,-11.5159,9.886,-2.3343,-0.0331,1.5831
3.6019,-10.266,10.4629,-1.9544,0.6458,1.5492
3.022,-9.6979,10.1329,-1.766,0.816,1.5534
3.058,-9.286,9.8689,-1.7745,0.3999,1.5534
3.4579,-8.6419,9.8449,-1.8149,0.0541,1.498
3.297,-8.11,9.115,-1.7276,0.2232,1.3916
3.048,-7.95,9.333,-1.5606,0.6947,1.2894
3.544,-8.0719,10.597,-1.4914,0.9395,1.2809
4.176,-8.52,11.632,-1.4755,0.7544,1.3309
4.806,-9.4609,12.1639,-1.3468,0.483,1.3309
5.7619,-11.233,12.8389,-1.1626,0.3372,1.2874
7.6129,-13.695,12.382,-0.9626,0.3947,1.2597
8.4829,-14.6029,11.404,-0.6454,0.5564,1.215
8.521,-13.195,10.26,-0.2708,0.5479,1.0606
8.43,-11.2279,9.055,0.0122,0.2595,0.8255
7.2109,-9.159,8.722,0.1473,0.0371,0.5233
6.222,-7.8829,8.899,0.1399,-0.098,0.1721
5.376,-7.725,8.698,0.1633,-0.1458,-0.0907
4.366,-8.572,7.786,0.3346,0.0104,-0.2961
3.753,-8.6059,6.492,0.4399,-0.0468,-0.5292
3.549,-7.9159,5.407,0.3496,-0.3502,-0.7825
3.997,-7.3129,4.198,0.2271,-0.4278,-0.9464
4.366,-6.757,4.0369,0.19,-0.2107,-1.058
4.6549,-5.935,4.437,0.2134,0.1658,-1.1752
5.269,-5.152,5.041,0.2228,0.3319,-1.2986
5.2639,-4.836,6.327,0.2187,0.4042,-1.3858
4.773,-4.795,6.813,0.2463,0.4765,-1.4763
4.0969,-4.944,6.9379,0.3559,0.3968,-1.6231
3.2929,-5.466,7.63,0.5741,0.3914,-1.7562
3.3649,-6.0049,8.9179,0.8221,0.3936,-1.8339
2.9959,-6.7159,10.731,1.0583,0.4383,-1.8445
2.8279,-7.48,12.156,1.3807,0.7022,-1.8094
3.178,-8.4379,12.6259,1.7395,0.8034,-1.7774
3.487,-9.027,11.4379,2.0916,0.7756,-1.7722
4.447,-8.905,11.16,2.4268,0.9204,-1.8392
5.728,-8.4379,12.288,2.6514,1.1162,-1.9179
6.696,-7.902,12.628,2.7696,0.7863,-1.9573
6.004,-6.982,9.2299,2.8494,0.0402,-1.9563
4.744,-5.538,4.7989,2.9569,-0.3513,-1.9285
4.816,-4.0909,4.387,2.9239,-0.2267,-1.8402
4.809,-3.4849,9.2419,2.7355,-0.0789,-1.7902
5.0509,-3.6289,15.8419,2.6525,-0.0789,-1.8371
5.764,-4.743,17.3419,2.7429,-0.1299,-1.8914
5.724,-5.3059,9.4189,2.958,0.0137,-1.8722
6.514,-5.401,2.0209,3.0409,0.3287,-1.8084
7.858,-6.264,2.6269,2.7036,0.6554,-1.6997
6.351,-6.525,6.6049,2.1214,0.8362,-1.7275
2.136,-4.9339,6.013,1.7117,0.7958,-1.9743
-0.649,-2.091,5.793,1.4276,0.5863,-2.1489
-0.1099,0.0199,6.507,1.1786,0.6096,-2.0563
1.614,1.2049,4.2619,1.0455,0.6725,-1.8041
0.541,2.88,0.414,0.8901,0.6287,-1.6285
-2.179,5.133,-1.6669,0.5421,0.6171,-1.5625
-3.573,6.0529,-0.381,-0.0452,0.6373,-1.4092
-2.406,5.002,1.4599,-0.722,0.4563,-1.0602
-0.165,2.7979,2.4949,-1.2328,0.0604,-0.6536
0.7969,0.676,4.131,-1.5574,-0.4013,-0.3727
0.2629,-0.477,3.8359,-1.7426,-0.7525,-0.2184
-0.0379,-0.585,1.975,-1.7905,-0.9185,-0.0375
