correr
5.96,-2.896,-1.2384,1.3688,0.5572,-0.2037
6.0127,-3.725,-0.8119,1.3688,0.5572,-0.2037
5.8065,-3.3608,-1.1593,1.4156,1.0121,0.1307
5.5312,-2.6566,-1.6744,1.4167,1.3934,0.5131
5.143,-1.7606,-1.9138,1.3624,1.6704,0.9286
5.143,-1.7606,-1.9138,1.1078,2.0294,1.7658
3.4853,0.2418,-1.411,1.1078,2.0294,1.7658
3.4853,0.2418,-1.411,0.8149,2.2616,2.5829
-0.043,4.5441,1.4709,0.8149,2.2616,2.5829
-3.1358,10.5162,2.1057,0.6774,2.4608,3.0548
-9.6034,24.4459,5.6054,0.4655,2.8955,3.6598
-9.6034,24.4459,5.6054,0.3685,4.5243,6.1366
-21.2742,49.548,11.3425,0.4782,2.887,6.4658
-12.9714,51.3613,14.8856,0.7733,0.1876,4.6581
-1.7342,22.9439,19.6094,0.7733,0.1876,4.6581
-1.7342,22.9439,19.6094,1.1334,0.521,2.7693
-6.3407,29.589,18.0235,1.1866,1.9409,2.8375
-7.4881,36.8162,12.6024,0.8734,1.7013,2.6074
-2.1679,33.98,5.7514,0.4836,1.3966,2.0748
-1.0875,26.2425,8.983,0.3472,1.8291,1.621
-2.5127,18.7325,9.0357,0.3472,1.8291,1.621
-3.011,16.1551,7.5743,0.2386,2.2371,1.2002
-3.6819,13.3333,6.3622,0.0479,2.35,0.8497
-3.6819,13.3333,6.3622,-0.407,1.7055,0.7145
-4.1751,7.5408,2.4145,-0.407,1.7055,0.7145
-4.4364,4.3957,0.7089,-0.7053,1.1516,0.8103
-4.3742,1.5643,-0.5174,-1.0536,0.7085,0.9488
-3.907,-0.9127,-0.5485,-1.3583,0.4432,1.0915
-3.907,-0.9127,-0.5485,-1.4967,0.1748,1.0511
-3.1932,-2.9703,-0.134,-1.3593,0.0384,0.8561
-2.4504,-5.1478,-0.0023,-1.3593,0.0384,0.8561
-2.4504,-5.1478,-0.0023,-1.0451,-0.1734,0.4098
-2.4432,-5.0784,-0.8286,-0.9588,-0.2832,0.233
-2.5465,-4.6495,-1.9593,-0.9013,-0.4067,0.0828
-2.369,-3.9764,-2.4193,-0.9013,-0.4067,0.0828
-2.1128,-3.7657,-1.3006,-0.8139,-0.5197,-0.1121
-1.8085,-3.2387,-0.3378,-0.6584,-0.5335,-0.3901
-1.8085,-3.2387,-0.3378,-0.227,-0.1862,-1.1071
-1.8947,-2.3858,-0.1532,-0.0374,0.0065,-1.3553
-2.2517,-1.4012,-0.3666,0.1129,0.1439,-1.4693
-3.1812,0.0933,-1.2455,0.1129,0.1439,-1.4693
-3.5212,0.2995,-1.6289,0.1789,0.2163,-1.4736
-3.5332,0.2899,-1.4948,0.1406,0.2238,-1.4075
-3.8352,0.2346,-0.6754,0.0426,0.1588,-1.3276
-4.4268,0.6994,1.9907,-0.0757,0.0757,-1.2488
-4.803,3.2626,8.0271,-0.1876,0.0587,-1.1519
-4.803,3.2626,8.0271,0.523,0.2142,-1.1838
-5.3827,31.7881,20.067,0.523,0.2142,-1.1838
-2.0817,49.1936,9.5052,1.7278,0.4336,-1.5226
-2.6015,32.7748,11.3975,2.2572,0.5316,-2.1276
-10.9905,15.688,27.6317,0.5709,0.8022,-3.0618
-10.9905,15.688,27.6317,-0.309,0.2653,-2.7028
-18.2246,23.1187,15.9465,-0.309,0.2653,-2.7028
-21.2455,24.932,13.6732,-0.8214,-1.1662,-2.967
-20.4548,21.2766,11.6492,-1.386,-2.1219,-3.4517
-20.4548,21.2766,11.6492,-1.4946,-4.0596,-2.6794
-10.0346,15.6161,7.0212,-1.4946,-4.0596,-2.6794
-10.0346,15.6161,7.0212,-1.3316,-4.9458,-2.0669
-5.2268,13.8938,5.0616,-1.1612,-5.226,-2.0041
-1.37,12.1858,3.3871,-0.9662,-5.1567,-2.0552
1.37,10.5401,1.2288,-0.8342,-4.8404,-2.1468
3.629,8.9112,-1.0636,-0.7426,-4.4303,-2.2586
5.6748,6.9874,-2.2876,-0.6531,-3.9658,-2.3662
8.5182,2.4887,-2.7739,-0.6531,-3.9658,-2.3662
8.7268,0.6395,-2.7237,-0.5359,-3.4375,-2.4578
8.7268,0.6395,-2.7237,-0.3186,-2.173,-2.4898
7.0284,-1.5954,-2.3858,-0.3186,-2.173,-2.4898
5.9289,-2.4839,-2.0242,-0.1897,-1.5338,-2.4333
5.9289,-2.4839,-2.0242,0.2343,-0.6816,-2.1937
5.0975,-3.3488,-1.7821,0.5081,-0.5324,-2.0009
4.3215,-4.3454,-1.593,0.5081,-0.5324,-2.0009
4.3215,-4.3454,-1.593,1.0354,-0.3066,-1.5268
3.8687,-4.4412,0.4575,1.0354,-0.3066,-1.5268
3.55,-4.2015,0.9367,1.3059,0.0736,-1.2168
3.55,-4.2015,0.9367,1.7544,0.9588,-0.4913
2.4025,-3.3345,0.1795,1.7544,0.9588,-0.4913
2.4025,-3.3345,0.1795,1.814,1.6235,0.3288
1.9497,-2.726,-0.884,1.6436,1.9196,0.773
2.2206,-1.1617,-2.8098,1.6436,1.9196,0.773
2.8075,0.2705,-3.0086,1.3677,2.1092,1.2066
2.8075,0.2705,-3.0086,0.654,1.8802,1.8926
3.1286,2.2685,-1.435,0.392,1.681,2.1855
2.3139,5.0784,1.3916,0.1331,1.8248,2.5616
0.4312,10.2334,3.5188,-0.0299,2.3361,3.0686
-8.6834,39.9445,20.1364,-0.0299,2.3361,3.0686
-8.5493,47.9621,17.5444,0.5517,2.756,3.6875
-3.2219,32.7053,15.4243,1.1323,2.4341,3.7834
-3.2219,32.7053,15.4243,0.8639,1.5915,2.2473
-4.5968,22.8218,18.8525,0.7573,2.367,2.2548
-6.1707,25.1142,16.9814,0.5709,2.9275,2.3027
-7.445,31.0381,11.6014,0.2503,2.5044,2.1578
-6.2856,32.4252,8.2812,-0.0171,2.366,1.736
-5.591,23.2312,7.644,-0.0171,2.366,1.736
-5.6173,19.8775,6.5637,-0.1492,2.4959,1.3611
-5.1645,17.2116,6.2377,-0.2003,2.4075,1.1437
-4.6232,14.8159,5.6102,-0.1929,2.0986,1.0628
-4.053,12.6482,4.7381,-0.1716,1.7151,1.0862
-3.514,10.3941,3.6556,-0.1673,1.4328,1.1427
-2.9439,7.7685,2.029,-0.1918,1.2943,1.1959
-2.1847,4.894,0.2561,-0.2621,1.2006,1.2769
-1.0229,2.3092,-1.3724,-0.3814,1.0909,1.4175
-1.0229,2.3092,-1.3724,-0.6861,1.1079,1.6135
-0.1125,-2.1152,-3.3752,-0.6861,1.1079,1.6135
-0.1125,-2.1152,-3.3752,-0.8864,1.3774,1.5389
-1.7821,-5.4545,-2.7715,-0.8864,1.3774,1.5389
-1.7821,-5.4545,-2.7715,-0.8224,1.4616,1.2993
-3.5212,-5.9169,-2.041,-0.8224,1.4616,1.2993
-4.4316,-5.2364,-1.8348,-0.6445,1.3412,1.0585
-4.4316,-5.2364,-1.8348,-0.1492,1.0536,0.5099
-4.3694,-3.2339,-0.4097,-0.1492,1.0536,0.5099
-3.4614,-2.5246,0.0526,0.1193,1.093,0.2521
-2.6949,-1.8252,-0.1699,0.3589,1.3433,0.0103
-2.2685,-1.1761,-0.4192,0.5155,1.6853,-0.1952
-2.5824,-0.5557,-0.5581,0.5997,1.9409,-0.3475
-2.5824,-0.5557,-0.5581,0.622,2.1305,-0.5179
-3.5978,0.2178,-0.5892,0.5283,2.0815,-0.5467
-5.6964,0.9582,-0.1436,0.425,1.9228,-0.486
-10.7341,4.671,5.0688,0.425,1.9228,-0.486
-10.7341,4.671,5.0688,0.8095,1.4967,-0.4774
-12.4516,11.2132,11.9964,1.6873,1.2645,-0.9069
-12.3486,24.314,15.6257,2.2295,0.4059,-1.6696
-9.9197,34.2601,7.1457,1.0151,-0.0765,-2.2725
-10.4659,27.8667,0.4982,-0.5945,1.2113,-2.33
-15.3357,16.9695,10.5976,-0.6904,1.6714,-2.1883
-19.528,13.4123,20.0119,0.1129,-0.3993,-2.3705
-24.4483,14.6171,18.8812,0.3121,-2.8015,-2.7966
-28.1324,23.4182,8.2956,0.3121,-2.8015,-2.7966
-22.3307,23.4925,6.0127,0.0852,-4.3525,-2.8488
-13.2423,20.7496,4.8629,-0.015,-5.3591,-2.4781
-5.2531,18.0163,3.8807,0.0766,-5.9045,-2.0978
0.0694,15.6664,2.8529,0.2268,-5.9099,-1.9721
2.7979,13.1821,1.4589,0.4122,-5.4795,-2.1042
2.7979,13.1821,1.4589,0.7648,-4.4505,-2.5218
4.1416,10.6287,0.424,0.8564,-4.0798,-2.5878
5.591,6.1085,-0.8744,0.8564,-4.0798,-2.5878
5.591,6.1085,-0.8744,0.8319,-3.2223,-2.4397
6.3,2.4169,-1.0564,0.8319,-3.2223,-2.4397
6.1875,0.9367,-0.7161,0.7904,-2.7056,-2.2704
6.1875,0.9367,-0.7161,0.8063,-1.7287,-1.7782
5.9959,-0.0239,-0.9056,0.8457,-1.5082,-1.5343
4.7189,-1.5643,-1.7007,0.8457,-1.5082,-1.5343
4.2568,-1.8324,-1.8228,0.9043,-1.3857,-1.2829
4.2568,-1.8324,-1.8228,1.1014,-1.1364,-0.7386
4.4436,-1.3437,-1.8492,1.1856,-0.9202,-0.4849
5.2843,-0.4168,-1.2312,1.2271,-0.5889,-0.2431
8.1663,0.8191,0.6036,1.2271,-0.5889,-0.2431
8.1663,0.8191,0.6036,1.0961,0.243,0.2234
9.9604,0.1843,0.8023,1.0961,0.243,0.2234
9.9604,0.1843,0.8023,0.5826,1.1228,0.7283
9.8479,-0.527,0.0694,0.2173,1.4009,0.9829
7.9457,-0.2705,-1.4517,0.2173,1.4009,0.9829
6.1348,0.9367,-1.6385,-0.1386,1.5596,1.2119
3.8735,2.999,-1.684,-0.4283,1.6853,1.4377
3.8735,2.999,-1.684,-0.8757,2.1295,1.9778
-1.303,12.4253,0.0454,-0.8757,2.1295,1.9778
-7.4307,23.9141,4.2688,-1.1271,2.6377,2.3283
-18.2102,39.7913,1.6935,-1.1335,3.5613,2.9237
-17.7194,42.661,0.4575,-1.1154,4.8225,4.0914
-17.7194,42.661,0.4575,-2.0187,3.4036,4.3161
-7.3469,24.2469,20.2082,-2.0187,3.4036,4.3161
-7.3469,24.2469,20.2082,-0.5359,1.175,2.7714
-13.3141,26.997,15.0316,-0.5764,1.9569,3.0441
-13.3668,33.7378,2.0171,-0.5764,1.9569,3.0441
-13.3668,33.7378,2.0171,-1.2784,1.9718,3.2295
-3.5021,22.5438,6.6762,-1.2784,1.9718,3.2295
-3.5021,22.5438,6.6762,-0.9929,1.7066,1.6945
-3.974,15.3716,3.1693,-0.9929,1.7066,1.6945
-3.974,15.3716,3.1693,-0.8629,1.7162,0.6484
-5.6892,12.4468,1.291,-0.9971,1.567,0.5813
-8.4943,6.5421,1.7773,-0.9971,1.567,0.5813
-8.3075,4.1608,1.8923,-1.0951,1.2794,0.7507
-8.3075,4.1608,1.8923,-1.1431,0.6371,1.0873
-7.2128,2.0075,0.8191,-1.1708,0.26,1.1043
-4.0626,-2.2732,-1.8276,-1.1708,0.26,1.1043
-3.5045,-4.3526,-2.4887,-1.1963,-0.1244,1.0212
-3.7753,-6.1372,-2.4456,-1.2251,-0.4014,0.8966
-3.7753,-6.1372,-2.4456,-1.2219,-0.5442,0.7517
-4.3526,-7.2559,-2.0817,-1.1409,-0.5633,0.7177
-4.5633,-7.3157,-1.5499,-0.9662,-0.6208,0.6143
-4.1296,-6.0869,-1.0253,-0.7479,-0.6635,0.3693
-2.6734,-2.5896,-0.2154,-0.7479,-0.6635,0.3693
-2.6734,-2.5896,-0.2154,-0.3143,-0.4941,-0.3443
-2.1679,-1.6912,0.2394,-0.1482,-0.2395,-0.6532
-1.7773,-1.2982,0.3905,-0.0193,0.0587,-0.8568
-1.2599,-0.6778,0.6299,-0.0193,0.0587,-0.8568
-1.2599,-0.6778,0.6299,0.1512,0.5689,-1.0528
-1.4972,-0.3378,-0.0909,0.1139,0.7042,-1.0922
-3.3057,-0.5078,0.0694,0.1139,0.7042,-1.0922
-3.3057,-0.5078,0.0694,0.0479,0.6424,-0.9963
-4.2473,1.5882,5.8304,0.0479,0.6424,-0.9963
-4.2473,1.5882,5.8304,0.4921,0.1215,-1.1167
-6.0534,21.0899,17.2068,0.4921,0.1215,-1.1167
-6.0534,21.0899,17.2068,1.8609,0.1758,-1.3351
-7.3708,40.5625,14.296,1.1429,0.7756,-1.448
-5.21,18.9387,19.6357,1.1429,0.7756,-1.448
-11.848,13.2351,23.6696,-0.1695,1.3423,-1.8762
-14.8183,18.2776,18.3757,-0.4091,1.011,-1.6536
-18.3063,22.134,14.8326,-0.5945,0.0395,-1.8336
-20.9148,20.0119,13.0792,-1.0398,-0.6656,-2.6091
-19.3553,16.4879,10.5305,-1.2421,-1.4485,-2.9457
-14.8422,14.3682,8.4272,-1.2219,-2.5416,-2.6325
-14.8422,14.3682,8.4272,-1.011,-4.1107,-1.9007
-5.0353,12.1212,5.1669,-1.011,-4.1107,-1.9007
-5.0353,12.1212,5.1669,-0.5444,-4.7338,-1.8326
0.7425,9.6034,0.8406,-0.5444,-4.7338,-1.8326
3.3943,8.0582,-0.7353,-0.3623,-4.5613,-1.9029
5.8639,6.2641,-1.3221,-0.2579,-4.2002,-2.0147
7.668,4.3981,-1.1809,-0.178,-3.7517,-2.1649
8.3865,2.7237,-1.0253,-0.0768,-3.2553,-2.3321
8.2525,1.4086,-1.2599,0.0447,-2.7099,-2.4461
7.5985,0.3115,-1.5475,0.147,-2.124,-2.4802
6.8127,-0.7329,-1.5643,0.2077,-1.5497,-2.4568
5.9935,-1.6935,-1.4709,0.2609,-1.0416,-2.3982
5.1023,-2.5992,-1.739,0.3398,-0.6453,-2.3044
5.1023,-2.5992,-1.739,0.5422,-0.2331,-1.9295
4.3813,-4.1847,-1.3006,0.5422,-0.2331,-1.9295
4.4005,-4.5968,-1.2048,0.6849,-0.1234,-1.6451
4.4005,-4.5968,-1.2048,0.9288,0.1577,-0.9441
4.5633,-4.5537,-1.4517,0.932,0.4347,-0.5371
4.5561,-4.132,-1.5906,0.8777,0.8054,-0.094
3.7729,-2.8338,-1.1881,0.8777,0.8054,-0.094
3.4973,-2.2086,-1.0564,0.8244,1.1825,0.381
3.3321,-1.5762,-1.3126,0.7989,1.5138,0.8487
3.186,-0.8143,-1.8707,0.7935,1.7854,1.278
3.186,-0.8143,-1.8707,0.7094,2.0837,2.0364
2.9679,0.1316,-1.7486,0.67,2.17,2.4028
2.6399,1.4541,-0.9008,0.5784,2.2893,2.7672
2.0937,8.7867,1.6672,0.5784,2.2893,2.7672
2.0937,8.7867,1.6672,-0.0416,2.7869,3.4223
-6.3239,29.8452,15.5491,-0.0416,2.7869,3.4223
-18.227,43.2096,20.7688,0.1768,3.1597,3.8015
-18.227,43.2096,20.7688,1.1888,2.2413,4.4429
-8.5015,28.9758,15.9489,1.1888,2.2413,4.4429
-4.8605,27.6844,18.4404,1.1152,1.4009,4.0807
-2.8434,34.1978,16.6989,1.1909,1.4552,3.8217
-2.8434,34.1978,16.6989,1.2069,2.6122,2.879
-0.6395,35.8842,11.9078,0.9608,2.0453,1.9981
0.4025,30.008,7.9218,0.6945,2.2168,1.4132
-3.7633,23.4541,8.8298,0.4729,2.855,1.2322
-6.9467,15.9992,5.3516,0.4729,2.855,1.2322
-6.9467,15.9992,5.3516,0.034,2.4373,1.1384
-6.3575,13.0073,5.2627,-0.1173,1.73,1.1874
-5.3636,10.2836,4.5058,-0.2728,1.0973,1.2322
-4.7117,7.893,3.3129,-0.4624,0.7042,1.2439
-4.4173,5.5024,1.4374,-0.7053,0.4347,1.2396
-3.7849,2.8266,-0.685,-0.9854,0.2227,1.2119
-2.1104,-2.3906,-1.9593,-0.9854,0.2227,1.2119
-2.1104,-2.3906,-1.9593,-1.2922,0.2227,0.9872
-2.2421,-4.5848,-1.569,-1.2421,0.3292,0.8082
-4.144,-6.6546,-0.6012,-1.2421,0.3292,0.8082
-4.144,-6.6546,-0.6012,-0.815,0.4507,0.3651
-5.5958,-3.828,0.1197,-0.815,0.4507,0.3651
-5.5958,-3.828,0.1197,-0.1727,0.179,-0.3358
-4.1656,-0.043,-0.1412,-0.1727,0.179,-0.3358
-4.1656,-0.043,-0.1412,0.0191,-0.0712,-1.1529
-2.58,-0.3785,-0.4384,0.0191,-0.0712,-1.1529
-2.5369,-0.776,-0.4264,-0.0565,0.0651,-1.3883
-2.9774,-0.5653,0.0837,-0.178,0.2547,-1.4778
-3.629,0.3139,1.1761,-0.2962,0.3761,-1.4821
-4.3742,1.7989,3.198,-0.3697,0.3708,-1.4853
-4.3742,1.7989,3.198,-0.309,-0.1181,-1.6696
-6.0869,10.7388,12.2337,-0.309,-0.1181,-1.6696
-8.5589,23.6529,14.9646,0.0159,-0.4099,-1.872
-8.4225,34.3343,12.1236,0.6476,-0.5228,-2.052
-5.1741,27.4785,13.2303,1.0726,-0.4344,-2.1148
-8.7675,17.07,22.4408,0.4228,-0.1085,-2.4419
-8.7675,17.07,22.4408,-0.309,-0.1916,-2.3897
-12.5402,15.8412,21.0154,-0.6882,-1.0896,-2.4738
-15.3812,20.3997,14.4017,-0.6882,-1.0896,-2.4738
-14.8781,17.6569,13.5966,-1.1292,-1.8224,-2.755
-12.126,15.0053,11.6852,-1.2922,-2.3445,-2.7135
-9.1386,13.1749,9.2009,-1.1857,-2.7813,-2.4546
-9.1386,13.1749,9.2009,-0.6818,-3.6058,-2.0072
-6.2904,11.8312,7.0667,-0.3857,-3.7442,-1.9178
-1.5667,8.8274,2.0865,-0.3857,-3.7442,-1.9178
0.9798,7.1098,0.4408,-0.1194,-3.6537,-1.9018
0.9798,7.1098,0.4408,0.3525,-3.1019,-2.0488
3.6724,5.0592,-0.1891,0.6039,-2.7088,-2.1777
7.5073,1.4302,-0.7041,0.6039,-2.7088,-2.1777
7.6847,0.4599,-1.382,0.8351,-2.2508,-2.3044
6.9467,-0.0933,-1.9162,1.0087,-1.7447,-2.3598
6.2186,-0.4743,-1.7366,1.1206,-1.2483,-2.2906
6.0797,-0.7401,-0.4264,1.1845,-0.7817,-2.1063
6.7097,-0.6443,0.7137,1.2985,-0.395,-1.8517
8.3554,0.673,0.0837,1.535,-0.1138,-1.5748
10.8107,3.0974,-2.1296,1.8204,0.0587,-1.3308
10.8107,3.0974,-2.1296,1.732,0.6477,-1.0997
11.1031,2.0649,-2.0865,1.732,0.6477,-1.0997
7.5192,-1.842,0.1316,1.3389,1.5479,-0.8472
4.7165,-3.8663,0.3642,1.0045,2.5759,-0.2942
2.6518,-3.7059,-0.6802,0.7946,3.2929,0.4524
2.6518,-3.7059,-0.6802,0.3696,3.426,1.7946
0.213,-1.4805,-3.8447,0.3696,3.426,1.7946
0.213,-1.4805,-3.8447,-0.4294,2.8657,2.6596
-0.3306,-0.2729,-3.5835,-0.7724,2.4725,3.0026
-0.8649,0.9917,-2.8458,-1.077,2.0943,3.2998
-1.5331,2.9104,-2.1823,-1.436,1.8792,3.5458
-5.2005,13.0768,0.7879,-1.436,1.8792,3.5458
-11.3928,25.1693,5.7873,-1.8003,1.9612,3.8047
-22.7811,37.2807,12.1978,-1.8941,2.4182,4.2309
-21.6959,38.5912,14.7321,-1.5106,2.919,5.0682
-21.6959,38.5912,14.7321,-0.3921,0.1322,4.8434
-3.2339,25.9118,18.1983,-0.3921,0.1322,4.8434
-3.2339,25.9118,18.1983,0.5166,0.0022,2.6574
-6.5206,29.5938,14.4807,0.5166,0.0022,2.6574
-6.5206,29.5938,14.4807,0.7914,0.7926,2.0055
-4.7429,27.7275,8.4895,0.5667,0.6733,1.6433
-4.1536,20.2489,8.7508,0.5667,0.6733,1.6433
-3.1358,17.214,6.7073,0.409,1.0472,1.2439
-2.817,14.5142,6.6522,0.2045,1.2496,0.837
-2.393,12.0251,6.4799,0.0074,1.2773,0.5323
-1.6672,9.6609,5.4498,-0.1087,1.2666,0.3736
-1.6672,9.6609,5.4498,-0.2355,0.9343,0.2575
-1.6457,5.2723,2.0745,-0.2355,0.9343,0.2575
-1.6457,5.2723,2.0745,-0.5838,0.6414,0.2298
-2.7404,0.8047,-1.1905,-0.5838,0.6414,0.2298
-3.4949,-1.6624,-1.6552,-0.8917,0.5977,0.2777
-4.0818,-3.9214,-1.6505,-1.1836,0.5689,0.3991
-4.5298,-5.7131,-1.5164,-1.3785,0.5007,0.5366
-5.2483,-7.1649,-1.423,-1.4626,0.3793,0.593
-5.8855,-7.7111,-1.6169,-1.4371,0.1897,0.5568
-6.2306,-6.9994,-1.212,-1.3242,-0.0797,0.4705
-6.2306,-6.9994,-1.212,-0.8544,-0.5921,0.1115
-6.0294,-5.0999,-0.7712,-0.6115,-0.7178,-0.16
-4.6567,-1.2288,-0.7425,-0.6115,-0.7178,-0.16
-3.6385,-0.1556,-0.7065,-0.4272,-0.7966,-0.438
-2.2972,0.527,-0.5988,-0.2856,-0.8073,-0.6926
-2.2972,0.527,-0.5988,-0.1727,-0.5676,-1.171
-0.6347,0.7233,0.4647,-0.1727,-0.5676,-1.171
-1.1186,0.7855,0.9822,-0.178,-0.4025,-1.3947
-2.2637,1.0133,3.1884,-0.2653,-0.2715,-1.5588
-2.2637,1.0133,3.1884,-0.2866,-0.2086,-1.6355
-3.2698,2.4624,8.4464,0.2002,-0.2011,-1.758
-3.816,7.8811,15.2256,0.9256,-0.0382,-1.9977
-7.9194,39.7338,11.0767,0.9256,-0.0382,-1.9977
-2.8458,33.1677,9.97,1.372,-0.0009,-2.0499
-2.8458,33.1677,9.97,0.1193,-0.2097,-2.7146
-11.7522,9.9939,20.2657,0.1193,-0.2097,-2.7146
-12.7248,13.6325,14.7393,0.1651,-0.1649,-2.3108
-13.0313,18.1959,13.4985,-0.1641,-0.5303,-1.9582
-13.0313,18.1959,13.4985,-0.9961,-2.1507,-2.5015
-14.2266,17.7266,13.4913,-1.0653,-2.8548,-2.5058
-10.1615,13.4578,9.1458,-1.0653,-2.8548,-2.5058
-10.1615,13.4578,9.1458,-1.0291,-3.9637,-2.1415
-7.0524,12.5282,6.8414,-0.9769,-4.2151,-1.9827
-4.0004,12.0539,5.4114,-0.8874,-4.1544,-1.9316
-1.3892,11.376,4.288,-0.7702,-3.8998,-1.9827
0.9439,10.3917,2.7644,-0.6893,-3.5972,-2.1361
2.9463,9.1338,1.2216,-0.6456,-3.3096,-2.3353
4.065,7.536,0.2801,-0.635,-2.9986,-2.4845
3.8687,3.9764,-1.0205,-0.635,-2.9986,-2.4845
3.8687,3.9764,-1.0205,-0.6669,-2.2795,-2.4717
2.7548,1.7295,-1.3174,-0.6669,-2.2795,-2.4717
2.8122,1.3006,-1.4012,-0.6733,-1.9566,-2.3204
2.8122,1.3006,-1.4012,-0.6414,-1.6616,-2.0307
3.3848,1.1929,-1.0301,-0.5593,-1.6403,-1.9881
4.1847,1.0564,-0.9223,-0.5593,-1.6403,-1.9881
4.1153,0.7161,-1.569,-0.4571,-1.5604,-1.9678
4.1153,0.7161,-1.569,-0.3228,-1.227,-1.7793
3.593,-1.1282,-2.12,-0.3228,-1.227,-1.7793
3.593,-1.1282,-2.12,-0.2057,-1.1279,-1.3734
3.2483,-4.2257,-1.909,-0.2057,-1.1279,-1.3734
3.2483,-4.2257,-1.909,0.1352,-1.146,-0.8323
5.9457,-5.4689,-3.6963,0.1352,-1.146,-0.8323
5.9457,-5.4689,-3.6963,0.5507,-0.5005,-0.4806
9.0572,-4.985,-4.2568,0.7797,0.537,-0.4572
12.6096,-4.0147,-4.3837,0.7797,0.537,-0.4572
11.2563,-3.6771,-3.5332,1.029,1.7577,-0.373
8.4847,-3.0684,-1.7534,1.2889,2.8486,-0.095
5.615,-1.6026,0.5222,1.5978,3.6572,0.4055
5.615,-1.6026,0.5222,2.2753,5.0473,1.9235
1.0277,9.0716,4.156,2.2753,5.0473,1.9235
1.0277,9.0716,4.156,1.862,5.9325,3.7152
-5.21,21.5496,13.3404,2.5597,7.3473,4.5185
-20.0717,41.1973,19.7386,2.1166,7.116,5.2695
-32.4324,56.7225,13.2566,1.9216,4.1994,6.0237
-21.9234,43.6409,20.2298,1.5648,2.6867,5.4964
-7.9696,33.6157,20.3495,1.4742,2.8657,4.1734
1.0564,38.5768,12.4372,1.4742,2.8657,4.1734
-8.456,31.5244,10.9208,1.1674,2.7954,2.3613
-13.6158,22.7137,8.4033,0.67,2.9062,1.3685
-13.6158,22.7137,8.4033,-0.309,3.4217,1.8244
-12.8541,14.1955,3.7777,-0.309,3.4217,1.8244
-12.8541,14.1955,3.7777,-1.1069,2.5568,2.259
-10.9834,12.126,3.4685,-1.1718,1.4136,2.1674
-9.0931,6.2617,2.7452,-1.1718,1.4136,2.1674
-9.0931,6.2617,2.7452,-0.8523,-0.6347,1.6561
-7.4809,3.7418,0.5725,-1.0355,-1.3452,1.4218
-2.223,-1.0803,-1.1761,-1.0355,-1.3452,1.4218
-2.223,-1.0803,-1.1761,-1.4381,-1.7543,1.2726
0.3953,-3.066,-0.4887,-1.3902,-1.2919,1.0905
2.2158,-4.4125,-0.9487,-1.2816,-0.6571,0.7517
0.3426,-5.3755,-1.7271,-1.2816,-0.6571,0.7517
0.3426,-5.3755,-1.7271,-0.9066,0.2291,-0.0833
-2.2732,-4.5106,-1.3916,-0.6509,0.4326,-0.5307
-5.524,-1.8013,-0.067,-0.6509,0.4326,-0.5307
-5.7251,-1.1091,-0.1963,-0.3718,0.5316,-0.9388
-5.7251,-1.1091,-0.1963,-0.0193,0.5327,-1.334
-5.5192,-1.3245,-0.6156,0.0585,0.587,-1.3287
-5.2627,-1.8683,-0.1747,0.1459,0.5924,-1.2999
-5.0592,-1.8133,-0.067,0.1651,0.4581,-1.2872
-5.4186,-1.1546,-0.5222,0.0841,0.1876,-1.2392
-6.3862,-0.0837,-0.4551,-0.0384,-0.1724,-1.1284
-9.1458,2.7452,3.0564,-0.0384,-0.1724,-1.1284
-9.9652,5.9313,9.8862,-0.146,-0.4802,-0.9718
-9.9652,5.9313,9.8862,0.6796,-1.0981,-1.0049
-8.5948,34.0374,19.8943,0.6796,-1.0981,-1.0049
-5.6006,44.75,12.5162,1.6276,-1.6499,-1.5449
-3.5595,27.3348,21.3939,1.1312,-1.9705,-1.9657
-5.0975,14.8518,26.5729,-0.4816,-1.3697,-1.8837
-7.4929,16.9814,21.5591,-0.9247,-0.8264,-1.5087
-11.5654,19.686,20.5174,-1.3945,-1.1407,-1.6365
-11.5654,19.686,20.5174,-1.9143,-1.1183,-3.0054
-16.1863,16.227,11.7857,-1.9143,-1.1183,-3.0054
-16.1863,16.227,11.7857,-1.4776,-2.7152,-2.7433
-14.4711,13.6852,5.9864,-1.4083,-3.9743,-2.4834
-7.747,8.7026,1.9114,-1.4083,-3.9743,-2.4834
-7.747,8.7026,1.9114,-0.9556,-5.683,-2.2576
1.7917,5.8137,0.8936,-0.9556,-5.683,-2.2576
5.579,4.5753,-0.6443,-0.5625,-5.7011,-2.3662
5.579,4.5753,-0.6443,-0.0395,-4.6998,-2.6134
9.6513,1.6648,-2.7213,-0.0395,-4.6998,-2.6134
9.6513,1.6648,-2.7213,0.2141,-3.2106,-2.5303
8.6044,-0.6874,-3.7418,0.2141,-3.2106,-2.5303
7.9984,-1.3054,-4.2736,0.3589,-2.4542,-2.3481
7.9984,-1.3054,-4.2736,0.7275,-1.195,-1.987
7.8523,-1.8037,-4.5489,0.9917,-0.7093,-1.8262
8.0439,-2.9631,-2.8984,0.9917,-0.7093,-1.8262
8.0223,-3.3153,-1.2192,1.324,-0.2587,-1.6525
8.0223,-3.3153,-1.2192,2.1283,0.9141,-1.1529
7.8667,-3.4111,0.2801,2.4734,1.6065,-0.8419
7.3397,-3.2794,0.6491,2.6407,2.236,-0.4998
6.5445,-2.8649,-0.3163,2.5949,2.6942,-0.1344
5.7083,-2.2349,-1.5834,2.3829,2.9669,0.2532
4.1081,-0.6778,-3.1836,2.3829,2.9669,0.2532
3.5523,0.3211,-3.0157,2.0527,3.1299,0.6537
2.647,1.2934,-2.0051,1.6543,3.2492,1.0575
1.4876,2.8146,-1.9018,1.2782,3.3365,1.4995
1.4876,2.8146,-1.9018,0.3632,3.345,2.5637
0.594,5.8759,-2.7644,-0.3388,3.1917,3.0463
-1.8587,21.6432,9.4789,-0.3388,3.1917,3.0463
-1.8587,21.6432,9.4789,0.0713,3.1128,3.6225
-10.1998,39.7865,25.9142,1.1738,3.213,3.6087
-19.1446,37.9085,14.0518,1.1738,3.213,3.6087
-19.1446,37.9085,14.0518,1.2122,2.1167,3.4851
-16.3826,26.7863,16.8641,1.274,2.2413,3.5054
-4.8677,32.7508,8.6164,1.274,2.2413,3.5054
-1.1067,29.1003,7.5216,1.0567,2.1146,2.944
-4.0195,23.0732,9.0452,0.6135,1.2421,1.9054
-4.0195,23.0732,9.0452,0.1331,1.7641,0.7347
-7.3373,13.7403,5.2866,0.1331,1.7641,0.7347
-7.2942,10.4779,5.2268,-0.1844,1.9058,0.7453
-6.0366,8.1567,4.7668,-0.4848,1.6214,0.9627
-6.0366,8.1567,4.7668,-0.8011,0.3111,1.3994
-3.2555,4.9084,0.7065,-0.8011,0.3111,1.3994
-3.2555,4.9084,0.7065,-1.1953,-0.3364,1.1757
-2.0602,2.7021,-1.2072,-1.42,-0.4696,1.0415
0.2923,-1.8468,-0.8239,-1.42,-0.4696,1.0415
0.2923,-1.8468,-0.8239,-1.5298,-0.3822,0.8338
1.4948,-3.2938,-0.4958,-1.4499,-0.2683,0.6484
1.6241,-4.1871,-0.6515,-1.3412,-0.0861,0.4588
0.5964,-4.5657,-0.8505,-1.1846,0.1652,0.3043
-2.0578,-3.8783,-0.6132,-1.1846,0.1652,0.3043
-2.8266,-3.1286,-0.752,-0.9513,0.4272,0.136
-3.356,-2.8362,-0.8215,-0.6989,0.6243,-0.095
-3.356,-2.8362,-0.8215,-0.3442,0.8097,-0.633
-4.0267,-2.7021,-0.4935,-0.3442,0.8097,-0.633
-4.2401,-2.2254,-0.1436,-0.2025,0.9428,-0.7971
-4.2401,-2.2254,-0.1436,0.082,1.125,-0.9154
-4.4412,-1.3437,0.055,0.1299,1.0184,-0.9633
-4.7429,-0.1556,-0.4049,0.0607,0.7202,-1.0017
-6.3958,2.1033,1.1881,0.0607,0.7202,-1.0017
-6.7312,3.7849,4.0937,-0.0427,0.277,-0.99
-6.7312,3.7849,4.0937,-0.0406,-0.4291,-1.0848
-6.906,7.2918,11.5271,0.5848,-0.3886,-1.3255
-8.4727,34.1523,15.1274,0.5848,-0.3886,-1.3255
-6.3622,35.6807,10.1352,1.2889,-0.1298,-1.6429
-8.693,20.8525,19.6692,0.9512,0.0651,-2.0403
-8.693,20.8525,19.6692,-0.2398,0.277,-2.2831
-18.1336,16.2293,18.0355,-0.2398,0.277,-2.2831
-19.8847,20.1531,14.8518,-0.3591,-0.5633,-2.1766
-19.5256,20.0622,13.0457,-0.6637,-1.6019,-2.4706
-19.5256,20.0622,13.0457,-0.8491,-4.0148,-2.5782
-11.8384,15.9082,7.8164,-0.8491,-4.0148,-2.5782
-11.8384,15.9082,7.8164,-0.7468,-5.357,-2.2267
-3.0564,13.0888,2.908,-0.7468,-5.357,-2.2267
-3.0564,13.0888,2.908,-0.6392,-5.8193,-1.9295
0.5796,12.0706,0.6658,-0.5721,-5.5999,-1.7867
4.2233,11.1438,-1.0061,-0.5572,-4.9799,-1.7218
12.7536,6.9324,-2.0219,-0.5572,-4.9799,-1.7218
14.5381,3.2914,-1.9425,-0.5881,-4.0979,-1.8624
12.7871,-0.4168,-2.1607,-0.6126,-3.07,-2.1851
12.7871,-0.4168,-2.1607,-0.5338,-1.1844,-2.3748
7.4498,-4.7767,-2.3068,-0.5338,-1.1844,-2.3748
6.5206,-5.5048,-2.0266,-0.3857,-0.5346,-2.0797
6.4894,-5.3923,-1.303,-0.1567,-0.0669,-1.7005
6.4894,-5.3923,-1.303,0.524,0.5774,-1.1689
5.3106,-3.4518,0.3259,0.524,0.5774,-1.1689
5.3106,-3.4518,0.3259,1.1142,0.9662,-0.7045
1.8899,-2.5127,-0.6203,1.1142,0.9662,-0.7045
1.8899,-2.5127,-0.6203,1.1302,1.2411,0.0615
0.4623,-2.6949,-1.502,0.9778,1.4115,0.5653
0.0598,-2.8482,-2.6949,0.9778,1.4115,0.5653
0.8984,-2.4097,-2.7213,0.7754,1.5095,1.0926
1.8994,-1.4613,-2.2158,0.5549,1.4605,1.5879
2.5417,0.0837,-1.0492,0.36,1.3093,2.0151
2.7237,2.5465,0.2418,0.2364,1.1111,2.3709
2.7237,2.5465,0.2418,0.0543,0.8395,2.9717
2.2565,6.3838,1.8444,0.1001,0.8256,3.2582
1.3126,13.0193,8.4727,1.209,0.8118,3.6492
-5.9361,47.9405,16.3036,1.209,0.8118,3.6492
-5.9361,47.9405,16.3036,1.5957,1.5915,2.9568
-0.0167,43.0085,6.918,1.5147,1.5127,1.9448
-1.6241,26.5992,21.4945,1.8055,2.3787,1.9246
-6.2593,23.3105,22.3546,1.7171,3.5709,2.2218
-4.8533,26.549,15.8915,1.2207,3.2907,2.2313
-3.5476,26.6064,9.1051,1.2207,3.2907,2.2313
-3.5476,26.6064,9.1051,0.4303,2.8774,1.5304
-4.7285,19.3795,6.9659,0.4303,2.8774,1.5304
-4.7285,19.3795,6.9659,0.0042,2.5898,0.9967
-4.7982,16.124,6.7145,-0.0715,2.3617,0.9424
-4.8605,10.3004,3.8447,-0.0715,2.3617,0.9424
-4.8605,10.3004,3.8447,-0.2248,1.7673,1.1192
-5.131,7.4857,1.2527,-0.309,1.3007,1.2641
-5.0592,4.7213,-1.1785,-0.3516,0.88,1.3216
-4.7285,1.8468,-2.1918,-0.3473,0.6595,1.2428
-4.1967,-3.9477,-1.9955,-0.3473,0.6595,1.2428
-4.1967,-3.9477,-1.9955,-0.2685,0.4539,0.8348
-4.1081,-6.6067,-0.697,-0.1343,0.2621,0.6175
-3.1286,-8.4177,0.1364,-0.1343,0.2621,0.6175
-3.1286,-8.4177,0.1364,0.2758,0.0118,0.1318
-1.1186,-4.6471,-0.4551,0.2758,0.0118,0.1318
-0.2274,-2.659,-0.4958,0.3962,0.0704,-0.1504
-0.2274,-2.659,-0.4958,0.2758,0.6179,-0.7386
-0.0814,-1.4924,-0.0023,0.1395,1.142,-0.9452
-1.2192,-0.9391,0.0095,-0.0512,1.567,-1.0326
-6.2593,1.212,0.237,-0.0512,1.567,-1.0326
-6.2593,1.212,0.237,-0.2888,1.5511,-1.0453
-11.2994,9.8551,10.231,-0.2888,1.5511,-1.0453
-13.1342,22.9271,14.9742,-0.0065,1.2315,-1.1945
-14.2338,36.1955,10.8681,0.7477,0.6541,-1.6408
-14.2338,36.1955,10.8681,0.4942,-0.0957,-2.4791
-16.8713,15.1633,15.3166,0.4942,-0.0957,-2.4791
-17.5348,11.8001,23.66,-0.635,0.2451,-2.3183
-17.5348,11.8001,23.66,-0.587,-2.2625,-2.4003
-17.2571,18.3255,18.3422,-0.8959,-3.8092,-3.2174
-18.9267,25.5766,14.744,-1.0643,-4.6944,-3.4453
-19.0656,26.2904,12.8996,-1.0067,-5.2611,-3.1247
-7.7446,19.0536,8.9926,-1.0067,-5.2611,-3.1247
-7.7446,19.0536,8.9926,-0.7617,-5.6947,-2.5207
-1.9835,16.7085,7.6728,-0.6169,-5.5189,-2.4344
4.7429,12.6841,3.3991,-0.6169,-5.5189,-2.4344
4.7429,12.6841,3.3991,-0.3697,-4.5847,-2.4706
8.2956,7.3445,-0.2585,-0.3697,-4.5847,-2.4706
8.2956,7.3445,-0.2585,-0.3292,-3.0646,-2.607
8.3674,4.0363,-0.9463,-0.2376,-2.3062,-2.5484
7.7326,-0.5725,-1.9138,-0.2376,-2.3062,-2.5484
7.7326,-0.5725,-1.9138,0.0468,-1.2206,-2.1202
7.1003,-1.3724,-2.1775,0.2077,-0.7998,-1.791
6.5253,-1.7366,-2.0817,0.4047,-0.427,-1.432
5.0831,-2.0482,-0.7784,0.4047,-0.427,-1.432
5.0831,-2.0482,-0.7784,0.9555,0.3963,-0.6127
4.6208,-1.8204,0.1436,1.2207,0.8363,-0.2122
5.3468,-1.4062,-0.2442,1.2207,0.8363,-0.2122
5.3468,-1.4062,-0.2442,1.3059,1.3764,0.4663
5.682,-2.6351,-2.2421,1.3059,1.3764,0.4663
5.682,-2.6351,-2.2421,0.8042,1.4083,1.1565
5.3273,-3.4973,-3.0588,0.4921,1.3572,1.5794
4.5633,-3.9908,-3.4709,0.245,1.3348,2.0801
3.435,-3.5667,-3.0636,0.0884,1.3487,2.6585
1.224,2.3882,-1.5164,0.0884,1.3487,2.6585
0.2011,8.0941,0.6395,-0.0587,1.3327,3.2902
-1.5307,17.6832,9.0596,-0.2685,1.2528,3.9272
-1.5307,17.6832,9.0596,0.7776,1.6789,5.2994
-9.3544,36.6052,24.2972,1.6894,2.2424,5.4613
-7.9601,52.3315,10.576,0.7147,1.4392,3.8601
-0.7041,20.5006,19.2691,0.7147,1.4392,3.8601
-0.7041,20.5006,19.2691,1.0556,1.6001,2.4998
-3.131,20.1436,18.6942,0.9555,3.116,2.5275
-0.6754,24.5561,13.6301,0.5677,3.4686,2.2356
-4.9227,25.2627,8.3674,0.5677,3.4686,2.2356
-7.1481,21.8731,6.9635,0.245,3.7552,1.8532
-7.1481,21.8731,6.9635,-0.1279,3.6337,1.0149
-8.5517,14.1141,4.2832,-0.1279,3.6337,1.0149
-8.1109,11.5415,3.9644,-0.2664,2.9616,0.7475
-7.2271,9.4238,3.3512,-0.3495,2.2701,0.6388
-7.2271,9.4238,3.3512,-0.4549,1.3103,0.576
-6.2761,7.3421,2.4672,-0.5508,0.9535,0.543
-4.8629,2.1703,-0.4815,-0.5508,0.9535,0.543
-4.2185,-0.6347,-1.4039,-0.7383,0.5924,0.543
-4.2185,-0.6347,-1.4039,-1.2113,-0.0147,0.625
-3.6194,-3.21,-2.0985,-1.4019,-0.2374,0.6143
-3.0852,-5.0951,-2.7237,-1.5393,-0.3716,0.4982
-3.0349,-6.1228,-2.8553,-1.5766,-0.3812,0.3022
-3.8878,-6.4293,-2.2445,-1.4637,-0.3173,0.0977
-5.9648,-4.8413,-0.3594,-1.4637,-0.3173,0.0977
-5.9648,-4.8413,-0.3594,-0.9375,-0.4302,-0.3869
-6.0175,-3.3201,0.2561,-0.6573,-0.6837,-0.729
-4.6471,-0.4623,0.6203,-0.6573,-0.6837,-0.729
-4.1632,0.3809,0.6754,-0.4358,-0.8797,-1.1082
-3.7514,0.7496,0.7257,-0.2664,-0.9276,-1.4331
-3.0974,0.7855,0.4982,-0.1205,-0.835,-1.6632
-3.0974,0.7855,0.4982,-0.0161,-0.6251,-1.9476
-2.0841,0.4982,-0.2971,-0.0161,-0.6251,-1.9476
-2.0841,0.4982,-0.2971,-0.2845,-0.7615,-2.1809
-3.1214,-0.0047,0.4599,-0.2845,-0.7615,-2.1809
-3.9285,0.4671,3.4207,-0.488,-1.0224,-2.2395
-3.9285,0.4671,3.4207,-0.3868,-1.6786,-2.3726
-3.986,3.1597,12.2457,0.6402,-1.3708,-2.673
-3.804,11.9461,26.1057,2.2071,-0.2704,-3.0608
-2.9511,40.4524,16.0809,2.2071,-0.2704,-3.0608
-6.3287,20.1436,22.0838,2.3722,0.93,-3.1684
-6.3287,20.1436,22.0838,0.4942,1.2294,-1.8272
-11.5607,8.0151,23.4494,-0.2749,-0.4536,-1.1625
-14.8135,18.5146,17.8104,-0.2749,-0.4536,-1.1625
-18.2584,19.7961,16.1623,-1.0174,-1.6797,-1.6515
-18.2584,19.7961,16.1623,-1.142,-3.4982,-2.5452
-18.0211,16.0737,12.4779,-0.9364,-4.1714,-2.33
-12.1427,13.2279,8.9662,-0.7521,-4.785,-2.2331
-5.2723,11.8216,6.2545,-0.5668,-5.1344,-2.3066
-0.1723,10.7197,4.5681,-0.3335,-4.8223,-2.4483
6.1348,7.4019,2.5632,-0.3335,-4.8223,-2.4483
6.1348,7.4019,2.5632,0.1991,-3.1893,-2.7529
8.1423,3.6074,1.3461,0.1991,-3.1893,-2.7529
7.0018,1.581,1.315,0.4665,-2.4404,-2.8115
5.6987,0.0191,0.7712,0.7435,-1.8033,-2.6965
4.7982,-0.8864,-0.0814,1.0087,-1.2674,-2.46
4.6136,-1.3988,-0.8864,1.2324,-0.8584,-2.199
4.6136,-1.3988,-0.8864,1.5744,-0.3386,-1.7537
5.0089,-1.9835,-1.4541,1.7235,-0.1159,-1.5439
6.9707,-2.9679,-2.1894,1.7235,-0.1159,-1.5439
6.9707,-2.9679,-2.1894,1.912,0.3878,-1.0688
7.7135,-3.1477,-2.7045,1.8801,0.8118,-0.7407
7.9074,-3.356,-2.647,1.8077,1.3348,-0.3102
7.6369,-3.4997,-1.8587,1.7363,1.8557,0.1893
7.1745,-3.2555,-1.1162,1.6383,2.2435,0.7177
5.4067,-1.7845,-1.5978,1.6383,2.2435,0.7177
5.4067,-1.7845,-1.5978,1.2037,2.5919,1.785
2.8266,0.1125,-2.1009,1.2037,2.5919,1.785
1.5044,1.423,-1.909,0.9033,2.7155,2.3027
1.5044,1.423,-1.909,0.3153,2.9381,3.2838
0.1053,3.3225,-1.2623,-0.0043,3.0074,3.7759
-3.9477,9.2368,-0.6036,-0.0043,3.0074,3.7759
-3.9477,9.2368,-0.6036,-0.8256,2.5332,4.5356
-11.7402,19.7458,11.0312,-0.8256,2.5332,4.5356
-24.5824,30.1088,21.9928,-0.7788,1.4722,4.6783
-24.5824,30.1088,21.9928,1.4412,-0.2832,5.8938
-15.2878,38.3156,1.8468,1.4412,-0.2832,5.8938
1.4374,31.4358,8.3051,1.209,-1.1109,6.3912
1.4374,31.4358,8.3051,1.8662,-3.2905,4.2671
15.8412,33.9581,10.588,2.1336,-3.0156,1.8468
17.5492,28.5804,16.27,2.1336,-3.0156,1.8468
8.8393,20.5174,14.6459,2.2625,-1.456,-0.0567
1.5188,17.3935,11.8647,2.0505,0.6957,-0.5264
-0.776,17.4462,6.3982,1.5424,3.1107,0.0615
-0.776,17.4462,6.3982,0.0372,4.9866,1.4111
-1.3054,16.9,6.7432,-0.4539,4.9024,1.5986
-1.2312,15.6832,6.2737,-0.8395,4.4667,1.4548
-0.685,14.4903,4.132,-1.125,3.5389,1.0788
-0.594,12.7799,0.987,-1.3284,2.4096,0.6655
-3.3105,6.6259,-2.2493,-1.3284,2.4096,0.6655
-3.3105,6.6259,-2.2493,-1.4861,0.9982,0.1999
-4.2904,2.9463,-2.4911,-1.5606,0.7777,0.1744
-4.7548,-0.448,-2.7524,-1.6693,0.7042,0.299
-5.1813,-3.3848,-2.9224,-1.7375,0.6499,0.5302
-5.6006,-6.9874,-3.3584,-1.7375,0.6499,0.5302
-5.6006,-6.9874,-3.3584,-1.484,0.5796,0.7965
-5.4067,-7.1601,-2.829,-1.1175,0.6286,0.5366
-4.671,-6.3622,-1.8037,-0.7095,0.6435,0.0007
-3.8759,-5.064,-0.9032,-0.407,0.6179,-0.6234
-3.5667,-2.3307,-0.6754,-0.407,0.6179,-0.6234
-4.2736,-1.7127,-0.3426,-0.2312,0.7074,-1.121
-4.2736,-1.7127,-0.3426,0.0521,1.3029,-1.4373
-5.0281,-1.2743,-0.2995,0.1342,1.5063,-1.4086
-5.3827,-0.4192,-0.4982,0.1342,1.5063,-1.4086
-5.3851,0.1173,-0.1699,0.1533,1.4105,-1.399
-5.3851,0.1173,-0.1699,0.0085,0.5572,-1.5471
-5.6341,0.8672,1.2192,-0.0448,0.0054,-1.6579
-6.3024,5.4138,9.0668,-0.0448,0.0054,-1.6579
-6.3024,5.4138,9.0668,0.4836,-0.852,-1.9913
-9.1865,26.7959,14.2194,0.4836,-0.852,-1.9913
-7.9074,38.3754,10.7077,1.0162,-1.0011,-2.0914
-7.9074,38.3754,10.7077,0.1587,-0.4621,-2.2746
-3.4638,30.6406,10.7221,-0.5881,-0.1575,-2.6027
-7.4666,18.4188,22.9559,-0.571,-0.5772,-2.3865
-11.9868,16.1096,21.1186,-0.9386,-1.4741,-2.477
-13.9728,20.3614,15.9968,-1.5138,-2.369,-2.8307
-14.9646,19.4561,12.1332,-1.5138,-2.369,-2.8307
-12.4468,17.1035,10.7317,-1.7875,-3.4225,-2.8893
-12.4468,17.1035,10.7317,-1.7247,-4.7839,-2.4174
-8.983,15.6999,8.8753,-1.6043,-5.0715,-2.1255
-1.8372,12.8972,5.9217,-1.6043,-5.0715,-2.1255
-1.8372,12.8972,5.9217,-1.1218,-5.1397,-1.726
1.3988,11.2635,3.9956,-0.8874,-4.8521,-1.7356
4.2039,9.6992,1.751,-0.7234,-4.5048,-1.8453
6.2617,7.9289,-0.3522,-0.6254,-4.1256,-1.9678
8.9638,3.6074,-2.9559,-0.6254,-4.1256,-1.9678
8.9638,3.6074,-2.9559,-0.554,-3.0838,-2.1851
8.6738,-0.5437,-4.0195,-0.554,-3.0838,-2.1851
8.6738,-0.5437,-4.0195,-0.505,-1.9854,-2.2001
7.3612,-2.3355,-4.3167,-0.4304,-1.5817,-2.052
6.0917,-3.9453,-4.2568,-0.2813,-1.2397,-1.8123
4.8748,-5.5335,-2.6734,-0.2813,-1.2397,-1.8123
4.4891,-4.8677,-1.382,-0.015,-0.8637,-1.5172
4.4891,-4.8677,-1.382,0.8447,0.0097,-0.7631
4.4292,-2.5561,-0.2178,0.8447,0.0097,-0.7631
4.8916,-1.7726,-0.4528,1.2686,0.3655,-0.373
4.8916,-1.7726,-0.4528,1.7001,0.8001,0.2671
5.2579,-1.3581,-0.8286,1.7022,0.9343,0.5579
5.3875,-1.3054,-1.3198,1.585,1.0461,0.8678
5.3683,-1.5092,-1.7582,1.3677,1.1729,1.1864
5.2819,-1.6337,-1.9955,1.1089,1.3199,1.5006
4.4508,-0.5773,-1.2168,1.1089,1.3199,1.5006
3.5045,1.2623,-0.4288,0.8745,1.4861,1.85
2.3475,4.2784,0.9319,0.6615,1.6405,2.2665
1.1234,9.1793,4.1177,0.4175,1.714,2.748
-1.4757,18.0283,15.0053,0.1704,1.7215,3.2401
-12.6865,39.7195,30.219,0.3408,1.7385,3.7184
-12.6865,39.7195,30.219,2.5608,2.5311,5.0618
1.0229,39.8727,4.7692,2.5608,2.5311,5.0618
1.0229,39.8727,4.7692,1.2548,0.9652,2.9046
-5.8879,25.2699,21.739,1.2548,0.9652,2.9046
-5.8879,25.2699,21.739,1.5445,2.4214,3.3424
-4.0626,30.4656,15.8268,1.3091,2.904,3.2774
-1.5451,33.0959,10.9594,1.013,2.9893,2.8449
1.7558,24.5824,6.3886,1.013,2.9893,2.8449
1.7558,24.5824,6.3886,0.3866,3.1682,1.6881
-1.8947,16.0665,5.6221,0.3866,3.1682,1.6881
-3.6748,12.6458,4.4484,0.1906,3.3461,1.3781
-4.4364,9.7207,2.8697,0.098,3.3813,1.2481
-4.4747,7.2104,1.3269,0.0468,3.197,1.2002
-4.4747,7.2104,1.3269,-0.1769,2.4128,1.0042
-4.1273,4.7982,0.1221,-0.3111,1.8589,0.8359
-3.3704,2.3977,-1.1737,-0.4667,1.3423,0.6196
-2.4959,-2.7189,-2.4576,-0.4667,1.3423,0.6196
-2.4959,-2.7189,-2.4576,-0.7457,0.9822,0.3214
-4.4101,-6.9563,-1.3365,-0.7457,0.9822,0.3214
-5.6987,-7.6009,-1.1186,-0.7372,0.979,0.3193
-5.6987,-7.6009,-1.1186,-0.6328,0.7628,0.4343
-6.0055,-6.6163,-0.9439,-0.5529,0.4507,0.3384
-5.4761,-4.5681,-0.3594,-0.4081,0.1716,0.0806
-4.5896,-2.5198,0.2418,-0.2408,-0.0446,-0.2719
-3.6556,-1.1115,0.6156,-0.096,-0.15,-0.6223
-2.8122,-0.6587,0.908,-0.0022,-0.0691,-0.8941
-1.3221,-1.0301,1.3628,-0.0022,-0.0691,-0.8941
-1.3221,-1.0301,1.3628,0.0575,0.5071,-1.1764
-1.0779,-0.8577,1.4158,-0.015,0.7564,-1.2126
-2.6039,0.5366,0.1436,-0.015,0.7564,-1.2126
-2.6039,0.5366,0.1436,-0.3846,0.7607,-1.1135
-3.8543,1.4398,0.4623,-0.5593,0.5881,-1.0496
-4.9155,2.4097,2.0482,-0.5955,0.3665,-1.0443
-5.9864,7.5914,9.5579,-0.5955,0.3665,-1.0443
-7.6105,17.07,16.361,-0.4155,0.0501,-1.1572
-8.3339,36.6315,17.4438,0.1832,-0.2683,-1.3713
-8.3339,36.6315,17.4438,1.1674,-0.4824,-2.1159
0.6227,27.8284,19.3529,1.1674,-0.4824,-2.1159
0.6227,27.8284,19.3529,-0.0938,0.4837,-3.0256
-13.4386,16.5648,17.4917,-0.0938,0.4837,-3.0256
-16.2102,22.0526,14.8928,-0.4049,0.1897,-2.5558
-16.2102,22.0526,14.8928,-1.354,-0.6603,-2.5036
-17.3504,22.4384,12.981,-1.4871,-1.5934,-2.3407
-15.7646,18.6224,10.7795,-1.4509,-2.5469,-2.101
-13.3811,14.6267,8.3339,-1.3508,-3.332,-1.8315
-10.7149,11.8336,5.8209,-1.1995,-4.0553,-1.5993
-3.6676,9.5723,1.5858,-1.1995,-4.0553,-1.5993
-3.6676,9.5723,1.5858,-0.8107,-4.7658,-1.5023
2.999,7.7637,-0.2442,-0.8107,-4.7658,-1.5023
5.7035,6.1324,-0.6898,-0.5753,-4.6795,-1.6035
5.7035,6.1324,-0.6898,-0.1311,-3.8167,-1.9252
7.4761,4.0387,-1.2407,0.0074,-3.1861,-2.0211
7.9002,1.8133,-1.9042,0.0852,-2.5267,-2.0051
6.9324,-1.8204,-2.7356,0.0852,-2.5267,-2.0051
6.2569,-3.0636,-2.472,0.1416,-1.8821,-1.8847
5.7514,-3.9453,-2.1918,0.2183,-1.2887,-1.6802
5.2603,-4.3382,-2.0338,0.344,-0.8094,-1.4427
5.2603,-4.3382,-2.0338,0.7584,-0.1479,-0.8621
4.8844,-4.2257,-1.9354,1.0215,0.1237,-0.5083
4.8461,-3.7202,-1.8731,1.2612,0.4102,-0.143
5.6461,-2.2086,-1.4589,1.2612,0.4102,-0.143
5.6461,-2.2086,-1.4589,1.4966,0.9662,0.5515
5.3971,-1.0732,-1.2527,1.4966,0.9662,0.5515
4.9658,-0.6658,-1.4326,1.4572,1.1782,0.9115
4.4963,-0.3163,-1.6935,1.3251,1.3508,1.2865
4.1273,0.2705,-1.7702,1.1312,1.4829,1.6604
3.7777,1.6145,-1.49,0.9118,1.5947,2.0151
3.3536,4.276,-1.1498,0.7083,1.7151,2.3443
3.3536,4.276,-1.1498,0.3195,1.9622,3.0271
0.8071,19.3457,3.7753,0.3195,1.9622,3.0271
0.8071,19.3457,3.7753,0.7509,3.0329,4.1414
-0.8262,53.0623,15.4509,0.7509,3.0329,4.1414
-0.1149,35.1896,15.8532,1.7256,3.4249,3.907
-10.0275,20.7185,20.3327,1.633,3.1608,2.1365
-10.0275,20.7185,20.3327,1.8268,3.7829,1.9107
-16.9527,19.9592,15.0125,1.3347,3.8169,3.026
-9.7901,30.1735,4.3502,1.3347,3.8169,3.026
-1.7055,30.7244,5.6221,0.7776,2.6963,3.793
4.7046,26.6256,6.1013,0.5166,2.1519,3.6928
4.7046,26.6256,6.1013,0.5208,1.7939,1.18
-0.0718,16.7588,7.6967,0.5208,1.7939,1.18
-2.1871,13.6182,6.8079,0.5656,1.9718,0.4513
-2.1871,13.6182,6.8079,0.36,2.4001,0.6314
-2.8601,10.8657,3.8783,-0.0065,2.5823,0.9211
-2.8697,8.2764,1.0205,-0.4848,2.7666,1.1555
-2.8553,5.6724,-1.1641,-0.9428,2.8987,1.3057
-2.8936,2.9511,-2.2325,-1.2294,2.8849,1.3195
-3.0349,0.0957,-2.3882,-1.2943,2.6558,1.1842
-4.422,-5.0568,-0.951,-1.2943,2.6558,1.1842
-4.422,-5.0568,-0.951,-0.8661,1.6331,0.5408
-5.3468,-6.5948,-0.4719,-0.5742,1.0067,0.1531
-6.0725,-5.6317,-1.2024,-0.5742,1.0067,0.1531
-5.0999,-3.6771,-1.2072,-0.326,0.4464,-0.1834
-5.0999,-3.6771,-1.2072,0.083,-0.2991,-0.697
-3.7825,-2.0314,-0.9941,0.2151,-0.3631,-0.9058
-2.5537,-1.1402,-0.7664,0.2631,-0.1521,-1.0517
-1.502,-0.9917,-0.5773,0.245,0.2589,-1.1231
-0.7353,-1.2479,-0.661,0.2226,0.6989,-1.1455
-1.1402,-1.7558,-0.5054,0.2226,0.6989,-1.1455
-2.3451,-1.4805,-0.0502,0.2471,1.0472,-1.1412
-3.9022,-0.9008,0.2178,0.3334,1.2507,-1.122
-3.9022,-0.9008,0.2178,0.4346,1.37,-0.9559
-5.5527,0.0861,0.4097,0.3717,1.2336,-0.7545
-7.8571,4.3143,4.0578,0.3717,1.2336,-0.7545
-7.8571,4.3143,4.0578,0.4761,0.587,-0.4061
-7.1434,20.4764,16.1575,0.4761,0.587,-0.4061
-7.1434,20.4764,16.1575,2.0068,0.571,-0.9857
0.5509,37.1633,4.3215,2.0068,0.571,-0.9857
-7.7733,23.5858,13.2112,1.3208,0.9577,-2.02
-18.8956,17.8056,23.2001,-0.4198,1.827,-2.7881
-18.8956,17.8056,23.2001,-0.6232,1.1058,-2.4717
-31.0931,26.2066,12.6482,-0.6232,1.1058,-2.4717
-31.0931,26.2066,12.6482,-0.9503,-1.6136,-2.6475
-29.6728,24.9921,7.2774,-1.2027,-3.4119,-2.395
-18.6966,15.9393,4.7934,-1.2027,-3.4119,-2.395
-18.6966,15.9393,4.7934,-1.0461,-5.5168,-1.9114
-12.8206,13.3452,4.0339,-0.7969,-6.0792,-1.8336
-7.7757,11.8887,2.9439,-0.5625,-6.4414,-1.8272
0.0359,10.6,-1.1593,-0.5625,-6.4414,-1.8272
0.0359,10.6,-1.1593,-0.424,-6.5096,-1.9231
3.078,9.7375,-2.5632,-0.44,-6.1953,-1.9657
5.7514,8.5805,-3.6987,-0.4603,-5.6297,-2.0094
10.4875,5.2795,-5.5335,-0.4603,-5.6297,-2.0094
10.4875,5.2795,-5.5335,-0.6669,-4.0212,-2.0264
12.4037,2.6111,-5.0784,-0.7351,-3.1115,-2.0413
12.6865,-0.5006,-3.8256,-0.6818,-2.1443,-1.9934
11.6444,-3.4326,-2.4744,-0.4837,-1.2312,-1.8411
10.1017,-5.4641,-1.6576,-0.1609,-0.5431,-1.5897
7.2271,-6.5684,-1.0899,-0.1609,-0.5431,-1.5897
7.2271,-6.5684,-1.0899,0.6295,0.2142,-0.8344
4.0195,-4.5489,-0.7353,0.6295,0.2142,-0.8344
4.0195,-4.5489,-0.7353,1.2303,0.8512,0.2053
2.6614,-3.2674,-0.6203,1.4114,1.1175,0.772
1.3461,-1.8037,-1.4326,1.4114,1.1175,0.772
1.3461,-1.8037,-1.4326,1.4721,1.3487,1.8713
1.5499,-1.7534,-2.4049,1.4721,1.3487,1.8713
1.5499,-1.7534,-2.4049,1.1973,1.2933,2.8098
2.1751,-1.8468,-2.8146,0.9576,1.2113,3.1602
2.8529,-1.6217,-2.9966,0.6881,1.044,3.4361
3.1669,-0.7161,-2.8266,0.393,0.7724,3.6907
3.0517,1.526,-2.3642,0.0649,0.3644,3.971
2.4863,5.512,-0.9894,-0.1854,-0.1852,4.2501
1.7989,11.8623,4.5441,0.6572,-0.7284,4.5377
-2.5175,52.389,28.6451,0.6572,-0.7284,4.5377
8.7651,51.7542,1.7079,3.1253,-0.8264,4.7614
8.7651,51.7542,1.7079,2.3062,1.3093,1.4143
-3.6457,26.3167,23.3344,2.3062,1.3093,1.4143
-3.6457,26.3167,23.3344,2.5522,5.0643,1.8202
-1.7295,27.1885,8.7915,2.2337,3.1192,2.258
1.5212,30.0897,-0.0718,1.7757,2.1231,2.0311
-3.5523,28.0989,8.7771,1.7757,2.1231,2.0311
-3.5523,28.0989,8.7771,1.1824,3.2566,-0.0822
-3.605,20.7975,7.9313,0.8149,2.4704,-0.4199
-2.896,11.9533,6.13,0.8149,2.4704,-0.4199
-2.896,11.9533,6.13,0.2471,1.0515,0.2117
-1.0181,8.2046,4.6806,0.2471,1.0515,0.2117
-0.9295,6.8294,3.5643,0.083,1.0174,0.4066
-0.764,4.9036,2.1176,-0.0906,1.0685,0.4609
-0.1221,2.8769,0.7065,-0.2983,1.0579,0.4971
0.3714,1.2048,0.079,-0.4997,0.8651,0.5248
0.2971,-0.3737,-0.0526,-0.6318,0.6414,0.4641
-0.2729,-1.8516,-0.2011,-0.7074,0.5817,0.3235
-0.9582,-3.0445,-0.4456,-0.766,0.6978,0.184
-1.4853,-3.8136,-0.7616,-0.8246,0.8395,0.0934
-1.4853,-3.8136,-0.7616,-0.8459,0.9268,0.0551
-1.8564,-3.9621,-0.9343,-0.8459,0.9268,0.0551
-1.5738,-3.4398,-0.4719,-0.7692,0.9822,0.0039
-1.5738,-3.4398,-0.4719,-0.522,1.2858,-0.4316
-1.3054,-3.0253,-0.0981,-0.4485,1.5393,-0.7343
-3.2004,-3.0397,-0.3953,-0.4485,1.5393,-0.7343
-3.2004,-3.0397,-0.3953,-0.4411,2.0144,-0.9431
-5.0209,-2.8314,-1.4012,-0.5231,2.0166,-0.8206
-6.4894,-1.9931,-1.5164,-0.5487,1.7918,-0.6745
-7.536,1.49,1.9018,-0.5487,1.7918,-0.6745
-7.4809,3.9022,3.4159,-0.4858,1.4563,-0.6287
-7.4809,3.9022,3.4159,-0.3644,0.7362,-1.0272
-8.1348,11.7354,11.0983,-0.3644,0.7362,-1.0272
-8.892,22.9702,15.7287,-0.1162,0.4262,-1.3947
-8.892,22.9702,15.7287,1.1973,-0.6336,-2.4866
-7.6608,42.2274,12.1858,0.3664,-1.277,-3.2568
-6.3886,41.3388,11.6229,-0.3431,-0.7593,-3.6701
-13.5152,15.5778,23.2479,-0.3431,-0.7593,-3.6701
-15.6904,18.1145,15.5946,-0.2003,-0.4728,-3.3058
-15.755,21.437,12.3199,-0.4858,-1.1513,-2.7753
-14.1428,20.3519,9.7063,-0.9886,-1.6445,-2.4451
-10.9881,16.5143,7.6512,-1.3668,-1.7862,-2.1372
-10.9881,16.5143,7.6512,-1.3881,-2.3818,-1.6568
-5.8927,9.9796,3.7753,-1.3881,-2.3818,-1.6568
-5.8927,9.9796,3.7753,-1.0653,-3.2979,-1.4672
-2.4672,6.8964,0.8625,-1.0653,-3.2979,-1.4672
-2.4672,6.8964,0.8625,-0.6211,-3.8849,-1.3511
0.3857,4.1727,-0.1795,-0.6211,-3.8849,-1.3511
0.3857,4.1727,-0.1795,-0.0565,-3.6718,-1.2754
1.4709,-0.3139,-1.7678,-0.0565,-3.6718,-1.2754
1.7247,-2.5824,-3.0804,0.1597,-3.3363,-1.1625
1.7247,-2.5824,-3.0804,0.3941,-2.7674,-0.7929
2.393,-5.7514,-4.8844,0.3941,-2.7674,-0.7929
2.393,-5.7514,-4.8844,0.589,-2.3381,-0.3741
3.7346,-5.5958,-4.5274,0.589,-2.3381,-0.3741
3.7346,-5.5958,-4.5274,1.0545,-1.6893,0.0583
4.4532,-4.4651,-3.8926,1.3379,-1.4464,0.3438
5.1741,-3.2028,-3.1789,1.6021,-1.2983,0.641
5.9145,-2.1847,-2.3403,1.8183,-1.1812,0.8849
6.7145,-1.2791,-0.8167,1.8183,-1.1812,0.8849
6.7145,-1.2791,-0.8167,2.0516,-0.7167,1.2567
6.6067,-1.0085,-0.2971,2.0963,-0.3226,1.4356
6.3479,-0.8215,0.0526,2.1198,0.1226,1.6274
5.9959,-0.7113,-0.1268,2.0835,0.6137,1.8447
5.7155,-0.3546,-1.0899,1.912,1.0834,2.0982
6.2737,1.6337,-2.6255,1.912,1.0834,2.0982
6.2737,1.6337,-2.6255,1.2782,1.3913,2.6873
6.8917,3.3943,-2.4145,0.9203,1.125,2.9632
7.0404,10.3483,1.3533,0.9203,1.125,2.9632
7.0404,10.3483,1.3533,0.7627,0.0107,3.401
7.8212,19.2451,13.3093,2.5959,-0.4344,3.5352
7.5312,50.4176,32.7317,3.0263,1.6544,3.0601
3.9573,63.4179,5.749,1.5626,3.5762,1.5134
5.6676,36.4735,4.7453,1.5499,3.1501,1.2002
-5.6652,19.6548,13.8292,1.5499,3.1501,1.2002
-5.6652,19.6548,13.8292,1.1547,3.2875,2.6532
-1.2384,27.3013,10.3315,0.7222,3.0223,2.4795
4.3622,33.3281,6.197,0.7222,3.0223,2.4795
4.3622,33.3281,6.197,0.1043,2.7102,1.0095
3.6771,26.0842,7.1026,0.0319,2.6431,0.4737
2.2517,20.292,7.3636,0.0319,2.5215,0.1744
-0.1484,12.9307,4.9539,0.0319,2.5215,0.1744
-0.7209,9.8237,4.0387,0.0308,2.3383,0.0508
-0.7209,9.8237,4.0387,0.0276,1.9846,0.054
-1.054,3.986,0.4599,0.0276,1.9846,0.054
-1.0899,0.9367,-2.0147,-0.0928,1.8983,0.0743
-1.0899,0.9367,-2.0147,-0.6456,1.5532,0.1382
-1.6121,-4.7261,-4.3311,-0.6456,1.5532,0.1382
-1.6121,-4.7261,-4.3311,-0.9119,1.0387,0.1403
-2.381,-6.9491,-2.9296,-0.7202,0.9609,0.0263
-4.6734,-7.9792,-0.4958,-0.7202,0.9609,0.0263
-4.6734,-7.9792,-0.4958,-0.2248,1.0643,-0.388
-5.7466,-6.3958,-0.9678,-0.0629,0.8256,-0.5414
-5.9624,-2.369,-1.4206,-0.0629,0.8256,-0.5414
-5.9624,-2.369,-1.4206,0.2002,-0.0541,-0.7684
-4.8605,-0.8984,-0.7999,0.3185,-0.0573,-0.9601
-3.2387,-0.5078,0.1316,0.3185,-0.0573,-0.9601
-2.8266,-0.6156,-0.1029,0.4228,0.2952,-1.1029
-2.8266,-0.6156,-0.1029,0.4697,1.0845,-1.17
-2.8003,0.3498,-0.3043,0.4697,1.0845,-1.17
-3.7585,1.2838,1.0348,0.3983,1.2123,-1.1881
-5.0137,2.7332,2.6949,0.3121,1.1953,-1.2328
-5.0137,2.7332,2.6949,0.2886,0.8512,-1.367
-6.1109,5.2699,5.3779,0.5507,0.571,-1.4949
-7.917,25.0639,17.4294,0.5507,0.571,-1.4949
-7.917,25.0639,17.4294,2.2103,0.2632,-1.9827
-3.368,34.6913,2.5127,2.2103,0.2632,-1.9827
-3.368,34.6913,2.5127,-0.5242,0.8107,-2.6592
-12.2433,18.1719,25.131,-0.5242,0.8107,-2.6592
-12.2433,18.1719,25.131,-0.6435,-0.607,-2.3002
-15.7741,23.7295,17.2164,-1.06,-2.1272,-2.5026
-17.9517,27.984,10.4204,-1.5511,-3.2628,-2.3609
-17.9349,25.4758,8.3075,-1.6853,-3.9179,-1.9764
-14.6602,20.4859,8.3267,-1.616,-4.3791,-1.6504
-6.9707,14.8518,5.5575,-1.616,-4.3791,-1.6504
-3.2052,13.1175,3.5883,-1.468,-4.8862,-1.4043
0.0646,11.3784,1.9835,-1.2879,-5.2505,-1.2733
0.0646,11.3784,1.9835,-0.9971,-5.112,-1.4789
3.974,8.1782,-1.1665,-0.9971,-5.112,-1.4789
3.974,8.1782,-1.1665,-0.8033,-4.263,-1.8219
6.5828,5.3683,-2.647,-0.8033,-4.263,-1.8219
7.4139,3.7609,-3.0421,-0.7181,-3.838,-1.9295
7.4139,3.7609,-3.0421,-0.5593,-2.9144,-2.0914
7.4785,0.4911,-3.5404,-0.5593,-2.9144,-2.0914
6.9108,-1.054,-3.4638,-0.5007,-2.4138,-2.183
6.9108,-1.054,-3.4638,-0.3569,-1.4837,-2.2991
6.1013,-2.3451,-3.2531,-0.2227,-1.1545,-2.2405
5.0807,-3.3033,-3.1477,-0.0288,-0.9489,-2.0754
4.0099,-4.1608,-2.4384,0.2588,-0.7444,-1.8198
3.4733,-4.8964,-1.2791,0.6402,-0.5207,-1.5077
3.2818,-5.4138,-0.1556,1.0726,-0.2608,-1.1732
3.4518,-5.5814,0.5533,1.4593,0.0459,-0.8398
4.4029,-5.4474,0.0981,1.4593,0.0459,-0.8398
4.4029,-5.4474,0.0981,1.8812,0.7979,-0.1323
6.0678,-4.2114,-0.4073,1.8812,0.7979,-0.1323
6.0678,-4.2114,-0.4073,1.9451,1.8323,0.6452
6.657,-3.078,-0.0407,1.8652,2.4043,1.0372
6.2856,-1.1593,0.369,1.6915,2.9797,1.4836
