bicicleta
-3.3399,-8.4853,-0.3878,-0.3175,-0.3584,0.5174
-3.3399,-8.3536,-0.3016,-0.4208,-0.5313,0.496
-3.6439,-7.9849,-0.6655,-0.411,-0.5331,0.5186
-4.1874,-8.052,-0.9816,-0.3151,-0.4555,0.5387
-4.7764,-8.6433,-1.3599,-0.1984,-0.246,0.5681
-4.7764,-8.6433,-1.3599,-0.0921,-0.0645,0.642
-5.0448,-9.0192,-1.4125,-0.0188,0.0319,0.7263
-5.2459,-9.5579,-1.3886,0.0403,0.0038,0.8814
-4.9634,-10.0176,-1.3623,0.033,-0.1434,0.9896
-4.7716,-9.9051,-1.4293,-0.0103,-0.3352,1.0842
-3.8211,-9.4526,-1.1611,-0.0762,-0.5111,1.1606
-3.1124,-8.8971,-1.0702,-0.1593,-0.6406,1.2473
-2.5426,-8.6266,-0.8571,-0.232,-0.7096,1.3145
-2.4732,-8.7846,-0.8906,-0.2552,-0.5752,1.3237
-2.9592,-9.5244,-1.1372,-0.2412,-0.3804,1.2925
-3.7756,-10.3911,-1.1683,-0.2149,-0.1232,1.2101
-5.0424,-11.593,-1.7238,-0.1752,0.1247,1.1227
-5.2148,-11.7199,-1.8938,-0.1013,0.2683,1.061
-5.7822,-11.8803,-2.363,-0.0219,0.4137,1.014
-5.5692,-11.6145,-2.0877,-0.0634,0.5682,1.0329
-5.2699,-10.834,-1.6112,-0.1599,0.7252,1.0806
-5.2699,-10.834,-1.6112,-0.2332,0.6788,1.127
-5.3417,-10.6904,-2.2385,-0.2332,0.6788,1.127
-4.8698,-10.7909,-2.2433,-0.254,0.5926,1.1612
-4.7333,-10.9441,-1.7836,-0.3725,0.5798,1.1869
-4.7955,-10.9298,-1.7741,-0.444,0.6006,1.1032
-5.0712,-10.6616,-1.6184,-0.4898,0.6861,0.9798
-4.8913,-10.1134,-0.9864,-0.5277,0.8785,0.9083
-5.0257,-9.1365,-0.8427,-0.5399,1.0954,0.8759
-5.3848,-8.5523,-0.9983,-0.5044,1.3031,0.8234
-5.9786,-8.1142,-1.1779,-0.5197,1.3739,0.8472
-6.5436,-7.7,-1.6759,-0.5826,1.3373,0.9578
-6.8453,-7.4678,-2.0661,-0.6724,1.1614,1.1246
-7.02,-7.518,-2.1643,-0.8135,0.8883,1.3041
-7.3385,-7.5252,-2.3726,-0.9595,0.5413,1.4599
-6.7495,-7.4223,-2.7126,-1.111,0.2163,1.7043
-4.5944,-7.7599,-2.5833,-1.1685,0.2438,1.9431
-4.2736,-7.7934,-2.4301,-1.2393,0.3636,2.1661
-3.0526,-7.8987,-1.7142,-1.3212,0.4253,2.2522
-2.6599,-7.8508,-1.0749,-1.3682,0.3752,2.1862
-3.5122,-8.2842,-0.6105,-1.3083,0.0807,1.8863
-3.5913,-8.2842,-0.5746,-1.2167,-0.205,1.6481
-3.8379,-8.0663,-0.2298,-1.0756,-0.3926,1.4624
-3.9336,-7.609,0.2609,-0.9015,-0.3975,1.3322
-3.5841,-6.1821,0.6009,-0.6969,-0.2912,1.2119
-3.6631,-6.1342,0.5147,-0.4562,-0.202,1.0842
-4.865,-5.8301,-1.0103,-0.0048,-0.3382,0.9132
-5.4399,-5.7272,-2.1691,0.2205,-0.4818,0.7751
-3.9217,-5.8613,-3.4907,0.3116,-0.5172,0.7287
-3.2728,-5.7822,-3.5506,0.3348,-0.4665,0.7208
-2.9161,-5.6314,-3.2489,0.2725,-0.3339,0.623
-2.6575,-5.4997,-2.5665,0.1521,-0.2087,0.4459
-2.6575,-5.4997,-2.5665,-0.039,0.1375,-0.0531
-3.4739,-5.6075,-0.8068,-0.039,0.1375,-0.0531
-2.8562,-5.6554,-0.9433,0.011,0.1748,-0.2083
-2.6575,-5.4518,-1.1037,0.132,0.308,-0.331
-2.8179,-4.8338,-0.7493,0.2315,0.4497,-0.521
-2.9233,-4.8171,-0.8092,0.3048,0.5517,-0.8179
-3.0957,-4.7046,-1.2449,0.3788,0.578,-0.9724
-3.3375,-4.8554,-1.8411,0.4832,0.5841,-1.0812
-3.7756,-5.5141,-2.8155,0.581,0.6146,-1.1606
-3.8498,-5.7224,-2.8586,0.6408,0.713,-1.2021
-4.3215,-6.3209,-2.8131,0.65,0.8657,-1.2412
-4.9251,-6.9937,-2.2792,0.6158,1.0093,-1.3463
-5.5524,-8.5547,-1.5131,0.5987,0.9726,-1.4159
-5.5524,-8.5547,-1.5131,0.6176,0.8669,-1.4581
-5.708,-9.2778,-1.1899,0.6811,0.7472,-1.4905
-5.6554,-9.8356,-1.2425,0.777,0.655,-1.5149
-5.5189,-10.3911,-1.0965,0.9554,0.6415,-1.5357
-5.38,-10.5802,-1.0223,1.0428,0.6837,-1.5619
-5.0736,-10.6161,-1.0582,1.1155,0.6714,-1.5931
-4.8506,-10.6592,-1.1133,1.1808,0.6067,-1.5937
-4.4053,-10.5323,-1.3503,1.2328,0.4967,-1.5644
-4.1874,-10.3552,-1.4867,1.2908,0.3165,-1.521
-3.9049,-9.9458,-1.7334,1.3543,0.0539,-1.4593
-3.5601,-9.4813,-2.1332,1.3794,-0.0481,-1.422
-3.1268,-9.1246,-3.4284,1.4075,-0.1256,-1.3982
-3.11,-9.1293,-3.6415,1.4209,-0.144,-1.4159
-3.1794,-9.2347,-4.3981,1.3928,-0.0682,-1.499
-3.6463,-9.5028,-4.7572,1.2181,0.2151,-1.6963
-4.2736,-9.996,-4.604,1.047,0.4198,-1.8179
-4.2928,-10.0487,-4.6567,0.8833,0.5835,-1.8985
-4.5753,-10.3145,-4.6351,0.7477,0.6659,-1.9462
-5.0113,-10.5323,-4.985,0.6249,0.727,-1.9822
-7.1972,-10.755,-3.5266,0.4704,0.8235,-2.0286
-7.293,-10.7861,-3.3231,0.0666,1.0648,-2.0635
-7.7048,-10.9633,-1.8555,-0.2833,0.9812,-1.9297
-7.3313,-10.9633,-0.4405,-0.5698,0.6311,-1.645
-6.364,-11.1022,0.7541,-0.7115,0.2878,-1.309
-5.7056,-11.2937,1.4125,-0.6822,0.1962,-0.9969
-4.9946,-11.6887,1.6352,-0.4867,0.4619,-0.744
-4.5441,-12.3519,1.5298,0.0312,1.1577,-0.4667
-3.9576,-13.0822,0.316,0.3891,1.4393,-0.328
-3.6559,-13.0702,-0.2489,0.6451,1.3691,-0.1973
-3.3351,-12.4357,-1.1228,0.7428,0.9873,-0.1062
-3.0095,-11.3943,-1.6615,0.7447,0.512,-0.0702
-2.8491,-9.7734,-2.3606,0.683,0.1156,-0.0507
-2.8634,-9.6082,-2.3846,0.6396,0.0618,-0.0647
-2.94,-9.0958,-2.4301,0.5871,0.1461,-0.0751
-3.3255,-8.7319,-2.1906,0.5431,0.3092,-0.0586
-4.264,-8.7056,-1.0055,0.5089,0.5193,-0.0305
-4.4029,-8.7127,-0.9241,0.4704,0.6433,0.0421
-5.0712,-8.7056,-0.735,0.4117,0.5419,0.1771
-5.4495,-8.5068,-0.5458,0.3488,0.3287,0.2791
-5.6147,-7.7,-0.5554,0.2767,0.1223,0.3824
-5.538,-7.6497,-0.5722,0.2358,0.0154,0.4825
-4.3574,-7.542,-0.9481,0.2419,0.0117,0.6072
-3.4237,-7.9825,-0.7589,0.2981,0.1137,0.7977
-2.7629,-9.115,-0.1556,0.3256,0.2426,0.8374
-2.6623,-9.7423,0.0646,0.3714,0.3294,0.8374
-2.8251,-10.3121,-0.2418,0.4301,0.3837,0.8326
-3.1603,-10.5299,-0.3327,0.4857,0.3978,0.8442
-3.5841,-11.2817,-0.9074,0.5339,0.4161,0.8857
-3.7708,-11.5954,-1.1683,0.6286,0.3892,0.9908
-4.039,-11.9689,-1.391,0.6512,0.3801,1.0115
-4.513,-12.1412,-1.2114,0.6103,0.3318,0.9987
-5.4614,-11.3823,-0.8116,0.5303,0.1999,0.9639
-5.4949,-11.0878,-0.7326,0.4496,0.0197,0.9297
-5.1933,-10.19,-0.4094,0.3959,-0.1317,0.9529
-4.6878,-9.6178,-0.1508,0.4368,-0.1385,1.0928
-4.0821,-8.9929,-0.577,0.5388,-0.0523,1.185
-3.9863,-8.9498,-0.6895,0.6659,0.0209,1.2388
-3.9911,-8.9402,-1.3575,0.7715,0.0734,1.2687
-4.9155,-9.0934,-2.5043,0.832,0.0966,1.2657
-5.2603,-8.9354,-2.7676,0.7575,0.1021,1.2351
-5.2603,-8.9354,-2.7676,0.4728,0.0209,1.3475
-5.483,-9.0551,-3.0478,0.4728,0.0209,1.3475
-5.6865,-8.8492,-3.268,0.3329,-0.0493,1.3988
-5.3704,-8.3752,-3.2537,0.1778,-0.0945,1.4587
-5.143,-8.2243,-3.0765,0.0135,-0.1256,1.5503
-4.774,-8.04,-2.7269,-0.2442,-0.1207,1.6896
-4.8219,-8.1645,-2.466,-0.3884,-0.0529,1.7287
-5.5237,-8.6122,-2.6048,-0.48,0.0416,1.7183
-5.8636,-8.7918,-2.9496,-0.5161,0.1522,1.6835
-6.5484,-9.1365,-3.4763,-0.5271,0.2866,1.6475
-6.9195,-9.2802,-3.3231,-0.6437,0.5664,1.6303
-6.4167,-9.2491,-2.9544,-0.7665,0.7417,1.6658
-6.4167,-9.2491,-2.9544,-1.0206,0.7319,1.8393
-6.2898,-9.2826,-2.885,-1.1721,0.5364,1.9065
-5.1454,-9.8739,-2.3415,-1.1721,0.5364,1.9065
-4.7955,-10.5276,-1.6543,-1.3407,0.2616,1.8875
-4.7357,-10.5994,-1.5131,-1.5069,-0.1,1.7104
-4.501,-10.6401,-0.9624,-1.5295,-0.1947,1.587
-4.3694,-10.2474,-0.3543,-1.4867,-0.2142,1.4532
-4.2233,-8.3153,0.1364,-1.4128,-0.2338,1.3237
-4.2137,-8.1908,0.158,-1.3334,-0.3174,1.2125
-4.1659,-7.1661,0.2657,-1.2424,-0.403,1.1221
-4.2497,-6.3425,0.1508,-1.0481,-0.5416,1.0018
-4.6064,-5.4734,-0.7781,-0.8667,-0.6705,0.9364
-4.7093,-5.0736,-1.5035,-0.6633,-0.8,0.901
-4.695,-4.4771,-2.2768,-0.5093,-0.8684,0.8936
-3.9576,-4.264,-2.5426,-0.4495,-0.8617,0.9132
-2.5617,-4.4364,-2.0207,-0.5069,-0.7383,0.9364
-1.944,-4.6686,-1.8243,-0.5484,-0.5832,0.8918
-1.8148,-5.0975,-1.4604,-0.5222,-0.3736,0.7751
-2.1954,-5.8038,-1.549,-0.444,-0.2643,0.521
-2.9089,-6.4335,0.1532,-0.3456,-0.3498,0.2284
-3.0669,-6.4287,0.5027,-0.2925,-0.4305,0.0116
-3.7373,-6.0049,1.7286,-0.2454,-0.3822,-0.2528
-4.2018,-5.6649,1.5298,-0.0891,-0.2649,-0.4056
-3.8762,-5.1717,-1.5969,0.1802,-0.1812,-0.4709
-3.7014,-5.1741,-2.2122,0.438,-0.1702,-0.4966
-3.4404,-5.2172,-4.0222,0.5871,-0.1262,-0.4941
-4.4077,-5.3345,-4.2808,0.5303,0.3581,-0.576
-5.4638,-5.9881,-2.9305,0.3916,0.5438,-0.7177
-5.4423,-6.0288,-2.8131,0.2425,0.4491,-0.8265
-5.0927,-6.2778,-1.5658,0.1161,0.2579,-0.923
-4.6016,-6.3066,-0.5051,0.0281,0.2017,-1.0103
-4.1706,-6.3904,0.5482,0.0239,0.2994,-1.0726
-3.8235,-6.4454,0.541,0.19,0.5035,-1.1924
-3.6176,-6.3784,0.4237,0.3965,0.5755,-1.2748
-3.7612,-6.4263,-0.2442,0.6347,0.6085,-1.3524
-4.1228,-6.5843,-1.6927,0.8699,0.548,-1.4489
-4.2832,-6.6873,-2.545,1.0538,0.4729,-1.5332
-4.1802,-6.9434,-3.2632,1.2016,0.4778,-1.5619
-4.0629,-7.1374,-3.5673,1.1662,0.5994,-1.5674
-3.9097,-7.9777,-3.0166,1.0715,0.7264,-1.6224
-3.9097,-7.9777,-3.0166,0.8345,0.768,-1.8429
-4.5513,-8.842,-2.861,0.8345,0.768,-1.8429
-5.4183,-10.0032,-3.1579,0.7746,0.5639,-1.9694
-6.6322,-12.6081,-4.0246,0.6921,0.093,-2.0708
-6.7854,-12.8715,-4.2544,0.6152,-0.2215,-2.1172
-6.8237,-13.5586,-4.7644,0.4997,-0.4696,-2.1612
-7.0631,-13.2162,-3.5075,0.2963,-0.508,-2.1881
-6.2276,-11.1596,-1.063,0.0776,-0.3523,-2.1655
-6.2276,-11.1596,-1.063,-0.0335,-0.2503,-2.0323
-5.7727,-10.2403,-0.565,-0.0231,-0.3248,-1.7861
-5.1765,-9.4741,-0.1795,-0.0048,-0.3468,-1.6181
-4.2808,-8.8301,0,0.0269,-0.2997,-1.4263
-3.7684,-8.5883,0.0167,0.1075,-0.2417,-1.2553
-3.4835,-8.5595,-0.225,0.2346,-0.1788,-1.163
-3.5242,-8.6266,-0.4716,0.4539,-0.0499,-1.1838
-3.778,-8.8995,-0.5506,0.5675,0.1333,-1.2333
-3.8953,-8.9617,-0.5075,0.6628,0.363,-1.2657
-4.2784,-8.9258,-0.5506,0.7502,0.5535,-1.2596
-4.4364,-8.7942,-0.6871,0.8155,0.6256,-1.2241
-4.0821,-8.6385,-0.3998,0.8064,0.5444,-1.1239
-3.9384,-8.6744,-0.4165,0.6561,0.1748,-0.8936
-3.3231,-9.1676,-0.5889,0.5895,-0.0609,-0.7183
-2.9735,-10.1948,-1.0247,0.5938,-0.1067,-0.5809
-4.5513,-12.5674,-3.2225,0.6543,0.0838,-0.5174
-4.8123,-12.747,-3.4979,0.738,0.4448,-0.551
-5.6027,-13.1205,-4.2042,0.8113,0.9274,-0.5925
-5.8541,-13.1444,-4.4053,0.7972,1.0435,-0.5088
-4.7093,-12.1053,-2.4301,0.6885,0.9213,-0.3677
-4.5872,-11.9856,-2.2361,0.4838,0.5609,-0.1918
-3.8139,-10.9154,-0.7685,0.2755,0.0936,-0.036
-3.3758,-9.8572,0.0191,0.1839,-0.2893,0.0403
-3.6774,-9.1772,-0.3447,0.3073,-0.5001,0.0629
-3.7541,-8.921,-0.7326,0.4331,-0.4708,0.0696
-3.6894,-8.9929,-1.4365,0.5187,-0.4042,0.1191
-3.9001,-9.1533,-2.7102,0.5675,-0.3187,0.1887
-3.6703,-8.9833,-3.7517,0.5883,-0.2026,0.2376
-3.7828,-9.0503,-3.699,0.5529,-0.0988,0.3011
-4.3694,-9.4023,-3.1483,0.4521,-0.0884,0.4257
-4.8075,-9.7375,-2.2673,0.358,-0.2325,0.4685
-5.0879,-9.6752,-1.2306,0.2419,-0.4445,0.5357
-5.0951,-9.6249,-1.0797,0.1185,-0.6601,0.623
-4.9802,-9.0791,-0.3423,-0.0017,-0.8306,0.7037
-5.0472,-8.3057,0.225,-0.1227,-1.0713,0.7727
-4.5585,-7.2092,-0.1867,-0.0927,-1.2014,0.8093
-4.501,-7.1302,-0.4118,0.0532,-1.271,0.8704
-3.9791,-7.1876,-1.0893,0.2584,-1.2539,0.9413
-3.541,-7.463,-1.6089,0.4227,-1.1281,1.0231
-3.3758,-8.6361,-2.5977,0.5315,-0.9857,1.0958
-3.3901,-8.7774,-2.6479,0.5785,-0.8538,1.1472
-3.7349,-9.9769,-2.7437,0.5156,-0.7854,1.1704
-4.1419,-10.925,-2.3247,0.3849,-0.6803,1.193
-4.2928,-12.079,-1.786,0.2377,-0.56,1.2321
-4.2425,-12.5363,-1.549,0.1081,-0.4512,1.295
-4.2377,-12.6919,-1.3431,-0.0402,-0.2881,1.3426
-4.4125,-12.3878,-1.1971,-0.0976,-0.2374,1.3145
-4.6351,-11.0471,-1.0319,-0.1165,-0.2857,1.2583
-4.7548,-10.427,-1.1947,-0.0933,-0.4146,1.2174
-5.143,-9.5459,-1.8698,-0.039,-0.5929,1.2076
-5.2316,-8.7726,-2.3558,0.0086,-0.7377,1.2315
-4.9969,-7.9107,-2.782,-0.0347,-0.7451,1.3628
-4.9969,-7.9107,-2.782,-0.196,-0.5936,1.4544
-5.4183,-8.0759,-2.9975,-0.196,-0.5936,1.4544
-5.9546,-8.5284,-3.1196,-0.2851,-0.4818,1.441
-6.965,-9.692,-3.2106,-0.3731,-0.3498,1.4165
-7.0823,-9.8332,-3.1866,-0.4531,-0.1928,1.3958
-7.4247,-10.2929,-3.0885,-0.5808,0.0759,1.3952
-7.0847,-10.5395,-2.6743,-0.6755,0.2335,1.4446
-5.6434,-10.2929,-1.8698,-0.7818,0.3385,1.5363
-5.6434,-10.2929,-1.8698,-0.8887,0.3495,1.6328
-4.6519,-9.6202,-1.4197,-1.0102,0.2793,1.7195
-3.7134,-8.3632,-1.1204,-1.2002,0.0465,1.7757
-2.8778,-7.1422,-0.632,-1.3132,-0.0707,1.7782
-2.5929,-6.692,-0.4046,-1.3902,-0.1036,1.7611
-2.6096,-6.613,-0.3399,-1.3798,-0.089,1.7012
-3.1555,-6.8836,-0.6847,-1.2601,-0.0939,1.5723
-5.8253,-8.1573,-2.6815,-1.0469,-0.1879,1.3616
-7.5109,-8.5859,-3.7804,-0.7445,-0.5086,0.9327
-8.6457,-8.5859,-4.7812,-0.7409,-0.7756,0.7171
-6.4,-7.4438,-4.0869,-0.9162,-1.0315,0.7257
-1.6663,-7.1206,0.5578,-1.1978,-1.1928,0.9248
-1.4006,-7.0991,1.1492,-1.5142,-1.1146,1.047
-0.5961,-6.4646,1.9656,-1.6144,-0.9259,0.8319
-1.1947,-5.5189,1.1276,-1.2558,-1.0914,0.5296
-3.2752,-4.9203,-1.4748,-0.8233,-1.2496,0.2125
-3.2752,-4.9203,-1.4748,-0.3866,-0.9216,-0.0494
-3.6367,-4.8506,-1.8387,-0.3835,-0.6864,-0.0537
-4.6303,-4.7381,-3.0382,-0.3835,-0.6864,-0.0537
-4.1611,-4.9395,-1.6807,-0.4806,-0.6009,-0.116
-4.1611,-4.9539,-1.549,-0.5753,-0.5832,-0.1887
-3.6894,-5.0784,-0.6081,-0.6584,-0.5508,-0.2761
-3.3973,-5.313,0.1628,-0.7005,-0.4824,-0.3897
-3.2273,-5.55,0.6967,-0.6749,-0.351,-0.5161
-3.1244,-5.7248,0.2992,-0.5808,-0.2295,-0.6444
-3.3063,-5.8493,-0.735,-0.3627,-0.1079,-0.8148
-3.2058,-5.9044,-1.4125,-0.2754,0.0209,-0.9401
-3.2848,-6.3377,-2.0685,-0.2088,0.2029,-0.9694
-3.7636,-6.5388,-2.2218,-0.1654,0.3355,-1.006
-4.7524,-6.9841,-2.284,-0.163,0.3575,-1.1105
-4.9012,-7.4702,-2.3774,-0.2106,0.2481,-1.2412
-4.8362,-7.8245,-0.9648,-0.268,0.217,-1.3133
-4.8075,-7.8796,-0.79,-0.3175,0.2878,-1.3909
-4.7429,-8.1597,-0.1819,-0.298,0.3196,-1.4697
-4.6782,-8.3297,0.3327,-0.2167,0.297,-1.5674
-3.924,-8.4063,0.7805,-0.0842,0.2823,-1.6206
-3.881,-8.4135,0.6392,0.2157,0.173,-1.5705
-3.96,-8.6457,-0.1771,0.4612,0.0044,-1.5558
-4.3071,-8.7942,-1.233,0.6701,-0.0988,-1.5876
-4.3215,-9.4861,-2.1404,0.8155,-0.0872,-1.6255
-4.367,-9.5364,-2.217,0.9029,-0.0029,-1.6505
-4.7046,-9.9362,-2.8658,0.9725,0.0905,-1.7666
-5.0281,-10.2546,-3.2561,0.9548,0.1595,-1.8796
-5.483,-10.5946,-3.9911,0.8864,0.2322,-1.9749
-5.6841,-10.5778,-4.4771,0.7905,0.2842,-2.0182
-5.6577,-10.3312,-4.6662,0.6628,0.3568,-2.0048
-5.4495,-10.1158,-4.7333,0.5125,0.4314,-1.9327
-5.0951,-9.7997,-4.8051,0.2822,0.4894,-1.7831
-4.9682,-9.6369,-4.6232,0.1167,0.49,-1.6933
-4.9227,-9.522,-4.3502,-0.0713,0.4528,-1.6242
-5.0472,-9.6537,-4.0174,-0.2735,0.3465,-1.5729
-5.4135,-10.3815,-2.9089,-0.4947,0.0997,-1.5424
-5.4399,-10.4629,-2.7509,-0.7983,-0.4561,-1.518
-5.7176,-10.6904,-2.3295,-0.9247,-0.8086,-1.4917
-5.878,-10.7502,-1.2617,-1.0072,-1.0065,-1.4569
-5.0688,-10.3264,0.6177,-1.0616,-0.8684,-1.3836
-4.9108,-10.2738,0.6823,-0.9809,-0.5551,-1.2473
-4.3167,-10.1972,0.8307,-0.7311,-0.2435,-1.0916
-3.9815,-10.2929,0.4884,-0.2008,0.1137,-0.9144
-4.1826,-11.0471,-0.7493,0.091,0.1907,-0.8411
-4.1754,-11.0471,-0.8236,0.2658,0.085,-0.7727
-4.5178,-11.4302,-1.9776,0.3366,-0.1134,-0.7024
-4.8219,-11.5618,-3.0166,0.369,-0.2918,-0.6505
-5.0975,-11.2075,-3.2561,0.3727,-0.348,-0.5907
-5.0568,-10.3408,-3.0765,0.314,-0.3987,-0.4703
-4.6088,-9.1485,-2.4349,0.2297,-0.5795,-0.3524
-4.0198,-8.5021,-1.9871,0.1295,-0.8807,-0.1673
-3.3207,-8.2363,-1.7908,0.0471,-1.1494,0.0293
-2.9352,-8.4063,-1.6448,-0.0072,-1.2417,0.1936
-2.533,-8.9402,-1.9081,-0.0029,-1.0328,0.4019
-2.2313,-9.5627,-1.9033,0.0519,-0.7579,0.4923
-2.3223,-11.7031,-2.2098,0.1008,-0.4732,0.5522
-2.4756,-11.921,-2.2266,0.1185,-0.2936,0.5564
-3.0119,-12.1317,-2.1116,0.0721,-0.2637,0.4783
-3.6679,-11.5331,-1.367,-0.0304,-0.3675,0.419
-3.5146,-9.9458,-1.2066,-0.166,-0.7304,0.4599
-3.3877,-9.668,-1.1755,-0.2021,-0.9808,0.5442
-2.7868,-8.9115,-1.0486,-0.2363,-1.1055,0.6395
-2.3056,-8.4949,-0.8379,-0.2723,-1.1158,0.7324
-2.1883,-8.6146,-0.8403,-0.2803,-1.0554,0.8051
-2.1883,-8.6146,-0.8403,-0.2033,-0.8452,0.8594
-2.1883,-8.6146,-0.8403,-0.0035,-0.5374,0.8814
-2.8179,-9.9218,-0.5698,-0.0035,-0.5374,0.8814
-3.7301,-10.8029,-1.0055,0.1338,-0.5099,0.8478
-4.2521,-11.0854,-1.3886,0.2425,-0.4909,0.7904
-4.8027,-11.1357,-1.5825,0.2798,-0.4415,0.7489
-4.7429,-10.9082,-1.391,0.1876,-0.2686,0.777
-4.8722,-10.4198,-1.4532,0.1143,-0.2197,0.8442
-4.8386,-10.1995,-1.4197,0.0684,-0.2594,0.8863
-4.6686,-9.8476,-1.4532,0.0324,-0.3315,0.9388
-4.4053,-9.6202,-1.2665,-0.0054,-0.4072,1.0091
-3.7349,-9.3257,-0.8283,-0.0475,-0.4268,1.0684
-3.687,-9.2802,-0.7948,-0.1019,-0.3394,1.1307
-3.7325,-9.036,-0.7206,-0.1092,-0.2215,1.1184
-4.1036,-8.7223,-0.7876,-0.0915,-0.0853,1.069
-4.9754,-8.5045,-1.5131,-0.0463,0.038,1.0262
-5.1095,-8.5619,-1.6232,0.0092,0.1168,1.0109
-5.6601,-8.8181,-2.1475,0.0507,0.1681,1.0244
-6.0648,-9.1174,-2.521,0.0312,0.1858,1.0512
-6.9315,-9.4166,-3.0885,-0.031,0.1931,1.08
-6.965,-9.419,-3.1172,-0.133,0.2078,1.1136
-7.3768,-9.5004,-3.3111,-0.2742,0.242,1.1685
-7.4127,-9.5435,-3.2656,-0.4348,0.2738,1.2253
-7.5755,-9.4095,-2.8874,-0.717,0.3648,1.3005
-7.5707,-9.3041,-2.3894,-0.8954,0.4393,1.3341
-7.2714,-9.194,-1.9536,-1.0341,0.4747,1.386
-6.6322,-9.0886,-1.4939,-1.1147,0.4503,1.4636
-5.6865,-8.5188,-0.9552,-1.177,0.3831,1.5534
-5.0568,-8.1046,-0.7589,-1.2864,0.1834,1.667
-3.7708,-7.5133,-0.5051,-1.3218,0.0526,1.7611
-2.9759,-7.3457,-0.3471,-1.3065,-0.0633,1.8295
-3.3327,-8.2004,-1.2401,-1.2375,-0.1605,1.8002
-3.5865,-8.3608,-1.537,-1.0909,-0.2289,1.6884
-4.8698,-9.0599,-3.1938,-0.8893,-0.3437,1.5234
-5.8134,-8.9929,-3.8139,-0.7042,-0.7457,1.1832
-3.3518,-6.2252,-2.6551,-0.794,-1.0193,1.0274
-2.7269,-5.9427,-2.0781,-1.0023,-1.2319,0.9743
-0.4884,-5.5117,0.4261,-1.3267,-1.0364,1.05
0.2442,-5.5931,1.063,-1.5124,-0.4433,1.127
-1.8315,-6.4,-0.2705,-1.323,-0.0639,1.0244
-1.8315,-6.4,-0.2705,-0.7909,-0.1452,0.518
-3.3423,-7.0967,-0.6488,-0.6126,-0.3113,0.1429
-4.3933,-7.1876,-0.3256,-0.568,-0.2747,-0.0366
-4.2592,-6.5604,0.6296,-0.557,-0.1226,-0.1178
-3.6966,-5.8828,0.8619,-0.5075,-0.0554,-0.1423
-2.9137,-5.1669,0.1388,-0.312,-0.0438,-0.182
-2.2816,-4.9155,-0.8188,-0.1453,0.0361,-0.2626
-2.3151,-4.9132,-1.6041,-0.0384,0.2347,-0.4166
-2.4947,-4.9682,-1.9273,0.0147,0.4308,-0.5955
-2.9927,-5.1047,-2.2002,0.0367,0.5303,-0.7525
-3.7493,-5.2723,-2.3702,0.0159,0.5413,-0.9138
-5.1191,-5.9474,-2.1068,-0.0744,0.4717,-1.1362
-5.2986,-6.0743,-2.1092,-0.1526,0.4405,-1.2174
-5.5213,-6.5604,-2.0422,-0.2387,0.4228,-1.2638
-5.641,-7.0751,-1.64,-0.3206,0.4338,-1.3103
-5.404,-7.6378,-0.7182,-0.3841,0.5218,-1.3506
-5.404,-7.6378,-0.7182,-0.2906,0.8651,-1.3396
-5.1717,-7.621,0.0383,-0.2906,0.8651,-1.3396
-5.1238,-7.6497,-0.4213,-0.1795,0.906,-1.3292
-5.1358,-8.0496,-1.2497,-0.0176,0.7881,-1.3432
-5.1358,-8.0496,-1.2497,0.1931,0.8052,-1.4288
-5.3154,-8.3943,-1.4173,0.1931,0.8052,-1.4288
-5.4925,-8.7702,-1.5538,0.3311,0.8217,-1.4782
-5.2388,-9.1269,-1.4437,0.4221,0.7869,-1.4727
-4.9539,-9.2754,-1.1779,0.504,0.7331,-1.4422
-4.616,-9.1676,-0.7781,0.5694,0.6433,-1.4092
-4.2832,-8.8588,-0.6416,0.6365,0.5261,-1.3775
-4.2832,-8.8588,-0.6416,0.8778,0.1889,-1.2651
-3.5697,-8.7032,-0.8499,0.8778,0.1889,-1.2651
-3.7062,-9.206,-2.4109,0.978,0.1131,-1.2718
-3.7756,-10.032,-3.1316,1.0684,0.0581,-1.3402
-4.4987,-11.1022,-3.6535,1.047,0.242,-1.43
-4.5489,-11.1812,-3.6703,0.9988,0.4747,-1.5302
-4.5274,-11.2985,-3.8666,0.9304,0.7582,-1.587
-4.4364,-11.2745,-3.9001,0.8607,0.9078,-1.5515
-4.2521,-11.2267,-3.2632,0.7606,1.041,-1.5125
-4.2209,-11.2219,-3.1771,0.6237,1.1589,-1.4807
-4.2185,-11.2291,-2.7198,0.4857,1.1962,-1.4477
-4.3766,-11.3105,-2.1475,0.3537,1.1467,-1.4135
-4.1563,-11.9401,-1.391,0.1411,0.9366,-1.3487
-4.1563,-11.9401,-1.391,-0.0225,0.633,-1.2296
-4.0701,-12.3471,-1.154,-0.0225,0.633,-1.2296
-3.9145,-12.2346,-0.6655,-0.0292,0.6232,-1.2198
-3.5314,-11.265,0.055,0.0116,0.7331,-1.2076
-3.4069,-10.2498,0.2226,0.1369,0.8822,-1.1551
-3.1268,-9.2586,0.1819,0.2218,0.8394,-1.0861
-2.8083,-8.5835,-0.5267,0.3042,0.7276,-0.9688
-3.0957,-8.1788,-1.7645,0.3922,0.6537,-0.8692
-3.359,-8.2531,-2.4468,0.4765,0.7099,-0.8197
-4.3622,-8.5547,-3.3854,0.5486,0.8339,-0.7916
-5.3202,-9.34,-4.1204,0.5565,0.8633,-0.7263
-7.0655,-9.9482,-3.347,0.4374,0.7728,-0.612
-7.135,-9.8045,-3.0526,0.2047,0.5914,-0.4721
-6.8932,-8.6242,-1.8267,-0.0616,0.319,-0.2858
-5.8684,-7.3313,-1.2545,-0.2216,0.0355,-0.0824
-3.6439,-6.6035,-0.6464,-0.2448,-0.092,0.1966
-3.4284,-6.6561,-0.6703,-0.1581,-0.0456,0.3402
-2.885,-7.1062,-1.1779,-0.0463,-0.1183,0.419
-2.8371,-7.8628,-1.9464,0.0074,-0.3743,0.4532
-3.0334,-9.6178,-3.2896,-0.0121,-0.6504,0.4825
-3.0717,-9.7255,-3.3279,-0.0781,-0.7799,0.5357
-3.4715,-10.5228,-3.0765,-0.2314,-0.6021,0.6243
-3.9145,-11.0423,-2.5546,-0.3358,-0.3853,0.6872
-4.4532,-11.4613,-2.0542,-0.4073,-0.2545,0.7611
-4.4939,-11.5451,-2.0422,-0.4623,-0.2124,0.8533
-4.501,-11.3871,-1.288,-0.5124,-0.2154,0.9639
-4.173,-11.2314,-0.7613,-0.5619,-0.2148,1.0897
-3.4237,-10.992,-0.3447,-0.5606,-0.3199,1.2809
-3.0597,-10.8101,-0.1699,-0.5142,-0.3724,1.3225
-2.6934,-10.518,-0.0071,-0.4482,-0.4378,1.3096
-2.5977,-10.3624,-0.1628,-0.3664,-0.505,1.262
-2.6216,-10.0703,-0.0885,-0.2729,-0.5221,1.2015
-2.6312,-10.0272,-0.1101,-0.1618,-0.3956,1.1209
-2.7892,-9.8955,-0.2035,-0.0842,-0.2631,1.1038
-2.9783,-9.6178,-0.3208,-0.0096,-0.0603,1.0812
-3.0885,-9.3903,-0.7302,0.0593,0.1809,1.0781
-3.1723,-9.3855,-0.8164,0.132,0.3752,1.0885
-3.7397,-9.3568,-1.312,0.1992,0.4882,1.0659
-4.2066,-9.2203,-1.6376,0.2541,0.4986,0.9944
-4.8626,-8.6649,-2.3247,0.2523,0.4155,0.9749
-4.8626,-8.6649,-2.3247,0.226,0.3055,0.981
-4.9539,-8.2938,-2.6791,0.1643,0.2298,1.017
-5.2244,-8.0831,-3.0909,0.08,0.2096,1.0842
-6.1294,-8.2579,-3.8067,-0.0866,0.2897,1.1972
-6.8979,-8.526,-4.3382,-0.2131,0.4222,1.2693
-8.1693,-9.2969,-4.9132,-0.3517,0.6207,1.3457
-9.1796,-10.4318,-5.289,-0.5008,0.8675,1.4416
-9.6249,-12.4716,-5.0903,-0.6364,1.1137,1.5583
-9.2514,-13.1708,-4.4125,-0.7665,1.3391,1.6853
-8.3776,-14.1667,-3.1771,-0.9547,1.6861,1.8472
-7.2307,-14.5618,-2.2146,-1.0481,1.8975,1.9004
-4.8171,-13.8938,-0.2609,-1.144,2.0569,1.9364
-4.4196,-13.5538,0.0837,-1.3126,1.9695,1.9443
-3.8211,-12.3352,1.1468,-1.5606,1.3587,1.8894
-3.7828,-11.1357,1.956,-1.7268,0.4839,1.7489
-4.2257,-8.7008,2.3151,-1.6199,-0.4769,1.4825
-4.3502,-8.3895,2.1883,-1.2833,-0.6278,1.364
-4.7812,-7.1924,1.3263,-0.8307,-0.4934,1.2999
-5.3848,-6.0863,-0.2585,-0.3792,-0.2729,1.2748
-5.6937,-4.5394,-2.375,-0.0414,-0.0951,1.3188
-5.6075,-4.4867,-2.4396,0.1149,-0.0248,1.5247
-4.985,-4.197,-2.3463,0.0177,-0.1623,1.6878
-4.4915,-4.1563,-2.1835,-0.0964,-0.384,1.7476
-3.4835,-4.0725,-2.1212,-0.1025,-0.5746,1.6884
-2.1619,-4.4005,-1.7405,-0.0041,-0.5966,1.6071
-0.4309,-5.6314,-0.3806,0.0923,-0.3962,1.5619
0.1915,-6.6825,0.541,0.1485,-0.0517,1.3597
-1.209,-7.3241,0.0646,0.2395,-0.0334,1.0824
-2.2505,-7.3672,-0.3208,0.4117,-0.0749,0.7874
-3.8474,-7.1206,-1.5059,0.6066,0.0117,0.5393
-4.8626,-6.807,-2.1045,0.7661,0.154,0.3494
-4.1706,-6.9722,-2.3702,0.8742,0.3575,0.1111
-4.1108,-7.0224,-2.3654,0.9224,0.4363,0.0366
-4.0102,-7.0129,-2.1308,0.9175,0.4247,-0.0543
-3.845,-6.9578,-1.5322,0.8693,0.3159,-0.196
-4.0509,-6.4,-1.8746,0.851,0.2561,-0.331
-4.0629,-6.2563,-1.9393,0.9047,0.2829,-0.4783
-4.185,-5.7631,-2.0781,1.0434,0.4711,-0.6517
-4.5681,-5.4495,-2.0111,1.11,0.5798,-0.7531
-5.0784,-5.0975,-2.7102,1.1381,0.5768,-0.8863
-5.1047,-5.0879,-2.6001,1.1368,0.5108,-1.0024
-5.064,-5.1933,-2.7964,1.0947,0.5761,-1.0659
-5.0496,-5.4279,-2.3726,1.0538,0.7118,-1.1087
-5.1406,-5.9786,-2.5282,1.0342,0.9115,-1.2089
-5.2364,-6.4071,-2.0638,1.0556,1.0001,-1.2864
-5.2388,-7.0416,-1.9369,1.047,1.0355,-1.3646
-5.2531,-7.6689,-1.7525,1.058,0.9286,-1.43
-4.8219,-8.3967,-1.3646,1.0593,0.7832,-1.4697
-4.6758,-8.708,-1.1133,1.055,0.5988,-1.4789
-4.6064,-9.0743,-1.0606,1.0819,0.5138,-1.4978
-4.6232,-9.3544,-0.9217,1.1332,0.4741,-1.5344
-4.9108,-9.9266,-1.1971,1.1985,0.512,-1.5589
-4.9658,-10.0248,-1.3455,1.2682,0.5346,-1.5687
-5.1981,-10.3073,-1.6184,1.314,0.4998,-1.5821
-5.0999,-10.5156,-2.0997,1.3054,0.4314,-1.5644
-4.5633,-10.4773,-2.454,1.2602,0.3923,-1.5137
-4.5178,-10.4198,-2.4995,1.2163,0.3306,-1.4886
-4.5058,-10.032,-2.5905,1.1808,0.2292,-1.5204
-4.6399,-9.6178,-2.0949,1.1191,0.1669,-1.6084
-4.9826,-9.5723,-2.6288,1.0336,0.1718,-1.7495
-5.0233,-9.6058,-2.6982,1.0196,0.1937,-1.8044
-5.5907,-10.1684,-3.1028,0.9994,0.2683,-1.8588
-6.297,-10.9513,-3.0933,0.945,0.4198,-1.904
-7.6018,-11.8755,-2.3678,0.8497,0.5303,-1.9364
-7.9346,-12.0551,-1.5203,0.6964,0.5016,-1.9156
-7.6521,-11.7462,-0.0311,0.4472,0.1553,-1.5961
-6.4694,-10.8101,1.1635,0.3494,-0.1953,-1.2388
-4.185,-9.2634,1.6352,0.3696,-0.4751,-0.8405
-3.3734,-8.7822,1.3168,0.5119,-0.563,-0.477
-2.466,-8.6337,0.6416,0.7343,-0.4573,-0.2321
-2.3271,-8.8923,-0.3878,1.0813,-0.0914,-0.1075
-3.2393,-10.5778,-2.6384,1.2749,0.074,-0.1576
-3.6104,-10.9777,-2.9544,1.3555,0.0789,-0.2571
-4.841,-11.6073,-3.5218,1.2761,-0.0878,-0.397
-5.4806,-11.4852,-3.8355,1.1155,-0.3468,-0.532
-4.9802,-9.6297,-3.3087,0.9707,-0.5484,-0.5729
-4.8075,-9.3496,-3.2297,0.8168,-0.5593,-0.4636
-4.8075,-9.3496,-3.2297,0.6384,-0.3205,-0.1374
-3.1435,-7.5348,-2.4396,0.6384,-0.3205,-0.1374
-1.8579,-7.7742,-2.3511,0.5712,-0.2002,0.0641
-1.8507,-7.8365,-2.3606,0.5333,-0.081,0.2193
-1.6208,-8.3776,-2.2409,0.507,0.06,0.3139
-1.9273,-8.4709,-2.4899,0.4142,0.1858,0.3585
-2.5857,-8.1286,-1.7932,0.3128,0.2255,0.3445
-2.9352,-8.0352,-1.4269,0.1973,0.2927,0.3646
-3.6727,-8.0065,-1.3455,0.124,0.2383,0.3976
-4.1802,-8.3416,-1.367,0.0929,0.1461,0.4105
-5.0951,-9.2562,-1.1228,0.0874,0.1198,0.4978
-5.459,-9.6297,-1.2066,0.113,0.0942,0.5265
-5.9307,-10.0631,-1.3287,0.1552,0.0734,0.5656
-5.7559,-10.3408,-0.9433,0.1753,0.0087,0.6377
-5.8517,-10.6233,-1.2785,0.1686,-0.1745,0.7214
-5.8924,-10.7263,-1.2306,0.1619,-0.4347,0.7996
-5.3297,-10.9465,-1.0582,0.1124,-0.6467,0.9615
-5.052,-10.9992,-0.8164,0.0941,-0.6693,1.0629
-5.1598,-10.6401,-1.2928,0.11,-0.6412,1.1093
-5.1598,-10.6161,-1.3575,0.1503,-0.6485,1.149
-4.7931,-10.3983,-1.7597,0.1863,-0.7176,1.2504
-4.4053,-10.1517,-1.6807,0.1668,-0.7652,1.4483
-3.7301,-9.771,-1.7597,0.1436,-0.822,1.5338
-3.6846,-9.7518,-1.7932,0.1424,-0.9344,1.5754
-3.3207,-9.5986,-1.8626,0.1479,-1.0163,1.5864
-3.292,-9.4765,-1.9081,0.146,-1.0676,1.5552
-3.292,-9.4765,-1.9081,0.0953,-1.0664,1.3518
-3.2537,-9.5531,-1.6519,0.0953,-1.0664,1.3518
-3.5601,-9.498,-1.6496,0.0691,-0.9729,1.2565
-3.7445,-9.1772,-1.4197,0.0379,-0.8239,1.1594
-4.4149,-8.9522,-1.6136,-0.0011,-0.6601,1.083
-4.6615,-8.8684,-1.7334,-0.0261,-0.5392,1.0366
-4.7955,-8.708,-1.7334,-0.0549,-0.4586,1.0323
-4.8769,-8.5332,-1.8052,-0.1159,-0.3645,1.0592
-5.4064,-8.186,-1.8531,-0.1508,-0.3217,1.0647
-5.4734,-8.1741,-1.9321,-0.1954,-0.2735,1.0604
-5.9618,-8.2986,-2.2816,-0.2399,-0.2393,1.0684
-6.5699,-8.5835,-2.6695,-0.2906,-0.2038,1.0977
-7.2595,-9.091,-3.0741,-0.3994,-0.1049,1.152
-7.2595,-9.091,-3.0741,-0.4977,-0.0145,1.193
-7.5899,-9.2227,-3.3399,-0.5918,0.0459,1.2211
-7.4773,-9.1078,-3.2154,-0.7018,0.1296,1.2767
-5.8493,-9.7399,-2.0709,-0.8533,0.2732,1.3768
-5.7607,-9.8261,-2.0135,-1.042,0.3966,1.5155
-5.7607,-9.8261,-2.0135,-1.3615,-0.0316,1.5937
-5.7511,-11.6289,-1.5849,-1.3615,-0.0316,1.5937
-7.032,-11.9306,-1.9967,-1.3493,-0.4518,1.4367
-7.5204,-11.569,-1.968,-1.3022,-0.8917,1.2241
-7.3026,-10.336,-2.0231,-1.2809,-1.1953,1.083
-5.2771,-8.7774,-1.6998,-1.2613,-1.4054,1.1239
-2.8227,-6.7327,-0.7326,-1.2583,-1.3199,1.2394
-2.0638,-5.9307,-0.4381,-1.2528,-1.136,1.2974
-1.5298,-4.9826,-0.5578,-1.1892,-1.0499,1.2748
-1.2425,-4.1371,-1.2234,-1.0512,-1.1006,1.1582
-1.3694,-3.4356,-2.8921,-0.9119,-1.1665,0.9902
-1.3694,-3.4356,-2.8921,-0.8899,-0.954,0.6004
-1.9033,-3.5649,-3.0071,-0.8899,-0.954,0.6004
-2.4349,-3.9001,-2.5689,-1.0066,-0.8122,0.4502
-2.1739,-4.8434,-1.458,-1.0952,-0.7756,0.2987
-2.1188,-4.8865,-1.3646,-1.1446,-0.8171,0.1649
-1.2928,-4.9179,-0.711,-1.2308,-0.8483,-0.0109
-0.7158,-4.7644,-0.1005,-1.2253,-0.7982,-0.0812
-1.9584,-4.8195,-0.1723,-1.1489,-0.6638,-0.1966
-2.2074,-4.8578,-0.2729,-1.0383,-0.519,-0.3915
-2.9568,-5.2651,-0.395,-0.9235,-0.4017,-0.5925
-3.4141,-5.8517,-0.5817,-0.8178,-0.282,-0.7415
-3.4141,-5.8517,-0.5817,-0.5985,-0.2283,-1.1972
-5.3944,-7.0679,-1.1875,-0.5985,-0.2283,-1.1972
-6.0624,-7.6378,-1.0989,-0.5509,-0.1177,-1.3286
-6.8644,-8.04,-1.1228,-0.5142,0.0282,-1.4288
-6.558,-8.5116,-1.4341,-0.4654,0.1094,-1.485
-6.1486,-8.6888,-1.8387,-0.4006,0.1748,-1.4282
-5.7272,-8.9689,-2.3415,-0.276,0.341,-1.2901
-5.2555,-9.1341,-2.8443,-0.1899,0.5413,-1.2486
-5.0017,-9.5531,-2.4923,-0.1172,0.727,-1.2534
-4.9874,-9.7039,-2.5522,-0.0817,0.8297,-1.3109
-5.3106,-10.2833,-1.8626,-0.0775,0.7881,-1.4092
-5.3178,-10.6544,0.0215,-0.0823,0.4888,-1.5845
-5.5883,-11.2722,-0.7086,-0.0243,0.1406,-1.6371
-5.5763,-11.2698,-0.5937,0.0752,-0.2063,-1.6609
-5.155,-10.5252,-0.1244,0.1271,-0.1934,-1.6493
-4.2975,-9.4717,0.1651,0.226,-0.0603,-1.5705
-2.9927,-7.3313,0.2035,0.3885,0.0881,-1.4679
-2.9544,-7.2379,0.1915,0.6824,0.2237,-1.4508
-2.7676,-6.6849,0.0047,0.8528,0.2872,-1.5094
-2.7988,-6.5915,-0.5817,1.0049,0.3477,-1.5741
-2.8562,-7.1422,-1.9009,1.1533,0.3746,-1.6426
-2.8371,-7.7934,-2.1739,1.27,0.3788,-1.7189
-3.2202,-8.7965,-2.296,1.3018,0.4918,-1.901
-3.9001,-9.6249,-2.9712,1.2676,0.5694,-2.0702
-5.222,-10.767,-3.9169,1.1943,0.6378,-2.2253
-5.9163,-11.2937,-4.3191,1.0501,0.738,-2.3225
-7.0679,-12.0048,-4.6471,0.8387,0.8144,-2.3432
-7.8006,-12.3543,-4.4939,0.5694,0.7484,-2.2773
-7.4749,-12.3017,-2.4708,0.1301,0.3373,-1.9834
-7.3744,-12.3041,-2.387,-0.1049,-0.1458,-1.7018
-6.795,-12.4405,-1.3,-0.2467,-0.7243,-1.4141
-6.0384,-12.6464,-0.0502,-0.3407,-1.0193,-1.1643
-5.3082,-12.2346,1.0319,-0.3261,-0.9821,-0.9773
-5.1669,-12.1365,0.9864,-0.1459,-0.7481,-0.8662
-4.7141,-11.6552,0.2944,0.3543,-0.4335,-0.7409
-4.6423,-11.4326,-1.0031,0.653,-0.373,-0.6572
-3.8714,-10.8412,-2.1475,0.8064,-0.4537,-0.5461
-3.7684,-10.8053,-2.1667,0.8033,-0.6296,-0.3872
-2.8706,-10.5611,-1.7908,0.7251,-0.7854,-0.193
-2.5067,-10.3217,-1.9416,0.6097,-0.8367,0.0287
-2.1739,-9.7016,-2.0183,0.5382,-0.8672,0.0751
-1.9632,-9.1772,-1.7214,0.4527,-0.8782,0.0946
-1.944,-8.3512,-1.7501,0.3409,-0.8996,0.0995
-2.2337,-7.5252,-2.0518,0.2267,-0.976,0.0751
-2.1116,-6.6442,-2.0398,0.1081,-0.9729,0.069
-2.0374,-6.7591,-2.1212,-0.0384,-0.7377,0.1582
-2.5163,-6.8692,-2.4349,-0.0762,-0.4915,0.196
-2.5378,-7.2092,-2.4612,-0.0817,-0.1812,0.2058
-3.5553,-8.617,-1.8459,-0.1043,0.0251,0.2657
-3.881,-8.8396,-1.9033,-0.1532,-0.0016,0.32
-4.2329,-9.1365,-1.7357,-0.2473,-0.3278,0.4184
-3.8929,-9.2419,-1.4006,-0.3352,-0.4671,0.5674
-3.5434,-9.6896,-1.5251,-0.4012,-0.5954,0.7183
-3.5673,-9.747,-1.6112,-0.4452,-0.6601,0.7984
-3.6583,-9.8811,-1.7693,-0.4702,-0.6595,0.824
-3.8259,-9.9051,-1.288,-0.5142,-0.6485,0.8246
-4.3933,-10.3073,-0.7326,-0.5319,-0.643,0.8417
-4.3933,-10.3073,-0.7326,-0.4654,-0.6033,0.8778
-4.6447,-10.597,-0.9959,-0.3591,-0.5667,0.9297
-4.8051,-10.8675,-1.3455,-0.2766,-0.5991,0.9957
-4.8889,-11.2841,-1.6184,-0.2399,-0.6803,1.0739
-4.8602,-11.4948,-1.5825,-0.2357,-0.7365,1.1514
-5.0855,-11.7941,-1.7118,-0.2528,-0.8232,1.2223
-5.3872,-11.8659,-1.8507,-0.2693,-0.8837,1.2357
-5.3513,-11.6792,-1.7597,-0.3029,-0.8856,1.2467
-5.1238,-11.4326,-1.4963,-0.3572,-0.8287,1.2834
-4.4412,-11.0208,-1.0893,-0.4043,-0.7402,1.3316
-4.0031,-10.6616,-0.8499,-0.389,-0.6382,1.3793
-3.6655,-10.0032,-0.9648,-0.3346,-0.5868,1.3561
-3.5889,-9.8955,-1.0055,-0.2674,-0.53,1.3219
-3.1244,-9.4597,-0.9624,-0.2204,-0.4543,1.3072
-2.9616,-9.0958,-1.1204,-0.2002,-0.3736,1.2858
-3.3279,-7.9418,-1.5418,-0.1917,-0.3419,1.2351
-3.5146,-7.8484,-1.616,-0.2173,-0.3681,1.1227
-4.2999,-7.5659,-2.0326,-0.2583,-0.4017,1.0531
-5.076,-7.5899,-2.612,-0.3053,-0.4415,1.0366
-6.7375,-7.9035,-3.9097,-0.3615,-0.4476,1.0708
-6.8956,-7.9346,-3.9815,-0.4354,-0.4005,1.138
-7.7239,-8.3033,-4.7836,-0.5967,-0.2448,1.2663
-8.2291,-8.7535,-5.222,-0.7549,-0.0884,1.3805
-7.8365,-9.1198,-4.6615,-0.9705,0.1296,1.4825
-7.0895,-9.3257,-3.8402,-1.2076,0.374,1.5534
-5.7703,-9.5651,-2.9424,-1.4342,0.5994,1.6175
-4.1371,-9.6154,-2.205,-1.6339,0.7637,1.7079
-2.1308,-9.7087,-0.8882,-1.921,0.8132,1.8313
-1.6256,-9.8189,-0.3615,-2.0951,0.6672,1.8228
-1.5011,-9.9362,0.1628,-2.1782,0.3642,1.7092
-2.636,-9.8308,0.1675,-2.1361,-0.0212,1.4495
-5.1885,-9.5076,-0.8667,-1.9809,-0.3089,1.0775
-5.5309,-9.3712,-1.0606,-1.7531,-0.3798,0.7574
-5.9355,-8.4446,-1.3646,-1.5087,-0.1898,0.5406
-5.0927,-7.2092,-1.0558,-1.4849,-0.0377,0.5907
-5.0927,-7.2092,-1.0558,-1.5515,-0.2338,0.7733
-3.4428,-5.6386,0.2154,-1.5515,-0.2338,0.7733
-3.2609,-5.0879,0.2753,-1.527,-0.5581,0.6774
-3.3877,-4.7117,-0.7876,-1.2405,-0.8935,0.5106
-3.6056,-4.2856,-2.1595,-0.9938,-0.8086,0.4709
-3.5936,-4.2688,-2.1332,-0.8307,-0.4751,0.4416
-4.118,-4.6639,-1.9416,-0.769,-0.0914,0.3524
-4.4005,-6.1629,-2.0039,-0.7396,0.052,0.1624
-3.608,-7.214,-1.2713,-0.7354,-0.0792,0.0067
-2.4109,-7.0991,-0.7733,-0.8093,-0.4219,-0.105
-1.7022,-6.3808,0.0957,-0.8099,-0.4934,-0.1863
-1.4867,-5.7966,-0.7972,-0.7176,-0.4317,-0.3225
-2.2936,-4.9874,-1.9584,-0.5613,-0.3278,-0.4819
-2.8131,-4.6758,-2.2529,-0.4715,-0.0584,-0.6487
-3.359,-4.4005,-2.2098,-0.4733,0.2872,-0.81
-3.6296,-4.4699,-2.4516,-0.5081,0.3904,-0.857
-3.7948,-5.3704,-2.7006,-0.5271,0.3996,-0.8863
-3.8546,-5.6147,-2.5282,-0.5564,0.4668,-0.9388
-4.1276,-6.2228,-1.7238,-0.5784,0.5853,-1.0244
-4.513,-7.0943,-1.4484,-0.6022,0.6843,-1.1429
-5.5213,-8.842,-1.2258,-0.5735,0.669,-1.3408
-5.5692,-9.0024,-1.2282,-0.5295,0.7313,-1.4587
-6.0073,-9.5627,-1.3503,-0.4409,0.8657,-1.5277
-6.1653,-9.9314,-1.2569,-0.331,1.0538,-1.5723
-5.8613,-9.7447,-0.9672,-0.2021,1.2334,-1.5778
-5.8613,-9.7447,-0.9672,-0.0744,1.3385,-1.5308
-5.55,-9.6082,-0.8403,0.0721,1.2628,-1.4178
-5.2459,-9.5268,-0.9648,0.1863,1.1253,-1.3158
-5.0257,-9.6513,-1.0654,0.3275,1.005,-1.2388
-5.0281,-9.9625,-1.5275,0.4954,0.9286,-1.1997
-4.9227,-10.5108,-1.5873,0.6708,0.8816,-1.1911
-4.8578,-10.9537,-1.1156,0.8894,0.9195,-1.2351
-4.8051,-10.822,-0.067,1.0025,0.9195,-1.2986
-4.5753,-10.4557,0.2298,1.0996,0.8339,-1.3384
-3.8019,-9.6202,0.2082,1.2083,0.6623,-1.3035
-3.098,-8.8492,-0.4309,1.3506,0.4405,-1.2186
-2.8251,-8.2986,-2.1859,1.4924,0.2658,-1.1734
-2.8514,-8.3057,-2.284,1.6176,0.195,-1.2559
-2.8945,-8.6218,-2.8898,1.609,0.2872,-1.3286
-2.8754,-8.9953,-3.6415,1.5748,0.4082,-1.3793
-3.6391,-10.0942,-5.3058,1.5211,0.5261,-1.4208
-3.7684,-10.2331,-5.3848,1.424,0.7069,-1.4966
-4.1802,-10.7766,-5.5979,1.1778,1.1217,-1.6206
-4.7093,-11.1596,-5.4734,1.0122,1.3654,-1.6994
-4.7093,-11.1596,-5.4734,0.7966,1.5486,-1.7519
-5.3345,-10.5994,-5.471,0.6927,1.5004,-1.6914
-5.4973,-9.4526,-4.5705,0.6927,1.5004,-1.6914
-5.483,-8.9737,-2.3965,0.3519,1.4143,-1.5656
-4.786,-9.1389,-1.1683,-0.4263,0.4564,-1.2217
-4.2664,-9.5172,-0.6009,-0.7262,-0.3669,-0.9877
-3.869,-9.9482,-0.1053,-0.849,-0.7951,-0.821
-3.8666,-10.5563,0.1915,-0.7781,-0.6675,-0.7458
-4.4149,-11.265,-0.0454,-0.5362,-0.0878,-0.7373
-4.9132,-11.5092,-0.8954,0.0568,1.0288,-0.7568
-5.4854,-11.5858,-3.0693,0.4655,1.5377,-0.7409
-5.8373,-11.4158,-3.9432,0.6518,1.7227,-0.642
-5.7176,-10.2187,-2.6671,0.5064,1.4381,-0.4911
-5.641,-9.9458,-2.5115,0.187,0.6855,-0.3188
-5.4518,-8.7487,-2.2361,-0.0652,-0.1996,-0.1588
-4.8075,-7.9442,-2.2864,-0.1715,-0.9283,0.0629
-3.3087,-7.779,-2.4995,-0.108,-0.8483,0.2565
-3.3087,-7.779,-2.4995,0.019,-0.3798,0.6401
-2.4253,-8.2842,-2.4396,0.019,-0.3798,0.6401
-2.6575,-8.9378,-2.1452,-0.0268,-0.2423,0.747
-3.0478,-9.6082,-1.0893,-0.1208,-0.2044,0.766
-3.0478,-9.6082,-1.0438,-0.2906,-0.2405,0.7049
-2.8945,-9.2969,-0.5267,-0.3847,-0.2881,0.6371
-2.047,-8.8444,-0.0215,-0.4562,-0.2912,0.5809
-1.1587,-8.3512,0.2729,-0.4635,-0.2643,0.5784
-0.9337,-8.2866,0.067,-0.389,-0.2105,0.5809
-0.9145,-8.4829,-0.881,-0.1764,-0.0926,0.5931
-1.391,-8.7654,-1.5945,-0.0481,0.0294,0.598
-2.9137,-9.3161,-2.6192,0.0147,0.2011,0.5821
-3.6272,-9.6585,-2.7868,0.0324,0.3013,0.5803
-4.6854,-10.2594,-3.0023,-0.0054,0.2952,0.6078
-5.6961,-10.8388,-3.1651,-0.075,0.206,0.645
-6.2683,-11.9856,-2.2816,-0.2351,0.0313,0.7745
-5.9307,-12.1556,-1.81,-0.3756,-0.0505,0.9468
-4.9108,-12.4932,-0.6607,-0.4996,-0.0578,1.1722
-4.288,-12.5794,-0.1412,-0.5454,0.027,1.3579
-3.2297,-12.2562,0.3112,-0.4983,0.1986,1.4624
-3.2297,-12.2562,0.3112,-0.1709,0.6042,1.4538
-3.2417,-12.1197,0.079,-0.1709,0.6042,1.4538
-3.7948,-11.976,-0.486,-0.017,0.6476,1.3353
-3.9887,-11.1093,-0.8068,0.0892,0.6018,1.2119
-3.9887,-11.1093,-0.8068,0.1503,0.3147,1.0861
-4.2521,-10.245,-1.2665,0.1503,0.3147,1.0861
-4.6327,-9.2754,-1.4891,0.113,0.1284,1.0433
-4.8434,-8.4374,-1.6807,0.0691,0.0954,1.0543
-4.9155,-8.0567,-1.8507,0.0489,0.1119,1.1129
-5.0807,-7.7431,-2.0207,0.0361,0.1663,1.1942
-5.5141,-7.5611,-2.5306,0.0226,0.2261,1.2534
-5.6889,-7.6306,-2.7317,-0.0017,0.3043,1.306
-5.8277,-7.7455,-2.7796,-0.0988,0.4992,1.4385
-6.0552,-7.9322,-2.952,-0.1642,0.6085,1.5057
-6.0552,-7.9322,-2.952,-0.2595,0.7765,1.6206
-7.0727,-8.7606,-3.4117,-0.2595,0.7765,1.6206
-7.1972,-8.9833,-3.4979,-0.3401,0.8975,1.6847
-7.6186,-10.0032,-3.7756,-0.4586,1.06,1.7605
-7.4223,-10.6688,-3.8929,-0.557,1.1803,1.8161
-5.653,-11.2267,-2.308,-0.717,1.2933,1.8606
-5.653,-11.2267,-2.308,-1.2448,1.0465,1.9205
-4.3694,-11.4661,-1.1204,-1.2448,1.0465,1.9205
-3.6439,-11.3655,-0.0215,-1.4104,0.6409,1.8839
-3.4955,-10.3288,1.0295,-1.3291,0.0612,1.6914
-3.4859,-10.1995,1.0749,-1.0787,-0.1146,1.5485
-3.6679,-9.0839,0.8236,-0.7537,-0.0163,1.4434
-3.857,-7.4893,-0.0694,-0.403,0.1357,1.3665
-4.0198,-5.8253,-1.5873,-0.1245,0.239,1.3194
-4.3382,-5.155,-2.0757,0.0538,0.2408,1.2883
-4.4412,-4.6567,-2.296,0.0379,0.154,1.2522
-3.869,-4.6447,-2.8299,0.0385,-0.0383,1.2223
-2.7437,-5.2052,-3.1292,0.0898,-0.2393,1.1814
-2.3343,-5.8397,-2.9975,0.102,-0.3291,1.0842
-2.3654,-7.0392,-1.8243,0.0562,-0.2735,0.9004
-2.3942,-7.384,-0.5123,-0.0188,-0.0389,0.565
-2.5498,-6.3497,0.9959,0.0116,0.0184,0.353
-2.6623,-6.1821,0.8068,0.1643,0.0856,0.2046
-3.9097,-5.7344,-0.8331,0.4264,0.2365,0.0555
-4.6998,-5.8086,-1.6376,0.6811,0.3856,-0.1356
-4.9946,-5.2771,-1.7142,0.8015,0.5028,-0.306
-4.9946,-5.2771,-1.7142,0.7447,0.479,-0.4373
-3.1579,-4.9826,-1.7142,0.7447,0.479,-0.4373
-2.7892,-4.7453,-1.9225,0.7092,0.498,-0.3842
-3.3231,-5.1741,-2.7509,0.6683,0.611,-0.4404
-3.3231,-5.1741,-2.7509,0.7306,1.1705,-0.6536
-4.8027,-5.6362,-2.2744,0.7306,1.1705,-0.6536
-5.301,-6.0959,-2.0853,0.7667,1.1962,-0.7654
-5.3321,-6.5053,-1.5346,0.7942,1.0868,-0.8124
-5.0209,-6.6777,-1.3431,0.8015,1.019,-0.8368
-4.8554,-7.0799,-0.3064,0.829,1.0435,-0.8289
-4.6399,-7.8915,-0.6392,0.876,1.1455,-0.868
-5.0688,-8.9977,-0.5291,1.0452,1.074,-1.0164
-5.1286,-9.4669,-0.6153,1.1643,1.1003,-1.116
-5.2555,-10.0727,-0.6655,1.2987,1.0942,-1.1783
-5.0568,-10.2522,-0.8547,1.4398,1.0685,-1.2479
-4.1587,-10.032,-1.0438,1.5889,1.0227,-1.2699
-4.0533,-9.9769,-1.0965,1.7715,0.972,-1.2198
-3.8594,-9.9338,-1.7238,1.8589,0.859,-1.2198
-3.7062,-10.269,-2.2433,1.9181,0.7423,-1.2382
-4.2281,-11.4326,-4.0557,1.931,0.7276,-1.2822
-4.2712,-11.5188,-4.1491,1.9243,0.7557,-1.3707
-4.7572,-12.4405,-4.707,1.8577,0.8486,-1.4874
-5.1813,-13.0032,-5.0185,1.6909,0.9671,-1.6646
-5.3657,-12.4142,-3.5194,1.5089,1.0135,-1.7366
-5.3202,-12.328,-3.3901,1.2596,0.9677,-1.7464
-4.8937,-11.2841,-2.5833,1.0104,0.7625,-1.6945
-4.4819,-10.3169,-2.2649,0.8296,0.4338,-1.6206
-4.1084,-9.3975,-2.2481,0.6634,0.0221,-1.557
-3.8977,-9.0216,-2.1116,0.5993,-0.0786,-1.5473
-4.1156,-8.8157,-2.1308,0.5651,0.0068,-1.5577
-4.8219,-8.9091,-2.1595,0.5675,0.2151,-1.5998
-5.8493,-8.7942,-1.6376,0.5913,0.534,-1.6517
-6.3545,-8.8157,-1.5227,0.6188,0.873,-1.6536
-6.8141,-9.1796,-0.8667,0.5706,0.9518,-1.4923
-7.0967,-9.6537,-0.2537,0.4148,0.5755,-1.3133
-6.3856,-10.075,0.8475,0.2932,0.0221,-1.1184
-6.1222,-10.178,0.9193,0.2774,-0.4317,-0.8961
-5.8373,-10.2642,0.7278,0.3959,-0.6333,-0.6933
-5.8373,-10.2642,0.7278,0.9786,-0.1189,-0.3958
-5.234,-10.1062,-1.312,0.9786,-0.1189,-0.3958
-5.1502,-10.1062,-1.4413,1.1625,-0.0181,-0.1966
-4.7812,-9.9601,-1.7357,1.2193,-0.0694,-0.0091
-3.9145,-9.6968,-2.114,1.1399,-0.34,0.1789
-2.2984,-10.3336,-2.0278,1.0257,-0.6687,0.3872
-2.2984,-10.3336,-2.0278,0.7245,-0.7927,0.601
-2.205,-10.3863,-2.193,0.7245,-0.7927,0.601
-1.9297,-10.1301,-2.2553,0.6591,-0.6333,0.5858
-1.6687,-9.9098,-1.9991,0.6188,-0.4201,0.5931
-1.5442,-9.7063,-2.138,0.6072,-0.1996,0.6004
-1.6639,-9.4765,-2.2744,0.6237,-0.0798,0.5968
-1.6017,-9.0671,-2.0661,0.5596,-0.0419,0.5626
-2.0374,-8.7654,-1.5179,0.4484,-0.125,0.5369
-2.4157,-8.7726,-1.3551,0.3464,-0.2588,0.5131
-3.2465,-8.9689,-1.4341,0.27,-0.3859,0.4917
-3.8091,-9.1964,-1.1971,0.234,-0.3993,0.4807
-4.422,-10.1612,-0.8762,0.2199,-0.2228,0.5564
-4.5034,-10.2857,-0.9289,0.2486,-0.1886,0.6273
-4.5298,-10.7191,-0.9744,0.3,-0.1965,0.6835
-4.3598,-10.6281,-0.7805,0.3372,-0.1684,0.7654
-3.2297,-10.0822,-0.2442,0.3555,-0.1776,0.8613
-3.0933,-10.0272,-0.1747,0.3598,-0.2234,0.9657
-2.8299,-9.8021,-0.0861,0.3665,-0.3773,1.0225
-2.9544,-9.5435,-0.304,0.3934,-0.4494,0.9816
-3.1771,-8.6792,-0.62,0.413,-0.4573,0.934
-3.1723,-8.6433,-0.6248,0.416,-0.4256,0.9138
-3.2058,-8.3752,-0.7398,0.4105,-0.3804,0.9248
-3.6535,-8.21,-1.0127,0.4111,-0.3126,0.9419
-4.3909,-8.1357,-1.5801,0.4252,-0.1947,0.9352
-4.8913,-8.4231,-1.956,0.4325,-0.1299,0.9663
-5.1645,-8.8396,-2.2122,0.4154,-0.0426,1.0329
-5.3417,-9.3831,-2.2744,0.3714,0.0471,1.1129
-4.9203,-9.996,-1.5538,0.3152,0.1174,1.1777
-4.6543,-10.1229,-1.2713,0.2401,0.1834,1.2223
-4.8027,-10.3025,-1.2473,0.2291,0.1626,1.2125
-5.0137,-10.3767,-1.3096,0.2236,0.1553,1.1893
-5.3154,-10.1134,-1.3192,0.187,0.206,1.1863
-5.38,-10.0415,-1.3239,0.1283,0.2835,1.1991
-5.5692,-10.0032,-1.3096,0.0807,0.3239,1.2144
-6.0863,-10.0391,-1.7932,0.0636,0.3049,1.2253
-7.2379,-10.6664,-3.0286,0.0605,0.3006,1.2278
-7.2379,-10.7071,-3.0597,0.0074,0.374,1.2486
-7.0823,-10.9346,-2.5905,-0.1172,0.4973,1.3005
-6.9865,-10.8412,-2.0661,-0.2784,0.5914,1.3536
-7.0823,-10.3193,-2.1691,-0.4568,0.567,1.3958
-7.0823,-10.3193,-2.1691,-0.5735,0.468,1.4434
-6.4239,-9.9482,-1.6448,-0.7372,0.2787,1.5296
-5.5285,-9.5579,-0.7302,-0.9033,0.0239,1.6297
-5.3202,-8.8923,-0.4668,-1.0035,-0.2747,1.6682
-4.8458,-8.1788,-0.1699,-1.006,-0.5569,1.6395
-3.778,-7.0991,-0.0047,-0.8832,-0.6027,1.6694
-3.0406,-6.2994,-0.292,-0.7439,-0.4958,1.7311
-2.885,-5.5955,-1.3359,-0.6059,-0.3639,1.7592
-2.9664,-5.6314,-1.695,-0.5032,-0.2264,1.7287
-3.5051,-5.9283,-2.5019,-0.4397,-0.1324,1.6462
-4.0629,-6.1366,-3.4284,-0.3951,-0.1598,1.5088
-4.2688,-6.0528,-3.7301,-0.3798,-0.4555,1.2693
-4.2688,-6.0528,-3.7301,-0.6254,-1.307,1.127
-2.4851,-5.1765,-3.7948,-0.6254,-1.307,1.127
-1.1899,-4.695,-2.6096,-0.8276,-1.6326,1.1148
-0.3806,-4.501,0.7565,-1.1116,-1.5294,1.0549
-0.462,-4.4699,0.8307,-1.2992,-0.9485,0.7232
-1.8267,-4.9874,-0.1125,-1.0188,-0.8116,0.3787
-3.4332,-5.6745,-1.9943,-0.6254,-0.8006,0.0745
-6.3305,-7.1613,-3.462,-0.4452,-0.621,-0.1111
-6.3305,-7.2427,-3.462,-0.5258,-0.3602,-0.2296
-7.1398,-7.858,-2.9424,-0.7109,-0.2564,-0.317
-6.6537,-8.5308,-1.0319,-0.9711,-0.3834,-0.4056
-5.8948,-8.5595,0.7852,-1.0628,-0.4329,-0.4294
-5.3561,-8.0089,1.1587,-1.0182,-0.3523,-0.4569
-4.6088,-7.044,2.138,-0.8514,-0.1873,-0.4801
-4.671,-6.3688,1.3814,-0.6168,-0.081,-0.5717
-4.3909,-6.1198,-0.905,-0.188,-0.205,-0.7727
-4.4149,-5.981,-1.5466,0.0019,-0.1855,-0.868
-4.0031,-5.9044,-2.0254,0.1014,-0.0462,-0.9376
-4.3335,-5.8684,-2.3127,0.1362,0.0807,-0.9926
-3.9121,-5.5811,-1.4676,0.1063,0.0899,-1.0983
-3.8187,-5.5404,-1.3862,0.0129,0.0594,-1.1459
-3.5841,-5.4064,-1.3838,-0.0921,-0.0187,-1.1178
-3.5889,-5.5141,-1.6735,-0.1031,-0.0774,-1.1197
-3.4715,-5.9546,-1.5011,-0.0927,-0.0762,-1.16
-3.4715,-5.9546,-1.5011,-0.0286,0.2072,-1.3005
-3.5314,-6.4454,-0.7374,-0.0286,0.2072,-1.3005
-3.6296,-7.0751,-0.7206,0.1094,0.3709,-1.4929
-4.695,-8.605,-1.4772,0.2596,0.2518,-1.631
-4.695,-8.605,-1.4772,0.3885,0.2249,-1.8197
-5.0736,-9.4286,-1.7477,0.3885,0.2249,-1.8197
-5.2005,-10.0128,-1.8171,0.4472,0.2341,-1.8356
-5.5835,-10.7526,-2.1499,0.4973,0.2316,-1.8356
-5.8277,-10.9801,-2.1811,0.5278,0.2035,-1.8319
-5.7224,-11.0184,-2.1811,0.5119,0.2041,-1.7678
-5.1598,-10.6185,-2.3606,0.4954,0.1962,-1.6407
-4.5202,-10.1373,-3.3494,0.518,0.1382,-1.5118
-4.3981,-10.075,-3.4931,0.5315,0.0985,-1.4391
-4.1994,-10.2833,-3.1962,0.493,0.1626,-1.4288
-4.2401,-10.7622,-2.6815,0.3751,0.3312,-1.4709
-4.5753,-12.0072,-1.968,0.2994,0.3575,-1.5106
-4.6088,-12.1341,-1.9704,0.237,0.3257,-1.5479
-4.5058,-12.6057,-1.7166,0.1906,0.2695,-1.5888
-4.3766,-12.6201,-1.1444,0.1417,0.3098,-1.6187
-4.264,-11.7558,0.3567,0.1191,0.5676,-1.6982
-4.2329,-11.6217,0.5482,0.2163,0.7698,-1.7415
-4.1683,-10.8771,1.0031,0.4105,0.939,-1.7501
-4.5561,-10.4031,0.8307,0.6365,1.0514,-1.7146
-4.7453,-10.6736,-0.3399,0.8235,1.008,-1.612
-4.7405,-10.7215,-0.4716,0.923,0.7142,-1.43
-4.7979,-10.9801,-1.3599,0.9603,0.0123,-1.0983
-4.4268,-10.9418,-1.6519,0.9389,-0.29,-0.9028
-4.039,-10.5419,-1.8962,0.9401,-0.3394,-0.7324
-3.8283,-9.8596,-2.2888,0.9768,-0.3138,-0.6236
-3.9863,-8.933,-3.2609,0.9939,-0.3083,-0.5833
-4.2018,-8.107,-4.2568,0.9218,-0.3895,-0.5839
-4.3023,-7.0847,-4.5441,0.7893,-0.4182,-0.5778
-4.173,-6.8381,-4.0605,0.595,-0.439,-0.5473
-4.3263,-6.6298,-3.2249,0.3855,-0.5178,-0.5235
-4.1419,-7.0153,-2.2505,0.2041,-0.7499,-0.4972
-4.0031,-9.0431,-0.7709,-0.0127,-1.0945,-0.3842
-3.869,-9.2012,-0.4668,-0.298,-1.414,-0.1893
-2.9113,-10.0822,0.0191,-0.3475,-1.2215,-0.0561
-2.8658,-10.6425,-0.9768,-0.2302,-0.9631,0.1252
-2.9951,-10.6808,-4.2401,0.0031,-0.6937,0.2235
-3.043,-10.6544,-4.4699,0.1906,-0.4885,0.3158
-3.8833,-10.4222,-4.6902,0.2224,-0.4231,0.3952
-4.6854,-9.9027,-4.367,-0.02,-0.6046,0.4538
-5.0161,-9.2921,-2.1068,-0.2839,-0.9185,0.5595
-5.0161,-9.2921,-2.1068,-0.5454,-1.1953,0.7153
-4.5777,-9.6561,-1.1755,-0.7195,-1.3101,0.89
-3.4859,-10.4078,-0.6584,-0.7622,-1.2374,1.0763
-2.5282,-11.2674,-0.7326,-0.6217,-0.899,1.2956
-2.1332,-11.7606,-0.6129,-0.477,-0.6107,1.3597
-1.7046,-12.4309,-0.6727,-0.367,-0.3736,1.4068
-1.1204,-12.723,-0.6631,-0.2833,-0.2503,1.4404
-0.6224,-12.3687,-0.2274,-0.2509,-0.2887,1.455
-0.6943,-12.0048,-0.1173,-0.2754,-0.4555,1.4043
-1.1133,-10.8891,-0.0885,-0.298,-0.651,1.1997
-1.3742,-9.7207,0.1077,-0.2748,-0.654,1.047
-1.8171,-8.4877,-0.1029,-0.21,-0.5881,0.9205
-1.8626,-8.3608,-0.0957,-0.1031,-0.4867,0.8002
-1.8626,-8.3608,-0.0957,0.1216,-0.4262,0.576
-2.4636,-7.3002,-0.2896,0.1216,-0.4262,0.576
-3.6176,-6.807,-1.2689,0.1729,-0.4958,0.5314
-3.6176,-6.807,-1.2689,0.2242,-0.5838,0.5516
-4.6471,-6.8812,-2.5067,0.2242,-0.5838,0.5516
-5.3226,-7.2571,-3.3806,0.1815,-0.5245,0.6469
-6.7495,-8.8875,-3.9983,0.0855,-0.4262,0.7788
-6.8596,-9.024,-4.039,-0.1074,-0.3181,0.9315
-7.5875,-10.1062,-4.3957,-0.2173,-0.3052,0.9957
-7.7192,-11.4134,-3.9217,-0.3407,-0.257,1.0677
-8.0472,-12.7494,-3.3231,-0.4745,-0.1073,1.1575
-7.7958,-13.312,-2.691,-0.5753,0.0881,1.2394
-7.1757,-13.6616,-2.035,-0.6523,0.2805,1.339
-6.5436,-13.6903,-1.8171,-0.7054,0.3287,1.4825
-5.8062,-13.0678,-1.1468,-0.7415,0.2347,1.5271
-5.4423,-12.553,-0.9337,-0.8068,0.0447,1.518
-5.155,-11.4206,-1.0007,-0.8752,-0.2594,1.4947
-5.222,-10.5443,-1.2042,-0.9198,-0.5667,1.4776
-5.325,-9.0479,-1.6735,-0.9101,-0.8318,1.444
-5.3728,-8.8995,-1.7693,-0.8545,-0.8825,1.4165
-5.3872,-8.3991,-2.2242,-0.7824,-0.8849,1.3878
-5.3824,-7.7311,-2.6336,-0.7317,-0.8171,1.3591
