andar
-0.7062,-9.2155,-0.5315,2.9713,1.6942,0.5826
-0.644,-8.8301,0.5339,2.8271,2.525,0.8416
-2.0087,-8.6936,0.4453,2.8864,2.6984,0.8782
-1.2976,-9.1748,1.039,2.9255,2.4779,0.9234
-1.0199,-9.2586,1.0726,2.807,1.8506,1.0987
0.1508,-9.8907,0.9792,2.6139,1.4608,1.2954
0.9935,-10.2043,0.5602,2.4355,0.9404,1.392
0.9385,-9.4861,-0.2825,2.3036,0.4767,1.381
0.8523,-9.2491,-0.3567,2.2456,0.2739,1.2447
0.0191,-8.4207,-0.5243,2.2211,0.456,0.9851
-0.7565,-8.095,-0.4955,2.1545,0.7107,0.8807
-2.2529,-8.4829,-0.4908,2.0287,0.762,0.8489
-2.3175,-8.4997,-0.4836,1.9029,0.7382,0.8617
-2.2936,-8.6002,-0.4788,1.8424,0.7687,0.8959
-1.944,-8.7942,-0.5195,1.8271,0.8048,0.946
-0.8403,-9.3161,0.0814,1.8485,0.8787,0.9992
-0.2585,-9.3089,0.3782,1.8351,0.9062,0.9992
0.1316,-9.2203,0.4333,1.8271,0.9337,0.9509
-0.3303,-8.5954,0.7541,1.9108,1.1768,0.8721
-0.7374,-7.9993,1.4413,1.9688,1.4547,0.7964
-0.9265,-7.8604,1.5011,1.942,1.6026,0.8068
-1.1133,-7.8484,1.1707,1.8833,1.5134,0.9363
-0.9768,-8.3153,1.1372,1.8332,1.2831,1.0535
-1.3838,-9.8021,0.9289,1.7288,1.0925,1.1586
-1.3838,-9.8021,0.9289,1.6194,0.5085,1.2441
-0.5147,-11.5403,-0.5506,1.6194,0.5085,1.2441
0.9337,-12.1341,-1.2449,1.6475,0.244,1.2606
2.4756,-11.9066,-0.9433,1.5913,0.39,1.213
2.4756,-11.9066,-0.9433,1.3928,0.883,0.8251
1.2282,-12.1005,-0.893,1.3928,0.883,0.8251
0.0215,-12.3831,-0.814,1.2596,1.0112,0.5765
-1.2425,-12.838,0.2633,1.1063,0.9905,0.4219
-1.2258,-12.8332,0.2777,0.8528,0.7803,0.3859
-1.0366,-12.9792,0.79,0.708,0.7205,0.4207
-1.3862,-13.1708,1.2234,0.5907,0.7376,0.4182
-2.0326,-13.4461,1.0654,0.5382,0.6808,0.3798
-2.1092,-13.4413,0.8619,0.57,0.7021,0.3346
-1.6112,-13.2545,0.474,0.6188,0.7583,0.3156
0.2513,-13.6257,0.96,0.6054,0.7351,0.3382
2.1859,-13.8531,2.4037,0.5241,0.6801,0.3431
1.9823,-13.6137,1.98,0.4032,0.5256,0.2527
0.814,-13.5299,-0.735,0.3195,0.3057,0.0645
0.1628,-13.9106,-3.7828,0.2603,0.0552,-0.1241
2.0254,-13.798,-2.6431,-0.0365,0.0552,-0.2909
2.1883,-13.7717,-2.3415,-0.403,0.1823,-0.3544
2.6791,-13.7573,-1.2449,-0.8062,0.258,-0.4802
2.4947,-13.8507,-0.5339,-1.2302,0.2874,-0.655
-0.3136,-13.6017,0.1843,-1.6969,0.3234,-0.8975
-0.9457,-13.4389,0.2513,-2.1208,0.3564,-1.1986
-2.7581,-13.3886,0.5793,-2.5234,0.2623,-1.6433
-3.8738,-13.8459,1.0534,-2.6217,0.1976,-1.7612
-6.6609,-15.2851,0.5243,-2.6248,0.1701,-1.8077
-6.6609,-15.2851,0.5243,-2.6358,0.1169,-1.8608
-9.443,-15.6514,0.4525,-2.6571,0.2415,-1.9402
-10.8268,-14.756,1.5466,-2.7408,-0.0314,-1.8901
-9.838,-12.3136,2.5115,-2.8007,-0.3912,-1.7246
-7.8939,-11.071,1.4628,-2.7225,-0.6105,-1.4924
-4.3789,-11.5499,0.577,-2.5331,-0.3576,-1.2389
-0.8475,-12.9984,1.7573,-2.3713,0.4657,-1.0972
0.8379,-14.2098,1.8124,-2.1959,1.3698,-1.162
0.0335,-13.8268,0.0742,-1.7445,1.7192,-1.6091
-0.0909,-13.7334,-1.968,-1.4977,1.5812,-1.8883
-1.0726,-13.1133,-3.8881,-1.5417,1.0888,-2.0538
-2.1523,-10.494,0.9169,-1.8905,0.6979,-2.2169
-2.2098,-10.1852,1.2114,-2.4213,0.5849,-2.2182
-1.8722,-9.3113,1.3168,-2.6376,0.4315,-1.9482
-1.1468,-8.7247,1.4197,-2.6162,-0.1157,-1.7386
-0.1987,-7.2906,1.4484,-2.651,-0.6087,-1.5981
-0.2274,-7.1398,1.4293,-2.7506,-1.1743,-1.5169
-0.6847,-5.7751,0.8212,-2.9131,-1.7198,-1.457
-0.2657,-5.6434,2.466,-2.9888,-1.9385,-1.3611
-0.3447,-5.4854,1.7525,-2.8911,-1.9379,-1.1779
-0.3447,-5.4854,1.7525,-2.706,-2.2824,-1.1699
-0.7948,-4.2257,1.4772,-2.5655,-2.4963,-1.2182
-1.5682,-2.6647,0.8547,-2.4427,-2.7394,-1.2279
-2.059,-1.6927,1.13,-2.3187,-2.8909,-1.1528
-2.6767,-1.2497,1.3287,-2.2106,-2.853,-0.972
-2.7341,-0.6009,1.4197,-1.8673,-2.7021,-0.6861
-2.4732,-0.5578,1.4844,-1.5545,-2.5683,-0.4656
-1.695,-1.0965,1.0534,-1.2265,-2.3564,-0.2958
-1.2952,-1.391,0.9026,-0.8691,-2.0931,-0.1797
-0.5578,-2.0183,0.2346,-0.5325,-1.8561,-0.1351
-0.0023,-2.5091,-0.723,-0.0701,-1.6484,-0.1003
0.6727,-3.4907,-4.0366,0.2096,-1.5543,-0.1131
0.8595,-3.6846,-4.5513,0.4472,-1.4578,-0.1247
1.8435,-4.8988,-6.8836,0.6054,-1.3405,-0.1528
2.5402,-6.206,-8.6098,0.6903,-1.1957,-0.2176
2.6623,-9.3376,-11.1931,0.7227,-1.0558,-0.3349
2.5665,-10.0272,-11.6121,0.7282,-0.9984,-0.5224
2.0781,-13.2522,-11.9713,0.6414,-1.1866,-0.6391
1.0678,-16.0106,-11.1668,0.4063,-1.4358,-0.6751
-0.7374,-17.5285,-9.3233,0.0892,-1.7143,-0.6696
-0.8188,-17.3729,-9.3137,-0.2632,-1.9569,-0.6323
-1.118,-15.3641,-9.4957,-0.8245,-2.1224,-0.6
-1.8435,-12.8834,-9.5699,-1.0854,-1.9495,-0.6269
-3.3997,-8.8923,-8.708,-1.1996,-1.616,-0.6763
-3.9719,-6.0791,-8.1741,-1.1795,-1.3026,-0.6953
-3.5194,-2.6168,-7.6856,-1.0469,-1.1713,-0.6574
-2.387,-0.3399,-5.7894,-0.8319,-1.2458,-0.5829
-2.3558,-3.7924,-4.1347,-0.3798,-1.4553,-0.5267
-2.5043,-5.9163,-4.0102,-0.0322,-1.6972,-0.57
-2.9903,-10.324,-6.0312,0.322,-1.7437,-0.6006
-3.0214,-15.8693,-7.5061,0.5871,-1.5201,-0.5633
-2.7676,-22.0942,-0.6129,0.6384,-0.8378,-0.4314
-3.1938,-21.8285,-0.5674,0.4386,0.2385,-0.2695
-4.501,-15.8286,-4.4364,0.2596,1.8371,-0.2964
-4.9898,-8.1669,-1.6855,0.11,2.0705,-0.355
-6.9219,1.5346,5.5285,-0.1214,1.7418,-0.2909
-7.4534,1.5251,4.4125,0.0886,1.5818,-0.1424
-7.9131,-0.4788,-1.0079,0.8094,1.31,0.0022
-6.4909,-5.064,-4.9371,1.5596,0.6068,0.3633
2.5713,-13.0271,7.2044,1.7025,0.8396,0.5453
2.5713,-13.0271,7.2044,1.7801,1.6502,0.7121
2.4372,-14.6169,7.2403,2.1368,2.5347,0.6992
1.6831,-15.1511,0.9193,2.6939,2.9495,0.5539
1.9752,-14.217,-1.5634,2.9224,2.7217,0.5135
1.6376,-12.51,-1.2018,2.3989,2.17,0.4824
0.893,-9.9984,-0.8307,2.1735,1.9239,0.4182
0.0933,-8.7247,-0.3447,2.2175,1.8078,0.4134
-0.3806,-8.3512,-0.4692,2.4007,1.729,0.4677
-0.8259,-8.198,-1.5993,2.6048,1.5897,0.5722
-0.79,-7.7886,-1.0175,2.6781,1.4975,0.7408
-1.2282,-7.9179,-0.0957,2.5626,1.7467,0.9106
-1.039,-8.6529,0.4477,2.4557,1.7919,1.0823
-0.984,-8.8013,0.5147,2.3457,1.5519,1.2625
-0.2777,-9.2874,0.5554,2.1124,1.2024,1.4402
0.4548,-9.5004,0.1173,1.9285,0.7657,1.5612
0.8379,-9.8811,-0.1675,1.7893,0.1682,1.5764
0.8379,-9.8811,-0.1675,1.898,0.2489,1.2796
0.1388,-9.4406,-0.4836,1.898,0.2489,1.2796
-0.1077,-9.2251,-0.4596,1.9016,0.3656,1.1134
-0.8978,-9.0192,-0.4716,1.8393,0.4529,1.0169
-0.8978,-9.0192,-0.4716,1.7355,0.4022,0.957
-1.1851,-8.9163,-0.4189,1.6604,0.514,0.9149
-1.1444,-8.7678,-0.1915,1.6481,0.6172,0.8849
-0.5698,-8.7846,0.1987,1.6463,0.693,0.8721
-0.1915,-9.0599,0.1843,1.628,0.7082,0.8678
0.1604,-9.3783,0.1173,1.6072,0.6594,0.8483
0.0407,-9.2395,0.0766,1.609,0.7486,0.7493
-0.4213,-8.4757,0.0814,1.628,0.9361,0.6595
-0.6224,-8.1645,0.2346,1.6286,1.0717,0.618
-1.2952,-7.7766,0.656,1.6158,1.2024,0.6357
-1.9871,-7.6976,1.1516,1.5993,1.2812,0.6907
-2.6623,-8.5428,2.5067,1.5767,1.2495,0.7848
-2.6527,-8.8612,2.6048,1.5486,0.9544,0.99
-2.3223,-9.9673,2.2768,1.5718,0.6692,1.1305
-1.6927,-11.0471,1.3263,1.6158,0.4382,1.2484
-0.2466,-12.0574,-0.8212,1.6359,0.3442,1.3107
-0.0766,-12.0263,-1.0654,1.6274,0.4046,1.3101
0.4884,-11.818,-1.7381,1.5712,0.5232,1.235
0.5626,-11.5978,-1.8315,1.3488,0.6472,0.9912
0.1723,-11.7869,-0.4644,1.1485,0.7089,0.7835
0.1556,-11.83,-0.3687,0.9554,0.7877,0.6076
-0.0119,-12.0551,0.474,0.8027,0.8805,0.4842
-0.3543,-12.1987,1.1444,0.686,0.9874,0.4066
-1.288,-12.4812,1.3359,0.5718,1.0894,0.3382
-1.6232,-12.4764,0.7829,0.5584,1.0064,0.3376
-2.2768,-12.802,0.1316,0.5785,0.9624,0.3413
-2.8658,-13.063,-0.2418,0.5865,0.9129,0.34
-1.4413,-12.723,-0.4094,0.6152,0.8787,0.3669
-0.2537,-12.4046,-0.4261,0.6341,0.883,0.4329
2.2266,-12.5674,-0.1915,0.5443,0.6814,0.5123
4.4675,-14.5474,1.4245,0.3806,0.572,0.5074
5.6625,-17.0736,2.2337,0.0965,0.459,0.4091
5.368,-16.997,1.5801,-0.1899,0.2605,0.257
2.9807,-15.9962,-2.612,-0.3212,-0.0271,0.0432
2.1308,-15.3905,-3.5314,-0.4049,-0.3686,-0.454
-0.2561,-13.2689,-1.2234,-0.7964,-0.3637,-0.7289
-0.8283,-12.917,-1.2138,-1.3218,-0.4291,-1.0038
-3.0741,-11.5355,-1.7405,-1.7457,-0.4382,-1.2945
-4.2161,-11.1189,-1.1875,-2.0108,-0.2935,-1.5291
-4.75,-12.2466,1.6208,-2.2564,-0.0974,-1.6452
-4.75,-12.2466,1.6208,-2.6278,0.0137,-1.5584
-4.8817,-13.6209,1.5418,-2.7787,-0.0351,-1.4546
-5.6242,-14.648,0.3184,-2.8685,-0.2,-1.4179
-7.3672,-14.4397,0.6296,-2.9436,-0.536,-1.4277
-7.3265,-13.7071,1.5107,-3.0151,-0.875,-1.4253
-6.6705,-12.7087,2.205,-2.9937,-0.9569,-1.3293
-5.8277,-12.4812,1.6807,-2.7433,-0.7315,-1.1656
-4.3909,-13.2186,0.6991,-2.5453,-0.255,-1.1113
-3.6248,-13.4628,0.5865,-2.3816,0.5537,-1.1217
-1.1659,-14.2098,2.3223,-2.2075,1.4346,-1.1925
-0.3567,-14.6863,3.031,-1.9821,2.0363,-1.344
-0.3687,-13.9728,-1.4604,-1.5142,1.5781,-1.7759
-0.5482,-13.6735,-2.3127,-1.3762,0.7266,-2.0331
-1.1324,-11.7893,-2.3391,-1.5612,0.0485,-2.2463
-2.047,-9.7877,-0.3064,-2.0689,-0.2098,-2.3403
-1.2258,-8.095,1.5346,-2.4158,-0.0913,-2.2298
-1.0773,-7.9729,1.6807,-2.4433,-0.0491,-1.9512
-0.553,-7.6689,2.0973,-2.5142,-0.7174,-1.5945
-0.2442,-7.6521,2.0709,-2.6749,-1.3692,-1.4503
-0.3806,-6.285,2.0422,-2.7518,-1.9129,-1.3965
-0.4692,-6.285,1.9847,-2.6529,-2.1248,-1.4033
-0.4788,-5.3944,1.9823,-2.5191,-2.3148,-1.4417
-1.0295,-4.2473,1.6998,-2.3224,-2.4822,-1.5157
-1.3886,-3.2992,1.719,-2.2735,-2.8194,-1.5279
-1.7956,-2.7772,1.8674,-2.2613,-3.0668,-1.4399
-2.1859,-2.2577,1.4628,-2.1721,-3.1859,-1.3025
-2.4372,-1.8195,1.5682,-2.0493,-3.2409,-1.1363
-2.5737,-0.9672,1.5203,-1.9223,-3.1939,-0.9335
-2.0781,-1.1492,1.2569,-1.6138,-3.0088,-0.6647
-1.7812,-1.9177,0.8259,-1.3242,-2.8066,-0.4894
-1.7621,-2.2266,0.2992,-1.0011,-2.5531,-0.3837
-0.7398,-3.3303,-1.3503,-0.7005,-2.3368,-0.311
-0.5578,-3.4835,-1.8052,-0.414,-2.0925,-0.2261
-0.2561,-3.8187,-2.545,-0.1563,-1.8347,-0.2335
0.2705,-4.3861,-4.1946,0.1259,-1.4547,-0.2787
0.7637,-6.0025,-7.8006,0.2596,-1.2922,-0.2817
0.7924,-6.1893,-8.0065,0.3366,-1.2189,-0.3233
0.9672,-6.941,-9.3017,0.383,-1.1829,-0.3642
0.3782,-8.3249,-10.6401,0.416,-1.0839,-0.4576
0.5698,-12.9649,-12.1245,0.4551,-1.0961,-0.5346
0.5698,-12.9649,-12.1245,0.3494,-1.2953,-0.5267
-0.0622,-14.4469,-11.435,0.143,-1.4584,-0.5267
-0.4237,-14.6216,-9.929,-0.119,-1.5335,-0.5187
-0.3663,-13.2545,-8.6864,-0.4421,-1.5005,-0.487
-0.3687,-11.6169,-8.8061,-0.7115,-1.4217,-0.4778
-0.9074,-9.1916,-9.0336,-0.8533,-1.2922,-0.5499
-1.142,-6.3353,-8.5092,-0.8508,-1.1175,-0.5755
0.4094,-2.624,-7.4486,-0.7781,-1.0448,-0.5377
-0.7733,-1.5059,-7.4941,-0.6113,-1.1456,-0.4949
-1.3192,-3.9576,-6.7327,-0.3536,-1.3686,-0.4839
-4.1371,-8.6505,-4.8362,0.0184,-1.4199,-0.5902
-8.8923,-19.4486,-9.9003,0.311,-1.4034,-0.6036
-8.9306,-21.3616,-10.0679,0.5926,-1.0106,-0.4289
-6.5652,-29.5692,-6.0193,0.5425,-0.1151,0.0065
-6.6059,-28.3793,-6.1797,0.0312,1.0968,0.4121
-1.5562,2.3606,11.7031,-0.634,2.035,0.4983
-2.193,4.9778,13.98,-1.491,1.2195,0.4396
-8.6313,8.7247,10.3049,-0.7824,1.1615,0.1696
-9.9122,6.1749,0.8427,0.8387,1.1414,0.1049
-0.6775,-7.1445,-4.3382,2.014,0.6142,0.4329
0.1508,-7.9251,-3.043,2.3085,0.3924,0.6101
5.0448,-12.4573,9.7901,2.0849,1.0485,0.5392
4.2425,-15.8933,11.0686,2.6231,2.9984,0.2234
3.7038,-18.7136,0.4405,3.6188,3.7754,0.0218
3.8474,-19.9466,-2.0805,3.8692,3.7534,0.136
4.3861,-18.5772,-1.5562,3.226,3.222,0.2368
3.6367,-14.914,-0.383,2.4514,2.2721,0.2936
-0.0215,-9.3089,-0.079,2.1374,1.2617,0.1855
-1.5562,-7.7527,-0.5195,2.3512,0.9618,0.0994
-3.3016,-5.9594,-1.4939,2.6891,0.7895,0.1843
-3.9887,-5.1693,-0.8978,2.9548,0.9056,0.4158
-3.1435,-6.3784,0.6512,3.0281,1.1249,0.7377
-2.9257,-6.6442,0.7469,2.9841,1.2819,1.1207
-1.9632,-8.4231,0.9648,2.8161,1.1554,1.6748
-0.1747,-10.2355,1.0175,2.5705,0.8219,1.9503
0.9217,-11.9976,0.0909,2.2706,0.3313,2.0835
0.9481,-12.0383,-0.1173,2.0159,-0.0412,1.9998
0.8667,-11.514,-0.7661,1.9114,-0.1994,1.7121
-0.0454,-9.8931,-0.383,1.832,-0.3258,1.0816
-1.3431,-8.2579,-0.2585,1.7862,-0.277,0.8092
-1.3431,-8.2579,-0.2585,1.8424,0.3393,0.654
-1.9225,-7.9562,-0.1053,1.8424,0.3393,0.654
-1.7381,-8.2459,0.1053,1.8717,0.6374,0.6479
-1.4269,-8.9833,-0.0383,1.8626,0.7455,0.6516
-1.6065,-8.9953,-0.4118,1.8149,0.674,0.6027
-1.6519,-8.6146,-0.869,1.7905,0.6728,0.5453
-1.4652,-7.8915,-0.9481,1.7795,0.8231,0.5319
-0.9361,-7.0703,0.1604,1.7428,1.0283,0.5807
-0.6392,-6.9171,0.881,1.6976,1.2379,0.6693
-0.5051,-6.9003,1.9249,1.6897,1.3448,0.7609
-0.577,-7.1445,2.6288,1.7795,1.269,0.8458
-0.2873,-8.3369,2.9185,1.8497,1.1163,0.9198
-0.3208,-8.5452,2.8155,1.8754,0.9263,1.0065
-0.7206,-9.7949,1.8387,1.8357,0.7626,1.059
-0.8188,-11.2482,0.5506,1.7679,0.6777,1.0896
-0.3806,-12.7949,-1.7693,1.6921,0.674,1.089
-0.3447,-12.7973,-1.9033,1.6353,0.6472,1.0267
-0.0598,-12.4166,-2.5929,1.5174,0.6185,0.9179
-0.0263,-12.0311,-2.5689,1.3287,0.6209,0.7811
0.1053,-12.3783,-0.5506,1.1454,0.6655,0.6265
0.1244,-12.3687,-0.3375,0.9927,0.7596,0.5056
0.2394,-12.3974,1.2497,0.8027,0.9709,0.4402
0.1077,-12.905,1.9512,0.7282,1.1023,0.4402
-0.1628,-13.5945,1.5011,0.6579,1.032,0.4415
-0.1628,-13.9728,0.9768,0.6414,0.8182,0.4335
-0.1915,-14.1452,0.3519,0.7123,0.7156,0.4066
0.0766,-13.5203,0.7924,0.8168,0.6319,0.3346
2.6575,-13.0606,0.1077,0.7777,0.4651,0.2918
3.2968,-13.5945,0.3232,0.6732,0.2324,0.2484
2.5091,-14.4421,-0.9121,0.4392,0.1756,0.1391
1.8531,-15.0218,-2.6216,0.2181,0.2342,-0.0502
2.2457,-14.8111,-2.3942,-0.0194,0.368,-0.2231
2.3343,-14.8326,-1.9321,-0.6156,0.4101,-0.5548
2.1667,-14.9571,-0.395,-1.1288,0.3711,-0.8584
0.8834,-14.8494,-0.2705,-1.6956,0.0436,-1.1271
-4.3311,-12.9553,-0.4477,-2.1941,-0.3772,-1.3825
-5.4088,-12.6967,-0.1364,-2.5044,-0.6038,-1.6
-7.4678,-12.1269,1.3407,-2.6107,-0.6307,-1.6965
-8.2459,-12.474,1.6184,-2.7879,-0.3368,-1.5645
-8.3297,-15.6275,0.1364,-2.8679,-0.2012,-1.3886
-8.3297,-15.6275,0.1364,-2.9943,-0.0962,-1.2573
-9.0719,-16.4918,0.7086,-3.199,-0.0058,-1.2359
-8.21,-15.922,1.7717,-3.3664,-0.2446,-1.3019
-5.8469,-14.4684,1.6041,-3.3975,-0.4877,-1.1717
-5.1789,-14.2793,-0.0263,-3.2723,-0.0357,-1.0655
-4.2401,-14.4181,-1.3215,-3.0615,0.6551,-1.049
-3.11,-14.7369,-0.1556,-2.9131,1.5745,-1.0801
-2.521,-14.9188,3.0765,-2.7787,2.3057,-1.1595
-1.8004,-15.254,4.0821,-2.5063,2.6239,-1.3471
-1.4365,-14.7847,2.3104,-1.9314,2.1688,-1.7227
-1.5849,-13.1636,-1.1587,-1.7305,1.1407,-2.0215
-1.0175,-9.7518,0.7469,-1.9528,0.2806,-2.3006
-0.9672,-9.1916,0.8954,-2.5008,-0.189,-2.3538
-0.4213,-7.0823,0.9026,-2.9278,-0.5335,-2.2304
0.0742,-5.7607,1.6376,-3.1825,-0.9721,-1.8663
0.3399,-5.1191,2.7006,-3.1752,-1.2257,-1.6342
0.486,-5.1095,2.8443,-3.089,-1.4816,-1.4656
-0.079,-4.5968,2.9137,-2.9687,-1.627,-1.3923
-0.9792,-3.7541,2.9448,-2.8166,-1.8976,-1.4674
-1.1156,-1.1468,2.4947,-2.6926,-2.2898,-1.5358
-1.0558,-1.1109,2.4756,-2.491,-2.8359,-1.4075
-1.4389,-0.134,2.5019,-2.3041,-3.0106,-1.2457
-1.5634,0.6224,1.8962,-2.0481,-3.1548,-1.0801
-1.4915,0.9744,2.2984,-1.7995,-3.2739,-0.8523
-1.2976,0.7374,2.3846,-1.6016,-3.203,-0.644
-0.7062,0.2705,1.9201,-1.3419,-3.0888,-0.4558
0.0023,-0.2729,1.2162,-0.8404,-2.7895,-0.275
0.8331,-0.9385,-0.4094,-0.48,-2.506,-0.2597
0.9768,-1.2449,-1.7094,-0.1001,-2.1957,-0.3098
1.5346,-2.4803,-5.0424,0.3018,-1.8799,-0.3874
1.3479,-3.8762,-8.9737,0.661,-1.5219,-0.4747
0.3543,-7.9059,-13.6376,0.9536,-1.0369,-0.6776
0.1053,-8.5068,-13.664,0.9487,-0.8426,-0.8034
-0.0933,-11.8108,-13.8028,0.7783,-0.8982,-0.8797
-0.3734,-15.2492,-11.3416,0.5571,-1.3912,-0.8681
-0.3734,-17.3513,-11.8827,0.267,-2.0222,-0.8168
-0.3734,-17.3513,-11.8827,-0.5875,-3.1047,-0.3709
-0.1292,-17.8661,-16.0249,-0.5875,-3.1047,-0.3709
-1.9967,-19.1063,-17.8445,-1.1996,-2.6826,-0.4179
-6.9434,-31.2979,-13.7597,-1.8661,-2.021,-0.6354
-6.9243,-32.2962,-12.6752,-2.4055,-1.5097,-0.7173
-4.2856,-30.9651,-2.3032,-2.7139,-1.3778,-0.5334
-0.158,-15.3306,-18.7735,-2.5099,-1.1682,-0.2255
13.6161,-0.5051,2.2361,-2.6498,-1.9825,0.3052
-6.206,21.3951,34.8057,-4.1238,-1.8774,0.3346
-21.048,31.9251,34.111,-3.5936,-0.5268,-0.5456
-24.5534,19.1182,7.5276,-0.2222,0.4499,-0.4277
1.379,-13.6472,-23.7151,2.8369,1.4828,0.2777
-0.1819,-21.0671,-15.2851,2.3726,0.7241,1.4317
6.7878,-25.7505,6.7902,0.1246,0.7803,1.2069
13.6089,-21.929,18.2204,-0.4849,0.1298,1.0468
-0.5674,-18.649,-4.4292,1.6518,2.0442,0.326
-1.1899,-18.0313,-7.2499,3.485,3.4431,-0.2634
0.474,-15.1989,-5.143,3.6206,3.4303,-0.2151
-0.7493,-11.0232,0.1963,2.5895,2.7937,0.0603
-3.632,-5.8445,-0.8403,2.3903,2.4975,-0.0258
-3.5458,-5.653,-1.0175,2.7471,1.9172,-0.1125
-3.5817,-5.8517,-1.9919,3.2065,1.3313,-0.1241
-3.9576,-6.6585,-1.1372,3.6115,1.1597,-0.1094
-5.0089,-8.9617,0.8978,3.7874,1.8603,0.1159
-5.0089,-8.9617,0.8978,3.6897,2.5763,0.4598
-2.4779,-10.2355,1.446,3.5595,3.2586,0.9961
0.3303,-11.2075,1.4149,3.3244,3.3673,1.6351
2.5929,-11.6385,1.3814,3.0739,2.6062,2.0157
3.2656,-11.4158,1.221,2.9084,1.6471,2.1042
4.434,-10.9992,0.9433,2.7104,0.5897,1.8996
5.2938,-10.6209,0.5219,2.5705,0.0601,1.7096
4.1946,-10.8125,0.9672,2.4215,-0.3411,1.5624
2.8395,-10.4485,0.3112,2.2156,-0.7638,1.4304
0.4525,-9.1222,0.1484,2.1283,-1.247,1.3541
-1.0247,-7.8149,1.0079,1.9426,-1.2128,1.3193
-3.6487,-7.8532,0.6727,1.7923,-0.8701,1.37
-3.8426,-8.0998,0.5602,1.7263,-0.6044,1.3284
-3.8474,-8.8875,0.3375,1.8357,-0.2672,1.1525
-3.8307,-9.103,-0.2633,1.9823,-0.142,0.9204
-2.806,-8.7535,-2.5282,2.1802,-0.2079,0.6974
-2.4875,-8.6649,-2.6575,2.3848,-0.1432,0.6742
-1.1492,-8.2124,-2.0733,2.3317,-0.0522,0.7964
-1.0055,-7.8269,-1.5993,2.2859,0.3992,0.8605
-0.1029,-7.2331,1.051,2.2395,0.7418,0.8605
-0.0574,-7.1876,1.2186,2.1539,0.9972,0.8941
0.5315,-7.1445,2.7365,2.0733,1.1945,0.9332
0.7206,-7.7144,2.9664,1.9194,1.1963,0.9967
0.0095,-9.2658,0.6679,1.8558,1.0057,0.9918
-0.3878,-10.3815,-0.6368,1.7856,0.7596,0.9546
-0.5554,-11.9018,-2.1428,1.6616,0.5305,0.921
0.541,-12.4094,-3.3518,1.537,0.3723,0.8917
2.1284,-11.1429,-3.1364,1.3464,0.247,0.819
1.5442,-10.7598,-2.885,1.1601,0.3283,0.698
-0.8834,-10.573,-1.9416,1.0348,0.6966,0.4616
-2.284,-11.0806,-0.1987,0.8931,1.0693,0.3071
-1.1516,-12.3304,1.2689,0.7251,1.2959,0.3229
-0.3327,-12.6368,1.6735,0.5333,1.1407,0.4628
1.4125,-13.1923,1.8291,0.3213,0.7089,0.7243
2.1092,-13.7478,1.1707,0.3592,0.5971,0.8269
1.8602,-13.6783,1.0007,0.4545,0.6087,0.7909
2.5139,-13.6903,1.2354,0.4832,0.5739,0.6259
4.8865,-13.5323,2.5258,0.3983,0.3454,0.4738
6.4526,-14.6576,3.5913,0.0452,-0.3326,0.1708
2.5091,-18.3689,0.2873,-0.2613,-0.674,-0.129
1.4796,-17.993,-0.3423,-0.5985,-0.9599,-0.4729
-2.0494,-16.0513,-1.6136,-0.9449,-0.9642,-0.862
-5.0376,-14.2553,-2.363,-1.3468,-0.7699,-1.2273
-6.795,-12.8978,-2.4756,-1.7799,-0.6343,-1.523
-7.5156,-12.7159,-1.7094,-2.3768,-0.2079,-1.716
-8.2171,-13.3838,-0.7254,-2.7775,0.0693,-1.7887
-8.2076,-14.9428,0.3399,-3.1251,0.3155,-1.7863
-8.7654,-16.5277,-1.5131,-3.4018,0.423,-1.7258
-8.7582,-17.0233,-2.0135,-3.5979,0.2464,-1.6928
-8.5954,-17.4351,-1.1516,-3.7103,0.0943,-1.6757
-8.2291,-17.2364,0.4764,-3.6602,0.4773,-1.7105
-7.4797,-16.0106,1.8914,-3.3773,0.9416,-1.738
-7.0033,-15.5389,2.1475,-2.9736,1.4297,-1.7234
-6.1342,-14.4971,2.1739,-2.5826,1.9575,-1.6653
-5.2866,-13.5251,2.4564,-2.2381,2.4718,-1.6207
-0.9768,-13.1324,4.4795,-1.8172,3.0057,-1.7105
0.5722,-13.3431,5.7008,-1.5649,2.547,-1.7722
2.2625,-13.3144,4.2425,-1.3401,1.8713,-1.9482
2.193,-12.4716,-0.9385,-1.0591,0.5989,-2.2444
1.0702,-10.1397,-1.9081,-1.0976,-0.7681,-2.5474
1.0702,-10.1397,-1.9081,-2.2863,-1.4272,-2.6207
0.6296,-8.6792,-0.6344,-2.2863,-1.4272,-2.6207
-0.0383,-7.5156,0.4596,-2.5252,-1.6643,-2.4051
-0.881,-6.0815,1.549,-2.6223,-1.9092,-2.1803
-1.2425,-5.3393,2.0709,-2.6364,-2.1169,-1.9659
-1.4077,-4.5825,2.2194,-2.5936,-2.3802,-1.7783
-2.114,-4.0677,2.5282,-2.4195,-2.7437,-1.5853
-3.1747,-2.9281,2.9496,-2.3352,-2.911,-1.5517
-3.8259,-2.4133,3.0502,-2.2906,-3.0723,-1.5016
-3.8067,-1.4508,2.7317,-2.2405,-3.1077,-1.4466
-3.5075,-0.8954,2.217,-2.1367,-3.1548,-1.2939
-2.9855,-0.7278,1.4077,-2.006,-3.1511,-1.0716
-2.6455,-0.7733,1.3862,-1.7396,-2.9312,-0.8022
-1.8028,-0.9313,1.2569,-1.5509,-2.8322,-0.614
-1.0893,-1.3694,1.0438,-1.3016,-2.6691,-0.4668
-0.541,-2.2385,0.3591,-1.0011,-2.5072,-0.3672
-0.5123,-2.3798,0.0885,-0.6938,-2.3594,-0.2952
-0.3184,-2.7317,-0.7469,-0.4195,-2.1261,-0.2506
-0.1628,-3.0142,-1.7956,0.0031,-1.7308,-0.2579
0.8643,-3.9743,-4.2592,0.2737,-1.4126,-0.3135
0.9481,-4.1084,-4.6758,0.5278,-1.0839,-0.3935
1.2641,-4.8386,-7.2762,0.7361,-0.8402,-0.4888
1.1707,-6.0025,-10.269,0.8552,-0.6783,-0.5713
0.2992,-7.7646,-11.8156,0.8345,-0.4731,-0.6586
0.0526,-9.3927,-12.6225,0.741,-0.3362,-0.6659
0.6991,-12.4381,-12.9457,0.6683,-0.3301,-0.5902
2.1045,-15.1846,-12.1173,0.5138,-0.4914,-0.5059
2.1523,-16.3218,-10.3935,0.2529,-0.7974,-0.4839
1.7381,-15.7544,-9.8787,-0.0726,-1.1731,-0.5377
1.4077,-13.7549,-8.8157,-0.538,-1.6569,-0.6122
0.1963,-10.4892,-8.1812,-0.7659,-1.6129,-0.6372
-0.4046,-6.4287,-8.7367,-0.8294,-1.4175,-0.6867
-0.8762,-5.0041,-8.593,-0.717,-1.2348,-0.7032
-1.8267,-2.7198,-7.1254,-0.5643,-1.0913,-0.7301
-3.3758,-3.8522,-6.4885,-0.3236,-1.2531,-0.6006
-3.3758,-3.8522,-6.4885,0.405,-0.7528,-0.3752
-4.5537,-12.0503,-5.9235,0.405,-0.7528,-0.3752
-5.562,-16.3721,-8.6266,0.7508,-0.3258,-0.2658
-4.683,-23.095,-7.6401,0.9127,0.2501,-0.2133
1.6232,-22.3696,-11.6193,0.7422,0.8237,-0.0319
1.8195,-18.5317,-11.2769,-0.0506,1.886,0.1855
-0.6775,-5.878,1.3263,-0.9834,1.6117,-0.0001
-2.4349,2.7126,13.1731,-1.5845,1.0571,-0.297
-9.4478,4.513,8.5547,-0.8203,1.3032,-0.3605
-12.1221,2.1212,0.7182,0.6158,2.3386,-0.2958
-10.3935,-1.731,-5.4255,1.4618,2.327,-0.0539
-4.4268,-8.4494,-5.4949,1.4563,1.3093,0.4848
6.0815,-13.4581,8.0304,1.3018,1.0827,0.662
6.6274,-14.5307,9.6632,1.5877,1.7009,0.6418
3.4811,-14.9906,4.6423,2.4331,2.922,0.3834
1.7118,-15.0002,-0.4094,3.1069,3.6801,0.2124
0.4572,-12.8308,-1.209,2.8161,3.1627,0.4463
0.4333,-11.83,-1.0462,2.2969,2.4993,0.5325
0.0646,-9.6872,-0.4692,2.0183,2.0857,0.665
-0.3663,-8.1812,-0.8188,2.0183,1.7394,0.7524
0.0407,-7.6018,-0.7948,2.2352,1.4547,0.8208
0.1149,-7.6808,-0.7948,2.526,1.371,0.9075
-0.2011,-8.0663,0.1149,2.868,1.649,1.0468
-0.5889,-8.8588,1.3215,2.8546,1.8988,1.1623
0.5602,-10.1828,2.0805,2.7636,2.0552,1.3364
0.8499,-10.324,2.3104,2.6634,1.9935,1.5612
1.64,-10.9848,1.8698,2.5308,1.6942,1.7151
1.9608,-11.2698,0.6895,2.3409,0.8665,1.6888
1.4676,-10.4892,0.5578,2.1674,0.3845,1.4567
0.5219,-9.5579,0.4309,2.0018,0.2544,1.1104
-0.6871,-8.6361,-0.2106,1.9249,0.4639,0.7603
-1.4915,-7.8891,-0.5817,1.9499,0.8378,0.6369
-2.4205,-7.2355,-0.3208,1.9517,1.3045,0.6687
-2.6862,-7.4845,0.2992,1.8613,1.8469,0.7677
-2.5354,-8.2674,0.8164,1.7874,1.8854,0.8306
-1.4556,-9.0958,1.0678,1.7679,1.6698,0.9014
0.8978,-9.7135,0.9481,1.7728,1.3692,0.9711
0.8978,-9.7135,0.9481,1.9383,1.401,0.9033
1.0726,-8.4901,1.0342,1.9383,1.401,0.9033
0.7613,-7.7335,1.9488,1.9743,1.8194,0.855
-0.3663,-6.9626,2.7413,1.9462,2.0497,0.9106
-0.7374,-7.0392,2.806,1.9963,2.2104,0.9833
-1.3694,-8.2602,2.9927,2.0012,2.0601,1.0829
-1.2521,-9.8811,2.0518,1.9597,1.6099,1.1934
0.8595,-12.2825,-1.9536,1.9395,0.652,1.2887
1.2378,-12.4669,-2.4396,1.8907,0.2507,1.2954
3.4572,-12.7997,-4.1204,1.7276,0.0919,1.2429
4.8889,-12.3591,-3.7972,1.485,0.2079,1.1152
3.8163,-12.5004,-1.6112,1.2462,0.5751,0.8856
2.6072,-12.4262,-0.4357,1.0935,1.1108,0.6064
0.2896,-12.3208,1.367,0.9792,1.8298,0.2802
-1.5921,-12.5914,1.1971,0.8626,1.8903,0.1727
-2.7676,-13.0582,-0.328,0.7349,1.5745,0.1886
-2.7006,-13.2522,-0.6081,0.6097,1.1756,0.3132
-2.3223,-13.6496,-0.7565,0.5382,0.8958,0.5227
-1.0917,-13.8651,-0.158,0.5437,0.7797,0.753
2.5953,-13.8316,0.8116,0.5468,0.7535,0.7744
3.5745,-13.8938,0.9744,0.5254,0.8066,0.7182
4.5489,-14.1332,0.4644,0.4386,0.8652,0.5777
4.2257,-14.7369,-0.1484,0.3091,0.7974,0.3724
4.2856,-16.1351,-0.4381,0.132,0.7449,0.1458
4.6639,-16.8342,-0.2202,-0.287,0.6692,-0.1742
5.3058,-17.4016,0.1891,-0.6767,0.4804,-0.4112
4.0677,-16.5493,-0.9409,-1.0884,0.1798,-0.724
-1.8914,-12.8068,-3.7995,-1.4372,-0.1163,-1.1333
-2.7198,-12.0814,-3.6439,-1.8056,-0.244,-1.5413
-4.6016,-10.6257,-2.1523,-2.257,-0.1408,-1.7728
-4.9036,-11.5116,-0.2825,-2.8685,0.0167,-1.8193
-5.222,-14.4493,1.2641,-3.0957,0.1615,-1.7191
-5.6817,-16.6235,1.6376,-3.2314,0.2354,-1.6702
-7.5635,-19.0368,2.2146,-3.3798,0.1237,-1.6488
-9.2634,-18.9028,3.7469,-3.604,-0.434,-1.6342
-8.1022,-16.2644,3.8091,-3.7799,-1.4462,-1.4802
-6.8932,-15.3139,3.1364,-3.5698,-1.5958,-1.2738
-4.7812,-14.3535,1.2904,-3.2191,-0.9569,-1.0905
-2.8203,-14.5642,0.5339,-2.8703,0.1395,-1.0154
0.553,-16.2189,4.2353,-2.5771,1.4205,-1.0606
0.3232,-16.2284,3.5697,-2.2479,2.2696,-1.1925
-0.7757,-14.9475,-3.9097,-1.4782,1.605,-1.6977
-1.5107,-13.3838,-5.3633,-1.3871,0.5109,-1.9799
-2.363,-9.9098,-0.0047,-2.0438,0.0461,-2.1186
-2.272,-9.1868,0.5267,-2.8306,-0.1145,-2.0483
-1.1851,-7.6689,1.9273,-3.1837,-0.0632,-1.7631
-0.3184,-6.9003,2.4372,-3.1916,-0.1994,-1.2909
1.1635,-5.3034,3.0669,-3.1312,-0.6838,-1.06
1.2689,-5.155,3.11,-3.1416,-1.1902,-0.8987
1.5418,-4.4149,3.2489,-3.1513,-1.6349,-0.7912
1.7932,-4.695,3.5913,-3.0347,-2.0143,-0.7673
1.1755,-4.0869,2.8682,-2.8074,-2.2085,-0.8181
0.79,-3.5482,2.7844,-2.5118,-2.6813,-1.041
-0.1843,-2.3846,2.6671,-2.4323,-2.8145,-1.1143
-0.9864,-1.8267,2.5522,-2.3462,-2.9318,-1.1192
-2.5139,-1.4891,2.3511,-2.2417,-2.9904,-0.9995
-3.0597,-1.2401,2.2601,-2.0927,-3.0051,-0.8523
-3.0119,-1.063,2.3965,-1.8954,-2.9856,-0.6855
-2.8562,-0.9074,2.4827,-1.5502,-2.842,-0.4448
-1.6136,-1.5179,1.5322,-1.2454,-2.6551,-0.3306
-1.2258,-1.8219,1.233,-0.8563,-2.393,-0.2518
-0.3878,-2.5737,-0.1939,-0.4214,-2.0949,-0.2377
0.0095,-3.3782,-2.3511,0.019,-1.7559,-0.289
0.0407,-3.9935,-6.2587,0.6518,-1.079,-0.4625
0.0742,-4.1635,-7.6617,0.9456,-0.6349,-0.5804
0.407,-5.1382,-10.8963,1.0751,-0.3222,-0.6739
0.656,-6.3018,-11.8707,0.9957,-0.1933,-0.7502
1.1827,-10.5922,-10.4892,0.7544,-0.1878,-0.7796
1.1779,-11.4804,-10.6401,0.5504,-0.4095,-0.7185
1.403,-15.357,-12.1005,0.4747,-1.1114,-0.4112
0.6847,-16.5708,-11.7031,0.2395,-1.3381,-0.2762
-0.5913,-14.756,-10.834,-0.2583,-1.3912,-0.2762
-0.4381,-12.6632,-10.4581,-0.7445,-1.5702,-0.3349
-0.2801,-9.1557,-10.4629,-1.0457,-1.7595,-0.3666
1.3718,-6.8261,-11.4828,-1.0994,-1.6826,-0.4521
-0.3711,-2.7964,-8.1645,-1.0212,-1.0662,-0.4741
-0.2106,-0.0167,-7.2379,-0.7567,-1.2318,-0.5096
0.0598,1.7501,-4.4508,-0.4018,-1.1841,-0.4876
-1.4891,0.0143,-3.45,-0.0591,-1.3637,-0.4583
-6.0576,-8.9282,-3.7445,0.3427,-1.5323,-0.4821
-7.5228,-12.6799,-4.7477,0.8809,-1.4932,-0.4925
-7.0799,-21.9961,-5.5045,1.1295,-0.8402,-0.3446
-6.1773,-37.0227,-6.285,1.1992,0.7748,-0.0771
7.3217,-37.5111,-14.5211,0.9212,2.5738,-0.0294
10.4581,-23.9976,-8.5763,0.0251,3.5824,0.0151
6.7902,1.6208,19.985,-1.4152,2.0851,-0.1992
-5.8493,12.5722,19.6138,-1.2833,1.1566,-1.2469
-16.4703,6.2778,-5.1095,0.9829,1.4767,-1.4741
-15.5269,5.1119,-7.0129,2.4746,1.2183,-1.0679
-9.4262,-2.7078,-9.3975,2.7013,1.4401,-0.2616
-1.5825,-10.0511,4.1156,2.1185,1.3136,0.3242
4.3909,-14.914,13.6089,1.7673,2.4034,0.607
4.7046,-17.6386,8.7894,2.7721,4.0387,0.5899
5.3633,-20.368,-0.9792,3.4062,4.5762,0.6375
6.206,-19.6091,-0.79,3.0018,3.8169,0.7622
4.7979,-13.4197,-0.972,2.1155,2.5824,0.8526
2.7916,-10.5635,-0.9265,1.7557,1.6807,0.8807
-0.7278,-7.1972,-1.3144,1.8595,1.3387,0.7738
-2.9496,-5.6434,-1.4365,2.1264,1.3289,0.8251
-3.7373,-5.4423,-0.7445,2.3928,1.3729,1.0242
-3.383,-5.8397,-0.079,2.5308,1.4382,1.3113
-1.6998,-7.2906,1.1492,2.5076,1.5867,1.6247
-0.1723,-8.9546,1.3239,2.3512,1.5176,2.0315
1.877,-11.2745,0.905,2.2059,1.065,2.1311
2.0973,-11.581,0.6153,2.0067,0.5873,2.0602
2.3199,-11.5906,-0.1532,1.7923,0.1664,1.8697
2.2266,-11.2003,-0.3471,1.6799,-0.0363,1.6766
1.1803,-9.9362,-0.6655,1.5919,-0.0467,1.5068
0.9361,-9.6082,-0.8331,1.5645,0.0784,1.2466
0.2466,-8.9091,-0.7589,1.664,0.2458,1.0737
-0.6057,-8.3177,-0.6392,1.7734,0.5299,0.8849
-0.9097,-8.0232,-0.3136,1.8503,0.7241,0.7286
-1.1156,-7.9442,-0.1939,1.8699,0.8555,0.6608
-1.2521,-7.9729,-0.5027,1.829,0.8542,0.6412
-1.3,-7.9634,-0.7757,1.7856,0.8341,0.6253
-1.1133,-7.6018,-0.1532,1.7612,0.966,0.6626
-0.8044,-7.5085,0.4165,1.7141,1.0723,0.7701
-0.4333,-7.5683,1.1061,1.7019,1.123,0.899
-0.814,-7.4893,1.0702,1.7673,1.1426,0.9784
-1.1851,-8.2602,1.7884,1.9078,1.1304,1.0493
-1.2713,-8.6768,2.0733,1.9615,1.0742,1.1317
-1.154,-9.8404,2.1643,1.9878,0.988,1.2087
-0.6895,-11.0399,1.3215,1.9572,0.8701,1.2545
-0.6895,-11.0399,1.3215,1.8064,0.4963,1.2185
1.446,-12.4405,-1.8531,1.8064,0.4963,1.2185
2.1739,-12.2562,-3.11,1.617,0.5745,1.0144
1.9728,-11.7773,-3.6966,1.4466,0.6643,0.7994
1.5442,-11.8563,-1.9345,1.2401,0.6924,0.582
1.5634,-11.83,-1.3215,1.0141,0.7205,0.4537
1.3623,-11.9138,0.8762,0.8314,0.85,0.4121
1.0055,-12.6775,2.0446,0.5767,1.1059,0.4934
0.1077,-13.3383,1.9656,0.4484,1.0503,0.5422
-0.8164,-13.3886,0.9696,0.3904,0.7608,0.549
-1.3263,-13.2234,0.0766,0.4392,0.4309,0.5288
-1.0558,-12.9194,-0.3399,0.5241,0.2727,0.5264
1.7429,-13.391,0.5195,0.5694,0.2287,0.5184
3.8043,-14.8063,1.6304,0.3653,0.0241,0.5148
5.1286,-16.2907,2.3271,0.0825,-0.156,0.4775
4.5394,-16.5948,0.9935,-0.1501,-0.1774,0.3229
3.0669,-16.7001,-1.6136,-0.2564,-0.04,0.0609
2.6072,-16.8055,-1.4437,-0.3688,0.0143,-0.3074
1.1061,-15.6467,-2.1404,-0.6816,-0.0986,-0.6971
-1.9249,-13.391,-3.4284,-1.3193,-0.4071,-1.2359
-4.1491,-10.5228,-2.6216,-1.7366,-0.3155,-1.5071
-4.6303,-10.0727,-2.3127,-2.2057,-0.087,-1.625
-5.2483,-9.7255,-0.7972,-2.692,0.0253,-1.6806
-5.3369,-10.5467,0.6895,-3.0835,0.1713,-1.6476
-5.0951,-14.5331,1.1133,-3.3786,0.3637,-1.5896
-5.2771,-15.4144,0.8236,-3.4464,0.1878,-1.5169
-6.3257,-17.1047,1.1468,-3.5423,-0.3381,-1.4436
-6.9075,-16.9347,2.2242,-3.6437,-0.8066,-1.4051
-6.9482,-15.3258,2.0781,-3.5594,-0.7925,-1.3654
-6.4885,-15.1798,1.7094,-3.3236,-0.5073,-1.3141
-5.1478,-15.254,0.9983,-2.9326,0.3625,-1.1717
-2.4061,-15.072,2.4612,-2.6981,1.0858,-1.1363
-0.5578,-14.5378,3.2513,-2.4452,1.765,-1.1882
0.2442,-14.2888,4.762,-2.0536,1.9624,-1.3984
1.719,-13.9225,1.9249,-1.7549,1.7858,-1.6055
1.5801,-13.0798,-3.4572,-1.513,-0.1249,-1.9359
1.0127,-10.6449,-1.7956,-1.9327,-1.2177,-2.1558
0.5027,-9.7901,-0.9911,-2.6437,-1.3264,-2.1626
-0.237,-7.8891,0.383,-3.0304,-1.12,-2.0416
-0.1388,-6.9243,0.9528,-3.0389,-0.999,-1.8193
-0.0335,-6.2587,1.9632,-2.8447,-1.167,-1.5615
-0.0742,-6.0791,2.193,-2.5881,-1.5213,-1.3513
-0.7206,-5.4518,2.3032,-2.4806,-1.787,-1.3043
-0.5722,-5.0257,2.782,-2.3822,-2.0876,-1.3177
-1.0007,-3.8043,2.5426,-2.2821,-2.2989,-1.3403
-1.1611,-3.5482,2.4205,-2.188,-2.6215,-1.3972
-0.8044,-3.1076,2.4085,-2.1135,-2.8793,-1.421
-1.5322,-2.2409,2.2002,-1.951,-2.9471,-1.3519
-2.0542,-1.8243,1.9369,-1.8038,-2.9807,-1.2988
-2.442,-1.4915,1.7357,-1.6449,-3.0192,-1.1345
-2.4133,-1.1037,1.4053,-1.4195,-2.9856,-0.9659
-2.0398,-1.0821,1.1013,-1.1501,-2.9232,-0.7728
-1.4053,-1.0055,0.6392,-0.6804,-2.649,-0.5603
-1.3958,-1.379,0.2633,-0.3346,-2.3625,-0.4607
-1.2378,-2.1308,-0.6081,0.0281,-2.0412,-0.3984
-1.0726,-2.8993,-1.5993,0.3885,-1.6685,-0.3788
-0.7709,-3.9432,-3.9049,0.7062,-1.3045,-0.4008
-0.6607,-4.434,-5.0281,0.934,-1.0155,-0.4399
-0.2418,-5.8876,-7.9466,1.0501,-0.7144,-0.4851
0.1197,-7.5779,-10.3169,0.953,-0.5983,-0.5193
-0.1316,-10.2738,-11.3823,0.7392,-0.5842,-0.5645
-0.5363,-11.3943,-11.8085,0.5217,-0.6649,-0.5786
0.1292,-13.7837,-12.6081,0.3977,-0.872,-0.4961
0.6967,-14.7345,-12.6632,0.1191,-1.222,-0.2719
0.6871,-13.379,-10.2738,-0.2216,-1.3961,-0.2017
0.5027,-12.8116,-9.9553,-0.5784,-1.5384,-0.1803
0.2801,-10.7095,-9.4358,-0.8123,-1.7406,-0.2133
0.0239,-8.4925,-9.2347,-0.9107,-1.7369,-0.2805
-0.4189,-5.5045,-8.2818,-0.9253,-1.459,-0.3825
-1.4173,-4.3981,-9.9338,-0.8093,-1.1157,-0.468
-1.4173,-4.3981,-9.9338,-0.5704,-1.0473,-0.5499
-5.4638,-9.0671,-9.431,-0.5704,-1.0473,-0.5499
-6.6537,-19.1949,-7.0368,-0.4568,-1.233,-0.5517
-6.953,-25.3267,-8.4063,-0.2925,-1.401,-0.3306
-4.1635,-29.9164,-7.1278,-0.1324,-1.0662,0.0511
-3.2202,-23.5284,-9.0408,-0.6278,0.7302,0.6394
-4.3358,1.9632,10.6975,-1.505,1.0858,0.6528
-6.1821,7.7766,15.819,-2.3016,0.7235,0.5465
-11.763,9.7997,10.7885,-1.6126,0.8836,0.3394
-9.8141,4.7788,-2.8036,0.1711,1.2147,0.3187
-0.6679,-8.8947,-6.3856,1.7856,1.0516,0.9033
3.213,-11.5164,-1.0678,1.5675,1.0082,0.965
10.2714,-14.8781,11.3368,1.2822,1.0613,0.7603
6.6442,-16.0704,9.6776,1.9188,2.3081,0.384
2.7796,-17.9954,-1.7357,3.0269,3.8884,-0.0771
3.1052,-17.9379,-2.0709,3.4862,4.3392,-0.1528
3.8379,-16.3506,-2.1475,2.7538,3.6587,0.1116
2.9664,-13.2498,-1.118,2.2162,2.8066,0.1024
1.2856,-9.5938,-0.4309,2.0043,2.0002,-0.0044
-0.383,-7.5133,-1.0702,2.2205,1.4969,-0.1027
-2.8131,-5.9714,-2.0901,2.6347,1.2507,-0.1382
-4.2592,-5.3537,-2.3582,2.9725,1.3008,0.0896
-3.6822,-5.9546,-1.0271,2.9664,1.6716,0.4751
-3.2154,-6.6106,-0.4572,2.8955,2.2391,0.9521
-2.272,-8.107,0.7565,2.8045,2.6972,1.3773
-1.2354,-9.3927,0.8427,2.6322,2.7687,1.6754
1.7525,-11.0662,1.2641,2.4893,2.4956,1.866
2.7581,-11.3655,0.8858,2.2358,1.6691,1.9601
4.2042,-11.7869,0.6009,2.1301,0.9489,1.8605
5.1191,-11.8108,0.3088,2.0067,0.4352,1.6424
3.7588,-10.2211,-0.1508,1.9701,0.054,1.4207
2.8467,-9.522,-0.0694,1.9603,-0.1139,1.1171
1.2952,-8.4326,-0.1963,1.8644,-0.1224,0.8739
0.055,-7.8844,-0.0981,1.7715,0.1689,0.7206
-2.3104,-7.4247,0.2394,1.774,0.4266,0.6919
-2.3774,-7.4199,0.3088,1.8174,0.6472,0.6534
-2.1068,-7.9705,0.7062,1.8888,0.8292,0.6687
-1.5562,-8.6864,0.462,1.9633,0.8298,0.7298
-1.2425,-8.8516,0.079,2.0458,0.7284,0.7567
-1.4077,-8.6816,-0.474,2.1167,0.8872,0.7212
-1.3383,-8.4781,-0.8164,2.1356,1.0332,0.7328
-1.0989,-8.1764,-0.3088,2.0855,1.1359,0.8104
-0.7805,-7.5755,0.8499,2.0128,1.167,0.8917
-0.5339,-7.6689,1.5921,1.9194,1.1798,0.9515
0.213,-8.8349,2.1763,1.7123,0.9917,1.0279
0.5434,-10.1086,1.1803,1.6109,0.6557,1.0432
1.0223,-11.4517,-0.5817,1.5296,0.3087,1.0028
1.3215,-11.9258,-0.7996,1.4349,0.1463,0.9601
1.786,-12.8308,-1.3239,1.3623,0.2171,0.9289
2.1595,-12.8619,-1.2856,1.391,0.5555,0.8239
0.9409,-11.4828,-0.6272,1.4123,0.8927,0.7188
-0.1029,-11.2889,-0.6009,1.3671,1.1395,0.5703
-2.1452,-11.5283,-1.0414,1.2492,1.1664,0.4042
-2.4636,-12.1652,-1.5682,1.0916,0.9312,0.3321
-1.2114,-12.2705,-0.7829,0.9114,0.6075,0.3895
-0.8571,-12.3998,-0.2944,0.6659,0.4804,0.5734
-0.079,-13.0822,1.3646,0.559,0.6716,0.6748
0.0359,-13.573,2.0853,0.5168,0.8964,0.6992
0.2561,-13.6257,1.8052,0.5596,1.0094,0.6394
1.4125,-13.9872,1.4413,0.6335,0.9783,0.5471
3.5051,-15.1104,2.0422,0.6268,0.8231,0.4915
4.6184,-15.5653,2.8706,0.3647,0.4071,0.4024
3.0765,-16.0992,-0.0191,0.2438,0.0241,0.2405
2.7102,-16.4774,-1.0606,0.1863,-0.2489,0.0481
2.7317,-16.4655,-1.0797,-0.0145,-0.2684,-0.1174
1.6567,-15.4647,-1.0654,-0.3811,-0.2635,-0.2994
-1.3215,-12.0144,-2.7844,-0.9229,-0.3197,-0.7344
-1.9728,-11.0878,-2.9592,-1.2344,-0.1114,-1.0086
-2.5402,-10.0703,-2.9209,-1.5643,0.2079,-1.1888
-2.3702,-10.5371,-1.7741,-1.9272,0.4205,-1.3
-2.3702,-10.5371,-1.7741,-2.8563,0.2208,-1.3434
-2.7581,-12.9265,1.8507,-2.8563,0.2208,-1.3434
-3.529,-13.7813,1.6089,-3.2686,-0.0595,-1.3862
-4.9539,-14.6887,-0.0598,-3.2631,-0.2403,-1.4906
-6.9817,-16.147,0.4333,-3.1104,-0.313,-1.5908
-7.1685,-16.1973,0.8667,-3.0267,-0.343,-1.6226
-7.3409,-16.2069,2.5737,-3.0175,-0.3234,-1.5816
-6.6968,-15.9124,3.5098,-2.9858,-0.0962,-1.377
-4.7141,-14.9715,3.0262,-2.896,0.1487,-1.2237
-2.6096,-14.1691,3.0645,-2.7304,0.3802,-1.1424
0.7972,-14.4062,6.1103,-2.5527,0.6117,-1.1534
1.5873,-14.1524,3.5266,-2.2888,0.5183,-1.2909
0.0909,-12.1843,-4.039,-1.838,-0.3765,-1.5896
0.0742,-11.6816,-4.4268,-1.7561,-1.4614,-1.9598
-0.3447,-10.6353,-3.2465,-2.1752,-1.2195,-2.0105
-1.7166,-9.1126,-0.6607,-2.6125,-0.6716,-1.9427
-2.7581,-7.4917,1.7429,-2.8441,-0.1701,-1.7673
-2.5833,-7.1733,1.9752,-2.8312,0.0699,-1.515
-1.5945,-6.4694,2.1404,-2.7256,-0.266,-1.2603
-0.79,-6.127,2.0829,-2.6009,-1.2275,-1.0508
-0.1197,-5.3297,1.8339,-2.5637,-1.7644,-1.038
-0.1508,-5.2388,1.786,-2.5215,-2.1456,-1.0642
0.079,-5.0592,2.3104,-2.4177,-2.2653,-1.1119
-0.2298,-4.5872,2.6671,-2.3065,-2.2501,-1.1607
-1.2904,-2.715,2.4588,-2.0701,-2.269,-1.278
-1.2162,-2.7174,2.4732,-1.984,-2.3637,-1.2676
-2.1188,-1.877,2.5594,-1.8923,-2.3722,-1.1626
-2.5905,-1.3886,2.308,-1.7298,-2.4052,-1.0728
-2.8203,-1.3503,1.9488,-1.5606,-2.5555,-0.8993
-2.9305,-1.154,1.8004,-1.3536,-2.627,-0.6843
-2.4157,-1.1348,1.3455,-0.9773,-2.4724,-0.4088
-1.7094,-1.4963,0.6799,-0.6816,-2.2916,-0.2151
-1.1252,-2.1452,-0.316,-0.3682,-2.0607,-0.0991
-0.6464,-2.4492,-1.1396,-0.0481,-1.7925,-0.0508
-0.2394,-3.3542,-3.62,0.2676,-1.506,-0.0129
0.0502,-4.6447,-7.1757,0.642,-1.0308,-0.0105
1.0486,-7.8556,-11.5666,0.6946,-0.7321,-0.049
1.1635,-8.605,-11.0471,0.4942,-0.5152,-0.1516
0.7015,-10.1565,-10.3264,0.1735,-0.4566,-0.2835
0.3663,-12.2657,-11.253,0.0006,-0.6411,-0.3788
1.3072,-14.4756,-15.2061,-0.0414,-0.9392,-0.377
1.3958,-14.4971,-10.3264,-0.2418,-1.1249,-0.2903
0.1891,-14.2577,-10.439,-0.6144,-0.7437,-0.2597
-0.0335,-12.996,-9.5531,-0.7598,-1.2428,-0.2878
-1.0678,-9.012,-8.2076,-0.8526,-1.572,-0.3361
-1.2354,-8.3871,-8.0903,-0.9058,-1.6814,-0.4082
-1.6184,-6.1869,-7.9179,-0.8899,-1.5225,-0.4424
-1.4915,-4.3789,-7.4797,-0.841,-0.9911,-0.3917
-0.8978,-1.4125,-5.8804,-0.6993,-0.828,-0.3233
-0.3112,-0.5913,-5.8277,-0.4385,-0.9129,-0.3434
-1.6663,-2.5282,-7.044,-0.0555,-1.2837,-0.3904
-3.9504,-8.6242,-9.7063,0.336,-1.594,-0.5309
-8.2986,-22.0248,-9.2706,0.6188,-1.4877,-0.6892
-10.0583,-28.1734,-6.3353,0.493,-0.8432,-0.6647
-1.707,-34.9613,-5.2364,0.2731,0.2183,-0.3178
2.8993,-21.8644,1.4221,-0.2076,1.5317,0.1427
2.8993,-21.8644,1.4221,-1.0585,1.4162,-0.4943
-7.0584,8.3105,12.8451,-1.0585,1.4162,-0.4943
-12.6991,8.4302,5.3537,0.5889,1.2666,-0.5933
-11.1812,3.9576,-6.5628,1.8613,1.481,-0.1101
-3.383,-8.6505,-4.5441,2.2712,1.1426,0.4121
0.0167,-11.2314,3.0861,1.8009,0.8567,0.6174
6.5077,-14.8566,11.5618,1.3714,1.31,0.6992
5.5213,-17.9379,6.2659,2.452,3.3735,0.6033
4.762,-19.0512,-0.9289,3.0189,4.2384,0.5563
5.38,-18.7256,-0.6991,2.8344,3.9348,0.5062
5.459,-16.3841,-0.1436,2.3561,3.1248,0.4555
3.8833,-12.9481,-0.5793,2.0996,2.1365,0.3126
1.0606,-8.538,-1.221,2.1906,1.4889,0.1214
-0.8643,-6.8716,-1.7788,2.6139,1.3625,0.001
-2.272,-5.957,-2.0278,2.8656,1.4853,0.0737
-2.4756,-6.0624,-0.1675,2.9511,1.627,0.3199
-2.2098,-7.3313,1.13,2.8894,1.8988,0.6742
-1.8243,-7.9466,1.5586,2.7813,2.0057,1.0529
-0.8643,-9.0695,1.4125,2.6158,1.9361,1.3895
-0.043,-10.494,0.6991,2.2993,1.6123,1.6864
-0.5817,-11.2817,0.3016,2.102,1.2776,1.6467
-0.8667,-10.9106,0.1628,1.9487,0.9856,1.2857
-0.0454,-10.2857,-0.7182,1.8332,0.6093,0.9363
0.5698,-9.8644,-1.0031,1.8479,0.4639,0.9418
0.0981,-8.7223,-0.6177,1.8161,0.7211,0.9576
-0.043,-8.538,-0.4381,1.7642,0.8585,0.8721
-0.8212,-7.9753,-0.7565,1.766,1.0461,0.7933
-1.3455,-7.8437,-0.4213,1.8363,1.2983,0.6925
-1.0151,-9.4789,0.3303,1.8674,1.5714,0.6528
-0.6392,-9.7207,0.5961,1.8522,1.7339,0.6834
0.881,-10.0367,1.2306,1.7398,1.6197,0.789
1.7812,-9.5148,1.288,1.6604,1.434,0.7762
2.2792,-8.3704,1.1827,1.6726,1.4388,0.6968
1.8076,-7.4438,1.0414,1.7263,1.506,0.6168
0.7062,-6.8788,1.5945,1.7599,1.5818,0.5471
-0.4596,-6.6585,2.1308,1.7715,1.6875,0.5355
-1.9752,-6.9291,2.3798,1.8033,1.5519,0.6082
-2.0829,-7.4007,2.4468,1.8112,1.1316,0.7377
-1.6017,-8.629,1.956,1.8131,0.6362,0.9039
-0.6057,-10.2618,0.7852,1.8473,0.2837,1.0438
1.0797,-13.1755,-1.5586,1.8925,0.1316,1.1213
1.628,-13.1564,-2.1763,1.8528,0.2819,1.0774
2.3295,-12.9146,-2.533,1.7159,0.5103,0.9558
2.0111,-12.9122,-2.0278,1.4569,0.7956,0.7585
0.2896,-12.9265,-0.2513,1.1698,1.0271,0.5282
0.079,-12.6847,0.0646,0.9634,1.1212,0.3327
-0.6344,-12.5985,0.4572,0.8357,1.1414,0.2576
-1.6089,-12.8834,0.3064,0.6451,1.2599,0.2533
-2.193,-13.6879,-1.1611,0.559,1.1395,0.3272
-2.1045,-13.7813,-1.1827,0.5296,1.0021,0.4677
-0.9504,-13.9106,-0.9409,0.5089,0.9312,0.6009
0.5889,-13.482,-0.3112,0.504,0.944,0.6614
1.5179,-12.5219,-0.8427,0.4557,1.0467,0.5844
2.0709,-12.4381,-1.5275,0.3794,1.0723,0.4543
3.3183,-13.9991,-0.6153,0.267,1.0479,0.3254
5.3202,-15.6131,1.4484,0.0324,0.9776,0.2142
5.3273,-15.5461,0.6344,-0.2674,0.842,0.0951
4.8506,-15.752,-0.4333,-0.5075,0.5488,-0.1009
4.8626,-16.2045,-0.4333,-0.8239,0.2868,-0.4589
3.7229,-15.1367,-0.2777,-1.2766,0.1334,-0.6922
-1.3599,-13.9225,-1.3407,-1.7824,-0.1762,-0.997
-2.5043,-13.5754,-1.1707,-2.144,-0.3711,-1.3947
-4.1706,-12.8356,-0.462,-2.472,-0.4816,-1.6152
-4.9467,-12.3304,0.0215,-2.742,-0.4596,-1.6226
-6.4143,-14.6432,0.2011,-2.896,-0.1774,-1.5157
-7.4366,-15.4408,0.6296,-2.8911,0.2177,-1.5291
-9.3927,-16.0441,1.9704,-2.9174,0.4175,-1.6024
-9.6393,-15.4001,2.7748,-3.0121,0.0448,-1.5896
-5.4662,-13.5251,2.7653,-3.1214,-0.7229,-1.4301
-4.2353,-13.5778,2.5713,-3.0762,-1.1016,-1.0899
-1.4389,-14.059,1.8674,-2.8636,-0.5305,-0.9231
0.7278,-14.9068,2.9568,-2.607,0.4046,-0.928
1.1971,-15.8023,2.3127,-2.3792,1.1371,-1.0655
-0.8092,-14.744,-2.2816,-2.0139,1.2073,-1.3868
-2.0829,-13.2617,-4.0342,-1.6541,0.6545,-1.7594
-1.8315,-12.3687,-1.9009,-2.0273,0.2996,-1.9231
-3.4404,-9.115,-0.5841,-2.5008,0.0528,-1.8938
-2.9424,-8.3512,0.5913,-2.8233,-0.2147,-1.8022
-2.4516,-7.0991,2.2266,-3.0151,-0.1285,-1.5419
-1.4652,-6.364,3.2202,-3.078,-0.1682,-1.2835
0.2681,-5.5476,1.8722,-3.0713,-0.886,-0.9873
0.8044,-5.6362,2.1811,-3.034,-1.4211,-0.8816
0.8044,-5.6362,2.1811,-2.7372,-1.6594,-0.8981
1.9847,-6.0432,2.5306,-2.7372,-1.6594,-0.8981
1.2593,-5.0879,2.1667,-2.4885,-1.8774,-1.0264
0.5578,-4.3335,2.1619,-2.3273,-2.1407,-1.1736
0.5578,-4.3335,2.1619,-2.1684,-2.6215,-1.2194
-0.9792,-2.3965,1.81,-2.1684,-2.6215,-1.2194
-2.1715,-2.1978,1.731,-2.0457,-2.7962,-1.0086
-2.2361,-2.126,1.7573,-1.8642,-2.8133,-0.7997
-2.4612,-1.6376,1.7238,-1.6419,-2.7687,-0.6201
-2.3056,-1.2378,1.4077,-1.3926,-2.6997,-0.4595
-1.3287,-1.6136,0.6967,-0.9314,-2.3918,-0.231
-0.7733,-1.9273,0.213,-0.5894,-2.1193,-0.1174
0.0383,-2.7222,-1.0175,-0.2406,-1.8157,-0.074
0.2585,-3.122,-2.6503,0.1149,-1.4993,-0.0948
0.6991,-3.8307,-7.02,0.4258,-1.1847,-0.187
1.3455,-4.8003,-9.6369,0.6836,-0.8811,-0.3617
2.3463,-6.3592,-11.6648,0.6646,-0.7315,-0.4845
2.3295,-8.289,-11.6409,0.4924,-0.6832,-0.6214
1.5897,-12.9816,-11.1788,0.3103,-0.9324,-0.7166
1.4939,-14.296,-11.5164,0.1686,-1.4419,-0.6885
1.2401,-15.9316,-12.3064,-0.0005,-1.8487,-0.5743
-0.1005,-15.8789,-12.1532,-0.4446,-1.941,-0.3911
-2.059,-13.7717,-9.0695,-0.8569,-1.8451,-0.3226
-2.0949,-12.6728,-9.2227,-1.2283,-1.773,-0.2579
-2.296,-9.4023,-9.7039,-1.4214,-1.7162,-0.2444
-3.9456,-6.7711,-9.7135,-1.3108,-1.7339,-0.2554
-6.3712,-7.1254,-10.02,-1.1727,-1.244,-0.297
-6.5221,-7.6282,-9.838,-1.13,-1.1041,-0.2347
-5.6913,-10.4773,-6.6442,-1.1153,-1.1603,-0.2493
-4.118,-13.6041,-4.8698,-1.0493,-1.3991,-0.3055
-2.8634,-16.3984,-10.8292,-0.7268,-1.5506,-0.2218
-0.3232,-17.3418,-12.7326,-0.3658,-1.2721,-0.0111
0.7302,-13.4605,-2.612,-0.8746,-0.7357,0.2826
-1.0917,-1.9991,9.3472,-1.601,-0.0589,0.081
-7.2906,4.3167,13.0271,-1.3108,0.7583,-0.049
-8.7391,2.861,5.2388,-0.1172,1.495,-0.1815
-6.0336,-2.3989,-4.985,1.2089,1.7437,-0.1693
-3.675,-8.2794,-4.9993,1.8094,1.3826,0.0713
2.9424,-13.7166,4.8841,1.482,1.1841,0.1886
2.9424,-13.7166,4.8841,2.0617,2.1474,0.133
3.0669,-14.5833,5.0305,2.0617,2.1474,0.133
0.4261,-15.0002,-0.4213,2.6762,2.9422,-0.0135
1.1899,-14.5642,-1.4508,2.8784,3.043,-0.0025
1.3551,-13.8555,-1.0821,2.4789,2.4468,0.1708
1.2904,-11.8515,-0.7972,2.3213,2.0222,0.1696
0.9145,-9.5292,-1.0486,2.4355,1.6404,0.1067
-0.644,-7.1613,-1.8004,2.7001,1.3906,0.0328
-0.8714,-6.8572,-1.6974,2.9835,1.2953,0.0029
-1.7118,-6.3209,-1.2713,3.1374,1.3014,0.0591
-1.9584,-6.7232,-1.0558,3.1661,1.4859,0.3969
-0.9241,-8.344,0.1316,3.1044,1.7101,0.7567
-0.1651,-9.0575,0.1651,2.9817,1.8451,1.1391
1.2473,-9.7782,0.395,2.8699,1.6936,1.4512
2.193,-9.9434,-0.3926,2.6805,1.3148,1.6387
2.9712,-9.8476,-0.0071,2.4044,0.6441,1.632
3.1555,-9.6202,-0.1819,2.2474,0.2874,1.5239
2.7748,-8.9785,-0.5985,2.2034,-0.0583,1.417
1.9129,-8.3249,-0.8571,2.1979,-0.1505,1.2851
0.2729,-8.0208,-0.8738,2.1906,-0.0681,1.1433
-0.0143,-8.1908,-0.8475,2.1368,0.0907,0.9912
-0.9648,-8.6218,-0.5578,2.025,0.3344,0.8434
-1.5538,-9.0623,-0.1412,1.9682,0.426,0.6992
-1.7405,-9.4502,0.3184,1.9395,0.4437,0.5777
-1.7956,-9.5603,0.3711,1.9499,0.5134,0.5086
-2.1332,-9.3664,0.1747,1.9823,0.6166,0.4909
-2.3056,-9.0001,-0.4261,2.0183,0.6539,0.4683
-1.8722,-8.3177,-0.407,2.044,0.7809,0.4757
-1.8674,-8.2531,-0.2346,2.025,0.9691,0.508
-1.8674,-8.2531,-0.2346,1.9065,1.1542,0.6974
-0.9337,-7.8389,1.142,1.9065,1.1542,0.6974
-0.6488,-8.447,2.0733,1.8595,1.167,0.786
-0.6033,-9.3161,2.5187,1.7935,1.1359,0.8825
-0.7493,-10.7766,2.2002,1.7581,1.087,0.9332
-0.8044,-12.158,0.8858,1.7288,0.908,0.9607
0.1891,-13.3431,-1.3623,1.7086,0.6753,0.957
0.7805,-12.9792,-1.8938,1.6781,0.5812,0.9265
1.8363,-12.079,-2.4612,1.6139,0.6612,0.8733
2.0207,-11.5259,-2.0901,1.4808,0.9495,0.6791
0.5123,-11.8492,-0.3878,1.3103,1.1145,0.5086
0.0263,-11.8755,-0.1484,1.1307,1.1963,0.3669
-0.6057,-11.8635,0.3256,0.9689,1.1511,0.3205
-0.8906,-12.4477,0.8475,0.8332,1.0803,0.362
-1.4341,-13.1109,1.6567,0.6561,1.1139,0.4579
-1.4844,-13.2498,1.5705,0.5981,1.1316,0.4958
-1.4006,-13.3216,1.3287,0.6084,1.1175,0.5245
-0.7134,-13.245,1.1803,0.6427,1.0797,0.5587
2.0446,-13.8028,1.3694,0.6769,1.0467,0.5844
2.7102,-13.9896,1.6639,0.6726,0.9673,0.5899
3.6391,-14.4253,2.4708,0.471,0.6624,0.4977
2.8347,-14.5354,0.3136,0.2774,0.3949,0.3895
1.9512,-14.4732,-4.525,0.212,0.1689,0.2643
2.3127,-15.2516,-4.6998,0.1527,0.156,0.1073
3.2848,-16.2548,-1.8507,-0.1758,0.2587,-0.0923
3.371,-15.5246,-1.118,-0.758,0.2794,-0.3208
1.1324,-13.6041,-2.7246,-1.4763,0.0131,-0.749
-0.2537,-12.4788,-3.4093,-1.8312,-0.0784,-1.063
-2.0015,-11.4733,-2.533,-2.2326,-0.0888,-1.2652
-2.4803,-11.8539,-1.1803,-2.6547,-0.0039,-1.3929
-2.6048,-14.4445,0.8667,-2.9785,-0.0314,-1.4283
-2.9305,-15.7161,1.47,-3.2729,-0.2458,-1.4289
-4.288,-17.3633,2.4684,-3.3737,-0.4523,-1.4552
-6.1055,-17.2556,3.4644,-3.3975,-0.6606,-1.4876
-7.609,-14.7847,4.6734,-3.3682,-0.8408,-1.515
-7.4031,-14.2338,5.1981,-3.2979,-1.0283,-1.5132
-7.0631,-13.3862,3.0693,-3.1984,-1.1456,-1.4613
-5.3585,-13.6328,1.9273,-2.9174,-0.8732,-1.2719
-2.1859,-14.2266,2.1883,-2.8453,-0.0986,-1.1363
-1.8602,-14.2625,2.2337,-2.6926,0.5293,-1.1308
-0.5889,-13.9537,2.1499,-2.3884,0.7192,-1.2567
-1.1276,-12.802,0.0933,-2.0133,0.6936,-1.4601
-1.7669,-11.2027,-3.383,-1.6736,0.167,-1.7527
-1.7717,-10.0559,-2.4851,-1.9094,-0.3283,-1.8388
-1.3814,-8.8732,-0.1915,-2.4965,-0.6038,-1.8119
-0.5363,-7.7599,1.1611,-2.8948,-0.7278,-1.6617
0.1915,-6.4574,2.0614,-2.9803,-0.7944,-1.5004
