andar
1.4341,-24.2107,21.5579,-1.0722,0.1455,0.3402
1.2641,-24.8383,21.7567,-1.0264,-0.0236,-0.1044
0.328,-27.6826,19.0943,-0.2671,-1.0291,-0.3543
0.0646,-22.6114,11.4182,0.9216,-1.9173,-0.3628
0.079,-12.6871,6.5939,1.7621,-2.5648,-0.1313
1.1851,-7.1733,7.0727,1.9619,-2.2527,0.135
2.8107,-1.2162,7.6545,1.742,-1.5789,0.3451
4.7429,1.695,6.5005,1.4952,-1.2252,0.4642
5.7631,-5.3513,3.9312,1.1812,-1.4622,0.5577
5.0424,-8.8612,3.2465,0.731,-1.5929,0.5577
3.9647,-13.6328,4.1611,0.0627,-1.3437,0.4269
1.616,-21.0025,9.0958,-0.6006,-0.5484,0.2138
2.1092,-18.5293,0.5195,-0.8162,0.4271,-0.0494
2.8514,-15.5437,-1.1827,-0.0856,1.2212,-0.1191
2.9041,-4.0988,-10.7766,1.0224,2.121,0.1093
1.4293,2.2553,-16.8581,1.0108,1.5847,0.0702
9.6992,-1.0941,3.6655,-0.0019,1.7056,0.2614
10.4054,-1.3982,5.4973,-1.4026,2.1363,0.5681
9.5555,-4.3837,11.66,-2.1131,1.683,0.59
0.656,-8.933,-5.641,-1.3312,0.1644,0.2443
-6.1869,-13.9321,-9.9266,-1.0807,0.1412,0.0879
-5.6386,-14.138,-8.933,-2.2927,2.231,0.2883
-3.7158,-14.8087,-1.9488,-3.449,4.3629,0.5271
-4.8267,-15.0122,0.3232,-3.523,5.1485,0.2217
-4.1515,-13.9513,1.3144,-3.0776,4.8027,-0.215
-2.7724,-12.6177,2.1643,-2.5896,3.369,-0.4196
-0.8762,-11.0255,1.6448,-2.4142,2.3788,-0.455
0.5722,-9.7806,0.8762,-2.3415,1.7044,-0.4746
2.5378,-9.4358,-0.644,-2.4631,1.2286,-0.5064
2.4468,-9.3281,-1.5777,-2.6494,1.0477,-0.5815
2.2194,-9.0144,-2.885,-2.8565,1.5535,-0.8307
1.7669,-8.6625,-2.5905,-3.0013,1.9848,-0.9566
-1.5562,-7.8676,-1.063,-3.121,2.1503,-1.0537
-1.5562,-7.8676,-1.063,-2.9909,1.611,-1.1258
-0.4046,-9.0336,-1.3694,-2.9909,1.611,-1.1258
-0.4405,-9.4166,-1.233,-2.6806,1.027,-0.5021
-2.0949,-10.0367,-0.541,-2.2524,0.311,-0.3048
-2.3439,-10.0679,-0.553,-2.1204,0.2554,-0.4868
-2.3654,-10.2786,0.0718,-2.1021,0.5413,-0.5797
-1.0606,-9.8907,0.984,-2.1204,0.8871,-0.4453
0.1867,-8.4183,0.2466,-2.077,1.2328,-0.2541
0.2561,-8.3871,0.2489,-2.0037,1.5401,-0.1893
0.8331,-7.8844,-0.304,-1.9891,2.0777,-0.2302
1.4796,-7.2667,-0.3878,-1.9634,2.1424,-0.2541
1.5969,-6.6729,-0.79,-1.8822,1.8852,-0.3445
1.4101,-6.7543,-1.2737,-1.7136,1.4552,-0.4929
0.225,-7.3361,-1.2593,-1.5627,1.0319,-0.6285
-0.8164,-8.7535,-0.0622,-1.6134,0.5609,-0.7629
-1.2832,-10.4845,1.233,-1.7313,0.3147,-0.7678
-1.3431,-11.0495,1.2521,-1.7624,0.3055,-0.7299
-1.2617,-11.976,0.6991,-1.7356,0.4692,-0.6768
-0.486,-12.1963,0.1029,-1.7166,0.7368,-0.6078
1.6017,-10.2953,2.2481,-1.6861,1.0758,-0.5308
1.7597,-10.0846,2.4947,-1.5291,1.4607,-0.4801
2.2505,-10.324,2.6623,-1.2689,1.4466,-0.5045
1.2114,-11.5618,1.9991,-0.9439,1.2518,-0.5662
-4.5657,-13.4581,0.5195,-0.7063,0.9531,-0.6603
-5.155,-13.7142,0.1651,-0.5835,0.7441,-0.7531
-7.2762,-14.9045,-1.9847,-0.4167,0.7429,-0.7067
-7.2762,-14.9045,-1.9847,-0.3996,1.0428,-0.5283
-2.2649,-15.5629,3.7445,-0.3996,1.0428,-0.5283
-2.0709,-15.6012,3.8594,-0.4894,0.7118,-0.3182
-1.9847,-16.7121,2.9927,-0.4112,0.2671,-0.138
-2.1906,-16.068,1.7381,-0.1974,0.0954,-0.0726
-3.1507,-13.391,1.482,0.1262,-0.2081,0.1215
-3.5889,-12.3878,2.0422,0.4054,-0.3553,0.1692
-3.3901,-13.7765,2.6958,0.7402,-0.3517,0.251
-3.4165,-14.6073,2.5139,1.1537,-0.3822,0.3982
-1.4269,-12.9672,1.9273,1.5972,-0.5813,0.5057
-0.0311,-12.3256,1.7645,2.2679,-0.7255,0.6768
2.6815,-11.5714,1.6065,2.6949,-0.5881,0.7678
5.5548,-11.1477,0.4309,3.1097,-0.414,0.8436
8.9833,-13.7669,-1.5538,3.4524,-0.2741,0.9303
9.0001,-14.3008,-1.7166,3.6302,-0.1794,1.0042
8.514,-16.9228,-3.6631,3.6601,-0.1501,0.9486
7.3241,-17.5812,-4.8458,3.5569,0.1259,0.6701
6.0504,-15.5868,-4.5561,3.3406,0.6678,0.5638
6.0648,-15.3809,-4.1108,3.1458,1.1681,0.6554
5.4064,-14.6169,-1.5107,2.9265,1.3599,0.8637
3.8857,-14.2003,-0.4596,2.6986,1.413,0.8985
-0.9409,-15.8789,1.4867,2.5618,1.402,0.8038
-0.6943,-15.9675,1.7717,2.2215,0.2011,0.8252
-0.2322,-15.9148,2.0685,1.8556,-1.9906,1.0897
-0.2992,-15.2109,0.4309,1.9729,-3.1659,1.1875
-2.205,-12.6847,-0.2633,2.37,-3.1348,1.1331
-2.0638,-10.9657,-0.7876,2.7078,-2.5398,1.0665
-1.1085,-9.5028,-1.5705,3.1158,-1.4885,1.1068
-0.5961,-8.9522,-2.8131,3.3651,-1.2906,1.0439
0.1197,-7.4965,-3.9647,3.5227,-1.3895,0.9199
0.0574,-6.7734,-3.9097,3.5007,-1.9112,0.8179
0.6009,-5.7392,-4.355,3.3724,-2.3394,0.7452
0.869,-4.9347,-3.7517,3.2123,-2.5599,0.7012
0.9217,-4.1012,-3.3016,2.7866,-2.7346,0.6102
1.0773,-3.8881,-3.134,2.5422,-2.6406,0.5766
1.3096,-3.1627,-2.4899,2.2936,-2.4506,0.5864
1.6903,-2.284,-1.9728,2.07,-2.2832,0.5864
1.6472,0.0071,-1.7334,1.8605,-2.2093,0.5485
1.6112,0.0622,-1.7046,1.5166,-2.1598,0.4269
1.142,0.292,-1.5107,1.202,-2.1855,0.3304
0.8475,0.2418,-1.7597,0.9228,-2.1335,0.2583
0.7445,-0.7709,-2.272,0.673,-1.9851,0.2272
0.7278,-0.8379,-2.2936,0.3895,-1.8073,0.2443
0.6464,-1.2282,-2.2194,-0.0875,-1.5037,0.3298
0.2011,-1.5179,-1.8267,-0.4247,-1.37,0.4202
0.6536,-2.1835,-0.3758,-0.7735,-1.2906,0.5204
0.7541,-2.8347,1.5849,-1.1308,-1.2142,0.6371
0.7876,-4.3718,6.1869,-1.4479,-1.1366,0.733
2.3558,-7.803,15.7305,-1.6598,-0.998,0.8222
6.4167,-15.2133,22.0368,-1.6641,-0.8074,0.9016
7.5156,-18.1318,16.3625,-0.735,-0.4628,0.6163
4.2832,-23.5882,12.7542,-0.0496,-0.3333,0.0427
2.3415,-27.8837,16.1255,-0.2536,-0.5276,-0.5907
2.6767,-17.665,12.0982,-0.2335,-0.494,-0.8344
2.6767,-15.5126,11.2099,0.5746,-0.6046,-0.7593
1.5634,-7.3504,8.3081,1.6497,-1.4714,-0.1007
1.1947,-1.549,5.6458,1.7902,-1.7102,0.1099
3.8738,0.9816,2.9448,1.6418,-1.8403,0.2816
4.6208,-0.2729,3.2345,1.3547,-1.8703,0.4263
4.6208,-0.2729,3.2345,0.5429,-1.362,0.5491
4.6303,-11.6887,6.5077,0.5429,-1.362,0.5491
-0.0646,-21.2371,2.3918,-0.0563,-1.1494,0.4227
-0.0933,-21.5053,1.7046,-0.2774,-0.5184,0.3243
2.1404,-19.779,-0.1867,-0.3495,0.9421,0.3182
5.9714,-9.9506,-0.5434,-0.3367,2.7514,0.3842
4.5513,-2.5617,-5.3345,-0.0856,3.1198,0.3836
3.8163,-0.7302,-8.0328,-0.1363,2.0654,0.1881
7.4319,-1.5155,-4.2305,-0.6806,2.1088,0.1765
8.4685,-2.3199,5.9762,-1.3947,1.4375,0.182
1.4556,-5.1071,-1.4844,-1.6537,0.2414,0.0354
-3.7277,-6.6059,-8.3895,-1.4338,-0.888,-0.1032
-7.4223,-10.1612,-11.6959,-1.526,-0.5648,-0.0574
-4.1299,-13.0894,-7.9035,-3.008,2.3086,0.4245
-4.8051,-14.8685,-0.2011,-3.6561,3.6702,0.4202
-4.8578,-15.0888,0.5123,-3.5902,4.3403,0.0262
-4.1491,-15.084,1.9512,-3.1998,4.1418,-0.2351
-2.3822,-13.7047,1.5945,-2.7533,3.4179,-0.2889
-2.3822,-13.7047,1.5945,-2.3373,2.0276,-0.342
0.7469,-10.5874,1.1444,-2.3373,2.0276,-0.342
2.0781,-9.4645,0.304,-2.501,1.6452,-0.3891
2.624,-8.7606,-0.5961,-2.7734,1.3348,-0.5082
1.9105,-8.028,-1.5251,-2.9878,1.3373,-0.642
1.4963,-8.0136,-1.5059,-3.1326,1.534,-0.7666
-0.905,-8.5428,-1.5514,-3.2939,1.5004,-1.08
0.1556,-9.3759,-2.8371,-3.2059,1.2652,-0.7354
0.0215,-9.5364,-3.1723,-2.9292,0.9842,-0.124
-0.5793,-9.9242,-1.8243,-2.6965,0.6977,-0.0476
-1.3263,-10.4845,0.0335,-2.4692,0.4686,-0.2504
-1.2258,-10.6353,0.0718,-2.1583,0.4259,-0.4605
-0.6129,-9.4861,-0.3758,-1.6946,0.4656,-0.5381
-0.2705,-8.9833,-0.2777,-1.713,0.5224,-0.4502
-0.1125,-8.0903,0.5434,-1.8907,0.862,-0.2816
0.4572,-7.5085,0.7398,-2.0624,1.4075,-0.1661
1.4437,-6.941,-1.6136,-2.0813,1.8339,-0.1252
1.4437,-6.941,-1.6136,-1.6928,1.578,-0.35
1.3551,-6.7136,-2.5665,-1.6928,1.578,-0.35
0.9648,-6.9195,-1.9632,-1.6165,1.1192,-0.4538
-1.0534,-7.8484,-0.9528,-1.6665,0.6684,-0.5314
-1.1851,-8.0807,-0.8571,-1.7618,0.3685,-0.5876
-1.3527,-9.4645,-0.4094,-1.8364,0.2725,-0.5858
-0.79,-11.016,-0.3112,-1.881,0.5132,-0.554
1.8267,-12.4836,1.458,-1.8718,0.8205,-0.5338
1.9321,-12.4956,1.6711,-1.8449,1.0936,-0.5045
2.4923,-12.1412,3.1076,-1.8028,1.2218,-0.5015
2.0638,-11.6193,3.924,-1.6555,1.2316,-0.5253
0.2705,-12.1939,3.1531,-1.3776,1.187,-0.5699
-1.9345,-12.7877,2.1356,-0.851,1.0593,-0.6469
-5.5213,-13.3,-0.0215,-0.5499,0.9201,-0.7116
-7.2068,-13.9968,-1.5993,-0.3452,0.8871,-0.7116
-5.2124,-15.1367,-0.5841,-0.2707,1.0807,-0.5381
-2.9017,-15.2037,1.3,-0.2793,1.3593,-0.3078
0.7206,-14.6049,4.5968,-0.3856,1.0826,0.0085
0.9864,-14.7078,4.7477,-0.3599,0.6769,0.0714
-2.6862,-15.7233,0.6799,-0.1351,0.4723,-0.0158
-2.8778,-15.0218,0.5554,0.1696,0.286,-0.0623
-3.2848,-12.723,1.1516,0.447,0.0215,0.0329
-3.8259,-12.4142,2.952,0.7017,-0.1293,0.1643
-4.2161,-13.4724,2.8778,1.1959,-0.0994,0.3237
-3.6822,-13.3072,2.6312,1.6949,-0.2264,0.4098
-2.3343,-12.2753,1.628,2.2343,-0.4182,0.5009
-0.7422,-12.2011,0.5243,2.7114,-0.5435,0.6053
5.234,-12.8763,-1.0247,3.1079,-0.6131,0.7104
5.4064,-13.0032,-1.1683,3.4701,-0.5343,0.8949
6.1893,-14.6935,-2.2816,3.5789,-0.2814,0.8851
6.4574,-17.5189,-3.7541,3.6424,-0.0267,0.8827
7.4055,-19.2212,-4.6758,3.6473,0.3245,0.9022
7.518,-18.625,-4.4149,3.5618,0.8901,0.8857
8.1214,-17.1789,-3.6248,3.4029,1.4014,0.871
7.7886,-15.2133,-2.1715,3.128,1.6323,1.0525
4.616,-14.0422,-1.3527,2.8733,1.5138,1.1435
1.5322,-14.7464,-4.1539,2.6839,1.4912,1.0409
-0.8762,-16.1854,-1.0295,2.5294,1.2567,0.937
-0.6584,-16.408,2.9616,1.9112,-0.6449,1.1099
-4.7979,-14.1452,1.8291,1.5441,-2.9631,1.2913
-4.7979,-14.1452,1.8291,2.6748,-3.1519,1.3848
-3.8402,-11.7989,0.0383,2.6748,-3.1519,1.3848
-2.3582,-10.3552,-0.9888,3.0633,-2.125,1.6279
-2.3582,-10.3552,-0.9888,3.3706,-1.7133,1.5931
-0.3112,-7.4486,-3.2034,3.3706,-1.7133,1.5931
0.0263,-6.1629,-3.4715,3.3192,-2.3357,1.237
0.4357,-5.0616,-3.6607,3.1439,-2.7682,1.0739
0.4525,-3.4476,-3.857,2.9582,-3.0932,0.9138
0.486,-3.4021,-3.8714,2.7786,-3.1586,0.7293
1.13,-2.7988,-3.6774,2.6461,-2.9894,0.5791
1.3431,-2.6958,-3.292,2.4964,-2.7255,0.4917
1.616,-2.3104,-2.5498,2.1806,-2.3803,0.3622
1.9177,-1.6496,-2.1715,1.9271,-2.2423,0.3072
2.1667,-1.1875,-1.7932,1.6552,-2.191,0.2834
1.8531,-1.154,-1.5586,1.384,-2.2258,0.2522
1.2761,-1.4173,-1.6903,1.1751,-2.2618,0.1832
1.0079,-1.4867,-1.9656,0.8678,-2.1995,0.0995
0.9241,-1.8483,-2.2313,0.6015,-2.0951,0.1252
0.9026,-2.4013,-2.0231,0.2851,-1.9448,0.2345
0.984,-2.193,-1.0247,-0.0392,-1.7756,0.3891
1.0055,-2.0997,-0.7589,-0.3642,-1.5398,0.5583
1.1851,-2.2936,0.6584,-0.6965,-1.2741,0.7202
1.1492,-2.8419,3.3638,-1.1864,-0.8294,0.8625
3.8283,-6.2156,12.3759,-1.479,-0.5471,0.9224
4.446,-7.0751,13.8411,-1.6586,-0.3077,0.9718
5.8134,-11.0184,16.7767,-1.5975,-0.1605,0.9272
3.6774,-14.9883,14.9787,-1.2273,-0.2301,0.631
-1.6184,-23.6648,18.1797,-0.9054,-0.5526,0.1698
-1.5562,-23.9186,17.902,-0.7722,-1.1397,-0.3396
-0.7445,-22.8604,14.6288,-0.1339,-1.4396,-0.4434
0.5315,-16.5158,9.996,0.7347,-1.8904,-0.3707
1.4604,-9.5364,7.6186,1.3461,-2.3284,-0.0256
3.2297,-6.9147,7.9275,1.4787,-2.1812,0.2168
6.5316,-6.3185,8.0232,1.2588,-1.4573,0.4526
8.4494,-9.6824,7.5228,1.1116,-1.1855,0.5314
7.36,-16.5421,8.2148,0.8996,-1.1513,0.4825
4.8147,-19.5995,8.6505,0.6345,-1.0725,0.2425
-0.5363,-22.2403,7.5228,0.4659,-0.5929,-0.1594
-2.521,-14.6216,-3.2393,0.7072,0.0844,-0.4569
4.0797,5.5117,-19.0512,1.4616,1.0154,-0.0592
5.0424,6.3281,-19.2188,1.3077,1.4344,0.102
9.2131,4.7955,-11.4326,0.3388,1.6641,0.2767
12.1389,-0.043,5.9642,-1.1998,1.9457,0.3524
3.2225,-9.5435,3.7301,-2.0074,1.6293,0.091
3.2225,-9.5435,3.7301,-0.3996,-1.2026,-0.4893
-11.8276,-13.8842,-19.9395,-0.3996,-1.2026,-0.4893
-7.6186,-17.1239,-12.5267,-1.6818,1.1614,-0.0733
-5.052,-18.0121,2.545,-3.4619,4.446,0.466
-5.052,-18.0121,2.545,-3.9774,5.3085,0.2834
-5.7368,-15.8669,1.2593,-3.5865,4.749,-0.0763
-4.5537,-12.8834,0.6584,-2.7783,2.9872,-0.1099
-1.5466,-9.115,1.3,-2.6458,1.8553,0.0494
0.383,-7.8796,1.5682,-2.6836,1.2053,0.1588
2.5474,-6.8692,1.3575,-2.7466,1.1681,0.1918
3.7995,-6.7088,0.0335,-2.8272,1.4051,0.0952
4.1323,-7.6569,-1.7238,-2.8925,1.6904,-0.1551
3.8474,-8.4877,-1.9273,-2.9854,2.1229,-0.7696
2.7988,-9.182,-1.4891,-3.0587,2.4521,-1.2541
0.1843,-9.3735,-1.3096,-3.0886,2.5492,-1.6969
-1.968,-11.739,-1.5251,-3.0471,2.3147,-2.0433
-1.5418,-11.8061,-1.7118,-2.9439,1.7392,-1.7867
-1.9393,-10.9944,-1.9608,-2.5401,0.3843,-0.2638
-3.28,-10.1828,-0.9816,-2.3868,-0.0615,-0.1698
-1.7549,-8.9737,0.7398,-2.3012,0.0203,-0.3023
-1.3599,-8.842,0.711,-2.1632,0.3678,-0.2779
0.3878,-8.4302,0.5339,-1.942,0.6934,-0.1258
1.6807,-8.1956,0.565,-1.8138,0.8859,-0.0152
1.9177,-7.633,0.4094,-1.8144,1.2738,-0.0091
1.9249,-7.5947,0.3782,-1.8547,1.5676,-0.0867
2.1164,-7.2475,0.1556,-1.8651,1.7008,-0.1313
2.0542,-6.6585,-0.6129,-1.8132,1.5847,-0.2125
1.209,-6.2204,-2.2098,-1.6977,1.2176,-0.35
0.2657,-6.6274,-2.7365,-1.6012,0.6232,-0.5797
-0.4884,-7.6952,-2.6503,-1.6702,0.4393,-0.6701
-0.1244,-9.3879,-1.2689,-1.8223,0.4448,-0.6701
1.4532,-11.4278,0.4932,-1.9549,0.5627,-0.6304
2.0709,-12.0886,0.9911,-1.9628,0.7612,-0.6017
3.0909,-12.6752,1.2689,-1.8987,0.9164,-0.6059
3.4979,-12.2801,1.5801,-1.7295,1.1326,-0.6469
2.521,-10.8173,2.4277,-1.5706,1.3666,-0.7
2.2577,-10.8771,2.4037,-1.3599,1.6012,-0.7434
-0.0646,-11.9641,2.1236,-1.1003,1.7276,-0.7568
-4.3263,-13.2306,1.3,-0.8529,1.6702,-0.791
-9.7039,-14.4804,-1.0486,-0.6433,1.515,-0.8301
-10.1205,-14.7512,-1.3215,-0.4399,1.3012,-0.7073
-10.8149,-16.4942,-1.0271,-0.352,1.2542,-0.5827
-8.5284,-17.1143,1.1563,-0.3324,1.0801,-0.4868
-1.9871,-15.7616,3.5625,-0.3801,0.5242,-0.3048
-1.8938,-15.7185,3.4739,-0.333,0.0581,-0.1001
-0.7541,-14.7584,2.9664,-0.1101,-0.0829,0.1606
-1.3958,-13.3814,2.6455,0.122,-0.3138,0.2645
-3.2369,-13.8794,2.193,0.4415,-0.5135,0.248
-3.383,-14.4253,1.7932,0.8422,-0.5868,0.2602
-1.8148,-13.6711,2.0781,1.2637,-0.5929,0.3512
-0.1197,-12.407,2.1883,1.6681,-0.5997,0.4838
1.9871,-12.0814,1.2904,2.3015,-0.5007,0.6053
3.5338,-12.0551,0.6224,2.7676,-0.4683,0.6359
5.7463,-12.261,0.3567,3.161,-0.4433,0.7122
8.1046,-13.9106,-0.3303,3.4206,-0.4213,0.846
8.0903,-17.9164,-5.0041,3.6344,-0.4017,0.9162
8.0903,-17.9164,-5.0041,3.7126,0.4234,0.54
7.9227,-17.4447,-5.2483,3.7126,0.4234,0.54
6.7998,-14.9691,-5.0329,3.4322,0.8626,0.4807
7.7072,-13.6759,-1.2593,3.2844,1.0655,0.5821
7.3935,-13.5826,-0.8236,3.1189,1.1424,0.8313
5.368,-13.087,-0.802,2.9717,1.1381,0.8399
1.3072,-13.8196,-4.0845,2.8134,1.0563,0.5766
-0.1268,-15.1726,3.9432,2.4561,0.5181,0.5491
-0.0766,-15.1535,4.0988,1.786,-1.2985,0.791
-0.1029,-14.5354,3.5625,1.6968,-2.7756,1.0378
-2.2242,-13.4102,0.8116,2.2124,-3.1091,1.0769
-3.9169,-10.1517,-1.5945,2.7969,-2.7481,0.981
-2.5187,-9.3233,-1.7501,3.2771,-1.4335,1.0158
-0.8954,-8.198,-2.2649,3.3315,-0.8465,1.1844
-0.9097,-7.0536,-3.5386,3.3076,-0.7988,1.2144
-0.3136,-5.3417,-3.7684,3.205,-1.202,1.1551
-0.067,-4.7764,-3.7205,2.9613,-1.8379,1.1386
0.0335,-4.2688,-3.7373,2.6296,-2.4561,1.0922
-0.0335,-3.7421,-4.0318,2.5147,-2.6345,1.0244
0.869,-2.2768,-3.4931,2.3968,-2.7108,0.9615
0.869,-2.2768,-3.4931,1.9692,-2.5288,0.8979
1.6519,-1.3287,-3.122,1.9692,-2.5288,0.8979
1.8483,-0.5865,-2.8514,1.7267,-2.4463,0.8326
1.9321,0.1556,-1.7956,1.3351,-2.326,0.7336
1.9728,0.067,-1.6376,1.0108,-2.205,0.7049
2.1954,-0.6512,-1.2258,0.665,-1.9955,0.6982
1.7693,-1.3934,-1.0797,0.3339,-1.7762,0.7305
1.0702,-2.3582,-0.5363,0.0212,-1.5856,0.7788
1.0845,-2.3989,-0.4548,-0.435,-1.3706,0.9004
1.1252,-2.8371,0.1388,-0.6965,-1.2802,1.0091
1.2976,-3.4835,1.5801,-0.9243,-1.216,1.1062
2.1212,-5.4183,4.9562,-1.1186,-1.1323,1.171
3.3973,-7.0129,8.4614,-1.2676,-0.9833,1.1869
5.0305,-10.3528,13.8723,-1.3452,-0.7841,1.1282
5.5716,-14.5666,16.2069,-1.1534,-0.4928,0.7696
2.1811,-20.459,16.8438,-0.8217,-0.5355,0.3036
1.4365,-22.5108,18.3401,-0.6104,-1.0157,-0.1734
1.8794,-24.2706,17.5453,-0.264,-1.6491,-0.4178
1.0103,-18.0193,12.5483,0.585,-1.9527,-0.4697
-1.1611,-5.1741,5.9427,1.7829,-2.337,-0.2193
-0.9576,-3.8642,5.4686,1.9485,-2.0309,0.0226
-0.9576,-3.8642,5.4686,1.2637,-0.7365,0.3585
4.4053,0.6919,4.0988,1.2637,-0.7365,0.3585
8.5188,-13.0391,5.562,0.8678,-0.5166,0.4282
8.5188,-13.0391,5.562,-0.4515,-0.957,-0.0378
6.8501,-21.4215,6.4287,-0.4515,-0.957,-0.0378
1.7118,-28.4368,9.2299,-0.7301,-0.3627,-0.4691
-0.4932,-13.9656,-2.7844,-0.3184,0.658,-0.7531
-0.5674,-12.395,-4.4627,0.6998,1.4466,-0.5803
-2.2002,-0.1221,-18.3042,1.4518,1.1369,-0.1301
1.2569,5.2962,-18.1845,1.3596,0.7979,0.1154
12.8164,1.7741,0.5315,-0.8529,1.9549,0.9627
14.5738,-1.3694,13.9465,-2.0679,1.8022,1.1514
8.1764,-4.9108,6.2348,-2.0764,1.0862,0.6976
-2.636,-8.7798,-15.7855,-1.0758,-0.0022,0.1887
-6.1318,-13.2857,-13.1684,-0.8596,0.3061,-0.0109
-4.1635,-14.4971,-6.9171,-3.223,4.0569,0.2626
-4.1922,-16.0441,-0.4932,-3.8376,5.3745,0.1154
-4.9179,-17.0042,2.0805,-3.5523,5.248,-0.3164
-3.0142,-13.9153,0.9696,-3.0221,4.2792,-0.598
-2.8778,-13.324,0.9576,-2.6073,3.0288,-0.7165
-1.5346,-10.6329,0.6368,-2.4087,1.9989,-0.7977
1.2162,-9.0575,-0.0095,-2.3794,1.3819,-0.7165
3.2345,-8.2746,-1.7262,-2.5248,1.2994,-0.6908
3.2345,-8.2746,-1.7262,-2.7924,1.6507,-0.9462
3.5793,-8.5236,-2.7533,-2.7924,1.6507,-0.9462
0.7852,-8.2507,-1.7669,-2.8925,1.9042,-1.0787
0.4429,-9.455,-1.063,-3.0153,1.9396,-1.2919
0.4979,-9.4597,-1.1563,-2.8406,1.7258,-0.678
0.1508,-9.6944,-1.3287,-2.6195,1.2707,-0.1447
-1.8387,-9.7925,-0.9816,-2.5315,0.9622,-0.1685
-2.8395,-9.7016,-0.3758,-2.4753,1.0508,-0.3891
-2.5737,-9.2945,-0.0814,-2.4197,1.2939,-0.4575
-1.561,-8.8923,0.0167,-2.3061,1.6213,-0.3023
-0.7852,-8.7319,-0.0023,-2.2053,1.8614,-0.2223
-0.3423,-8.3177,-0.0311,-2.0996,2.0373,-0.2351
-0.2274,-8.1238,-0.2394,-2.0135,2.0123,-0.306
0.0454,-7.7144,0.4668,-1.9029,1.8315,-0.4172
0.4572,-7.2475,0.1699,-1.818,1.5126,-0.4899
-0.5937,-7.111,-1.142,-1.6134,0.8193,-0.5626
-0.8283,-7.2403,-0.9193,-1.5688,0.4888,-0.6108
-1.312,-8.0663,0.1412,-1.6812,0.3379,-0.609
-1.5921,-9.261,0.9768,-1.796,0.2915,-0.5962
-0.9528,-11.3512,0.3974,-1.7997,0.4137,-0.5711
-0.9528,-11.3512,0.3974,-1.6256,0.9127,-0.4905
-0.0909,-12.6321,0.8044,-1.6256,0.9127,-0.4905
0.7469,-12.6105,1.6998,-1.5774,0.9573,-0.4874
1.6328,-10.6185,2.3822,-1.4735,0.9262,-0.5143
1.6591,-10.6425,2.296,-1.2976,0.9323,-0.5626
1.8866,-10.9537,1.4867,-0.9042,1.0624,-0.5882
-0.2154,-11.6337,1.1851,-0.6818,1.0074,-0.6383
-5.222,-12.9098,-0.3782,-0.5627,0.6501,-0.7648
-7.1445,-13.9225,-1.707,-0.446,0.4424,-0.8252
-7.1445,-13.9225,-1.707,-0.2982,0.7716,-0.6841
-6.6178,-16.2883,-0.1915,-0.2982,0.7716,-0.6841
-2.6431,-17.1047,2.3989,-0.421,0.4308,-0.4306
-2.1116,-17.5979,2.466,-0.3996,0.074,-0.2052
-1.7501,-16.6331,2.1284,-0.3037,-0.0542,0.0036
-2.1954,-14.217,2.0063,-0.1644,-0.2215,0.1728
-3.0095,-13.4174,2.6408,0.1116,-0.4903,0.185
-3.0909,-13.8723,2.7293,0.5105,-0.7023,0.1404
-3.6774,-15.0218,2.3798,1.1299,-0.8031,0.2748
-3.2249,-14.3128,1.6136,1.5752,-0.8733,0.3543
1.7932,-12.2681,1.3958,2.0352,-0.8141,0.4642
2.5546,-12.1891,1.5298,2.4824,-0.5813,0.6255
5.5332,-11.9042,1.1468,2.891,-0.3065,0.7782
7.4103,-12.261,-0.1987,3.3034,-0.1458,0.8802
8.0855,-15.7376,-3.5122,3.7462,-0.133,0.9651
7.9897,-15.989,-3.7493,3.8256,-0.1739,0.8857
7.2307,-17.0353,-4.6208,3.7707,-0.0902,0.667
6.9243,-16.1447,-4.0916,3.6002,0.2261,0.5235
7.2643,-14.5857,-3.0526,3.3987,0.7111,0.5693
7.0153,-14.2481,-1.6448,3.1867,1.1571,0.8643
5.3417,-13.7047,-0.3375,3.0291,1.2457,0.8472
2.6695,-13.9489,-2.1954,2.8849,1.2701,0.6878
-2.5881,-15.6898,0.7876,2.709,1.0899,0.543
-2.059,-15.9148,2.8467,2.2282,-0.2496,0.5699
-1.7501,-15.4791,2.9328,1.8061,-2.4622,0.8356
-1.7501,-15.4791,2.9328,2.8147,-2.7841,1.0885
-2.6886,-10.7478,-0.9624,2.8147,-2.7841,1.0885
-2.2697,-10.4126,-1.3215,3.2117,-1.7011,1.0836
-0.9145,-9.0886,-2.4492,3.5092,-1.1079,1.1044
-0.1077,-7.4295,-3.3949,3.643,-1.0859,1.0543
0.5458,-5.2364,-3.7876,3.5532,-1.7579,0.9242
0.6751,-4.9562,-3.8762,3.3779,-2.2062,0.8918
0.7757,-4.0797,-3.948,3.1421,-2.723,0.8833
0.4812,-3.9073,-3.8738,2.9454,-2.9265,0.8057
0.9552,-2.8538,-3.2656,2.7609,-2.8562,0.7434
1.0007,-2.8203,-3.2058,2.5404,-2.7114,0.7269
1.3862,-2.296,-2.7437,2.1928,-2.37,0.6762
1.6807,-1.7262,-2.6839,1.9894,-2.2362,0.6181
1.6879,-1.2354,-2.387,1.8153,-2.2209,0.5448
1.3455,-1.3814,-2.1021,1.5801,-2.2838,0.4648
1.2569,-1.3551,-1.9105,1.2997,-2.2826,0.3958
1.1563,-1.3359,-1.8866,1.0267,-2.2044,0.3903
1.1779,-1.391,-1.8004,0.582,-1.921,0.4874
1.1372,-1.5275,-1.5634,0.2429,-1.651,0.62
1.1875,-1.8195,-1.0726,-0.1149,-1.3871,0.7751
1.3,-2.2385,-0.5602,-0.4601,-1.1684,0.9492
1.312,-3.0669,2.4636,-0.7832,-1.0212,1.1087
1.4077,-3.4644,3.8235,-1.2176,-0.8507,1.2596
2.0853,-5.7104,9.3352,-1.4436,-0.7176,1.284
3.596,-9.0695,14.9068,-1.4992,-0.5557,1.2192
4.8099,-15.0744,14.3176,-1.2298,-0.4323,1.0451
4.6279,-15.5269,14.399,-0.8278,-0.3736,0.7024
1.9105,-19.8126,17.744,-0.6788,-0.5154,0.2632
1.4484,-22.2762,18.218,-0.6757,-0.9179,-0.3115
1.9967,-15.4096,10.6712,-0.0899,-1.3755,-0.4178
1.9416,-14.7536,10.3049,0.6772,-2.0144,-0.2987
1.458,-9.5603,8.3225,1.1665,-2.3467,-0.0555
1.8962,-5.538,7.5492,1.2954,-1.9045,0.0928
2.1356,-0.3567,6.5364,1.056,-0.8471,0.2724
2.8778,0.7996,5.7368,0.8306,-0.6278,0.3084
4.973,-4.6351,5.2843,0.5691,-0.8636,0.4153
4.8865,-9.7758,4.6806,0.144,-1.2686,0.5357
2.8491,-15.8957,5.3369,-0.3257,-1.2741,0.4618
1.9847,-20.0472,7.2355,-0.7869,-0.5936,0.3176
1.9847,-20.0472,7.2355,-0.3446,2.694,0.1588
6.2036,-23.6672,1.8267,-0.3446,2.694,0.1588
1.9153,-4.4891,-11.2362,0.1434,3.275,0.0952
0.9265,-1.3407,-14.0135,0.5465,1.8229,-0.1459
4.7692,2.94,-10.743,0.3223,1.4118,-0.2486
9.4621,0.8834,-1.3263,-0.6928,1.7356,0.1123
4.9658,-2.9496,5.1095,-1.9109,0.9042,0.3219
2.7796,-3.857,0.2082,-1.895,0.165,0.2125
-6.8692,-9.2251,-16.2763,-1.3629,-0.5367,0.2492
-7.937,-12.3256,-13.391,-1.8577,0.705,0.4624
-5.7056,-14.8925,-2.035,-3.2811,3.482,0.7263
-5.7152,-15.0433,-1.4341,-3.8418,5.7929,0.3207
-3.687,-15.74,1.6184,-3.4332,5.7123,-0.1533
-2.3127,-14.9308,2.5977,-2.8553,5.0556,-0.466
-1.3575,-12.6943,2.5378,-2.3147,4.0801,-0.7409
-0.3615,-11.8539,2.533,-2.0587,2.8938,-0.8588
2.2816,-10.2786,1.2378,-2.1326,1.7307,-0.8588
2.8395,-8.8444,-1.0869,-2.4643,0.768,-0.8662
3.2225,-7.3385,-2.885,-2.6787,0.9573,-0.8827
1.9225,-6.7399,-2.9927,-2.8907,1.4527,-0.8497
0.3711,-6.4454,-2.7126,-3.0459,1.8834,-0.9657
1.0079,-7.4606,-2.7078,-3.0905,1.9958,-0.9596
0.3016,-9.0695,-1.4101,-2.8156,1.4307,-0.4288
0.3016,-9.0695,-1.4101,-2.2463,0.2689,-0.7244
-1.9393,-9.6944,-0.5434,-2.2463,0.2689,-0.7244
-3.0358,-10.6018,-0.4477,-1.9622,0.4424,-0.9401
-3.3327,-11.071,0.146,-1.8492,0.7985,-0.9889
-3.3327,-11.071,0.146,-2.0887,1.7466,-0.507
-2.7006,-9.838,0.5267,-2.0887,1.7466,-0.507
-1.8076,-8.684,0.6703,-2.1522,2.1332,-0.3029
1.3503,-6.3497,0.4572,-2.1693,2.2554,-0.1484
1.5298,-6.2659,0.407,-2.096,2.0166,-0.0879
1.7573,-6.1797,-0.4836,-1.9445,1.468,-0.1325
1.0366,-6.8788,-1.482,-1.7038,0.961,-0.295
-0.0239,-8.0424,-0.2035,-1.5047,0.5413,-0.5192
-0.3663,-9.2203,1.2042,-1.611,0.2866,-0.5687
-0.1795,-10.5683,1.8339,-1.683,0.2139,-0.5852
0.2154,-11.8013,1.4317,-1.6177,0.3666,-0.5955
1.2569,-12.6392,0.4764,-1.5028,0.6446,-0.6053
1.6879,-12.7278,0.8379,-1.4124,1.0697,-0.5888
2.1523,-11.2554,2.1356,-1.402,1.267,-0.5943
1.4676,-9.7734,3.043,-1.3336,1.3361,-0.6401
-2.7844,-11.6169,1.0271,-1.1705,1.2499,-0.7434
-2.7844,-11.6169,1.0271,-0.6782,0.7728,-0.9358
-7.609,-14.0566,-1.8004,-0.6782,0.7728,-0.9358
-9.4334,-15.1056,-2.9376,-0.5218,0.33,-0.8857
-5.052,-16.4703,0.656,-0.5444,0.4448,-0.6243
-3.9839,-16.5229,1.1348,-0.5743,0.8633,-0.3506
0.5961,-16.2284,4.8745,-0.6061,0.9457,-0.1685
1.8243,-16.1231,5.3633,-0.5297,0.6122,-0.0464
-1.0869,-14.7776,2.1906,-0.1528,0.1437,-0.0769
-1.1587,-14.4684,2.1284,0.1684,0.0105,-0.1001
-1.5753,-11.4661,2.7389,0.4384,-0.0786,-0.0317
-3.2465,-11.5786,3.5793,0.7341,-0.0786,0.0678
-4.4029,-12.3519,3.45,1.1171,0.0007,0.1545
-4.3287,-12.8763,2.9328,1.5783,-0.0554,0.259
-2.5522,-13.0654,1.9273,2.3351,-0.3217,0.5125
-1.5753,-13.9632,0.6967,2.8257,-0.4683,0.7018
2.8562,-14.7632,-1.8171,3.2319,-0.4512,0.8546
4.367,-14.7776,-2.612,3.4842,-0.3791,1.0458
5.9044,-15.1008,-4.3502,3.5514,-0.1696,1.1533
7.1733,-16.262,-6.0073,3.508,0.0771,1.1759
7.5994,-16.4224,-3.5242,3.2429,0.4112,1.1374
7.4175,-16.0944,-3.2609,3.0682,0.8009,0.9596
7.9442,-16.2644,-2.1236,3.1109,1.1388,0.8301
8.3177,-16.3817,-1.1803,3.2191,1.1174,0.9957
3.7086,-15.6443,-2.0063,3.1946,0.779,1.1465
1.9416,-15.6921,-1.6352,2.9075,0.1125,0.9205
-0.4979,-15.989,2.2768,2.483,-1.0719,0.7953
0.407,-15.6514,3.4739,2.1079,-2.9955,0.9395
-3.2465,-13.4868,-0.395,2.3101,-3.7187,1.0763
-3.2321,-13.3168,-0.4381,2.7762,-2.921,1.0036
-2.6503,-11.8156,-1.1516,2.9698,-1.6039,1.0812
-1.6376,-10.1828,-2.1021,3.0156,-1.0517,1.2351
-1.367,-8.1453,-3.3566,3.0779,-0.8874,1.2675
-1.1396,-7.0919,-3.6008,3.1299,-1.1751,1.2394
-0.8882,-5.9235,-3.8905,3.1787,-1.9552,1.2027
-0.8882,-5.9235,-3.8905,3.293,-3.2746,1.0134
-0.3519,-3.7517,-4.4077,3.293,-3.2746,1.0134
-0.0407,-3.0142,-4.4795,3.1903,-3.3034,0.8808
0.5602,-2.1859,-3.8019,2.9289,-3.1329,0.7843
0.7852,-1.7477,-3.3279,2.5838,-2.7988,0.6817
1.8579,-1.0869,-2.7916,2.2887,-2.5477,0.5803
1.8579,-1.0749,-2.7078,2.0266,-2.5129,0.5174
1.8339,-0.9888,-2.4923,1.6406,-2.6375,0.3903
1.5897,-0.881,-2.4492,1.4109,-2.6729,0.3109
0.9911,-0.7948,-2.5378,1.1592,-2.6644,0.2779
0.8762,-0.8475,-2.557,0.8587,-2.5367,0.328
0.474,-1.1851,-2.4708,0.5227,-2.274,0.4392
0.2849,-1.6639,-2.1475,0.1861,-1.9631,0.5882
0.9217,-2.0997,-0.3734,-0.2982,-1.5428,0.8552
0.9816,-2.0973,-0.1939,-0.6501,-1.3315,1.0122
1.3072,-2.2577,1.7908,-1.0129,-1.1207,1.1184
2.1691,-3.2968,4.7692,-1.3312,-0.9088,1.1484
4.4627,-7.056,10.4892,-1.5835,-0.7353,1.1288
5.2603,-10.02,14.308,-1.7527,-0.4909,0.9627
4.8243,-13.7837,16.6211,-1.6299,-0.3089,0.6322
3.4093,-18.5053,18.5197,-1.3831,-0.2038,0.2431
1.2234,-24.7665,20.4758,-1.1565,-0.5746,-0.0659
0.1484,-25.3315,16.6857,-0.5951,-1.3113,-0.2577
-0.5123,-19.6785,10.4246,0.4586,-2.0474,-0.3536
0.0718,-13.1971,8.1812,1.5416,-2.4988,-0.0439
2.9759,-3.9791,9.7925,1.6161,-1.7255,0.185
3.7062,-3.1675,9.4933,1.4848,-0.7371,0.3591
6.5436,-5.2316,7.1445,1.3938,-0.4274,0.4392
5.3968,-12.158,5.5907,1.2179,-0.9277,0.4563
2.9807,-22.2187,8.7104,0.4586,-1.5636,0.1716
2.9807,-22.2187,8.7104,-0.1968,0.0025,-0.4037
-2.0829,-24.7832,5.7344,-0.1968,0.0025,-0.4037
0.9002,-11.6528,-2.0254,0.6455,0.7234,-0.4917
3.0406,6.4383,-22.4821,1.5074,1.2976,-0.1099
3.2489,6.9075,-21.9697,1.5984,1.275,0.0213
9.1557,4.2975,-8.8612,-0.4094,2.0575,0.4807
12.34,0.079,11.0232,-1.9695,2.2346,0.7415
12.34,0.079,11.0232,-1.5499,0.2493,0.3316
-3.5865,-10.3743,-10.4509,-1.5499,0.2493,0.3316
-9.3209,-15.5868,-20.2986,-0.8932,-0.6681,0.3854
-5.234,-17.4351,-10.4749,-3.2982,3.457,1.0726
-5.3106,-17.8852,2.1667,-4.3305,5.4209,0.9065
-5.1621,-17.6123,2.7868,-4.0074,5.358,0.3036
-3.699,-14.8853,2.3439,-3.2053,4.4558,-0.102
-1.4844,-11.4972,1.8722,-2.5822,3.2921,-0.3433
2.4636,-7.3528,1.2114,-2.2817,2.1949,-0.4874
2.4636,-7.3528,1.2114,-2.4039,0.9524,-0.6371
5.2747,-6.4167,0.7493,-2.4039,0.9524,-0.6371
5.0113,-6.4694,-0.7158,-2.5645,1.143,-0.8142
5.0113,-6.4694,-0.7158,-2.8956,1.8742,-1.2034
1.8842,-7.7311,-2.229,-2.8956,1.8742,-1.2034
1.8842,-7.7311,-2.229,-3.154,1.9946,-1.4074
-2.2649,-9.5555,-2.0733,-3.154,1.9946,-1.4074
-3.4021,-10.6544,-2.2912,-2.9549,1.691,-0.8271
-3.4955,-10.6999,-2.1715,-2.7948,1.038,-0.4984
-4.3933,-10.743,-1.4125,-2.6873,0.5199,-0.4868
-4.8171,-10.9609,-0.3734,-2.4845,0.5126,-0.5271
-3.1004,-10.3719,-0.1077,-2.1485,0.8235,-0.4715
-1.6376,-9.5842,0.1963,-1.9469,0.9983,-0.3579
0.2633,-8.5883,0.9097,-1.8559,1.1186,-0.2364
2.2744,-7.9227,1.7142,-1.8358,1.2011,-0.1502
3.4979,-7.2834,1.0965,-1.859,1.2267,-0.1062
2.9807,-7.1685,0.5363,-1.8755,1.2585,-0.1423
1.7405,-7.1613,-0.6488,-1.8034,0.9964,-0.3683
0.632,-7.4319,-1.7812,-1.6953,0.7136,-0.5045
-1.3192,-8.2387,-1.0606,-1.6452,0.5261,-0.6065
-1.3287,-8.4374,-0.8092,-1.7258,0.4821,-0.6811
-0.7709,-9.7734,0.0814,-1.8254,0.5273,-0.6951
-0.1508,-11.1548,0.3088,-1.8046,0.7942,-0.678
0.9121,-12.4716,1.2713,-1.7527,0.9494,-0.6927
0.9983,-12.261,1.5322,-1.7313,1.0319,-0.6884
1.2785,-10.494,2.7174,-1.7087,1.0709,-0.6811
1.2761,-9.498,3.292,-1.5981,1.1601,-0.6713
-1.1563,-11.2817,1.5011,-1.3556,1.2805,-0.6658
-1.4844,-11.3895,1.3503,-0.8565,1.2114,-0.6872
-4.9467,-12.2035,-0.0933,-0.6281,0.9195,-0.7367
-7.5133,-12.498,-1.9919,-0.5328,0.6244,-0.7623
-8.5859,-14.3726,-3.4955,-0.443,0.6256,-0.6896
-7.3121,-15.7975,-1.9823,-0.388,0.9158,-0.5644
-4.0677,-16.0872,1.1731,-0.4473,1.0135,-0.4361
-1.5203,-16.3697,3.1651,-0.5639,0.1736,-0.2247
-0.6631,-16.3051,2.2816,-0.4686,-0.1427,-0.0946
-0.5554,-15.3809,1.8243,-0.3092,-0.1812,0.1209
-1.9656,-13.1085,1.0869,-0.0789,-0.2179,0.2816
-2.7605,-13.4174,1.3215,0.2698,-0.2851,0.3005
-2.8898,-14.5618,1.1755,0.9045,-0.2185,0.4563
-2.2697,-14.2481,1.2832,1.3663,-0.2667,0.565
1.0414,-12.5219,1.8339,1.7909,-0.3443,0.7275
4.3047,-11.3368,2.9568,2.1836,-0.3022,0.8643
7.1158,-11.332,0.9672,2.5801,-0.1763,0.9193
7.1493,-11.3919,0.5961,3.0211,-0.1397,0.9254
7.4438,-13.3264,-1.5227,3.541,-0.2393,0.893
6.5292,-16.8653,-1.7525,3.6308,-0.2234,0.879
7.1302,-18.7256,-3.7924,3.6595,0.0313,0.8093
7.3433,-18.5628,-3.8594,3.6882,0.6006,0.791
7.2451,-16.8222,-3.6104,3.5037,1.0441,0.8026
7.2451,-16.8222,-3.6104,2.8922,1.1754,0.9584
6.4383,-14.4277,-0.043,2.8922,1.1754,0.9584
4.973,-14.4325,-0.395,2.7792,1.4191,0.9615
0.3495,-15.5413,-5.392,2.7945,1.6965,0.846
-1.4077,-16.4846,-0.8882,2.6552,1.4735,0.7703
-0.9792,-15.5413,3.6463,1.8965,-0.6589,0.934
-0.9792,-15.5413,3.6463,2.2527,-3.833,1.185
-3.3255,-13.7358,0.5291,2.2527,-3.833,1.185
-3.6224,-11.7821,-1.0127,2.8422,-2.8257,1.2278
-0.1053,-9.534,-2.2529,3.2814,-1.4995,1.2822
-0.1053,-9.534,-2.2529,3.5306,-0.9637,1.2223
0.8427,-6.9506,-3.4955,3.5306,-0.9637,1.2223
0.8523,-5.5644,-3.9815,3.4335,-1.6833,0.868
1.8435,-3.6367,-4.288,3.3663,-1.9918,0.7312
1.6615,-3.4117,-3.9719,3.2514,-2.3046,0.7086
1.1324,-3.031,-3.462,2.993,-2.5337,0.6963
1.2258,-2.3918,-3.098,2.6565,-2.5679,0.6939
1.5275,-1.1827,-2.5546,2.1916,-2.42,0.7275
1.5538,-1.0965,-2.5282,1.9833,-2.2863,0.6682
1.7621,-0.5243,-2.2601,1.8135,-2.2142,0.5424
1.707,-0.0119,-2.3151,1.632,-2.1745,0.3891
1.2378,-0.4501,-2.0901,1.4421,-2.1207,0.2345
0.8714,-0.8571,-1.8124,1.1415,-2.1183,0.1026
0.5147,-1.1061,-2.0949,0.6827,-2.0859,0.0433
0.4955,-1.3838,-2.4133,0.4225,-1.8984,0.0873
0.6919,-1.5873,-2.3798,0.0957,-1.7127,0.1924
0.8259,-1.5921,-2.2792,-0.2707,-1.5856,0.3561
1.1109,-1.6472,-1.051,-0.6525,-1.5416,0.5827
1.1396,-2.6527,1.2928,-1.2744,-1.5202,0.9089
1.865,-6.7232,13.6735,-1.6555,-1.3272,1.0231
1.865,-6.7232,13.6735,-1.7979,-0.5942,1.1203
5.076,-11.5978,19.5013,-1.7979,-0.5942,1.1203
7.0799,-15.2468,13.7023,-1.2078,-0.2295,0.915
1.9416,-23.8372,18.0744,-0.6134,-0.0529,0.4251
1.731,-24.6611,18.3473,-0.7105,-0.4488,-0.2956
1.2904,-23.8923,16.3027,-0.3049,-0.877,-0.3787
2.2553,-17.2939,12.5985,0.6345,-1.3889,-0.3078
1.051,-5.3968,6.6346,1.4262,-1.9827,-0.0598
1.0055,-4.7812,6.455,1.7389,-2.0602,0.0403
1.379,0.0143,5.4973,1.3987,-1.3944,0.1325
2.9017,2.3918,5.4159,0.9454,-0.9363,0.1875
7.2906,-5.5883,6.206,0.5343,-0.7255,0.2718
7.9155,-10.1636,7.0895,0.1488,-0.8568,0.4337
5.957,-16.3434,5.9379,-0.1858,-0.987,0.3426
2.8036,-23.66,9.7638,-0.4766,-0.8312,0.0476
-4.4723,-29.3753,0.4309,-0.7111,0.3165,-0.2828
-2.4923,-21.0623,-2.3056,0.3284,1.8608,-0.1942
0.8283,-6.7471,-9.8356,1.1275,3.0917,0.2223
1.458,3.0957,-15.922,1.1427,2.0502,0.3494
12.3759,2.6647,-2.8036,0.2582,1.5499,0.521
13.3264,1.5562,1.7046,-0.9934,1.9555,0.7984
13.7478,-2.4301,18.6394,-1.9616,1.2512,0.6243
3.6822,-7.19,-5.1119,-1.2298,0.2756,0.1966
-8.3823,-12.1005,-13.3647,-0.4521,-0.7328,-0.1203
-7.6737,-12.7709,-11.2291,-1.6849,1.4643,-0.0354
-4.8745,-15.266,-3.7804,-3.4356,4.4252,0.2388
-5.5428,-16.6211,0.9145,-3.774,5.5804,0.003
-4.0916,-15.7735,2.6503,-3.3018,4.9585,-0.3219
-3.9336,-15.5533,2.4588,-2.7728,3.8986,-0.4489
-3.2249,-13.1708,0.7757,-2.4393,2.6537,-0.4825
-0.5051,-11.5523,0.0383,-2.3648,1.6879,-0.4691
1.6759,-9.498,-0.577,-2.5144,1.165,-0.397
1.8004,-8.5116,-1.3479,-2.7606,1.2487,-0.5516
1.8219,-7.6186,-2.5091,-2.8516,1.6336,-0.755
1.9728,-7.044,-2.9185,-2.909,2.0618,-0.9089
-0.2896,-6.9722,-1.6687,-2.9756,2.3159,-1.0317
-0.383,-7.8676,-1.1252,-3.0495,2.1638,-1.2089
1.3503,-9.3472,-1.786,-3.0385,1.6537,-1.1875
1.0462,-9.589,-1.2808,-2.5798,0.6989,-0.2913
-1.8387,-10.1565,0.0933,-2.3391,0.275,-0.3371
-1.8004,-10.2738,0.3615,-2.2096,0.2988,-0.5815
-1.5227,-10.3025,0.6775,-2.1656,0.5285,-0.6456
-0.9289,-10.032,0.8331,-2.0331,0.9518,-0.5345
-0.1532,-8.514,0.984,-1.9775,1.5425,-0.3506
0.043,-8.2076,0.8068,-2.0373,1.8926,-0.273
0.577,-6.9985,-0.0718,-2.0355,2.2004,-0.2266
0.9193,-6.0217,-0.462,-1.9561,2.3287,-0.2889
0.9193,-6.0217,-0.462,-1.6665,1.6781,-0.6249
0.2609,-6.2108,-2.2864,-1.6146,0.768,-0.8845
-0.9145,-7.3074,-1.4532,-1.6146,0.768,-0.8845
-1.0941,-9.352,-0.3184,-1.7356,0.4051,-0.9425
-1.2425,-11.4469,0.4261,-1.8388,0.2292,-0.9303
-1.4389,-12.5291,0.9792,-1.8926,0.2842,-0.9059
-1.2521,-12.7087,1.2617,-1.9347,0.4784,-0.8466
-0.7589,-11.3919,2.0949,-1.9353,0.9268,-0.6676
1.1707,-10.8005,2.6001,-1.826,1.2505,-0.5424
2.0231,-11.4062,2.1045,-1.5242,1.3862,-0.4404
1.2354,-12.2514,2.0063,-1.1717,1.1821,-0.444
-1.5275,-12.8092,2.0159,-0.9494,0.804,-0.5516
-6.5652,-14.4732,-0.1747,-0.7741,0.5981,-0.6817
-6.9722,-14.9906,-0.8355,-0.4778,0.6482,-0.7556
-6.9554,-16.0776,-0.9648,-0.3214,0.79,-0.7177
-4.4101,-16.2691,1.1276,-0.3385,0.7545,-0.5809
-1.8674,-16.7647,3.1483,-0.3807,0.4766,-0.3659
-1.8267,-16.6187,2.9927,-0.3049,0.2463,-0.1887
-1.8267,-16.6187,2.9927,0.2735,-0.3248,0.1991
-3.2345,-13.3264,0.8906,0.2735,-0.3248,0.1991
-3.8235,-14.8446,2.296,0.629,-0.4011,0.2357
-3.8187,-14.8302,2.2984,0.979,-0.3956,0.3524
-3.1483,-14.071,2.1571,1.406,-0.5074,0.4667
-0.6153,-12.5291,1.8267,1.8697,-0.5203,0.5467
3.6439,-11.5307,2.5594,2.5361,-0.3388,0.6688
5.6027,-11.2386,1.9919,2.9533,-0.2258,0.7299
7.2619,-11.5571,-0.2106,3.3877,-0.1641,0.755
7.7359,-13.0486,-3.6918,3.6949,-0.1067,0.7861
6.8357,-16.5995,-5.4902,3.8037,-0.0511,0.8063
6.9195,-17.7703,-4.7692,3.6632,0.0716,0.7446
6.6226,-17.3465,-3.3207,3.3394,0.5688,0.6328
7.6545,-16.408,-2.4181,3.26,0.8614,0.6414
7.0224,-14.5354,0.8283,3.1885,0.8492,0.8417
6.5484,-14.2027,1.0797,3.0199,0.6421,0.945
3.0406,-13.4413,0.1197,2.8525,0.4411,0.8032
-1.7836,-14.1739,-3.2297,2.7524,0.5517,0.5051
-0.4237,-15.1175,2.2266,2.3981,-0.191,0.642
-0.4237,-15.1175,2.2266,1.9595,-2.8079,1.094
-1.7046,-13.913,0.9145,1.9595,-2.8079,1.094
-2.5905,-12.2825,-0.1221,2.3785,-2.6442,0.9437
-1.3144,-9.9242,-2.363,2.8232,-1.7585,0.8582
-1.2018,-9.8955,-2.466,3.3321,-0.7194,0.8533
-0.2418,-8.7439,-3.4189,3.4927,-0.6827,0.8387
-0.1843,-7.4319,-3.8905,3.5123,-1.1299,0.8265
0.7924,-5.5356,-3.7541,3.4377,-1.764,0.8338
0.8092,-4.5705,-3.5242,3.3253,-2.3657,0.904
0.2298,-4.0078,-3.3758,3.1855,-2.7872,0.9327
0.2537,-3.0909,-3.2417,2.8733,-2.9723,0.8759
0.5793,-1.9369,-2.5354,2.5764,-2.8733,0.8723
0.8283,-1.5322,-2.3894,2.3009,-2.6656,0.8356
1.3503,-1.0175,-2.4588,2.0896,-2.5441,0.7415
2.0111,-0.4141,-2.3343,1.9259,-2.4659,0.6206
1.6687,-0.5482,-1.889,1.5587,-2.3504,0.4251
1.5346,-0.6177,-1.9033,1.235,-2.2783,0.3078
1.2808,-1.0007,-2.0638,0.932,-2.1751,0.2492
1.0606,-1.2521,-2.0733,0.6375,-2.0639,0.2626
0.9193,-1.3407,-1.5873,0.3162,-1.8617,0.3054
0.8834,-1.3311,-1.4724,-0.0227,-1.6497,0.3781
0.7374,-1.4556,-0.5243,-0.5584,-1.3596,0.5357
0.7613,-2.3223,1.5945,-0.9335,-1.2056,0.6676
1.2186,-5.538,11.7749,-1.2878,-1.0713,0.8026
1.4221,-5.8397,12.6105,-1.5413,-0.9045,0.9346
3.6774,-8.6146,17.5524,-1.5755,-0.6394,1.0482
7.2475,-11.6337,15.6179,-1.0343,-0.158,0.9669
7.8125,-14.7656,12.0335,-0.6104,-0.1006,0.5974
4.5346,-19.3816,17.7607,-0.7557,-0.5343,-0.0048
1.7836,-25.5829,20.0304,-0.9818,-1.0089,-0.4715
0.2466,-27.0505,13.6616,-0.3483,-1.7249,-0.6756
-0.2681,-17.0353,7.4534,0.8245,-2.3632,-0.6401
-0.6775,-10.4869,8.1405,1.7658,-2.0835,-0.0763
0.6344,-1.6136,8.2459,1.7658,-1.4604,0.1655
2.5426,3.5506,7.609,1.5343,-1.2173,0.3665
6.3305,-5.4183,6.8692,1.1733,-1.6442,0.5528
6.3281,-7.0344,6.7926,0.833,-2.2814,0.7562
5.0113,-13.1875,3.3566,0.3278,-2.2142,0.686
2.3175,-19.9466,-3.9647,0.1183,-1.1189,0.5644
6.8932,-25.456,5.404,-0.1253,0.9402,0.4612
7.3983,-22.9705,7.6808,-0.3923,3.3476,0.3451
4.1299,-9.9051,-1.3718,-0.0557,3.5932,0.0488
-0.2298,0.2681,-14.6384,0.954,1.6024,-0.2321
7.8963,0.2513,1.7693,0.516,0.4882,-0.105
7.8963,0.2513,1.7693,-0.7502,0.3006,0.3127
5.9546,-3.5889,9.0527,-1.4344,0.2634,0.3121
-0.9313,-7.1182,-6.941,-1.344,0.2023,0.1814
-6.5005,-9.51,-13.8339,-1.1638,0.5615,0.2144
-4.0605,-11.162,-9.6178,-2.0153,2.5156,0.4575
-1.9895,-12.9768,-3.0813,-3.4558,4.8088,0.6298
-2.9233,-14.8661,0.8978,-3.4778,4.9909,0.1905
-2.8586,-16.0082,1.1324,-3.1296,4.4325,-0.2657
-2.3295,-15.4336,1.2282,-2.7533,3.3403,-0.4813
-1.2545,-13.7334,1.0414,-2.5957,2.2866,-0.5583
-0.2513,-11.8468,0.0407,-2.5944,1.4698,-0.5821
2.5617,-9.285,-0.4716,-2.7154,1.4417,-0.5613
2.7988,-9.103,-0.5267,-2.9231,1.5535,-0.5583
3.0142,-8.2435,-1.0127,-3.0453,1.848,-0.59
3.1268,-7.4031,-1.4245,-3.0465,2.2707,-0.7183
-0.462,-7.2379,-1.1994,-3.0037,2.5004,-0.8814
-0.6368,-7.4845,-1.1492,-2.9591,2.2108,-1.2907
-0.2585,-8.9115,-1.2617,-2.8895,1.727,-1.141
-0.2489,-9.4813,-1.3766,-2.7068,1.0441,-0.6145
-2.8491,-9.7734,0.1221,-2.5114,0.487,-0.4166
-2.8826,-9.7925,0.1388,-2.3776,0.2579,-0.5296
-2.8921,-10.0056,0.6392,-2.2456,0.5102,-0.6047
-2.2146,-9.759,0.7781,-2.1907,0.8413,-0.488
-1.446,-8.8899,0.4357,-2.0868,1.2078,-0.3237
-1.13,-8.1884,0.3303,-2.005,1.5077,-0.1991
-0.3519,-7.6689,-0.1651,-1.9714,1.7783,-0.1252
0.6991,-7.3026,-0.2944,-1.9787,1.9335,-0.0726
2.1835,-7.2714,-0.6823,-1.9689,1.7527,-0.1105
2.3678,-7.3504,-1.2761,-1.8358,1.4411,-0.2437
1.6639,-7.5516,-1.5179,-1.6885,1.0117,-0.4416
0.3184,-8.3153,-0.6584,-1.7081,0.5737,-0.6133
-1.1324,-10.0104,0.869,-1.8529,0.2493,-0.7141
-1.1971,-10.2786,0.9864,-1.9555,0.2518,-0.7586
-0.8547,-11.435,1.3383,-1.9689,0.7252,-0.725
0.0502,-12.0239,1.4149,-1.9249,1.0911,-0.6609
1.288,-11.1572,2.5402,-1.8364,1.3287,-0.6029
1.391,-11.0758,2.7724,-1.7111,1.3385,-0.5742
1.3623,-11.3559,3.1723,-1.5138,1.2493,-0.5803
0.316,-11.8204,2.8969,-1.0471,1.1278,-0.6322
-5.5045,-12.5626,0.9696,-0.7655,1.0129,-0.6725
-5.8708,-12.6297,0.6799,-0.5755,0.8235,-0.7165
-8.0615,-13.5921,-2.0207,-0.4002,0.6531,-0.7226
-8.5811,-14.6384,-2.6431,-0.239,0.658,-0.6713
-5.5596,-15.7903,1.5418,-0.2408,0.8413,-0.5656
-2.9041,-16.8031,3.711,-0.4234,0.4265,-0.3109
-2.4732,-17.7512,3.1555,-0.3776,-0.0853,-0.1368
-2.782,-16.6714,1.5753,-0.2102,-0.2741,0.0109
-3.2848,-12.4549,-0.2322,-0.0221,-0.4286,0.2138
-2.4205,-11.8851,0.0478,0.2631,-0.5734,0.3384
-2.1308,-14.2362,1.2976,0.7823,-0.6779,0.5082
-1.7334,-14.3894,1.7549,1.2014,-0.8446,0.5516
1.7166,-11.8539,2.2864,1.6632,-1.0144,0.5693
2.6479,-11.6983,2.4013,2.1244,-0.8862,0.6304
4.8988,-11.502,1.8124,2.6009,-0.5612,0.6719
6.5628,-11.7342,0.3687,3.0938,-0.2893,0.7079
7.6521,-15.8645,-2.1284,3.5935,-0.1409,0.8069
7.384,-16.3027,-2.3558,3.6913,-0.1971,0.8356
6.3856,-18.8429,-5.8493,3.7413,-0.1525,0.725
7.2619,-18.5197,-6.2755,3.7468,0.2609,0.7006
9.443,-15.9459,-2.6144,3.4939,0.8633,0.8802
9.34,-15.8095,-2.2242,3.1879,1.2988,1.1936
6.9985,-14.7512,0.2753,2.847,1.6238,1.2675
3.9887,-14.217,0.067,2.8141,1.7753,1.0256
-1.5729,-16.1135,-4.1706,2.8189,1.84,0.802
-2.8514,-17.5189,0.3375,2.6039,1.3929,0.7214
-1.3024,-17.3753,4.6854,1.8501,-0.9356,0.9566
-1.3024,-17.3753,4.6854,2.42,-3.6601,1.2602
-3.7158,-12.261,0.4405,2.42,-3.6601,1.2602
-3.1962,-10.9154,-0.7422,2.9998,-2.3272,1.1869
-1.142,-8.8732,-2.1859,3.3321,-1.5147,1.2779
-0.6607,-7.135,-3.3877,3.4194,-1.2417,1.2986
0.0119,-4.8506,-3.6894,3.3919,-1.282,1.1239
0.1915,-4.5585,-3.6056,3.2429,-1.8159,0.8576
0.2442,-3.6415,-4.3789,3.1488,-2.2026,0.7452
0.2322,-3.0741,-4.3454,3.1574,-2.4078,0.609
-0.1412,-2.5187,-4.0366,3.0792,-2.5825,0.499
-0.1244,-2.3965,-3.8905,2.8489,-2.7517,0.4495
0.3399,-1.8626,-3.3518,2.3889,-2.7609,0.4208
1.1659,-1.2593,-2.9448,2.1415,-2.6522,0.4086
1.9943,-0.3064,-2.4301,1.9582,-2.5862,0.372
1.8674,-0.316,-2.363,1.7811,-2.6308,0.3017
1.8411,-0.4309,-2.0111,1.5007,-2.6693,0.2193
1.2569,-0.723,-2.1523,1.1525,-2.6503,0.1557
0.4668,-1.051,-2.7006,0.6491,-2.3651,0.1496
0.2801,-1.221,-2.7006,0.3003,-2.103,0.2009
0.0454,-1.6184,-2.1619,-0.0728,-1.8367,0.2981
0.1077,-2.1595,-1.2473,-0.465,-1.6137,0.4367
0.2609,-3.6439,0.905,-0.8388,-1.4182,0.6304
0.3064,-4.1994,2.5163,-1.1882,-1.2508,0.8442
1.0247,-5.1598,7.5444,-1.6476,-0.9723,1.1239
4.3909,-7.9011,16.9491,-1.8461,-0.6113,1.2596
9.6561,-14.3894,14.744,-1.7863,-0.2319,1.2815
9.6561,-14.3894,14.744,-0.917,-0.257,0.27
2.1356,-20.7463,17.5405,-0.917,-0.257,0.27
0.9983,-27.2564,21.0743,-1.0178,-0.99,-0.397
1.4844,-20.6481,9.4406,-0.1211,-1.4194,-0.4972
1.3623,-18.6873,8.0998,1.329,-1.9491,-0.4074
0.8403,-10.5299,6.8453,2.2178,-2.2527,-0.0452
3.3925,-5.222,7.451,2.2814,-1.9283,0.1747
9.7854,-9.1533,6.8932,1.9906,-1.6137,0.3836
9.9673,-9.9027,6.7351,1.5483,-1.7548,0.5198
9.9936,-16.8007,7.6737,1.257,-1.5813,0.4092
4.3813,-22.6114,9.6848,0.7988,-1.0242,0.0244
-5.3106,-19.5277,3.5673,0.5148,-0.1904,-0.5797
-2.9305,-7.9682,-8.3512,0.9552,0.352,-0.824
1.2186,5.8732,-18.6801,1.7621,1.0587,-0.171
5.3561,9.3352,-20.0304,1.2044,1.1864,0.2193
9.4071,2.794,-0.6368,-0.4045,1.5083,0.587
9.3257,-0.7733,13.0032,-2.0062,2.066,0.5925
6.0049,-9.2443,11.5834,-2.4008,1.7875,0.3787
-4.7429,-14.0758,-12.4046,-1.3923,0.4363,0.1398
-6.7926,-17.3944,-10.5491,-0.8669,0.0801,0.1111
-5.1143,-17.6889,-7.8341,-2.6714,3.355,0.5027
-1.9847,-18.218,3.845,-3.7441,5.0349,0.6298
-4.6519,-17.0161,4.0414,-3.6653,4.7636,0.2351
-3.7541,-11.6911,-0.0766,-2.9384,3.6506,-0.1478
-3.2034,-10.9729,0.1699,-2.4973,2.3684,-0.1356
0.1364,-8.526,1.7381,-2.6384,0.9531,0.1936
2.77,-6.9841,1.6089,-2.7624,0.6354,0.3078
4.9251,-6.455,-0.6009,-2.7869,0.9225,0.2376
4.9036,-6.4957,-0.7685,-2.8577,1.4191,0.0183
4.367,-7.0416,-1.889,-2.9524,1.8162,-0.3139
3.8666,-8.7726,-1.9057,-3.0862,2.369,-0.956
1.5753,-9.6872,-1.5203,-3.1583,2.6116,-1.3671
-1.2976,-9.6513,-1.446,-3.1271,2.6757,-1.7641
-2.9807,-10.9082,-0.6655,-3.0489,2.3593,-2.0525
-1.6017,-11.5068,-1.1994,-2.8858,1.636,-1.5173
-3.3111,-10.245,-1.1516,-2.5847,0.6348,-0.5601
-3.7804,-9.9482,-0.5817,-2.308,-0.2325,-0.2883
-3.0478,-9.431,-0.1101,-2.2212,-0.1617,-0.3426
-1.8626,-8.7702,-0.1604,-2.1351,0.2347,-0.2822
0.8978,-8.2842,-0.3998,-2.0434,0.7069,-0.1441
1.221,-8.2195,-0.5291,-1.997,1.0954,-0.0085
1.7501,-8.1525,-0.5841,-1.9622,1.5254,0.0128
2.2816,-8.0017,-0.9911,-1.9848,1.6733,-0.0183
2.9089,-7.4582,-0.4237,-1.9934,1.6977,-0.0824
2.9903,-7.4127,-0.5027,-1.9866,1.5767,-0.1808
2.7126,-7.2164,-1.1755,-1.9011,1.2909,-0.3298
1.4556,-7.6856,-1.5729,-1.782,0.9433,-0.5131
-0.5985,-9.3855,-0.4165,-1.7502,0.7997,-0.6982
-0.6464,-9.5316,-0.3016,-1.8602,0.8272,-0.7269
-0.972,-10.7311,0.4405,-1.9799,0.8156,-0.7012
-1.616,-11.8587,0.9289,-2.0257,0.8681,-0.6579
-1.6903,-12.3256,1.7812,-2.0459,1.0141,-0.6096
-1.2856,-11.988,2.6551,-2.0459,1.2438,-0.5222
-0.3567,-11.3655,4.0294,-1.8852,1.5224,-0.361
-0.0023,-11.5499,4.5274,-1.6079,1.4863,-0.3103
-3.0382,-13.5514,2.5594,-1.231,1.1803,-0.3836
-4.9802,-14.0758,1.0127,-0.8235,0.7008,-0.5766
-7.6497,-14.8111,-2.0661,-0.4729,0.2768,-0.7599
-8.0831,-15.9986,-2.6719,-0.2383,0.352,-0.7617
-2.035,-16.3314,2.9424,-0.3233,0.757,-0.5949
-1.0103,-16.1183,3.6798,-0.4607,0.8315,-0.3793
1.2282,-15.6802,5.2819,-0.5389,0.4754,-0.149
0.1747,-15.9244,3.62,-0.4558,0.1907,-0.05
-1.0654,-12.0215,2.1212,-0.1681,0.0569,-0.0488
-1.4293,-11.7342,2.3151,0.2619,-0.1953,0.0458
-3.3997,-12.8404,3.0597,0.5258,-0.3132,0.0983
-4.1036,-13.6161,3.2273,0.9106,-0.2991,0.1423
-3.4644,-13.1803,1.8483,1.3614,-0.2851,0.2382
-3.2896,-13.1468,1.7429,1.8605,-0.2991,0.3927
-1.8986,-13.1516,0.8475,2.6253,-0.4396,0.6976
-0.2753,-13.652,-0.4453,3.0951,-0.4415,0.8472
3.9408,-14.1021,-2.0039,3.5037,-0.4152,0.9957
6.2276,-14.8494,-3.517,3.7627,-0.3944,1.1698
8.3536,-16.9874,-4.9132,3.8592,-0.3278,1.2632
9.9936,-18.333,-6.0624,3.7847,-0.3498,1.2608
9.1581,-17.0951,-3.5027,3.4805,0.0917,0.9773
9.4334,-16.341,-2.8491,3.2679,0.6684,0.7183
10.7502,-15.9268,-1.7429,3.2545,1.0893,0.8655
9.1317,-15.1558,-0.3998,3.241,1.3452,1.1997
-0.1221,-15.0768,-0.1412,3.106,1.3794,1.1527
-0.79,-15.1918,0.6679,2.6418,0.3611,0.7794
-0.6344,-15.2875,4.7668,1.9924,-2.1122,0.8918
-1.4915,-14.5642,2.4205,2.1201,-3.6125,1.1026
-3.0023,-11.3248,0.067,2.7737,-3.3559,1.072
-2.9951,-10.925,-0.0287,3.238,-2.4323,0.9963
-1.8626,-9.5866,-0.8738,3.4775,-1.2539,1.0225
-1.4413,-8.7008,-2.5785,3.7084,-0.6913,1.0195
-1.2761,-6.5675,-3.4644,3.7578,-0.9802,0.9309
-1.2473,-6.4957,-3.5218,3.6265,-1.7426,0.857
-0.6272,-5.3968,-4.4101,3.464,-2.2985,0.8032
-0.5985,-4.8817,-4.2951,3.2997,-2.7438,0.78
0.0239,-4.0629,-4.4939,3.1549,-2.8941,0.6902
0.474,-3.4883,-4.3335,2.9093,-2.7041,0.5791
1.2904,-2.8203,-3.4524,2.6809,-2.4488,0.5039
1.5969,-2.3415,-2.8921,2.4341,-2.2301,0.4111
2.2385,-1.142,-2.636,2.2301,-2.1775,0.3066
2.1835,-1.0462,-2.375,2.0431,-2.2747,0.2443
1.8459,-0.4979,-2.1595,1.5447,-2.3535,0.1679
1.2785,-0.2777,-2.205,1.1861,-2.3156,0.1417
0.9983,-0.4955,-2.6599,0.8458,-2.1775,0.1453
0.9959,-0.6224,-2.5929,0.4989,-2.0242,0.1912
0.7972,-0.9217,-2.4612,0.1256,-1.858,0.2516
0.8906,-1.2808,-2.2266,-0.2499,-1.665,0.3469
0.8906,-1.2808,-2.2266,-1.2414,-1.2252,0.7287
1.2354,-1.9967,0.2801,-1.2414,-1.2252,0.7287
1.0821,-2.8443,3.7876,-1.5896,-1.0432,0.8411
1.81,-4.9778,10.2259,-1.8241,-0.7866,0.934
5.8613,-11.8013,16.9802,-1.8889,-0.5032,1.0213
6.048,-12.146,16.4391,-1.6421,-0.2551,1.0103
6.0241,-15.1774,13.7621,-0.9085,0.049,0.6414
3.5913,-21.3736,18.6107,-1.0416,-0.0994,0.1918
3.1938,-27.7185,19.238,-1.275,-0.37,-0.1747
3.0789,-27.6371,14.7632,-0.6971,-0.9735,-0.3878
2.861,-19.3577,8.6625,0.5306,-1.7737,-0.3933
2.0302,-10.6784,7.4342,1.8196,-2.0059,0.0659
2.3918,-0.6679,6.7016,1.9045,-1.4384,0.2254
2.4947,1.956,6.3545,1.6852,-1.0798,0.2901
5.2866,0.2633,5.5931,1.3309,-1.2087,0.3762
6.7471,-6.6561,5.1957,0.9845,-1.5184,0.5302
2.9089,-17.5692,7.1422,0.5111,-1.7481,0.5717
2.126,-19.3457,7.7599,-0.3391,-0.9863,0.204
-1.9464,-25.2932,1.4748,-0.567,0.1815,-0.0965
2.6503,-20.9857,1.1635,-0.0636,1.4906,-0.2083
2.7174,-0.4525,-13.0391,0.5832,2.8144,-0.0128
2.4205,1.2186,-14.3439,1.1464,2.1876,-0.058
5.7583,3.2417,-9.2395,0.2686,1.4124,-0.0427
9.2874,-0.4596,2.5258,-1.0661,1.5425,0.2247
