bicicleta
3.9959,-3.9959,0.8427,-0.207,0.5395,-0.1496
2.0949,-3.1411,1.1133,-0.1679,0.0978,-0.7183
-0.6392,-2.7006,0.7709,-0.053,-0.0688,-1.7092
-0.7589,-2.7389,0.5267,0.2028,0.0649,-2.0128
-0.6823,-3.2585,-0.0095,0.5107,0.2402,-1.992
-0.474,-4.4675,-1.8794,0.73,0.5077,-1.8985
-1.2856,-7.2164,-6.3521,0.8901,0.7912,-1.9217
-1.6376,-7.4007,-6.2802,0.807,1.4362,-2.2638
-3.9935,-9.3664,-6.1797,0.4741,2.0636,-2.6334
-7.1326,-11.2889,-5.131,0.1442,2.4943,-2.9993
-10.281,-12.8475,-2.6384,-0.0939,2.4766,-3.2021
-10.3049,-12.8404,-2.5809,-0.2118,1.9072,-3.1557
-9.9027,-12.0263,-2.4756,-0.2118,0.8828,-2.9303
-9.5555,-10.5156,-1.9871,-0.144,-0.7133,-2.6254
-9.3185,-9.0958,1.0654,-0.2131,-0.8025,-2.5277
-9.1629,-8.6529,1.561,-0.2442,0.0771,-2.4281
-8.2914,-8.4087,1.1683,0.0733,0.9243,-2.2724
-7.9753,-8.5212,0.4836,0.6158,1.4582,-2.0409
-7.9969,-9.3616,-1.1396,1.2309,1.7044,-1.8106
-7.9179,-10.0128,-1.9823,2.0843,1.5517,-1.4337
-7.5611,-11.9306,-3.1675,2.449,1.3984,-1.1527
-7.0296,-13.2402,-3.7421,2.5186,1.3,-0.9114
-6.6274,-12.9194,-4.8889,2.2291,0.8669,-0.7715
-6.4407,-12.6464,-5.0281,1.8277,0.2304,-0.7446
-6.0049,-11.8492,-5.6075,1.4233,-0.2319,-0.7806
-5.7152,-11.3152,-6.1964,1.3268,-0.2044,-0.8808
-5.6099,-9.8237,-5.6697,1.2633,-0.0969,-1.0207
-5.5835,-9.7423,-5.7727,1.1998,-0.001,-1.1863
-5.969,-8.8205,-5.9187,1.1711,0.0178,-1.3286
-6.0552,-7.9275,-5.55,1.1393,0.1223,-1.4233
-6.2443,-6.1845,-3.1866,0.9652,0.3953,-1.3854
-6.2443,-6.1845,-3.1866,0.3775,0.479,-1.1417
-6.5412,-8.5188,-1.5227,0.3775,0.479,-1.1417
-5.5021,-9.7614,-0.5865,0.0373,0.3636,-0.802
-3.3423,-9.9314,-1.0438,-0.097,-0.111,-0.32
-2.6096,-9.4142,-1.9416,0.0061,-0.8416,0.1838
-3.5984,-8.1932,-1.6328,0.0672,-0.8324,0.2009
-5.3848,-7.0368,-0.2873,0.011,-0.5612,0.0433
-5.3848,-7.0368,-0.2873,-0.1141,-0.9778,-0.1386
-6.4287,-4.841,-2.1332,-0.1141,-0.9778,-0.1386
-5.6577,-4.5657,-3.7924,-0.1501,-1.2063,-0.1056
-4.6423,-4.2688,-3.5266,-0.1899,-1.1629,0.091
-3.1938,-3.7469,-3.4691,-0.1477,-0.9998,0.2388
-3.1938,-3.7469,-3.4691,0.1894,-0.676,0.4715
-2.8323,-4.2808,-3.4859,0.1894,-0.676,0.4715
-3.4979,-6.455,-3.8307,0.2279,-0.4494,0.5674
-4.0007,-11.0543,-4.9275,0.1766,-0.2906,0.6866
-4.0054,-11.2793,-4.9562,0.0281,-0.0682,0.9095
-3.6966,-13.075,-5.1741,-0.0622,0.151,0.9804
-2.9999,-14.1213,-4.7285,-0.1862,0.3904,1.0299
-1.6903,-14.4038,-2.4708,-0.3933,0.5535,1.0739
-1.7693,-14.3535,-2.3391,-0.6333,0.4912,1.072
-2.715,-13.5969,-1.4341,-0.8361,0.052,0.9101
-3.6487,-12.5554,-1.209,-0.8893,-0.3028,0.7892
-4.8314,-11.1979,-0.802,-0.874,-0.6705,0.7147
-5.2795,-10.3935,-0.814,-0.794,-0.91,0.6762
-5.5668,-9.6776,-1.1324,-0.6401,-1.0138,0.6872
-5.8589,-9.2251,-1.5394,-0.4446,-1.0016,0.7195
-5.9115,-8.9809,-2.1523,-0.1886,-0.8715,0.7941
-5.9474,-9.0551,-2.3391,-0.0823,-0.7658,0.8478
-6.1845,-9.3352,-2.7724,-0.0274,-0.6595,0.8729
-6.9434,-9.759,-3.4739,-0.0066,-0.5991,0.8497
-7.6042,-10.245,-3.5769,-0.0298,-0.5807,0.7922
-7.5731,-10.2355,-3.4093,-0.1831,-0.5832,0.7586
-7.1206,-9.941,-2.8969,-0.3108,-0.5966,0.766
-6.8932,-9.2443,-2.7246,-0.3982,-0.6082,0.7611
-6.0911,-7.8269,-2.2385,-0.4599,-0.5801,0.7531
-6.0911,-7.8269,-2.2385,-0.5228,-0.483,0.7776
-5.5452,-7.1469,-1.8579,-0.5759,-0.3437,0.8234
-5.3202,-6.8022,-1.5777,-0.6138,-0.1195,0.8936
-5.8397,-6.8213,-1.4245,-0.6004,-0.031,0.9169
-5.8804,-6.8501,-1.4532,-0.5564,-0.0096,0.9346
-6.2371,-7.0991,-1.5849,-0.5002,-0.0248,0.9902
-6.862,-7.3959,-1.6065,-0.4476,-0.0364,1.0671
-7.0033,-7.3744,-1.7429,-0.4134,-0.0096,1.1612
-6.7543,-7.3121,-1.7717,-0.403,0.0532,1.3878
-6.3018,-7.2379,-1.6065,-0.4281,0.1247,1.5644
-5.8852,-7.2379,-1.5634,-0.4666,0.1766,1.7055
-5.6961,-7.2283,-2.1116,-0.4867,0.118,1.8032
-5.9714,-7.2571,-2.6408,-0.491,-0.0676,1.8509
-6.716,-7.214,-3.9264,-0.4873,-0.4836,1.8448
-6.9315,-7.1924,-5.6937,-0.5118,-0.8232,1.824
-6.0432,-6.4359,-4.8865,-0.6004,-1.0981,1.8063
-5.5596,-6.1079,-4.1898,-0.772,-1.1769,1.7568
-4.4196,-5.3082,-3.031,-0.8985,-1.2282,1.6756
-3.8666,-4.7309,-2.8395,-0.8471,-1.3804,1.5308
-2.6503,-5.0329,-3.7636,-0.6193,-1.3364,1.2589
-2.521,-5.0855,-3.7924,-0.5313,-0.943,1.1435
-1.9728,-5.7463,-3.8714,-0.5509,-0.2295,1.1038
-1.1899,-7.0224,-3.6511,-0.6627,0.6366,1.091
-0.553,-8.9163,-0.6392,-0.841,1.2689,1.083
-0.553,-8.9163,-0.6392,-1.3719,-0.1098,0.0952
-3.608,-9.6345,0.2873,-1.3719,-0.1098,0.0952
-4.8674,-10.3576,1.3239,-1.2576,-0.786,-0.4013
-5.04,-10.2857,2.3271,-1.0597,-0.7988,-0.5949
-5.1933,-9.2898,2.4349,-0.7286,-0.3627,-0.6701
-4.762,-7.3481,1.7046,-0.2613,0.0978,-0.7501
-4.3358,-5.9594,0.6775,0.4423,0.487,-0.8093
-4.0988,-5.0736,-1.3096,0.7673,0.5499,-0.8594
-3.9576,-5.0664,-2.4732,0.9548,0.5383,-0.9138
-3.7421,-5.4088,-4.5346,1.0037,0.5627,-0.959
-3.8474,-5.7176,-5.6338,0.8943,0.7111,-1.0366
-4.5034,-5.8014,-4.9898,0.6573,0.9726,-1.1698
-4.6016,-5.8253,-4.8291,0.2163,1.2976,-1.3891
-4.7022,-6.0983,-4.2425,-0.0255,1.3055,-1.4666
-4.592,-6.3904,-3.699,-0.2106,1.165,-1.4923
-4.7788,-7.0655,-3.2058,-0.3389,0.9427,-1.5289
-4.7788,-7.0655,-3.2058,-0.5191,0.6409,-1.7947
-5.38,-7.4558,-2.4349,-0.5191,0.6409,-1.7947
-6.1964,-7.6761,-2.3032,-0.5393,0.7044,-1.9584
-8.0759,-7.8772,-2.0422,-0.5026,0.8034,-2.1288
-8.1573,-7.8724,-2.0159,-0.4434,0.9836,-2.2528
-8.7487,-7.8532,-1.9321,-0.3523,1.1888,-2.298
-8.7008,-7.9418,-2.636,-0.2289,1.3226,-2.2559
-8.3608,-8.0927,-2.8826,-0.0017,1.4491,-2.0971
-8.3369,-8.0927,-2.6767,0.1173,1.6739,-1.9926
-7.8317,-7.8556,-1.8938,0.2413,1.9335,-1.8576
-7.0105,-7.4678,-1.2401,0.391,2.1339,-1.6523
-5.9618,-7.0296,-1.8698,0.592,2.2065,-1.4373
-5.7344,-7.0392,-2.3104,0.8925,2.1247,-1.2272
-5.4854,-7.4055,-1.7142,0.9182,2.0465,-1.1618
-5.2292,-7.7862,-1.0199,0.7868,1.7594,-1.1239
-4.9203,-8.8779,-1.5131,0.672,1.0288,-1.0787
-4.9299,-8.9665,-1.5993,0.6701,0.2023,-1.0335
-5.3489,-9.5627,-2.8012,0.7868,-0.2545,-1.0464
-5.7128,-9.9338,-2.9831,0.9182,-0.2429,-1.0867
-6.2635,-11.0255,-4.7812,1.0739,0.118,-1.0421
-6.2563,-11.1644,-5.0544,1.1918,0.1547,-0.9187
-6.2515,-11.6026,-6.0145,1.2437,0.1412,-0.7782
-6.5388,-11.8946,-6.2443,1.2114,0.231,-0.667
-6.0121,-11.8731,-4.6255,1.1234,0.4967,-0.5571
-5.9403,-11.8731,-4.501,1.0293,0.8009,-0.3665
-4.6782,-11.3536,-3.7445,0.9591,0.9634,0.0122
-3.5482,-10.4869,-2.7317,0.9469,0.8431,0.2425
-2.3295,-9.5124,-1.8483,0.8644,0.6745,0.3579
-2.0111,-9.1892,-2.2337,0.7282,0.2518,0.3885
-2.3798,-8.7606,-2.9328,0.6488,-0.1757,0.2871
-3.1699,-8.2962,-3.8067,0.6628,-0.202,-0.0195
-3.7972,-7.3385,-4.4867,0.7086,0.041,-0.1386
-3.6894,-6.7998,-4.5298,0.7044,0.1876,-0.1331
-3.3016,-6.0743,-3.9288,0.6133,0.1308,-0.0507
-2.5594,-5.7799,-3.1148,0.4521,-0.0248,0.0665
-1.6184,-7.0344,-2.2481,0.278,-0.1867,0.1783
-1.446,-7.3265,-2.1547,0.044,-0.4634,0.2797
-1.0558,-8.2052,-1.6089,-0.0866,-0.5862,0.3426
-0.9864,-9.0264,-1.8507,-0.1282,-0.6491,0.4111
-3.4668,-10.257,-4.2736,-0.075,-0.6265,0.4453
-3.4668,-10.257,-4.2736,0.0269,-0.4201,0.4612
-5.708,-9.8763,-4.8243,0.0269,-0.4201,0.4612
-7.0967,-9.6034,-4.9778,-0.0335,-0.5551,0.6322
-7.9682,-9.8404,-3.9887,-0.1227,-0.6974,0.8539
-7.9682,-9.8739,-3.9887,-0.1899,-0.8617,1.1038
-7.9418,-10.2881,-3.3782,-0.2106,-0.9741,1.3158
-7.4247,-10.688,-2.3965,-0.1892,-0.9961,1.4532
-7.4247,-10.688,-2.3965,-0.0078,-0.932,1.5314
-5.6649,-10.8747,-0.9504,-0.0078,-0.932,1.5314
-5.1238,-10.5443,-0.9074,0.1179,-0.9558,1.452
-4.7979,-9.9769,-1.2904,0.2315,-0.946,1.331
-4.5322,-9.2275,-1.9512,0.2981,-0.9069,1.2266
-4.6543,-8.9617,-2.2601,0.2963,-0.8355,1.149
-5.2388,-8.6074,-2.8969,0.2065,-0.7145,1.05
-5.8469,-8.4973,-3.5936,0.1057,-0.6601,0.9896
-6.3209,-8.5667,-3.632,-0.0182,-0.6265,0.9602
-6.2204,-8.6146,-3.3997,-0.1666,-0.5771,0.959
-5.7822,-8.5547,-2.6024,-0.3053,-0.5343,0.9737
-5.6506,-8.3752,-1.9033,-0.4061,-0.4867,0.9517
-6.3233,-8.3177,-1.6615,-0.367,-0.5074,0.8943
-6.3664,-8.3273,-1.6879,-0.2589,-0.5984,0.821
-6.8309,-8.289,-2.0254,-0.1385,-0.7041,0.7623
-7.2762,-8.1669,-2.3894,-0.042,-0.7573,0.7244
-7.5659,-7.372,-2.794,0.0031,-0.6736,0.6951
-7.554,-7.3074,-2.7653,-0.0616,-0.2796,0.6853
-7.3504,-6.6873,-2.6384,-0.1795,0.1296,0.6798
-7.1924,-6.2467,-2.4085,-0.3212,0.5468,0.6377
-7.7239,-6.2036,-2.5091,-0.4458,0.8089,0.565
-8.3057,-6.3521,-2.9137,-0.5295,0.829,0.4893
-8.3057,-6.3521,-2.9137,-0.7128,0.1632,0.5253
-9.3544,-6.3784,-4.118,-0.7128,0.1632,0.5253
-7.8245,-5.6338,-3.9408,-0.8423,-0.2246,0.6976
-6.9793,-5.4471,-3.3063,-1.0359,-0.5484,0.9498
-5.902,-5.6218,-2.5689,-1.2289,-0.8202,1.1893
-6.1222,-6.3329,-2.8898,-1.3352,-1.1568,1.3054
-7.3864,-7.9514,-5.1813,-1.2613,-2.001,1.2443
-7.2882,-8.0424,-5.6266,-1.1318,-2.7108,1.1685
-5.8996,-7.8173,-6.4,-1.042,-3.3608,1.1288
-3.7732,-6.5005,-5.1454,-1.0921,-3.5251,1.0897
-0.9121,-4.4029,-2.715,-1.2295,-3.0639,1.047
-0.6679,-4.2904,-2.4732,-1.3389,-2.1604,0.9944
-0.4141,-4.0821,-2.2864,-1.3841,-0.4237,0.8851
-0.2944,-4.1826,-3.2872,-1.279,0.3428,0.7892
0.0742,-5.155,-5.9498,-1.1049,0.7087,0.6927
0.0407,-5.2819,-6.0336,-0.9821,1.0074,0.6181
-1.1923,-6.7256,-6.4119,-0.9852,1.3874,0.5247
-2.9807,-8.4781,-5.8493,-1.0848,1.5682,0.226
-2.5977,-10.4916,-5.1717,-1.1813,1.1033,0.0513
-2.3606,-10.8843,-3.0214,-1.3511,0.1626,-0.0183
-2.5282,-10.9633,-0.3327,-1.7873,-1.0193,-0.1044
-2.3271,-10.6951,2.3415,-2.0988,-1.6052,-0.1893
-2.3271,-10.6951,2.3415,-1.4226,0.7808,-0.5864
-2.1452,-8.538,3.9217,-1.4226,0.7808,-0.5864
-3.0765,-7.36,2.6288,-0.6272,1.5041,-0.8912
-3.5697,-6.6178,1.6687,0.0135,1.625,-1.1325
-3.201,-5.7559,0.6703,0.3946,1.3917,-1.2705
-3.1579,-5.7056,0.5195,0.6097,1.0135,-1.2932
-3.0621,-5.72,-0.8044,0.8076,0.479,-1.2919
-3.2704,-6.0791,-3.4045,0.8992,0.2585,-1.3072
-3.9312,-7.4031,-6.625,0.8742,0.3129,-1.328
-3.9863,-7.4965,-6.728,0.6103,0.7735,-1.3585
-4.4364,-8.1262,-6.7567,0.2181,1.3428,-1.4159
-4.8482,-8.7822,-6.4574,-0.1385,1.7582,-1.4905
-5.2555,-9.4933,-4.5298,-0.5209,1.9274,-1.6273
-5.2914,-9.5052,-4.3909,-0.6236,1.7069,-1.7476
-5.811,-9.5124,-3.3638,-0.5649,1.2463,-1.8759
-6.1725,-9.51,-2.9209,-0.3969,0.7148,-1.9627
-6.5867,-9.5028,-2.5234,-0.185,0.3287,-1.9847
-6.8788,-9.3448,-2.0614,0.0171,0.2982,-1.9828
-7.2667,-8.8349,-0.6631,0.2957,1.1064,-1.9956
-7.4534,-8.1477,-0.0287,0.5174,2.1467,-1.9785
-7.3385,-7.6569,-0.6751,0.8571,3.03,-1.9132
-6.9339,-7.5492,-1.2066,1.2761,3.4503,-1.7831
-6.2922,-7.5396,-2.2912,1.6756,3.4118,-1.5729
-6.0049,-7.8341,-3.4332,2.0794,3.0508,-1.3054
-7.5085,-8.3297,-5.2148,2.1735,2.8669,-1.2602
-7.7742,-8.4566,-4.8458,2.0605,2.702,-1.3054
-8.0711,-9.0336,-3.5386,1.4844,1.9976,-1.3579
-7.609,-9.5316,-3.3135,0.9536,0.862,-1.2034
-6.6801,-9.9338,-4.6423,0.7263,-0.1537,-0.9553
-6.6346,-9.9098,-4.7189,0.6995,-0.472,-0.6951
-6.2443,-9.7399,-4.9634,0.73,0.0777,-0.5729
-6.0073,-9.7159,-5.0329,0.7697,0.8327,-0.4208
-4.695,-9.4502,-4.3622,0.8394,1.4173,-0.2437
-4.6088,-9.498,-4.288,0.8699,1.5969,-0.0592
-3.79,-10.0535,-4.1347,0.6139,0.6452,0.1655
-3.6774,-11.1572,-3.7493,0.4502,-0.2454,0.1936
-3.7253,-11.8013,-3.8618,0.4001,-0.5685,0.1368
-3.3806,-11.6073,-3.9528,0.4844,-0.2808,0.1007
-2.6886,-10.8508,-3.5434,0.5706,0.1919,0.1203
-2.2553,-9.9577,-2.8874,0.5706,0.4295,0.1478
-3.055,-8.5643,-4.1012,0.4618,0.1223,0.0824
-3.213,-7.9394,-4.1898,0.314,-0.1415,-0.0354
-3.0166,-7.0823,-2.3798,0.1118,-0.2527,-0.0561
-2.4971,-6.886,-2.3822,-0.053,-0.4121,0.0342
-1.8962,-7.2164,-2.1715,-0.1202,-0.6962,0.1551
-1.8962,-7.2164,-2.1715,-0.1422,-0.5966,0.2864
-2.308,-7.6138,-2.5809,-0.1422,-0.5966,0.2864
-3.0765,-7.7718,-2.9281,-0.0707,-0.4696,0.3207
-2.7605,-8.2459,-3.9983,0.008,-0.4977,0.4251
-2.7078,-8.2459,-4.0007,0.0403,-0.5404,0.5864
-2.2888,-8.7846,-4.3646,0.0208,-0.4854,0.725
-2.3582,-9.431,-5.4016,-0.0005,-0.4225,0.7782
-3.7708,-9.2921,-4.4029,-0.0286,-0.3798,0.7336
-3.7708,-9.2921,-4.4029,-0.2742,-0.4451,0.6133
-4.9467,-8.7295,-3.675,-0.2742,-0.4451,0.6133
-5.6913,-8.5787,-3.1675,-0.3377,-0.5832,0.6328
-6.3928,-8.5883,-2.284,-0.3505,-0.6241,0.7067
-6.6609,-8.7822,-1.9704,-0.2894,-0.684,0.8546
-6.4718,-9.1222,-1.9919,-0.1789,-0.786,0.9388
-6.7495,-9.4214,-2.3319,-0.042,-0.8764,0.9841
-7.0488,-9.759,-3.2345,0.0868,-0.9082,0.9908
-7.123,-9.8715,-3.359,0.1692,-0.9228,1.0348
-6.8261,-9.9458,-3.5817,0.1698,-0.8501,1.226
-6.4119,-10.0583,-3.5697,0.1332,-0.7744,1.4086
-5.4518,-10.5252,-2.5498,0.0807,-0.6339,1.5699
-5.3034,-10.6233,-2.3199,0.041,-0.4799,1.6896
-5.064,-10.8364,-1.968,0.044,-0.3724,1.7434
-5.1167,-10.7933,-2.0685,0.0898,-0.3101,1.7342
-5.2819,-9.8811,-2.4085,0.1662,-0.2441,1.6456
-5.3034,-9.7734,-2.4133,0.1668,-0.1605,1.576
-5.5141,-9.589,-2.6312,0.1246,-0.103,1.5296
-6.0743,-9.4669,-2.9496,0.0825,-0.1531,1.4874
-6.8477,-9.2682,-3.6583,0.0379,-0.2851,1.4355
-6.9027,-9.2562,-3.6822,-0.0164,-0.4592,1.3964
-7.6401,-8.9737,-4.0821,-0.1563,-0.7218,1.3011
-8.344,-8.4111,-4.1084,-0.2784,-0.8349,1.2101
-8.5236,-7.7192,-3.8235,-0.4275,-0.8361,1.1514
-8.2555,-7.1805,-3.6224,-0.5826,-0.7298,1.1606
-7.688,-6.965,-3.3758,-0.7347,-0.5948,1.2455
-7.688,-6.965,-3.3758,-0.9516,-0.6834,1.4184
-7.609,-7.202,-2.8538,-0.9516,-0.6834,1.4184
-7.5731,-7.19,-2.5761,-0.9088,-0.968,1.4043
-6.8381,-7.0631,-2.5139,-0.7604,-1.406,1.3738
-4.9491,-6.3832,-2.5857,-0.5032,-1.9173,1.3591
-0.7565,-3.2992,-2.885,-0.2131,-2.2392,1.3689
-0.5171,-2.9328,-2.8658,0.0959,-1.7102,1.3066
0.1747,-1.6711,-2.521,0.1228,-0.6314,1.2565
0.3208,-1.3455,-2.2792,0.022,0.727,1.2693
1.1611,-0.984,-3.438,-0.0976,1.7686,1.3054
1.3599,-1.0726,-3.4524,-0.1917,2.2353,1.3011
1.9201,-1.9369,-3.1483,-0.4043,2.2713,1.2198
1.3718,-4.1539,-3.0382,-0.9754,1.5401,0.8582
-2.114,-8.5092,-4.0653,-1.1593,0.8113,0.4117
-2.114,-8.7606,-4.0054,-1.1685,0.1272,-0.0085
-3.7756,-10.8268,-3.3997,-1.1672,-0.3944,-0.295
-4.525,-12.8092,-1.209,-1.1837,-0.924,-0.4587
-4.7477,-13.4892,3.0693,-1.3267,-0.8532,-0.747
-5.2244,-12.3639,3.766,-1.199,0.4479,-0.992
-4.7357,-8.9234,3.134,-0.6498,1.4863,-1.1924
-3.6032,-6.297,2.1452,-0.0555,1.7325,-1.1814
-3.1004,-4.4244,1.2737,0.3433,1.4656,-1.1844
-2.9065,-4.1922,0.2944,0.5797,1.0655,-1.3096
-3.4644,-4.9586,-3.3686,0.8821,0.5749,-1.4721
-3.948,-6.2587,-7.3361,0.9835,0.5145,-1.5448
-5.9522,-8.2531,-8.5236,0.8174,0.9298,-1.6346
-6.3473,-8.4757,-7.9442,0.4093,1.5682,-1.7684
-7.5037,-9.455,-5.313,-0.0494,2.0807,-1.8796
-7.19,-10.2259,-4.3526,-0.3927,1.8883,-1.8594
-6.546,-10.7358,-2.4708,-0.356,1.2078,-1.7776
-6.5723,-10.7598,-2.308,-0.2503,0.6207,-1.7751
-6.5699,-10.6497,-1.4844,-0.0921,0.2658,-1.8277
-6.1366,-9.7782,-0.2513,0.0642,0.3849,-1.8655
-5.2627,-7.2571,0.4812,0.2071,1.0923,-1.9016
-5.2627,-7.1757,0.3926,0.6231,2.176,-1.97
-4.973,-6.9889,-1.154,1.0269,2.231,-1.9596
-4.6208,-7.0153,-2.2433,1.3904,1.9237,-1.9095
-4.8674,-7.4773,-4.6662,1.6207,1.5554,-1.8698
-5.404,-7.8269,-5.89,1.7312,1.2084,-1.8906
-6.2659,-8.289,-6.8477,1.6017,0.9897,-1.9926
-7.1924,-8.617,-6.2228,1.3641,1.0227,-2.0268
-7.6138,-8.8349,-4.9706,1.1039,1.0025,-1.9572
-7.372,-8.8277,-4.3287,0.9023,0.7918,-1.7898
-6.8285,-8.6385,-3.6798,0.7587,0.5407,-1.5723
-6.443,-8.2219,-2.2864,0.6995,0.4332,-1.3744
-5.6841,-7.4295,-0.632,0.6818,0.8901,-1.1294
-5.6338,-7.554,-0.8164,0.7654,1.0771,-0.9053
-5.7775,-8.8205,-2.5378,0.8558,0.8773,-0.6841
-6.3473,-10.2762,-4.7692,0.8607,0.5126,-0.4941
-7.0081,-12.4309,-6.5292,0.8357,0.3788,-0.328
-7.1038,-12.6345,-6.6322,0.8131,0.3043,-0.1386
-6.4694,-12.9768,-6.1294,0.8045,-0.0096,0.2412
-4.3742,-12.7685,-4.5154,0.7538,0.1473,0.5931
-0.644,-11.763,-3.1914,0.7031,0.352,0.956
-0.644,-11.763,-3.1914,0.4747,0.0258,1.0781
-0.4692,-10.8939,-3.9743,0.4747,0.0258,1.0781
-1.4053,-10.2139,-5.0017,0.3519,-0.1629,0.6725
-2.4516,-9.6297,-5.0065,0.2309,-0.1971,0.4208
-2.6647,-9.2155,-4.4388,0.1149,-0.2069,0.3158
-2.5713,-8.8181,-3.6607,0.0452,-0.3254,0.3555
-2.2385,-8.6577,-3.0957,-0.0029,-0.527,0.4703
-3.2202,-8.5763,-2.3487,-0.0567,-0.7463,0.6029
-3.6774,-8.4183,-1.9895,-0.1025,-0.9454,0.7067
-3.9025,-8.1094,-2.3989,-0.0597,-1.0523,0.7495
-3.9025,-8.1094,-2.3989,0.1283,-1.0676,0.8374
-4.3837,-7.9682,-2.9185,0.1283,-1.0676,0.8374
-4.3789,-7.9658,-2.9783,0.1772,-0.902,0.8356
-4.3789,-7.9658,-2.9783,0.3262,-0.7072,0.9492
-3.8091,-8.3249,-3.6056,0.3262,-0.7072,0.9492
-3.5769,-8.5859,-2.6144,0.3024,-0.549,0.9816
-3.5769,-8.5859,-2.6144,0.2077,-0.4329,1.0128
-3.6463,-8.6266,-1.5993,0.2077,-0.4329,1.0128
-3.8331,-8.684,-1.3096,0.2071,-0.527,1.0097
-4.1084,-8.7678,-1.8794,0.2932,-0.7787,0.9663
-4.1084,-8.763,-1.8794,0.361,-0.9112,0.9089
-4.5513,-8.6816,-2.1643,0.3989,-0.9589,0.8118
-5.2531,-8.5212,-2.782,0.4172,-0.9912,0.7073
-6.5675,-8.4709,-3.9863,0.4179,-1.0407,0.6285
-7.2164,-8.4374,-4.5274,0.3775,-1.0798,0.6072
-7.6761,-8.5332,-5.2507,0.1912,-1.056,0.747
-8.2818,-8.5835,-5.471,0.0202,-0.9986,0.9095
-9.0791,-8.7774,-5.7966,-0.1691,-0.8831,1.0745
-9.3328,-8.9594,-5.7535,-0.3548,-0.756,1.2553
-9.5531,-9.3592,-5.4327,-0.5271,-0.6253,1.4556
-9.5172,-9.8237,-5.0544,-0.7164,-0.5575,1.7599
-9.4071,-10.7382,-4.3071,-0.7659,-0.6192,1.9242
-9.4071,-10.7382,-4.3071,-0.6877,-0.8159,2.1123
-8.7319,-11.0543,-3.5506,-0.6877,-0.8159,2.1123
-7.9035,-10.8843,-2.8203,-0.612,-0.8013,2.1649
-5.1861,-9.6202,-1.1779,-0.5332,-0.6375,2.185
-4.973,-9.4358,-0.9624,-0.4721,-0.0035,2.1227
-4.0462,-8.4733,-0.3088,-0.4513,0.5578,1.9969
-3.4715,-7.8772,0.0502,-0.4299,1.0154,1.893
-3.0478,-7.9945,0.1292,-0.3859,1.1821,1.8112
-3.0885,-8.0328,0.1268,-0.3114,0.9695,1.722
-3.4476,-8.2962,-1.1228,-0.2051,-0.2338,1.5552
-4.4747,-8.7295,-3.9145,-0.0823,-1.4524,1.4214
-4.4747,-8.7295,-3.9145,-0.0457,-2.9338,1.2376
-2.0925,-6.5292,-6.2252,-0.0457,-2.9338,1.2376
-1.8195,-4.5226,-5.0137,-0.2338,-2.7499,1.1081
-1.7525,-2.7557,-3.4308,-0.4208,-2.1378,0.9883
-1.5705,-1.4604,-2.6072,-0.5668,-1.0621,0.9382
-1.1875,-1.1061,-3.1411,-0.5552,-0.5496,0.9315
-0.4908,-0.893,-4.0988,-0.5185,-0.1513,0.9162
0.1173,-0.9935,-4.276,-0.5729,0.3141,0.8692
1.0893,-2.612,-2.4181,-0.7653,0.8602,0.7739
1.0414,-3.0669,-1.9895,-1.2198,1.3129,0.5229
0.1675,-4.8913,-0.4022,-1.4855,1.063,0.2419
-0.9002,-6.5316,0.3854,-1.5753,0.4198,-0.1521
-2.7246,-9.2107,1.7166,-1.5448,-0.2478,-0.5687
-2.8538,-9.3568,1.8171,-1.4745,-0.5642,-0.9657
-4.0366,-10.1445,2.5785,-1.3572,-0.3394,-1.3182
-4.6854,-9.9721,2.6839,-0.9412,0.5102,-1.6597
-3.9863,-8.0927,1.4604,-0.5191,0.9482,-1.7006
-3.96,-7.9969,1.3287,-0.1141,1.1296,-1.6811
-3.96,-7.6737,-0.5985,0.2028,1.0331,-1.7281
-3.8953,-7.9514,-4.0485,0.4295,0.7845,-1.8228
-4.2425,-8.3776,-5.4471,0.5113,0.6751,-1.9474
-4.7405,-8.7439,-6.0576,0.2865,1.0764,-2.2149
-5.7344,-9.431,-6.5292,0.0684,1.3556,-2.3982
-6.4119,-9.9482,-6.285,-0.1697,1.5089,-2.532
-6.9889,-10.518,-5.0161,-0.4134,1.5603,-2.5851
-7.0416,-10.5898,-4.4244,-0.5918,1.4527,-2.5735
-7.135,-10.7119,-3.4859,-0.6462,1.0343,-2.5185
-7.2355,-10.6305,-2.5019,-0.5448,0.7435,-2.4886
-8.1238,-10.6353,-0.225,-0.3859,0.6666,-2.4623
-8.1812,-10.6329,0.0574,-0.174,0.9445,-2.4116
-8.2914,-10.3121,1.0175,0.0898,1.6061,-2.2986
-8.1549,-9.9625,1.2976,0.4588,2.4173,-2.1465
-7.7886,-9.7638,-1.0414,1.2236,3.1161,-1.8887
-7.6952,-9.7399,-1.2258,1.7728,3.088,-1.7061
-7.1876,-9.498,-2.7222,2.2028,2.8809,-1.5198
-6.8261,-9.0839,-3.6391,2.4191,2.691,-1.3591
-6.1725,-8.593,-3.4763,2.3842,2.4906,-1.2308
-6.1725,-8.593,-3.4763,1.9658,1.7093,-1.072
-5.5931,-8.7319,-3.347,1.661,1.0117,-0.9413
-5.0927,-9.0479,-3.0885,1.4728,0.4448,-0.8326
-5.1262,-9.5699,-2.8275,1.3952,0.1632,-0.7684
-5.1143,-9.8261,-2.5115,1.4191,0.1333,-0.736
-5.0353,-9.9242,-2.8107,1.515,0.2255,-0.6652
-5.1023,-9.9146,-3.9767,1.7288,0.2738,-0.4838
-5.1023,-9.9146,-3.9767,1.7483,0.0838,-0.1685
-4.7788,-8.8899,-6.8213,1.7483,0.0838,-0.1685
-4.2784,-8.2291,-7.5683,1.5095,-0.0603,0.0177
-3.541,-7.4749,-7.3074,1.1387,-0.1311,0.1875
-2.1212,-6.0432,-5.222,0.727,-0.0792,0.3286
-1.968,-5.9163,-5.064,0.2089,-0.0707,0.4495
-1.7046,-5.6601,-4.2951,-0.0176,-0.1623,0.4563
-1.8195,-6.285,-3.5314,-0.2253,-0.2521,0.4434
-2.5641,-7.8891,-2.5546,-0.4092,-0.3889,0.4288
-2.5354,-8.016,-2.2553,-0.5435,-0.5135,0.3756
-2.2553,-8.5811,-0.8427,-0.7537,-0.6375,0.3194
-2.0111,-9.4645,-0.2705,-0.8465,-0.8636,0.3274
-4.1228,-11.5379,-1.2785,-0.8667,-1.1849,0.3298
-4.3311,-11.5858,-1.3383,-0.8368,-1.3962,0.2895
-6.0265,-11.2099,-1.4963,-0.7714,-1.4799,0.2278
-7.5851,-10.6161,-2.636,-0.6785,-1.5813,0.2076
-8.9905,-10.0343,-3.438,-0.4898,-1.935,0.3481
-9.455,-9.4502,-3.5075,-0.4324,-2.0945,0.5112
-9.3831,-8.7942,-4.3095,-0.3792,-2.1678,0.7086
-9.5052,-8.672,-5.0951,-0.3108,-2.1018,0.9364
-8.7127,-8.8061,-4.0869,-0.2931,-1.8739,1.1655
-7.5204,-8.9641,-3.4524,-0.3285,-1.3987,1.5289
-4.683,-9.0815,-3.4261,-0.2882,-1.2344,1.7562
-3.7732,-9.3568,-3.1124,-0.2088,-1.0444,1.8796
-4.3598,-10.8603,-2.7293,-0.1581,-0.6864,1.8949
-4.3957,-11.1261,-2.7916,-0.1165,-0.4176,1.9199
-4.4963,-12.3543,-3.5984,-0.0628,-0.3804,1.9853
-4.2425,-13.4341,-4.6303,-0.0072,-0.5905,2.0983
-4.2185,-13.4652,-3.1052,-0.0579,-0.6235,2.1019
-4.2185,-13.4652,-3.1052,-0.177,-0.505,2.0103
-3.9264,-12.6153,-2.9951,-0.2735,-0.4671,1.8582
-4.0294,-11.5331,-2.794,-0.2998,-0.6088,1.692
-4.3598,-8.9163,-2.5809,-0.3475,-0.6797,1.4892
-4.4723,-8.7439,-2.5641,-0.4513,-0.6565,1.1856
-5.3633,-7.8149,-2.9233,-0.513,-0.6241,1.0348
-6.5005,-7.5683,-3.7612,-0.5576,-0.6394,0.9706
-7.4917,-7.3002,-4.7716,-0.6034,-0.695,1.0085
-8.0735,-7.3433,-4.8314,-0.6804,-0.7487,1.1496
-7.7,-7.4342,-4.5896,-0.8386,-0.797,1.4807
-6.4287,-7.2355,-3.6798,-0.9198,-0.8397,1.7519
-4.2042,-6.4407,-2.4803,-0.9492,-0.778,1.973
-3.4979,-6.2228,-2.205,-0.8923,-0.5575,2.0708
-2.6886,-6.0336,-1.5777,-0.8105,-0.1666,2.0616
-2.5402,-6.3162,-1.0103,-0.7335,0.4466,1.9578
-4.2568,-7.5635,-1.2401,-0.579,1.4705,1.6609
-4.6064,-7.8077,-1.4149,-0.3927,1.8119,1.4196
-5.2076,-8.2435,-2.1667,-0.1679,1.6769,1.2565
-4.9347,-7.8891,-3.6631,0.0153,1.1669,1.1679
-3.8594,-6.3497,-0.9983,0.044,0.5371,1.1081
-3.8714,-6.1797,-0.62,-0.849,-1.0456,0.9688
-3.3183,-5.1669,0.2585,-1.1581,-1.7493,0.8393
-2.2768,-4.0174,0.4836,-1.1037,-1.8067,0.8277
-1.379,-3.0765,-1.2593,-0.816,-1.2814,0.9144
-1.379,-3.0765,-1.2593,-0.4336,-0.5569,0.9871
-1.8363,-3.9408,-2.8993,-0.0939,0.0447,0.9676
-2.4061,-5.5572,-3.0765,0.0135,0.5529,0.6365
-1.2904,-6.1174,-1.7334,-0.2186,0.6452,0.4404
-0.9026,-5.9786,-0.6416,-0.4489,0.5407,0.2596
-1.1779,-6.048,0.4501,-0.546,0.4497,-0.0525
-1.9201,-6.6011,0.5578,-0.4751,0.435,-0.4917
-2.9161,-7.6856,0.3136,-0.2778,0.487,-0.9248
-3.4739,-8.1286,0.1795,0.0104,0.7912,-1.4245
-4.5178,-8.8851,-0.2346,0.1546,1.0392,-1.6908
-5.4255,-9.2538,-0.5913,0.267,1.2188,-1.8973
-6.8525,-9.2251,-0.9648,0.3415,1.3367,-2.0256
-6.8788,-9.1293,-0.9672,0.3983,1.3587,-2.0928
-7.111,-8.4446,-1.3551,0.5089,1.2341,-2.0903
-6.6489,-7.6904,-2.3247,0.5926,1.1125,-2.0726
-5.0448,-6.5316,-4.3646,0.6427,1.0306,-2.0439
-5.0448,-6.5316,-4.3646,0.5437,1.2218,-2.105
-4.5178,-6.2419,-4.9874,0.5437,1.2218,-2.105
-4.4149,-6.2707,-4.5705,0.4032,1.3886,-2.1771
-4.8745,-7.0033,-3.7253,0.212,1.4674,-2.2821
-4.8841,-7.0631,-3.7158,0.1753,1.286,-2.3249
-5.3489,-7.554,-3.5506,0.2034,0.9934,-2.3463
-5.7727,-7.9634,-3.4237,0.2725,0.6861,-2.3622
-6.3401,-8.3991,-3.6487,0.3543,0.4784,-2.3713
-6.7974,-8.5428,-3.3686,0.4747,0.5786,-2.364
-7.2954,-8.7199,-3.0166,0.5419,0.9573,-2.3335
-7.6354,-9.0192,-2.7006,0.6335,1.4326,-2.2479
-7.9275,-9.4406,-2.5115,0.7703,1.8559,-2.116
-7.9658,-9.601,-2.387,0.9481,2.1387,-1.9425
-7.87,-9.9314,-2.2074,1.1368,2.2939,-1.7171
-7.87,-9.9314,-2.2074,1.3464,2.308,-1.0091
-6.376,-9.6968,-1.0414,1.3464,2.308,-1.0091
-6.2324,-9.6752,-1.0726,1.0098,1.68,-0.7745
-5.5213,-9.759,-1.9153,0.727,0.6653,-0.5729
-4.9515,-10.111,-2.9735,0.628,-0.1311,-0.4202
-5.0329,-10.4318,-4.7548,0.6683,-0.3584,-0.3518
-5.1574,-10.4581,-4.8913,0.8723,0.0783,-0.4031
-5.2459,-10.2642,-5.4973,1.0165,0.5077,-0.3799
-4.8458,-9.6441,-6.0288,1.1204,0.8028,-0.2614
-2.9831,-8.6553,-5.2938,1.0806,0.7912,-0.0739
-2.9496,-8.6433,-5.1598,0.8003,0.4723,0.1093
-2.8634,-8.7894,-4.8434,0.3226,0.1473,0.1362
-3.1268,-9.1293,-4.3454,0.1027,0.1375,0.0812
-3.7852,-9.9051,-2.8802,-0.0549,0.1681,0.0397
-4.0749,-10.5922,-2.9281,-0.1349,0.1015,0.0604
-4.7381,-10.992,-1.4532,-0.1312,-0.1305,0.1172
-4.8386,-11.1931,-0.4453,-0.1605,-0.326,0.1771
-4.2401,-11.265,-1.3599,-0.0646,-0.7884,0.3494
-4.2712,-11.0734,-1.719,0.066,-0.9967,0.4465
-4.7788,-10.5491,-1.6232,0.1393,-1.0578,0.4783
-5.3178,-9.9841,-1.9943,0.1735,-1.0865,0.4856
-5.5452,-9.7734,-3.0334,0.2267,-1.0493,0.5357
-5.5213,-9.747,-2.8467,0.2346,-0.8116,0.6762
-5.2651,-9.7399,-1.8411,0.1527,-0.6681,0.7886
-4.7477,-9.7279,-1.8507,0.0929,-0.7652,0.9101
-4.288,-9.1724,-2.4133,0.0923,-0.9644,0.9957
-4.288,-9.1724,-2.4133,0.1051,-1.0468,1.0213
-4.1443,-8.5667,-1.8363,0.0917,-1.0328,1.028
-3.5577,-7.9921,-1.2952,0.1509,-1.0377,1.1111
-1.9871,-7.111,-1.0773,0.2841,-1.0499,1.193
-1.9871,-7.111,-1.0773,0.6017,-1.0529,1.2534
-1.4891,-6.4718,-1.2258,0.6017,-1.0529,1.2534
-1.6328,-6.1342,-1.6208,0.7227,-1.0352,1.1936
-2.2122,-6.0288,-2.7413,0.8076,-1.0114,1.0971
-3.0454,-6.1031,-3.2417,0.8314,-0.9185,0.945
-4.3813,-6.625,-3.6583,0.738,-0.7573,0.8753
-5.8397,-7.5204,-4.4723,0.5895,-0.6565,0.8539
-9.4454,-9.1174,-7.0775,0.4148,-0.6528,0.8552
-10.5683,-9.7351,-8.186,0.201,-0.6815,0.8833
-11.399,-10.415,-8.0927,-0.3016,-0.5667,1.0818
-10.9106,-10.5012,-6.5029,-0.7402,-0.3065,1.3054
-9.8572,-10.6688,-3.9193,-1.0842,-0.0621,1.5161
-9.7279,-10.6975,-3.7205,-1.2295,0.0142,1.7
-9.1724,-10.8987,-3.3231,-1.221,-0.0352,1.8967
-7.9538,-10.8747,-2.8467,-1.1184,-0.1256,2.1197
-4.8554,-9.747,-1.3694,-0.9644,0.0044,2.4648
-4.8554,-9.747,-1.3694,-0.8227,0.5664,2.634
-4.0677,-9.4095,-0.4357,-0.8227,0.5664,2.634
-4.0916,-9.4502,-0.462,-0.717,0.6843,2.5613
-5.0664,-9.6202,-3.5434,-0.5497,0.545,2.4324
-5.0664,-9.6609,-3.7349,-0.2485,0.005,2.0799
-6.9841,-10.0942,-5.9331,-0.1098,-0.2826,1.7501
-8.1501,-10.5778,-8.2938,-0.1233,-0.4017,1.4721
-6.5556,-10.7646,-7.2236,-0.3688,-0.3694,1.3377
-5.2316,-10.4916,-4.6543,-0.805,-0.2228,1.3231
-3.4356,-9.6824,-2.4899,-1.2155,-0.0016,1.3237
-1.4365,-7.9562,-1.2473,-1.3847,0.0233,1.3451
0.1723,-4.4747,0.6967,-1.4611,-0.1397,1.331
0.0023,-3.4859,1.154,-1.5845,-0.4799,1.1551
-1.1085,-2.9951,1.7812,-1.6199,-0.7506,0.755
-2.4253,-3.3925,2.3487,-1.5148,-0.5966,0.3316
-0.8714,-3.3997,2.3367,-1.0341,0.2829,0.0904
-0.474,-3.1651,2.296,-0.6559,0.826,0.237
1.0486,-1.8602,2.0829,-0.4721,0.9903,0.3414
1.7477,-0.9576,2.0302,-0.4996,0.8168,0.2498
1.4939,-0.8738,1.9871,-0.5435,0.6372,0.0256
1.4939,-0.8738,1.9871,-0.4709,0.6085,-0.2748
0.656,-1.4844,1.5035,-0.1446,0.7533,-0.7593
-0.0191,-2.9424,1.0773,0.1191,0.8718,-0.9773
-1.4341,-7.6904,-0.4453,0.325,0.9133,-1.0622
-1.6711,-8.0304,-0.7374,0.4893,0.7796,-1.2009
-1.6711,-8.0304,-0.7374,0.7398,0.0636,-2.127
-10.2355,-13.7717,-5.1741,0.7398,0.0636,-2.127
-14.6288,-13.8914,-7.0129,0.6457,-0.2215,-2.7629
-12.814,-11.4852,-4.9634,0.3488,-0.031,-2.681
-7.9777,-8.4063,-2.8347,-0.0304,0.3862,-2.2076
-5.1717,-6.3904,-3.9576,-0.1868,0.749,-1.7751
-3.5841,-4.6232,-0.7134,-0.1501,1.063,-1.612
-2.9448,-4.5441,-0.1484,-0.097,1.7502,-1.4776
-2.3463,-5.3369,-0.5482,0.1753,1.6464,-1.3726
-2.1691,-7.2068,-0.4477,0.5284,1.1882,-1.3628
-6.8118,-13.561,-4.3526,0.9053,0.6201,-1.5876
-7.7623,-14.4995,-5.1358,1.3348,0.0447,-2.061
-12.4166,-18.1127,-8.2818,1.6225,-0.2277,-2.5509
-14.4804,-19.4606,-6.0049,1.4478,0.5535,-2.7812
-6.6753,-14.4804,-2.047,1,1.5975,-2.3023
-6.6753,-14.4804,-2.047,0.8009,1.6873,-1.474
-3.5889,-11.0567,-2.6551,0.8204,1.0441,-0.8374
-2.9017,-8.6361,-3.5697,0.8901,0.4918,-0.7965
-3.4715,-6.2755,-4.4029,0.9359,0.4326,-1.2699
-3.5338,-6.1581,-4.3885,0.909,0.6843,-1.5308
-3.8714,-5.4327,-3.9217,0.8711,0.9573,-1.6676
-4.4939,-5.2555,-3.7684,0.9108,1.0966,-1.7
-5.2052,-5.5237,-4.9802,1.0348,1.0044,-1.667
-5.4351,-5.8732,-5.5835,1.1882,0.7454,-1.5638
-5.4518,-6.6226,-6.1725,1.2804,0.5572,-1.2974
-5.7248,-7.4486,-6.2084,1.2175,0.5731,-1.1239
-6.3233,-7.9969,-6.1749,1.0501,0.6366,-1.0036
-6.4047,-7.712,-6.0049,0.738,0.4815,-0.8851
-6.6226,-7.6617,-4.853,0.2242,-0.031,-0.766
-6.8261,-8.0184,-3.6727,-0.2143,-0.3107,-0.6548
-7.1661,-10.4414,0.486,-0.5093,-0.0933,-0.4257
-7.1015,-10.8005,0.7757,-0.5753,0.1693,-0.2425
-6.5843,-11.8396,1.5969,-0.4855,0.1632,-0.0061
-5.8421,-12.1029,1.6424,-0.2693,0.0093,0.2516
-4.1802,-11.2458,-1.7166,-0.006,-0.1892,0.5149
-4.1802,-11.1692,-1.7166,0.2926,-0.34,0.8839
-3.1771,-10.4174,-1.5059,0.325,-0.3999,1.0965
-2.5617,-10.1325,-2.6671,0.3757,-0.5667,1.2815
-1.7908,-9.668,-2.217,0.4429,-0.6944,1.4269
-1.7908,-9.668,-2.217,0.383,-0.7053,1.5833
-1.8124,-9.5818,-3.5553,0.383,-0.7053,1.5833
-1.4652,-9.6297,-4.446,0.4319,-0.6766,1.634
-0.7493,-9.9936,-3.4739,0.3391,-0.4311,1.6224
-0.5889,-10.2115,-2.2577,0.157,-0.3126,1.5387
-0.893,-10.901,-0.3064,-0.0573,-0.497,1.3689
-2.3247,-10.7047,0.7852,-0.2167,-0.9308,1.0965
-2.3247,-10.7047,0.7852,-0.218,-1.6614,0.1557
-6.4263,-9.3137,0.0598,-0.218,-1.6614,0.1557
-7.7838,-8.6481,-1.2521,0.1167,-1.5318,0.0293
-9.103,-8.1286,-2.7676,0.5101,-1.3779,0.0183
-10.664,-7.0464,-5.2795,0.8412,-1.2191,0.0708
-10.5874,-6.941,-5.4423,1.0391,-0.9998,0.174
-9.5411,-6.4574,-4.9969,1.0342,-0.5422,0.4526
-7.9801,-6.4167,-3.5841,0.898,-0.3559,0.6914
-8.3919,-7.3409,-3.7588,0.7942,-0.4323,0.8552
-8.4374,-7.4079,-3.857,0.7306,-0.6473,0.9865
-8.5021,-8.0304,-4.2951,0.6292,-0.8349,1.1911
-8.0663,-8.2267,-4.1036,0.4637,-0.8972,1.4618
-7.4821,-8.2459,-3.3231,0.1253,-0.6834,1.8368
-7.4893,-8.2411,-3.3279,-0.0903,-0.4598,2.0274
-7.8365,-8.5308,-3.2824,-0.2491,-0.304,2.16
-8.1717,-9.1293,-3.4404,-0.3676,-0.2588,2.2632
-8.708,-10.4509,-3.7684,-0.4397,-0.3694,2.339
-9.2706,-11.5738,-4.0821,-0.4788,-0.767,2.3188
-9.692,-12.7135,-4.367,-0.4782,-1.0236,2.2272
-9.1844,-13.1205,-4.1467,-0.4953,-1.158,2.1459
-6.0911,-11.6672,-2.2649,-0.5698,-1.0743,2.1032
-4.9874,-10.6592,-1.5514,-0.7036,-0.6907,2.1636
-3.3183,-8.6457,-0.5123,-0.8093,-0.205,2.2272
-2.3774,-7.0272,-0.1388,-0.8056,0.154,2.174
-2.0398,-5.4135,-0.1987,-0.725,0.1663,2.0372
-2.2002,-5.2986,-0.1316,-0.6004,0.0807,1.8515
-2.5474,-4.8267,-0.9241,-0.4275,-0.0945,1.6438
-2.5474,-4.8267,-0.9241,-0.0744,-0.5691,1.1777
-3.0669,-4.0031,-3.4284,-0.0744,-0.5691,1.1777
-2.7102,-3.9432,-3.8163,-0.0884,-0.6131,1.0647
-1.2928,-3.596,-5.1047,-0.2149,-0.527,1.0659
-0.5243,-3.098,-4.9706,-0.4751,-0.0633,1.116
-0.6703,-2.5761,-3.0909,-0.8019,0.6287,1.1258
-0.6703,-2.5761,-3.0909,-1.0658,1.1595,1.0818
-0.7709,-3.1962,-2.4061,-1.3004,1.3648,0.8655
-1.5131,-4.6782,-2.0925,-1.3389,1.1888,0.4948
-2.1811,-7.4175,-2.138,-1.2711,0.8358,-0.0122
-1.8124,-9.364,-0.9864,-1.2033,0.4619,-0.3915
-1.1755,-10.4366,1.6879,-1.433,0.3037,-0.5247
-1.0726,-10.3121,3.213,-1.838,0.5175,-0.6652
-2.3846,-8.5643,3.5434,-1.7213,0.7869,-1.2052
-2.8012,-7.87,3.3351,-1.2528,0.928,-1.6566
-3.2776,-7.1972,2.885,-0.7213,1.1265,-2.0164
-3.6248,-6.6537,2.1691,-0.2338,1.209,-2.3164
-4.8913,-6.6537,-0.158,0.1802,1.1076,-2.5546
-4.8913,-6.6537,-0.158,0.7777,0.5297,-2.8185
-6.6178,-7.9777,-6.4239,0.7777,0.5297,-2.8185
-7.9538,-9.1198,-9.3975,0.7483,0.5535,-2.7898
-8.6697,-8.9258,-7.1589,0.3574,1.0141,-2.8002
-8.5523,-8.8468,-6.8501,-0.1642,1.4173,-2.78
-7.4558,-8.3393,-4.2449,-0.579,1.435,-2.6016
-6.4335,-7.937,-2.5474,-0.819,1.0673,-2.2699
-5.9594,-8.3752,-1.1923,-0.7372,0.6898,-2.094
-5.9594,-8.3752,-1.1923,-0.4311,0.8181,-1.9382
-6.2443,-9.1533,-0.0119,-0.4311,0.8181,-1.9382
-6.4957,-9.6944,0.7948,-0.2357,1.4466,-1.8979
-6.6394,-10.281,0.905,0.2688,2.1589,-1.788
-6.7256,-10.4797,0.6727,0.7233,2.2237,-1.6829
-6.6442,-10.4222,-0.3208,1.1979,2.0526,-1.587
-6.2515,-9.7758,-1.7094,1.6158,1.8248,-1.5106
-5.9714,-8.6673,-3.2441,1.8907,1.7252,-1.4642
-5.6937,-8.2602,-3.6487,2.0031,1.7307,-1.4489
-4.8913,-7.5827,-4.2616,1.9279,1.6507,-1.339
-4.1754,-6.9913,-4.671,1.7783,1.4558,-1.2278
-3.8402,-6.7998,-5.1454,1.5877,1.1852,-1.1753
-4.0078,-6.8644,-5.1238,1.3775,0.8987,-1.174
-4.2999,-7.0272,-4.9491,1.1784,0.6562,-1.171
-4.513,-7.3816,-5.4016,1.0391,0.4082,-1.1301
-5.4327,-9.0384,-5.5572,0.9053,0.1882,-0.9694
-5.4327,-9.0384,-5.5572,0.7013,0.5535,-0.6646
-5.4878,-9.5555,-4.853,0.7013,0.5535,-0.6646
-5.6386,-9.6992,-4.9874,0.6262,0.749,-0.5112
-6.7112,-9.3113,-7.0584,0.5168,0.5969,-0.3976
-6.7543,-9.2395,-7.2499,0.0929,0.0887,-0.2779
-6.8118,-8.4278,-7.2643,-0.2125,0.1797,-0.1576
-6.3162,-7.7575,-6.2563,-0.5271,0.6568,0.0085
-5.8732,-7.6928,-3.189,-0.7983,1.0086,0.1789
-5.8613,-8.617,-1.5729,-0.9919,0.9799,0.3121
-5.6194,-11.1524,-0.5243,-1.0341,0.5584,0.4465
-5.8996,-12.9649,-0.4213,-0.8148,-0.3248,0.5827
-5.7511,-13.3599,-1.3694,-0.6034,-0.9039,0.5882
-5.4207,-12.6656,-2.0159,-0.4391,-1.4414,0.6175
-4.7764,-10.8292,-2.7341,-0.3358,-1.8501,0.6737
-3.8953,-9.2467,-4.1395,-0.2656,-2.0664,0.7678
-3.3566,-7.5516,-4.1874,-0.2125,-2.0602,0.9468
-3.2704,-7.3433,-4.0414,-0.2522,-1.8238,0.9908
-3.1675,-6.5915,-3.4069,-0.2827,-1.6143,1.0073
-3.5458,-6.3473,-2.3295,-0.2583,-1.4995,1.0268
-3.5577,-7.0991,-2.5713,-0.2149,-1.4201,1.0482
-3.5218,-7.1781,-2.715,-0.1465,-1.5001,1.1142
-3.1723,-7.7862,-3.7373,-0.0353,-1.7004,1.251
-3.098,-8.2698,-3.1651,-0.0365,-1.5612,1.309
-3.7445,-9.091,-2.6719,-0.0683,-1.2576,1.3274
-3.7876,-9.1676,-2.8491,-0.0243,-1.1049,1.3286
-4.3622,-9.8261,-3.7948,0.1045,-1.1378,1.3347
-5.2412,-10.2905,-3.1747,0.1857,-1.0511,1.3151
-6.5843,-10.9058,-3.1938,0.2151,-0.8196,1.237
-7.2188,-11.2003,-3.6008,0.2755,-0.8935,1.1997
-7.5156,-11.2698,-3.3734,0.3073,-0.9625,1.2046
-7.044,-11.1237,-3.1699,0.2755,-0.9002,1.2498
-6.8165,-10.5443,-3.2202,0.2218,-0.7634,1.3139
-6.6609,-10.3145,-3.2896,0.1198,-0.4598,1.3866
-7.0224,-10.2091,-3.5984,0.055,-0.3291,1.4428
-7.8006,-10.3408,-4.2305,0.0049,-0.3168,1.4819
-8.4614,-10.3169,-4.961,-0.0457,-0.3883,1.5112
-8.4877,-10.2235,-5.0233,-0.1257,-0.4677,1.5479
-8.198,-10.1205,-4.8195,-0.2387,-0.5203,1.5894
-7.6234,-9.7686,-4.2616,-0.422,-0.5771,1.653
-6.7016,-8.8277,-3.3087,-0.5161,-0.6058,1.6218
-6.7016,-8.8277,-3.3087,-0.5857,-0.607,1.4636
-5.8014,-8.0855,-2.5546,-0.5857,-0.607,1.4636
-4.9754,-7.2738,-1.7549,-0.5949,-0.5166,1.4123
-3.9671,-5.6865,-1.3048,-0.5619,-0.2875,1.3347
-3.8762,-5.6051,-1.2952,-0.5185,-0.1226,1.3249
-3.5194,-4.9634,-1.446,-0.4886,0.0239,1.3811
-3.4979,-4.6686,-1.7741,-0.4647,0.1088,1.4593
-3.4979,-4.6686,-1.7741,-0.3621,-0.0334,1.5308
-4.0414,-4.7884,-3.9815,-0.3621,-0.0334,1.5308
-3.6798,-4.5729,-6.7758,-0.2247,-0.395,1.4068
-3.2656,-3.5721,-8.1405,-0.185,-0.6082,1.2223
-2.5115,-2.2744,-6.7663,-0.3328,-0.4213,1.039
-2.047,-1.98,-6.0863,-0.5814,0.1143,0.9431
-1.4077,-1.6208,-6.0767,-0.7714,0.7362,0.9401
-0.5722,-1.5945,-6.3233,-0.9376,1.5859,0.9926
0.395,-2.5881,-3.1244,-1.1837,1.9982,0.9657
0.3854,-2.9328,-2.6048,-1.4983,2.2139,0.8167
0.2106,-4.5513,-1.3766,-1.6932,2.0312,0.5876
-0.0095,-6.5005,-0.5793,-1.7317,1.4332,0.2748
-1.9369,-9.7782,1.6663,-1.7677,0.5786,-0.0433
-2.3008,-10.2115,1.9345,-1.9143,-0.811,-0.4874
-3.5458,-11.7079,3.1316,-1.8019,-1.0462,-0.7776
-4.1036,-12.8164,4.2497,-1.4745,-0.2924,-1.0311
-4.9922,-13.5035,2.6839,-0.8856,0.8999,-1.2705
-4.9922,-13.4628,2.557,-0.1135,1.65,-1.5674
-5.289,-12.7589,1.6759,0.5254,1.8785,-1.8845
-5.3633,-11.7701,1.0199,1.0196,1.57,-2.1398
-6.0241,-10.664,-1.2617,1.1784,1.1675,-2.2284
-6.0504,-10.3169,-3.201,1.3054,0.87,-2.2901
-5.9522,-9.9553,-4.9562,1.3592,0.8706,-2.2937
-6.0025,-9.3712,-5.2268,1.2578,1.1754,-2.2834
-5.878,-8.7678,-5.0903,0.9652,1.5859,-2.276
-5.7727,-8.4207,-5.0353,0.8106,1.6189,-2.2711
-5.6099,-7.803,-4.6998,0.7141,1.5242,-2.2913
-5.6601,-7.5013,-4.1228,0.6689,1.3733,-2.3463
-6.8596,-7.439,-3.9384,0.6799,1.2151,-2.4098
-7.1062,-7.4869,-4.0605,0.7624,1.038,-2.4666
-8.0974,-7.8077,-4.1946,0.9536,0.8932,-2.4782
-8.9809,-8.1405,-4.434,1.0709,1.0428,-2.4214
-9.692,-8.3369,-4.7141,1.1808,1.3819,-2.3176
-9.692,-8.3369,-4.7141,1.3696,2.5413,-1.9969
-9.3328,-8.0759,-4.2066,1.3696,2.5413,-1.9969
-8.7032,-7.7623,-3.3494,1.537,3.3183,-1.6865
-7.937,-6.728,-2.9376,1.7013,3.5865,-1.4856
-7.9753,-6.7447,-2.7509,1.8564,3.6018,-1.3072
-8.2746,-7.4175,-1.1611,1.4502,2.8785,-1.1856
-8.3871,-8.3177,-0.5099,0.7196,1.2322,-1.1007
-8.1022,-9.534,-0.5554,0.4344,0.0587,-0.9352
-7.688,-10.1038,-1.391,0.6964,-0.45,-0.5638
-6.8237,-10.7598,-2.6815,1.0886,-0.205,-0.2663
-6.3257,-11.4326,-3.711,1.4411,0.3483,0.0146
-5.4399,-11.933,-5.052,1.6323,0.9195,0.2321
-4.8291,-11.4685,-5.5404,1.5431,0.9763,0.4361
-4.5489,-10.427,-6.1533,1.2309,0.4992,0.5815
-4.2281,-9.5411,-5.9451,0.8039,-0.0566,0.5949
-2.7988,-8.8684,-3.4332,0.6469,0.0569,0.5839
-2.6575,-8.9306,-3.2896,0.5199,0.2133,0.6383
-2.0877,-9.5364,-2.6599,0.4374,0.1314,0.7464
-1.6472,-10.1253,-3.2441,0.4197,-0.0792,0.8173
-1.5418,-10.1253,-3.3375,0.405,-0.4341,0.8411
-1.5418,-10.1253,-3.3375,0.3177,-0.6876,0.7977
-1.5418,-10.1253,-3.3375,0.0367,-0.9271,0.7788
-1.2593,-8.8756,-2.5689,0.0367,-0.9271,0.7788
-2.4684,-8.131,-3.7541,0.033,-1.0792,0.8008
-2.636,-8.1453,-3.6942,0.08,-1.1953,0.7874
-3.9743,-8.5715,-3.529,0.019,-1.3345,0.7709
-5.2292,-9.1365,-3.098,-0.0261,-1.6681,0.7849
-6.3952,-9.1317,-2.1236,-0.0585,-1.9937,0.813
-6.2539,-8.9857,-2.4085,-0.0616,-2.161,0.8717
-5.6961,-8.7415,-2.5857,0.0263,-2.139,0.9896
-5.1047,-8.4183,-2.6671,0.2083,-1.7744,1.1496
-4.1228,-7.8532,-2.636,0.3317,-1.5856,1.1911
-4.0677,-7.7359,-2.6599,0.4289,-1.4634,1.1777
-4.2592,-7.7766,-3.0119,0.5077,-1.3901,1.1166
-4.6375,-7.9466,-3.3446,0.5614,-1.3211,1.0488
-5.1669,-8.3369,-3.0238,0.5675,-1.2063,0.995
-5.0568,-8.3656,-2.8131,0.4881,-0.9931,0.9938
-4.906,-8.4183,-2.5857,0.4276,-0.913,1.0421
-4.9036,-8.4757,-2.4253,0.4014,-0.902,1.083
-4.5274,-8.459,-2.1212,0.3812,-0.8623,1.1233
-4.6255,-8.5188,-2.2697,0.3678,-0.7964,1.171
-5.3704,-8.7463,-3.0119,0.3745,-0.7096,1.1771
-6.2443,-8.8875,-3.3494,0.3384,-0.425,1.1349
-7.4079,-9.3735,-3.8402,0.2505,-0.1678,1.1441
-7.4079,-9.3735,-3.8402,0.0568,0.027,1.1148
-9.1557,-9.929,-4.8674,0.0568,0.027,1.1148
-10.7574,-10.008,-5.7799,-0.0628,-0.0285,1.0366
-11.6552,-9.8476,-6.0408,-0.3725,-0.0994,1.0103
-11.7941,-9.7231,-5.72,-0.648,-0.0798,1.0616
-11.0854,-9.5603,-4.5298,-0.9223,-0.0352,1.1191
-10.008,-9.0647,-2.7102,-1.1532,-0.0047,1.1979
-7.5516,-7.5923,-1.2354,-1.2772,-0.0096,1.2718
-6.1629,-6.886,-0.7062,-1.2992,-0.0273,1.4074
-6.1629,-6.886,-0.7062,-1.1636,0.1162,1.725
-3.4739,-5.1238,0.2106,-1.1636,0.1162,1.725
-4.0485,-5.5452,-1.0678,-0.9925,0.0117,1.6798
-4.1826,-5.6817,-1.6663,-0.7305,-0.2808,1.5638
-4.2353,-6.376,-6.1414,-0.3939,-0.7732,1.4007
-2.6024,-6.388,-7.9203,-0.0781,-1.3962,1.1991
-2.6024,-6.388,-7.9203,-0.6456,-0.5141,1.047
-2.2002,-5.799,-4.5657,-0.8838,0.0471,1.0629
-1.2737,-6.1964,-4.2544,-0.8838,0.0471,1.0629
-0.6464,-6.3185,-3.2728,-1.0512,0.3385,1.1496
0.7852,-6.0169,-0.6153,-1.2216,0.4448,1.174
0.8762,-5.9834,-0.5123,-1.505,0.2713,1.1343
1.3982,-5.6482,0.2944,-1.6859,0.0569,1.0305
1.98,-5.3728,1.4939,-1.7952,0.1192,0.7922
2.3271,-5.4159,2.1284,-1.7555,0.5933,0.4734
1.8267,-5.5716,2.0877,-1.494,1.1265,0.0684
0.7757,-5.8373,1.7669,-1.1245,1.465,-0.4263
-0.3974,-6.0839,1.4796,-0.579,1.4949,-1.1484
-2.2361,-6.8716,0.8068,-0.2656,1.3342,-1.587
-3.4452,-7.384,0.1149,0.0226,1.1039,-1.9981
-6.4191,-8.5859,-3.5146,0.2694,0.8468,-2.3518
-8.3823,-9.6441,-5.0616,0.3873,0.6892,-2.5198
-8.3823,-9.6441,-5.0616,-0.075,0.9042,-2.1111
-8.708,-10.5036,-4.6543,-0.075,0.9042,-2.1111
-7.4319,-10.245,-4.2233,-0.257,0.7441,-1.9773
-6.9147,-9.692,-2.6886,-0.4134,0.7643,-1.8967
-6.0552,-9.1437,-0.0694,-0.5154,1.0593,-1.8148
-5.9618,-9.0815,0.0885,-0.4996,1.3886,-1.6676
-5.4518,-8.9689,0.8236,-0.2247,1.8272,-1.4685
-4.7716,-9.0048,1.0079,0.0898,2.1583,-1.3695
-3.5625,-8.8612,0.1484,0.4539,2.4686,-1.3182
-3.5625,-8.8612,0.1484,1.2328,2.4814,-1.3946
-3.4165,-8.8085,-0.9265,1.2328,2.4814,-1.3946
-3.7301,-9.0767,-2.5809,1.6946,2.0251,-1.5833
-4.3502,-9.8117,-4.5322,1.8711,1.6329,-1.7134
-5.0903,-10.5706,-5.6745,1.8907,1.3,-1.8301
-6.4766,-11.6193,-7.0967,1.8009,0.9726,-1.9566
-7.767,-12.4932,-7.9538,1.6219,0.6708,-2.0732
-9.1341,-12.6871,-7.0823,1.3763,0.4442,-2.1111
-9.2179,-12.2466,-6.4885,0.9756,0.3416,-1.9523
-8.2052,-10.913,-5.471,0.8131,0.3031,-1.6853
-7.3457,-9.7782,-4.4149,0.7593,0.3465,-1.3597
-5.732,-8.1788,-3.2752,0.785,0.6232,-1.0867
-5.4902,-7.9227,-3.2297,0.9041,1.0227,-0.8497
-5.1574,-7.0967,-3.3446,1.0971,1.4295,-0.6664
-5.3704,-6.2371,-4.2473,1.3812,1.6971,-0.488
-6.139,-7.9705,-6.2252,1.267,1.0984,-0.397
-6.1893,-8.1405,-6.309,0.9011,0.1088,-0.3469
-7.1541,-10.0032,-5.7487,0.5474,-0.4867,-0.3524
-8.0065,-12.1819,-5.4925,0.3122,-0.6809,-0.3262
-7.4821,-11.6935,-1.1683,0.1918,-0.5575,-0.2113
-7.4821,-11.6935,-1.1683,0.2089,-0.1708,-0.058
-6.1773,-10.2666,0.2011,0.3085,0.0178,0.1643
-5.0233,-9.1365,0.328,0.4307,-0.1824,0.3732
-4.1754,-8.3249,-1.0821,0.5926,-0.5746,0.5186
-4.0557,-8.1094,-1.4844,0.7764,-0.9595,0.6206
-3.62,-7.3816,-1.798,0.9267,-1.4317,0.7403
-3.4715,-6.728,-2.6503,0.9725,-1.869,0.8454
-3.6248,-6.036,-5.483,0.9695,-2.2478,0.9248
-3.7636,-5.7463,-6.6154,0.9188,-2.4353,0.9853
-3.7756,-5.3441,-7.5085,0.752,-2.2765,1.0525
-3.5697,-4.8195,-7.0871,0.2994,-1.6559,1.2681
-3.7229,-4.2353,-5.0329,-0.0384,-1.2344,1.4569
-3.4811,-4.3311,-5.483,-0.2943,-1.0542,1.6707
-3.4811,-4.3311,-5.483,-0.5387,-1.2405,2.0561
-3.0238,-6.1653,-5.6793,-0.5387,-1.2405,2.0561
-4.2305,-8.6625,-2.9089,-0.6706,-0.9937,2.1025
-4.2305,-8.6625,-2.9089,-0.3059,-1.2221,2.1759
-4.4963,-11.4804,-5.1047,-0.3059,-1.2221,2.1759
-5.2579,-13.8603,-6.0432,-0.0573,-1.2826,2.243
-7.0536,-17.7607,-4.6255,0.0721,-0.8556,2.2375
-7.123,-17.8972,-4.4484,0.1167,-0.0853,2.1777
-6.637,-18.3473,-3.2417,0.1295,1.3397,1.9779
-5.2388,-17.5429,-1.8962,0.1454,2.2786,1.7739
-4.1419,-14.9499,-0.62,0.1063,3.2743,1.4489
-3.8139,-13.2019,-0.8307,0.0312,3.9255,1.047
-3.9624,-11.174,0.8762,-0.1074,3.7252,0.6658
-4.8075,-9.7949,1.7118,-0.6761,2.1546,0.3182
-5.969,-8.7175,1.3958,-1.028,-0.5221,-0.0476
-6.2731,-8.4997,1.1659,-0.9131,-1.7383,-0.1576
-6.6705,-8.5116,0.3543,-0.6761,-2.4408,-0.1514
-8.8253,-9.5172,-1.3,-0.4043,-2.8379,-0.1429
-13.3958,-10.7742,-4.8889,-0.1874,-3.0028,-0.1954
-13.652,-10.6712,-5.0209,-0.1239,-2.8855,-0.2193
-13.2809,-9.1054,-5.04,-0.4006,-2.1281,-0.0946
-11.186,-6.9315,-4.4675,-0.6865,-1.5746,0.0519
-7.8915,-4.5801,-2.7509,-0.9534,-1.1403,0.204
-7.8915,-4.5801,-2.7509,-1.1544,-1.2924,0.3445
-7.6306,-4.288,-2.6815,-0.9473,-2.0028,0.3078
-5.9881,-1.2569,-3.778,-0.9473,-2.0028,0.3078
-3.0047,1.2976,-4.4939,-0.7439,-2.2368,0.397
-3.0047,1.2976,-4.4939,-0.3255,-1.1543,0.9028
-1.6496,2.1452,-3.4404,-0.3255,-1.1543,0.9028
-1.2042,2.3894,-3.3207,-0.0658,-0.0908,1.2901
-1.5993,3.8187,-5.2914,0.2664,1.0642,1.7128
-0.9768,3.9312,-4.6399,0.1558,1.8907,2.4917
1.0702,2.442,-1.9153,-1.2137,0.3568,3.2595
3.7445,0.6991,-0.7086,-2.1452,-0.676,3.8973
3.7397,-1.3838,-0.9481,-2.1098,-0.6351,3.9413
2.885,-2.6767,-1.4173,-1.6645,-0.2832,3.3707
1.4628,-4.5394,-2.0087,-0.9968,0.2396,2.6988
0.7086,-6.637,-1.956,-0.8423,0.3642,1.8881
0.5315,-13.1468,-2.4325,-0.7946,0.4595,1.5399
0.4309,-15.1774,-2.8706,-0.7225,0.4882,1.0806
-1.6759,-19.2284,-3.778,-0.6291,0.3849,0.2119
-6.5771,-21.7495,-3.2082,-0.5863,0.4161,-1.1227
-9.4789,-19.1733,1.2186,-0.8496,1.4784,-2.7757
-9.2083,-18.9219,1.3168,-0.9027,2.4827,-2.8283
-6.4023,-16.3242,1.482,-0.6113,2.9689,-2.3335
-5.1789,-14.2003,1.2234,-0.1489,3.0196,-1.9602
-4.0988,-11.7486,-0.8259,0.3281,2.9213,-1.9083
-4.0988,-11.7486,-0.8259,1.3384,1.8333,-2.1844
-4.1347,-10.9944,-2.1811,1.3384,1.8333,-2.1844
-5.0329,-10.8963,-3.2656,1.5608,1.3446,-2.4495
-6.3592,-10.9896,-4.0725,1.6878,0.9323,-2.7421
-6.3592,-10.9896,-4.0725,1.7202,0.3538,-3.0732
-7.8484,-10.5515,-4.6184,1.7202,0.3538,-3.0732
-8.2674,-9.9649,-5.4878,1.7031,0.1571,-3.1044
-8.3776,-8.787,-6.5771,1.6683,0.2267,-3.0592
-8.1717,-8.1812,-6.4933,1.57,0.5627,-2.9846
-7.7551,-7.1661,-5.6601,1.4447,1.074,-2.89
-7.4127,-6.4287,-5.1526,1.3635,1.5126,-2.7879
-7.8341,-5.5548,-6.4478,1.3659,1.7618,-2.6688
-7.8341,-5.5548,-6.4478,1.405,2.3104,-2.3261
-9.2538,-5.6027,-5.4566,1.405,2.3104,-2.3261
-10.7454,-4.7141,-5.1143,1.3458,2.5309,-2.1478
-11.4541,-7.2403,-2.5881,1.1802,2.187,-1.9107
-11.2482,-7.6473,-2.6264,0.5266,0.7906,-1.6071
-10.5539,-8.7726,-2.6575,0.019,-0.651,-1.028
-9.3496,-8.7247,-2.7581,0.0868,-0.5648,-0.6169
-6.4502,-7.53,-4.0892,0.3446,-0.2142,-0.2333
-6.4502,-7.53,-4.0892,0.5895,0.1522,0.0879
-5.0879,-7.1445,-3.3279,0.642,0.4864,0.3286
-3.5506,-7.0847,-2.0973,0.4899,0.5645,0.4996
-2.557,-7.5611,-1.6448,0.1167,-0.0878,0.6585
-2.4995,-7.8963,-1.9512,-0.0335,-0.6259,0.6554
-2.8419,-8.3632,-2.6192,-0.0561,-0.8135,0.6017
-2.9472,-8.7487,-3.2345,0,-0.6827,0.5809
-2.5402,-9.1916,-3.8786,0.0416,-0.5765,0.645
-2.3606,-9.364,-4.0342,0.0293,-0.6589,0.7495
-2.2553,-9.6968,-3.8043,-0.1007,-0.9766,0.8784
-2.2361,-9.8715,-3.6774,-0.2381,-1.2209,0.9505
-2.2218,-9.9266,-3.7684,-0.3438,-1.3608,1.0225
-2.2218,-9.9266,-3.7684,-0.3872,-1.3474,1.1673
-2.1883,-9.996,-3.5673,-0.3872,-1.3474,1.1673
-2.4133,-10.3576,-3.1004,-0.3646,-1.1378,1.2113
-2.4468,-11.2769,-2.3247,-0.2974,-0.9338,1.2449
-2.5163,-11.3583,-2.363,-0.2015,-0.8458,1.3011
-3.0933,-11.6193,-2.5737,-0.0909,-0.9918,1.3182
-4.0366,-11.6433,-2.0638,0.0135,-1.172,1.2754
-6.0073,-11.3512,-1.7764,0.1057,-1.172,1.2009
-6.0935,-11.3296,-1.8219,0.3128,-1.0401,1.0897
-7.0344,-11.2362,-2.2625,0.4704,-0.8849,1.0415
-7.4223,-11.3272,-2.7772,0.6127,-0.7267,1.0091
-7.3552,-11.2817,-3.2249,0.7288,-0.6418,1.0024
-6.7064,-11.0232,-2.8754,0.7942,-0.6461,0.9926
-6.4335,-10.5156,-2.7437,0.8088,-0.7408,0.9279
-6.704,-9.9601,-3.1196,0.818,-0.8208,0.835
-7.9298,-9.1485,-4.6782,0.7819,-0.8135,0.7849
-8.4159,-8.854,-5.234,0.6653,-0.6577,0.8203
-9.1078,-8.7367,-5.6051,0.4289,-0.3504,0.9517
-8.9713,-8.526,-5.21,0.0935,0.019,1.1423
-8.2602,-8.0567,-3.4572,-0.4085,0.3923,1.4208
-8.1717,-7.9945,-3.189,-0.6358,0.3807,1.5375
-7.6545,-7.8149,-2.2697,-0.7402,0.1553,1.6249
-7.4151,-7.7431,-1.6903,-0.7378,-0.2142,1.7183
-5.7439,-6.0312,-0.9576,-0.6773,-0.5526,1.8124
-5.7439,-6.0312,-0.9576,-0.4983,-0.5392,2.1435
-4.0174,-4.6974,-0.6416,-0.4983,-0.5392,2.1435
-3.201,-4.2688,-0.9313,-0.4269,-0.2887,2.2504
-3.5984,-5.2699,-2.4779,-0.3365,-0.1281,2.2748
-3.7134,-5.4016,-2.7078,-0.2296,-0.0896,2.2186
-4.6423,-6.7806,-6.1055,-0.0823,-0.1983,2.0763
-4.7357,-7.9035,-8.6864,0.1369,-0.6308,1.7782
-3.1675,-7.3792,-6.6035,0.0257,-0.7591,1.6444
-2.3008,-6.5029,-5.0688,-0.2253,-0.7133,1.5741
-1.5155,-5.8062,-3.7038,-0.3798,-0.6314,1.5161
-1.0702,-5.2914,-2.6767,-0.4452,-0.505,1.4624
-0.4572,-4.592,-2.3343,-0.5093,-0.4127,1.3793
-0.1005,-4.343,-1.9488,-0.7262,-0.2722,1.2027
