bicicleta
-4.1252,-7.3888,-4.4149,0.0098,-1.1024,1.3158
-4.1252,-7.3888,-4.4149,0.0898,-0.7243,1.7299
-2.0494,-8.6697,-4.5585,0.0898,-0.7243,1.7299
-0.8355,-10.6568,-5.325,0.0379,-0.698,1.78
-0.9097,-11.1333,-5.6147,-0.0597,-0.8965,1.7281
-2.1164,-12.5363,-5.8421,-0.2613,-1.1507,1.59
-4.3694,-13.3096,-3.6918,-0.5075,-1.2625,1.3555
-7.3121,-13.9991,-2.8323,-0.7164,-1.2026,1.1374
-7.3361,-14.0039,-2.7557,-0.6425,-1.2362,1.2315
-6.8309,-13.7861,-1.5083,-0.5368,-1.0157,1.3903
-5.8565,-13.6257,-0.6943,-0.392,-0.6913,1.5247
-4.0964,-12.7637,-0.5722,-0.1703,-0.4659,1.5931
-3.9576,-12.5459,-0.6248,0.0782,-0.3449,1.6096
-3.9432,-11.3248,-0.6631,0.1301,-0.4873,1.543
-4.6327,-10.688,-0.9409,0.1888,-0.7261,1.4343
-6.7591,-11.0926,-2.8467,0.3189,-0.9656,1.3237
-7.6737,-11.7247,-3.7756,0.4728,-1.1788,1.2705
-8.8109,-12.5866,-5.2148,0.5266,-1.2961,1.3261
-8.7918,-12.838,-5.8325,0.3843,-1.3009,1.4886
-7.7838,-11.7893,-4.6375,0.1393,-1.1091,1.5711
-7.6282,-11.1572,-3.8953,-0.1306,-0.8477,1.5644
-7.1326,-10.0798,-2.873,-0.3365,-0.6339,1.5008
-6.7806,-8.9522,-2.3151,-0.4446,-0.538,1.4868
-6.2108,-7.3337,-2.0518,-0.5203,-0.3938,1.5784
-6.1246,-7.1637,-2.0398,-0.5802,-0.1922,1.7324
-5.38,-6.728,-1.6328,-0.6639,-0.0181,1.9425
-4.8291,-6.6202,-1.0534,-0.7189,0.005,2.1459
-6.3281,-6.8357,-2.94,-0.6767,-0.2002,2.2467
-6.5915,-6.8237,-3.4739,-0.5075,-0.5978,2.2241
-6.9817,-6.5628,-5.5787,-0.232,-1.1788,2.1533
-6.9817,-6.5628,-5.5787,-0.5277,-1.1073,2.193
-0.4309,-4.9419,-4.8195,-0.5277,-1.1073,2.193
-0.1963,-4.9012,-4.6758,-0.8917,-0.8666,2.2718
1.367,-4.4292,-3.5673,-1.2705,-0.5166,2.3335
1.9584,-3.6463,-3.4284,-1.4971,-0.4372,2.3182
2.4229,-2.5641,-3.6631,-1.5539,-0.7341,2.1691
3.1004,-2.466,-3.3854,-1.6358,-0.7493,2.0751
4.2784,-3.7062,-1.3048,-1.8496,-0.4781,1.9847
4.2784,-3.7062,-1.3048,-2.1684,0.4222,1.3567
2.4396,-7.2403,3.8115,-2.1684,0.4222,1.3567
1.5562,-7.4654,4.2951,-1.8581,0.6385,0.5937
0.5722,-7.1709,3.9576,-1.4873,0.5199,0.1148
0.632,-6.7256,3.1651,-1.0909,0.2933,-0.3036
0.1101,-6.0288,1.3287,-0.7274,0.0624,-0.6627
-0.0837,-5.9211,1.142,-0.4043,-0.1018,-1.0622
-0.7685,-5.7344,0.213,-0.1062,-0.1495,-1.4526
-0.7685,-5.7344,0.213,0.4075,-0.078,-2.3463
-4.0342,-8.265,-3.8379,0.4075,-0.078,-2.3463
-4.4939,-8.6601,-4.3502,0.4747,0.038,-2.6615
-6.7184,-10.4031,-6.1126,0.4301,0.3104,-2.9706
-9.1892,-11.83,-6.3185,0.2713,0.694,-3.262
-10.9633,-13.3862,-5.2412,-0.0994,1.1992,-3.4642
-10.9753,-13.4006,-5.0161,-0.3475,1.3538,-3.4336
-10.8125,-13.4581,-2.7892,-0.5704,1.4851,-3.3493
-10.0391,-13.0008,-1.288,-0.6865,1.5053,-3.2033
-8.6146,-12.2681,-0.0263,-0.6669,1.4332,-2.9816
-7.8269,-11.8587,0.1268,-0.5588,1.432,-2.7159
-6.7304,-11.2482,0.2418,-0.2351,1.5389,-2.4159
-5.9211,-10.8364,0.1221,0.0293,1.6299,-2.3164
-5.4231,-10.506,-0.5386,0.3293,1.6378,-2.2724
-5.2986,-10.3887,-0.577,0.6243,1.526,-2.262
-5.5692,-10.1062,-1.1037,0.8766,1.3464,-2.2528
-5.9235,-9.7327,-2.3558,1.0923,1.1235,-2.2449
-6.5268,-9.0575,-3.2992,1.3171,0.9659,-2.1905
-6.5268,-9.0575,-3.2992,1.3946,1.1357,-1.9101
-6.2491,-8.4183,-3.2752,1.3946,1.1357,-1.9101
-6.0528,-8.0974,-3.2824,1.4062,1.1882,-1.6963
-5.6027,-8.6313,-3.2632,1.4014,1.1467,-1.485
-5.5404,-8.8085,-3.1699,1.2718,1.0233,-1.1905
-5.2316,-9.419,-2.7772,1.1063,0.8932,-1.0073
-4.9179,-9.8189,-2.4325,0.9353,0.6,-0.8399
-4.6686,-9.9003,-3.0502,0.8051,0.2463,-0.7043
-4.6686,-9.9003,-3.0502,0.741,-0.0267,-0.6035
-5.0807,-9.8141,-3.6128,0.708,-0.0743,-0.5442
-5.3178,-9.4909,-3.9217,0.6341,0.3184,-0.4282
-5.4566,-8.9761,-3.9743,0.5321,0.6879,-0.2877
-5.6242,-8.6697,-3.8139,0.3714,0.9256,-0.1136
-5.6338,-8.3273,-3.6583,0.1417,0.8547,0.0965
-5.2603,-8.3584,-2.8203,-0.1514,0.468,0.353
-5.72,-9.4047,-2.1954,-0.5784,-0.2625,0.733
-5.8565,-9.9098,-2.3965,-0.728,-0.6583,0.9217
-5.7128,-10.585,-2.8874,-0.728,-0.8141,1.0989
-4.8817,-11.2195,-2.4779,-0.6046,-0.662,1.2925
-4.8817,-11.2195,-2.4779,-0.298,-0.4457,1.6798
-2.3463,-12.3974,-0.7996,-0.298,-0.4457,1.6798
-1.5658,-12.4262,-0.5961,-0.1001,-0.7457,1.7146
-1.1276,-12.1772,-0.6057,0.0275,-0.9546,1.5925
-0.6033,-11.3919,-1.3455,0.1442,-1.1244,1.4056
-0.6799,-11.1955,-1.482,0.2047,-1.3077,1.1899
-1.6831,-10.2426,-2.2936,0.2065,-1.4879,0.9199
-2.6336,-9.3759,-2.7653,0.1992,-1.5661,0.6035
-3.9791,-8.0831,-2.5881,0.2566,-1.2392,0.2602
-4.0174,-8.0424,-2.5665,0.3604,-0.9075,0.1887
-4.5202,-7.7838,-2.4301,0.4912,-0.7194,0.1948
-5.4686,-7.6904,-2.4349,0.5956,-0.7066,0.1905
-7.2667,-8.0448,-3.2585,0.6311,-0.8281,0.1795
-8.4853,-8.5356,-4.094,0.6158,-1.1226,0.2736
-9.261,-9.1557,-4.8099,0.5474,-1.2618,0.4416
-9.2203,-9.5962,-4.6758,0.4276,-1.2667,0.6572
-9.261,-9.9051,-4.6806,0.2731,-1.1287,0.8442
-9.1581,-9.9362,-4.4963,0.1295,-0.9399,0.9718
-8.593,-9.9075,-4.2497,-0.0213,-0.7072,1.0934
-7.858,-9.9936,-3.7804,-0.2858,-0.3468,1.3267
-6.7016,-9.6776,-2.8107,-0.4556,-0.1287,1.4446
-6.5508,-9.5962,-2.6647,-0.6028,0.0349,1.5326
-5.981,-9.1653,-1.81,-0.7268,0.1467,1.6236
-5.6003,-8.6361,-1.3407,-0.8032,0.1504,1.7177
-4.1108,-7.123,-1.2545,-0.7934,-0.0719,1.8613
-3.9408,-6.9793,-1.2928,-0.769,-0.2167,2.003
-3.7948,-6.7854,-1.6496,-0.7512,-0.3358,2.1374
-4.4316,-7.2212,-2.5043,-0.7256,-0.5001,2.2088
-6.9913,-8.9187,-4.8314,-0.681,-0.7567,2.1936
-7.0655,-9.0312,-4.9874,-0.6181,-1.1036,2.1374
-6.8788,-9.8117,-5.6841,-0.5222,-1.6192,2.0995
-4.0078,-9.4717,-5.1478,-0.5704,-1.8031,2.116
-0.2896,-8.4853,-2.3391,-0.7971,-1.5184,2.1893
0.7948,-7.6737,-0.2657,-1.1788,-0.621,2.2577
1.2665,-6.1198,0.6703,-1.4348,-0.0059,2.2235
1.5179,-4.786,-0.5985,-1.323,-0.3822,2.0806
0.2537,-3.948,-2.7054,-0.8923,-1.6809,1.6914
-1.1085,-4.0797,-2.6503,-0.8087,-1.6094,1.3371
-2.4708,-5.3561,-2.2361,-0.8936,-0.7341,1.0635
-2.0614,-7.2978,-0.8044,-0.9834,0.0123,0.9089
1.1324,-7.1565,2.4995,-1.0652,0.239,0.8686
1.6903,-6.6753,2.7796,-1.0982,0.2182,0.7715
2.3343,-5.2292,3.0238,-0.9217,0.2628,0.5351
2.8107,-3.881,2.3918,-0.5973,0.3428,0.171
0.8954,-3.1579,0.6655,-0.2619,0.4155,-0.1966
0.5434,-3.2824,0.4812,-0.0096,0.4967,-0.7024
-0.8427,-4.2209,-0.3543,0.1998,0.5199,-1.2553
-2.4588,-5.3345,-2.0207,0.3494,0.5028,-1.959
-6.0217,-7.7096,-5.1382,0.3409,0.4961,-2.3243
-6.0217,-7.7096,-5.1382,0.2108,0.7044,-2.5845
-7.6401,-8.6266,-4.173,-0.0255,1.143,-2.7287
-7.5635,-9.3831,-2.8586,-0.2265,1.4161,-2.703
-7.1086,-9.7183,-1.9369,-0.3933,1.41,-2.5668
-6.8213,-9.2874,-1.482,-0.4311,1.3379,-2.5973
-5.7966,-8.6002,-1.2042,-0.4501,1.3721,-2.6364
-5.3896,-8.3967,-1.0295,-0.4244,1.4686,-2.6102
-5.2603,-8.7319,-0.6847,-0.3322,1.523,-2.6047
-5.3848,-8.9043,-0.6799,-0.1813,1.4894,-2.6065
-5.9403,-9.2874,-1.0103,0.1381,1.2389,-2.6187
-6.5149,-9.68,-1.1971,0.3653,1.0184,-2.6169
-7.3002,-10.3049,-1.4867,0.5504,0.906,-2.5912
-7.3241,-10.3839,-1.537,0.6964,0.9097,-2.5234
-7.3002,-10.6544,-1.9321,0.8149,0.9427,-2.3988
-7.4893,-10.7813,-2.454,0.9371,0.8504,-2.2547
-7.4342,-10.9848,-2.6623,1.0953,0.6256,-2.0573
-7.4319,-10.9705,-2.5378,1.1393,0.5267,-1.9187
-7.6952,-10.925,-4.2951,1.1381,0.4729,-1.7867
-7.1709,-10.6928,-4.4268,1.1265,0.4082,-1.6022
-6.0696,-10.1756,-3.9911,1.0446,0.5755,-1.3487
-5.9618,-10.1517,-3.9743,0.9835,0.7594,-0.9792
-5.1334,-10.1756,-3.7636,0.9554,0.8987,-0.7269
-4.4077,-10.4342,-3.6343,0.9261,1.0233,-0.4795
-3.5266,-10.8077,-2.952,0.8931,1.0923,-0.2889
-3.3949,-10.925,-3.0789,0.8485,1.0374,-0.1521
-2.8491,-10.7358,-3.2992,0.8051,0.8174,-0.0714
-2.806,-10.1541,-3.7924,0.6347,0.5145,-0.0274
-3.529,-9.7135,-4.0533,0.4405,0.4564,-0.0983
-4.2305,-9.5914,-3.9935,0.2377,0.6012,-0.1954
-5.8277,-9.5675,-3.6296,0.0489,0.7447,-0.284
-7.1422,-9.2658,-1.8363,-0.1697,0.6598,-0.3176
-7.0129,-8.7223,0.9648,-0.4849,0.0056,-0.1435
-6.8979,-8.6744,1.051,-0.549,-0.6064,0.0849
-5.878,-8.7702,-1.9608,-0.4232,-1.0383,0.3237
-5.7511,-8.6481,-4.9826,-0.1776,-1.183,0.5406
-5.2436,-8.3057,-5.4399,-0.0634,-0.8501,0.6688
-5.2436,-8.3057,-5.4399,-0.2326,-0.5832,0.9987
-5.8804,-8.186,-2.9927,-0.2326,-0.5832,0.9987
-7.1924,-9.4717,-3.0119,-0.3279,-1.2869,1.0684
-11.2698,-12.3687,-3.371,-0.4556,-2.0218,1.094
-11.3607,-12.4597,-3.4404,-0.5594,-2.2991,1.1527
-9.9194,-13.087,-3.6727,-0.5417,-2.2466,1.3958
-6.5436,-13.3479,-4.2904,-0.4544,-1.9766,1.7941
-3.9719,-12.8906,-2.8131,-0.3151,-1.2484,2.2217
-2.9089,-12.5339,-2.2457,-0.2589,-0.706,2.2522
-1.3575,-12.4357,-2.9496,-0.1514,-0.5593,2.2406
-0.5913,-11.9473,-2.9951,-0.0909,-0.7383,2.182
-1.6974,-10.7047,-0.6536,-0.1856,-0.9466,1.9724
-2.363,-10.4916,-0.972,-0.2436,-1.3388,1.5894
-3.7995,-10.4342,-2.6072,-0.0494,-1.6803,1.3854
-4.8267,-10.1565,-2.7653,0.1362,-1.7402,1.2168
-5.9235,-10.0679,-3.2273,0.2016,-1.5422,1.1227
-6.1869,-10.1038,-3.5051,0.248,-1.359,1.0958
-7.2523,-10.166,-4.4987,0.2945,-1.1885,1.0787
-7.8508,-10.0798,-5.2483,0.2566,-0.7841,1.2113
-8.0232,-9.9529,-5.6027,0.1344,-0.4182,1.4172
-7.9514,-9.9889,-5.4375,-0.0555,-0.0065,1.6578
-7.6282,-10.1541,-4.8243,-0.268,0.4051,1.8887
-7.2595,-10.1086,-4.2257,-0.4428,0.6696,2.0555
-5.8038,-9.3831,-2.9185,-0.6303,0.7032,2.2015
-5.6194,-9.3041,-2.7413,-0.7396,0.6782,2.2742
-4.1012,-8.5787,-1.367,-0.8972,0.9463,2.3664
-2.8634,-7.9083,-0.4141,-1.0365,1.2151,2.4483
-2.0973,-7.0608,0.4548,-1.1263,1.0826,2.4825
-1.9728,-6.3473,1.0223,-1.2412,0.2927,2.4575
-2.5881,-5.9929,1.616,-1.2473,-1.5966,2.2449
-3.0669,-5.902,0.7398,-0.9974,-2.3015,1.893
-2.2361,-5.9427,-3.0669,-0.5228,-2.0902,1.5161
-1.7549,-5.72,-3.2034,-0.0329,-1.307,1.3658
0.0574,-5.2986,-3.1675,0.1424,-0.4152,1.4385
0.1556,-5.1262,-3.0095,-0.0213,-0.3119,1.5326
-1.4676,-5.2651,-1.7693,-0.4666,-1.078,1.1856
-1.8291,-5.4231,-1.5011,-0.6553,-1.0951,0.8411
-3.1052,-5.9738,-0.5865,-0.7341,-0.571,0.5369
-3.1316,-5.787,-0.043,-0.7042,0.1369,0.27
-1.3934,-3.9552,1.3742,-0.6474,0.5151,0.1185
-1.3934,-3.9552,1.3742,-0.6437,0.3996,-0.0916
-0.3423,-2.9472,1.5801,-0.5637,0.2426,-0.3072
-0.8451,-2.3894,1.5466,-0.3749,0.1895,-0.6108
-2.7341,-2.6479,-0.134,-0.1263,0.154,-1.0256
-2.7341,-2.6479,-0.134,0.1271,0.1351,-1.3524
-2.4732,-3.2632,-2.2601,0.3348,0.2762,-1.5406
-3.1124,-4.3191,-4.118,0.4521,0.5994,-1.5607
-5.0329,-5.6506,-3.7397,0.347,0.8736,-1.6939
-5.6099,-6.4933,-3.292,0.1808,1.0166,-1.8515
-5.8924,-7.7742,-3.0837,0.0691,0.892,-1.9242
-5.7607,-8.8061,-3.5889,-0.0048,0.5981,-1.973
-4.8314,-9.024,-1.956,-0.2051,0.5572,-2.1025
-4.8314,-9.024,-1.956,-0.2265,1.4845,-2.1948
-3.3566,-8.2435,-1.1803,-0.2265,1.4845,-2.1948
-2.8586,-7.9394,-1.4317,-0.0707,1.6977,-2.3005
-3.3806,-8.5883,-1.5514,0.077,1.702,-2.4703
-3.6104,-8.7367,-1.5658,0.1753,1.5731,-2.6835
-4.7046,-9.7231,-1.6927,0.2658,1.2469,-2.97
-5.981,-10.8987,-1.5179,0.3275,1.0337,-3.0579
-7.9083,-12.8763,-1.7334,0.4038,0.862,-2.9981
-7.9921,-12.9337,-1.7836,0.5022,0.6879,-2.8008
-8.3584,-13.0439,-1.9057,0.5962,0.5908,-2.5375
-8.2459,-12.6249,-1.4101,0.6555,0.6598,-2.2895
-7.1924,-11.162,-1.0079,0.7404,0.9622,-1.9773
-7.0655,-11.1022,-1.0055,0.8632,1.0593,-1.791
-6.206,-10.5371,-0.9792,1.0397,1.027,-1.6187
-5.459,-9.9769,-1.5179,1.179,1.0221,-1.4825
-4.6423,-9.668,-2.1045,1.314,0.9647,-1.3921
-4.6662,-9.5052,-2.1499,1.4276,0.9445,-1.2962
-4.8362,-9.4334,-2.3774,1.4685,0.9976,-1.2571
-5.0329,-9.6609,-2.7557,1.4893,0.9726,-1.1759
-5.5309,-10.1469,-3.134,1.4661,0.8675,-1.0757
-5.641,-10.348,-3.4883,1.369,0.6721,-0.9682
-6.1079,-10.6664,-4.1659,1.2547,0.446,-0.8466
-6.4885,-10.6377,-5.0065,1.0904,0.2286,-0.6878
-7.5037,-9.7016,-5.6386,0.9799,0.2432,-0.6017
-7.6042,-9.5483,-5.6865,0.8119,0.3801,-0.5076
-7.9945,-8.5643,-5.5668,0.584,0.5285,-0.3885
-7.8891,-7.4582,-5.0161,0.3226,0.6531,-0.2357
-7.767,-6.4119,-2.2768,-0.1178,0.4149,0.0238
-7.767,-6.4119,-2.2768,-0.4104,-0.0786,0.1942
-7.0775,-7.0416,-0.9313,-0.5961,-0.574,0.4184
-5.7918,-8.3608,-0.7158,-0.6144,-0.9014,0.7098
-3.6846,-10.9082,-2.1475,-0.4592,-1.1464,1.036
-3.6128,-11.0423,-2.2649,-0.2308,-1.3297,1.3249
-3.0358,-11.5331,-3.4189,0.0287,-1.5276,1.543
-2.9137,-11.3583,-3.8738,0.0923,-1.6235,1.5351
-2.8634,-10.7837,-4.8195,0.0752,-1.6534,1.4489
-2.7317,-10.336,-4.6351,0.0251,-1.654,1.3371
-3.0166,-9.4741,-3.9025,-0.0762,-1.5569,1.2021
-3.4859,-8.6601,-2.6431,-0.1954,-1.4915,1.0403
-4.1108,-7.7263,-1.9033,-0.3279,-1.5612,0.8423
-4.4915,-7.5324,-2.0039,-0.3621,-1.7078,0.7678
-4.9419,-7.5444,-2.0326,-0.3694,-1.7511,0.7116
-5.4279,-7.9466,-2.0949,-0.3536,-1.6467,0.7232
-6.3497,-9.2443,-2.6743,-0.2864,-1.5099,0.7971
-6.6298,-9.4813,-2.8898,-0.1398,-1.5276,0.9352
-7.0727,-10.0846,-3.0406,-0.0597,-1.6638,1.0195
-7.1709,-10.4725,-3.1771,-0.0109,-1.7719,1.0995
-7.3816,-10.5419,-3.8355,0.0306,-1.8342,1.171
-7.2044,-10.4701,-3.7636,0.0477,-1.8,1.2333
-6.4023,-10.1517,-3.0909,0.008,-1.629,1.3219
-6.218,-9.7255,-2.8802,-0.0823,-1.1928,1.4001
-6.8812,-9.601,-3.4452,-0.1056,-0.8959,1.4086
-6.8812,-9.601,-3.4452,-0.1569,-0.5734,1.4734
-6.953,-9.8428,-3.5673,-0.2546,-0.2454,1.5986
-6.9985,-10.1253,-3.3877,-0.3743,0.0001,1.7324
-7.3552,-10.6473,-3.529,-0.5325,0.1547,1.915
-7.3361,-11.0591,-3.5242,-0.604,0.1363,2.014
-7.1038,-11.3081,-3.2178,-0.67,0.0948,2.0946
-6.7998,-11.0567,-2.9664,-0.7323,0.1052,2.1313
-5.6338,-10.087,-2.6767,-0.7916,0.1577,2.1294
-5.1741,-9.3735,-2.4013,-0.8704,0.2506,2.0928
-4.4987,-8.4661,-1.6352,-1.1141,0.3715,1.8918
-4.185,-7.7814,-1.0582,-1.3126,0.1601,1.766
-5.0496,-7.123,-0.6871,-1.3975,-0.3101,1.6395
-5.4734,-7.0991,-0.8188,-1.3322,-0.9216,1.5112
-6.558,-6.9027,-2.9472,-1.0518,-1.6088,1.4013
-4.4173,-6.0719,-5.1645,-0.6541,-2.2044,1.4318
-0.2322,-3.4979,-3.4979,-0.3163,-2.3309,1.6358
-0.1005,-3.3877,-3.2513,-0.4574,-1.7163,1.6163
0.9816,-2.7054,-1.6017,-0.8374,-0.9784,1.6059
1.4844,-2.2505,-1.1755,-1.1636,-0.5416,1.6291
1.4628,-2.0829,-3.6703,-1.2143,-0.5887,1.5821
1.4556,-2.1164,-3.8163,-0.9492,-0.6345,1.3139
1.5322,-3.2465,-3.8283,-0.8655,-0.2124,1.047
1.3192,-5.8469,-2.8107,-1.0273,0.3605,0.8319
0.2825,-7.633,-0.541,-1.2912,0.7191,0.5057
-0.0167,-7.6521,0.5578,-1.4867,0.7625,0.0708
-0.462,-6.7088,2.2146,-1.5014,0.6983,-0.3231
-1.2832,-5.9044,2.9185,-1.2228,0.7087,-0.9828
-1.8243,-5.4375,2.5402,-0.8966,0.7234,-1.4605
-2.1308,-5.3848,2.0039,-0.5167,0.6983,-1.8258
-2.9999,-5.6506,0.8523,-0.1428,0.5505,-2.1313
-4.6399,-6.5292,-1.3215,0.1442,0.3367,-2.3842
-7.3145,-8.7678,-4.7261,0.3427,0.1351,-2.6303
-7.6713,-9.0791,-4.8099,0.2541,0.3116,-2.6774
-9.3592,-10.2091,-4.9802,0.0666,0.6586,-2.7043
-10.1253,-10.7047,-4.7453,-0.0884,0.9158,-2.725
-7.7814,-9.6154,-3.881,-0.2192,1.1302,-2.6823
-7.5563,-9.5387,-3.6511,-0.3401,1.3519,-2.5509
-5.9905,-9.0982,-2.4708,-0.4941,1.7582,-2.2467
-5.3704,-8.8923,-1.7453,-0.4751,1.8608,-2.1551
-5.8253,-8.9594,-0.3782,-0.4012,1.8168,-2.1581
-5.8493,-8.9402,-0.2992,-0.309,1.6824,-2.2204
-6.0528,-8.8133,-0.067,-0.1758,1.4546,-2.2852
-6.0887,-8.7367,-0.0957,-0.0011,1.1907,-2.2785
-5.8493,-8.787,-0.3208,0.3226,0.7863,-2.1697
-5.9977,-8.8779,-0.8236,0.5413,0.5859,-2.1135
-6.115,-8.9809,-1.1707,0.7331,0.5102,-2.1087
-6.2611,-9.1174,-1.6903,0.8772,0.5792,-2.1019
-6.2611,-9.1174,-1.6903,1.0813,0.6934,-1.9352
-6.1055,-9.3281,-2.7892,1.0813,0.6934,-1.9352
-5.6625,-9.1533,-2.1667,1.0776,0.6995,-1.8387
-5.7559,-8.9067,-3.4452,1.0642,0.6867,-1.7635
-5.1717,-8.9929,-3.0861,1.0733,0.5823,-1.6756
-5.0616,-8.9713,-2.7222,0.9658,0.7331,-1.5222
-4.8745,-9.3496,-1.6974,0.8296,0.917,-1.3762
-5.313,-10.6616,-1.4676,0.7453,0.9616,-1.1899
-6.5508,-13.2258,-0.0766,0.6952,0.8981,-1.0659
-6.5508,-13.2258,-0.0766,0.6353,0.8193,-0.9413
-6.376,-13.743,0.6129,0.628,0.6397,-0.7709
-6.376,-13.743,0.6129,0.9933,0.3917,-0.1563
-2.8347,-9.8644,-1.0199,0.9933,0.3917,-0.1563
-2.7557,-9.7063,-1.2234,1.2499,0.3904,0.036
-2.7341,-8.5499,-3.2561,1.4404,0.3495,0.0928
-3.1938,-8.0783,-5.6554,1.4838,0.2994,0.0543
-4.6662,-8.1429,-7.3002,1.3818,0.322,-0.0439
-4.6662,-8.1429,-7.3002,0.6726,0.5792,-0.0024
-6.0097,-8.7606,-5.7775,0.6726,0.5792,-0.0024
-5.7535,-9.3472,-4.0485,0.3989,0.286,0.2877
-4.5777,-10.0774,-2.8083,0.2621,-0.2032,0.631
-3.9839,-10.3312,-3.3734,0.2804,-0.6693,0.9224
-3.1268,-10.2043,-4.3263,0.3391,-0.9234,1.0916
-2.4995,-9.941,-4.695,0.311,-0.9863,1.1685
-3.1986,-9.1269,-4.5346,0.1191,-0.9418,1.1972
-3.4404,-8.9546,-3.9791,-0.0585,-0.8208,1.1661
-3.8379,-8.7223,-2.2744,-0.2729,-0.6669,1.1514
-4.4149,-8.8564,-1.8076,-0.3676,-0.8605,1.2052
-5.981,-8.7487,-2.5378,-0.3578,-1.0285,1.207
-6.0049,-8.7151,-2.533,-0.2931,-1.0389,1.1569
-6.1869,-8.4997,-2.4037,-0.2906,-1.0994,1.1917
-6.4,-8.4015,-2.5474,-0.2961,-1.2105,1.2455
-5.9163,-7.9682,-2.0733,-0.29,-1.2136,1.2846
-5.8996,-7.9346,-1.9871,-0.2827,-1.0798,1.328
-5.5069,-7.7742,-2.0207,-0.2589,-0.9393,1.3781
-5.7511,-8.0496,-2.6886,-0.1734,-0.8336,1.4544
-5.6769,-8.7008,-2.7629,-0.1349,-0.7744,1.5222
-5.6769,-9.1437,-3.098,-0.1508,-0.709,1.6047
-5.732,-9.9913,-3.2776,-0.1813,-0.6913,1.6823
-5.459,-10.767,-2.7868,-0.2393,-0.6443,1.7403
-6.1893,-11.514,-3.1148,-0.3132,-0.5209,1.7366
-6.5316,-11.8276,-3.6679,-0.3102,-0.4433,1.6756
-6.7734,-11.9569,-4.1108,-0.3328,-0.3284,1.6621
-6.8381,-11.7773,-4.3837,-0.4104,-0.1708,1.7226
-6.8836,-11.8539,-4.9132,-0.5374,-0.0328,1.7996
-6.8979,-11.8587,-4.8745,-0.7109,0.0826,1.8509
-7.0679,-11.8085,-3.7397,-1.0793,0.1974,1.8387
-7.2044,-11.6073,-2.8706,-1.3358,0.1211,1.7794
-7.0655,-10.1038,-1.0989,-1.4965,-0.1177,1.7299
-6.9793,-9.9577,-0.9911,-1.5881,-0.3706,1.6939
-6.1557,-8.672,-0.3878,-1.5973,-0.5575,1.6865
-5.878,-7.7383,-0.7398,-1.5246,-0.676,1.7427
-5.7392,-6.7639,-2.3175,-1.3261,-0.8446,1.8112
-5.7248,-6.7256,-2.3199,-1.2277,-0.9723,1.813
-4.2114,-6.3042,-2.5498,-1.1581,-1.1049,1.8277
-1.9057,-5.8301,-2.1356,-1.0542,-1.2264,1.9016
0.9002,-4.7955,-1.4604,-0.9528,-1.3962,1.9492
2.2505,-3.6727,-0.7996,-0.8569,-1.684,1.8252
2.9448,-2.5378,-0.3375,-0.8594,-1.6223,1.645
2.9113,-1.7525,-0.4453,-0.86,-1.3083,1.4074
2.9113,-1.7525,-0.4453,-0.6981,-0.5294,0.9382
2.4516,-1.4197,-2.4253,-0.6981,-0.5294,0.9382
1.9823,-1.8794,-3.2704,-0.6419,-0.2545,0.7073
1.6831,-3.5817,-2.8778,-0.7604,0.1125,0.3078
-0.3663,-6.0456,-0.3998,-0.9748,0.3489,0.0036
-0.5793,-6.2611,-0.2059,-1.1581,0.487,-0.3646
-1.1492,-6.9698,0.9002,-1.2063,0.4735,-0.6572
-1.5969,-7.1709,1.877,-1.1746,0.5328,-0.9059
-2.0494,-6.3185,1.391,-0.9131,0.8492,-1.328
-2.0757,-6.2755,1.3551,-0.5674,0.9622,-1.6206
-2.5187,-6.2611,0.5889,-0.2051,0.9958,-1.8924
-3.6296,-7.0416,-0.565,0.0923,0.8657,-2.1655
-7.0344,-10.1948,-2.794,0.2682,0.5945,-2.4825
-7.2978,-10.4102,-2.9257,0.3189,0.3116,-2.8081
-9.862,-12.2634,-3.5913,0.2419,0.1015,-3.2467
-11.1979,-13.2019,-4.5058,0.1369,0.1889,-3.4043
-10.5276,-13.1253,-5.0568,0.0385,0.4589,-3.3609
-9.1772,-12.4501,-4.6112,-0.0494,0.9372,-3.1606
-8.0017,-11.2769,-3.7876,-0.1043,1.4558,-2.9327
-7.2044,-10.1588,-2.6312,-0.1123,1.8095,-2.7666
-5.9977,-8.7965,-1.482,-0.0616,1.9231,-2.5234
-5.6051,-8.5883,-1.0773,0.0031,1.7771,-2.3738
-5.5021,-8.8684,-0.3687,0.0501,1.5853,-2.2754
-6.0025,-9.613,0.1939,0.0917,1.4283,-2.2534
-7.5037,-11.1548,0.4213,0.1839,1.2982,-2.2779
-7.7359,-11.3679,0.4788,0.4844,1.1937,-2.2669
-7.9562,-11.7773,0.2346,0.7661,1.2121,-2.1563
-7.5827,-11.8013,-0.3734,1.0874,1.1632,-1.9535
-5.641,-10.1062,-2.0087,1.3678,1.1314,-1.6939
-5.641,-10.1062,-2.0087,1.5748,1.1241,-1.4373
-5.0448,-9.0934,-2.9735,1.7166,1.1253,-1.2626
-4.7405,-8.2866,-3.6296,1.7807,1.1241,-1.1178
-4.6327,-7.8508,-4.4029,1.7153,1.0667,-1.0574
-4.6232,-7.8604,-4.3981,1.5718,0.9567,-0.9798
-4.4843,-8.119,-4.1347,1.3604,0.8388,-0.8686
-4.2664,-8.7199,-3.7062,1.1277,0.7166,-0.7354
-4.1467,-10.0463,-2.7772,0.8192,0.5273,-0.5308
-4.0653,-10.7813,-2.454,0.6396,0.4509,-0.4062
-3.936,-11.1979,-1.8698,0.5138,0.4045,-0.2864
-3.8331,-10.7358,-1.9081,0.4429,0.3874,-0.1881
-3.7828,-9.285,-2.8586,0.4435,0.3544,-0.1056
-3.9935,-8.7558,-3.5146,0.4539,0.2683,-0.0207
-5.3058,-8.107,-4.6184,0.3177,0.0288,0.0733
-6.7974,-7.7862,-4.4723,0.0691,-0.0951,0.1081
-6.874,-7.8173,-1.3359,-0.2479,-0.1513,0.2357
-6.388,-8.0496,-0.7086,-0.5087,-0.1317,0.5155
-4.7716,-9.1102,0.9409,-0.6071,-0.0939,0.8717
-3.7349,-10.4462,0.869,-0.5228,-0.0578,1.1942
-3.7349,-10.4462,0.869,0.0501,-0.6406,1.5632
-2.2697,-13.0415,-2.0039,0.1607,-0.7939,1.4611
-2.1859,-13.4844,-3.2225,0.1607,-0.7939,1.4611
-2.873,-13.0223,-4.2616,0.2242,-0.8758,1.2302
-4.5753,-10.1972,-3.8307,0.2596,-0.9381,0.9584
-4.7884,-9.771,-3.541,0.2267,-1.1122,0.6652
-5.6625,-8.2602,-3.8163,0.2022,-1.3168,0.5516
-6.3784,-7.2092,-3.8187,0.2603,-1.5795,0.4886
-6.9458,-6.4478,-3.1603,0.3354,-1.5532,0.4728
-7.0224,-6.4191,-3.1507,0.4203,-1.4188,0.5455
-7.5252,-6.5819,-3.2489,0.4991,-1.3559,0.6688
-7.6282,-6.9315,-3.3207,0.482,-1.1378,0.8374
-7.9849,-7.4366,-2.8945,0.3629,-0.8495,0.948
-8.1262,-7.6593,-2.715,0.2267,-0.552,1.0525
-8.5236,-8.2243,-2.6264,0.1356,-0.3736,1.1924
-8.6361,-9.091,-3.0142,0.1094,-0.3853,1.3787
-8.8372,-10.7694,-4.0438,0.1161,-0.5141,1.7238
-8.7415,-10.9944,-4.1611,0.0605,-0.5099,1.962
-8.4374,-11.9976,-4.5513,-0.0475,-0.4011,2.204
-7.9346,-12.7087,-4.6639,-0.1984,-0.1831,2.3823
-5.7487,-12.972,-3.3087,-0.3847,0.0893,2.5173
-5.574,-12.9625,-3.2561,-0.59,0.3807,2.6206
-4.5777,-12.8308,-2.6168,-0.8484,0.6635,2.6352
-3.869,-12.2418,-1.8746,-1.0011,0.669,2.587
-2.4971,-10.2977,-0.7852,-1.1251,0.4479,2.5088
-2.4181,-10.1493,-0.8595,-1.1666,0.0557,2.3939
-2.521,-8.7774,-1.4221,-1.1245,-0.3736,2.2412
-2.521,-8.7774,-1.4221,-0.9858,-0.6272,1.846
-3.0909,-6.6992,-2.0398,-0.9858,-0.6272,1.846
-3.7277,-6.4837,-2.5905,-0.9253,-0.6284,1.7537
-5.3082,-6.5675,-3.5769,-0.8441,-0.7475,1.6328
-6.5029,-6.6011,-4.6184,-0.7635,-1.0468,1.5143
-5.7822,-6.0696,-4.6423,-0.7231,-1.5642,1.4923
-4.3622,-5.3561,-3.7469,-0.8685,-2.4164,1.5589
-2.2888,-4.6902,-1.8028,-1.0823,-2.4475,1.5186
-0.6871,-4.5561,0.0957,-1.3548,-1.7511,1.4477
0.7422,-3.7804,-0.7876,-1.4776,-0.9527,1.419
0.8355,-3.6056,-1.1468,-1.3389,-0.6192,1.328
0.9888,-3.0358,-2.5258,-1.1007,-0.6052,1.1808
1.2808,-3.0693,-3.4021,-1.031,-0.3602,0.9517
0.4572,-4.7979,-2.0733,-1.2014,-0.0829,0.7422
0.4572,-4.7979,-2.0733,-1.5313,0.4185,0.1637
0.2825,-5.1598,-1.7621,-1.5441,0.5914,-0.0946
-0.6153,-6.218,1.7621,-1.5441,0.5914,-0.0946
-0.4237,-5.8684,1.7214,-1.3041,0.6476,-0.4844
-0.4189,-5.8349,1.6807,-1.0445,0.6843,-0.7935
-0.2801,-5.4207,1.458,-0.7861,0.7661,-1.1368
-0.2801,-5.4207,1.458,-0.3334,0.7331,-1.9083
-1.5322,-5.8469,0.6655,-0.3334,0.7331,-1.9083
-2.5187,-6.4311,0.1436,-0.1312,0.5871,-2.3396
-4.4292,-7.4797,-1.7908,0.1686,0.4075,-2.8918
-5.3848,-8.4231,-3.2848,0.3091,0.4063,-3.1587
-8.0496,-9.5268,-5.7846,0.3378,0.6464,-3.3243
-8.9785,-10.0248,-6.6154,0.2969,0.997,-3.3964
-10.1684,-10.7119,-6.6178,0.1766,1.3544,-3.3377
-10.5587,-11.186,-4.8817,-0.0335,1.6684,-3.2125
-9.9577,-11.9569,-2.9328,-0.2955,1.6812,-2.9602
-9.7063,-12.1652,-2.5354,-0.3621,1.3495,-2.7714
-9.1078,-12.8188,-1.2928,-0.3945,1.0703,-2.6108
-9.0168,-13.1875,0.2154,-0.3914,1.0642,-2.5479
-8.8372,-12.8763,1.6328,-0.3267,1.33,-2.5326
-8.7942,-12.7087,1.6807,-0.0255,1.7179,-2.3939
-8.1477,-11.5092,1.6232,0.2945,1.8138,-2.2314
-6.874,-9.9625,1.2186,0.6555,1.7282,-2.0396
-4.9299,-7.9179,-0.3327,1.0122,1.4882,-1.8332
-4.9299,-7.9179,-0.3327,1.5431,0.826,-1.5436
-4.4699,-7.4726,-1.391,1.5431,0.826,-1.5436
-4.6734,-7.6737,-2.3104,1.6891,0.5016,-1.4624
-5.0736,-8.2674,-3.4883,1.6927,0.3526,-1.4019
-5.1238,-8.5763,-3.9288,1.6555,0.2157,-1.2919
-5.3106,-9.1222,-4.4053,1.5926,0.1351,-1.1496
-5.3824,-9.6465,-5.2747,1.529,0.0997,-1.0152
-5.3417,-10.439,-5.9091,1.424,0.1589,-0.7922
-5.2603,-10.7335,-5.9044,1.303,0.3379,-0.6291
-4.8602,-11.0447,-5.4686,1.1381,0.5261,-0.4752
-4.5513,-10.9274,-4.8171,0.9469,0.6934,-0.3512
-4.3382,-9.5938,-3.1986,0.7227,0.8242,-0.2693
-4.355,-9.2514,-2.9783,0.4722,0.9195,-0.2119
-4.1659,-8.3967,-2.715,0.2444,0.9085,-0.102
-3.845,-7.7814,-2.1045,0.1576,0.8003,0.0171
-3.3638,-8.2171,-1.4317,0.0648,0.5865,0.1502
-3.3662,-8.4446,-1.4197,-0.0463,0.2115,0.2797
-3.6798,-9.4861,-1.4053,-0.1801,-0.2545,0.397
-3.7948,-10.1541,-1.221,-0.3023,-0.6534,0.5204
-3.2704,-10.9322,-1.6112,-0.3267,-0.8642,0.7525
-3.2249,-10.9489,-1.6855,-0.2094,-0.83,0.9248
-3.2249,-10.9489,-1.6855,0.1149,-0.7341,1.1392
-2.6575,-10.8915,-2.7724,0.1149,-0.7341,1.1392
-3.0358,-10.0703,-2.6312,0.1607,-0.7383,1.102
-3.4715,-9.5435,-2.7174,0.0923,-0.957,0.9101
-4.3957,-8.7151,-2.217,0.0043,-1.1843,0.7476
-5.1645,-8.1429,-1.8291,-0.1239,-1.3687,0.5888
-6.4909,-7.9514,-1.81,-0.2241,-1.5459,0.477
-6.9698,-8.0639,-1.8986,-0.2644,-1.6094,0.3958
-7.7814,-8.3345,-1.865,-0.2265,-1.4842,0.3671
-8.119,-8.9378,-1.707,-0.0377,-1.1568,0.518
-8.119,-10.0966,-2.4013,0.1375,-1.0218,0.7073
-8.0208,-10.1972,-2.5115,0.2957,-1.0297,0.9364
-7.3504,-10.6209,-2.6408,0.3763,-1.1427,1.1838
-6.3138,-10.8125,-2.4301,0.3543,-1.307,1.4318
-5.5404,-10.9944,-2.2026,0.3024,-1.5209,1.6578
-5.5021,-11.0303,-2.1835,0.3177,-1.5911,1.6633
-5.7128,-11.2267,-2.3702,0.3562,-1.6406,1.6004
-6.3904,-11.2267,-3.1507,0.4001,-1.7072,1.5173
-8.2435,-10.8675,-5.2938,0.4252,-1.7469,1.43
-8.3704,-10.8244,-5.4495,0.3904,-1.6876,1.3671
-9.4286,-10.0367,-6.3401,0.1943,-1.4054,1.3634
-9.5004,-9.5004,-6.3449,-0.0518,-1.081,1.4642
-9.0839,-8.6888,-5.4542,-0.3358,-0.7487,1.62
-8.8085,-8.186,-5.0736,-0.5692,-0.5251,1.7599
-8.028,-7.463,-4.4843,-0.7152,-0.505,1.8936
-7.4319,-6.9602,-4.1563,-0.8044,-0.6125,2.0372
-7.4319,-6.9602,-4.1563,-0.9021,-0.8019,2.2901
-5.0376,-6.2371,-3.4093,-0.9021,-0.8019,2.2901
-3.7972,-6.3209,-3.4452,-0.943,-0.7023,2.3182
-3.0621,-6.8979,-2.4971,-1.0945,-0.2331,2.3109
-2.8299,-7.7072,-1.2042,-1.3768,0.5908,2.2919
-2.9113,-7.8724,-1.0582,-1.5564,1.1467,2.1386
-3.2537,-8.3273,-1.2761,-1.4488,0.9133,1.9688
-2.5498,-8.672,-1.6735,-1.2112,0.322,1.8619
0.8188,-7.3433,-2.1212,-1.0854,-0.5545,1.9132
1.1707,-6.9817,-1.8507,-1.1514,-1.6052,1.9993
2.0446,-5.1933,0.7422,-1.3572,-1.9894,1.973
1.8004,-3.7924,2.5115,-1.6138,-0.6644,1.642
0.8786,-2.636,-0.9696,-1.3554,0.0942,1.3041
0.8786,-2.636,-0.9696,-0.5118,-0.3107,0.7929
1.1492,-3.8905,-2.7868,-0.5118,-0.3107,0.7929
1.2042,-6.8261,-2.4732,-0.502,-0.3633,0.5931
-0.0119,-7.7718,-0.6464,-0.7793,0.0233,0.3029
-1.2401,-7.6952,0.2466,-0.8899,0.2921,0.0073
-2.1715,-7.4821,0.7781,-0.852,0.3349,-0.3671
-2.3798,-7.1972,1.7693,-0.7011,0.3324,-0.6701
-2.4492,-6.7639,1.8962,-0.4959,0.4784,-0.9126
-2.2433,-6.5316,1.5538,-0.2296,0.5939,-1.1472
-2.1164,-6.1821,1.1037,0.1943,0.6189,-1.4599
-2.2673,-6.0097,0.4285,0.4136,0.5658,-1.7037
-2.964,-6.309,-2.6048,0.5962,0.4473,-1.9291
-3.0837,-6.4215,-2.9807,0.7227,0.3489,-2.1361
-3.7588,-6.8333,-4.4819,0.763,0.3831,-2.3506
-4.367,-7.2259,-5.3585,0.705,0.6207,-2.5552
-5.3369,-8.8229,-6.9674,0.5486,1.1931,-2.7995
-5.8134,-9.182,-6.7543,0.4172,1.6165,-2.9712
-7.3313,-10.1588,-5.5883,0.256,1.9897,-3.2119
-9.036,-11.3272,-5.5045,0.1234,2.1235,-3.4452
-10.6688,-13.5778,-5.6745,0.08,1.8241,-3.5399
-10.6688,-13.5778,-5.6745,-0.1172,1.1174,-3.3108
-10.2953,-13.8076,-4.2928,-0.4519,0.7221,-3.0176
-9.5124,-13.2258,-2.0135,-0.8282,0.5163,-2.7348
-8.672,-12.4693,0.0574,-1.0726,0.5737,-2.4978
-8.4925,-12.1053,0.8068,-1.0756,0.76,-2.2962
-7.9418,-11.4421,1.7142,-0.8838,0.9867,-2.1306
-6.8046,-10.4007,2.2409,-0.3829,1.366,-1.8448
-4.9874,-8.8229,2.1523,0.0605,1.5658,-1.6285
-4.6255,-8.2698,1.7884,0.5468,1.6525,-1.4391
-4.5298,-7.5492,0.4836,1.0244,1.6073,-1.3396
-4.5418,-7.3816,-1.1133,1.4288,1.4821,-1.2785
-5.0975,-8.4183,-3.79,1.7911,1.2829,-1.1502
-5.1717,-8.5595,-3.9647,1.8338,1.1388,-1.0476
-5.5452,-9.3496,-4.5274,1.7068,0.9604,-0.9505
-5.55,-10.415,-4.8506,1.4789,0.6879,-0.846
-5.8301,-11.9856,-4.8602,1.2242,0.3361,-0.7269
-5.9067,-12.0622,-4.7596,0.9658,0.0465,-0.6407
-5.9977,-11.6361,-3.8331,0.6659,-0.0444,-0.5571
-5.6051,-10.4366,-3.2034,0.5675,0.0899,-0.4379
-5.4758,-7.6449,-3.8714,0.5327,0.2163,-0.2834
-5.4758,-7.6449,-3.8714,0.3641,0.3367,-0.0354
-5.4327,-6.455,-4.0509,0.3641,0.3367,-0.0354
-5.3824,-6.0049,-3.6822,0.1552,0.2573,0.0775
-5.3393,-6.3928,-2.466,-0.2314,-0.0725,0.2186
-5.4638,-7.0536,-2.0805,-0.3762,-0.2961,0.3286
-5.3633,-8.2387,-2.4061,-0.3194,-0.4665,0.4923
-5.0113,-9.7255,-3.0454,-0.1544,-0.643,0.7183
-4.015,-11.0184,-3.8594,-0.009,-0.8312,0.9584
-3.6415,-11.2745,-4.185,0.055,-1.1268,1.2168
-3.0789,-11.1261,-4.5729,-0.0084,-1.318,1.287
-2.4564,-10.6161,-4.3742,-0.1459,-1.486,1.2974
-1.8267,-9.9266,-3.2202,-0.3273,-1.5966,1.2699
-1.8555,-9.8811,-3.122,-0.4806,-1.6522,1.2015
-2.6408,-9.8404,-2.7198,-0.5698,-1.6846,1.0739
-4.1467,-9.8404,-1.391,-0.6065,-1.6223,0.7922
-5.9546,-9.8213,-0.4788,-0.5405,-1.5746,0.6676
-6.0911,-9.8021,-0.4932,-0.389,-1.6888,0.6432
-6.4478,-9.5747,-0.7924,-0.1923,-1.8635,0.6884
-6.4766,-9.1413,-1.1204,0.0141,-1.9869,0.7666
-6.7495,-8.5092,-2.5546,0.3244,-2.0016,0.8912
-6.8189,-8.4829,-2.691,0.5162,-1.9118,0.9492
-7.2858,-8.2746,-3.529,0.6463,-1.7744,0.9841
-7.3145,-8.2435,-3.8786,0.6824,-1.5844,1.0403
-6.8141,-8.2363,-4.0174,0.6298,-1.3742,1.1423
-6.5867,-8.3752,-3.9097,0.5321,-1.1464,1.2437
-6.7016,-8.6744,-4.0773,0.3403,-0.6992,1.3512
-7.1613,-9.0527,-4.3574,0.2028,-0.3718,1.4337
-7.5755,-9.8859,-4.2305,0.0489,-0.0426,1.5497
-7.5156,-10.2594,-4.2377,-0.1184,0.2548,1.722
-7.3983,-10.9034,-4.2904,-0.2644,0.4607,1.9266
-7.3265,-11.3799,-4.4627,-0.3731,0.5743,2.1068
-6.388,-11.9282,-4.027,-0.5057,0.6855,2.2931
-6.0528,-11.9808,-3.8833,-0.6113,0.8156,2.3671
-5.4662,-11.909,-3.0765,-0.7201,0.9732,2.3664
-5.4518,-11.4326,-2.4301,-0.8307,1.176,2.251
-5.7559,-9.7566,-0.5674,-0.9626,1.4234,2.0488
-5.7822,-9.2347,-0.1604,-1.2631,1.5285,1.7037
-5.2627,-7.8963,0.4884,-1.4831,0.9543,1.5344
-4.4915,-7.1805,0.8954,-1.571,0.1443,1.5277
-4.3454,-6.6059,-0.0407,-1.4831,-0.5245,1.579
-4.3454,-6.6059,-0.0407,-1.2375,-0.9949,1.5778
-5.3106,-6.5532,-1.5442,-0.8936,-1.2655,1.5338
-4.5681,-6.546,-3.5889,-0.3475,-1.3626,1.4349
-1.3766,-5.4351,-4.1156,-0.0939,-1.3987,1.4391
-0.2633,-4.2904,-3.5529,-0.0359,-1.4304,1.4153
1.0558,-2.7653,-2.466,-0.1514,-1.4726,1.3377
1.9345,-1.8243,-1.5418,-0.4073,-1.3865,1.3072
2.035,-1.5586,-1.7477,-0.6859,-0.8385,1.237
1.6519,-1.5993,-2.1164,-0.6456,-0.4408,1.0653
1.288,-1.5538,-3.2609,-0.5069,-0.0658,0.7715
1.288,-1.5538,-3.2609,-0.5289,0.5047,0.331
-0.4381,-5.4758,-1.6974,-0.5289,0.5047,0.331
-0.8259,-5.6673,-1.4867,-0.8282,0.7166,0.0494
-1.9393,-6.2659,-0.1412,-1.1501,0.41,-0.5784
-2.7892,-6.7758,0.9217,-1.2021,0.2194,-0.9431
-3.3997,-6.6537,1.7812,-1.1055,0.319,-1.3133
-3.3662,-6.6202,1.8052,-0.841,0.6,-1.6145
-3.3662,-6.6202,1.8052,-0.1288,0.9726,-2.0836
-4.6112,-7.2595,0.577,-0.1288,0.9726,-2.0836
-7.8053,-9.7231,-2.126,0.2743,0.6464,-2.5039
-7.9705,-9.838,-2.2361,0.4075,0.4338,-2.6994
-9.0192,-10.9777,-3.7636,0.4453,0.4375,-2.7776
-8.9522,-11.4757,-4.7716,0.4472,0.5994,-2.7458
-7.9203,-11.4541,-4.9969,0.3879,0.8859,-2.6847
-7.1829,-10.9585,-4.4627,0.2108,1.4821,-2.6248
-6.704,-10.4485,-3.4189,0.1045,1.7936,-2.5729
-6.1486,-9.838,-2.7413,0.0465,1.8718,-2.4776
-4.9874,-8.9929,-1.4963,0.0293,1.7362,-2.3432
-4.707,-8.8109,-1.1755,0.0312,1.5187,-2.2308
-4.707,-8.787,-0.802,0.0929,1.2762,-2.2125
-4.707,-8.787,-0.802,0.4111,1.0978,-2.455
-7.9059,-10.3097,-0.2825,0.4111,1.0978,-2.455
-8.1549,-10.4174,-0.3615,0.6127,1.1394,-2.5277
-8.8205,-10.767,-0.711,0.862,1.0887,-2.4654
-8.5116,-10.4629,-1.2473,1.121,0.9995,-2.2711
-6.7112,-9.3712,-2.4349,1.3629,0.9372,-1.9792
-6.4718,-9.2514,-2.6503,1.6542,0.7802,-1.5125
-5.8876,-8.8947,-3.857,1.752,0.6995,-1.276
-5.2627,-8.6984,-4.5729,1.7422,0.7252,-1.1099
-4.6423,-8.4614,-4.7285,1.6542,0.7985,-0.9639
-4.6279,-8.4518,-4.7405,1.529,0.8272,-0.8619
-4.7524,-8.4398,-4.3574,1.292,0.713,-0.8026
-4.8889,-8.8756,-4.0031,1.0727,0.5285,-0.7605
-4.9036,-9.7973,-3.4452,0.843,0.2719,-0.6444
-4.6303,-10.2426,-3.0526,0.6359,0.0704,-0.4813
-4.3502,-10.336,-2.4181,0.4918,0.03,-0.3103
-3.8881,-10.0056,-2.1619,0.4246,0.154,-0.1795
-3.7995,-8.7918,-2.885,0.4527,0.432,-0.0201
-3.9959,-8.2722,-3.268,0.446,0.5426,0.0519
-4.5489,-7.5947,-3.7181,0.3281,0.5328,0.0934
-5.0568,-7.293,-3.3662,0.1149,0.4051,0.1356
-6.1533,-8.0304,-2.387,-0.1404,0.198,0.1942
-6.1773,-8.2698,-2.3008,-0.3774,-0.1849,0.3469
-5.866,-9.0767,-2.0733,-0.3866,-0.373,0.5589
-4.9515,-10.0128,-2.4301,-0.287,-0.5044,0.8436
-3.8977,-12.577,-3.5577,-0.152,-0.6259,1.1239
-3.8426,-12.9265,-3.6774,-0.05,-0.7041,1.3249
-4.0414,-13.798,-3.96,0.019,-0.7341,1.4123
-4.8434,-13.4772,-4.1659,0.0428,-0.8434,1.32
-7.305,-9.6273,-1.1731,-0.0164,-0.9668,1.1704
-7.305,-9.6273,-1.1731,-0.1104,-1.0749,1.0488
-7.1206,-8.0496,-0.8475,-0.1214,-1.2918,1.0629
-6.2491,-7.3816,-0.3327,-0.0665,-1.3382,1.1319
-5.3226,-7.4582,-0.2082,0.1753,-1.1262,1.2907
-5.1957,-7.6737,-0.7374,0.4258,-1.0285,1.3402
-5.3609,-8.0232,-1.6903,0.705,-0.9753,1.3585
-5.7799,-8.5332,-2.8203,0.934,-0.8831,1.372
-6.4574,-9.2945,-3.7732,1.0507,-0.7939,1.4043
-6.9315,-9.4933,-4.0749,1.033,-0.7371,1.4581
-7.3552,-9.7614,-4.5801,0.8742,-0.7634,1.5583
-7.7144,-10.2857,-4.8937,0.7355,-0.7591,1.6401
-7.2571,-11.0806,-4.7548,0.5681,-0.665,1.7348
-6.8285,-11.1333,-4.7237,0.372,-0.5288,1.8625
-6.0384,-11.0303,-4.2975,0.1766,-0.3895,1.9749
-5.5285,-10.8939,-3.9959,0.0025,-0.2667,2.0421
-4.9969,-10.087,-4.4556,-0.1673,-0.1684,1.9956
-4.9969,-10.087,-4.4556,-0.3627,-0.1415,1.7935
-5.3106,-9.4406,-4.5992,-0.3627,-0.1415,1.7935
-5.641,-9.0216,-4.6519,-0.4947,-0.1421,1.6945
-6.2994,-8.6577,-4.7716,-0.6358,-0.2191,1.6346
-6.2994,-8.6505,-4.6734,-0.8679,-0.428,1.6328
-5.641,-8.4087,-3.5529,-1.0518,-0.4757,1.6762
-5.143,-7.87,-2.4899,-1.1917,-0.4353,1.6548
-5.5428,-7.2834,-1.2928,-1.2919,-0.2967,1.5314
-5.6577,-7.0703,-0.8427,-1.4391,-0.2338,1.3921
-6.0193,-7.1469,-0.4022,-1.5674,-0.414,1.3182
-6.5149,-7.1254,-0.2729,-1.6193,-1.0358,1.2553
-6.8094,-6.6489,-1.5945,-1.4806,-1.4292,1.229
-6.3928,-6.4335,-2.5809,-1.2228,-1.6687,1.295
-4.3526,-5.9594,-4.8482,-0.9571,-1.819,1.4251
-2.521,-5.3202,-5.3297,-0.8117,-1.9381,1.4813
-0.1364,-3.3518,-4.1395,-0.9357,-1.8092,1.2357
0.0694,-3.0957,-3.936,-1.1049,-1.6436,1.0085
0.7805,-2.0063,-3.031,-1.2955,-1.3962,0.8399
1.3215,-1.2641,-1.9153,-1.4617,-0.9839,0.7538
1.2976,-1.6831,-1.221,-1.5667,-0.4909,0.7104
1.3958,-1.9776,-1.3431,-1.5594,-0.0945,0.6407
1.7118,-4.3813,-1.3862,-1.4159,0.1253,0.5112
0.6895,-5.9451,-0.0598,-1.4244,0.22,0.3262
-1.9057,-6.795,1.5658,-1.4721,0.3171,-0.0238
-1.9847,-6.8405,1.5825,-1.3926,0.308,-0.4166
-2.6623,-7.2188,1.7357,-1.1935,0.2762,-0.7397
-2.8491,-7.1469,1.6136,-0.9809,0.3404,-1.0714
-2.5402,-6.9267,0.984,-0.615,0.4118,-1.4611
-2.8826,-7.1015,0.3016,-0.3737,0.2945,-1.703
-3.5027,-7.6449,-0.0407,-0.2057,0.1149,-2.0323
-4.7285,-8.3345,-0.7972,-0.0884,-0.0279,-2.3377
-5.7176,-9.206,-2.363,-0.0011,-0.1348,-2.5754
-5.7751,-9.3352,-2.8227,0.0129,0.0325,-2.7806
-5.55,-9.4645,-3.4811,-0.028,0.3764,-2.8393
-5.2412,-9.6417,-4.1515,-0.0634,0.7295,-2.8771
-5.9929,-10.1493,-4.0509,-0.1098,1.0441,-2.9743
-6.1246,-10.1612,-3.9695,-0.166,1.2848,-3.1398
-6.6944,-10.2283,-3.1914,-0.218,1.3959,-3.2913
-7.1302,-10.4821,-2.8227,-0.2613,1.355,-3.2986
-7.1972,-10.6449,-1.5442,-0.2528,1.1974,-3.1606
-7.1972,-10.6449,-1.5442,-0.2491,0.8859,-2.9254
-7.6785,-10.8723,-0.3758,-0.2491,0.8859,-2.9254
-8.3464,-11.1117,0.1221,-0.1825,0.7502,-2.8735
-8.8588,-11.1477,-0.043,0.0843,0.5297,-2.7201
-8.8253,-11.1477,-0.0766,0.3598,0.4436,-2.5405
-8.5284,-11.0303,-0.644,0.6756,0.3825,-2.309
-8.0759,-10.494,-1.3718,0.9518,0.3593,-2.0861
-7.4462,-9.5411,-2.5282,1.1582,0.3746,-1.8881
-6.8261,-8.9929,-3.4237,1.3091,0.4039,-1.6841
-5.617,-8.0352,-4.4388,1.4014,0.4564,-1.3267
-4.7453,-7.3313,-4.8051,1.3506,0.5487,-1.1026
-3.8163,-6.2994,-4.9251,1.212,0.6971,-0.9205
-3.5075,-5.8804,-5.0448,1.0477,0.8437,-0.7623
-3.0789,-5.483,-5.4016,0.8894,0.8724,-0.6047
-2.9065,-5.6721,-5.4351,0.7221,0.8089,-0.4355
-2.205,-8.8109,-4.9108,0.3849,0.6977,-0.1557
-2.0853,-9.4358,-4.7955,0.1033,0.6629,0.0671
-1.9752,-11.4996,-3.8953,-0.1758,0.6537,0.2693
-1.8435,-12.6153,-2.5905,-0.4214,0.7124,0.3463
-1.944,-12.0718,-1.5897,-0.582,0.7368,0.3359
-2.059,-11.933,-1.7573,-0.5955,0.7545,0.2864
-3.1435,-11.3655,-3.2058,-0.4867,0.6745,0.2174
-4.4987,-10.9226,-4.5585,-0.3682,0.4363,0.1747
-7.5037,-10.0631,-4.0007,-0.3291,0.027,0.1838
-7.5037,-10.0631,-4.0007,-0.4287,-0.4781,0.2394
-8.4997,-10.2379,-2.5857,-0.5997,-0.891,0.3488
-8.9498,-10.846,-1.3766,-0.7195,-1.2221,0.6383
-8.7008,-11.0878,-0.9026,-0.7244,-1.3028,0.8295
-8.0567,-10.9944,-1.0821,-0.6559,-1.3529,1.0018
-6.7998,-10.4414,-1.2497,-0.5515,-1.3242,1.1691
-6.0049,-9.8931,-0.5578,-0.4501,-1.268,1.2919
-4.8674,-9.1724,-0.5482,-0.2992,-1.3254,1.4031
-4.367,-8.8396,-0.9002,-0.1416,-1.4311,1.455
-3.5027,-8.6912,-1.4987,0.055,-1.475,1.5063
-3.1052,-9.0791,-1.561,0.2554,-1.4353,1.5509
-3.4548,-9.8811,-1.458,0.4368,-1.3804,1.5338
-3.62,-9.9841,-1.6041,0.6005,-1.4091,1.4434
-4.0605,-10.0056,-2.4013,0.8058,-1.6082,1.226
-4.4747,-9.8284,-3.0047,0.865,-1.684,1.094
-5.6697,-9.2275,-4.2999,0.8345,-1.607,0.9999
-5.8972,-9.2155,-4.434,0.7392,-1.4457,0.9437
-6.7016,-9.2395,-4.8099,0.5901,-1.2588,0.9285
-7.4414,-9.4789,-4.8147,0.4008,-1.0462,0.9547
-8.3033,-10.1636,-4.4603,0.1075,-0.717,1.061
-8.3033,-10.1636,-4.4603,-0.1905,-0.3694,1.2803
-8.2459,-10.8412,-3.936,-0.1905,-0.3694,1.2803
-8.4518,-11.3488,-3.5865,-0.2723,-0.2741,1.3909
-8.5404,-11.5403,-3.5506,-0.2961,-0.2454,1.4862
-8.5356,-11.3392,-3.5841,-0.2858,-0.2075,1.6132
-8.2818,-10.8292,-3.4715,-0.3145,-0.089,1.7177
-7.8197,-9.7542,-3.1938,-0.3811,0.1241,1.8313
-6.795,-8.3919,-2.4779,-0.455,0.3507,1.9113
-6.2826,-7.9346,-2.2002,-0.5234,0.5444,1.9718
-5.1909,-7.135,-1.8291,-0.5704,0.6995,2.003
-4.3981,-6.3976,-1.2114,-0.6596,1.0288,1.9712
-3.4644,-5.7152,-0.1771,-0.7916,1.242,1.923
-3.2441,-5.7152,-0.0933,-0.9809,1.121,1.9034
-2.5665,-5.7799,-0.1101,-1.1306,0.6238,1.9456
-1.8746,-6.0073,-1.6663,-1.1752,-0.1226,2.0244
-0.8259,-6.7112,-6.3856,-0.954,-1.381,2.0512
-0.7469,-6.6585,-6.6035,-0.7781,-1.9369,1.904
-0.7038,-5.6649,-6.2539,-0.7317,-2.0761,1.6255
-0.1747,-3.96,-3.2202,-0.794,-1.844,1.339
-0.1747,-3.96,-3.2202,-1.2961,-0.5361,1.2913
2.0973,-2.5833,0.486,-1.2735,-0.2448,1.1496
2.1595,-2.0877,-0.4453,-1.2735,-0.2448,1.1496
2.0087,-2.0374,-1.537,-1.0237,-0.3559,0.8833
1.1994,-2.2816,-2.7317,-0.8233,-0.2509,0.496
1.1994,-2.2816,-2.7317,-0.7561,0.3043,-0.2015
-0.3878,-4.2161,-2.7988,-0.7561,0.3043,-0.2015
-0.7685,-4.6782,-1.8986,-0.8704,0.49,-0.4764
-2.0063,-5.6817,-1.2593,-0.9253,0.3685,-0.9865
-2.8921,-6.546,-1.9129,-0.8319,0.1644,-1.4092
-4.3191,-8.0855,-2.8706,-0.6834,-0.0267,-1.8099
-6.1605,-9.9649,-2.9209,-0.6248,-0.0456,-2.2052
-9.0791,-12.9194,-1.9943,-0.6718,0.1724,-2.565
-9.3424,-13.2737,-1.6065,-0.8087,0.6519,-2.9071
-9.7494,-13.1827,-0.3854,-0.9009,1.0306,-2.948
-8.2531,-11.4374,0.0335,-0.918,1.3739,-2.8008
-8.2531,-11.4374,0.0335,-0.6364,1.424,-2.3964
-5.4016,-8.8037,0.0909,-0.6364,1.424,-2.3964
-5.325,-8.2459,0.0574,-0.4684,1.3581,-2.3671
-5.5548,-8.0855,0.1771,-0.207,1.3489,-2.4141
-6.0815,-8.4135,0.0023,-0.0225,1.3666,-2.4043
-6.0815,-8.4135,0.0023,0.1821,1.3904,-2.3738
-6.2515,-8.7104,-0.1268,0.4026,1.4381,-2.3231
-6.4766,-9.2131,-0.6416,0.6463,1.4527,-2.2675
-6.8285,-9.9146,-0.9289,0.8998,1.3721,-2.2021
-7.02,-10.3671,-1.221,1.2334,1.2676,-2.1117
-7.3576,-10.7646,-1.6591,1.4258,1.0856,-2.0543
-7.6282,-11.0543,-2.114,1.5822,0.8889,-1.9914
-7.6449,-11.2314,-2.6719,1.6915,0.6947,-1.8851
-7.6952,-11.2075,-3.1866,1.7416,0.5609,-1.7427
-7.1613,-10.8963,-3.7804,1.7239,0.4747,-1.5088
-6.8501,-10.518,-4.0749,1.6707,0.4747,-1.3353
-6.1366,-9.6609,-4.0222,1.5895,0.4772,-1.2015
-5.8924,-9.522,-3.9624,1.4875,0.4845,-1.0714
-5.2938,-9.1772,-4.1706,1.3849,0.468,-0.9279
-4.7453,-8.921,-4.3718,1.2835,0.4051,-0.7831
-4.7812,-8.0831,-4.8051,1.1197,0.2469,-0.6688
-4.8626,-7.9945,-4.8195,0.9872,0.1559,-0.6633
-5.21,-7.9873,-4.8817,0.8186,0.1088,-0.6542
-6.0983,-8.7894,-4.4484,0.6262,0.0667,-0.6212
-7.4103,-9.6369,-3.5793,0.4337,0.0838,-0.5742
-7.4103,-9.6369,-3.5793,0.2743,0.2732,-0.4386
-7.0584,-9.1269,-2.6551,0.2212,0.3892,-0.2638
-6.0863,-8.5308,-0.984,0.1454,0.3587,-0.0238
-4.5226,-8.1046,-0.3351,0.0672,0.0783,0.2461
-4.0414,-8.1477,-0.2992,0.0513,-0.3914,0.488
-3.8594,-8.5571,-1.2641,0.0764,-0.7481,0.6664
-3.5338,-9.4621,-2.4732,0.2065,-0.9692,0.9089
-3.1555,-11.5235,-3.7253,0.2774,-0.9057,1.1013
-2.9472,-12.3136,-3.7062,0.3018,-0.7396,1.2754
-3.2082,-13.1875,-2.8706,0.2627,-0.5465,1.3671
-3.4859,-13.3934,-2.7461,0.179,-0.4714,1.3432
-4.2544,-12.4788,-1.6424,0.1063,-0.5691,1.2565
-4.355,-12.2346,-1.6232,-0.0658,-0.9124,1.0714
-4.865,-10.937,-1.7717,-0.1727,-1.3327,0.9224
-5.2196,-9.6393,-2.3654,-0.2369,-1.6326,0.777
-5.404,-7.9227,-1.8722,-0.2625,-1.6882,0.6841
-5.3154,-7.8341,-1.7645,-0.2351,-1.5386,0.6707
-4.6375,-7.6497,-1.4293,-0.0506,-1.3254,0.8051
-4.2784,-7.6066,-1.2737,0.1381,-1.2765,0.9254
-4.3502,-7.8101,-1.6879,0.3336,-1.3248,1.0128
-4.3885,-7.8484,-1.7142,0.5046,-1.4359,1.0891
-4.6806,-8.2052,-2.2888,0.6256,-1.5428,1.1655
-5.313,-8.5404,-3.189,0.6921,-1.6302,1.215
-6.0073,-8.9187,-3.881,0.6408,-1.5587,1.2113
-6.2659,-8.9306,-3.6846,0.4698,-1.3156,1.1856
-6.5125,-8.8181,-3.2249,0.2377,-1.0114,1.1667
-6.6106,-8.5954,-2.861,0.0275,-0.7603,1.1746
-6.7016,-8.3608,-2.4349,-0.122,-0.5991,1.2278
-6.7064,-8.3464,-2.4827,-0.2118,-0.5105,1.3891
-6.6609,-8.4853,-2.8634,-0.2137,-0.4488,1.5558
-6.6082,-8.8396,-3.4141,-0.2008,-0.3303,1.7623
-6.7447,-9.8859,-4.0102,-0.2149,-0.1488,1.9645
-6.8405,-10.02,-4.0773,-0.2589,0.0264,2.1313
-6.9698,-10.6784,-4.1683,-0.3267,0.1534,2.2522
-7.0608,-11.2051,-3.8331,-0.5295,0.3446,2.3518
-6.783,-10.9298,-2.0039,-0.7201,0.5499,2.3041
-6.6298,-10.7502,-1.786,-0.9351,0.7845,2.1813
-6.0887,-9.9218,-1.7262,-1.0842,0.7704,2.0971
-6.1988,-9.1557,-2.5498,-1.1245,0.3752,2.0744
-7.4342,-8.3919,-4.2233,-1.1092,-0.2154,2.0396
-7.518,-8.3752,-4.2568,-1.1898,-1.2973,1.8997
-6.8692,-7.7838,-3.3087,-1.3077,-1.8776,1.7348
-4.5896,-6.6418,-1.4963,-1.4036,-1.9045,1.5833
-1.3646,-4.9706,-0.2633,-1.3713,-1.4592,1.5265
0.2442,-4.1084,-0.2394,-1.2216,-0.8813,1.5858
0.2442,-4.1084,-0.2394,-1.0066,-0.3321,1.7763
2.5785,-1.6639,-1.3431,-1.0066,-0.3321,1.7763
2.2074,-1.1252,-2.8802,-0.9705,-0.7078,1.5827
1.9249,-0.8523,-3.3854,-0.9815,-0.8214,1.2082
1.9249,-0.8523,-3.3854,-1.1837,0.0526,0.5528
2.375,-1.5586,-1.6304,-1.1837,0.0526,0.5528
0.5746,-4.5585,0.7254,-1.4482,0.727,0.1966
0.3256,-4.9323,1.0223,-1.5087,0.6892,-0.2559
-0.2753,-5.8373,1.4389,-1.4104,0.4075,-0.6982
-0.8044,-6.1533,1.7238,-1.2534,0.3031,-1.1252
-1.3982,-5.6218,1.6663,-1.0591,0.4998,-1.5216
-1.3958,-5.5716,1.5849,-0.6712,0.895,-1.9523
-1.6232,-5.8014,0.7398,-0.3957,0.9109,-2.1398
-2.6096,-6.7998,-0.3471,-0.1697,0.6207,-2.386
-6.5747,-10.19,-3.936,-0.0536,0.2212,-2.6945
-6.8572,-10.19,-4.1036,-0.0353,-0.1281,-3.0225
-8.7535,-11.4924,-4.8458,-0.1501,-0.2099,-3.2937
-8.9977,-11.8013,-4.7548,-0.436,0.1766,-3.4281
-8.1214,-11.7103,-4.6495,-0.5949,0.5798,-3.3396
-7.4366,-11.3033,-4.2975,-0.6798,1.019,-3.2412
-7.4199,-10.7406,-2.466,-0.7262,1.4466,-3.16
-7.056,-10.1062,-1.3359,-0.7152,1.7667,-3.0427
-6.534,-9.3328,-0.7422,-0.5649,1.7759,-2.8246
-6.8213,-9.4717,-0.2537,-0.2974,1.6733,-2.6016
-7.7982,-10.3049,0.8044,-0.1972,1.6775,-2.6059
-8.7415,-11.4757,1.288,-0.0878,1.512,-2.6083
-9.51,-12.7829,0.3543,0.0935,1.1986,-2.5314
-9.4717,-12.8954,0.1173,0.3763,0.8791,-2.3609
-8.8037,-13.1133,-0.9097,0.9175,0.6269,-1.9107
-7.5156,-12.8906,-1.4867,1.2389,0.7472,-1.5546
-5.0065,-11.3248,-3.292,1.4905,1.0129,-1.2376
-4.7596,-11.0902,-3.632,1.6781,1.209,-1.0341
-4.3646,-10.1134,-4.8291,1.7801,1.2646,-0.9505
-4.5537,-9.5148,-5.2292,1.7379,1.2738,-0.9615
-4.8889,-9.1269,-4.5585,1.4001,1.3,-1.0458
-4.8745,-9.0862,-4.4723,1.1222,1.195,-1.0268
-4.6782,-9.1916,-3.3542,0.8632,0.9946,-0.9169
-4.7764,-9.6082,-2.5809,0.6378,0.8028,-0.7648
-4.3574,-9.6417,-1.7142,0.4851,0.7185,-0.5937
-3.9073,-9.2538,-1.2928,0.4093,0.8999,-0.2974
-3.3949,-8.7535,-1.2306,0.4722,1.0202,-0.1295
-3.3542,-8.629,-1.9512,0.5907,1.0038,-0.0305
-4.9491,-9.1269,-3.2776,0.6378,0.7319,0.0323
-5.9091,-9.2179,-3.7588,0.5052,0.2884,0.0354
-6.8956,-8.9163,-4.5777,0.2835,-0.0939,0.0287
-6.6801,-8.344,-4.961,0.041,-0.439,0.215
-4.8626,-8.3393,-2.94,-0.0976,-0.5349,0.4428
-4.592,-8.4949,-3.031,-0.1825,-0.5685,0.6853
-3.7158,-9.6896,-3.2369,-0.1361,-0.7053,0.8912
-3.2561,-10.822,-4.1395,-0.0585,-0.9564,1.0341
-3.4811,-11.502,-4.1467,-0.0249,-1.18,1.05
-3.7445,-11.4397,-3.4021,-0.1288,-1.2276,0.9315
-4.4891,-10.9968,-3.0933,-0.2369,-1.1824,0.8558
-5.5356,-10.166,-1.9871,-0.2344,-1.2582,0.8112
-7.1757,-9.6369,-2.1715,-0.2418,-1.2893,0.799
-7.2331,-9.6489,-2.2577,-0.2277,-1.5215,0.8374
-7.3672,-9.7973,-2.5977,-0.1343,-1.6363,0.9114
-7.02,-9.7111,-2.2457,-0.039,-1.5147,1.0115
-6.6513,-9.5507,-2.0039,0.0953,-1.3797,1.1349
-6.4957,-9.4238,-2.0183,0.27,-1.2954,1.2473
-6.0887,-9.3544,-2.3295,0.4307,-1.2753,1.3445
-5.5021,-9.3448,-2.3032,0.5388,-1.3119,1.433
-5.1765,-9.4047,-2.77,0.562,-1.3932,1.5583
-5.0927,-9.3257,-3.2393,0.5132,-1.4158,1.6071
-5.2938,-9.182,-4.0126,0.4001,-1.3944,1.6285
-5.708,-9.0192,-4.5178,0.2297,-1.2967,1.609
-6.1318,-8.9977,-4.2904,0.0092,-1.1049,1.5919
-6.0552,-9.0144,-4.027,-0.3591,-0.786,1.6548
-5.8684,-9.0408,-3.4165,-0.549,-0.6601,1.755
-5.5859,-9.2634,-3.5673,-0.6401,-0.6528,1.8649
-5.392,-9.9027,-3.5314,-0.6627,-0.6724,1.9828
-5.392,-9.9027,-3.5314,-0.6938,-0.3339,2.1783
-4.9443,-10.427,-3.1914,-0.6938,-0.3339,2.1783
-5.1382,-10.269,-3.3806,-0.6993,0.1382,2.1765
-4.6208,-9.3305,-3.1052,-0.7109,0.465,2.1154
-4.5729,-9.2874,-3.0238,-0.7964,0.8626,2.1025
-4.3478,-9.0479,-2.5163,-0.9498,1.2286,2.0879
-4.6327,-8.9641,-2.1475,-1.0909,1.3251,2.0036
-5.7607,-9.3017,-2.5905,-1.2198,0.994,1.8625
-6.8381,-9.3688,-3.0214,-1.4232,-0.3376,1.6261
-7.3361,-9.2802,-3.2585,-1.4843,-1.2173,1.5473
-5.8828,-8.4805,-2.7988,-1.4928,-1.6662,1.6187
-2.1068,-7.2283,-0.6727,-1.4409,-1.5758,1.7611
-0.9265,-6.625,-0.4836,-1.3316,-1.1354,1.824
0.1292,-5.1789,-0.237,-1.1098,-0.7823,1.6652
0.4644,-3.9145,-0.5889,-0.9956,-0.7787,1.43
0.1364,-2.5163,-2.205,-0.8783,-0.8434,1.1936
-0.0622,-2.3989,-1.9584,-0.8221,-0.764,0.9321
-0.2513,-2.4372,-0.7445,-0.874,-0.3981,0.6652
0.2418,-3.8498,0.0239,-0.9296,0.0636,0.4709
0.2992,-5.969,1.3766,-0.9143,0.3184,0.2455
0.2513,-6.0288,1.379,-0.8624,0.2524,-0.0146
-0.4285,-5.7751,1.2162,-0.7183,0.2005,-0.2877
-1.1683,-5.1119,0.4692,-0.5258,0.239,-0.5974
-1.6639,-4.671,-0.1532,-0.345,0.33,-0.8906
-1.6639,-4.671,-0.1532,-0.1752,0.4809,-1.2547
-2.308,-4.8195,-0.3112,-0.0939,0.4515,-1.5167
-3.3638,-5.3082,-0.79,-0.006,0.3373,-1.827
-4.5489,-6.2036,-1.7286,0.0849,0.2487,-2.0818
-5.325,-6.7734,-2.3104,0.1338,0.2842,-2.2266
-6.4718,-7.8556,-2.9496,0.1179,0.4247,-2.3096
-7.2212,-8.7127,-2.8371,-0.0139,0.7545,-2.4123
-7.3959,-9.2419,-2.5953,-0.1141,0.9738,-2.4886
