repouso
0.1436,-0.0287,9.7734,0.0012,-0.0001,0
0.1436,-0.0143,9.7854,0.0012,-0.0001,0
0.1388,-0.0454,9.7758,0.0012,-0.0001,0
0.1388,-0.0359,9.7997,0.0012,-0.0001,0
0.1556,-0.0215,9.7973,-0.0006,0.001,0
0.1747,-0.0359,9.7806,-0.0006,0.001,0
0.1508,-0.0407,9.7973,-0.0006,0.001,0
0.1364,-0.0191,9.7734,-0.0006,0.001,0
0.1125,-0.0311,9.7901,-0.0006,0.001,0
0.1268,-0.0263,9.8093,-0.0006,0.001,0
0.146,-0.0287,9.771,-0.0006,0.001,0
0.1484,-0.0311,9.7806,-0.0006,0.001,0
0.1651,-0.0167,9.8045,-0.0006,0.001,0
0.1508,-0.043,9.7949,-0.0006,0.001,0
0.1604,-0.0215,9.7662,-0.0006,0.001,0
0.1436,-0.043,9.8117,-0.0006,0.001,0
0.1316,-0.0095,9.7806,-0.0006,0.001,0
0.1268,-0.043,9.7997,-0.0006,0.001,0
0.1268,-0.0191,9.7758,-0.0006,0.001,0
0.146,-0.0359,9.7973,-0.0006,0.001,0
0.1532,-0.0383,9.8045,-0.0006,0.001,0
0.1484,-0.0263,9.8069,-0.0006,0.001,0
0.1364,-0.0454,9.8069,-0.0006,0.001,0
0.134,-0.0239,9.7949,-0.0006,0.001,0
0.146,-0.0191,9.771,0,-0.0001,0
0.1388,-0.0311,9.7997,0,-0.0001,0
0.1221,0.0023,9.7949,0,-0.0001,0
0.1244,-0.0143,9.7877,0,-0.0001,0
0.134,-0.0383,9.7901,0,-0.0001,0
0.1244,-0.0239,9.7877,0,-0.0001,0
0.1436,-0.0407,9.7806,0,-0.0001,0
0.1388,-0.0359,9.7806,0,-0.0001,0
0.158,-0.0383,9.7949,0,-0.0001,0
0.1484,-0.0191,9.7949,0,-0.0001,0
0.1412,-0.0071,9.7997,0,-0.0001,0
0.1316,-0.0191,9.783,0,-0.0001,0
0.1388,-0.0167,9.7925,0,-0.0001,0
0.1388,-0.0407,9.7758,0,-0.0001,0
0.1388,-0.0454,9.7949,0,-0.0001,0
0.1508,-0.043,9.7734,0,-0.0001,0
0.1675,-0.0454,9.7877,0,-0.0001,0
0.1508,-0.0311,9.7949,0,-0.0001,0
0.146,-0.0311,9.8021,0,-0.0001,0
0.1221,-0.0239,9.7949,0,-0.0001,0
0.1412,-0.0454,9.7638,0,-0.0001,0
0.1508,-0.0359,9.7854,0,-0.0001,0
0.1292,-0.0478,9.7854,0,-0.0001,0
0.1412,-0.0311,9.8045,0,-0.0001,0
0.1292,-0.0335,9.7901,0,-0.0001,0
0.1484,-0.0383,9.783,0,0.0004,0
0.1532,-0.0215,9.783,0,0.0004,0
0.1436,-0.0119,9.7973,0,0.0004,0
0.134,-0.0383,9.7925,0,0.0004,0
0.1364,-0.0143,9.7901,0,0.0004,0
0.1388,-0.0311,9.783,0,0.0004,0
0.1532,-0.0167,9.7949,0,0.0004,0
0.134,-0.0454,9.7877,0,0.0004,0
0.1412,-0.0215,9.7901,0,0.0004,0
0.1556,-0.0287,9.7973,0,0.0004,0
0.1436,-0.0526,9.7901,0,0.0004,0
0.1412,-0.0311,9.7949,0,0.0004,0
0.134,-0.0143,9.7734,0,0.0004,0
0.1508,-0.0191,9.7901,0,0.0004,0
0.1316,-0.0215,9.7854,0,0.0004,0
0.1412,-0.0119,9.7782,0,0.0004,0
0.1604,-0.0694,9.8069,0,0.0004,0
0.1268,-0.0359,9.7949,0,0.0004,0
0.1628,-0.0454,9.783,0,0.0004,0
0.1412,-0.0311,9.7925,0,0.0004,0
0.1316,-0.0215,9.783,0,0.0004,0
0.1388,-0.0071,9.7949,0,0.0004,0
0.1364,-0.0167,9.7877,0,0.0004,0
0.1436,-0.0239,9.7854,0,0.0004,0
0.1508,-0.0143,9.7877,0.0006,0.0004,-0.0005
0.1484,-0.0263,9.8021,0.0006,0.0004,-0.0005
0.1292,-0.0239,9.7806,0.0006,0.0004,-0.0005
0.1556,-0.0143,9.7877,0.0006,0.0004,-0.0005
0.1484,-0.0263,9.7997,0.0006,0.0004,-0.0005
0.1316,-0.0215,9.8093,0.0006,0.0004,-0.0005
0.1316,-0.0335,9.7854,0.0006,0.0004,-0.0005
0.1436,-0.0167,9.7925,0.0006,0.0004,-0.0005
0.158,-0.0263,9.7877,0.0006,0.0004,-0.0005
0.1604,-0.0359,9.7782,0.0006,0.0004,-0.0005
0.1556,-0.0359,9.7925,0.0006,0.0004,-0.0005
0.146,-0.0263,9.7758,0.0006,0.0004,-0.0005
0.134,-0.0359,9.7925,0.0006,0.0004,-0.0005
0.146,-0.0263,9.7973,0.0006,0.0004,-0.0005
0.1316,-0.0167,9.8117,0.0006,0.0004,-0.0005
0.1268,-0.0359,9.8213,0.0006,0.0004,-0.0005
0.1436,-0.0215,9.7973,0.0006,0.0004,-0.0005
0.1412,-0.0359,9.7973,0.0006,0.0004,-0.0005
0.1364,-0.0215,9.7782,0.0006,0.0004,-0.0005
0.1484,-0.0287,9.7901,0.0006,0.0004,-0.0005
0.1604,-0.0335,9.8117,0.0006,0.0004,-0.0005
0.1316,-0.0359,9.7973,0.0006,-0.0007,0
0.1532,-0.0407,9.8021,0.0006,-0.0007,0
0.1556,-0.0407,9.7925,0.0006,-0.0007,0
0.1388,-0.0359,9.7949,0.0006,-0.0007,0
0.1556,-0.0287,9.8045,0.0006,-0.0007,0
0.1388,-0.0263,9.7901,0.0006,-0.0007,0
0.1244,-0.0047,9.7949,0.0006,-0.0007,0
0.1388,-0.0287,9.7925,0.0006,-0.0007,0
0.134,-0.0023,9.7901,0.0006,-0.0007,0
0.1484,-0.0287,9.7973,0.0006,-0.0007,0
0.1364,-0.0335,9.8045,0.0006,-0.0007,0
0.1484,-0.0335,9.7997,0.0006,-0.0007,0
0.1388,-0.0478,9.7877,0.0006,-0.0007,0
0.1436,-0.0311,9.7877,0.0006,-0.0007,0
0.134,-0.0526,9.7877,0.0006,-0.0007,0
0.1292,-0.0263,9.7877,0.0006,-0.0007,0
0.1268,-0.0191,9.783,0.0006,-0.0007,0
0.146,-0.0311,9.783,0.0006,-0.0007,0
0.1532,-0.0287,9.7877,0.0006,-0.0007,0
0.1532,-0.0359,9.7997,0.0006,-0.0007,0
0.1436,-0.0263,9.7782,0.0006,-0.0007,0
0.1316,-0.0287,9.7997,0.0006,-0.0007,0
0.134,-0.0287,9.7949,0.0006,-0.0007,0
0.1436,-0.0478,9.7901,0.0006,-0.0007,0
0.1268,-0.0191,9.7854,0.0006,-0.0007,0
0.1508,-0.0263,9.7901,0.0006,0.001,0
0.1556,-0.0287,9.7997,0.0006,0.001,0
0.1316,-0.0407,9.7806,0.0006,0.001,0
0.1268,-0.043,9.783,0.0006,0.001,0
0.1316,-0.0167,9.7758,0.0006,0.001,0
0.1244,-0.0095,9.8069,0.0006,0.001,0
0.1364,-0.0263,9.7997,0.0006,0.001,0
0.1292,-0.0263,9.7949,0.0006,0.001,0
0.1244,-0.0359,9.783,0.0006,0.001,0
0.1436,-0.0383,9.7925,0.0006,0.001,0
0.1436,-0.0335,9.783,0.0006,0.001,0
0.1364,-0.0191,9.7877,0.0006,0.001,0
0.1316,-0.0239,9.7925,0.0006,0.001,0
0.1388,-0.0167,9.7925,0.0006,0.001,0
0.1388,-0.0454,9.7925,0.0006,0.001,0
0.1556,-0.0454,9.8021,0.0006,0.001,0
0.1436,-0.0383,9.7854,0.0006,0.001,0
0.146,-0.0335,9.7949,0.0006,0.001,0
0.158,-0.0143,9.8021,-0.0006,-0.0001,0
0.1412,-0.0191,9.7901,0,-0.0013,-0.0005
0.1412,-0.0287,9.7997,0.0006,-0.0001,-0.0005
0.1316,-0.0215,9.7949,0,-0.0001,-0.0005
0.1268,-0.0263,9.7973,-0.0012,-0.0007,0
0.1508,-0.0359,9.7734,-0.0006,-0.0001,0
0.1508,-0.0598,9.7806,0.0006,-0.0007,-0.0005
0.1436,-0.0478,9.7949,0,0.0004,0
0.158,-0.0239,9.7758,-0.0006,-0.0007,-0.0005
0.146,-0.0407,9.7877,0.0006,-0.0001,0
0.1508,-0.0287,9.7806,-0.0006,-0.0001,-0.0005
0.1364,-0.0143,9.7806,-0.0006,-0.0001,0
0.146,-0.0191,9.7973,0,-0.0001,-0.0005
0.1436,-0.0454,9.7854,0,-0.0001,0
0.1244,-0.0454,9.7782,-0.0006,-0.0001,0
0.1292,-0.0335,9.7973,-0.0012,-0.0007,0
0.1412,-0.0311,9.7925,0.0012,-0.0007,0
0.146,-0.043,9.7901,0,-0.0001,0
0.1316,-0.0215,9.7854,-0.0012,0.0004,-0.0005
0.1436,-0.0359,9.783,0,-0.0001,0
0.1412,-0.0167,9.7782,-0.0006,-0.0001,0
0.1508,-0.0359,9.8021,0,-0.0007,0
0.1388,-0.0383,9.7734,-0.0006,-0.0001,-0.0005
0.1436,-0.0191,9.7973,0.0006,0.0004,-0.0005
0.1436,-0.0191,9.7973,0,0.0004,0
0.1316,-0.043,9.783,-0.0012,-0.0007,-0.0005
0.1388,-0.0311,9.7877,0,0.0016,0
0.1412,-0.0143,9.7782,-0.0006,-0.0001,0
0.1556,-0.0263,9.7854,0,-0.0001,0
0.146,-0.0239,9.7925,0,0.001,-0.0005
0.146,-0.0215,9.7758,-0.0006,-0.0007,0.0006
0.1556,-0.0263,9.7758,0.0006,0.0004,-0.0005
0.1364,-0.0263,9.7949,-0.0012,0.0004,0.0006
0.1436,-0.0215,9.783,-0.0006,-0.0007,0
0.1436,-0.0454,9.8069,-0.0006,0.001,0
0.1316,-0.0407,9.771,-0.0006,-0.0013,0
0.1268,-0.0191,9.7973,0.0006,-0.0007,-0.0005
0.134,-0.0287,9.771,-0.0012,0.001,-0.0005
0.1316,-0.0287,9.7949,-0.0012,-0.0001,0
0.1316,-0.0311,9.7973,-0.0006,-0.0001,0
0.134,-0.0215,9.8021,0.0006,0.001,-0.0005
0.1436,-0.0311,9.7949,0.0006,-0.0001,0
0.1364,-0.0478,9.8021,0.0006,0.0004,0
0.1604,-0.0095,9.7877,-0.0006,-0.0007,0.0006
0.1388,-0.0119,9.7806,0,-0.0001,0.0006
0.1436,-0.0359,9.7806,-0.0006,0.0004,-0.0005
0.1412,-0.0287,9.8021,-0.0006,-0.0001,-0.0005
0.1604,-0.0239,9.7973,-0.0006,0.001,-0.0005
0.1532,-0.0335,9.771,0,0.001,0
0.1508,-0.0263,9.7949,-0.0006,0.0004,0
0.146,-0.0311,9.7901,0.0006,0.0003,0.0001
0.1436,-0.0359,9.783,-0.0005,0.0016,0.0001
0.1268,-0.0143,9.783,0.0006,0.0003,0.0007
0.1292,-0.0311,9.7877,0.0006,0.0003,0.0007
0.1556,-0.0574,9.7854,-0.0011,0.0003,0.0001
0.146,-0.0191,9.7997,-0.0011,0.0003,0.0001
0.146,-0.0239,9.7997,-0.0011,0.0003,0.0001
0.1508,-0.0311,9.783,-0.0011,0.0003,0.0001
0.146,-0.0215,9.7877,0,0.0003,0.0001
0.1388,-0.0167,9.7901,0,0.0003,0.0001
0.1556,-0.0215,9.7758,0,0.0003,0.0001
0.134,-0.0287,9.7854,0,0.0003,0.0001
0.134,-0.0143,9.7854,0,0.0003,0.0001
0.134,-0.0071,9.7901,0,0.0003,0.0001
0.1556,-0.0359,9.7877,0,0.0003,0.0001
0.1556,-0.0478,9.783,0,0.0003,0.0001
0.1699,-0.0335,9.7758,0,0.0003,0.0001
0.134,-0.0383,9.7854,0,0.0003,0.0001
0.1412,-0.0119,9.7997,0,0.0003,0.0001
0.1436,-0.0215,9.7925,0,0.0003,0.0001
0.1436,-0.043,9.783,0,0.0003,0.0001
0.1316,-0.0311,9.7806,0,0.0016,0.0001
0.146,-0.0119,9.7925,0,0.0016,0.0001
0.1364,-0.0167,9.8021,0,0.0016,0.0001
0.1532,-0.0383,9.7949,0,0.0016,0.0001
0.1556,-0.0239,9.7997,0,0.0016,0.0001
0.1388,-0.0287,9.8141,0,0.0016,0.0001
0.146,-0.0359,9.783,0,0.0016,0.0001
0.1244,-0.0311,9.7877,0,0.0016,0.0001
0.1173,-0.0239,9.771,0,0.0016,0.0001
0.1292,-0.0359,9.7854,0,0.0016,0.0001
0.134,-0.0335,9.7877,0,0.0009,0.0001
0.1508,-0.0454,9.7925,0,0.0009,0.0001
0.1484,-0.0359,9.7734,0,0.0009,0.0001
0.1508,-0.0311,9.8141,0,0.0009,0.0001
0.1412,-0.0263,9.7901,0,0.0009,0.0001
0.1484,-0.0478,9.7758,0,0.0009,0.0001
0.1316,-0.0239,9.7877,0,0.0009,0.0001
0.146,-0.0383,9.7758,0,0.0009,0.0001
0.1388,-0.0191,9.771,0,0.0009,0.0001
0.1436,-0.0263,9.7949,0,0.0009,0.0001
0.1244,-0.0359,9.7925,0,0.0009,0.0001
0.1556,-0.0263,9.8021,0,0.0009,0.0001
0.1364,-0.0263,9.7686,0,0.0009,0.0001
0.1316,-0.0454,9.7997,0,0.0009,0.0001
0.1508,-0.0335,9.8021,0,0.0009,0.0001
0.1388,-0.0311,9.8045,0,0.0009,0.0001
0.1436,-0.0071,9.7973,0,0.0009,0.0001
0.1316,-0.0454,9.7854,0,0.0009,0.0001
0.1508,-0.0191,9.7997,0,0.0009,0.0001
0.1221,-0.0287,9.8045,0,0.0009,0.0001
0.134,-0.0383,9.7877,0,0.0009,0.0001
0.1508,-0.0167,9.7997,0,0.0009,0.0001
0.1316,-0.0359,9.7854,0,0.0009,0.0001
0.1292,-0.0239,9.7925,0,-0.0008,0.0001
0.1532,-0.0359,9.7973,0,-0.0008,0.0001
0.1484,-0.0526,9.7925,0,-0.0008,0.0001
0.1388,-0.0407,9.8093,0,-0.0008,0.0001
0.1412,-0.0311,9.7925,0,-0.0008,0.0001
0.1388,-0.0263,9.7973,0,-0.0008,0.0001
0.146,-0.0335,9.7854,0,-0.0008,0.0001
0.134,-0.0407,9.7997,-0.0005,0.0003,-0.0004
0.1244,-0.043,9.7782,-0.0005,0.0003,-0.0004
0.1292,-0.0407,9.7997,-0.0005,0.0003,-0.0004
0.146,-0.0311,9.7925,-0.0005,0.0003,-0.0004
0.1508,-0.0143,9.7925,-0.0005,0.0003,-0.0004
0.146,-0.0095,9.8045,-0.0005,0.0003,-0.0004
0.1412,-0.0454,9.7854,-0.0005,0.0003,-0.0004
0.1556,-0.0311,9.783,-0.0005,0.0003,-0.0004
0.1292,-0.0526,9.7854,-0.0005,0.0003,-0.0004
0.1651,-0.0502,9.7901,-0.0005,0.0003,-0.0004
0.1436,-0.0191,9.7877,-0.0005,0.0003,-0.0004
0.1436,-0.0191,9.8021,-0.0005,0.0003,-0.0004
0.1364,-0.0095,9.8021,-0.0005,0.0003,-0.0004
0.1532,-0.0239,9.7758,-0.0005,0.0003,-0.0004
0.1508,-0.043,9.8069,-0.0005,0.0003,-0.0004
0.1221,-0.0407,9.7877,-0.0005,0.0003,-0.0004
0.1532,-0.0383,9.7925,-0.0005,0.0003,-0.0004
0.1436,-0.043,9.7949,-0.0005,0.0003,-0.0004
0.1484,-0.0454,9.7925,-0.0005,0.0003,-0.0004
0.1316,-0.0335,9.7901,-0.0005,0.0003,-0.0004
0.1484,-0.0143,9.7925,-0.0005,0.0003,-0.0004
0.1316,-0.0047,9.7949,-0.0005,0.0003,-0.0004
0.146,-0.0215,9.8069,-0.0005,0.0003,-0.0004
0.1388,-0.0335,9.7949,-0.0005,0.0003,-0.0004
0.146,-0.0335,9.7949,-0.0005,0.0003,-0.0004
0.134,-0.0454,9.7949,-0.0005,0.0003,-0.0004
0.1388,-0.0407,9.7949,-0.0005,0.0003,-0.0004
0.1412,-0.0143,9.7806,-0.0005,0.0003,-0.0004
0.1436,-0.0239,9.7997,-0.0005,0.0003,-0.0004
0.1484,-0.0263,9.7877,-0.0005,0.0003,-0.0004
0.1388,-0.0407,9.8021,-0.0005,0.0003,-0.0004
0.1532,-0.0335,9.8117,-0.0005,0.0003,-0.0004
0.1604,-0.0311,9.771,-0.0005,0.0003,-0.0004
0.1244,-0.0359,9.7806,-0.0005,0.0003,-0.0004
0.1484,-0.0191,9.783,-0.0005,0.0003,-0.0004
0.1292,-0.0143,9.7901,-0.0005,0.0003,-0.0004
0.1436,-0.0215,9.7877,-0.0005,0.0003,-0.0004
0.134,-0.0311,9.7973,-0.0005,0.0003,-0.0004
0.1484,-0.0167,9.7877,-0.0005,0.0003,-0.0004
0.1436,-0.0167,9.7854,0.0006,-0.0002,0.0001
0.146,-0.0359,9.7877,0.0006,-0.0002,0.0001
0.146,-0.0191,9.7973,0.0006,-0.0002,0.0001
0.1221,-0.0526,9.7901,0.0006,-0.0002,0.0001
0.1053,-0.0167,9.7806,0.0006,-0.0002,0.0001
0.1532,-0.0191,9.7949,0.0006,-0.0002,0.0001
0.1628,-0.0167,9.7949,0.0006,-0.0002,0.0001
0.1412,-0.0335,9.8021,0.0006,-0.0002,0.0001
0.1556,-0.0526,9.7949,0.0006,-0.0002,0.0001
0.1795,-0.0526,9.7877,0.0006,-0.0002,0.0001
0.1316,-0.0814,9.7638,0.0006,-0.0002,0.0001
0.134,-0.0526,9.8045,0.0006,-0.0002,0.0001
0.1556,-0.0119,9.7854,0.0006,-0.0002,0.0001
0.1651,-0.0407,9.7877,0.0006,-0.0002,0.0001
0.1508,-0.0359,9.7901,0.0006,-0.0002,0.0001
0.1364,-0.0071,9.8021,0.0006,-0.0002,0.0001
0.1197,-0.0263,9.8045,0.0006,-0.0002,0.0001
0.1364,-0.0502,9.7877,0.0006,-0.0002,0.0001
0.1484,-0.0287,9.7973,0.0006,-0.0002,0.0001
0.1604,-0.0407,9.7782,0.0006,-0.0002,0.0001
0.1556,-0.0646,9.783,0.0006,-0.0002,0.0001
0.1508,-0.0574,9.7782,0.0006,-0.0002,0.0001
0.1316,-0.0598,9.7997,0.0006,-0.0002,0.0001
0.1508,-0.0119,9.7949,0.0006,-0.0002,0.0001
0.1292,-0.0071,9.8117,-0.0005,0.0009,0.0001
0.1173,-0.0143,9.7997,-0.0005,0.0009,0.0001
0.146,-0.0239,9.8045,-0.0005,0.0009,0.0001
0.1651,-0.0359,9.7973,-0.0005,0.0009,0.0001
0.1412,-0.0359,9.7662,-0.0005,0.0009,0.0001
0.1436,-0.0646,9.783,-0.0005,0.0009,0.0001
0.1484,-0.0407,9.7877,-0.0005,0.0009,0.0001
0.158,-0.0119,9.8021,-0.0005,0.0009,0.0001
0.1484,-0.0023,9.7997,-0.0005,0.0009,0.0001
0.1484,-0.0311,9.8141,-0.0005,0.0009,0.0001
0.1316,-0.0646,9.7877,-0.0005,0.0009,0.0001
0.1005,-0.0598,9.7806,-0.0005,0.0009,0.0001
0.1436,-0.0407,9.7901,-0.0005,0.0009,0.0001
0.1364,-0.0143,9.8021,-0.0005,0.0009,0.0001
0.146,-0.0143,9.7949,-0.0005,0.0009,0.0001
0.146,0.0143,9.7997,-0.0005,0.0009,0.0001
0.1436,0.0071,9.7877,-0.0005,0.0009,0.0001
0.134,-0.0335,9.8021,-0.0005,0.0009,0.0001
0.1268,-0.0383,9.7782,-0.0005,0.0009,0.0001
0.1292,-0.0454,9.771,-0.0005,0.0009,0.0001
0.146,-0.0407,9.7806,-0.0005,0.0009,0.0001
0.146,-0.0287,9.7925,-0.0005,0.0009,0.0001
0.1699,-0.0215,9.8021,-0.0005,0.0009,0.0001
0.1723,-0.0287,9.7997,-0.0005,0.0009,0.0001
0.1268,-0.0215,9.7949,-0.0005,-0.0008,0.0001
0.158,-0.0263,9.7925,-0.0005,-0.0008,0.0001
0.1436,-0.0239,9.7949,-0.0005,-0.0008,0.0001
0.1436,-0.0335,9.7973,-0.0005,-0.0008,0.0001
0.1268,-0.0454,9.7854,-0.0005,-0.0008,0.0001
0.1364,-0.0167,9.7925,-0.0005,-0.0008,0.0001
0.1388,-0.0191,9.8021,-0.0005,-0.0008,0.0001
0.1364,-0.0143,9.7973,-0.0005,-0.0008,0.0001
0.1556,-0.0311,9.7854,-0.0005,-0.0008,0.0001
0.1268,-0.043,9.7925,-0.0005,-0.0008,0.0001
0.1388,-0.043,9.8021,-0.0005,-0.0008,0.0001
0.1532,-0.0359,9.7806,-0.0005,-0.0008,0.0001
0.1388,-0.0335,9.8093,-0.0005,-0.0008,0.0001
0.1484,-0.0047,9.7854,-0.0005,-0.0008,0.0001
0.1651,0.0071,9.7949,-0.0005,-0.0008,0.0001
0.1412,-0.0215,9.7949,-0.0005,-0.0008,0.0001
0.1149,-0.0502,9.7614,-0.0005,-0.0008,0.0001
0.1197,-0.0383,9.7854,-0.0005,-0.0008,0.0001
0.1436,-0.0287,9.7949,-0.0005,-0.0008,0.0001
0.1604,-0.0191,9.7949,-0.0005,-0.0008,0.0001
0.158,-0.0023,9.8045,-0.0005,-0.0008,0.0001
0.1556,-0.0047,9.8141,-0.0005,-0.0008,0.0001
0.158,-0.0167,9.7997,-0.0005,0.0009,0.0001
0.1268,-0.0478,9.7901,-0.0005,0.0009,0.0001
0.1412,-0.055,9.783,-0.0005,0.0009,0.0001
0.1244,-0.0335,9.7877,-0.0011,0.0003,0.0001
0.134,-0.0335,9.7877,-0.0005,0.0003,-0.0004
0.1412,-0.0478,9.7949,-0.0011,-0.0002,-0.0004
0.146,-0.0287,9.7949,-0.0005,-0.0002,-0.0004
0.1364,-0.0574,9.7901,0.0006,0.0003,0.0001
0.146,-0.0383,9.7925,-0.0011,-0.002,0.0001
0.1532,-0.0407,9.7854,0.0006,-0.0002,0.0001
0.1651,-0.0239,9.7997,-0.0005,0.0009,0.0001
0.146,-0.0407,9.8069,0,-0.0008,-0.0004
0.146,-0.0191,9.8093,0.0012,0.0003,-0.0004
0.134,-0.0191,9.7901,-0.0011,0.0009,0.0001
0.1197,-0.0335,9.7901,0,0.0003,0.0007
0.1292,-0.0215,9.7997,0,0.0003,0.0001
0.1268,-0.0311,9.7806,0.0012,0.0003,0.0007
0.1388,-0.0263,9.7877,0,0.0003,0.0001
0.1268,-0.0383,9.7925,-0.0011,-0.0002,0.0001
0.1268,-0.043,9.8093,-0.0005,-0.0002,-0.0004
0.1268,-0.0311,9.7901,-0.0005,-0.0002,0.0001
0.1412,-0.0407,9.7925,-0.0005,-0.0008,-0.0004
0.1364,-0.0502,9.7997,0,0.0003,-0.0004
0.134,-0.0263,9.7782,-0.0005,-0.0008,0.0001
0.1436,-0.0311,9.7949,0.0006,-0.0014,-0.0004
0.1436,-0.0311,9.7734,0.0006,0.0009,0.0001
0.1532,-0.0407,9.7854,0,-0.0002,-0.0004
0.1484,-0.0071,9.7901,0.0006,0.0003,-0.0004
0.1388,-0.0335,9.7854,0,-0.0008,0.0001
0.1364,-0.0311,9.7997,0.0006,-0.0014,0.0007
0.1364,-0.0335,9.7877,-0.0005,-0.0008,0.0007
0.1412,-0.0287,9.7973,-0.0005,0.0003,-0.0004
0.1388,-0.0335,9.771,-0.0005,0.0003,-0.0004
0.1364,-0.0287,9.7973,0,0.0003,-0.0004
0.1556,-0.0311,9.7997,0.0006,0.0009,-0.0004
0.1292,-0.0263,9.7997,0.0012,0.0003,0.0001
0.1436,-0.0311,9.7925,0,-0.0002,0.0001
0.1364,-0.043,9.7877,-0.0005,-0.0002,0.0001
0.1436,-0.0191,9.7949,0.0012,0.0016,-0.0004
0.134,-0.043,9.7949,0,0.0003,-0.0004
0.146,-0.0167,9.7997,0,0.0003,-0.0004
0.1388,-0.0119,9.7949,0.0006,-0.0002,-0.0004
0.1244,-0.0359,9.7925,-0.0005,-0.0002,0.0001
0.146,-0.0191,9.7854,0.0006,-0.0002,0.0001
0.134,-0.0263,9.7854,-0.0005,-0.0008,0.0001
0.1268,-0.0383,9.8117,0,0.0003,0.0001
0.1388,-0.0287,9.7734,-0.0005,-0.0014,0.0001
0.1532,-0.0383,9.8021,0,-0.0008,0.0001
0.1388,-0.0263,9.7877,0,0.0009,0.0001
0.1604,-0.0454,9.7949,-0.0005,-0.0002,0.0001
0.134,-0.0263,9.771,0.0006,0.0003,-0.0004
0.1436,-0.0287,9.7997,0.0006,-0.0002,-0.0004
0.1292,-0.0311,9.7901,-0.0011,-0.0002,0.0007
0.1268,-0.0311,9.7854,0.0006,0.0009,-0.0004
0.1364,-0.0239,9.8117,0,-0.0002,0.0001
0.1316,-0.0335,9.7973,-0.0005,0.0003,0.0001
0.1388,-0.0263,9.7901,0,0.0022,0.0001
0.1221,-0.0071,9.7734,0,0.0003,0.0001
0.1125,-0.0359,9.7901,0.0006,-0.0008,0.0001
0.134,-0.0407,9.7997,0,-0.002,-0.0004
0.1436,-0.0383,9.7901,0,0.0003,-0.0004
0.1628,-0.0287,9.7782,0,0.0003,0.0001
0.1412,-0.0407,9.7877,0,-0.0014,-0.0004
0.1556,-0.0167,9.7925,0,0.0016,-0.0004
0.1388,-0.0335,9.7782,-0.0005,0.0009,0.0001
2.6431,5.4949,4.6351,2.4316,1.6077,-2.1975
2.7964,5.3178,7.1541,2.095,1.8722,-2.4498
2.8586,5.3417,9.4861,1.9856,1.921,-2.9746
1.6687,5.3273,10.0224,2.2966,1.907,-3.3948
0.9552,5.0185,7.8652,2.8219,1.6767,-3.743
0.3639,4.7429,4.1323,3.4328,1.4598,-3.9892
-0.3327,3.5889,1.3982,3.8964,1.3481,-4.1938
-2.4444,3.5936,-0.0047,3.9728,1.2754,-4.3832
-3.6822,4.2928,1.2521,3.4358,0.4116,-4.594
-5.2819,5.5428,-0.4716,2.9276,-0.3922,-4.5995
-8.5859,5.9546,-5.234,2.5617,-1.1894,-4.5023
-12.1436,8.0352,-9.4166,2.2453,-0.9976,-4.5036
-12.0622,7.9993,-5.7368,2.2453,-0.9976,-4.5036
-9.0048,6.0288,-1.5873,2.2453,-0.9976,-4.5036
-6.546,5.0496,3.6343,2.2453,-0.9976,-4.5036
-6.546,5.0496,3.6343,-2.2689,0.0481,-2.2476
-6.0648,4.8075,6.3808,-1.9207,-0.011,-2.2556
-7.8173,7.3696,7.2379,-1.9207,-0.011,-2.2556
-9.2682,7.4965,6.2922,-1.5793,-0.0422,-2.2519
-9.9003,6.9123,5.368,-1.2439,-0.2096,-2.1059
-9.941,6.5388,4.0462,-1.1413,-0.3317,-1.9336
-9.3807,6.4383,3.2249,-1.1083,-0.6329,-1.7693
-7.8939,5.6314,3.0597,-1.1266,-1.0159,-1.66
-7.6066,5.6075,3.2632,-1.2702,-1.4759,-1.6423
-7.8173,4.6303,3.3925,-1.5958,-2.5308,-1.7638
-8.2986,4.8554,3.9097,-1.7717,-3.4563,-1.7889
-7.7838,3.0957,0.5291,-1.9837,-4.8338,-1.7797
-7.5492,3.1411,5.9307,-2.2854,-6.4221,-1.7314
-7.1517,3.0502,8.763,-3.4479,-6.1777,-1.8402
-6.3018,2.9161,9.7399,-4.724,-5.7385,-1.6942
-4.671,2.1595,11.0758,-4.724,-5.7385,-1.6942
0.1316,-0.0478,9.8021,-4.724,-5.7385,-1.6942
0.134,-0.0215,9.8021,-4.724,-5.7385,-1.6942
0.1292,-0.0359,9.7997,-5.3978,-5.0891,-1.4517
0.1292,-0.0359,9.7997,-5.9677,-3.7923,-0.74
0.1244,-0.0143,9.7973,-5.9677,-3.7923,-0.74
0.1508,-0.0239,9.8045,-5.9677,-3.7923,-0.74
0.1628,-0.0287,9.8045,-5.9677,-3.7923,-0.74
0.146,-0.0287,9.7877,-5.9677,-3.7923,-0.74
0.1412,-0.0335,9.7949,-5.9677,-3.7923,-0.74
0.1268,-0.0383,9.8069,-5.9677,-3.7923,-0.74
0.134,-0.0215,9.7997,-5.9677,-3.7923,-0.74
0.1244,-0.0335,9.7782,-5.9677,-3.7923,-0.74
0.1149,-0.0191,9.7877,-5.9677,-3.7923,-0.74
-3.9432,0.6895,12.5435,-5.7643,-3.3854,-0.3949
0.1221,-0.0335,9.7949,-5.7643,-3.3854,-0.3949
0.1436,-0.0311,9.7806,-5.7643,-3.3854,-0.3949
0.1628,-0.0454,9.7925,-5.7643,-3.3854,-0.3949
0.134,-0.0311,9.8045,-5.7643,-3.3854,-0.3949
0.1412,-0.0287,9.8117,-5.1681,-3.0513,-0.2635
0.1268,-0.0287,9.7877,-5.1681,-3.0513,-0.2635
0.1244,-0.0263,9.7901,-5.1681,-3.0513,-0.2635
0.1436,-0.0383,9.7925,-5.1681,-3.0513,-0.2635
0.146,-0.0287,9.7662,-5.1681,-3.0513,-0.2635
0.1221,-0.0359,9.783,-5.1681,-3.0513,-0.2635
0.1292,-0.0119,9.7877,-5.1681,-3.0513,-0.2635
0.1388,-0.0359,9.7949,-5.1681,-3.0513,-0.2635
0.1268,-0.0239,9.8021,-5.1681,-3.0513,-0.2635
0.158,-0.0478,9.7901,-5.1681,-3.0513,-0.2635
0.1532,-0.043,9.7973,-5.1681,-3.0513,-0.2635
0.1173,-0.0215,9.7854,-5.1681,-3.0513,-0.2635
0.1053,-0.0502,9.7806,-5.1681,-3.0513,-0.2635
0.1364,-0.0335,9.7949,-5.1681,-3.0513,-0.2635
0.1412,-0.0383,9.7949,-5.1681,-3.0513,-0.2635
0.1484,-0.0383,9.7758,-5.1681,-3.0513,-0.2635
-3.055,-1.5849,15.7352,-3.5737,-2.1863,-0.5641
0.1484,-0.0454,9.7854,-3.5737,-2.1863,-0.5641
0.134,-0.0119,9.8093,-3.5737,-2.1863,-0.5641
0.1436,-0.0383,9.7973,-3.5737,-2.1863,-0.5641
0.134,-0.0407,9.7901,-3.5737,-2.1863,-0.5641
0.1532,-0.0287,9.783,-3.5737,-2.1863,-0.5641
0.1316,-0.0239,9.7925,-3.5737,-2.1863,-0.5641
0.1316,-0.0478,9.8021,-3.5737,-2.1863,-0.5641
0.1532,-0.0311,9.7758,-3.5737,-2.1863,-0.5641
0.1316,-0.0287,9.7806,-3.5737,-2.1863,-0.5641
0.1053,-0.0239,9.8045,-2.2757,-1.6646,-0.9783
0.1292,-0.043,9.7877,-2.2757,-1.6646,-0.9783
0.1364,-0.0359,9.783,-2.2757,-1.6646,-0.9783
0.1316,-0.0478,9.8045,-2.2757,-1.6646,-0.9783
0.134,-0.0478,9.7925,-2.2757,-1.6646,-0.9783
0.1197,-0.0383,9.7925,-2.2757,-1.6646,-0.9783
0.1316,-0.0359,9.7949,-2.2757,-1.6646,-0.9783
0.1556,-0.0311,9.7973,-2.2757,-1.6646,-0.9783
0.1508,-0.0143,9.7877,-2.2757,-1.6646,-0.9783
0.1412,-0.0263,9.7997,-2.2757,-1.6646,-0.9783
0.134,-0.0287,9.7877,-2.2757,-1.6646,-0.9783
0.1316,-0.0239,9.7877,-2.2757,-1.6646,-0.9783
0.1484,-0.0359,9.7782,-2.2757,-1.6646,-0.9783
0.1484,-0.0263,9.7901,-2.2757,-1.6646,-0.9783
0.134,-0.0359,9.7901,-2.2757,-1.6646,-0.9783
0.1292,-0.0263,9.7901,-2.2757,-1.6646,-0.9783
0.1316,-0.0502,9.7925,-2.2757,-1.6646,-0.9783
0.1484,-0.0311,9.7734,-2.2757,-1.6646,-0.9783
-3.2345,0.1484,16.8797,-2.2757,-1.6646,-0.9783
0.1508,-0.0239,9.7973,-0.9977,-1.4533,-1.3759
0.1388,-0.0359,9.783,-0.9977,-1.4533,-1.3759
0.1197,-0.0287,9.7877,-0.9977,-1.4533,-1.3759
0.1292,-0.0526,9.7806,-0.9977,-1.4533,-1.3759
0.1388,-0.0383,9.7949,-0.9977,-1.4533,-1.3759
0.1436,-0.0526,9.7877,-0.9977,-1.4533,-1.3759
0.1316,-0.0478,9.7854,0.1207,-1.3427,-1.5995
0.146,-0.0335,9.7734,0.1207,-1.3427,-1.5995
0.1628,-0.0335,9.7854,0.1207,-1.3427,-1.5995
0.1388,-0.0407,9.7997,0.1207,-1.3427,-1.5995
0.1508,-0.0287,9.8045,0.1207,-1.3427,-1.5995
0.1316,-0.0335,9.783,0.1207,-1.3427,-1.5995
0.134,-0.0407,9.7854,0.1207,-1.3427,-1.5995
0.1436,-0.0502,9.7854,0.1207,-1.3427,-1.5995
0.134,-0.0287,9.8165,0.1207,-1.3427,-1.5995
0.1364,-0.0311,9.7877,0.1207,-1.3427,-1.5995
0.1316,-0.0215,9.7734,0.1207,-1.3427,-1.5995
0.146,-0.0311,9.7877,0.1207,-1.3427,-1.5995
0.158,-0.0239,9.7854,0.1207,-1.3427,-1.5995
0.1364,-0.0359,9.7997,0.1207,-1.3427,-1.5995
-2.8658,1.5394,14.4086,0.9912,-1.1405,-1.6545
0.1316,-0.0215,9.7925,0.9912,-1.1405,-1.6545
0.1221,-0.0359,9.8117,0.9912,-1.1405,-1.6545
0.1268,-0.0598,9.8045,0.9912,-1.1405,-1.6545
0.1436,-0.0311,9.7973,0.9912,-1.1405,-1.6545
0.1436,-0.0287,9.7901,0.9912,-1.1405,-1.6545
0.158,-0.0478,9.7973,0.9912,-1.1405,-1.6545
0.1508,-0.0215,9.7854,0.9912,-1.1405,-1.6545
0.1364,-0.0502,9.7854,0.9912,-1.1405,-1.6545
-2.3487,0.7709,13.2426,0.9912,-1.1405,-1.6545
0.1316,-0.0335,9.7901,1.6381,-0.9542,-1.6533
0.1316,-0.0526,9.7877,1.6381,-0.9542,-1.6533
0.1149,-0.0407,9.7925,1.6381,-0.9542,-1.6533
0.134,-0.0311,9.7854,1.6381,-0.9542,-1.6533
0.1484,-0.0407,9.7925,1.6381,-0.9542,-1.6533
0.1484,-0.043,9.783,1.6381,-0.9542,-1.6533
0.1436,-0.043,9.7806,1.6381,-0.9542,-1.6533
0.1532,-0.0287,9.7734,1.6381,-0.9542,-1.6533
0.1268,-0.0383,9.7949,1.6381,-0.9542,-1.6533
0.146,-0.0263,9.7806,1.6381,-0.9542,-1.6533
0.146,-0.0454,9.7686,1.6381,-0.9542,-1.6533
0.1556,-0.0407,9.7925,1.6381,-0.9542,-1.6533
-2.794,0.5746,11.9689,1.6381,-0.9542,-1.6533
0.1173,-0.0263,9.7901,2.3283,-1.0648,-1.674
0.1412,-0.0335,9.7854,2.3283,-1.0648,-1.674
0.1436,-0.0167,9.7973,2.3283,-1.0648,-1.674
-2.8443,0.2561,11.0088,2.3283,-1.0648,-1.674
0.1364,-0.0335,9.7758,2.3283,-1.0648,-1.674
0.158,-0.0287,9.7806,2.6668,-1.2352,-1.5922
0.1484,-0.0239,9.7949,2.6668,-1.2352,-1.5922
0.1268,-0.0335,9.7949,2.6668,-1.2352,-1.5922
0.1268,-0.055,9.783,2.6668,-1.2352,-1.5922
0.1412,-0.0287,9.7925,2.6668,-1.2352,-1.5922
0.1436,-0.0143,9.7997,2.6668,-1.2352,-1.5922
-2.8467,0.0071,10.0367,2.6668,-1.2352,-1.5922
0.1268,-0.0287,9.783,2.9068,-1.2346,-1.4425
0.134,-0.0359,9.7973,2.9068,-1.2346,-1.4425
0.134,-0.0263,9.783,2.9068,-1.2346,-1.4425
0.1316,-0.0263,9.7925,2.9068,-1.2346,-1.4425
0.1268,-0.0239,9.7949,2.9068,-1.2346,-1.4425
0.1412,-0.0407,9.7925,2.9068,-1.2346,-1.4425
0.1508,-0.0263,9.7949,2.9068,-1.2346,-1.4425
0.1412,-0.0263,9.7925,2.9068,-1.2346,-1.4425
0.1364,-0.0215,9.7854,2.9068,-1.2346,-1.4425
0.146,-0.0191,9.7806,2.9068,-1.2346,-1.4425
0.1244,-0.0167,9.7901,2.9068,-1.2346,-1.4425
0.1364,-0.0215,9.7901,2.9068,-1.2346,-1.4425
0.1364,-0.0383,9.7925,2.9068,-1.2346,-1.4425
0.1484,-0.0335,9.7901,2.9068,-1.2346,-1.4425
-3.0813,0.1221,9.3807,2.9068,-1.2346,-1.4425
0.146,-0.0287,9.8021,3.0461,-0.997,-1.2177
0.1221,-0.0311,9.7973,3.0461,-0.997,-1.2177
0.134,-0.0335,9.7925,3.0461,-0.997,-1.2177
0.1197,-0.0359,9.7925,3.0461,-0.997,-1.2177
0.1412,-0.0598,9.7782,3.0461,-0.997,-1.2177
0.1316,-0.0311,9.7806,3.0461,-0.997,-1.2177
0.1244,-0.0239,9.7854,3.0461,-0.997,-1.2177
0.1364,-0.0287,9.7997,3.0461,-0.997,-1.2177
0.1436,-0.0263,9.7949,3.0461,-0.997,-1.2177
0.1532,-0.0502,9.7806,3.0461,-0.997,-1.2177
0.146,-0.0335,9.7949,3.0461,-0.997,-1.2177
0.146,-0.0407,9.783,3.0461,-0.997,-1.2177
0.146,-0.0335,9.7997,3.0461,-0.997,-1.2177
0.1221,-0.0454,9.7925,3.0461,-0.997,-1.2177
0.1508,-0.0478,9.7901,3.0461,-0.997,-1.2177
0.1556,-0.0287,9.7901,3.0461,-0.997,-1.2177
0.1628,-0.0598,9.8069,3.0461,-0.997,-1.2177
0.1556,-0.0622,9.7877,3.0461,-0.997,-1.2177
0.1484,-0.0215,9.7877,3.0461,-0.997,-1.2177
0.1101,-0.0287,9.7925,3.0461,-0.997,-1.2177
-3.9552,0.9265,9.7973,3.1054,-0.6824,-0.9257
0.1508,-0.0311,9.771,3.1054,-0.6824,-0.9257
0.1221,-0.0478,9.7854,3.1054,-0.6824,-0.9257
0.134,-0.0191,9.7854,3.1054,-0.6824,-0.9257
0.1412,-0.0095,9.7997,3.1054,-0.6824,-0.9257
0.146,-0.0383,9.7997,3.1054,-0.6824,-0.9257
0.1412,-0.0263,9.8021,3.1054,-0.6824,-0.9257
0.1388,-0.0215,9.8045,3.1054,-0.6824,-0.9257
0.146,-0.0383,9.7877,3.1054,-0.6824,-0.9257
0.1364,-0.0454,9.7854,3.1054,-0.6824,-0.9257
-4.7572,1.4652,10.0846,3.1151,-0.5828,-0.602
0.1268,-0.0407,9.8117,3.1151,-0.5828,-0.602
0.1197,-0.0335,9.7877,3.1151,-0.5828,-0.602
0.1532,-0.0191,9.7925,3.1151,-0.5828,-0.602
0.1221,-0.0263,9.7901,3.1151,-0.5828,-0.602
0.146,-0.0167,9.7901,3.1151,-0.5828,-0.602
0.1316,-0.0359,9.8021,3.1151,-0.5828,-0.602
0.146,-0.0335,9.7901,3.1151,-0.5828,-0.602
0.1412,-0.0335,9.7949,3.1151,-0.5828,-0.602
0.1316,-0.0502,9.7901,3.1151,-0.5828,-0.602
0.1388,-0.043,9.7806,3.1151,-0.5828,-0.602
0.1268,-0.0263,9.8069,3.1151,-0.5828,-0.602
0.134,-0.0143,9.7997,3.1151,-0.5828,-0.602
0.1412,-0.0311,9.7782,3.1151,-0.5828,-0.602
0.1364,-0.0239,9.8021,3.1151,-0.5828,-0.602
0.134,-0.0239,9.7925,3.1151,-0.5828,-0.602
0.1268,-0.0359,9.8021,3.1151,-0.5828,-0.602
0.1316,-0.0383,9.7806,3.1151,-0.5828,-0.602
-3.7708,0.2082,5.5069,2.4273,-1.4276,-0.1432
0.1316,-0.0335,9.8045,2.4273,-1.4276,-0.1432
0.1436,-0.0167,9.7854,2.4273,-1.4276,-0.1432
0.146,-0.0407,9.783,2.4273,-1.4276,-0.1432
0.1268,-0.0311,9.7925,2.4273,-1.4276,-0.1432
0.134,-0.0215,9.7854,2.4273,-1.4276,-0.1432
0.1268,-0.0215,9.7973,2.4273,-1.4276,-0.1432
0.1364,-0.0478,9.8069,2.4273,-1.4276,-0.1432
0.1388,-0.0335,9.7854,2.4273,-1.4276,-0.1432
0.1364,-0.0263,9.7925,2.4273,-1.4276,-0.1432
0.1221,-0.0263,9.7949,2.4273,-1.4276,-0.1432
0.1244,-0.0359,9.7854,2.4273,-1.4276,-0.1432
0.1268,-0.0335,9.7806,2.4273,-1.4276,-0.1432
0.134,-0.0311,9.8045,2.4273,-1.4276,-0.1432
0.1292,-0.0263,9.7901,2.4273,-1.4276,-0.1432
0.1388,-0.0359,9.7877,2.4273,-1.4276,-0.1432
0.1364,-0.0359,9.783,2.4273,-1.4276,-0.1432
-4.5178,2.5258,6.7471,2.4273,-1.4276,-0.1432
0.1628,-0.0574,9.7806,1.6472,-1.8161,0.0241
0.146,-0.0526,9.7925,1.6472,-1.8161,0.0241
0.1292,-0.0335,9.7806,1.6472,-1.8161,0.0241
0.1484,-0.0359,9.8021,1.6472,-1.8161,0.0241
0.1388,-0.0215,9.7925,1.6472,-1.8161,0.0241
0.1197,-0.0167,9.7949,1.6472,-1.8161,0.0241
0.1221,-0.0311,9.783,1.6472,-1.8161,0.0241
0.1436,-0.0502,9.7806,1.6472,-1.8161,0.0241
0.1412,-0.0311,9.7877,1.6472,-1.8161,0.0241
0.1316,-0.0359,9.7806,1.6472,-1.8161,0.0241
0.1484,-0.0454,9.7925,1.6472,-1.8161,0.0241
0.1364,-0.0407,9.7997,1.6472,-1.8161,0.0241
0.158,-0.0335,9.7877,1.6472,-1.8161,0.0241
0.1508,-0.0359,9.7758,1.6472,-1.8161,0.0241
0.1412,-0.0335,9.7877,1.6472,-1.8161,0.0241
0.1292,-0.0239,9.8069,1.6472,-1.8161,0.0241
0.1197,-0.0478,9.7973,1.6472,-1.8161,0.0241
0.1556,-0.0454,9.7949,1.6472,-1.8161,0.0241
0.1316,-0.0335,9.7997,1.6472,-1.8161,0.0241
0.1292,-0.0191,9.7997,1.6472,-1.8161,0.0241
0.1436,-0.0287,9.7949,1.6472,-1.8161,0.0241
0.1292,-0.043,9.783,1.6472,-1.8161,0.0241
0.1316,-0.0502,9.783,1.6472,-1.8161,0.0241
-4.1467,3.62,5.9163,1.6472,-1.8161,0.0241
0.1292,-0.0335,9.7949,1.2605,-1.8638,0.3601
0.1268,-0.0454,9.783,1.2605,-1.8638,0.3601
0.1388,-0.043,9.7901,1.2605,-1.8638,0.3601
0.1436,-0.0407,9.7997,1.2605,-1.8638,0.3601
0.1556,-0.0263,9.8021,1.2605,-1.8638,0.3601
0.146,-0.0407,9.7854,1.2605,-1.8638,0.3601
0.1388,-0.0263,9.7877,1.2605,-1.8638,0.3601
0.1484,-0.0383,9.8069,1.2605,-1.8638,0.3601
0.1268,-0.0287,9.7997,1.2605,-1.8638,0.3601
0.1221,-0.0311,9.8021,1.2605,-1.8638,0.3601
0.134,-0.0287,9.7901,1.2605,-1.8638,0.3601
0.1388,-0.0311,9.7854,1.2605,-1.8638,0.3601
0.1436,-0.0335,9.8045,1.2605,-1.8638,0.3601
0.1388,-0.0311,9.7877,1.2605,-1.8638,0.3601
-3.1411,3.6798,6.2539,0.8794,-1.661,0.5873
0.146,-0.0383,9.7877,0.8794,-1.661,0.5873
0.1316,-0.0335,9.7949,0.8794,-1.661,0.5873
0.1484,-0.0215,9.7949,0.8794,-1.661,0.5873
0.1436,-0.0287,9.7854,0.8794,-1.661,0.5873
0.1268,-0.0407,9.7806,0.8794,-1.661,0.5873
0.1364,-0.0526,9.7877,0.8794,-1.661,0.5873
0.1268,-0.0215,9.7949,0.8794,-1.661,0.5873
0.1436,-0.0454,9.7949,0.8794,-1.661,0.5873
0.1316,-0.0359,9.7877,0.8794,-1.661,0.5873
0.1484,-0.0359,9.7877,0.8794,-1.661,0.5873
0.1412,-0.043,9.783,0.8794,-1.661,0.5873
0.1244,-0.0383,9.783,0.8794,-1.661,0.5873
0.1149,-0.0407,9.7854,0.8794,-1.661,0.5873
0.1364,-0.0191,9.8045,0.8794,-1.661,0.5873
0.1556,-0.0335,9.7877,0.8794,-1.661,0.5873
0.146,-0.043,9.7686,0.8794,-1.661,0.5873
0.1628,-0.0239,9.7806,0.8794,-1.661,0.5873
0.1221,-0.0191,9.783,0.8794,-1.661,0.5873
0.1316,-0.0574,9.8069,0.8794,-1.661,0.5873
0.1244,-0.0622,9.783,0.5739,-1.3574,0.6374
0.1364,-0.0311,9.783,0.5739,-1.3574,0.6374
0.1292,-0.0335,9.8141,0.5739,-1.3574,0.6374
0.1484,-0.0335,9.783,0.5739,-1.3574,0.6374
0.1292,-0.0359,9.7854,0.5739,-1.3574,0.6374
-1.4484,2.9688,8.5356,0.5739,-1.3574,0.6374
0.1436,-0.0287,9.7949,0.5739,-1.3574,0.6374
0.1221,-0.0239,9.7806,0.5739,-1.3574,0.6374
0.1484,-0.0359,9.783,0.5739,-1.3574,0.6374
0.1604,-0.0239,9.7806,0.5739,-1.3574,0.6374
0.1364,-0.0167,9.7782,0.5739,-1.3574,0.6374
0.1364,-0.0502,9.7949,0.5739,-1.3574,0.6374
0.1292,-0.043,9.7949,0.5739,-1.3574,0.6374
0.1604,-0.0287,9.7925,0.5739,-1.3574,0.6374
0.146,-0.0454,9.7925,0.5739,-1.3574,0.6374
0.1316,-0.043,9.7901,0.5739,-1.3574,0.6374
0.1388,-0.0383,9.7925,0.5739,-1.3574,0.6374
0.1388,-0.0407,9.7973,0.5739,-1.3574,0.6374
0.1436,-0.0287,9.8117,0.5739,-1.3574,0.6374
0.134,-0.0407,9.7901,0.5739,-1.3574,0.6374
0.1532,-0.0263,9.8021,0.5739,-1.3574,0.6374
0.1316,-0.0407,9.7734,0.5739,-1.3574,0.6374
0.1388,-0.0359,9.8021,0.343,-1.2755,0.5855
0.1436,-0.0359,9.8021,0.343,-1.2755,0.5855
0.134,-0.0215,9.7901,0.343,-1.2755,0.5855
0.1292,-0.0311,9.7925,0.343,-1.2755,0.5855
0.1292,-0.0478,9.7877,0.343,-1.2755,0.5855
0.1436,-0.0287,9.7877,0.343,-1.2755,0.5855
0.1508,-0.043,9.8021,0.343,-1.2755,0.5855
0.1484,-0.0335,9.783,0.343,-1.2755,0.5855
-1.4987,2.691,9.2538,0.343,-1.2755,0.5855
0.1412,-0.0263,9.7949,0.249,-1.19,0.4859
0.1364,-0.0359,9.7997,0.249,-1.19,0.4859
0.1316,-0.0407,9.7758,0.249,-1.19,0.4859
0.1388,-0.0407,9.7997,0.249,-1.19,0.4859
0.1364,-0.0263,9.7901,0.249,-1.19,0.4859
0.1412,-0.0239,9.7973,0.249,-1.19,0.4859
-1.7142,2.6503,10.1972,0.249,-1.19,0.4859
0.1364,-0.0215,9.7949,0.2538,-1.0086,0.4266
0.1292,-0.0311,9.7877,0.2538,-1.0086,0.4266
0.1364,-0.0598,9.7949,0.2538,-1.0086,0.4266
0.1268,-0.0239,9.7854,0.2538,-1.0086,0.4266
0.1292,-0.0335,9.783,0.2538,-1.0086,0.4266
0.1388,-0.0311,9.7949,0.2538,-1.0086,0.4266
0.1316,-0.0287,9.8045,0.2538,-1.0086,0.4266
0.1364,-0.0215,9.8141,0.2538,-1.0086,0.4266
0.1388,-0.0239,9.7901,0.2538,-1.0086,0.4266
0.1388,-0.0407,9.7877,0.2538,-1.0086,0.4266
0.1364,-0.0407,9.7877,0.2538,-1.0086,0.4266
0.1292,-0.0191,9.7901,0.2538,-1.0086,0.4266
0.1484,-0.0335,9.7925,0.2538,-1.0086,0.4266
0.1292,-0.0287,9.8021,0.2538,-1.0086,0.4266
0.1412,-0.0287,9.8021,0.2538,-1.0086,0.4266
0.1292,-0.0167,9.8021,0.2538,-1.0086,0.4266
0.1436,-0.0311,9.7854,0.2538,-1.0086,0.4266
0.1292,-0.0287,9.7854,0.2538,-1.0086,0.4266
-2.0614,2.6695,11.0806,0.2538,-1.0086,0.4266
0.134,-0.0167,9.7806,0.3687,-0.9194,0.426
0.1244,-0.0311,9.8045,0.3687,-0.9194,0.426
0.1316,-0.0359,9.7973,0.3687,-0.9194,0.426
0.1388,-0.0383,9.7925,0.3687,-0.9194,0.426
0.1484,-0.0311,9.8045,0.3687,-0.9194,0.426
0.1436,-0.0191,9.8069,0.3687,-0.9194,0.426
0.1197,-0.0191,9.8213,0.3687,-0.9194,0.426
0.1364,-0.0311,9.7901,0.3687,-0.9194,0.426
0.1292,-0.0287,9.7758,0.3687,-0.9194,0.426
0.1508,-0.0311,9.7854,0.3687,-0.9194,0.426
0.1316,-0.0574,9.783,0.3687,-0.9194,0.426
0.1436,-0.0287,9.7877,0.3687,-0.9194,0.426
0.1412,-0.0335,9.8069,0.3687,-0.9194,0.426
0.1316,-0.0287,9.7973,0.3687,-0.9194,0.426
0.1412,-0.0407,9.8045,0.3687,-0.9194,0.426
0.1364,-0.0383,9.7925,0.3687,-0.9194,0.426
0.1412,-0.0263,9.7758,0.3687,-0.9194,0.426
0.1364,-0.0263,9.7854,0.3687,-0.9194,0.426
0.134,-0.0287,9.8093,0.3687,-0.9194,0.426
0.1197,-0.0311,9.7949,0.3687,-0.9194,0.426
0.1436,-0.043,9.7901,0.3687,-0.9194,0.426
-2.1236,2.6767,11.2913,0.5666,-0.934,0.4841
0.134,-0.0502,9.7877,0.5666,-0.934,0.4841
0.1316,-0.0383,9.7973,0.5666,-0.934,0.4841
0.1149,-0.0287,9.7949,0.5666,-0.934,0.4841
0.134,-0.0191,9.8069,0.5666,-0.934,0.4841
0.134,-0.0119,9.7877,0.5666,-0.934,0.4841
0.1388,-0.0407,9.783,0.5666,-0.934,0.4841
0.1316,-0.0311,9.7854,0.5666,-0.934,0.4841
0.146,-0.0407,9.8021,0.5666,-0.934,0.4841
0.1508,-0.0311,9.7925,0.5666,-0.934,0.4841
0.1436,-0.0383,9.7997,0.5666,-0.934,0.4841
0.1292,-0.0454,9.7758,0.5666,-0.934,0.4841
0.1556,-0.0335,9.7973,0.5666,-0.934,0.4841
0.146,-0.0311,9.7973,0.5666,-0.934,0.4841
0.146,-0.043,9.7854,0.5666,-0.934,0.4841
0.1388,-0.0311,9.7925,0.5666,-0.934,0.4841
0.134,-0.043,9.8093,0.5666,-0.934,0.4841
0.1388,-0.0191,9.7925,0.5666,-0.934,0.4841
0.1436,-0.0239,9.7901,0.5666,-0.934,0.4841
0.1364,-0.0215,9.7997,0.5666,-0.934,0.4841
0.134,-0.0191,9.7949,0.5666,-0.934,0.4841
0.1316,-0.0287,9.7925,0.5666,-0.934,0.4841
0.1388,-0.0526,9.7997,0.5666,-0.934,0.4841
-1.482,2.8155,11.3081,0.5666,-0.934,0.4841
0.1412,-0.0263,9.783,0.8421,-0.8717,0.5659
0.1436,-0.0287,9.783,0.8421,-0.8717,0.5659
0.1316,-0.0239,9.7973,0.8421,-0.8717,0.5659
0.1388,-0.0383,9.783,0.8421,-0.8717,0.5659
0.1412,-0.0167,9.7877,0.8421,-0.8717,0.5659
0.1364,-0.0287,9.7901,0.8421,-0.8717,0.5659
0.1292,-0.0311,9.7877,0.8421,-0.8717,0.5659
0.1412,-0.0263,9.7734,0.8421,-0.8717,0.5659
0.1388,-0.0335,9.7877,0.8421,-0.8717,0.5659
0.1197,-0.0359,9.7949,0.8421,-0.8717,0.5659
0.1292,-0.0383,9.7806,0.8421,-0.8717,0.5659
0.1268,-0.0239,9.7758,0.8421,-0.8717,0.5659
0.1388,-0.0215,9.7901,0.8421,-0.8717,0.5659
0.1412,-0.0359,9.7877,0.8421,-0.8717,0.5659
0.1556,-0.0526,9.7949,1.3565,-0.6488,0.5989
0.1532,-0.0502,9.7854,1.3565,-0.6488,0.5989
0.1364,-0.0383,9.7854,1.3565,-0.6488,0.5989
0.1197,-0.0215,9.7758,1.3565,-0.6488,0.5989
0.1388,-0.0191,9.7806,1.3565,-0.6488,0.5989
0.1508,-0.0311,9.7877,1.3565,-0.6488,0.5989
0.1316,-0.043,9.7925,1.3565,-0.6488,0.5989
0.1364,-0.0478,9.783,1.3565,-0.6488,0.5989
0.1412,-0.0167,9.7973,1.3565,-0.6488,0.5989
0.1436,-0.055,9.783,1.3565,-0.6488,0.5989
0.1268,-0.0335,9.7758,1.3565,-0.6488,0.5989
0.1532,-0.0454,9.8069,1.3565,-0.6488,0.5989
0.1316,-0.043,9.7877,1.3565,-0.6488,0.5989
0.134,-0.0335,9.7997,1.3565,-0.6488,0.5989
0.1484,-0.0526,9.7877,1.3565,-0.6488,0.5989
0.1436,-0.0143,9.8045,1.3565,-0.6488,0.5989
0.1436,-0.0383,9.7854,1.3565,-0.6488,0.5989
0.1508,-0.0359,9.7901,1.3565,-0.6488,0.5989
0.1364,-0.0383,9.7901,1.7095,-0.6451,0.4981
0.1436,-0.0383,9.7686,1.7095,-0.6451,0.4981
0.1364,-0.0191,9.7806,1.7095,-0.6451,0.4981
0.1412,-0.0311,9.783,1.7095,-0.6451,0.4981
0.1484,-0.0502,9.7758,1.7095,-0.6451,0.4981
0.1436,-0.0311,9.7782,1.7095,-0.6451,0.4981
0.1292,-0.0383,9.8069,1.7095,-0.6451,0.4981
0.134,-0.0311,9.8069,1.7095,-0.6451,0.4981
0.1364,-0.0407,9.783,1.7095,-0.6451,0.4981
0.1388,-0.0263,9.7782,1.7095,-0.6451,0.4981
0.1436,-0.0574,9.7854,1.7095,-0.6451,0.4981
0.146,-0.0335,9.8117,1.7095,-0.6451,0.4981
0.1388,-0.0335,9.7877,1.7095,-0.6451,0.4981
0.1221,-0.0359,9.7782,1.7095,-0.6451,0.4981
0.1316,-0.0383,9.7854,1.7095,-0.6451,0.4981
0.1364,-0.0359,9.783,1.7095,-0.6451,0.4981
0.1244,-0.0383,9.7854,1.7095,-0.6451,0.4981
0.1221,-0.0359,9.7901,1.7095,-0.6451,0.4981
0.1173,-0.0407,9.7901,1.7095,-0.6451,0.4981
0.1508,-0.0215,9.783,1.7095,-0.6451,0.4981
-0.0023,3.3686,9.5459,1.7095,-0.6451,0.4981
0.1532,-0.0287,9.7973,1.9881,-0.719,0.3344
0.134,-0.0311,9.8021,1.9881,-0.719,0.3344
0.1388,-0.0263,9.7901,1.9881,-0.719,0.3344
0.1292,-0.0239,9.7901,1.9881,-0.719,0.3344
0.1364,-0.0359,9.8045,1.9881,-0.719,0.3344
0.134,-0.0263,9.7877,1.9881,-0.719,0.3344
0.1292,-0.0287,9.7806,1.9881,-0.719,0.3344
0.1412,-0.0311,9.7949,1.9881,-0.719,0.3344
0.1364,-0.0454,9.7806,1.9881,-0.719,0.3344
0.146,-0.0359,9.8165,1.9881,-0.719,0.3344
0.1173,-0.0287,9.7901,1.9881,-0.719,0.3344
0.1412,-0.043,9.7997,1.9881,-0.719,0.3344
0.1388,-0.0383,9.7925,1.9881,-0.719,0.3344
0.1388,-0.0574,9.8021,1.9881,-0.719,0.3344
0.134,-0.0407,9.7925,1.9881,-0.719,0.3344
0.1316,-0.0359,9.7806,1.9881,-0.719,0.3344
0.146,-0.0383,9.7877,1.9881,-0.719,0.3344
0.1388,-0.0359,9.7734,1.9881,-0.719,0.3344
0.1316,-0.0526,9.7806,1.9881,-0.719,0.3344
0.1436,-0.0454,9.7806,1.9881,-0.719,0.3344
0.1508,-0.0454,9.7973,1.9881,-0.719,0.3344
0.1436,-0.0311,9.7877,1.9881,-0.719,0.3344
0.134,-0.0191,9.7973,1.9881,-0.719,0.3344
0.1484,-0.0407,9.7997,1.9881,-0.719,0.3344
0.1316,-0.0311,9.8045,1.9881,-0.719,0.3344
0.1364,-0.0191,9.8093,1.9881,-0.719,0.3344
0.1412,-0.0167,9.7854,1.9881,-0.719,0.3344
0.1292,-0.0383,9.8069,1.9881,-0.719,0.3344
0.1292,-0.0478,9.7806,1.9881,-0.719,0.3344
0.1173,-0.0335,9.7973,1.9881,-0.719,0.3344
0.134,-0.0359,9.8093,1.9881,-0.719,0.3344
0.134,-0.0335,9.7997,1.9881,-0.719,0.3344
0.1149,-0.0407,9.7973,1.9881,-0.719,0.3344
0.1484,-0.0383,9.7973,1.9881,-0.719,0.3344
0.1244,-0.0335,9.7973,1.9881,-0.719,0.3344
0.1292,-0.0383,9.7901,2.051,-0.8058,-0.0986
0.134,-0.0478,9.7758,2.051,-0.8058,-0.0986
0.1436,-0.0407,9.7925,2.051,-0.8058,-0.0986
0.1412,-0.0119,9.7949,2.051,-0.8058,-0.0986
0.1292,-0.0143,9.7997,2.051,-0.8058,-0.0986
0.146,-0.0407,9.7877,2.051,-0.8058,-0.0986
0.1388,-0.0311,9.7997,2.051,-0.8058,-0.0986
0.1316,-0.0215,9.7973,2.051,-0.8058,-0.0986
0.1316,-0.0287,9.7997,2.051,-0.8058,-0.0986
0.1364,-0.0335,9.7973,2.051,-0.8058,-0.0986
0.1436,-0.0383,9.7973,2.051,-0.8058,-0.0986
0.1412,-0.0191,9.8021,2.051,-0.8058,-0.0986
0.1388,-0.0263,9.7758,2.051,-0.8058,-0.0986
0.134,-0.0359,9.7901,2.051,-0.8058,-0.0986
0.1268,-0.0359,9.8141,2.051,-0.8058,-0.0986
0.1316,-0.043,9.8045,2.051,-0.8058,-0.0986
0.1388,-0.0263,9.7782,2.051,-0.8058,-0.0986
0.1388,-0.0287,9.7949,2.051,-0.8058,-0.0986
0.1292,-0.0263,9.7854,2.051,-0.8058,-0.0986
0.1532,-0.043,9.7997,2.051,-0.8058,-0.0986
0.1436,-0.0383,9.783,2.051,-0.8058,-0.0986
-1.2545,3.9025,6.6873,1.6937,-0.7673,-0.3558
0.1628,-0.0454,9.783,1.6937,-0.7673,-0.3558
0.1316,-0.0335,9.7877,1.6937,-0.7673,-0.3558
0.1364,-0.0478,9.7806,1.6937,-0.7673,-0.3558
0.1292,-0.0239,9.7949,1.6937,-0.7673,-0.3558
0.1268,-0.0454,9.8117,1.6937,-0.7673,-0.3558
0.158,-0.0263,9.783,1.6937,-0.7673,-0.3558
0.1268,-0.0167,9.7734,1.6937,-0.7673,-0.3558
0.1292,-0.0263,9.7877,1.6937,-0.7673,-0.3558
0.1292,-0.0119,9.7806,1.6937,-0.7673,-0.3558
0.1221,-0.0335,9.7925,1.6937,-0.7673,-0.3558
0.1508,-0.0526,9.783,1.6937,-0.7673,-0.3558
0.1484,-0.0359,9.7997,1.6937,-0.7673,-0.3558
0.1268,-0.0407,9.7973,1.6937,-0.7673,-0.3558
0.1292,-0.0287,9.7949,1.6937,-0.7673,-0.3558
0.1364,-0.0239,9.7925,1.6937,-0.7673,-0.3558
0.1221,-0.0215,9.7973,1.6937,-0.7673,-0.3558
0.1244,-0.0454,9.7949,1.6937,-0.7673,-0.3558
0.1292,-0.0478,9.7734,1.6937,-0.7673,-0.3558
0.1412,-0.0454,9.7877,1.6937,-0.7673,-0.3558
-2.0302,3.7277,6.7687,1.3949,-0.708,-0.3814
0.146,-0.0311,9.7925,1.3949,-0.708,-0.3814
0.1484,-0.0095,9.7806,1.3949,-0.708,-0.3814
0.1436,-0.0191,9.7806,1.3949,-0.708,-0.3814
0.1316,-0.043,9.8045,1.3949,-0.708,-0.3814
0.1508,-0.0407,9.7758,1.3949,-0.708,-0.3814
0.1412,-0.0454,9.8093,1.3949,-0.708,-0.3814
0.1221,-0.0287,9.7949,1.3949,-0.708,-0.3814
0.1388,-0.0263,9.783,1.3949,-0.708,-0.3814
0.1436,-0.0359,9.7973,1.3949,-0.708,-0.3814
0.134,-0.0335,9.7949,1.3949,-0.708,-0.3814
0.1412,-0.0359,9.7949,1.3949,-0.708,-0.3814
0.158,-0.0502,9.7734,1.3949,-0.708,-0.3814
0.1388,-0.0454,9.7806,1.3949,-0.708,-0.3814
0.1268,-0.0239,9.783,1.3949,-0.708,-0.3814
0.1484,-0.0263,9.7877,1.3949,-0.708,-0.3814
0.1484,-0.0335,9.7973,1.3949,-0.708,-0.3814
0.1484,-0.0359,9.7877,1.3949,-0.708,-0.3814
0.1364,-0.0335,9.7758,1.3949,-0.708,-0.3814
0.1388,-0.0335,9.8021,1.3949,-0.708,-0.3814
0.1388,-0.0287,9.7997,1.3949,-0.708,-0.3814
0.1532,-0.0502,9.8165,1.3949,-0.708,-0.3814
0.134,-0.043,9.7997,1.3949,-0.708,-0.3814
0.1388,-0.0359,9.8021,1.3949,-0.708,-0.3814
0.1316,-0.0407,9.7854,1.3949,-0.708,-0.3814
0.146,-0.0287,9.8045,1.3949,-0.708,-0.3814
0.1436,-0.043,9.7973,1.3949,-0.708,-0.3814
0.146,-0.0359,9.7854,1.3949,-0.708,-0.3814
-2.6503,3.675,7.2379,1.1231,-0.6268,-0.291
0.1268,-0.0454,9.783,1.1231,-0.6268,-0.291
0.1221,-0.0239,9.7877,1.1231,-0.6268,-0.291
0.1364,-0.0359,9.7925,1.1231,-0.6268,-0.291
0.1364,-0.0383,9.783,1.1231,-0.6268,-0.291
0.1316,-0.0502,9.7949,1.1231,-0.6268,-0.291
0.1532,-0.043,9.8021,1.1231,-0.6268,-0.291
0.1532,-0.0311,9.7901,1.1231,-0.6268,-0.291
0.1412,-0.0359,9.8045,1.1231,-0.6268,-0.291
0.1125,-0.0239,9.771,1.1231,-0.6268,-0.291
0.134,-0.0287,9.783,1.1231,-0.6268,-0.291
0.1388,-0.0239,9.7973,1.1231,-0.6268,-0.291
0.1364,-0.0359,9.8021,1.1231,-0.6268,-0.291
0.1244,-0.0478,9.7925,1.1231,-0.6268,-0.291
-2.6384,3.8259,7.3696,1.1231,-0.6268,-0.291
0.1556,-0.0335,9.7854,0.891,-0.482,-0.1444
0.1316,-0.0311,9.783,0.891,-0.482,-0.1444
0.1316,-0.0359,9.7925,0.891,-0.482,-0.1444
0.146,-0.0407,9.8021,0.891,-0.482,-0.1444
0.1484,-0.0359,9.783,0.891,-0.482,-0.1444
0.1316,-0.0143,9.8021,0.891,-0.482,-0.1444
0.1412,-0.0407,9.7877,0.891,-0.482,-0.1444
0.1364,-0.0359,9.7925,0.891,-0.482,-0.1444
0.1436,-0.0454,9.7877,0.891,-0.482,-0.1444
0.1412,-0.0311,9.7925,0.891,-0.482,-0.1444
0.1197,-0.0502,9.7877,0.891,-0.482,-0.1444
0.1388,-0.0239,9.7901,0.891,-0.482,-0.1444
0.1125,-0.0311,9.7877,0.891,-0.482,-0.1444
0.1197,-0.043,9.7973,0.891,-0.482,-0.1444
0.1436,-0.0359,9.7638,0.891,-0.482,-0.1444
0.146,-0.0407,9.783,0.891,-0.482,-0.1444
