andar
-0.7448,-3.6891,-1.0372,0.021,0.7776,-0.3944
-0.9534,-3.9118,-0.7257,-0.2644,0.6167,-0.487
-1.1593,-4.2832,-0.2633,-0.5435,0.4378,-0.552
-1.3844,-4.7357,0.3426,-0.7927,0.2183,-0.5904
-1.6624,-5.1574,1.1809,-1.0164,-0.0703,-0.633
-1.7941,-5.694,2.0673,-1.1997,-0.3685,-0.6841
-1.7941,-5.694,2.0673,-1.4745,-0.8031,-0.7619
-1.854,-6.4508,3.1142,-1.5746,-0.9299,-0.7768
-2.3044,-7.4115,4.2353,-1.6163,-1.0023,-0.7587
-3.3081,-9.3424,7.656,-1.6163,-1.0023,-0.7587
-3.3081,-9.3424,7.656,-1.3722,-0.6955,-0.6106
-3.4183,-10.4707,9.4119,-1.14,-0.2663,-0.4615
-2.8266,-13.3141,11.3233,-1.14,-0.2663,-0.4615
-2.8266,-13.3141,11.3233,-0.5893,0.8692,-0.1142
-2.762,-16.294,9.4837,-0.5893,0.8692,-0.1142
-2.762,-16.294,9.4837,0.1137,1.0971,0.086
-2.6877,-15.5682,8.3147,0.4396,0.6806,0.0199
-2.8482,-9.6249,7.3612,0.4396,0.6806,0.0199
-3.0469,-7.6225,6.4341,0.6505,0.3877,-0.0982
-2.0147,-6.9348,4.7141,0.7006,0.4047,-0.1611
-2.0147,-6.9348,4.7141,0.3171,0.5187,-0.373
-2.0362,-7.6081,3.1046,-0.0237,0.3419,-0.4721
-3.7059,-13.35,-0.9989,-0.0237,0.3419,-0.4721
-4.0866,-17.4199,-0.8119,-0.4508,0.0255,-0.4934
-2.3235,-20.0071,2.9942,-0.6969,-0.425,-0.3699
-1.0803,-18.7229,7.3109,-0.3347,-0.8394,-0.1291
-2.8003,-13.4482,4.3957,0.5461,-0.8937,0.0689
-2.9727,-5.2124,-3.1381,1.0777,-0.1246,0.2138
0.7353,-0.9726,-8.6116,0.8231,0.5017,0.2607
3.8974,-0.5677,-9.0141,-0.0098,0.1512,0.0711
2.4432,-2.0482,-4.0746,-0.8002,-0.7872,-0.34
-0.2633,-5.7538,2.4384,-1.2252,-1.6851,-0.6319
-0.0071,-9.5148,1.394,-1.1986,-1.6532,-0.5786
2.7404,-12.5641,-1.8276,-1.123,-1.2985,-0.4093
2.7404,-12.5641,-1.8276,-1.6397,-1.8652,-0.4849
5.4593,-15.4461,-0.8023,-1.6397,-1.8652,-0.4849
3.1884,-13.1773,0.3354,-1.7218,-2.01,-0.6202
0.1532,-10.0323,0.8286,-1.5608,-1.732,-0.6766
-2.0554,-7.8332,1.1282,-1.3605,-1.2495,-0.5616
-2.0554,-7.8332,1.1282,-1.2135,-0.7094,-0.0567
-2.3475,-6.4197,1.0348,-1.2135,-0.7094,-0.0567
-1.1689,-7.1146,0.7855,-1.2263,-0.9086,0.1467
-0.2777,-8.8441,0.503,-1.3073,-1.1664,0.2149
-0.2777,-8.8441,0.503,-1.4873,-1.5914,0.0956
1.3221,-11.587,0.055,-1.4873,-1.5914,0.0956
1.3221,-11.587,0.055,-1.401,-1.9589,-0.144
1.5954,-11.4933,-0.2178,-1.401,-1.9589,-0.144
1.0995,-10.4444,-0.0191,-1.319,-1.9131,-0.2143
0.7496,-9.2778,0.2971,-1.2423,-1.682,-0.2282
0.7496,-9.2778,0.2971,-1.123,-1.1781,-0.1185
0.527,-7.9433,0.3785,-1.123,-1.1781,-0.1185
0.6563,-8.063,0.2777,-1.0985,-1.0386,-0.0226
0.7879,-8.4512,0.1604,-1.1027,-1.0247,0.0668
0.7879,-8.4512,0.1604,-1.1549,-0.9661,0.1541
1.1474,-9.1913,0.3402,-1.1549,-0.9661,0.1541
1.1474,-9.1913,0.3402,-1.1688,-0.6327,0.1509
1.1689,-9.1027,0.3857,-1.1837,-0.4953,0.1531
1.133,-8.7436,0.5222,-1.2029,-0.4228,0.1499
0.6515,-8.2285,0.4528,-1.2029,-0.4228,0.1499
0.2035,-8.2668,0.4025,-1.2359,-0.4356,0.1552
0.2035,-8.2668,0.4025,-1.3275,-0.4197,0.2308
-0.4073,-8.746,0.1628,-1.3275,-0.4197,0.2308
-0.4432,-8.9279,0.0215,-1.3722,-0.4207,0.2894
-0.4432,-8.9279,0.0215,-1.4692,-0.4527,0.3619
-0.5844,-8.9207,-0.1412,-1.4692,-0.4527,0.3619
-0.5844,-8.9207,-0.1412,-1.4915,-0.4623,0.4716
0.6251,-9.431,0.5006,-1.4915,-0.4623,0.4716
1.4781,-10.0275,0.9127,-1.4223,-0.4527,0.5451
2.3953,-10.7388,0.9774,-1.2742,-0.4271,0.6058
2.1583,-11.1821,0.7113,-1.0921,-0.426,0.5898
1.2384,-11.3688,0.7808,-0.9536,-0.3973,0.479
1.2384,-11.3688,0.7808,-0.7192,-0.2748,0.2969
0.661,-11.4287,1.315,-0.535,-0.2822,0.2628
1.2599,-12.0996,1.7103,-0.535,-0.2822,0.2628
1.2599,-12.0996,1.7103,-0.2271,-0.573,0.1669
0.9654,-12.3774,1.5212,-0.095,-0.7541,0.152
-0.6227,-12.5833,2.1607,-0.095,-0.7541,0.152
-0.7425,-12.8565,2.7189,0.0497,-0.8958,0.1595
-0.7425,-12.8565,2.7189,0.4609,-0.948,0.2596
1.9907,-13.9369,2.7308,0.4609,-0.948,0.2596
3.277,-14.8733,2.4887,0.7358,-0.7616,0.2713
3.5571,-15.1346,2.1248,1.0436,-0.4324,0.2053
2.7763,-15.0939,1.3389,1.3951,-0.0852,0.1307
0.5389,-14.1356,0.8984,1.7722,0.1842,0.0753
-2.6494,-12.3917,1.7103,2.1088,0.4676,0.0061
-2.6494,-12.3917,1.7103,2.8247,1.0204,0.2479
-3.9094,-9.9078,1.1282,2.8247,1.0204,0.2479
-2.4337,-9.3999,0.0478,3.1124,1.0428,0.4439
-1.1785,-9.9772,-0.776,3.1987,0.8372,0.5291
-1.0396,-11.9294,-1.1809,3.1327,0.4846,0.5046
-2.1775,-14.2817,-1.8252,2.9834,0.1555,0.4258
-3.119,-15.5515,-2.3523,2.8204,0.0063,0.3491
-3.119,-15.5515,-2.3523,2.4561,0.2865,0.1424
-3.4422,-15.3908,-2.7931,2.2409,0.8585,0.0061
-3.0804,-12.3223,-1.7223,2.2409,0.8585,0.0061
-3.0804,-12.3223,-1.7223,2.2463,2.0921,-0.1089
-2.0171,-11.4742,-1.1665,2.4465,2.4927,0.0039
-1.382,-11.1294,-0.2202,2.65,2.6206,0.1978
-0.4168,-10.655,0.1747,2.7437,2.5875,0.332
0.4121,-10.4084,0.4863,2.7331,2.3308,0.4045
1.4278,-9.9125,0.3714,2.7331,2.3308,0.4045
1.0372,-9.5435,-0.0287,2.5712,2.0271,0.3512
0.2178,-9.0476,-0.1173,2.3006,1.7853,0.2117
0.2178,-9.0476,-0.1173,1.8447,1.4348,-0.0311
-1.5331,-8.2237,-0.2418,1.8447,1.4348,-0.0311
-1.5331,-8.2237,-0.2418,1.5879,1.2303,-0.1621
-2.1104,-8.0654,-0.369,1.4633,1.1248,-0.2047
-2.3379,-7.7829,-0.4719,1.3131,1.0343,-0.2495
-2.3139,-7.3157,-0.5557,1.1469,0.9853,-0.3059
-2.0841,-6.2306,-0.5892,1.1469,0.9853,-0.3059
-1.7773,-5.7203,-0.6706,0.9818,0.9629,-0.3517
-1.7342,-5.2507,-0.7616,0.8071,0.9512,-0.3805
-1.909,-4.8605,-0.8239,0.6122,0.9288,-0.4103
-2.1152,-4.6615,-0.9151,0.4023,0.8511,-0.437
-2.2613,-4.7429,-0.9127,0.1754,0.7243,-0.4657
-2.2613,-4.7429,-0.9127,-0.3166,0.3749,-0.5509
-2.592,-5.1286,-0.5749,-0.3166,0.3749,-0.5509
-2.7237,-5.4067,-0.0335,-0.5414,0.1459,-0.5776
-2.6806,-5.5671,0.6275,-0.7246,-0.1011,-0.568
-2.5944,-5.8161,1.2671,-0.8439,-0.376,-0.5318
-1.9282,-6.3335,1.8109,-0.9195,-0.6338,-0.4817
-1.9282,-6.3335,1.8109,-1.0953,-0.9587,-0.4519
-1.3796,-7.469,3.3943,-1.0953,-0.9587,-0.4519
-1.5786,-7.9768,4.6998,-1.1922,-1.062,-0.4668
-1.5786,-7.9768,4.6998,-1.2913,-1.1099,-0.5339
-1.6648,-9.1075,8.0247,-1.2913,-1.1099,-0.5339
-1.6648,-9.1075,8.0247,-1.1805,-0.6114,-0.6223
-1.4374,-10.0562,9.4645,-1.0761,-0.1821,-0.5978
-0.5461,-13.4697,11.0025,-1.0761,-0.1821,-0.5978
-0.7137,-14.9933,10.8801,-0.9206,0.2226,-0.4955
-0.7137,-14.9933,10.8801,-0.2889,0.3238,-0.2079
-1.8683,-14.1332,9.3688,-0.2889,0.3238,-0.2079
-1.8683,-14.1332,9.3688,0.5536,-0.2098,-0.1728
-2.5055,-11.5176,8.4129,0.7038,0.0234,-0.1675
-2.6015,-6.8366,5.1741,0.7038,0.0234,-0.1675
-2.5297,-6.3239,2.7667,0.6378,0.3813,-0.144
-3.4159,-7.814,0.7353,0.4119,0.5592,-0.1717
-3.4159,-7.814,0.7353,-0.3272,0.2183,-0.1525
-4.422,-10.5808,-1.3509,-0.8332,-0.2513,-0.0737
-3.6361,-14.8087,-2.4624,-0.8332,-0.2513,-0.0737
-3.9716,-17.6641,-0.2657,-1.1081,-0.7935,-0.0439
-3.9716,-17.6641,-0.2657,-0.1185,-1.3176,0.1978
-4.1344,-16.4352,6.7241,-0.1185,-1.3176,0.1978
-4.1344,-16.4352,6.7241,0.7507,-0.2258,0.4386
-2.7165,-9.8264,1.3916,0.2681,-0.2151,0.2607
3.4614,-1.4829,-8.1325,0.2681,-0.2151,0.2607
3.4614,-1.4829,-8.1325,-1.1443,-2.0367,-0.4764
5.761,-0.7425,-9.7279,-1.6248,-2.5321,-0.6681
2.6973,-3.7777,-3.6242,-1.548,-1.9866,-0.3848
-0.2633,-7.9505,2.8458,-1.3637,-1.4828,-0.0908
0.9726,-10.8274,1.1162,-1.4958,-1.6308,0.0487
5.2028,-15.6449,-1.6169,-1.4958,-1.6308,0.0487
4.1057,-13.5703,-1.2647,-1.6238,-1.878,-0.0013
1.1546,-10.6862,-0.3115,-1.5929,-1.8535,-0.1675
-1.1234,-8.5134,0.1388,-1.4969,-1.6159,-0.1802
-1.1234,-8.5134,0.1388,-1.4553,-1.0662,0.1456
-1.9955,-6.5948,0.079,-1.4553,-1.0662,0.1456
-1.042,-6.8677,0.0622,-1.5331,-1.0918,0.3182
-0.1268,-7.9122,-0.055,-1.6355,-1.2825,0.4034
0.7065,-9.5483,-0.3163,-1.7228,-1.6148,0.3864
1.5068,-10.4611,-0.7616,-1.7921,-1.9802,0.3299
2.2685,-10.9522,-1.1833,-1.8443,-2.2039,0.2404
2.6614,-10.4946,-1.6648,-1.8645,-2.2508,0.136
2.6614,-10.4946,-1.6648,-1.8762,-1.9302,-0.0567
2.6973,-9.7877,-1.7223,-1.8485,-1.5669,-0.0822
2.1727,-8.4488,-0.5222,-1.8485,-1.5669,-0.0822
1.4302,-8.4153,0.3785,-1.7793,-1.1525,-0.0641
0.6754,-8.9854,1.1881,-1.6696,-0.7488,-0.0119
0.6754,-8.9854,1.1881,-1.4074,-0.2748,0.1275
0.582,-10.3866,2.2206,-1.4074,-0.2748,0.1275
0.7018,-10.6981,2.6901,-1.303,-0.1363,0.1435
0.8649,-10.5832,2.8601,-1.1826,0.0138,0.1318
0.8864,-10.2597,2.4576,-1.0292,0.1661,0.1233
0.6994,-9.9796,1.7773,-0.8844,0.2513,0.1328
0.6994,-9.9796,1.7773,-0.748,0.2545,0.2074
0.2971,-9.7063,1.2934,-0.7363,0.2758,0.2724
0.0478,-9.4933,0.8625,-0.7491,0.3057,0.3363
-0.1484,-9.443,0.1795,-0.7491,0.3057,0.3363
-0.2442,-9.5723,-0.1508,-0.7714,0.3451,0.3938
-0.2298,-9.8862,-0.345,-0.8045,0.3749,0.4503
-0.2418,-10.2741,-0.3737,-0.846,0.3504,0.4971
-0.0598,-10.5832,-0.134,-0.8801,0.245,0.5206
-0.0598,-10.5832,-0.134,-0.8386,0.1097,0.5792
1.2982,-10.825,0.6754,-0.8386,0.1097,0.5792
1.502,-10.8346,0.6251,-0.731,0.1033,0.5792
1.502,-10.8346,0.6251,-0.4657,0.1193,0.4247
0.8529,-10.8825,0.582,-0.4657,0.1193,0.4247
0.8529,-10.8825,0.582,-0.176,0.1949,0.2926
1.0684,-11.0001,0.8406,-0.0205,0.2162,0.2649
1.7151,-11.2826,0.9654,0.0924,0.1182,0.2255
0.5054,-11.9246,0.9463,0.0924,0.1182,0.2255
0.5054,-11.9246,0.9463,0.217,-0.4846,0.1435
-1.3964,-11.8551,1.2192,0.3022,-0.7073,0.185
-2.6973,-11.5391,1.5571,0.4109,-0.6934,0.2745
-1.3605,-11.824,2.0506,0.4109,-0.6934,0.2745
0.4935,-12.5929,2.369,0.5696,-0.4825,0.3725
0.4935,-12.5929,2.369,1.1491,-0.0031,0.4364
2.5198,-12.8278,1.8228,1.1491,-0.0031,0.4364
2.9679,-13.048,1.2384,1.5027,0.1161,0.3885
2.9679,-13.048,1.2384,2.1301,0.5411,0.152
0.4815,-13.2997,1.382,2.1301,0.5411,0.152
0.4815,-13.2997,1.382,2.6798,1.03,-0.0268
-2.5537,-11.2204,0.7592,2.6798,1.03,-0.0268
-2.5968,-10.3965,0.2082,2.9419,1.1909,0.0476
-1.7989,-10.3674,-0.6706,3.1209,1.2409,0.1339
-1.3988,-11.2874,-1.6074,3.1721,1.1152,0.1659
-1.4853,-12.811,-1.672,3.0602,0.899,0.1786
-1.7079,-13.8699,-1.4757,2.8907,0.7211,0.1797
-1.7079,-13.8699,-1.4757,2.5989,1.0833,0.0647
-1.5834,-13.3859,-1.2192,2.5989,1.0833,0.0647
-1.5906,-12.1858,-0.6491,2.4327,1.6447,-0.078
-1.145,-11.4191,-0.1077,2.3336,2.2007,-0.2197
-0.7425,-11.3999,0.2947,2.4018,2.4224,-0.3187
-0.4599,-11.4287,0.6587,2.5285,2.5875,-0.3326
-0.4599,-11.4287,0.6587,2.7427,2.6259,-0.1121
-0.0335,-11.364,1.0947,2.7863,2.317,-0.0162
1.5882,-10.6766,0.9295,2.7863,2.317,-0.0162
1.739,-10.6359,0.2753,2.6979,1.9621,-0.046
0.9894,-10.3363,-0.0502,2.4476,1.8609,-0.192
0.9894,-10.3363,-0.0502,1.9725,1.8151,-0.4497
0.0454,-9.6034,-0.2609,1.8276,1.7107,-0.486
-0.6754,-8.7962,-0.5006,1.6881,1.6553,-0.4785
-1.1522,-8.2046,-0.7233,1.5581,1.6415,-0.4593
-1.5499,-7.7039,-0.7975,1.4505,1.6489,-0.4316
-1.6241,-6.839,-0.951,1.4505,1.6489,-0.4316
-1.6576,-6.3048,-0.8262,1.3248,1.6479,-0.4061
-1.4565,-5.7155,-0.8649,1.1725,1.6159,-0.3709
-1.4565,-5.7155,-0.8649,0.8007,1.6159,-0.3368
-1.9425,-4.7285,-0.8191,0.8007,1.6159,-0.3368
-1.9425,-4.7285,-0.8191,0.331,1.4881,-0.3571
-2.1942,-4.3047,-0.8625,0.331,1.4881,-0.3571
-2.1033,-4.3502,-0.8119,0.0828,1.323,-0.3571
-2.1033,-4.3502,-0.8119,-0.3816,0.7328,-0.3912
-2.0745,-5.1765,-0.2489,-0.3816,0.7328,-0.3912
-2.1942,-5.4354,0.1651,-0.5882,0.4804,-0.4295
-2.0602,-5.6892,0.5677,-0.7523,0.245,-0.4306
-2.0051,-6.0127,1.1067,-0.8886,0.0223,-0.4412
-1.9497,-6.3862,1.7031,-1.0154,-0.1885,-0.4774
-1.933,-6.815,2.5297,-1.1464,-0.3621,-0.5126
-2.1033,-7.457,3.7633,-1.2732,-0.5262,-0.5754
-2.1033,-7.457,3.7633,-1.4425,-0.6977,-0.7768
-2.2948,-9.0812,6.8917,-1.4425,-0.6977,-0.7768
-2.2373,-10.5617,8.7148,-1.4393,-0.6348,-0.9099
-1.8516,-12.43,10.9112,-1.3733,-0.4473,-0.977
-1.7319,-14.5022,12.5569,-1.2103,-0.1299,-0.9174
-2.0841,-16.1719,12.5019,-0.8971,0.2332,-0.7469
-2.5824,-16.4951,11.2683,-0.4593,0.4378,-0.5083
-2.5824,-16.4951,11.2683,0.4567,0.0884,-0.1536
-3.3728,-11.9006,7.9194,0.4567,0.0884,-0.1536
-3.7729,-8.9495,6.2952,0.7379,0.0276,-0.1323
-3.7729,-8.9495,6.2952,0.7059,0.6434,-0.0609
-2.1751,-5.579,3.6843,0.7059,0.6434,-0.0609
-1.5834,-4.985,1.5379,0.5099,0.7573,-0.0801
-2.053,-5.9241,-0.3187,0.1882,0.638,-0.1845
-2.053,-5.9241,-0.3187,-0.7374,0.1193,-0.4327
-1.8157,-8.734,-1.933,-0.7374,0.1193,-0.4327
-1.2743,-10.4156,-1.66,-1.2551,-0.1832,-0.5446
-1.7654,-12.8613,-0.7065,-1.6184,-0.4921,-0.6447
-4.3358,-17.0078,1.3964,-1.5961,-1.0055,-0.6468
-4.3358,-17.0078,1.3964,-0.2697,-2.1464,-0.0822
-8.8465,-21.6983,4.9898,0.4513,-1.0183,0.6079
-11.2994,-22.369,6.7815,0.739,0.4015,0.9328
-3.7442,-13.5248,2.3786,0.3555,0.588,0.5653
2.3977,-5.5886,-4.4316,-0.3709,-0.442,0.0689
6.1563,-1.4757,-9.05,-1.1496,-1.9557,-0.5009
7.893,-0.6012,-9.165,-1.5821,-2.4714,-0.8183
0.0095,-7.3708,4.5657,-1.5821,-2.4714,-0.8183
0.0095,-7.3708,4.5657,-1.0633,-1.274,-0.3454
4.0913,-13.0026,-1.0516,-1.0633,-1.274,-0.3454
4.0913,-13.0026,-1.0516,-1.3914,-2.0037,-0.3752
5.0664,-14.5908,-2.2517,-1.5043,-2.2859,-0.5041
0.7472,-11.4239,-0.3091,-1.5043,-2.2859,-0.5041
-1.7486,-9.2272,0.3043,-1.4564,-2.0772,-0.519
-3.0229,-7.6632,0.3594,-1.3754,-1.5413,-0.3752
-3.0229,-7.6632,0.3594,-1.3381,-0.8511,0.1456
-2.58,-7.0189,0.225,-1.3488,-1.0396,0.2852
-1.5331,-7.3349,-0.0742,-1.3903,-1.4114,0.3235
-0.5078,-8.5493,-0.2035,-1.4234,-1.7469,0.2639
0.5988,-9.7925,-0.1484,-1.4351,-1.8993,0.1318
1.2384,-10.3076,-0.0694,-1.3967,-1.9589,-0.0268
1.7558,-10.2884,0.0071,-1.352,-1.9472,-0.1387
2.0793,-9.3137,-0.2899,-1.352,-1.9472,-0.1387
2.0793,-9.3137,-0.2899,-1.3328,-1.6521,-0.1675
1.2982,-8.6738,-0.2202,-1.3328,-1.6521,-0.1675
1.0995,-8.8657,-0.1173,-1.3445,-1.4529,-0.0929
1.0995,-8.8657,-0.1173,-1.368,-1.0162,0.0828
1.1282,-9.1769,0.0263,-1.368,-1.0162,0.0828
1.2551,-9.3257,0.3378,-1.3903,-0.8713,0.1275
1.0564,-8.9782,0.7209,-1.3946,-0.7531,0.1435
0.9056,-8.734,1.0157,-1.3914,-0.638,0.168
0.6587,-8.6068,1.0253,-1.3669,-0.5304,0.2021
0.6587,-8.6068,1.0253,-1.3435,-0.4218,0.2809
0.6084,-8.7939,0.8936,-1.3595,-0.3845,0.2979
-0.1484,-9.3185,0.6108,-1.3595,-0.3845,0.2979
-0.1747,-9.6202,0.6156,-1.384,-0.3462,0.3288
-0.1747,-9.6202,0.6156,-1.4255,-0.3344,0.3821
0.043,-9.9652,0.9558,-1.4255,-0.3344,0.3821
0.3666,-10.2765,1.4278,-1.4351,-0.3089,0.4087
0.3666,-10.2765,1.4278,-1.2742,-0.2513,0.4758
0.8936,-10.6479,1.9018,-1.0899,-0.262,0.5131
1.9354,-10.9762,2.3355,-1.0899,-0.262,0.5131
1.8157,-11.2228,1.7702,-0.8556,-0.2961,0.5195
1.3485,-11.4167,1.0803,-0.6415,-0.3419,0.4748
1.1402,-11.5702,0.9487,-0.5019,-0.3738,0.4034
1.3509,-11.9437,1.0875,-0.3773,-0.3685,0.3384
1.2934,-12.3151,1.1115,-0.2079,-0.3121,0.2894
0.5198,-12.5067,1.3748,-0.0471,-0.2854,0.2585
-1.0995,-12.3247,2.0626,0.0711,-0.3813,0.2255
-2.29,-11.7737,2.9703,0.1691,-0.6316,0.1914
-1.9931,-11.1246,3.4877,0.3086,-0.866,0.2149
-0.6419,-10.9762,3.5715,0.5216,-0.9065,0.2884
1.054,-11.5702,3.6481,0.788,-0.8202,0.3438
1.054,-11.5702,3.6481,1.4963,-0.2737,0.4375
3.2794,-12.9212,1.763,1.4963,-0.2737,0.4375
3.5595,-13.6804,1.1258,1.9544,-0.1075,0.4471
3.5595,-13.6804,1.1258,2.7714,0.3121,0.152
-0.0502,-14.5884,0.9726,2.7714,0.3121,0.152
-3.5452,-13.8483,-0.1604,3.1039,0.6828,-0.0908
-5.0544,-12.3415,-1.9788,3.2893,0.9491,-0.1941
-5.0544,-12.3415,-1.9788,3.1582,0.7371,-0.1493
-4.6806,-11.7833,-4.0387,2.9493,0.3611,0.005
-3.4877,-14.4831,-2.0626,2.9493,0.3611,0.005
-3.4877,-14.4831,-2.0626,2.7395,0.6966,0.4375
-1.0971,-15.2663,0.5222,2.7395,0.6966,0.4375
-1.0971,-15.2663,0.5222,2.7043,1.7565,0.3267
-0.0311,-13.702,-0.7472,2.7043,1.7565,0.3267
-0.0311,-13.702,-0.7472,2.5733,2.1134,-0.0577
-2.5198,-13.2782,0.5198,2.5733,2.1134,-0.0577
-2.381,-12.9762,0.4121,2.7352,1.8716,-0.0439
-2.381,-12.9762,0.4121,2.7959,2.0953,0.1062
0.158,-11.2323,-0.067,2.7959,2.0953,0.1062
0.158,-11.2323,-0.067,2.4902,1.9834,-0.062
1.9378,-9.1626,-0.6946,2.4902,1.9834,-0.062
1.6217,-8.4584,-1.1282,2.2921,1.7011,-0.2388
0.8047,-7.5767,-1.224,2.0513,1.5371,-0.373
0.3139,-6.8486,-1.224,1.8319,1.4934,-0.3944
0.3139,-6.8486,-1.224,1.5624,1.2601,-0.2804
-1.0636,-6.2401,-1.0875,1.5624,1.2601,-0.2804
-1.5523,-5.9409,-1.0229,1.4495,1.2101,-0.241
-1.5523,-5.9409,-1.0229,1.1448,1.2559,-0.339
-1.6959,-5.6892,-1.0301,0.9083,1.2484,-0.4284
-1.5786,-4.8724,-1.0085,0.9083,1.2484,-0.4284
-1.6983,-4.4723,-1.0444,0.6676,1.2601,-0.5424
-1.9617,-4.1464,-1.0588,0.4311,1.2346,-0.6255
-1.9617,-4.1464,-1.0588,-0.0556,1.0194,-0.7203
-2.3163,-3.919,-0.9199,-0.274,0.883,-0.7288
-2.659,-3.8064,-0.8744,-0.4625,0.7179,-0.7171
-2.4552,-4.707,-0.1268,-0.4625,0.7179,-0.7171
-2.0266,-5.4617,0.4551,-0.6234,0.5581,-0.6532
-2.0697,-6.1444,1.1115,-0.7363,0.3483,-0.5957
-2.1727,-6.7049,1.6409,-0.8087,0.1043,-0.5222
-2.0841,-7.196,2.0649,-0.8609,-0.1406,-0.4434
-2.3092,-7.5504,2.7787,-0.9248,-0.3909,-0.3805
-2.647,-7.838,3.5883,-1.0196,-0.5954,-0.339
-2.8793,-8.0894,5.1143,-1.1421,-0.768,-0.3336
-3.1142,-8.523,6.6187,-1.2508,-0.8724,-0.4018
-2.9631,-9.1745,8.0846,-1.2849,-0.8372,-0.519
-2.9631,-9.1745,8.0846,-1.2231,-0.2631,-0.65
-2.2325,-10.4659,9.8647,-1.0878,0.2279,-0.5733
-1.066,-12.6506,11.0863,-0.8428,0.5624,-0.4519
-0.0478,-15.0771,11.3975,-0.4391,0.4473,-0.3272
-0.4025,-16.1958,9.8069,-0.4391,0.4473,-0.3272
-1.236,-13.441,8.8513,0.0615,-0.0628,-0.2505
-2.6399,-10.2573,7.2224,0.4812,-0.3952,-0.2889
-3.0014,-8.3506,4.9132,0.6463,-0.1086,-0.3379
-3.0014,-8.3506,4.9132,0.1414,0.7904,-0.3379
-2.8841,-9.8237,1.2862,0.1414,0.7904,-0.3379
-2.3953,-11.7546,-0.2322,-0.2218,0.6657,-0.4199
-2.3953,-11.7546,-0.2322,-0.846,-0.2908,-0.4849
-1.842,-15.7957,-1.6888,-0.846,-0.2908,-0.4849
-2.2732,-16.8833,2.3906,-0.7533,-0.9576,-0.3475
-3.6122,-14.5573,5.1981,-0.1707,-1.2175,-0.0822
-3.9357,-8.7508,1.9473,0.5099,-0.7275,0.1808
-1.2216,-3.6891,-4.1823,0.6441,0.2194,0.3917
-1.2216,-3.6891,-4.1823,-0.3965,-0.1842,0.0231
5.0903,-1.2455,-8.3674,-0.3965,-0.1842,0.0231
2.1631,-4.5441,-1.8492,-1.0058,-1.3315,-0.4295
-0.7951,-9.0716,3.4398,-1.3616,-1.878,-0.6596
1.0181,-11.6971,0.6658,-1.2583,-1.4604,-0.4689
3.1789,-14.138,-1.4853,-1.1858,-1.3038,-0.2846
4.0674,-14.1069,-0.9463,-1.4095,-1.5999,-0.2697
3.0086,-12.1739,-0.5222,-1.5342,-1.8598,-0.3422
0.7879,-9.7925,-0.2899,-1.4607,-1.7395,-0.3975
-1.145,-8.3458,0.1077,-1.3797,-1.3698,-0.3198
-1.5188,-7.7302,0.2876,-1.352,-0.8894,-0.1174
-1.0277,-7.7949,0.0359,-1.3563,-0.5645,0.1115
-1.0277,-7.7949,0.0359,-1.4947,-0.8063,0.2436
0.4336,-9.2033,-0.3139,-1.4947,-0.8063,0.2436
0.4336,-9.2033,-0.3139,-1.6035,-1.5978,0.0721
0.5533,-9.7566,-0.5413,-1.6525,-1.7565,0.0114
0.3235,-10.8753,-0.7736,-1.6525,-1.7565,0.0114
0.3354,-10.406,-0.6587,-1.6376,-1.7501,-0.046
0.7113,-9.9892,-0.4025,-1.5832,-1.6042,-0.045
0.7113,-9.9892,-0.4025,-1.4138,-1.1366,0.0306
1.0851,-8.734,-0.0885,-1.4138,-1.1366,0.0306
1.2264,-8.4967,-0.067,-1.3797,-0.9821,0.0615
1.2264,-8.4967,-0.067,-1.369,-0.9501,0.1243
1.4781,-8.4129,0.067,-1.369,-0.9501,0.1243
1.1785,-8.6858,0.067,-1.3786,-0.9459,0.1435
0.884,-9.0692,0.1364,-1.3712,-0.8394,0.1584
1.0971,-9.3544,0.134,-1.3573,-0.5997,0.1946
0.8672,-9.208,0.1699,-1.336,-0.425,0.1968
0.4456,-9.0117,0.5389,-1.3445,-0.3003,0.1872
0.4456,-9.0117,0.5389,-1.2955,-0.1001,0.2639
0.067,-8.6906,0.6778,-1.2955,-0.1001,0.2639
0.1699,-8.8441,0.5198,-1.2646,-0.0692,0.3097
0.1699,-8.8441,0.5198,-1.2998,-0.2034,0.3459
0.0407,-9.6728,0.4719,-1.2998,-0.2034,0.3459
0.0335,-10.207,0.7185,-1.3254,-0.3206,0.3736
0.0143,-10.691,1.2144,-1.3296,-0.3685,0.3789
0.5868,-11.1102,1.7319,-1.2785,-0.3579,0.4045
0.5868,-11.1102,1.7319,-0.9643,-0.2481,0.4908
1.3198,-11.3808,1.9692,-0.7427,-0.2236,0.4897
1.8851,-11.388,1.8659,-0.5446,-0.2077,0.446
1.9186,-11.5029,1.1067,-0.5446,-0.2077,0.446
1.9186,-11.5029,1.1067,-0.2591,-0.148,0.3363
2.0889,-11.7929,1.1976,-0.1248,-0.1065,0.2937
1.6959,-12.4731,1.3293,-0.1248,-0.1065,0.2937
0.0598,-12.5569,1.4374,-0.0119,-0.1672,0.2489
-1.9186,-12.2888,1.9114,0.0572,-0.3685,0.1882
-2.8553,-11.6636,2.4504,0.1307,-0.6338,0.1776
-2.0817,-11.1605,2.7883,0.2585,-0.7605,0.2372
-0.3187,-11.2156,3.0469,0.445,-0.7073,0.3288
1.4733,-11.9365,3.2626,0.675,-0.5698,0.3885
2.92,-12.0251,2.8577,0.9595,-0.3515,0.4247
3.6867,-12.2002,1.7462,1.3131,-0.1235,0.4641
3.6867,-12.2002,1.7462,2.1738,0.2588,0.4418
3.6604,-13.8363,0.8334,2.1738,0.2588,0.4418
0.2466,-14.2673,0.6108,2.5829,0.7264,0.2308
-3.0062,-13.7932,0.4815,2.9206,1.0481,-0.0215
-3.0062,-13.7932,0.4815,3.2466,1.1579,-0.0833
-4.1919,-12.6889,-0.4312,3.1721,0.9842,-0.078
-2.5896,-12.3965,-3.0014,3.1721,0.9842,-0.078
-1.9835,-13.69,-3.2291,2.9514,0.6721,-0.0311
-1.6648,-14.6387,-1.9521,2.7363,0.409,0.0785
-1.5954,-14.7057,-0.5892,2.6234,0.4079,0.152
-1.5954,-14.7057,-0.5892,2.5754,1.6649,0.0189
-1.4709,-13.8866,-0.4815,2.4987,2.4182,-0.1035
-2.0865,-12.6216,0.0023,2.4987,2.4182,-0.1035
-2.0865,-12.6216,0.0023,2.6883,2.6344,-0.1515
-2.4337,-12.4947,0.6156,2.8385,2.4363,-0.0428
-2.4265,-12.3822,0.3809,2.8332,2.2903,0.0924
-1.3652,-11.8073,-0.0143,2.7182,2.1102,0.1328
1.5068,-10.0203,-0.3977,2.7182,2.1102,0.1328
1.5068,-10.0203,-0.3977,2.2601,2.0037,-0.0833
1.9545,-9.4238,-0.7185,2.0343,1.9142,-0.1643
0.6371,-8.1663,-1.4062,2.0343,1.9142,-0.1643
-0.2828,-7.656,-1.4541,1.8511,1.7959,-0.1738
-1.1569,-7.275,-1.5236,1.7211,1.7118,-0.1451
-1.1569,-7.275,-1.5236,1.5762,1.5595,-0.0812
-1.8468,-7.0162,-1.4422,1.4793,1.5158,-0.0918
-2.4241,-6.6762,-1.4709,1.3174,1.4604,-0.1248
-2.3882,-6.2784,-1.5906,1.1001,1.4327,-0.1813
-2.1679,-5.0281,-1.5547,1.1001,1.4327,-0.1813
-2.1871,-4.3646,-1.6935,0.8551,1.4263,-0.2612
-2.1871,-4.3646,-1.6935,0.3278,1.3432,-0.4284
-2.1248,-3.4805,-1.974,0.3278,1.3432,-0.4284
-2.1248,-3.4805,-1.974,-0.2026,1.0311,-0.5563
-2.1751,-3.8615,-1.8252,-0.2026,1.0311,-0.5563
-2.0123,-4.3742,-1.4493,-0.4721,0.7552,-0.5967
-2.0027,-4.9993,-0.8912,-0.7278,0.4165,-0.6468
-1.9162,-5.6054,-0.0311,-0.9557,0.034,-0.6937
-1.9883,-6.3311,0.9199,-1.1539,-0.343,-0.7288
-2.2421,-6.9826,2.0171,-1.32,-0.67,-0.7704
-2.5513,-7.7709,3.2866,-1.4628,-0.9469,-0.7896
-2.5513,-7.7709,3.2866,-1.6653,-1.4029,-0.7842
-3.2626,-9.6345,7.7111,-1.6653,-1.4029,-0.7842
-3.2626,-9.6345,7.7111,-1.4468,-1.3006,-0.7129
-3.5883,-12.4372,11.6349,-1.4468,-1.3006,-0.7129
-3.5883,-12.4372,11.6349,-0.8439,-0.1789,-0.356
-2.8865,-14.3658,12.8086,-0.4668,0.5006,-0.1312
-2.1799,-16.3419,12.6216,-0.0758,0.8042,0.0636
-2.1033,-17.3696,11.0312,0.2926,0.5006,0.135
-0.9151,-12.6024,7.9242,0.2926,0.5006,0.135
-1.2384,-9.0429,7.2415,0.5845,-0.0607,0.0274
-1.2384,-9.0429,7.2415,0.7571,-0.1608,-0.1387
-1.1785,-6.7456,5.3372,0.5515,-0.0308,-0.1589
-2.9607,-6.2473,0.697,0.5515,-0.0308,-0.1589
-2.9607,-6.2473,0.697,-0.1696,-0.3195,-0.1579
-4.0123,-10.8777,-3.0134,-0.1696,-0.3195,-0.1579
-4.0123,-10.8777,-3.0134,-0.9653,-0.7062,-0.177
-3.6146,-13.9728,-2.1942,-0.7267,-0.9352,-0.111
-2.671,-20.9363,7.3301,-0.7267,-0.9352,-0.111
-2.671,-20.9363,7.3301,0.7187,-0.638,0.1872
-1.133,-9.2658,-1.4039,0.7187,-0.638,0.1872
0.0502,-3.0541,-6.8366,0.6367,0.2673,0.1669
0.0502,-3.0541,-6.8366,-0.6447,-0.5262,-0.1675
4.0243,-0.8286,-10.4898,-1.287,-1.4423,-0.5446
-0.0167,-4.9562,0.9367,-1.287,-1.4423,-0.5446
-0.6706,-7.9601,2.2948,-1.4393,-1.454,-0.5648
1.8085,-10.7652,-1.7223,-1.2604,-1.0716,-0.3709
1.8085,-10.7652,-1.7223,-1.6738,-1.7832,-0.3209
4.6543,-14.7009,-1.7702,-1.6738,-1.7832,-0.3209
3.1549,-12.9259,-0.9151,-1.7708,-2.0612,-0.4114
0.7879,-10.497,-0.2876,-1.6887,-1.9397,-0.4742
-1.3868,-8.5661,-0.2466,-1.5587,-1.5882,-0.3975
-2.1296,-7.2487,-0.1867,-1.4862,-1.2814,-0.2122
-1.7845,-6.9419,-0.0454,-1.4947,-1.1184,0.0146
-0.7879,-7.5599,0.0311,-1.5256,-1.1312,0.1946
0.1053,-8.8657,-0.0119,-1.548,-1.3677,0.266
0.8912,-9.9461,-0.0861,-1.5971,-1.6585,0.2426
1.5786,-10.8609,-0.225,-1.628,-1.8684,0.1563
1.5786,-10.8609,-0.225,-1.5886,-1.8268,-0.1387
1.9883,-11.2563,-0.2082,-1.499,-1.7278,-0.2197
1.9138,-10.1232,0.2442,-1.499,-1.7278,-0.2197
1.9138,-10.1232,0.2442,-1.3126,-1.2676,-0.2037
1.4637,-8.6786,1.1617,-1.3126,-1.2676,-0.2037
1.4637,-8.6786,1.1617,-1.1176,-0.8628,-0.0599
1.2982,-8.4201,1.4469,-1.0367,-0.7531,0.0434
1.2,-8.7795,1.2743,-1.0367,-0.7531,0.0434
1.3844,-9.3831,1.0013,-1.0047,-0.6668,0.1286
1.3844,-9.3831,1.0013,-1.0718,-0.4207,0.1563
1.0755,-9.9341,1.0899,-1.0718,-0.4207,0.1563
1.0755,-9.9341,1.0899,-1.1113,-0.1597,0.1382
0.7784,-9.7925,1.3437,-1.1219,-0.0564,0.135
0.3354,-9.4573,1.3796,-1.139,-0.0149,0.1488
-0.2106,-8.746,0.6419,-1.139,-0.0149,0.1488
-0.2106,-8.746,0.6419,-1.2433,-0.1651,0.2191
-0.8672,-8.6307,-0.2466,-1.2433,-0.1651,0.2191
-0.8672,-8.6307,-0.2466,-1.3808,-0.2641,0.3778
-0.4551,-9.3305,0.0694,-1.3808,-0.2641,0.3778
-0.4551,-9.3305,0.0694,-1.3094,-0.132,0.5547
0.4815,-10.0227,0.6443,-1.1613,-0.1246,0.6037
2.4265,-11.4047,0.9917,-1.1613,-0.1246,0.6037
2.223,-11.7187,0.9056,-0.9792,-0.1778,0.5834
2.223,-11.7187,0.9056,-0.6543,-0.2364,0.4247
1.3916,-11.7259,0.8505,-0.5105,-0.2002,0.3619
0.9032,-11.4526,1.3293,-0.5105,-0.2002,0.3619
1.0588,-11.6828,1.3006,-0.3294,-0.2162,0.3267
1.0588,-11.6828,1.3006,-0.0407,-0.49,0.1957
-1.2551,-12.1236,1.5906,-0.0407,-0.49,0.1957
-1.2551,-12.1236,1.5906,0.136,-0.9714,0.1286
-2.726,-11.7905,2.3331,0.2724,-1.0737,0.1904
-3.2028,-11.1126,2.9655,0.4812,-1.0311,0.2884
-0.2178,-11.4813,3.5835,0.4812,-1.0311,0.2884
-0.2178,-11.4813,3.5835,1.1033,-0.5826,0.3896
3.078,-13.0888,2.5103,1.1033,-0.5826,0.3896
3.078,-13.0888,2.5103,1.9065,-0.2481,0.3821
3.605,-13.9417,2.1775,1.9065,-0.2481,0.3821
2.8745,-14.1787,1.7342,2.3634,0.0362,0.3555
-0.043,-13.98,1.2312,2.7789,0.5549,0.1978
-2.1679,-12.8805,0.3857,3.0943,0.9224,-0.0045
-2.762,-11.6373,-1.8755,3.301,1.0652,-0.1035
-2.5752,-11.6181,-3.5954,3.3372,0.9927,-0.1707
-2.5752,-11.6181,-3.5954,2.9482,0.4484,-0.0492
-2.5055,-14.0829,-2.0434,2.9482,0.4484,-0.0492
-2.0841,-14.9646,-0.4719,2.7991,0.458,0.1478
-2.0841,-14.9646,-0.4719,2.7853,1.4614,0.2617
-0.7568,-14.9095,-0.6299,2.7853,1.4614,0.2617
-1.0588,-14.5932,-0.0047,2.6958,2.2946,0.1158
-1.751,-14.3008,1.1665,2.6692,2.8379,-0.0663
-1.751,-14.3008,1.1665,3.1007,2.6088,-0.1738
-1.6026,-13.3668,0.9103,3.1007,2.6088,-0.1738
-0.9606,-12.1188,0.5796,3.2019,2.3319,-0.1185
0.2609,-10.4132,0.0191,3.1337,1.9877,-0.0609
0.2609,-10.4132,0.0191,2.6255,1.666,-0.2218
1.6313,-9.1745,-0.5988,2.3017,1.8407,-0.3379
1.0612,-7.6129,-0.9726,2.3017,1.8407,-0.3379
0.6491,-6.7839,-1.0324,2.0961,1.9099,-0.3091
0.6491,-6.7839,-1.0324,1.8308,1.7182,-0.0631
0.0023,-6.2138,-1.0947,1.6721,1.633,0.0252
-0.6443,-5.7347,-1.0755,1.4953,1.5531,0.054
-1.1402,-5.342,-1.4086,1.4953,1.5531,0.054
-1.1402,-5.342,-1.4086,1.0447,1.4156,-0.0311
-1.0157,-5.0089,-1.5236,0.7975,1.3922,-0.1312
-1.6289,-3.9261,-1.5738,0.7975,1.3922,-0.1312
-1.8516,-3.3057,-1.6864,0.5323,1.3911,-0.2133
-1.8779,-3.21,-1.8372,0.2777,1.3911,-0.3006
-1.8779,-3.21,-1.8372,-0.258,1.2196,-0.5328
-1.8396,-3.459,-1.763,-0.5211,1.0641,-0.6223
-1.6289,-4.3598,-0.963,-0.5211,1.0641,-0.6223
-1.6289,-4.3598,-0.963,-0.9355,0.4825,-0.7203
-1.6481,-5.4306,0.2298,-0.9355,0.4825,-0.7203
-1.6481,-5.4306,0.2298,-1.2519,-0.3131,-0.8013
-1.9114,-6.736,2.7644,-1.2519,-0.3131,-0.8013
-2.2924,-7.5504,4.1656,-1.3467,-0.6934,-0.8268
-2.908,-8.5062,5.8089,-1.4053,-1.0449,-0.8364
-3.7346,-9.5842,7.5264,-1.433,-1.3038,-0.8226
-4.6998,-10.7508,9.1793,-1.3967,-1.3784,-0.78
-5.2459,-12.0539,10.5593,-1.2678,-1.2015,-0.6713
-5.0113,-13.4386,11.23,-1.0495,-0.7797,-0.4721
-3.9094,-14.7153,10.8969,-0.7661,-0.1683,-0.2079
-2.3618,-15.6473,10.14,-0.4647,0.4218,0.038
-2.3618,-15.6473,10.14,0.1818,0.768,0.2117
-1.1258,-15.3716,9.2826,0.5121,0.4804,0.1595
-0.2633,-10.9447,8.4105,0.5121,0.4804,0.1595
-0.2633,-10.9447,8.4105,0.8348,0.197,-0.0482
-0.0933,-6.4389,6.8079,0.8348,0.197,-0.0482
-0.1173,-4.6639,5.2747,0.739,0.2268,-0.1408
-0.9271,-3.3728,3.2674,0.4971,0.2471,-0.2655
-0.9271,-3.3728,3.2674,-0.3081,0.4985,-0.5094
-2.8769,-5.7969,-0.8215,-0.3081,0.4985,-0.5094
-3.7753,-8.9495,-2.5632,-0.7874,0.6561,-0.6457
-2.4049,-12.0299,-2.3953,-1.3499,0.6125,-0.6681
-2.4648,-16.3586,-0.0526,-1.8262,0.1949,-0.666
-2.4648,-16.3586,-0.0526,-0.9387,-1.8013,-0.6937
-8.4488,-26.5513,3.9716,-0.9387,-1.8013,-0.6937
-5.9624,-20.7975,7.0138,-0.0194,-1.8471,-0.209
0.1268,-9.3137,1.6241,0.6569,0.1193,0.4758
2.144,-1.4158,-6.9946,0.8146,1.7778,0.5216
2.144,-1.4158,-6.9946,-0.6212,-0.7808,-0.1078
6.4029,1.5451,-11.1222,-1.4095,-2.1549,-0.7171
-0.1723,-3.8088,2.3523,-1.4095,-2.1549,-0.7171
-0.1723,-3.8088,2.3523,-1.3381,-1.667,-0.5147
3.131,-10.8705,-1.0899,-1.3381,-1.667,-0.5147
5.1214,-15.7191,-3.0998,-1.3786,-1.7224,-0.4359
5.1214,-15.7191,-3.0998,-1.8901,-2.4885,-0.6362
3.0708,-15.6975,-1.0229,-1.8901,-2.4885,-0.6362
3.0708,-15.6975,-1.0229,-1.6174,-1.8204,-0.7011
-3.7178,-8.3913,0.0622,-1.6174,-1.8204,-0.7011
-4.8174,-6.3455,0.3378,-1.5033,-1.2772,-0.4316
-4.0363,-5.5288,0.079,-1.4085,-0.9469,-0.0354
-4.0363,-5.5288,0.079,-1.3808,-1.3272,0.4354
0.2202,-7.7997,-0.1388,-1.3808,-1.3272,0.4354
0.2202,-7.7997,-0.1388,-1.548,-2.0452,0.1595
2.1464,-10.8466,0.594,-1.548,-2.0452,0.1595
2.1464,-10.8466,0.594,-1.4713,-2.3115,-0.1259
2.8889,-11.048,0.3354,-1.4713,-2.3115,-0.1259
2.6207,-10.0442,0.213,-1.3903,-2.1879,-0.1983
2.6207,-10.0442,0.213,-1.2881,-1.487,-0.1973
1.4493,-8.5158,0.2154,-1.2881,-1.487,-0.1973
1.4493,-8.5158,0.2154,-1.2764,-1.1152,-0.062
1.2,-8.274,-0.0454,-1.2764,-1.1152,-0.062
1.2,-8.274,-0.0454,-1.3818,-0.9491,0.0657
0.6682,-8.4296,0.3306,-1.3935,-0.7722,0.1797
0.1221,-8.5398,1.0037,-1.3935,-0.7722,0.1797
0.1221,-8.5398,1.0037,-1.4021,-0.4473,0.3342
0.5222,-8.365,0.7688,-1.4021,-0.4473,0.3342
0.3714,-8.3482,0.5605,-1.4372,-0.4058,0.3523
0.3714,-8.3482,0.5605,-1.5054,-0.377,0.3832
0.1268,-9.0021,-0.0383,-1.5054,-0.377,0.3832
-0.2082,-9.3113,0.055,-1.548,-0.392,0.3896
-0.2082,-9.3113,0.055,-1.6089,-0.3334,0.43
-0.4551,-9.7542,0.6156,-1.5299,-0.3557,0.4705
0.2394,-10.7532,2.211,-1.5299,-0.3557,0.4705
0.9223,-10.969,2.6614,-1.3658,-0.3888,0.5238
0.9223,-10.969,2.6614,-0.8694,-0.4271,0.5334
1.1833,-11.1533,2.4744,-0.6702,-0.4644,0.4758
1.1546,-11.3497,1.7486,-0.6702,-0.4644,0.4758
1.1546,-11.3497,1.7486,-0.3102,-0.4367,0.3576
2.4624,-11.927,1.435,-0.3102,-0.4367,0.3576
2.5465,-12.6339,1.3509,-0.1248,-0.4047,0.299
1.8372,-12.9451,1.3605,0.0167,-0.4228,0.2479
0.6203,-13.0624,2.0075,0.1584,-0.5027,0.1818
0.1532,-13.2926,2.7069,0.3214,-0.5656,0.1573
1.1426,-13.81,2.9248,0.5312,-0.5549,0.1797
2.4528,-14.2841,2.2756,0.8039,-0.5304,0.1946
2.9152,-14.6435,1.4924,1.1491,-0.4484,0.1318
2.9152,-14.6435,1.4924,1.9938,0.0074,-0.1046
1.4374,-15.4509,0.8792,1.9938,0.0074,-0.1046
1.4374,-15.4509,0.8792,2.7363,0.719,-0.405
-5.2699,-12.4396,1.9593,2.7363,0.719,-0.405
-5.7993,-10.4515,0.357,3.0196,1.1035,-0.3134
-4.1704,-9.244,-1.5978,3.1689,1.4093,-0.1121
-3.0708,-9.7207,-2.8098,3.1614,1.2836,-0.0077
-2.1104,-11.8815,-2.5992,3.0452,0.7967,0.0977
-2.1104,-11.8815,-2.5992,2.8396,0.2194,0.396
-1.5858,-15.7358,-0.1795,2.8396,0.2194,0.396
-1.5858,-15.7358,-0.1795,2.7938,1.1802,0.4268
-0.8864,-15.1011,-0.9439,2.7938,1.1802,0.4268
-1.212,-14.162,-0.9175,2.6191,1.9323,0.2202
-1.212,-14.162,-0.9175,2.5957,2.5843,-0.1419
-1.7702,-12.3941,1.0348,2.5957,2.5843,-0.1419
-1.37,-11.5702,0.6898,2.8662,2.4693,-0.1302
-1.37,-11.5702,0.6898,2.9909,1.9919,0.0519
0.3642,-9.6944,-0.2753,2.9909,1.9919,0.0519
0.9774,-8.7915,-0.4551,2.7853,1.8439,0.0711
0.618,-7.9505,-0.4025,2.5051,1.6862,0.0327
0.5557,-7.5001,-0.6682,2.2718,1.3879,0.0263
-0.0526,-7.4474,-0.7544,2.0662,1.176,0.0434
-0.7113,-7.4809,-0.6634,1.8937,1.1472,0.0806
-1.2599,-7.5985,-0.6994,1.7903,1.1099,0.1328
-1.6888,-7.4714,-0.7616,1.7115,1.0449,0.1595
-2.0266,-7.2726,-0.963,1.6082,0.9949,0.1275
-2.0266,-7.2726,-0.963,1.2364,0.9331,-0.0226
-1.5116,-5.8256,-0.9822,1.2364,0.9331,-0.0226
-1.411,-4.8581,-1.0564,1.0031,0.9139,-0.0993
-1.411,-4.8581,-1.0564,0.4812,0.9416,-0.2154
-1.2647,-2.6806,-1.2407,0.4812,0.9416,-0.2154
-1.0253,-2.4528,-1.3269,0.1893,0.9416,-0.2367
-0.8095,-2.8314,-1.1115,-0.1302,0.8511,-0.2708
-0.6587,-3.6748,-0.7951,-0.4551,0.719,-0.3336
-0.6587,-3.6748,-0.7951,-1.0314,0.3344,-0.5126
-0.7377,-4.355,-0.2828,-1.2615,0.0937,-0.5818
-1.3365,-5.2627,1.0779,-1.2615,0.0937,-0.5818
-1.5499,-5.8041,1.9306,-1.4425,-0.1448,-0.65
-1.8037,-6.4077,2.9008,-1.5865,-0.3483,-0.7033
-1.8037,-6.4077,2.9008,-1.7985,-0.6753,-0.7725
-2.1511,-7.1984,4.1033,-1.824,-0.7509,-0.7565
-3.0756,-9.4262,8.1471,-1.824,-0.7509,-0.7565
-3.0756,-9.4262,8.1471,-1.4628,-0.4314,-0.5435
-3.4733,-11.0073,10.667,-1.0569,0.0095,-0.3347
-3.8232,-13.151,12.4396,-0.6149,0.4804,-0.0482
-4.0411,-17.8511,12.0036,-0.6149,0.4804,-0.0482
-3.3081,-18.2198,11.0264,-0.1824,0.7872,0.2713
-2.4361,-15.4677,9.6417,0.2447,0.9161,0.4641
-2.4361,-15.4677,9.6417,0.9073,0.3579,0.2404
-2.4121,-11.8887,8.7962,1.0085,0.3248,0.1019
-2.7739,-7.7015,5.7706,1.0085,0.3248,0.1019
-5.0137,-9.8671,3.5045,0.9648,0.4814,0.037
-5.0137,-9.8671,3.5045,0.675,0.1906,0.3097
-7.3062,-14.5717,0.3977,0.3438,-0.2205,0.5653
-4.9132,-20.8023,4.4603,0.3438,-0.2205,0.5653
2.3738,-18.3901,8.183,0.3629,0.1981,0.7698
6.3311,-9.589,-2.8338,1.1565,0.7286,0.6239
3.2674,-0.6826,-9.9245,1.3078,0.3866,0.0902
3.2674,-0.6826,-9.9245,-0.5829,-0.6444,-0.7288
1.423,-0.5366,-6.9898,-0.5829,-0.6444,-0.7288
1.423,-0.5366,-6.9898,-1.0921,-1.1717,-0.7033
-1.8803,-6.6091,1.2312,-1.0921,-1.1717,-0.7033
0.225,-9.8503,-6.063,-0.8194,-0.8149,-0.3997
1.739,-14.4687,-5.7299,-1.2082,-1.3027,-0.2942
3.1477,-17.2475,-1.1043,-1.8762,-2.0132,-0.3027
3.1477,-17.2475,-1.1043,-2.003,-1.7033,-0.4615
4.4819,-16.3826,1.5954,-1.7835,-1.0726,-0.6287
3.3393,-12.8948,1.1617,-1.6983,-0.7637,-0.6457
-0.0574,-7.2176,0.5749,-1.6983,-0.7637,-0.6457
-1.3916,-6.0366,0.7616,-1.7111,-0.7445,-0.5754
-1.3916,-6.0366,0.7616,-1.7633,-1.3453,-0.1952
-2.0051,-5.6844,0.8936,-1.8017,-1.5701,-0.0087
-2.132,-6.3527,1.1737,-1.823,-1.716,0.1126
-1.7558,-8.0582,1.2072,-1.84,-1.8055,0.136
0.4839,-11.1126,0.7712,-1.84,-1.8055,0.136
1.054,-11.5439,0.6227,-1.8272,-1.8865,0.038
1.5451,-11.3425,0.3785,-1.7484,-1.9174,-0.0876
1.7845,-10.6,0.3594,-1.6408,-1.8045,-0.1675
1.7438,-9.4885,0.2418,-1.5203,-1.6063,-0.1834
1.7438,-9.4885,0.2418,-1.3658,-1.1014,-0.0652
1.6768,-8.6068,0.1819,-1.3339,-0.9288,0.0252
1.9306,-8.6092,0.0574,-1.3339,-0.9288,0.0252
1.9306,-8.6092,0.0574,-1.3339,-0.768,0.1105
1.8037,-9.5938,-0.1939,-1.3339,-0.768,0.1105
1.2599,-9.8359,-0.1077,-1.3467,-0.6497,0.0753
1.2599,-9.8359,-0.1077,-1.3967,-0.245,-0.0418
0.0239,-9.5675,0.6898,-1.3967,-0.245,-0.0418
0.0239,-9.5675,0.6898,-1.3925,-0.0404,-0.0748
-0.4121,-9.2224,0.9487,-1.3829,-0.0713,-0.0471
-1.1282,-8.5877,1.0492,-1.3829,-0.0713,-0.0471
-1.2096,-8.4847,0.8792,-1.3712,-0.1629,0.0125
-1.5834,-8.2932,0.6443,-1.3669,-0.2812,0.0732
-1.5475,-8.3985,0.5629,-1.3712,-0.392,0.1573
-1.435,-8.6284,0.4935,-1.3573,-0.4452,0.2479
-0.8529,-9.2224,0.582,-1.3424,-0.425,0.3448
0.0694,-9.9341,0.697,-1.3211,-0.3834,0.43
1.0444,-10.6479,0.9032,-1.2987,-0.3717,0.4822
1.8827,-11.0839,1.2336,-1.2593,-0.4239,0.5163
1.8827,-11.0839,1.2336,-1.0239,-0.442,0.5121
1.9282,-11.127,1.6816,-1.0239,-0.442,0.5121
1.9282,-11.127,1.6816,-0.6372,-0.3398,0.3715
1.2503,-11.1629,1.4876,-0.6372,-0.3398,0.3715
1.6217,-11.4263,1.3581,-0.4625,-0.2524,0.2969
2.1176,-11.8719,1.0971,-0.2719,-0.2567,0.2458
2.1176,-11.8719,1.0971,-0.0023,-0.442,0.1264
-0.2633,-12.1906,1.6528,-0.0023,-0.442,0.1264
-2.1511,-11.9102,2.5848,0.0636,-0.6625,0.1062
-2.9559,-11.23,3.2028,0.1563,-0.9171,0.1296
-2.0027,-10.8107,3.4781,0.3075,-1.0055,0.2287
0.0766,-11.218,3.3895,0.544,-0.9001,0.3683
0.0766,-11.218,3.3895,1.229,-0.3653,0.5259
3.4757,-13.3644,2.0123,1.229,-0.3653,0.5259
4.8701,-14.1667,1.2791,1.6465,-0.2215,0.5664
5.2196,-15.9322,1.0947,2.1056,-0.1683,0.5557
2.5031,-16.3395,1.0684,2.5903,0.132,0.3501
2.5031,-16.3395,1.0684,3.2072,0.9853,-0.2974
-5.052,-12.8182,-0.3905,3.2072,0.9853,-0.2974
-5.052,-12.8182,-0.3905,3.1423,0.8766,-0.3848
-5.0424,-11.1102,-2.4576,2.9024,0.6071,-0.3432
-3.6337,-12.9116,-2.9463,2.9024,0.6071,-0.3432
-2.9296,-14.4304,-1.5762,2.6734,0.5187,-0.128
-2.1871,-15.2591,-0.5389,2.5775,0.621,0.1115
-1.3892,-15.0077,-0.5653,2.618,0.7882,0.2479
-1.3892,-15.0077,-0.5653,2.5371,1.6468,0.1126
-1.5236,-12.8829,-0.7185,2.5371,1.6468,0.1126
-2.6949,-12.0682,-0.1364,2.4764,1.9238,-0.029
-2.9415,-11.2826,0.3067,2.4934,1.9323,-0.0695
-2.9415,-11.2826,0.3067,2.5616,1.7874,0.0796
-2.2014,-10.6359,-0.1197,2.4561,1.7608,0.1179
-0.7975,-9.7973,-0.5246,2.3123,1.585,0.0828
0.5294,-9.1003,-0.6275,2.16,1.389,0.0007
1.6888,-8.4129,-0.9151,2.16,1.389,0.0007
1.6888,-8.4129,-0.9151,1.8351,1.2921,-0.0769
1.1546,-8.1974,-0.975,1.7499,1.2793,-0.0418
0.4815,-7.6919,-0.9223,1.7019,1.2761,-0.0066
-1.1282,-7.4881,-1.0708,1.7019,1.2761,-0.0066
-1.6337,-7.39,-1.2264,1.6412,1.2697,0.021
-1.6337,-7.39,-1.2264,1.3216,1.1579,-0.0503
-2.1535,-6.2784,-1.1402,1.3216,1.1579,-0.0503
-2.1535,-6.2784,-1.1402,0.8433,1.1376,-0.2889
-2.2206,-5.6461,-1.2623,0.5888,1.1366,-0.3858
-1.8492,-4.7333,-1.2288,0.5888,1.1366,-0.3858
-1.8492,-4.7333,-1.2288,0.1275,0.9416,-0.5328
-1.5906,-4.3071,-0.7903,0.1275,0.9416,-0.5328
-1.5906,-4.3071,-0.7903,-0.2665,0.638,-0.682
-1.2886,-4.3215,0.1221,-0.2665,0.638,-0.682
-1.1019,-4.6854,0.7041,-0.4412,0.5315,-0.7161
-1.1426,-5.1909,1.3054,-0.5914,0.392,-0.7214
-0.7736,-5.7562,1.751,-0.7171,0.1683,-0.6905
-0.7736,-5.7562,1.751,-1.0047,-0.4836,-0.6809
-1.1522,-7.0138,3.0876,-1.0047,-0.4836,-0.6809
-1.7941,-7.4833,4.2544,-1.1826,-0.7488,-0.7043
-1.7941,-7.4833,4.2544,-1.3861,-1.0716,-0.7033
-3.0636,-8.801,7.5121,-1.3861,-1.0716,-0.7033
-3.1765,-9.7662,8.7484,-1.3371,-1.0407,-0.6937
-2.8003,-11.139,9.7806,-1.2018,-0.833,-0.6713
-2.2709,-13.0959,10.5162,-1.026,-0.4026,-0.6031
-2.3307,-15.0843,10.2956,-0.7842,0.2503,-0.4966
-2.4241,-16.1886,9.141,-0.4615,0.8788,-0.3539
-2.0721,-15.3022,8.2022,-0.1259,1.095,-0.2058
-1.394,-12.3654,7.8164,0.1872,0.7595,-0.128
-2.223,-9.7806,7.5049,0.4556,0.3248,-0.2058
-2.2062,-8.0487,6.3263,0.609,0.2545,-0.2729
-1.3365,-7.299,4.8461,0.6069,0.3845,-0.3017
-1.3365,-7.299,4.8461,0.1754,0.442,-0.454
-1.8731,-8.4368,3.9046,-0.0386,0.2418,-0.4785
-3.4278,-11.8312,2.0985,-0.2569,-0.1746,-0.3709
-4.2975,-16.1599,-0.1101,-0.1845,-0.5422,-0.1675
-0.2801,-20.0095,4.1081,-0.1845,-0.5422,-0.1675
1.4206,-14.6028,0.4935,0.5216,-0.5304,-0.045
-2.472,-6.4173,-4.5034,1.1075,-0.3344,-0.1014
-1.9449,-0.7496,-8.8872,0.8849,0.2503,-0.013
2.2206,-0.515,-8.1348,0.1403,0.2567,0.1233
1.6792,-2.3379,-2.381,-0.5552,-0.3057,-0.0577
-0.1867,-5.591,3.2674,-0.8854,-0.8543,-0.226
-0.1867,-5.591,3.2674,-0.8396,-1.2175,-0.1472
3.119,-13.2159,-3.5308,-0.8396,-1.2175,-0.1472
5.0376,-15.7622,-2.6782,-1.2593,-1.8812,-0.2335
5.3588,-15.6185,-0.661,-1.6195,-2.383,-0.4444
3.9166,-13.6469,0.6587,-1.6962,-2.3787,-0.6117
1.1665,-11.0336,0.5892,-1.5427,-1.9834,-0.7075
1.1665,-11.0336,0.5892,-1.3445,-1.1642,-0.5371
-1.854,-7.5408,0.2442,-1.3445,-1.1642,-0.5371
-1.9859,-7.0428,0.1987,-1.4053,-1.0577,-0.3347
-1.9859,-7.0428,0.1987,-1.5427,-1.4039,0.0679
-1.5331,-7.4546,0.2298,-1.5918,-1.6809,0.1371
-0.0766,-9.6944,0.1532,-1.5918,-1.6809,0.1371
0.7472,-10.5832,0.1053,-1.6387,-1.8929,0.1062
1.0396,-10.679,0.2947,-1.6664,-1.9621,0.0274
1.0396,-10.679,0.2947,-1.5363,-2.0484,0.005
1.4422,-10.1017,0.2226,-1.4607,-1.862,0.0604
1.3916,-8.1854,-0.079,-1.4607,-1.862,0.0604
1.3916,-8.1854,-0.079,-1.401,-1.3485,0.2298
1.6074,-8.5182,-0.3426,-1.401,-1.3485,0.2298
1.8252,-8.746,-0.225,-1.4138,-1.1376,0.2649
1.8971,-8.6619,0.2705,-1.4308,-0.9991,0.2671
1.5738,-8.6164,0.896,-1.4404,-0.8873,0.2532
1.2024,-8.4608,1.0109,-1.4148,-0.7573,0.25
0.8672,-8.4632,1.1929,-1.3808,-0.6434,0.2713
0.8672,-8.4632,1.1929,-1.3669,-0.2865,0.3224
0.4887,-8.4344,1.1761,-1.3722,-0.1374,0.3352
0.7185,-8.6236,1.133,-1.4053,-0.0447,0.3288
0.5246,-8.9758,0.7329,-1.4053,-0.0447,0.3288
0.2418,-9.1889,0.5198,-1.4532,-0.049,0.3267
0.2418,-9.1889,0.5198,-1.5469,-0.1555,0.3512
-0.1125,-9.2874,0.2753,-1.5714,-0.1896,0.4013
-0.2394,-9.4334,0.2082,-1.548,-0.2023,0.4663
0.7161,-10.2789,0.9319,-1.548,-0.2023,0.4663
1.4948,-10.916,1.3509,-1.4553,-0.1842,0.5387
1.9569,-11.3999,1.3916,-1.2796,-0.1949,0.5781
1.7989,-11.7235,1.2407,-1.0846,-0.2013,0.5611
1.4062,-11.7761,1.2527,-0.9195,-0.2034,0.4876
1.4062,-11.7761,1.2527,-0.5967,-0.1214,0.3384
1.4996,-11.5654,1.3605,-0.4039,-0.1459,0.3086
2.1272,-11.6157,1.3485,-0.2516,-0.2279,0.2617
2.4265,-12.0563,1.0301,-0.1653,-0.3547,0.1999
-0.2322,-12.5929,1.1186,-0.1653,-0.3547,0.1999
-0.2322,-12.5929,1.1186,-0.0215,-0.7296,0.1904
-2.7045,-12.0419,2.5776,-0.0215,-0.7296,0.1904
-2.8458,-11.3233,2.6518,0.0966,-0.883,0.2223
-2.3235,-10.6431,2.6973,0.2085,-0.9682,0.2639
-2.3235,-10.6431,2.6973,0.577,-0.8074,0.4886
-0.7808,-10.4731,3.1118,0.9094,-0.556,0.5568
1.2551,-11.0719,3.4853,1.23,-0.2982,0.5493
2.9056,-12.0877,3.3488,1.23,-0.2982,0.5493
2.9056,-12.0877,3.3488,1.9086,-0.0948,0.5451
2.6255,-11.7881,3.3345,2.3656,0.2077,0.56
3.5428,-12.5282,1.6169,2.3656,0.2077,0.56
3.5428,-12.5282,1.6169,3.1465,1.2101,0.1563
2.2852,-13.6206,0.6323,3.3723,1.4103,-0.0737
-1.3365,-14.5094,-3.9453,3.3723,1.4103,-0.0737
-2.6853,-14.0351,-5.4976,3.35,1.2654,-0.241
-3.4997,-14.3298,-4.2209,3.0964,0.8106,-0.2719
-3.7801,-14.7824,-1.7079,2.7917,0.4452,-0.1366
-3.7801,-14.7824,-1.7079,2.5999,1.0769,0.2394
-3.2483,-14.7297,0.5246,2.6404,1.8215,0.2852
-1.4613,-13.5655,0.4216,2.6404,1.8215,0.2852
-1.5643,-13.1199,0.8119,2.6148,2.5098,0.2319
-2.2565,-13.0073,1.3341,2.6244,2.84,0.1467
-2.2565,-13.0073,1.3341,2.9078,2.255,0.1211
-2.0721,-12.387,0.2947,2.9078,2.255,0.1211
-0.0718,-11.5822,-0.2537,2.9184,1.8758,0.1733
1.1761,-10.8609,-0.8191,2.7512,1.7352,0.1531
1.1761,-10.8609,-0.8191,2.2985,1.6969,-0.143
1.8803,-9.4933,-0.9295,2.2985,1.6969,-0.143
1.8803,-9.4933,-0.9295,2.0481,1.7022,-0.2537
0.5102,-8.0678,-1.1115,2.0481,1.7022,-0.2537
-0.2274,-7.4905,-0.975,1.9512,1.7086,-0.1941
-0.6275,-7.0548,-0.9463,1.8372,1.6543,-0.1153
-0.6275,-7.0548,-0.9463,1.5453,1.5179,-0.0695
-1.4469,-6.1013,-0.6994,1.5453,1.5179,-0.0695
-1.5188,-5.5479,-0.7233,1.36,1.4913,-0.1131
-1.5188,-5.5479,-0.7233,0.9019,1.4625,-0.2484
-1.6816,-4.604,-0.9941,0.9019,1.4625,-0.2484
-1.9812,-4.0291,-1.2336,0.641,1.4934,-0.3794
-2.1296,-3.4614,-1.5236,0.3842,1.405,-0.4881
-2.0314,-3.1693,-1.5978,0.1169,1.2452,-0.5605
-2.0458,-3.1118,-1.4493,-0.1376,1.0545,-0.6308
-2.0458,-3.1118,-1.4493,-0.5414,0.6838,-0.7022
-1.9955,-3.5116,-1.133,-0.6958,0.4218,-0.7075
-2.0841,-4.1847,-0.5868,-0.8236,0.1331,-0.6958
-1.6026,-5.3321,1.0755,-0.8236,0.1331,-0.6958
-1.6026,-5.3321,1.0755,-1.0548,-0.3834,-0.7736
-1.5858,-5.984,2.0003,-1.1794,-0.5592,-0.8194
-1.3365,-6.8007,2.9463,-1.2828,-0.7243,-0.846
-1.9114,-7.7805,4.2712,-1.3105,-0.8159,-0.8151
-3.3417,-9.9963,7.5408,-1.3105,-0.8159,-0.8151
-3.6508,-11.364,8.88,-1.2242,-0.7531,-0.7576
-3.6508,-11.364,8.88,-0.8748,-0.0074,-0.5446
-3.6074,-12.9499,10.1855,-0.5808,0.588,-0.3304
-3.3848,-14.5884,11.3473,-0.1952,1.0077,-0.1099
-2.4432,-15.8603,10.219,-0.1952,1.0077,-0.1099
-1.8611,-14.2865,8.7268,0.2021,1.0417,0.0402
-1.6744,-11.4215,7.7063,0.5131,0.6892,0.0902
-1.7151,-8.7603,7.3085,0.7113,0.2396,0.0135
-1.066,-6.7336,6.7815,0.7709,0.0607,-0.0535
-1.066,-6.7336,6.7815,0.4929,0.2918,-0.2047
-1.593,-5.7395,3.9309,0.4929,0.2918,-0.2047
-1.593,-5.7395,3.9309,-0.0663,0.3675,-0.4434
-2.369,-7.2511,1.5068,-0.552,0.23,-0.5744
-0.4121,-11.1677,-1.3964,-0.552,0.23,-0.5744
0.5078,-14.495,-1.6457,-0.9653,0.1097,-0.7576
-1.1976,-19.1973,-1.042,-1.0953,-0.3738,-0.9206
-1.1976,-19.1973,-1.042,-0.0854,-2.3722,-0.4998
-11.127,-21.3101,7.996,-0.0854,-2.3722,-0.4998
-11.127,-21.3101,7.996,0.9062,1.3091,0.8455
1.6912,-3.2866,-7.759,0.9062,1.3091,0.8455
6.063,-0.5366,-10.0155,0.3288,1.0971,0.5153
4.6208,-1.2623,-4.8581,-0.5137,-0.4335,-0.0354
-0.4336,-4.6854,2.4241,-1.1613,-1.6308,-0.6447
-0.9319,-7.6392,2.58,-1.3062,-1.7991,-0.7512
2.92,-9.8383,-1.514,-1.1528,-1.5957,-0.5105
2.92,-9.8383,-1.514,-1.5672,-2.3339,-0.5754
4.695,-14.5166,-1.8827,-1.5672,-2.3339,-0.5754
2.7931,-14.1979,0.3474,-1.7793,-2.5907,-0.6809
0.3785,-12.4109,1.4948,-1.7037,-2.3211,-0.7033
-1.3868,-9.97,1.0444,-1.4713,-1.7373,-0.5946
-2.1559,-8.0175,0.5892,-1.3318,-1.2111,-0.4167
-2.1559,-8.0175,0.5892,-1.3967,-0.9768,0.0274
-1.9593,-6.8462,0.3594,-1.4553,-1.2676,0.1467
-0.8143,-7.105,-0.2274,-1.4553,-1.2676,0.1467
-0.8143,-7.105,-0.2274,-1.58,-1.814,0.103
-0.055,-8.1277,-0.2322,-1.5768,-1.927,0.054
0.6587,-9.2535,0.0574,-1.4905,-2.0345,0.0135
1.4637,-9.8264,0.055,-1.385,-2.0186,0.005
2.0961,-10.2621,0.0287,-1.385,-2.0186,0.005
2.0434,-9.8264,-0.0335,-1.3126,-1.8588,-0.0055
2.0434,-9.8264,-0.0335,-1.2977,-1.4497,-0.0023
1.5283,-9.074,-0.2011,-1.2977,-1.4497,-0.0023
1.5283,-9.074,-0.2011,-1.3626,-1.1632,0.0412
0.9151,-8.5924,-0.3546,-1.3626,-1.1632,0.0412
0.527,-8.456,-0.3067,-1.3797,-1.1142,0.0838
0.3235,-8.4416,0.1173,-1.4159,-1.0332,0.1659
0.3235,-8.4416,0.1173,-1.4159,-0.7733,0.332
0.3378,-8.4392,0.4719,-1.4159,-0.7733,0.332
0.5916,-8.7795,0.3354,-1.4266,-0.6572,0.4002
0.8119,-9.2464,0.1436,-1.4362,-0.5762,0.43
0.9487,-9.7207,-0.1795,-1.4617,-0.5027,0.4439
0.9487,-9.7207,-0.1795,-1.5224,-0.3632,0.3917
0.6922,-9.9628,-0.2923,-1.5373,-0.3398,0.3544
0.225,-9.8694,0.1149,-1.5373,-0.3398,0.3544
0.7041,-10.0634,0.515,-1.5097,-0.3536,0.3363
0.7041,-10.0634,0.515,-1.2583,-0.442,0.3565
1.4134,-10.4898,0.7113,-1.0569,-0.4473,0.3629
2.2445,-11.1462,0.6347,-0.797,-0.3557,0.348
3.107,-13.2159,0.237,-0.797,-0.3557,0.348
3.107,-13.2159,0.237,-0.2378,0.0362,0.1989
2.5728,-14.4879,0.0239,-0.0482,0.05,0.0732
1.5762,-14.9143,0.1987,0.0434,-0.1438,-0.0141
-1.4326,-13.7139,1.9835,0.0434,-0.1438,-0.0141
-1.5116,-13.3955,3.3991,0.087,-0.3195,-0.0567
-0.6874,-13.0792,4.6639,0.1563,-0.3462,-0.0684
0.0646,-12.5498,5.3468,0.2798,-0.2737,-0.0631
0.2971,-11.3066,5.3492,0.5451,-0.1853,0.0125
0.2971,-11.3066,5.3492,1.3845,-0.0756,0.348
1.6002,-12.3295,5.7347,1.3845,-0.0756,0.348
2.2062,-12.7536,4.4747,1.8777,0.0511,0.4908
2.2062,-12.7536,4.4747,2.7491,0.5528,0.6569
2.1942,-12.641,2.3355,2.7491,0.5528,0.6569
2.1942,-12.641,2.3355,3.3947,1.1824,0.4173
-3.2794,-12.8158,-3.55,3.3947,1.1824,0.4173
-3.2794,-12.8158,-3.55,3.0656,1.5019,0.3427
-4.3574,-13.1486,-5.2531,3.0656,1.5019,0.3427
-4.0937,-13.7693,-3.4709,2.7682,1.5222,0.3896
-4.0937,-13.7693,-3.4709,2.5914,2.2604,0.5696
-0.7472,-14.0686,1.4948,2.5914,2.2604,0.5696
-0.7472,-14.0686,1.4948,2.993,3.0094,0.5738
0.5126,-13.6948,2.647,3.3095,2.8155,0.5366
0.2226,-13.7427,3.3728,3.4959,2.383,0.5845
-2.7237,-13.3261,0.3139,3.4959,2.383,0.5845
-2.7237,-13.3261,0.3139,3.1231,1.8172,0.7219
-3.1932,-12.1906,0.0766,2.8588,1.6287,0.658
