bicicleta
-4.7189,-12.0718,-2.9783,-0.144,-0.6595,2.0024
-4.3167,-10.7861,-3.098,-0.2729,-0.5795,1.9572
-6.1366,-8.7223,-4.5729,-0.4348,-0.6101,1.8466
-6.6011,-8.5787,-4.9706,-0.593,-0.7573,1.6853
-8.3033,-8.0184,-6.4574,-0.8447,-1.1073,1.5473
-8.7367,-7.4342,-6.6322,-1.0799,-1.403,1.6401
-6.4766,-6.0648,-3.7876,-1.3578,-1.7066,1.8399
-6.4766,-6.0648,-3.7876,-1.535,-2.4707,2.058
-4.9634,-4.5298,-2.4899,-1.535,-2.4707,2.058
-3.8762,-3.4715,-2.0326,-1.1575,-2.7475,1.8747
-1.2785,-1.9536,-1.7621,-0.8429,-2.5581,1.7757
-1.1468,-1.9129,-1.7836,-0.5582,-2.0376,1.7177
-0.5051,-2.1619,-2.0087,-0.3493,-1.1183,1.6511
-0.553,-3.6679,-2.4372,-0.2723,0.1565,1.5357
-0.2322,-6.6992,-1.4844,-0.3328,1.2799,1.3695
0.0335,-7.846,-0.6607,-0.9052,1.0667,1.08
-0.6105,-8.7032,-0.4118,-1.2845,-0.1488,0.7929
-2.0709,-9.3448,-0.2729,-1.3218,-1.0926,0.4166
-2.8562,-9.2155,1.1707,-1.1233,-1.1342,0.0592
-2.8155,-8.2148,1.7142,-0.8325,-0.34,-0.2003
-2.5163,-6.1174,1.9225,-0.4635,0.545,-0.3836
-2.5929,-4.6303,1.4532,0.0171,0.6256,-0.6615
-1.9847,-3.3638,-0.328,0.2144,0.0587,-0.8643
-1.9512,-3.3135,-0.656,0.3604,-0.3034,-1.0189
-1.5682,-3.2417,-1.8435,0.4777,-0.2289,-1.1905
-0.9217,-3.4811,-2.6168,0.5522,0.1614,-1.2846
-0.7278,-4.0677,-3.28,0.5504,0.8278,-1.3591
-0.7924,-4.1826,-3.2609,0.457,1.1552,-1.4935
-1.7764,-4.9347,-2.9975,0.3342,1.3391,-1.6792
-3.2106,-5.9714,-3.0669,0.2303,1.3501,-1.9291
-5.7368,-8.277,-4.7117,0.1686,1.1681,-2.1807
-5.7368,-8.277,-4.7117,0.1381,0.8962,-2.3811
-6.4143,-9.194,-4.8769,0.019,0.6256,-2.5411
-6.4215,-9.7854,-3.924,-0.1581,0.6745,-2.5497
-6.1174,-9.9913,-2.7054,-0.3224,0.8309,-2.5082
-5.9522,-9.8763,-2.0614,-0.3914,0.9891,-2.4355
-5.8613,-9.5962,-1.1468,-0.3615,1.1326,-2.3316
-5.6793,-9.2921,-0.5458,-0.1844,1.2866,-2.138
-5.6458,-9.4885,-0.486,0.0067,1.2695,-2.0378
-5.9283,-9.8548,-0.6536,0.226,1.2078,-2.0146
-6.7926,-10.8987,-1.8435,0.4496,1.1204,-2.0488
-7.7599,-11.9569,-2.8826,0.6579,1.0184,-2.0891
-9.0312,-13.3144,-3.4213,0.7978,1.0374,-2.0806
-9.0695,-13.3695,-3.4428,0.8742,1.1882,-1.8704
-8.3081,-13.0415,-3.4931,0.8809,1.1119,-1.5803
-7.1326,-12.0574,-3.8953,0.8711,0.8455,-1.2498
-5.301,-10.4725,-4.2353,0.8394,0.5847,-0.9987
-5.2196,-10.2905,-4.2473,0.7954,0.5303,-0.8631
-4.7596,-9.692,-4.2688,0.741,0.6476,-0.8081
-4.4196,-9.206,-4.1108,0.6952,0.7246,-0.7556
-4.4196,-8.5571,-4.4173,0.6982,0.6934,-0.7318
-4.4196,-8.5571,-4.4173,0.7325,0.6513,-0.7147
-4.7548,-8.3393,-4.0964,0.7569,0.6684,-0.6963
-5.0903,-8.5499,-3.9336,0.7288,0.7576,-0.6505
-5.2723,-8.9043,-4.0222,0.6023,0.7557,-0.5167
-5.3968,-8.9641,-4.2688,0.4667,0.5951,-0.3995
-5.6458,-8.7654,-4.5729,0.3079,0.4222,-0.2974
-5.7152,-8.368,-4.6567,0.1448,0.3434,-0.2083
-5.7152,-8.368,-4.6567,-0.0988,0.311,0.0604
-5.2747,-7.8604,-4.0701,-0.0988,0.311,0.0604
-4.2114,-8.1549,-3.9456,-0.2088,0.0313,0.3732
-3.2369,-8.763,-3.9312,-0.2461,-0.2393,0.5797
-2.533,-9.2275,-3.0023,-0.287,-0.392,0.7214
-2.5139,-9.2107,-2.6144,-0.3627,-0.4549,0.7819
-2.454,-9.1964,-1.3359,-0.455,-0.4983,0.8045
-2.7222,-9.4765,-0.7278,-0.4794,-0.6632,0.8307
-4.525,-10.3193,-1.312,-0.4318,-0.778,0.7843
-4.9395,-10.4126,-1.3072,-0.3676,-0.8593,0.678
-6.5125,-10.6856,-1.9105,-0.2986,-0.8605,0.5778
-7.4055,-10.6999,-3.2537,-0.174,-0.9106,0.5736
-7.6473,-9.8213,-4.9419,-0.031,-0.9692,0.6609
-7.6066,-9.7542,-4.9155,0.0636,-0.9075,0.9205
-6.862,-9.2874,-4.5705,0.0532,-0.8495,1.1337
-6.0887,-8.933,-4.3311,0.0318,-0.8159,1.3213
-5.234,-8.7846,-3.7038,0.0287,-0.8471,1.4508
-4.695,-8.8732,-3.0933,0.019,-0.8807,1.532
-4.5034,-9.0455,-3.0119,0.0196,-0.9161,1.579
-4.7836,-9.1557,-3.0095,0.077,-1.0468,1.5644
-5.2124,-9.0934,-3.1794,0.0953,-1.1018,1.5338
-5.3513,-9.0575,-3.2824,0.1033,-1.1464,1.5271
-5.5021,-9.0096,-3.4572,0.0941,-1.1464,1.5393
-5.9044,-9.0144,-3.4691,0.0599,-1.1049,1.5693
-7.8796,-9.6489,-4.5465,0.0159,-1.0682,1.6047
-8.0711,-9.7494,-4.762,0.0055,-1.1305,1.6609
-8.6218,-10.1517,-5.6554,-0.0304,-1.1934,1.8191
-8.7918,-10.5036,-6.388,-0.1159,-1.1904,2.0152
-8.6313,-10.5228,-6.3018,-0.268,-1.0884,2.1893
-8.4829,-10.4892,-6.1605,-0.4702,-0.9069,2.3121
-7.9131,-10.3504,-5.289,-0.7518,-0.72,2.3976
-7.3983,-10.2786,-4.4436,-0.874,-0.7347,2.3976
-5.4064,-9.7375,-3.3901,-0.9223,-0.8434,2.3426
-5.2196,-9.6082,-3.3614,-0.9131,-0.9045,2.2736
-2.7174,-8.4111,-1.7262,-0.9137,-0.7518,2.1875
-0.9289,-7.4366,0.1053,-1.2601,-0.4201,2.1123
-0.1891,-6.0169,1.0223,-1.4598,-0.56,1.97
-0.3663,-5.2603,0.8355,-1.3878,-0.8275,1.6835
-0.9026,-4.5825,-0.5817,-1.1037,-0.9845,1.3683
-1.4772,-4.0701,-3.1938,-0.7237,-1.0236,1.1129
-1.403,-3.4284,-4.2353,-0.4428,-0.9063,0.9272
-1.1635,-3.3614,-3.4787,-0.5887,-0.2722,0.7892
-0.1316,-3.6703,-1.561,-0.9149,0.1021,0.7122
1.3646,-4.3382,0.0718,-1.1239,0.2481,0.5943
2.3271,-5.1981,1.9177,-1.0927,0.1626,0.3817
2.4085,-5.1741,2.0231,-0.9088,0.0936,0.0696
1.6711,-4.7093,2.2385,-0.6639,0.2023,-0.2596
0.4046,-3.857,1.81,-0.2644,0.3849,-0.8173
-1.1324,-3.1268,0.1292,0.0055,0.3782,-1.1105
-1.5825,-3.1459,-0.1891,0.2254,0.3617,-1.3286
-3.3159,-3.8426,-1.616,0.3604,0.3263,-1.623
-4.0102,-4.604,-2.77,0.4313,0.3159,-1.7977
-5.0784,-5.4542,-3.1842,0.4392,0.446,-1.8313
-5.0784,-5.4542,-3.1842,0.3745,0.6336,-1.8533
-4.8578,-5.9522,-2.9185,0.3048,0.8333,-1.8179
-4.9706,-6.8141,-2.6934,0.2639,0.9867,-1.8026
-5.7679,-8.0328,-2.4061,0.2493,1.0807,-1.8832
-6.3904,-8.8037,-2.533,0.281,1.1198,-2.0213
-6.6873,-9.7135,-2.4516,0.3861,1.2011,-2.1313
-5.8948,-10.2187,-2.3678,0.4362,1.3501,-2.1111
-4.6806,-10.8196,-2.5043,0.4765,1.5016,-2.0683
-4.5058,-11.1357,-2.5881,0.5113,1.6415,-2.0769
-4.5346,-11.8156,-3.0119,0.5516,1.7618,-2.141
-4.973,-12.577,-3.5721,0.6091,1.7728,-2.251
-6.6561,-13.3144,-4.1323,0.6152,1.6995,-2.328
-6.8285,-13.3551,-4.2137,0.5901,1.5572,-2.3787
-7.2283,-13.2785,-4.4196,0.5498,1.3941,-2.3683
-7.4534,-12.9385,-4.5585,0.5052,1.2573,-2.3096
-8.2219,-11.66,-4.3933,0.4417,1.2163,-2.2553
-8.2363,-11.4517,-4.2161,0.3183,1.3416,-2.1679
-8.2746,-10.5539,-3.0885,0.2309,1.3752,-2.0604
-8.3776,-10.02,-2.3535,0.1772,1.2139,-1.9303
-8.9019,-8.7319,-2.4899,0.2132,0.8443,-1.8148
-8.9689,-8.6553,-2.5953,0.3317,0.4564,-1.7354
-9.2275,-7.9083,-3.687,0.5241,0.2542,-1.6737
-9.5052,-7.2331,-5.3896,0.8302,0.3764,-1.499
-8.7415,-6.0193,-5.3609,0.9029,0.5865,-1.309
-8.2339,-5.3609,-4.6184,0.8436,0.7533,-1.0806
-7.5994,-4.7955,-4.106,0.7459,0.7313,-0.8759
-6.874,-5.4925,-3.9193,0.6482,0.4815,-0.6805
-5.1502,-7.8341,-2.691,0.4429,0.1156,-0.3011
-4.3789,-8.9977,-2.9472,0.3079,-0.0823,0.0226
-3.936,-10.1253,-4.1036,0.212,-0.3352,0.2419
-3.7134,-10.1014,-4.7285,0.1039,-0.5117,0.2718
-3.2297,-9.9577,-5.6458,-0.0158,-0.6272,0.2828
-3.1699,-9.9314,-5.5716,-0.1263,-0.8092,0.3145
-2.6599,-9.8308,-4.4053,-0.3035,-0.9863,0.3439
-2.2026,-9.8931,-3.3901,-0.3817,-1.0871,0.3414
-2.0709,-10.0798,-2.4995,-0.3811,-1.2484,0.3231
-2.1691,-10.0679,-2.296,-0.3481,-1.37,0.2858
-2.5163,-9.8237,-2.5737,-0.2974,-1.483,0.2412
-2.9424,-9.5148,-2.9664,-0.207,-1.6931,0.1997
-3.3997,-9.2012,-3.8977,-0.1954,-1.6748,0.2034
-3.3949,-9.1844,-3.9624,-0.2051,-1.5728,0.2724
-3.3423,-9.0647,-4.0773,-0.2338,-1.4445,0.3915
-3.4213,-9.0839,-4.4484,-0.2778,-1.2667,0.5125
-4.841,-9.2921,-3.7445,-0.3084,-1.0706,0.601
-5.562,-9.5603,-3.6774,-0.3084,-0.8129,0.7458
-6.2467,-9.9458,-3.6224,-0.2296,-0.7976,0.9248
-6.6346,-10.2666,-3.5721,-0.1208,-0.7774,1.1374
-6.4191,-10.5611,-3.2058,-0.0078,-0.7542,1.3603
-5.9977,-10.6305,-2.8155,0.0739,-0.7524,1.5717
-5.4495,-10.7287,-2.2649,0.1179,-0.7316,1.747
-4.7237,-10.8484,-1.8339,0.1509,-0.5447,1.9132
-3.9288,-10.4366,-1.6184,0.1497,-0.2454,1.973
-3.8666,-10.281,-1.628,0.1198,0.1492,2.0164
-3.9384,-9.9625,-1.6496,0.0605,0.5199,2.0244
-4.2449,-9.7447,-1.6208,-0.0048,0.7325,1.9895
-5.1214,-9.747,-2.0877,-0.0646,0.581,1.9413
-5.325,-9.7854,-2.2266,-0.0775,0.2561,1.9309
-6.3664,-9.9266,-3.3375,-0.0939,-0.1177,1.9492
-7.2738,-9.2323,-4.7788,-0.1611,-0.4384,1.9828
-7.2738,-9.2323,-4.7788,-0.6425,-0.527,2.1783
-6.9865,-7.2882,-5.5332,-1.2289,-0.1434,2.3347
-6.5484,-6.8548,-4.7524,-1.2289,-0.1434,2.3347
-6.5675,-6.9267,-3.9863,-1.5338,-0.0334,2.342
-6.6585,-7.2307,-3.2656,-1.6688,-0.1629,2.2656
-6.7399,-7.4271,-3.1028,-1.6217,-0.5141,2.1441
-6.1533,-7.4869,-2.6024,-1.4079,-1.0096,1.9975
-4.6208,-6.8525,-2.4779,-0.9956,-1.3529,1.9187
-0.4812,-5.9355,0.9983,-0.8337,-0.8385,2.0256
0.3567,-5.6123,2.1332,-1.1062,-0.2026,2.1728
0.9672,-5.1957,2.4779,-1.2057,-0.122,2.0604
0.8906,-5.7032,0.8164,-0.9174,-0.5581,1.6688
-0.6943,-8.7247,-3.1196,-0.4342,-1.0212,1.1704
-1.0678,-8.8875,-3.2848,0.0495,-0.9515,0.4373
-2.4947,-8.8205,-3.3231,0.0367,-0.5001,-0.0048
-3.7708,-7.7934,-3.3686,-0.1013,-0.1507,-0.4031
-2.612,-5.2819,-1.4939,-0.2155,-0.0065,-0.6676
-2.4181,-4.8554,-1.0606,-0.2809,0.1198,-0.7684
-2.2194,-3.7732,0.0981,-0.2735,0.319,-0.8869
-2.1116,-3.0047,0.8403,-0.2241,0.4381,-1.1472
-2.4564,-2.6982,1.1276,-0.133,0.589,-1.2846
-2.4564,-2.7533,1.0845,0.0202,0.7429,-1.3964
-2.7796,-3.3638,0.4046,0.226,0.837,-1.4935
-2.7198,-4.3143,-0.9552,0.4386,0.873,-1.5528
-2.557,-5.5428,-2.6431,0.6689,0.9879,-1.5839
-2.5163,-6.1174,-3.3446,0.7044,1.151,-1.623
-2.4468,-6.7615,-3.6655,0.6518,1.3697,-1.6939
-2.3223,-7.3457,-3.7158,0.5516,1.5963,-1.7672
-2.77,-8.2722,-3.5577,0.4661,1.7484,-1.8619
-2.77,-8.2722,-3.5577,0.3452,1.6775,-2.3102
-4.0869,-9.5004,-3.031,0.3452,1.6775,-2.3102
-5.2005,-10.4222,-2.8179,0.347,1.4466,-2.488
-7.1493,-11.7917,-2.1188,0.3537,1.1785,-2.612
-7.3959,-11.976,-2.0638,0.3604,0.9243,-2.645
-7.9682,-12.6273,-1.8602,0.3904,0.6965,-2.5619
-8.1741,-12.9984,-1.7741,0.4698,0.5535,-2.2883
-8.6146,-13.2689,-2.0183,0.5614,0.5584,-2.094
-8.7151,-13.2929,-2.0638,0.694,0.5658,-1.9315
-8.9737,-13.403,-2.7269,0.8662,0.5639,-1.7922
-9.0288,-13.3503,-3.4644,1.0379,0.5572,-1.6481
-8.7822,-12.8404,-5.574,1.1814,0.5871,-1.499
-8.7295,-12.7805,-5.6865,1.2871,0.6678,-1.2699
-8.0663,-12.0287,-6.0049,1.2132,0.7142,-1.1123
-7.2164,-11.174,-5.2005,0.9878,0.6922,-0.9547
-5.5165,-10.0535,-3.5577,0.6915,0.5676,-0.813
-4.6686,-9.3352,-2.5857,0.4411,0.3489,-0.6921
-4.1563,-8.763,-1.7381,0.2786,0.0661,-0.6359
-4.1228,-8.2148,-1.3742,0.3348,0.0514,-0.6511
-4.7453,-7.6042,-2.2912,0.4881,0.1547,-0.6536
-5.0951,-7.3481,-2.5641,0.6494,0.3269,-0.6114
-5.2795,-6.9458,-3.2704,0.7062,0.4961,-0.5198
-5.7392,-6.4814,-3.4356,0.6646,0.4564,-0.3787
-5.6673,-5.9427,-3.8953,0.4032,0.2151,-0.1734
-5.6793,-5.8565,-3.7253,0.1698,0.1345,-0.0268
-5.5763,-5.6386,-2.7054,-0.039,0.1614,0.1295
-5.2028,-6.0073,-2.4325,-0.1477,0.1278,0.3139
-5.0185,-8.0328,-2.2864,-0.1544,-0.0083,0.5009
-4.9203,-8.2986,-2.4803,-0.1312,-0.1183,0.6487
-4.6519,-9.3065,-3.2345,-0.0665,-0.2307,0.8008
-4.4819,-9.8835,-3.3279,-0.0506,-0.2014,0.8491
-4.0629,-10.6066,-2.7365,-0.064,-0.1708,0.8827
-4.0629,-10.6066,-2.7365,-0.0878,-0.1708,0.9334
-4.1874,-10.9513,-2.5258,-0.1165,-0.1971,0.981
-4.4987,-11.0279,-2.533,-0.1984,-0.2808,1.0164
-4.9371,-11.083,-2.5234,-0.2357,-0.4152,1.0647
-5.0831,-11.2027,-2.8538,-0.2412,-0.508,1.1465
-5.2483,-11.2243,-2.9759,-0.2015,-0.5716,1.2559
-5.4686,-11.1046,-3.0717,-0.1373,-0.5881,1.342
-6.0408,-11.004,-3.4955,-0.0506,-0.6119,1.3866
-5.9953,-10.8173,-3.4572,0.0562,-0.6608,1.3805
-5.8636,-10.4414,-3.043,0.0776,-0.7072,1.3768
-5.8469,-10.1062,-2.9137,0.0807,-0.7713,1.3579
-5.8589,-9.5699,-2.7437,0.0917,-0.8385,1.339
-5.8134,-9.4789,-2.7222,0.1045,-0.8642,1.3329
-5.7703,-9.2514,-2.9472,0.1356,-0.8458,1.3732
-6.1007,-9.1126,-3.3279,0.1668,-0.7896,1.397
-7.0057,-9.3041,-4.5513,0.1595,-0.6919,1.43
-7.0057,-9.3041,-4.5513,0.0098,-0.4567,1.5723
-7.8389,-9.7494,-5.1214,0.0098,-0.4567,1.5723
-8.277,-9.6273,-5.3465,-0.1477,-0.2936,1.6701
-7.281,-8.1262,-5.0161,-0.4079,-0.1482,1.8325
-7.281,-8.1262,-5.0161,-0.604,-0.0707,2.003
-6.3042,-7.4414,-4.5058,-0.8074,-0.0291,2.1923
-5.8517,-7.4247,-4.0677,-0.9919,-0.0743,2.3426
-6.6873,-8.0448,-4.7692,-1.1202,-0.2594,2.408
-7.2738,-8.5308,-5.4878,-1.1514,-0.6149,2.3683
-7.4965,-8.7678,-5.9714,-1.119,-1.3083,2.1875
-6.364,-8.0615,-4.5777,-1.0897,-1.7701,2.0158
-4.1659,-6.2898,-1.9105,-1.0493,-2.0242,1.8209
-3.1316,-5.6577,-1.3862,-0.9064,-2.0254,1.6566
-1.2497,-4.7453,-1.5897,-0.684,-1.8098,1.5796
-0.1412,-4.841,-0.6536,-0.4898,-0.6107,1.5039
0.6153,-5.5716,1.64,-0.6804,1.3067,1.4251
0.6153,-5.5716,1.64,-1.0023,1.6042,1.0409
1.0151,-5.0784,2.5594,-1.0023,1.6042,1.0409
1.1803,-4.695,2.4061,-1.0298,0.2139,0.7733
-0.2035,-4.707,1.707,-0.8557,-0.8629,0.4935
-0.2035,-4.707,1.707,-0.028,0.0154,-0.1692
-0.6895,-4.3789,-0.3471,-0.028,0.0154,-0.1692
-0.1939,-4.3095,-2.4229,0.2932,0.6336,-0.2883
-2.545,-5.0616,-1.7932,0.3751,0.8877,-0.4471
-2.6384,-5.1645,-1.7357,0.234,0.8529,-0.7177
-3.5051,-6.2539,-1.4221,0.1314,0.435,-1.1496
-4.4005,-7.1086,-1.0797,0.1827,0.2597,-1.4141
-4.8698,-7.7287,-1.0342,0.2755,0.3672,-1.5876
-5.3393,-7.7383,-1.1563,0.3904,0.6183,-1.642
-4.7237,-7.5156,-1.7334,0.4826,0.8565,-1.6719
-3.9336,-7.123,-2.2697,0.54,0.961,-1.6377
-3.5841,-6.8596,-2.5713,0.537,1.0624,-1.6884
-3.5482,-6.8453,-2.5306,0.5101,1.1003,-1.8246
-3.9217,-7.2044,-2.3535,0.5034,1.1186,-1.9749
-4.446,-7.5875,-2.5067,0.5199,1.0942,-2.1111
-5.0281,-8.2483,-2.8514,0.551,1.0019,-2.2143
-5.0784,-8.3369,-2.8562,0.5694,0.928,-2.2815
-5.3657,-8.7271,-2.7988,0.559,0.8877,-2.3408
-5.629,-9.1437,-2.521,0.5461,0.8718,-2.364
-6.2563,-9.9865,-1.9871,0.5553,0.8345,-2.3884
-6.3401,-10.0655,-1.8938,0.5999,0.7619,-2.4233
-6.7423,-10.281,-1.5203,0.6818,0.6806,-2.4581
-7.0416,-10.2283,-1.3479,0.8711,0.5896,-2.4599
-6.9339,-9.85,-1.7573,1.0287,0.5163,-2.4153
-6.9339,-9.85,-1.7573,1.1912,0.4302,-2.3304
-6.6801,-9.613,-2.5306,1.3403,0.3733,-2.2388
-6.6609,-9.3496,-3.9552,1.4612,0.3782,-2.1685
-7.2044,-9.0455,-5.9379,1.5296,0.4473,-2.1337
-7.6138,-8.9378,-7.2882,1.449,0.6476,-2.0769
-7.6354,-8.7654,-8.4398,1.2706,0.8083,-1.9627
-7.7048,-8.6313,-8.5739,0.9963,0.9787,-1.7989
-7.9514,-8.6888,-6.7998,0.6952,1.1326,-1.6578
-8.0304,-8.7774,-6.1462,0.4191,1.1583,-1.5277
-8.5883,-9.9697,-4.2521,0.0849,0.7331,-1.3017
-8.6673,-11.8061,-1.8531,-0.2344,0.0655,-1.0965
-6.2778,-13.4174,2.4803,-0.5161,-0.4066,-0.813
-5.8636,-13.3934,2.9376,-0.5668,-0.3663,-0.4911
-4.1874,-12.9481,2.9783,-0.331,-0.1415,-0.193
-3.0334,-12.1341,0.9217,0.1259,-0.0163,0.0232
-1.482,-10.5515,-2.0685,0.7538,-0.1562,0.229
-1.3838,-10.3504,-2.5043,0.8839,-0.4005,0.3219
-1.8243,-9.759,-4.185,0.8277,-0.767,0.3512
-2.0494,-8.7511,-5.076,0.6854,-1.0584,0.3243
-2.0422,-6.8716,-5.2076,0.5052,-1.1653,0.3188
-2.0949,-6.7663,-5.1598,0.3446,-1.092,0.3121
-2.2337,-5.8349,-5.3393,0.1949,-0.778,0.273
-2.5713,-4.6974,-4.1443,0.132,-0.6027,0.2748
-3.2369,-3.5529,-1.6424,0.0251,-0.4335,0.2742
-3.45,-3.3423,-1.0893,-0.0268,-0.6039,0.3103
-4.2784,-3.857,-0.9864,-0.006,-1.1519,0.3689
-5.538,-4.8434,-1.7334,0.0342,-1.7591,0.3762
-6.6609,-5.8613,-3.8594,0.0587,-1.7854,0.4343
-6.5532,-6.3712,-4.5896,0.0336,-1.5355,0.653
-6.0791,-7.5276,-5.155,-0.0689,-1.0144,1.0054
-6.2252,-8.7774,-4.2066,-0.2235,-0.3419,1.3487
-6.6633,-12.2969,-3.608,-0.3517,0.1944,1.6016
-6.7806,-12.8619,-3.7588,-0.3395,0.2506,1.8857
-7.7455,-15.1415,-4.7333,-0.2803,0.0716,2.0329
-8.7008,-16.5541,-5.6865,-0.287,-0.0511,2.1581
-7.9251,-15.9627,-4.9898,-0.4403,-0.1672,2.2999
-7.9251,-15.9627,-4.9898,-0.9773,-0.3052,2.5216
-6.4502,-14.3295,-3.0933,-0.9773,-0.3052,2.5216
-5.72,-13.2737,-2.1284,-0.9614,-0.3443,2.4233
-5.2364,-12.3855,-1.7357,-0.8105,-0.4256,2.3286
-5.2292,-12.3711,-1.7357,-0.5991,-0.5264,2.2773
-4.8075,-12.2562,-1.5801,-0.3927,-0.6345,2.2583
-5.0831,-12.2993,-1.5945,-0.2406,-0.6815,2.2064
-6.139,-12.1676,-2.0159,-0.0933,-0.6675,2.017
-6.8477,-11.8611,-2.4085,-0.0707,-0.5813,1.9089
-7.5611,-11.241,-3.2561,-0.1037,-0.4751,1.8558
-7.2355,-9.68,-4.0964,-0.1954,-0.3956,1.882
-5.7775,-7.1661,-4.3718,-0.3456,-0.3956,1.9547
-5.2052,-6.3401,-3.9528,-0.5497,-0.4634,2.0176
-5.2052,-6.3401,-3.9528,-1.0023,-0.7212,2.0488
-2.9616,-4.683,-2.6264,-1.0023,-0.7212,2.0488
-1.482,-3.7948,-1.4532,-1.009,-0.7994,1.9804
-1.482,-3.7948,-1.4532,-0.5949,-1.1678,1.7165
-0.1747,-2.8347,-1.707,-0.5949,-1.1678,1.7165
1.1611,-2.047,-2.5378,-0.1337,-1.2203,1.5338
2.229,-0.4572,-2.9328,0.0067,-0.8006,1.4734
2.2888,-0.4453,-2.533,-0.0946,0.0288,1.4043
2.5761,-1.2665,-0.5315,-0.615,0.7722,1.4117
1.7932,-3.0717,-0.656,-1.028,0.9256,1.3848
-3.3423,-8.8588,-3.8187,-1.0017,0.5584,1.028
-3.3423,-8.8588,-3.8187,-0.6944,-0.246,0.0965
-4.2114,-13.2761,-4.1898,-0.6944,-0.246,0.0965
-4.422,-15.7185,-2.3798,-0.9033,-0.1458,-0.0873
-6.2036,-13.0774,1.2545,-1.1318,0.2035,-0.6139
-5.969,-9.3089,2.8131,-1.1575,0.6275,-1.3451
-4.8602,-5.6147,3.1579,-0.7714,1.0172,-1.6792
-3.9624,-3.6846,2.8682,-0.3701,0.9873,-1.6505
-3.2609,-2.3582,1.7453,-0.0054,0.8431,-1.642
-3.2752,-2.3774,1.142,0.3177,0.6446,-1.6865
-3.4284,-3.2489,0.0454,0.6042,0.4937,-1.7427
-3.5817,-4.8291,-2.7317,0.8681,0.3972,-1.7568
-3.4907,-6.4646,-5.5021,1.0733,0.5273,-1.8051
-3.4907,-6.4646,-5.5021,0.7147,1.4729,-1.9223
-3.4644,-7.0248,-4.4532,0.7147,1.4729,-1.9223
-3.1124,-7.111,-3.881,0.4942,1.8168,-1.984
-3.1794,-7.4749,-2.7485,0.358,1.8987,-2.0274
-3.2178,-7.5156,-2.6623,0.2658,1.8663,-2.1019
-3.8019,-7.7814,-2.0231,0.2242,1.6543,-2.2815
-4.6615,-8.0591,-1.5849,0.2523,1.4705,-2.4263
-6.2874,-8.7942,-1.0678,0.3165,1.2884,-2.546
-6.2874,-8.7942,-1.0678,0.4337,1.2518,-2.5888
-7.2738,-9.5316,-0.4118,0.4337,1.2518,-2.5888
-7.767,-10.3025,-0.2633,0.5101,1.515,-2.3988
-7.9849,-11.2338,-0.9217,0.6243,1.5541,-2.1783
-8.289,-11.5427,-1.5777,0.7819,1.4356,-1.9553
-8.6577,-11.8755,-3.0621,0.945,1.2658,-1.7574
-8.7654,-11.8755,-4.1635,1.0825,1.1394,-1.5625
-8.6457,-11.4326,-4.707,1.1594,1.2469,-1.3683
-8.5428,-11.2841,-4.9395,1.1362,1.5242,-1.0989
-8.3823,-11.4924,-5.2555,1.0226,1.4106,-0.9382
-7.9562,-11.5642,-5.0688,0.8375,1.1198,-0.8185
-6.2946,-11.2769,-3.1986,0.6475,0.8333,-0.6939
-5.8756,-11.2051,-2.7078,0.4985,0.5945,-0.5412
-4.5274,-10.6928,-1.47,0.3702,0.2725,-0.2968
-3.9193,-10.1684,-1.3479,0.4014,0.2335,-0.2101
-4.6064,-8.6194,-3.6248,0.559,0.3214,-0.2394
-4.6064,-8.6194,-3.6248,0.84,0.4796,-0.3359
-5.2076,-7.4797,-4.841,0.84,0.4796,-0.3359
-6.0983,-6.886,-5.5069,0.8253,0.4277,-0.3585
-7.5252,-7.0703,-5.3657,0.6023,0.2964,-0.4105
-7.5372,-7.1565,-5.3226,0.4221,0.2854,-0.3915
-7.044,-8.4446,-4.5968,0.278,0.2707,-0.2364
-5.7439,-9.6656,-3.9647,0.1399,0.1003,0.0519
-3.5314,-10.9585,-4.2832,0.0122,-0.2955,0.4043
-2.7461,-11.5307,-3.9528,-0.1373,-0.6357,0.7183
-2.1739,-12.0622,-2.9041,-0.2381,-0.5209,0.7458
-1.549,-12.2945,-2.5809,-0.2375,-0.4433,0.7244
-1.6328,-11.569,-2.8778,-0.1691,-0.4799,0.6884
-2.0518,-10.8939,-2.5091,-0.1043,-0.5972,0.5864
-2.9951,-9.5675,-1.6184,-0.0884,-0.753,0.4538
-3.6798,-8.7127,-2.0326,0.011,-1.0004,0.3298
-5.1693,-7.7646,-2.6096,0.146,-1.0572,0.3133
-5.3058,-7.6282,-2.6024,0.2309,-0.9815,0.3384
-5.5979,-7.135,-2.7629,0.2737,-0.9686,0.4361
-5.7631,-6.9482,-3.1675,0.3201,-1.056,0.5864
-5.1957,-6.6537,-3.4979,0.3623,-1.1348,0.7586
-5.1957,-6.6537,-3.4979,0.3372,-1.1953,1.0708
-4.8865,-6.5532,-3.8881,0.27,-1.2319,1.2577
-4.8195,-6.6489,-4.039,0.1753,-1.2118,1.4049
-5.4518,-7.5779,-4.185,0.0532,-1.0981,1.5076
-5.4854,-7.6761,-4.2401,-0.0775,-0.9491,1.5595
-6.1893,-8.6385,-4.2042,-0.2522,-0.7499,1.5503
-6.2419,-9.3783,-3.7421,-0.3389,-0.6748,1.5509
-6.2539,-9.9936,-3.0286,-0.3847,-0.6717,1.5931
-6.1869,-10.0703,-2.8921,-0.3676,-0.7145,1.6432
-6.1869,-10.0703,-2.8921,-0.2167,-0.6504,1.8478
-5.9834,-9.7782,-2.8993,-0.2167,-0.6504,1.8478
-6.534,-10.3001,-4.0294,-0.1373,-0.2881,2.0885
-6.5867,-10.7406,-4.2999,-0.1825,0.0972,2.265
-7.0129,-11.2985,-4.3909,-0.309,0.4644,2.3738
-8.4829,-11.9545,-4.8554,-0.455,0.6513,2.3353
-10.5347,-12.9337,-5.7415,-0.5723,0.5261,2.2033
-10.6473,-13.0079,-5.8876,-0.7305,-0.1672,2.0928
-10.3025,-12.747,-5.7631,-0.8441,-0.753,2.0873
-8.4494,-11.6528,-4.2592,-0.9876,-1.18,2.0659
-4.5034,-9.5459,0.5482,-1.1391,-1.1995,1.9541
-4.5034,-9.5459,0.5482,-1.2521,-0.6779,1.7825
-2.4516,-8.1334,2.4851,-1.3334,-0.1036,1.6768
-1.2713,-6.3138,3.5745,-1.3041,-0.5887,1.5448
-0.6488,-3.28,3.1124,-1.1043,-1.3022,1.397
-0.62,-3.0957,2.9688,-0.7433,-1.7017,1.2388
-0.2729,-1.719,1.8315,-0.2705,-1.5887,1.1496
0.6607,-0.8786,-0.3639,0.1485,-1.2209,1.1349
1.5658,-0.4453,-3.0909,0.4484,-0.8856,1.1129
1.9728,-0.328,-3.7493,0.5767,-0.3523,0.97
2.6934,-0.5722,-3.4428,0.4191,-0.0187,0.7935
3.4261,-1.3718,-3.0765,0.1711,0.1748,0.587
3.0789,-3.2944,-2.5761,-0.0274,0.22,0.2932
2.454,-4.2018,-1.9632,-0.1532,0.2286,-0.1569
0.3782,-4.7979,-0.7948,-0.2632,0.2005,-0.904
-1.0726,-5.1478,-0.2801,-0.2864,0.0484,-1.3359
-3.0717,-6.0983,0.5578,-0.2931,-0.1043,-1.6731
-3.3279,-6.297,0.6536,-0.2833,-0.0218,-1.8942
-4.2042,-6.9458,0.5722,-0.2125,0.33,-2.0042
-5.1454,-7.7024,0.0981,-0.0652,0.7429,-2.1148
-6.9458,-9.5651,-1.4796,0.2523,1.0508,-2.2889
-6.9458,-9.5651,-1.4796,0.5639,0.9702,-2.5069
-8.1573,-10.597,-2.0685,0.5639,0.9702,-2.5069
-7.9203,-11.3943,-2.7246,0.6078,0.8596,-2.5442
-7.1852,-12.4549,-3.0334,0.6127,0.8187,-2.4495
-7.1805,-12.4549,-3.019,0.5724,0.9983,-2.2107
-7.0919,-12.6392,-2.5977,0.5712,1.096,-2.0879
-7.0823,-12.4932,-2.3678,0.6109,1.0997,-2.006
-7.0967,-12.0718,-2.2864,0.6995,0.9805,-1.9657
-7.0679,-11.7678,-2.2553,0.807,0.8462,-1.9608
-6.9027,-11.1333,-1.7932,0.909,0.7576,-1.9633
-6.5412,-10.4533,-1.64,1.0263,0.7429,-1.9327
-6.5412,-10.4533,-1.64,1.1454,0.5792,-1.8429
-5.8972,-9.2514,-1.3527,1.1454,0.5792,-1.8429
-5.4925,-8.7127,-1.7357,1.1692,0.4222,-1.8216
-5.0568,-8.2171,-2.5833,1.1967,0.2573,-1.8044
-5.0975,-7.6234,-4.1683,1.2016,0.1687,-1.8057
-5.1598,-7.6018,-4.4388,1.146,0.1553,-1.89
-5.6338,-7.2427,-5.3226,1.0776,0.1748,-1.9498
-5.878,-7.0512,-5.6817,0.9536,0.1785,-1.97
-7.5923,-6.9602,-5.7799,0.7337,0.0404,-1.9431
-7.7503,-6.9913,-5.799,0.4606,-0.166,-1.9211
-9.4645,-7.4797,-4.9227,0.0122,-0.3993,-1.8906
-10.7382,-7.9993,-2.8419,-0.268,-0.2979,-1.7873
-9.0743,-8.1214,0.1508,-0.4366,-0.1879,-1.5155
-8.8875,-8.1286,0.2585,-0.4464,-0.1421,-1.0574
-7.2427,-8.3249,-0.3495,-0.3242,-0.0242,-0.5693
-5.8277,-8.7367,-1.889,-0.0805,0.0013,-0.1643
-4.6184,-9.3664,-3.8402,0.2389,0.019,0.2168
-3.7565,-9.8931,-4.6064,0.2719,0.0331,0.3842
-2.4181,-10.5683,-4.7213,0.1656,-0.0224,0.551
-1.6208,-11.2674,-4.7907,0,-0.1623,0.7006
-1.13,-12.5195,-4.2616,-0.1318,-0.2735,0.7709
-1.1707,-13.233,-4.0246,-0.2332,-0.3565,0.7666
-1.1707,-13.233,-4.0246,-0.3505,-0.5086,0.6896
-3.1292,-14.9667,-2.0398,-0.3505,-0.5086,0.6896
-5.325,-13.1803,-1.3024,-0.4403,-0.841,0.6389
-5.5596,-12.802,-1.3048,-0.4525,-1.3003,0.5839
-6.2563,-10.9418,-1.4556,-0.3829,-1.5111,0.5332
-6.3688,-9.261,-1.8339,-0.1556,-1.5166,0.5522
-5.8804,-7.0416,-2.2433,0.0116,-1.4127,0.6346
-5.8804,-7.0416,-2.2433,0.2603,-1.1452,0.8448
-5.3369,-6.3688,-2.1811,0.2603,-1.1452,0.8448
-4.8506,-5.7631,-2.1356,0.325,-1.059,0.9486
-4.8027,-5.2364,-2.77,0.3727,-1.0493,1.0555
-4.8099,-5.222,-2.8131,0.3953,-1.1232,1.2479
-4.7548,-5.2172,-2.8586,0.3598,-1.1513,1.4086
-4.8841,-5.4423,-2.9089,0.3048,-1.1323,1.5803
-5.5811,-6.0767,-3.5913,0.2578,-1.114,1.7373
-6.3856,-6.6753,-4.4747,0.2242,-1.1433,1.8796
-7.2619,-7.7934,-5.3561,0.132,-1.1568,2.1337
-7.7192,-8.9881,-5.8565,-0.006,-1.0627,2.3518
-7.9634,-10.7598,-5.6817,-0.1941,-0.9143,2.5656
-7.8389,-11.1333,-5.3585,-0.3872,-0.7163,2.7305
-7.4175,-12.0958,-4.5825,-0.5661,-0.4347,2.8441
-6.8405,-13.3,-3.5745,-0.7366,-0.0151,2.9223
-7.305,-15.2516,-2.4564,-0.9577,0.7887,2.929
-7.3744,-15.4336,-2.1691,-1.0249,1.1094,2.8197
-7.5827,-15.5389,-1.9752,-1.0298,1.107,2.6835
-8.0184,-14.9739,-3.6248,-0.9602,0.6745,2.5014
-8.1836,-11.4493,-2.387,-0.8862,-0.0829,2.273
-8.1621,-11.2793,-2.1452,-1.3004,-0.8538,1.8527
-7.3265,-9.68,-0.7757,-1.6003,-1.1476,1.6279
-5.6721,-7.8341,-0.2489,-1.557,-1.4561,1.5741
-2.4372,-5.0233,-0.711,-1.29,-1.6504,1.6041
-2.2912,-4.9203,-0.79,-0.9479,-1.6552,1.6542
-0.4668,-4.1563,-2.4157,-0.6694,-1.3791,1.6908
0.7062,-3.7876,-3.0286,-0.5216,-0.833,1.612
1.3024,-3.4668,-2.4085,-0.593,-0.4958,1.3451
1.8531,-3.5625,-1.5466,-0.673,-0.3688,1.0164
2.2864,-4.0126,-0.6799,-0.7219,-0.4457,0.7263
1.9057,-4.3957,0.1053,-0.736,-0.5905,0.4031
1.2258,-4.3263,0.6248,-0.7299,-0.6577,0.0171
1.1372,-3.9384,0.8259,-0.659,-0.4347,-0.4734
1.4245,-2.9065,1.1707,-0.5894,-0.0114,-0.7043
1.2713,-2.2266,1.0989,-0.4794,0.4839,-0.8979
0.6033,-2.3535,0.4668,-0.3218,0.8498,-1.1252
0.5315,-2.4899,0.3423,-0.1526,1.03,-1.3371
0.1292,-3.3494,-0.9481,0.0642,1.0862,-1.5961
-0.395,-4.3502,-2.9807,0.154,1.0844,-1.7757
-1.8818,-6.6274,-3.5146,0.1362,1.2286,-1.9755
-2.0829,-6.7926,-3.3327,0.0037,1.5517,-2.1771
-3.4524,-8.3536,-2.636,-0.1147,1.8309,-2.3945
-4.9395,-9.9553,-2.3511,-0.1446,1.8559,-2.6108
-7.7814,-13.2234,-1.6831,-0.0597,1.3232,-2.8851
-7.9538,-13.3407,-1.561,-0.05,0.895,-3.0421
-8.7726,-13.5921,-0.5099,-0.1343,0.6928,-3.1325
-8.8851,-12.8427,0.4381,-0.1984,0.7722,-3.0976
-7.8604,-11.2195,1.1468,-0.122,1.0013,-2.9022
-7.3026,-10.1229,1.0151,0.2884,1.2524,-2.4886
-6.546,-9.1341,0.5363,0.6701,1.2505,-2.3109
-6.1725,-8.9809,-0.4237,1.0348,1.129,-2.2052
-6.8884,-10.1397,-3.8067,1.3452,0.8999,-2.1752
-7.4366,-11.0303,-5.5141,1.5571,0.6281,-2.207
-8.9617,-12.7374,-7.7599,1.5919,0.5584,-2.2809
-10.6185,-14.1069,-8.7151,1.314,0.8767,-2.3768
-11.9114,-14.6887,-7.135,1.0287,1.1168,-2.3383
-11.9114,-14.6887,-7.135,0.4631,0.8242,-1.9639
-10.5946,-13.0702,-4.6878,0.4631,0.8242,-1.9639
-8.4087,-11.1884,-3.0071,0.2047,0.1217,-1.6352
-5.6577,-8.5452,-0.4644,-0.0304,-0.439,-1.3151
-5.629,-8.4422,-0.4453,-0.1465,-0.4085,-1.0793
-5.8134,-7.5827,-1.5227,0.0293,-0.147,-1.0793
-5.8134,-7.5827,-1.5227,0.5968,0.5187,-1.0268
-5.4016,-4.9898,-4.1539,0.5968,0.5187,-1.0268
-5.4016,-4.9898,-4.1539,0.5437,0.5279,-0.6921
-4.7979,-4.683,-3.5721,0.5437,0.5279,-0.6921
-4.2114,-5.289,-2.8969,0.2499,0.143,-0.54
-3.7181,-6.9554,-2.6599,-0.0151,-0.2997,-0.3836
-3.3446,-7.7239,-3.1364,-0.133,-0.5563,-0.2272
-3.0741,-8.3033,-3.7756,-0.1031,-0.5184,-0.0561
-2.8706,-8.5643,-4.9443,-0.0292,-0.2735,0.0983
-2.4013,-9.0791,-5.6003,0.0422,-0.1739,0.2987
-2.0135,-9.2443,-5.6649,-0.0139,-0.3455,0.4471
-1.6089,-9.5004,-4.8602,-0.1379,-0.5606,0.5485
-1.3096,-9.7135,-4.1204,-0.2943,-0.5703,0.6017
-0.5506,-10.3959,-2.7772,-0.3963,-0.4751,0.6383
-0.5506,-10.3959,-2.7772,-0.6132,-0.4085,0.7385
-1.6735,-10.8316,-1.9321,-0.6132,-0.4085,0.7385
-3.0526,-10.846,-2.0949,-0.7109,-0.6944,0.7324
-5.2866,-9.9266,-2.8275,-0.7799,-1.1556,0.7428
-5.2866,-9.9266,-2.8275,-0.8307,-1.5691,0.7953
-5.7799,-8.933,-3.0262,-0.86,-1.8116,0.9126
-5.8206,-7.791,-2.9137,-0.8361,-1.7664,1.1618
-5.2412,-5.9834,-2.7844,-0.8172,-1.673,1.3267
-5.2412,-5.9834,-2.7844,-0.7818,-1.5929,1.4599
-5.2172,-5.5883,-2.9089,-0.7354,-1.4622,1.5467
-5.5979,-5.6458,-3.1268,-0.6749,-1.2973,1.6016
-6.4526,-6.1557,-3.4189,-0.571,-1.0034,1.6731
-7.1613,-6.8333,-3.9647,-0.5087,-0.8538,1.7537
-8.1429,-8.04,-4.6782,-0.469,-0.7084,1.8979
-8.5787,-9.8404,-4.9562,-0.4837,-0.4977,2.0799
-9.7111,-12.474,-5.0664,-0.5472,-0.2747,2.2571
-10.4797,-13.4197,-5.4471,-0.604,-0.1391,2.3726
-11.2434,-14.8422,-5.9163,-0.6504,-0.1928,2.4788
-11.1764,-15.9627,-5.8541,-0.7335,-0.271,2.5723
-10.4414,-16.9515,-4.9898,-0.8569,-0.2832,2.6725
-10.2139,-16.8869,-4.7692,-0.9919,-0.2667,2.7458
-8.672,-16.2356,-3.3351,-1.141,-0.2112,2.7733
-7.3744,-15.0601,-2.3798,-1.2302,-0.1598,2.7024
-4.9203,-11.4661,-1.1276,-1.1752,-0.2136,2.3396
-4.5154,-10.8747,-1.0199,-1.0671,-0.3138,2.036
-2.5139,-8.5906,0.2346,-0.962,-0.326,1.8026
-1.2162,-6.8716,1.4604,-1.0622,-0.3932,1.6798
0.0287,-4.0126,2.5402,-1.1856,-0.5856,1.5283
0.0287,-3.8738,2.5498,-0.9571,-0.5019,1.298
1.0079,-2.7437,1.8291,-0.5344,-0.1488,1.3115
2.3104,-1.8531,0.4285,-0.0677,0.2304,1.375
3.5793,-1.0366,-1.0917,0.2621,0.4747,1.3567
3.8522,-0.6799,-1.4604,0.405,0.4723,1.171
3.8666,-0.6105,-1.9464,0.3782,0.3006,0.824
3.6631,-1.1755,-2.2361,0.2596,0.1186,0.1417
3.517,-3.7229,-2.1332,0.1998,0.2054,-0.2657
2.7461,-4.8386,-1.695,0.1246,0.4045,-0.6029
0.316,-6.1557,-0.4572,0.0141,0.5407,-0.9737
-1.233,-6.7471,0.577,-0.0726,0.5945,-1.3237
-3.0573,-6.7375,0.7709,0.0043,0.8022,-1.5913
-3.3183,-6.6801,0.7422,0.1766,1.0007,-1.7678
-3.7301,-6.3688,0.292,0.4069,1.1015,-1.915
-3.2465,-6.0552,-0.3998,0.6732,1.0416,-1.9388
-2.8802,-6.0791,-1.3383,0.8766,0.9414,-1.9223
-2.8802,-6.0791,-1.3383,1.1692,0.8297,-2.0427
-2.205,-6.8022,-2.4947,1.1692,0.8297,-2.0427
-1.9201,-7.4534,-3.1723,1.2254,0.9274,-2.1276
-3.292,-10.0463,-3.4668,1.2334,1.0954,-2.2748
-3.292,-10.0463,-3.4668,1.1179,1.3403,-2.6401
-5.1454,-12.5961,-3.2561,1.1179,1.3403,-2.6401
-6.8333,-14.4205,-3.9647,1.088,1.2011,-2.747
-8.0543,-15.7209,-5.3585,1.0672,0.7008,-2.689
-8.0328,-15.594,-5.7918,0.9731,0.4735,-2.5198
-8.0232,-14.9523,-5.6242,0.7795,0.5401,-2.3646
-8.1788,-14.047,-4.7979,0.559,0.8608,-2.309
-8.5906,-13.063,-4.8745,0.4258,1.2188,-2.309
-8.6673,-12.4453,-5.0257,0.4704,1.5193,-2.2913
-8.6816,-11.2291,-5.1598,0.5382,1.6281,-2.2314
-8.8444,-10.3049,-4.853,0.4893,1.4851,-2.1728
-9.3281,-9.2347,-4.1946,0.3165,1.1052,-2.1215
-9.3927,-9.0791,-3.9384,0.11,0.6837,-2.0396
-9.4142,-8.4231,-3.3159,-0.0384,0.4625,-1.9089
-8.9761,-7.8293,-2.0685,-0.042,0.4906,-1.6077
-7.463,-7.7623,-0.723,0.0855,0.6036,-1.3347
-7.3361,-7.8269,-0.8355,0.2902,0.6,-1.0225
-6.4478,-8.5763,-2.035,0.5431,0.3764,-0.6896
-5.3848,-9.0695,-3.0789,0.719,0.0716,-0.3695
-3.7756,-9.2538,-4.513,0.7355,-0.2698,0.0415
-3.6463,-9.206,-4.5609,0.628,-0.3675,0.2284
-3.6463,-9.206,-4.5609,0.2548,-0.3804,0.4618
-2.0997,-8.3153,-5.0329,0.2548,-0.3804,0.4618
-1.6831,-7.7215,-4.3885,0.0715,-0.271,0.5039
-1.4652,-7.4271,-4.1012,-0.0781,-0.1733,0.5528
-1.0223,-7.1829,-3.3925,-0.2228,-0.1207,0.6096
-1.4197,-7.2667,-2.557,-0.3151,-0.1073,0.6395
-2.5617,-8.4231,-2.375,-0.3823,-0.1708,0.653
-3.0502,-8.9282,-2.059,-0.4544,-0.29,0.6835
-4.0054,-9.6513,-1.5322,-0.5558,-0.3352,0.7189
-5.1119,-10.0487,-1.6017,-0.6113,-0.4262,0.7635
-6.8477,-10.8053,-2.6815,-0.5545,-0.5172,0.8649
-6.9243,-10.8699,-2.7317,-0.4818,-0.538,1.0036
-7.3241,-11.0686,-3.1124,-0.4373,-0.5997,1.1905
-7.5228,-11.1548,-3.5266,-0.3847,-0.7096,1.3775
-6.6873,-10.7215,-3.0645,-0.3236,-0.7481,1.5351
-6.6873,-10.7215,-3.0645,-0.177,-0.4396,1.8429
-5.9594,-10.4198,-2.5474,-0.177,-0.4396,1.8429
-5.5835,-10.1277,-2.5498,-0.0805,-0.238,1.8936
-5.8062,-9.9386,-3.11,0.0165,-0.0554,1.9028
-5.8062,-9.9386,-3.11,0.0703,0.0557,1.8985
-5.9235,-10.1684,-3.2752,0.0782,0.0856,1.9022
-6.1246,-10.3456,-3.4308,0.0129,0.0074,1.9559
-6.1414,-10.5228,-3.4284,-0.0439,-0.089,1.9944
-6.3066,-10.5778,-3.7517,-0.1147,-0.1452,2.0347
-7.0512,-10.9274,-4.5465,-0.2002,-0.158,2.0586
-8.0352,-11.3607,-4.9084,-0.3267,-0.1617,2.0635
-10.0535,-11.6863,-6.4622,-0.5845,-0.2606,2.0543
-10.7167,-11.5882,-7.1374,-0.7494,-0.5074,2.0677
-10.2019,-11.1022,-6.8668,-0.9418,-0.8452,2.1429
-8.459,-10.1397,-5.0831,-1.1685,-1.1458,2.2864
-4.2209,-7.8269,-2.0757,-1.3261,-1.3058,2.3805
-3.7205,-7.5468,-1.8842,-1.3621,-1.2563,2.397
-1.5083,-6.7256,0.6224,-1.2619,-0.4799,2.3102
-0.5243,-5.8636,2.3319,-1.3474,0.2481,2.2388
0.2825,-4.9419,2.794,-1.2943,0.2133,2.0867
0.407,-4.9203,2.5617,-1.0909,-0.2643,1.9022
1.0893,-4.9108,1.2785,-0.7549,-0.5856,1.7226
1.628,-4.6998,-0.9121,-0.3719,-0.6125,1.5711
2.0518,-4.4915,-3.0382,0.0532,-0.3828,1.2632
2.0925,-4.4867,-2.9113,0.0862,-0.1519,0.9596
2.2194,-4.4101,-1.5945,-0.0048,0.0691,0.6279
0.6823,-4.5753,-0.5363,-0.0793,0.1174,0.2901
-1.0989,-4.5418,-0.4357,-0.05,0.0209,-0.0739
-0.8403,-4.2305,-0.0694,0.1075,0.14,-0.5143
-0.4644,-3.9911,-0.1029,0.2401,0.3617,-0.6878
-0.4141,-3.948,-1.0031,0.3873,0.509,-0.8998
-0.6631,-4.3215,-1.3694,0.4936,0.6488,-1.1209
-0.7445,-4.5465,-1.5059,0.5339,0.8425,-1.3475
-1.6041,-5.1191,-1.6831,0.5749,0.9983,-1.5766
-2.5617,-5.957,-2.2553,0.6359,1.1045,-1.9712
-2.9281,-7.4247,-2.6264,0.6671,1.1058,-2.1355
-2.9281,-7.4247,-2.6264,0.6103,1.242,-2.3023
-2.9759,-8.0328,-2.2553,0.6103,1.242,-2.3023
-3.1364,-8.6194,-2.4061,0.5962,1.4198,-2.3976
-4.2185,-10.6712,-2.4061,0.6427,1.6507,-2.5656
-4.2185,-10.6712,-2.4061,0.6805,1.7001,-2.681
-5.3034,-11.8803,-2.2673,0.7434,1.6177,-2.7714
-6.6394,-12.9074,-2.4492,0.8247,1.4185,-2.8423
-8.2411,-14.0734,-3.3662,0.9182,1.1345,-2.8515
-8.2411,-14.0734,-3.3662,0.9841,0.705,-2.609
-9.0072,-13.9441,-3.8043,0.9841,0.705,-2.609
-9.3568,-13.5873,-3.3782,0.9194,0.8498,-2.4874
-9.6249,-12.8739,-3.2872,0.8461,1.0887,-2.328
-9.6369,-12.51,-3.8618,0.851,1.2304,-2.1331
-9.2131,-11.9282,-4.7836,0.9139,1.3019,-1.912
-8.6744,-11.3368,-5.301,0.9365,1.344,-1.6902
-8.2602,-10.5036,-4.6806,0.7807,1.2957,-1.4269
-8.1118,-10.2403,-4.2616,0.6341,1.1223,-1.2956
-8.1118,-10.2403,-4.2616,0.5577,0.5988,-0.9993
-7.3217,-9.7016,-3.5793,0.5577,0.5988,-0.9993
-5.4207,-9.3257,-1.2162,0.5639,0.5456,-0.7977
-5.052,-9.34,-1.0869,0.6237,0.6831,-0.444
-3.8833,-9.2395,-1.3551,0.7459,0.6543,-0.2486
-3.3327,-9.0934,-2.5594,0.8436,0.5028,-0.1172
-3.4883,-8.3728,-4.343,0.8412,0.3336,-0.0904
-3.4883,-8.3728,-4.343,0.7392,0.2774,-0.1105
-3.5458,-7.9035,-5.3968,0.584,0.2383,-0.1258
-3.8235,-7.269,-5.6937,0.2853,0.3349,-0.1252
-4.9347,-6.5915,-3.7445,0.0868,0.4222,-0.0647
-4.9347,-6.5915,-3.7445,-0.0811,0.4466,0.0616
-4.5801,-7.4534,-3.0166,-0.1514,0.2328,0.2907
-4.3311,-8.3656,-2.4947,-0.1941,0.0019,0.5357
-4.2664,-8.6697,-2.1667,-0.2613,-0.1397,0.7086
-4.3047,-8.5978,-1.9871,-0.2882,-0.2179,0.7867
-4.7596,-8.3967,-1.889,-0.2998,-0.3394,0.8729
-5.5189,-8.4374,-2.9017,-0.2699,-0.4653,0.945
-6.704,-8.6697,-4.0007,-0.2277,-0.5911,1.0348
-6.8932,-8.8013,-3.9528,-0.2418,-0.6546,1.1508
-6.8118,-9.1724,-3.8067,-0.3542,-0.7011,1.4477
-6.3904,-9.443,-3.2728,-0.3969,-0.709,1.667
-5.6841,-9.85,-2.7676,-0.4006,-0.6259,1.8619
-5.6841,-9.85,-2.7676,-0.2186,-0.3065,2.1025
-5.5596,-9.9793,-3.4237,-0.2186,-0.3065,2.1025
-5.6099,-10.2857,-4.0246,-0.122,-0.0823,2.1728
-5.5548,-10.9058,-4.0964,-0.0903,0.1669,2.2382
-5.5332,-10.9872,-4.1395,-0.133,0.1553,2.2681
-5.6817,-11.3919,-4.2066,-0.1801,0.0105,2.2644
-5.9905,-11.7007,-4.4053,-0.2247,-0.1525,2.229
-6.3377,-12.0934,-4.1922,-0.268,-0.2606,2.1844
-6.4407,-12.1173,-4.197,-0.3572,-0.4091,2.1691
-7.1062,-12.3352,-4.6423,-0.4159,-0.5276,2.1514
-7.6761,-12.2466,-5.0089,-0.4843,-0.6253,2.149
-7.5324,-11.1524,-5.0017,-0.5869,-0.6094,2.1685
-7.0751,-10.3073,-4.446,-0.7433,-0.4366,2.1807
-6.8429,-9.8045,-3.5434,-0.9479,-0.1177,2.1569
-7.1996,-9.7087,-2.9305,-1.1923,0.2909,1.9901
-8.2602,-9.4909,-3.4093,-1.2106,0.2823,1.8197
-8.4638,-9.2203,-3.2872,-1.1135,0.0093,1.6584
-8.186,-8.4877,-2.2577,-1.1281,-0.6522,1.5613
-5.5763,-7.4917,-0.1101,-1.2747,-1.5905,1.5265
-1.2354,-5.6841,2.8419,-1.381,-2.2985,1.6768
-0.7445,-5.3824,3.0071,-1.1978,-1.8318,1.7189
1.2449,-3.8786,2.0829,-0.7946,-1.0053,1.6951
2.284,-2.5785,0.8092,-0.3328,-0.5117,1.6249
3.4548,-1.7022,-2.6719,-0.0158,-0.5496,1.4636
3.5075,-1.6807,-3.0286,0.1796,-0.8746,1.2186
3.5242,-1.7645,-3.1747,0.2603,-0.8269,0.6438
3.4668,-2.2984,-2.624,0.1961,-0.301,0.2877
2.6623,-3.2824,-1.8459,0.1503,0.1791,-0.0348
2.533,-3.3207,-1.8076,0.099,0.4283,-0.3824
0.8212,-3.4859,-1.3144,-0.0011,0.5053,-0.7538
-0.1939,-3.4883,-0.8403,-0.0738,0.4546,-1.3151
-1.3239,-3.7301,-0.8547,-0.0249,0.5053,-1.5387
-2.0398,-3.9193,-1.367,0.0788,0.6006,-1.766
-2.4037,-4.3311,-1.968,0.1784,0.7221,-1.9688
-2.114,-4.8964,-2.5689,0.2462,0.8981,-2.0653
-2.059,-6.2395,-2.9664,0.2945,1.1296,-2.0922
-2.2146,-6.9626,-2.8826,0.2737,1.4772,-2.2204
-2.9281,-8.2411,-2.8921,0.237,1.6134,-2.3811
-2.9281,-8.2411,-2.8921,0.1766,1.4173,-2.8209
-5.8804,-12.6967,-3.2321,0.1766,1.4173,-2.8209
-5.8804,-12.6967,-3.2321,0.1118,1.2878,-2.9907
-7.4199,-14.2697,-2.6982,0.1118,1.2878,-2.9907
-8.2698,-14.3511,-1.7956,0.0654,1.413,-2.8502
-8.3416,-13.5969,0.0119,0.1014,1.4558,-2.6762
-8.3249,-13.5395,0.0718,0.226,1.4155,-2.444
-8.1381,-13.1779,0.5339,0.4453,1.3281,-2.2382
-7.9634,-12.9385,0.328,0.7398,1.2169,-2.0769
-8.4326,-13.482,-1.6687,1.2731,1.0532,-1.8753
-8.4326,-13.482,-1.6687,1.6182,0.9359,-1.7611
-8.9881,-13.8938,-3.7158,1.9029,0.8651,-1.653
-9.3472,-14.0327,-5.6458,2.0837,0.9335,-1.5118
-8.8947,-13.8004,-7.8365,2.0745,1.1632,-1.3017
-8.2148,-13.5035,-7.7958,1.8613,1.2829,-1.0122
-6.692,-12.2825,-6.3449,1.2993,1.2096,-0.6181
-5.368,-10.7909,-4.3933,1.0098,0.9531,-0.463
-3.9121,-8.921,-2.5258,0.8705,0.6635,-0.3878
-3.5242,-8.344,-2.5354,0.8803,0.4699,-0.353
-3.2848,-7.7814,-3.1435,0.9676,0.4369,-0.3543
-3.4261,-7.4175,-3.7229,0.9878,0.6721,-0.3988
-4.4149,-6.1462,-4.0054,0.9365,0.8767,-0.4502
-4.695,-6.0241,-3.6248,0.821,0.9946,-0.4703
-5.4255,-5.6625,-3.1531,0.6048,0.9836,-0.4239
-6.1893,-5.7727,-3.2465,0.3946,0.8156,-0.3078
-6.0193,-7.2188,-4.6519,0.2529,0.6782,-0.1069
-5.8182,-7.3337,-4.7884,0.1332,0.4418,0.4263
-4.0318,-8.4638,-4.7572,0.0593,0.1455,0.857
-3.4141,-9.182,-3.0358,-0.0811,-0.012,1.1594
-3.4093,-9.3257,-1.7573,-0.2173,-0.1434,1.2779
-3.5266,-9.285,-1.5969,-0.2674,-0.3718,1.3048
-3.9863,-8.957,-0.3782,-0.2955,-0.4848,1.2736
-4.9299,-8.8468,-0.5961,-0.254,-0.7286,1.1899
-6.0049,-8.787,-1.6998,-0.1495,-0.954,1.1319
-6.4718,-8.6984,-2.2649,-0.0683,-1.0157,1.1355
-6.4718,-8.6984,-2.2649,0.0746,-0.9069,1.3689
-7.6521,-9.8141,-3.2465,0.0746,-0.9069,1.3689
-8.2076,-10.9848,-4.4484,0.2309,-0.8898,1.5839
-8.2291,-11.3559,-4.5465,0.2969,-0.8257,1.6927
-7.8604,-11.7941,-4.3981,0.2871,-0.753,1.8002
-7.0224,-11.8539,-3.9073,0.2267,-0.72,1.8991
-6.1917,-11.0184,-3.4165,0.1515,-0.7218,1.9743
-6.2946,-10.901,-3.4428,0.0978,-0.7451,1.995
-6.3569,-10.3959,-3.1292,0.055,-0.7573,1.9828
-6.4454,-10.2355,-2.6839,0.0129,-0.7139,2.0152
-7.5061,-10.6951,-3.7421,0.0043,-0.7273,2.0653
-7.5061,-10.6951,-3.7421,0.0287,-0.7848,2.1392
-8.0376,-11.2075,-4.8291,0.0092,-0.7835,2.2675
-9.0384,-11.5906,-5.9714,-0.1587,-0.5936,2.4251
-11.4469,-12.2801,-7.7814,-0.3786,-0.4036,2.4733
-11.4445,-12.3064,-7.8939,-0.6419,-0.3168,2.5155
-10.9106,-12.2514,-7.3433,-0.885,-0.4671,2.5815
-9.0982,-11.6672,-6.0169,-1.0903,-0.7866,2.6658
-5.3968,-10.4701,-3.1603,-1.1795,-1.2124,2.7275
-2.8969,-9.443,-2.557,-1.0988,-1.494,2.714
0.1077,-8.9546,0.6607,-0.973,-1.0108,2.6749
0.1077,-8.9546,0.6607,-1.4537,0.3336,2.6279
1.968,-7.5875,3.6272,-1.1709,-0.0676,2.3573
3.7588,-2.8227,4.0869,-1.1709,-0.0676,2.3573
3.9552,-1.7788,2.8275,-0.6559,-0.6143,2.0292
4.1036,-0.814,0.3495,0.1906,-0.7341,1.4508
4.5274,0.0837,-1.6615,0.6268,-0.3651,1.1301
4.5394,0.079,-1.6448,0.7703,0.1204,0.8466
5.1071,-0.9792,-1.6472,0.7025,0.4644,0.5626
4.7572,-2.8012,-1.2785,0.5785,0.6049,0.2565
1.9393,-4.8964,-0.0502,0.3555,0.6403,-0.4819
1.9393,-4.8964,-0.0502,0.2572,0.6006,-1.0519
0.213,-5.4662,-0.225,0.2994,0.5487,-1.5161
-1.0366,-6.1964,-0.6679,0.3904,0.5462,-1.9028
-2.114,-7.6761,-2.2409,0.4753,0.6128,-2.2021
-2.1787,-7.7479,-2.3487,0.5272,0.7301,-2.4495
-2.9544,-8.4518,-3.1004,0.5077,0.9928,-2.8014
-4.1706,-9.2443,-3.936,0.4441,1.1436,-3.0641
-5.2938,-10.2977,-4.9395,0.358,1.2322,-3.3176
-6.0648,-10.9082,-5.1454,0.2432,1.322,-3.5179
-6.7519,-11.6959,-4.8195,0.1008,1.4417,-3.6279
-6.9506,-11.8444,-3.5889,-0.0781,1.5541,-3.5723
-7.4438,-11.6624,-2.1571,-0.1098,1.4741,-3.4733
-7.7455,-11.3679,-1.6328,-0.0255,1.2475,-3.3994
-8.6433,-11.1907,-1.3192,0.1081,0.9726,-3.3652
-9.8428,-11.411,-0.4477,0.1607,0.7185,-3.3719
-11.4517,-11.8515,1.4796,0.0953,0.6348,-3.3731
-11.4565,-11.8515,1.5969,0.1308,0.7069,-3.1679
-11.2913,-11.933,1.5921,0.4252,0.6256,-2.8417
-10.4653,-11.6049,0.3854,0.9011,0.424,-2.4391
-8.9857,-10.8627,-2.0231,1.4062,0.3098,-2.0292
-8.7774,-10.7526,-2.6144,1.8009,0.4363,-1.689
-7.7838,-10.1636,-4.2353,2.0452,0.5688,-1.4147
-7.1254,-9.6441,-5.6218,2.0385,0.4558,-1.072
-5.866,-8.7056,-6.8022,1.8546,0.3171,-0.9401
-5.866,-8.7056,-6.8022,1.6029,0.3324,-0.8344
-4.961,-8.3704,-6.7734,1.3225,0.3685,-0.7367
-4.5944,-8.131,-7.0703,1.0525,0.2738,-0.6414
-4.3718,-7.767,-6.7495,0.7318,0.1296,-0.609
-4.3694,-7.8149,-5.5979,0.4673,0.2267,-0.5913
-4.446,-8.8013,-3.3255,0.143,0.4161,-0.5186
-3.7445,-9.9075,-1.3503,-0.1624,0.5603,-0.3463
-3.3423,-10.4557,-0.4381,-0.3444,0.5138,-0.1368
-3.4787,-10.4773,-0.5315,-0.3719,0.4173,0.0171
-3.6559,-10.4078,-1.8794,-0.2198,0.2671,0.2083
-3.7612,-10.2307,-3.5122,-0.0903,0.0142,0.3469
-3.8857,-9.2443,-4.4603,-0.0396,-0.2692,0.4801
-3.8594,-9.0815,-4.4101,-0.0628,-0.5441,0.59
-3.9456,-8.3081,-3.3614,-0.1349,-0.7194,0.6927
-3.9647,-7.6617,-3.0262,-0.2815,-0.9075,0.8167
-4.3023,-7.1924,-2.2816,-0.2998,-1.067,0.879
-4.3933,-7.1709,-2.1691,-0.3059,-1.1244,0.9254
-4.3933,-7.1709,-2.1691,-0.2607,-1.1708,0.9474
-6.364,-7.8939,-2.782,-0.2607,-1.1708,0.9474
-6.7327,-9.012,-2.7437,-0.2149,-1.1342,1.0012
-6.716,-9.091,-2.7653,-0.1972,-0.9546,1.2229
-6.6705,-9.5938,-2.7269,-0.1599,-0.9118,1.3762
-6.2707,-9.7734,-2.5522,-0.0952,-0.8501,1.4953
-5.6984,-9.9122,-2.2553,-0.0176,-0.767,1.6114
-5.7631,-10.075,-2.4277,0.055,-0.7322,1.7122
-6.1294,-10.1397,-3.0669,0.1204,-0.7677,1.7971
-6.7687,-9.9122,-3.7038,0.1698,-0.965,1.9315
-8.3728,-9.692,-4.9706,0.1558,-1.1751,2.0488
-9.4765,-10.0655,-5.3345,0.1002,-1.3913,2.2339
-10.8675,-11.4278,-6.7399,0.0306,-1.5905,2.5173
-11.0088,-13.3264,-7.5971,-0.0225,-1.786,2.8906
-8.9043,-14.3607,-5.2747,-0.1801,-1.7261,3.3628
-8.538,-14.4876,-4.8578,-0.3639,-1.1843,3.5069
-7.2595,-15.4216,-2.8586,-0.56,-0.2197,3.6138
-6.613,-16.1782,-1.5011,-0.6938,0.7985,3.6688
-5.7056,-16.8318,-2.059,-0.6828,1.3855,3.5711
-5.2866,-16.6307,-2.0207,-0.5203,1.3513,3.3084
-4.2425,-13.7573,-1.4772,-0.5503,0.1296,2.8112
-3.936,-10.3911,-0.079,-0.9052,-1.3828,2.3695
-2.4061,-5.6027,1.3383,-1.1294,-2.4885,1.9657
-2.4061,-5.6027,1.3383,-1.0524,-2.7438,1.7507
-1.8555,-3.4284,0.8906,-0.7366,-2.202,1.6487
-0.5003,-1.7022,-0.9457,-0.0762,-0.8434,1.7238
-0.5003,-1.7022,-0.9457,0.4063,0.5322,1.9248
0.8259,0.4309,-3.0813,0.2432,0.9359,1.926
3.2513,2.3295,-3.0597,0.2432,0.9359,1.926
4.422,1.8052,-2.2649,-0.1275,1.0557,1.8044
4.5705,0.0407,-0.6488,-0.4684,0.9445,1.5448
4.173,-0.8523,-0.1556,-0.6895,0.6855,0.813
3.766,-2.4947,0.0311,-0.6065,0.4754,0.2846
3.3997,-3.5098,-0.2513,-0.4537,0.22,-0.1185
2.7653,-4.2999,-0.1771,-0.3878,-0.0364,-0.4923
2.7653,-4.2999,-0.1771,-0.4232,0.0331,-1.2473
2.035,-4.6878,-0.1268,-0.4232,0.0331,-1.2473
0.407,-5.04,0.146,-0.3511,0.7038,-1.9028
-1.0941,-6.704,0.1819,-0.2173,1.1815,-2.32
-1.1707,-6.886,0.2011,-0.0078,1.4466,-2.6426
-1.8938,-8.7822,-0.1867,0.2285,1.5248,-2.9706
-1.8938,-8.7822,-0.1867,0.6451,1.1418,-4.075
-8.0448,-13.8076,-2.0278,0.6451,1.1418,-4.075
-8.3345,-13.9896,-1.9776,0.5235,0.975,-4.3799
-8.3345,-13.9896,-1.9776,0.3,0.5065,-4.119
-10.0176,-15.7209,-2.2026,0.3,0.5065,-4.119
-9.85,-15.6371,-2.3343,0.3342,0.2396,-3.7397
-10.1517,-15.3282,-2.0063,0.4111,0.1913,-3.433
-10.7909,-14.5833,-1.0199,0.581,0.501,-3.2107
-10.5515,-13.5203,-0.2082,0.763,0.7637,-3.0732
-10.5515,-13.5203,-0.2082,1.3109,0.8352,-2.6639
-10.1924,-12.4333,-2.7461,1.3109,0.8352,-2.6639
-10.1924,-12.4333,-2.7461,1.4374,0.614,-2.2913
-10.2163,-11.9114,-4.8434,1.4374,0.614,-2.2913
-9.1246,-10.9585,-6.8668,1.3586,0.3275,-2.0818
-8.8349,-10.7263,-6.9195,1.2211,0.1699,-1.8368
-7.8772,-9.4645,-6.0672,1.0605,0.2328,-1.5974
-7.2283,-8.3177,-5.5045,0.8943,0.3929,-1.4049
-6.1222,-6.8501,-2.2697,0.752,0.4497,-1.2473
-6.1222,-6.8501,-2.2697,0.526,0.4955,-1.0134
-6.3401,-7.3672,-1.5442,0.4319,0.3135,-0.8869
-6.364,-7.8748,-2.3582,0.38,0.0655,-0.7507
-5.4303,-7.056,-3.4548,0.3647,-0.0438,-0.5681
-5.38,-6.9913,-3.5817,0.3562,0.0386,-0.3543
-4.9371,-6.6968,-3.5721,0.3042,0.2066,-0.1154
-4.0964,-6.7782,-2.9807,0.1521,0.3813,0.2504
-3.0238,-7.1661,-2.4468,0.0348,0.432,0.5125
-2.5953,-7.791,-1.5658,-0.0048,0.3055,0.733
-2.5953,-7.791,-1.5658,0.011,-0.3798,0.912
-2.8419,-9.8117,-1.5322,0.011,-0.3798,0.912
-3.6583,-9.7207,-2.1595,0.0568,-0.8239,0.7855
-4.0485,-9.4885,-2.1116,0.0379,-0.8629,0.6902
-4.7189,-9.0431,-1.4484,-0.0054,-0.7994,0.6688
-5.5309,-8.8277,-2.2984,-0.0164,-0.8654,0.722
-6.6633,-9.1006,-3.6056,0.0245,-1.059,0.7935
-6.8141,-9.1269,-3.5051,0.0214,-1.0743,0.9144
-7.4773,-9.4334,-3.3159,-0.0952,-0.8575,1.1612
-8.0448,-9.9362,-3.9552,-0.0781,-0.8257,1.3066
-8.8684,-10.7311,-4.4939,-0.0035,-0.8709,1.4214
-8.8181,-10.7837,-4.434,0.0324,-0.9393,1.5216
-8.6505,-10.9441,-4.3766,0.0159,-0.9808,1.6456
-8.38,-10.7933,-4.0892,-0.0231,-0.957,1.835
-7.6378,-10.7478,-2.7796,-0.0976,-0.8581,1.9914
-7.6617,-10.7813,-2.8227,-0.1618,-0.7848,2.1514
-8.0639,-11.2291,-3.3806,-0.1483,-0.7872,2.2748
-8.5523,-11.6983,-3.7062,-0.1233,-0.7756,2.3744
-8.3273,-12.1173,-3.5936,-0.1453,-0.7353,2.4782
-7.9418,-12.17,-3.4979,-0.2546,-0.6736,2.6939
-7.609,-12.2035,-3.5242,-0.3499,-0.6229,2.8099
-6.9219,-11.8875,-3.608,-0.4611,-0.5404,2.8893
-6.0408,-10.585,-3.79,-0.5949,-0.4195,2.9358
-5.7344,-9.8404,-3.9049,-0.7488,-0.3089,2.9022
-5.9498,-9.1365,-3.8498,-0.9895,-0.3144,2.7617
-5.8732,-8.5954,-4.0869,-1.1202,-0.4995,2.6468
-4.4651,-7.6832,-3.8618,-1.1837,-0.8379,2.5393
-4.0054,-7.5228,-3.6703,-1.1898,-1.238,2.441
-2.5402,-6.4454,-2.8778,-1.1324,-1.6058,2.3738
-0.7709,-5.052,-2.6384,-0.995,-1.8018,2.2626
1.9656,-2.4157,-2.2601,-0.7396,-1.5997,2.0971
1.9656,-2.4157,-2.2601,-0.9595,-0.0419,1.8869
3.529,-2.1021,-0.043,-0.9595,-0.0419,1.8869
4.3622,-2.7533,1.3646,-1.3407,0.4021,1.7702
4.6016,-4.1994,0.2849,-1.433,0.2182,1.4037
4.5896,-4.1994,0.2849,-1.2179,-0.1678,0.9175
4.5585,-5.0496,-0.1053,-0.8728,-0.2765,0.1844
4.2185,-6.1677,-0.8882,-0.7011,-0.0829,-0.2101
0.577,-6.1725,-1.051,-0.6217,0.2396,-0.6847
-0.8379,-6.2419,-1.1851,-0.6107,0.5206,-1.3048
-1.9967,-6.4239,-1.4293,-0.5484,0.6171,-1.7562
-2.2122,-6.5173,-1.6783,-0.3969,0.7447,-2.0433
-2.3223,-7.0967,-1.0342,-0.3523,0.8718,-2.1728
-2.5187,-7.4965,-0.9864,-0.3585,0.997,-2.4055
-3.11,-8.2267,-0.6081,-0.331,1.049,-2.7366
-3.7708,-8.8013,-0.2513,-0.2913,1.0948,-3.0909
-5.0664,-9.5603,-0.1556,-0.2387,1.1235,-3.3829
-5.301,-9.7207,-0.1364,-0.1379,1.1345,-3.6205
-5.7799,-10.2642,-0.079,-0.0756,1.1931,-3.6193
-6.1988,-10.1517,-0.2035,0.0208,1.2444,-3.4923
-5.3728,-8.8085,-0.5746,0.1491,1.231,-3.2931
-5.3321,-8.787,-0.6512,0.3006,1.1223,-3.0482
-5.3393,-8.9234,-1.47,0.5736,0.8168,-2.8276
-5.5596,-9.5531,-1.9416,0.7392,0.6415,-2.8173
-7.0847,-11.7342,-4.0797,0.8504,0.5413,-2.8466
-7.2451,-11.9042,-4.367,0.9511,0.3886,-2.9034
-8.5643,-13.4581,-6.455,1.0495,0.1882,-2.9785
-10.439,-14.6887,-7.9921,1.0275,0.3226,-3.0518
-13.166,-15.0768,-9.771,0.8204,0.7973,-3.1093
-13.8818,-14.2314,-9.0001,0.5858,1.1278,-2.9718
-13.2737,-12.7709,-5.7846,0.201,1.1895,-2.6444
-11.7678,-11.9473,-3.0502,-0.3126,0.5951,-2.1807
-11.7678,-11.9473,-3.0502,-0.6315,-0.2228,-1.0085
-7.8939,-10.2379,0.2442,-0.6315,-0.2228,-1.0085
