andar
1.4101,-4.1276,7.4773,-1.2408,-0.6461,0.9511
1.6017,-4.3837,8.1645,-1.6348,-0.3578,1.1105
3.7253,-7.372,15.3402,-1.7502,-0.1812,1.1991
4.6519,-10.5276,16.8557,-1.6012,-0.103,1.1899
3.11,-15.242,14.071,-1.1113,-0.1507,0.9608
0.3447,-19.3744,17.9954,-0.7851,-0.3871,0.5601
-0.316,-24.5486,20.538,-0.6824,-0.8159,-0.0445
-0.3399,-27.0098,14.4612,0.0664,-1.3309,-0.2577
1.2186,-17.8158,7.1852,1.1024,-1.899,-0.2376
1.2569,-12.2322,7.2906,1.7139,-1.9271,0.0952
2.6096,-5.4423,8.265,1.7737,-1.417,0.2901
4.8291,-0.7493,7.9514,1.5722,-1.0407,0.3689
7.4175,-7.384,4.1347,1.2203,-1.6406,0.4954
7.1182,-8.6146,3.8905,0.9747,-2.2411,0.5797
6.1917,-14.9835,2.9376,0.5465,-2.2435,0.4343
4.0031,-21.4981,4.5872,-0.0264,-1.5538,0.1783
0.0359,-20.9115,4.264,-0.5126,-0.268,-0.2504
1.5107,-17.8876,4.0318,-0.2878,1.1626,-0.6004
4.0892,-5.3968,-5.7631,1.1727,2.399,-0.2186
2.7317,3.5242,-18.151,1.6161,1.6317,-0.1643
2.7317,3.5242,-18.151,-0.8932,1.3538,0.3316
6.6082,1.0702,0.9648,-2.1516,1.3825,0.4502
5.9522,-2.8371,10.9178,-2.1516,1.3825,0.4502
1.2066,-7.7886,0.5339,-1.6727,0.7716,0.3518
-7.6306,-11.7582,-14.6623,-1.0612,0.3006,0.3506
-6.8525,-14.0638,-11.332,-1.7789,1.4362,0.4373
-4.0031,-15.4862,-4.1539,-3.1216,3.6103,0.6065
-4.1611,-16.6379,0.4812,-3.6103,4.5901,0.408
-3.8762,-16.5205,1.628,-3.4038,4.3495,-0.0287
-2.9544,-14.8326,1.9536,-2.8644,3.1247,-0.3652
-0.8236,-12.0239,1.3168,-2.6543,2.2108,-0.4208
-0.8236,-12.0239,1.3168,-2.5725,1.1882,-0.3622
3.9863,-7.123,-0.4644,-2.5725,1.1882,-0.3622
4.3358,-7.1757,-0.7565,-2.6678,1.1595,-0.2956
5.4782,-7.2092,-1.7405,-2.7869,1.4894,-0.3298
4.8099,-7.4845,-2.0661,-2.8632,1.7991,-0.5412
-0.1364,-8.2411,-0.8164,-2.9567,1.9964,-0.9779
-0.1819,-8.593,-0.8523,-2.9817,1.9799,-1.3066
0.0478,-9.7806,-1.9009,-2.7398,1.7796,-0.9376
-1.2138,-10.0703,-2.3798,-2.3837,1.2707,-0.4795
-4.1659,-10.6736,-1.1037,-2.118,0.804,-0.4642
-4.2305,-10.6257,-1.0678,-2.0917,0.9805,-0.5406
-3.711,-9.9673,-0.7517,-2.0575,1.2432,-0.4679
-2.284,-9.2993,-0.6153,-1.9989,1.5309,-0.2583
0.0095,-8.3728,0.0047,-1.9836,1.6659,-0.0537
0.6177,-8.1573,-0.0383,-1.986,1.7521,0.0525
0.96,-8.2195,-0.0191,-1.8657,1.8865,-0.0757
1.0151,-8.3273,-0.1675,-1.7692,1.826,-0.2541
0.79,-7.8724,-0.4429,-1.6525,1.7447,-0.4013
0.7158,-7.5516,-0.6105,-1.578,1.4998,-0.5265
0.4525,-7.3385,-1.0103,-1.5486,1.0526,-0.6139
-0.0239,-7.8915,-0.9576,-1.5493,0.4851,-0.6633
-0.6823,-9.1868,-0.4501,-1.5939,0.3367,-0.6432
-0.6727,-9.3424,-0.3758,-1.6244,0.3623,-0.601
-0.2537,-10.1325,-0.1891,-1.6397,0.5456,-0.5656
0.2777,-11.0184,-0.0047,-1.65,0.8455,-0.5192
1.2665,-11.7486,1.0702,-1.6293,1.1638,-0.4868
1.288,-11.6193,1.3718,-1.5444,1.443,-0.4917
1.1276,-10.9465,2.3199,-1.4424,1.4955,-0.5265
0.7374,-10.6305,1.9536,-1.2377,1.4668,-0.5693
-2.6168,-12.3448,0.4955,-0.9732,1.3562,-0.6114
-2.9568,-12.51,0.2968,-0.7625,1.1363,-0.6566
-5.9307,-13.5778,-1.8746,-0.4906,0.7704,-0.7104
-6.9243,-13.9632,-2.6958,-0.3642,0.7313,-0.6945
-4.3789,-14.5283,-0.8068,-0.3361,0.8859,-0.5638
-1.6184,-14.9236,1.0893,-0.4014,1.0038,-0.3536
0.2705,-14.7369,3.098,-0.454,0.8168,-0.1826
-0.4644,-14.9452,3.632,-0.4356,0.4784,-0.1698
-3.2369,-16.6259,1.731,-0.2304,0.3843,-0.2614
-3.5242,-15.7424,1.3072,-0.052,0.4265,-0.2254
-3.213,-13.0415,1.7477,0.1006,0.2817,-0.0775
-3.3087,-12.2035,3.5482,0.2784,0.0532,0.0232
-3.8905,-13.5969,4.0892,0.5288,-0.0975,0.0708
-4.0246,-13.5395,3.9001,0.9039,-0.3407,0.1197
-3.7277,-12.8978,2.6144,1.5654,-0.665,0.1704
-2.272,-12.146,1.3742,2.0285,-0.6675,0.273
1.8746,-11.8061,-0.0766,2.4817,-0.5367,0.4172
2.5953,-11.7294,-0.292,2.91,-0.4543,0.5687
2.5953,-11.7294,-0.292,3.5654,-0.301,0.9309
7.1613,-13.9584,-1.8986,3.5654,-0.301,0.9309
7.6713,-16.6786,-4.0222,3.5886,-0.293,1.0293
7.4606,-16.6163,-4.0797,3.5098,-0.2368,0.995
6.613,-15.764,-3.7158,3.3376,0.1846,0.8625
5.8756,-14.7919,-3.7732,3.1513,0.881,0.7586
6.7734,-13.7262,-2.2122,3.0401,1.3837,0.8466
7.1445,-13.4126,-0.5458,2.775,1.4656,1.0341
3.8067,-14.0614,-2.0278,2.6033,1.4167,0.8839
-0.1867,-14.7345,-0.7613,2.4414,1.1522,0.631
-1.9033,-15.5413,3.3686,2.0138,-0.3303,0.6377
-2.0207,-15.187,3.6391,1.7524,-2.3669,0.8148
-3.4452,-14.241,1.5155,2.2069,-3.4823,0.9578
-3.7732,-12.8308,0.7709,2.6907,-2.9637,0.9272
-1.2641,-10.7766,-1.3215,3.0346,-2.0364,1.0323
-0.9696,-10.5347,-1.5682,3.293,-1.2295,1.1325
-0.3734,-9.7542,-2.6216,3.395,-1.0914,1.1569
-0.3351,-8.7367,-3.5362,3.3321,-1.4585,1.0348
0.5123,-6.3401,-3.8355,3.0376,-2.3706,0.8662
0.5554,-6.194,-3.8738,2.8214,-2.8531,0.8185
0.6991,-5.1717,-3.6128,2.7194,-3.0095,0.7672
0.7469,-4.5441,-3.4308,2.64,-2.9405,0.678
1.3742,-3.5434,-2.5665,2.5318,-2.8935,0.5998
1.3742,-3.5434,-2.5665,2.3406,-2.7493,0.54
1.8914,-2.8012,-2.363,1.9729,-2.359,0.5033
2.2601,-2.1499,-2.4085,1.8018,-2.2062,0.4343
2.2529,-1.3024,-1.8315,1.632,-2.2093,0.3701
1.9225,-1.0749,-1.5514,1.362,-2.2643,0.3121
1.3144,-0.7685,-1.5538,1.0456,-2.2655,0.248
0.8906,-0.8523,-2.0111,0.6455,-2.15,0.2474
0.7541,-1.3407,-2.4133,0.3999,-2.0053,0.3011
0.7158,-1.549,-2.4995,0.1354,-1.8446,0.3787
0.6607,-1.6735,-2.0829,-0.1461,-1.698,0.4746
0.5913,-1.6496,-1.1803,-0.4778,-1.5282,0.5986
0.8236,-3.134,3.8115,-0.8315,-1.3174,0.7342
0.9433,-3.4213,4.8769,-1.3574,-0.9191,0.9211
2.5258,-5.7128,12.1891,-1.6165,-0.5429,1.0335
5.3848,-8.9641,17.8374,-1.7014,-0.1372,1.1325
5.6218,-15.3977,13.3527,-1.4069,0.0618,1.0641
4.616,-16.329,14.1715,-0.8889,0.0129,0.7043
1.7286,-21.2467,19.0632,-0.8999,-0.5832,-0.0549
1.2042,-25.2525,18.297,-0.6513,-0.9167,-0.3365
1.2904,-16.4367,7.6042,0.337,-1.326,-0.4807
1.2114,-15.6754,7.36,1.4011,-1.7426,-0.3408
0.7637,-8.7199,7.6354,1.8929,-1.6394,-0.0494
1.8483,-3.3423,8.3656,1.8049,-1.205,0.1233
4.592,-1.8291,7.9705,1.4231,-1.3694,0.394
5.8636,-5.9307,6.7471,1.2099,-1.9063,0.5186
4.8434,-11.6911,5.9427,0.8917,-2.1641,0.5338
3.79,-17.3561,6.1797,0.4103,-1.8116,0.3536
0.9074,-23.921,4.9491,-0.0496,-0.8727,0.102
1.1563,-22.0655,2.3032,0.081,0.6348,-0.3286
4.5537,-9.4693,-3.6104,0.7701,1.4631,-0.2577
3.2225,1.2952,-14.9284,1.2539,1.4845,-0.1337
6.1103,2.7653,-7.3313,1.0315,0.964,-0.039
6.8189,1.8698,-3.9624,-0.2383,1.297,0.2773
7.6761,-1.7238,10.1205,-1.6378,1.6678,0.5076
3.3327,-6.8932,7.5779,-1.8816,0.7447,0.4117
-9.5795,-13.6616,-16.8462,-1.2078,-0.2808,0.4123
-8.9115,-14.3295,-15.8502,-1.308,0.3098,0.5736
-3.9049,-15.6945,-7.0009,-2.7392,3.0062,0.9315
-2.8323,-15.4886,-0.565,-3.7417,4.8516,0.912
-1.482,-14.1404,1.5011,-3.6647,4.9561,0.4129
-1.3096,-13.9201,1.5179,-2.8076,3.5712,-0.1789
0.0742,-11.5666,2.0326,-2.3996,2.4717,-0.3555
1.1947,-9.1629,1.8219,-2.2756,1.6244,-0.4691
3.1771,-7.3816,0.9481,-2.2658,1.1516,-0.5057
4.1635,-7.02,0.2849,-2.3287,0.9964,-0.4844
4.592,-7.2068,-0.9409,-2.4918,1.1522,-0.5363
4.1754,-7.9227,-1.8746,-2.6036,1.4784,-0.6914
2.3582,-8.9665,-2.2888,-2.7392,1.84,-0.9248
1.4532,-9.4238,-2.0302,-2.848,2.0978,-1.2027
-1.8411,-9.6417,-1.4652,-2.9158,2.1241,-1.4813
-4.2473,-10.2953,-1.2042,-2.9378,1.9433,-1.7629
-3.4787,-10.8316,-1.209,-2.7203,1.2811,-1.163
-3.6703,-10.7047,-1.1372,-2.4582,0.6721,-0.4764
-3.8163,-10.2331,-0.4429,-2.3049,0.2609,-0.2956
-3.2345,-9.6752,0.0454,-2.2359,0.2115,-0.3048
-0.7709,-8.5236,0.3758,-2.1381,0.5334,-0.2822
-0.7709,-8.5236,0.3758,-1.8871,1.2304,-0.0201
0.4884,-7.8844,0.3327,-1.8871,1.2304,-0.0201
1.3192,-7.7766,0.5003,-1.8571,1.3678,-0.0262
2.3151,-8.016,-0.134,-1.8681,1.4185,-0.0629
2.3367,-8.0232,-0.1819,-1.851,1.3599,-0.1398
1.6903,-7.9825,-1.0414,-1.8052,1.121,-0.27
0.3998,-7.9298,-2.1835,-1.6922,0.7557,-0.529
-0.5506,-8.8875,-1.5705,-1.7056,0.6904,-0.6475
-0.6895,-9.7447,-0.4453,-1.8431,0.6049,-0.6866
-0.6751,-11.0016,1.1204,-1.9842,0.4864,-0.6774
-0.632,-11.9617,2.0638,-2.0001,0.5035,-0.664
-0.2418,-12.474,1.9704,-1.9084,0.625,-0.6352
0.1651,-12.2657,1.8339,-1.7484,0.8132,-0.5485
1.6017,-11.3919,2.1188,-1.6427,0.997,-0.4471
3.031,-10.3767,2.9688,-1.468,1.2182,-0.3494
2.7341,-10.3456,2.8036,-1.2029,1.3153,-0.317
1.6256,-10.7358,2.3056,-0.8755,1.2591,-0.4123
-2.3942,-11.7438,0.2274,-0.3984,1.0874,-0.7843
-6.4646,-12.7685,-1.8507,-0.1956,0.9378,-0.9285
-8.5811,-15.6778,-2.5498,-0.1382,0.8187,-0.8527
-8.4183,-16.0178,-1.9728,-0.1809,0.7851,-0.6994
-6.285,-16.4152,1.3479,-0.3184,0.6769,-0.5729
-3.4715,-16.3051,3.608,-0.4503,0.2933,-0.4373
-3.4715,-16.3051,3.608,-0.2481,-0.2112,0.1887
-1.6927,-15.1798,2.3535,-0.0117,-0.2948,0.3597
-2.0566,-12.5602,1.8674,-0.0117,-0.2948,0.3597
-2.8203,-12.1101,1.8339,0.3474,-0.4671,0.3249
-3.0454,-14.9332,2.9927,0.7841,-0.676,0.3127
-3.0717,-14.8446,2.8012,1.3578,-0.8898,0.4447
-1.7908,-13.4916,1.6208,1.7964,-0.866,0.5167
0.8427,-12.3663,0.7709,2.2484,-0.6956,0.6365
5.1741,-11.5307,0.1915,2.687,-0.4396,0.7556
7.2236,-11.7773,-0.079,3.0987,-0.2222,0.8503
9.7782,-12.8499,-1.8866,3.4487,-0.1617,0.9566
9.8691,-15.2803,-2.8538,3.7297,-0.3003,0.9816
8.6792,-17.586,-4.8458,3.745,-0.3425,0.7855
8.6792,-17.586,-4.8458,3.4335,0.3935,0.6285
8.4278,-15.8454,-3.9408,3.4335,0.3935,0.6285
7.3289,-14.0518,-2.5091,3.2184,0.837,0.7874
4.3143,-13.1277,0.2346,2.9991,1.0832,0.8356
3.7804,-13.1803,0.2849,2.7255,1.3776,0.6389
-0.2609,-14.4397,-1.8483,2.6253,1.5743,0.5424
-2.6024,-15.91,0.1819,2.4543,1.3379,0.5461
-2.0063,-15.3354,2.3989,2.0108,-0.3065,0.7776
-2.0661,-15.2732,2.1859,1.8666,-2.0486,1.0671
-3.2872,-13.7549,0.9888,2.3241,-3.1855,1.1746
-4.2544,-11.7414,-0.2489,2.7756,-2.7499,1.1246
-1.5777,-9.8955,-2.047,3.1787,-1.8012,1.1447
-0.3519,-8.7343,-2.873,3.3706,-1.2759,1.2504
0.2466,-7.3193,-3.7062,3.362,-1.3009,1.1942
0.8379,-5.8613,-3.9528,3.1861,-1.7524,1.0616
1.4365,-4.1419,-4.2281,2.8837,-2.53,0.9236
1.1899,-3.4763,-4.3598,2.8031,-2.6925,0.8472
0.644,-3.4715,-4.0581,2.7157,-2.7114,0.7452
0.7326,-3.1747,-3.5673,2.5593,-2.7328,0.6652
1.118,-2.4181,-2.6862,2.326,-2.7664,0.6359
1.1923,-2.3295,-2.6695,1.9943,-2.5343,0.5644
1.4365,-1.8291,-2.5426,1.8238,-2.4231,0.4624
1.4365,-1.8291,-2.5426,1.4726,-2.3162,0.2565
1.4365,-0.9696,-2.3295,1.4726,-2.3162,0.2565
1.3982,-1.0127,-2.363,1.1959,-2.2783,0.2095
1.1731,-1.2497,-2.6934,0.9075,-2.2478,0.2089
0.9504,-1.4556,-2.8538,0.4848,-2.07,0.3048
0.6464,-1.8387,-2.0709,0.1598,-1.9326,0.4062
0.6416,-1.8387,-2.0709,-0.1901,-1.7548,0.5418
0.869,-2.2457,-0.802,-0.5511,-1.5661,0.7275
1.0965,-3.4093,1.8794,-0.9042,-1.3895,0.9334
1.3575,-5.2699,7.7982,-1.2341,-1.1403,1.1129
3.2824,-7.5899,15.1463,-1.5798,-0.4995,1.3109
7.123,-11.569,19.1039,-1.5138,-0.023,1.3848
9.9913,-14.7536,13.0654,-0.9732,0.2994,1.226
4.5418,-18.9794,15.6778,-0.5566,0.2958,0.7483
2.0973,-21.6058,18.2468,-0.8095,-0.2527,0.1087
0.7709,-22.2451,17.4184,-0.4967,-0.9888,-0.3842
1.4173,-17.7081,11.9066,0.5648,-1.3529,-0.3921
0.1125,-8.7271,6.4454,1.519,-1.8245,-0.1631
0.1867,-7.0512,6.3545,1.7713,-1.7982,-0.0232
1.4652,-2.0757,7.0655,1.4726,-1.3626,0.1191
3.8211,-0.0718,8.0328,1.0028,-1.0786,0.2345
7.0153,-10.9202,7.4869,0.6021,-1.2826,0.3671
6.8956,-12.2011,7.3074,0.403,-1.6632,0.4294
6.1533,-17.5453,5.6266,0.122,-1.6968,0.2663
2.9568,-25.3794,5.7487,-0.1736,-1.1104,-0.0061
2.7174,-19.8389,3.1675,-0.4295,0.1394,-0.3316
3.2441,-18.0002,2.7653,0.2594,2.041,-0.3408
2.7102,-3.62,-9.2443,1.0829,2.1027,-0.0513
2.0973,5.9139,-19.5396,1.4897,1.0374,-0.0855
7.6425,5.6984,-10.5946,0.6088,1.1821,0.1679
11.3966,1.9991,2.612,-1.049,1.9164,0.4599
9.4262,-2.1308,14.0111,-2.1363,1.7447,0.4263
1.1587,-8.3584,-1.616,-1.5541,0.4014,-0.0061
-10.1541,-13.8818,-17.835,-0.7759,-0.2704,-0.0329
-7.937,-15.2468,-12.826,-1.7392,1.793,0.2974
-3.6415,-16.4224,-3.0095,-3.4466,4.7361,0.6792
-4.7165,-16.8198,2.4851,-3.9402,5.6414,0.4624
-4.4556,-14.8326,1.6065,-3.482,5.1198,-0.0891
-3.8762,-14.1955,1.6256,-2.5071,3.3415,-0.394
-1.1899,-10.8484,1.6927,-2.2548,2.2957,-0.3078
0.7062,-8.5212,1.5634,-2.2133,1.611,-0.2602
3.8019,-6.8429,0.2896,-2.2902,1.333,-0.2498
3.8019,-6.8429,0.2896,-2.694,1.7099,-0.4807
4.039,-7.2595,-1.1899,-2.694,1.7099,-0.4807
3.6152,-8.2315,-1.8842,-2.8021,1.9695,-0.6811
-0.2681,-8.9689,-2.059,-2.8956,2.2243,-0.9358
-0.7589,-8.9091,-2.0374,-2.9316,2.4057,-1.2327
-3.4835,-9.2347,-1.2521,-2.9194,2.3495,-1.5418
-2.3989,-10.5874,-1.1947,-2.8852,2.0215,-1.5094
-2.6623,-10.7526,-0.972,-2.5413,1.1992,-0.5308
-3.1699,-10.5826,-0.3902,-2.322,0.7557,-0.3518
-3.0693,-10.3288,-0.1891,-2.1491,0.6342,-0.3891
-2.0685,-9.9984,0.2537,-1.9909,0.7832,-0.3927
-2.0685,-9.9984,0.2537,-1.8449,1.1919,-0.0647
0.3016,-8.4829,1.1133,-1.8449,1.1919,-0.0647
0.6344,-8.0376,1.0989,-1.8174,1.3972,-0.0568
0.8331,-8.0615,0.7493,-1.7771,1.5987,-0.1356
0.8738,-8.0879,-0.7757,-1.7515,1.6934,-0.215
0.8259,-8.0112,-1.0749,-1.7117,1.6171,-0.3194
0.0957,-8.0017,-2.4229,-1.6751,1.3807,-0.4392
-0.6368,-8.2794,-2.8036,-1.6232,1.1094,-0.6145
-1.3575,-9.6824,-0.5817,-1.7331,0.8492,-0.6633
-1.4867,-9.8859,-0.2035,-1.9182,0.5041,-0.6627
-1.5514,-10.7382,1.0103,-2.0367,0.3654,-0.6426
-1.0582,-11.49,1.4508,-2.0019,0.559,-0.6065
1.0534,-11.6337,2.3606,-1.8852,0.8492,-0.5583
1.0534,-11.5379,2.5115,-1.7411,1.0868,-0.4856
2.1452,-10.7861,3.711,-1.6024,1.1595,-0.4502
2.6024,-10.8412,3.7349,-1.3556,1.173,-0.4587
1.5873,-12.0287,2.1452,-0.9915,1.162,-0.5167
-0.4572,-12.3495,1.1587,-0.6378,1.1052,-0.6102
-3.7158,-12.735,0.1939,-0.3544,0.8797,-0.777
-6.4239,-13.7406,-1.7286,-0.2359,0.7252,-0.8148
-7.8508,-15.1367,-2.0278,-0.1253,0.7148,-0.7965
-6.5173,-15.2947,-0.1939,-0.1632,0.8804,-0.7086
-2.6982,-15.7448,2.8826,-0.3214,0.8602,-0.4996
-1.4341,-16.3936,3.4691,-0.3801,0.5053,-0.2144
-1.695,-14.847,2.6192,-0.1944,-0.0206,0.0458
-2.1954,-14.2314,2.442,-0.0117,-0.29,0.2046
-3.2273,-12.7613,1.6448,0.3071,-0.4592,0.229
-3.6727,-14.3487,1.877,0.7542,-0.4891,0.2565
-3.1651,-13.9201,1.5777,1.1757,-0.4573,0.3762
-3.1651,-13.9201,1.5777,2.2521,-0.6473,0.5858
-0.5243,-12.4645,1.2234,2.2521,-0.6473,0.5858
2.624,-11.921,0.9385,2.6919,-0.5074,0.7
7.5228,-12.7637,-1.4413,3.114,-0.3364,0.8093
7.8125,-12.7637,-1.4413,3.461,-0.1635,0.9193
8.9306,-14.9667,-2.5187,3.6552,-0.0853,1.0555
8.8372,-17.4543,-4.039,3.6558,-0.1055,0.934
8.6098,-18.072,-3.1387,3.5581,0.0276,0.7513
9.0982,-16.9132,-3.0238,3.4432,0.3367,0.7079
8.1118,-14.8111,-3.0454,3.4469,0.6195,0.8979
5.9714,-13.6376,-1.0366,3.3889,0.7869,1.0305
2.4253,-13.3407,-1.2856,3.128,0.8107,0.9388
-0.0933,-14.2098,-4.0964,2.8037,0.9744,0.7165
-2.8826,-16.0704,-1.2186,2.4946,0.7429,0.7214
-1.5634,-16.013,1.3479,1.7536,-0.9118,0.9602
-1.8435,-13.2498,1.5227,1.4121,-2.5758,1.2327
-2.2649,-12.6608,1.2641,1.6992,-3.1763,1.273
-2.2697,-10.166,-0.6368,2.6803,-2.2233,1.1374
-1.1899,-9.1605,-2.2936,3.2783,-1.4011,1.0451
-0.134,-6.9889,-4.4963,3.6155,-0.9741,0.9792
-0.043,-6.6825,-4.7237,3.6864,-1.0352,0.8753
0.8236,-5.4878,-4.039,3.5727,-1.4097,0.7959
1.2545,-4.1036,-3.9097,3.2527,-2.0242,0.8258
0.7852,-3.2225,-3.5098,2.869,-2.5734,0.7861
0.7924,-3.134,-3.5194,2.6833,-2.6015,0.7202
0.7278,-2.5474,-3.28,2.5135,-2.5801,0.6713
0.9361,-2.205,-2.3678,2.326,-2.4885,0.6212
1.1899,-1.3239,-2.3008,2.1256,-2.3773,0.5503
1.4197,-1.2641,-2.1428,1.8226,-2.3663,0.4392
1.4413,-1.4269,-1.7453,1.5141,-2.4976,0.361
1.3072,-1.6567,-1.4772,1.2026,-2.5001,0.2822
0.6416,-1.7836,-1.5849,0.9204,-2.3822,0.2296
0.3543,-1.9464,-1.7453,0.6186,-2.2716,0.2229
-0.0574,-2.1021,-1.8195,0.2948,-2.1134,0.2895
-0.292,-2.1763,-1.5394,-0.2304,-1.7621,0.4935
0.1795,-2.6096,-0.1939,-0.5841,-1.475,0.6524
0.2825,-2.5953,0.1316,-0.9005,-1.1604,0.8075
0.577,-2.7796,2.3223,-1.1754,-0.8666,0.9462
1.3144,-4.0318,6.467,-1.4002,-0.5771,1.0458
4.4412,-9.6656,15.9004,-1.5578,-0.2606,1.1215
4.4412,-9.6656,15.9004,-1.0514,0.2823,0.868
6.0001,-14.2697,12.9074,-1.0514,0.2823,0.868
3.5362,-18.2132,15.8478,-0.7887,0.1644,0.4795
0.8403,-28.0274,17.5165,-0.8614,-0.0847,0.0592
0.7757,-28.0777,16.7863,-0.4888,-0.5086,-0.1533
-0.3351,-22.4701,9.6489,1.059,-1.8996,-0.2217
-0.4333,-15.266,6.4742,1.8098,-2.6094,-0.025
1.9009,-5.5045,7.633,2.0034,-2.2038,0.1539
3.6128,0.0502,7.9753,1.7841,-1.3327,0.2816
3.3614,4.2305,7.4175,1.4982,-0.7982,0.3567
3.2561,2.4779,5.9115,1.2417,-1.0438,0.3243
3.0789,-6.534,3.9408,0.7756,-1.8831,0.4105
3.5721,-9.9625,4.0677,0.246,-2.1543,0.4795
2.7653,-16.7647,5.1861,-0.344,-1.9314,0.4886
-0.4261,-24.6803,8.4997,-0.895,-1.2215,0.2858
3.8786,-23.3081,2.2385,-1.0673,-0.1898,-0.0079
5.7751,-18.412,1.1611,0.271,2.0306,0.094
6.2443,-6.3952,-7.0392,1.1073,2.5981,0.3084
3.2417,3.5984,-16.1662,1.2985,1.4289,0.0458
10.2786,1.4006,-2.1236,0.483,1.4045,0.1172
10.2786,1.4006,-2.1236,-1.8376,1.3898,0.5167
10.427,-2.2313,14.1452,-1.8376,1.3898,0.5167
1.6903,-7.0416,0.5937,-1.5236,-0.0426,0.207
-8.0112,-14.5259,-12.7901,-0.8352,-0.8648,0.1478
-7.3002,-14.7991,-11.8563,-1.7502,0.8657,0.5791
-3.608,-15.9364,-4.8338,-3.3971,3.84,1.1184
-4.8219,-15.7376,0.8307,-3.9164,5.0611,0.8991
-4.0629,-14.9404,2.5689,-3.5321,4.9866,0.2528
-4.0629,-14.9404,2.5689,-2.1907,2.8113,-0.3573
-0.1843,-11.0471,2.1859,-2.1907,2.8113,-0.3573
0.9385,-9.4119,1.0965,-2.0618,2.0086,-0.4825
3.6655,-8.3632,0.4405,-2.1613,1.5651,-0.5742
4.1347,-8.1238,-0.1604,-2.4344,1.14,-0.6432
3.9647,-8.1453,-1.2617,-2.6879,1.3513,-0.8246
3.5362,-8.1525,-2.035,-2.774,1.8846,-0.9737
-0.0383,-8.0807,-2.2409,-2.862,2.2982,-1.1258
-0.8379,-8.0136,-2.0207,-2.9512,2.4057,-1.3237
-1.9752,-8.8349,-1.8746,-3.0276,2.2096,-1.5613
-1.391,-9.5579,-1.9728,-2.9652,1.8516,-1.2052
-3.2058,-10.3743,0.1053,-2.683,0.9476,-0.4477
-3.4332,-10.5299,0.1699,-2.4784,0.5083,-0.4178
-3.9671,-11.1524,-0.0526,-2.2463,0.4057,-0.5192
-3.845,-11.4661,0.2777,-2.0691,0.5951,-0.5937
-1.1923,-9.534,0.6153,-1.9879,0.895,-0.5632
-1.0558,-9.3783,0.6775,-1.8577,1.2481,-0.2755
0.3112,-7.9562,0.9504,-1.8541,1.4735,-0.1197
1.2665,-6.8812,0.4261,-1.8907,1.7008,-0.0623
2.2194,-6.7639,-0.7637,-1.9048,1.8773,-0.0922
2.2122,-6.9961,-0.7876,-1.8871,1.8645,-0.1991
1.9153,-7.439,-2.035,-1.8223,1.6641,-0.3903
0.7948,-8.2243,-3.4117,-1.6006,1.22,-0.7189
0.0742,-9.6968,-0.79,-1.6134,0.9353,-0.8423
-0.2346,-10.4581,0.6177,-1.8162,0.5083,-0.8515
-1.0606,-11.3512,2.0254,-1.9506,0.184,-0.8148
-1.3335,-12.067,2.2266,-1.9298,0.1852,-0.7635
-0.4261,-12.0383,1.3527,-1.8443,0.6385,-0.6798
-0.1532,-11.7606,1.4317,-1.6904,1.0942,-0.51
1.5251,-10.6616,2.3535,-1.5346,1.5236,-0.3793
2.5426,-10.5012,2.8754,-1.3006,1.6788,-0.3017
-1.1468,-12.5147,1.0079,-0.9909,1.4937,-0.3555
-2.0111,-12.7901,0.6775,-0.6525,1.209,-0.5381
-5.2483,-13.8699,-0.7469,-0.2866,0.8883,-0.7861
-7.0967,-14.7752,-1.7956,-0.1834,0.768,-0.7617
-4.7955,-15.6012,0.9864,-0.1974,0.8455,-0.6603
-4.3933,-15.6562,1.2785,-0.3055,0.9476,-0.4911
-2.3151,-16.4176,3.1579,-0.399,0.8058,-0.2229
-1.8818,-16.5253,3.11,-0.3318,0.5645,-0.0244
-2.6144,-14.847,2.0183,-0.0416,0.0068,0.1857
-3.5697,-13.5466,1.2785,0.2643,-0.3003,0.2492
-3.6224,-14.4181,1.5849,0.6534,-0.3138,0.2926
-3.7158,-15.5078,2.2218,1.012,-0.2338,0.4404
-2.2936,-13.5586,1.8124,1.3797,-0.3223,0.532
-0.9289,-12.1819,1.3958,2.0279,-0.4586,0.6047
1.719,-11.1955,1.5083,2.4567,-0.3834,0.6664
4.6519,-10.901,1.0869,2.8715,-0.2655,0.7122
7.5803,-12.656,-2.0039,3.2838,-0.227,0.7635
7.6928,-13.1684,-2.3223,3.6222,-0.1959,0.7855
7.5276,-16.3865,-4.0054,3.7975,-0.1898,0.8142
7.5013,-18.4958,-4.9562,3.7267,-0.0273,0.6957
6.6944,-15.7903,-4.0342,3.4897,0.3165,0.6151
6.7543,-15.5198,-3.9384,3.2679,0.7808,0.576
7.3433,-14.059,-2.1475,3.1134,1.0477,0.7751
6.2276,-13.5012,-0.4118,2.9252,1.1779,1.0262
-1.2354,-15.4455,-0.7852,2.6577,1.2664,0.8356
-1.3766,-15.594,-0.2753,2.4396,0.8205,0.6603
-0.7541,-16.1423,2.8993,1.943,-1.0383,0.81
-0.7326,-15.3139,2.4564,1.7768,-2.9564,1.0494
-2.0638,-13.7478,0.6272,2.1445,-3.5501,1.0861
-2.5809,-11.8061,-0.1412,2.6693,-3.1488,1.0005
-1.9105,-9.771,-1.4604,3.3113,-1.6882,0.8967
-0.7445,-8.5859,-2.3056,3.5856,-1.1476,0.8436
0.2106,-6.4311,-3.4644,3.6919,-1.0261,0.7617
0.0478,-5.6673,-3.6272,3.6057,-1.3694,0.6676
0.2896,-4.6447,-3.687,3.3418,-1.91,0.612
0.7015,-3.8019,-3.936,3.0291,-2.2948,0.609
0.5291,-3.2561,-3.7684,2.7621,-2.5086,0.6108
0.5554,-3.0406,-3.7373,2.6296,-2.45,0.5705
1.0055,-2.4756,-3.1459,2.439,-2.384,0.5442
1.221,-2.2433,-2.6958,2.2227,-2.2356,0.5161
1.8507,-1.9273,-2.5713,2.0444,-2.1445,0.4434
1.9584,-1.7453,-2.5067,1.8147,-2.1598,0.3335
1.8602,-1.731,-2.1356,1.607,-2.2582,0.2657
1.3479,-1.8387,-1.8579,1.3052,-2.3058,0.1942
0.8595,-1.8914,-2.0374,0.9851,-2.2398,0.1704
0.8547,-1.9129,-2.035,0.676,-2.0749,0.2272
0.6129,-2.0757,-1.8052,0.1592,-1.7921,0.4013
0.5602,-2.1571,-1.2425,-0.2206,-1.5154,0.5503
0.4572,-2.4803,-0.3567,-0.6195,-1.2496,0.7342
0.4884,-2.9448,0.7278,-0.9952,-1.0297,0.9046
0.7422,-3.6056,3.5338,-1.3202,-0.844,1.0396
1.7094,-5.052,8.5116,-1.581,-0.6247,1.1673
5.4854,-9.2682,16.566,-1.7319,-0.2112,1.2675
6.8572,-11.1884,16.092,-1.4894,-0.0481,1.1972
6.558,-14.5977,13.1947,-1.0074,-0.0206,0.8582
1.6376,-19.4439,17.7464,-0.8474,-0.2716,0.3011
-0.2896,-25.7194,17.2627,-0.9305,-0.6015,-0.1899
-0.2896,-25.7194,17.2627,1.1409,-1.8978,-0.3335
0.3064,-18.6418,9.1174,1.1409,-1.8978,-0.3335
0.5363,-12.407,6.9674,1.7713,-2.1366,-0.0342
3.4045,-2.1571,7.8748,1.7988,-1.6699,0.1655
3.4045,-2.1571,7.8748,1.3107,-1.0279,0.4074
6.9841,-1.3886,6.0552,1.3107,-1.0279,0.4074
8.0615,-6.6106,4.4747,1.1513,-1.3461,0.4886
5.0927,-16.5924,3.043,0.6394,-1.6571,0.4135
4.7165,-17.3537,3.4141,0.0878,-1.3113,0.1966
1.6424,-23.8181,7.2643,-0.4754,-0.3608,-0.1417
0.0383,-22.6377,3.6559,-0.5432,0.8755,-0.4214
2.3247,-6.3257,-5.5117,0.2539,1.7203,-0.353
2.4372,0.6967,-12.9816,1.3278,1.8162,-0.039
3.0789,4.683,-16.1854,0.913,1.3556,0.1081
6.8357,2.0398,-5.7296,-0.5224,1.7447,0.3671
9.1389,-2.8012,13.5634,-1.8852,2.0532,0.5174
7.202,-5.8541,10.3049,-2.267,1.5914,0.4349
-3.5889,-10.5515,-11.648,-1.5438,0.5432,0.2388
-9.3783,-13.1875,-14.545,-1.3642,0.9543,0.0904
-3.8953,-15.1199,-1.1324,-2.895,3.4442,0.3866
-4.106,-15.1942,0.1532,-3.7172,4.5993,0.4544
-4.906,-15.6826,2.3774,-3.5529,4.5242,0.0507
-2.9065,-14.744,2.4253,-2.9689,3.8333,-0.2773
0.1077,-10.6137,1.5131,-2.4118,2.3654,-0.4086
0.1077,-10.6137,1.5131,-2.2872,1.3953,-0.6285
2.4803,-8.6433,0.6871,-2.2872,1.3953,-0.6285
4.2329,-7.6952,0.5315,-2.4326,1.3452,-0.6731
3.6655,-7.6832,-1.695,-2.5865,1.3483,-0.7898
3.5338,-7.6785,-1.8076,-2.639,1.5731,-0.9938
2.1021,-7.7048,-2.1739,-2.7288,1.9763,-1.3054
-1.5969,-7.6282,-1.7525,-2.815,2.0117,-1.4569
-2.6192,-9.7279,-1.7836,-2.9042,1.796,-1.5222
-2.3104,-10.7957,-1.968,-2.8455,1.399,-0.8619
-3.4763,-11.1117,-1.1635,-2.7117,0.826,-0.2528
-4.7213,-11.0782,-0.4022,-2.6128,0.5102,-0.1771
-3.3854,-10.6568,0.4812,-2.4051,0.6354,-0.2828
-2.126,-10.178,0.7422,-2.2359,0.8345,-0.1814
-2.126,-10.178,0.7422,-1.9805,1.052,0.0598
1.3934,-8.605,0.5458,-1.9805,1.052,0.0598
2.1763,-8.0759,0.3591,-1.9219,1.1595,0.0427
2.138,-8.04,0.1484,-1.8871,1.2786,-0.1264
1.8722,-7.8915,-0.1388,-1.8339,1.2658,-0.2608
1.6256,-7.712,-0.7158,-1.7502,1.1846,-0.3933
0.5315,-7.5252,-1.8698,-1.6507,1.0025,-0.5033
0.3399,-7.5851,-1.9225,-1.6097,0.8382,-0.6096
0.3399,-7.5851,-1.9225,-1.8376,0.6507,-0.744
-0.3112,-9.1964,-0.7661,-1.8376,0.6507,-0.744
-0.0742,-10.9633,1.0079,-1.9353,0.581,-0.7189
-0.055,-11.0758,1.0582,-1.9567,0.5633,-0.678
0.1292,-11.9952,1.3383,-1.928,0.6531,-0.6414
0.6392,-12.0503,1.5538,-1.862,0.8205,-0.5876
1.9512,-11.5882,1.9512,-1.5945,1.1833,-0.4776
2.5306,-11.4804,2.2768,-1.308,1.3275,-0.4153
1.786,-11.7223,2.4253,-1.0038,1.2676,-0.4221
-1.6065,-11.8875,1.4628,-0.6983,1.0813,-0.5546
-6.4023,-13.2953,-0.7278,-0.4363,0.9103,-0.7183
-7.6832,-14.162,-1.4508,-0.2872,0.8095,-0.7568
-7.9969,-15.3785,-0.9097,-0.228,0.9109,-0.6603
-5.7344,-16.0273,1.2282,-0.3129,0.8119,-0.4886
-3.0454,-16.6642,2.0494,-0.3923,0.5169,-0.2565
-3.0023,-16.5612,1.8674,-0.3459,0.2799,-0.0788
-2.545,-15.5581,1.4844,-0.2225,0.0765,0.0897
-2.9185,-14.4732,0.8906,-0.0184,-0.2399,0.2504
-2.6479,-15.7855,2.3127,0.56,-0.6546,0.3139
-2.6479,-15.7855,2.3127,1.3272,-0.8575,0.4538
-1.6519,-14.4947,2.1811,1.3272,-0.8575,0.4538
0.802,-12.6847,2.1643,1.7909,-0.7176,0.4813
5.8397,-10.8675,2.0422,2.2441,-0.4066,0.5503
5.9977,-10.8508,1.9153,2.9069,-0.0371,0.6352
7.3457,-11.4397,0.2346,3.3516,-0.0297,0.6591
8.3871,-12.9385,-1.5705,3.6668,-0.1488,0.7208
7.1829,-16.6498,-2.4372,3.8128,-0.2173,0.7721
7.2307,-17.4375,-3.9911,3.8373,-0.1488,0.6597
7.0823,-16.9706,-4.5513,3.833,0.2023,0.5845
6.4981,-14.6576,-4.0629,3.5233,0.87,0.5552
5.8972,-13.0654,-1.3407,3.2899,1.2176,0.6517
5.0257,-13.0151,-0.7733,3.0376,1.4643,0.7629
3.0933,-13.4341,-0.7015,2.8623,1.6635,0.725
-0.9983,-15.0218,-3.0933,2.7041,1.7264,0.653
-1.1133,-16.1303,3.1818,2.1097,0.2188,0.7049
-0.7565,-15.8047,3.5673,1.6418,-2.359,0.9596
-2.4444,-14.1069,2.6431,1.8,-4.0358,1.1093
-2.8083,-12.0263,-0.1723,2.4555,-4.0456,1.047
-1.3766,-8.7008,-1.8626,3.1293,-2.9252,0.9938
-0.9959,-8.5188,-2.1715,3.5275,-1.789,0.9523
0.0359,-7.6138,-3.0071,3.709,-1.0071,0.9798
0.6631,-6.7734,-3.517,3.6198,-1.1892,0.8723
1.0678,-4.3837,-3.6894,3.4567,-1.7176,0.7672
1.1204,-4.2975,-3.7373,3.2172,-2.1916,0.6945
0.9337,-3.9839,-3.9097,2.9979,-2.4164,0.7116
0.8499,-4.015,-3.8355,2.7933,-2.5917,0.7232
1.1276,-3.6727,-3.3016,2.4488,-2.6766,0.744
1.3766,-3.4332,-2.8347,2.2142,-2.5361,0.7623
1.5586,-2.8323,-2.5546,2.0309,-2.3871,0.7092
1.8626,-2.0278,-2.5785,1.8959,-2.3089,0.6041
1.9536,-0.8667,-2.0542,1.7487,-2.2655,0.5057
1.8626,-0.7541,-1.7836,1.3217,-2.2411,0.3958
1.5682,-0.7038,-1.8531,0.9674,-2.2435,0.3604
1.4508,-0.7326,-1.9847,0.632,-2.1812,0.361
1.403,-1.0199,-1.6089,0.2753,-2.0511,0.4019
1.3503,-1.2138,-1.4772,-0.1015,-1.7872,0.4599
1.1755,-1.9512,-0.9217,-0.7002,-1.2912,0.601
1.0678,-2.9688,0.6871,-1.0929,-1.0315,0.7189
1.561,-4.5561,7.1302,-1.4485,-0.8055,0.8368
1.9656,-4.9467,8.6912,-1.7203,-0.5239,0.9529
4.3095,-7.7311,16.329,-1.8467,-0.1611,1.0567
4.3095,-7.7311,16.329,-0.8932,0.4717,0.6401
3.8642,-18.1749,17.0137,-0.8932,0.4717,0.6401
3.4308,-18.8573,17.6769,-0.8944,0.0539,0.1191
1.8363,-23.6313,19.0704,-1.085,-0.4054,-0.3225
1.4748,-25.2669,14.9643,-0.5542,-0.9405,-0.5271
1.4748,-25.2669,14.9643,1.4378,-2.001,-0.3042
-0.1939,-12.7709,6.7806,1.4378,-2.001,-0.3042
0.7517,-6.0145,7.5348,1.7573,-1.5758,0.0678
3.0621,-1.2713,7.5228,1.5581,-1.3174,0.2547
7.214,-4.3382,5.5213,1.3321,-1.4201,0.4245
7.1206,-7.2259,4.8964,1.078,-1.6278,0.5528
5.6099,-12.2681,4.9754,0.6504,-1.5532,0.5656
4.0605,-18.1438,6.1773,0.081,-1.081,0.3952
-0.6847,-21.5795,1.1372,-0.509,0.3935,0.0164
0.3854,-18.5963,0.6488,-0.0276,1.3978,-0.1295
0.3854,-18.5963,0.6488,1.2179,2.0325,0.2376
3.1435,2.1523,-15.9603,1.2179,2.0325,0.2376
9.352,0.6631,0.8643,0.662,1.6397,0.2076
9.8213,-0.2298,4.0605,-1.4424,1.8492,0.4105
8.2387,-3.881,10.8723,-1.9756,1.1626,0.2907
2.4301,-7.8844,0.6679,-1.5474,0.1748,0.0299
-8.3153,-14.3822,-12.2538,-0.997,-0.5881,-0.0971
-7.803,-14.5905,-11.3248,-1.5694,0.6788,0.0128
-4.2497,-15.6993,-3.7014,-3.1064,3.3269,0.4349
-4.3191,-15.989,1.5562,-3.7355,4.7526,0.3207
-4.0485,-14.7249,1.3503,-3.2426,4.3537,-0.0537
-2.7796,-13.221,1.4245,-2.6879,3.4448,-0.2284
-1.0726,-10.6999,1.968,-2.3794,2.3654,-0.2803
0.4046,-8.933,1.8243,-2.2505,1.5798,-0.3176
2.7557,-7.8149,0.4477,-2.2884,1.14,-0.3274
3.3399,-8.0759,-0.1699,-2.4875,1.0911,-0.3671
3.1411,-8.605,-1.4628,-2.7007,1.1821,-0.5253
2.6001,-9.0791,-1.9704,-2.8266,1.4784,-0.7513
-0.1651,-8.4302,-0.9624,-2.9286,1.8144,-0.9511
-0.9624,-8.2794,-0.7374,-2.9891,1.994,-1.1117
-1.2832,-9.0743,-0.3878,-2.9622,1.6971,-1.2852
-0.1556,-9.5818,-1.0726,-2.7264,1.1937,-0.6511
-1.7884,-9.5435,-0.2489,-2.4985,0.6604,-0.2535
-1.968,-9.5316,-0.1795,-2.3843,0.341,-0.3274
-1.98,-9.5866,0.2633,-2.2713,0.2359,-0.4819
-1.1803,-9.5818,0.6248,-2.1277,0.4204,-0.51
-0.0287,-9.0599,0.5817,-1.9164,0.8382,-0.3762
0.0383,-9.0168,0.5363,-1.8193,1.1137,-0.2987
0.2418,-8.775,0.2849,-1.7698,1.3428,-0.2596
0.6536,-8.4494,0.0071,-1.7753,1.4967,-0.2351
1.2449,-7.767,-0.4979,-1.7838,1.5468,-0.2296
1.1827,-7.2738,-1.1156,-1.7417,1.3403,-0.3384
0.5841,-6.9458,-2.4229,-1.6794,1.0093,-0.4813
-0.0023,-7.6306,-2.9592,-1.65,0.6898,-0.6065
-0.2106,-9.6896,-0.9169,-1.7398,0.4436,-0.656
-0.4141,-10.664,0.5027,-1.9231,0.2212,-0.6591
-0.905,-11.7318,1.6783,-2.0697,0.1534,-0.6737
-1.1228,-12.2657,1.9512,-2.0673,0.5035,-0.6536
0.0287,-11.7079,1.4221,-1.9763,0.87,-0.5876
0.2585,-11.5379,1.4748,-1.8425,1.1705,-0.4893
1.6639,-10.7981,2.2122,-1.6305,1.3886,-0.3726
2.6934,-11.0615,2.8203,-1.3684,1.3654,-0.3072
-0.9983,-12.8427,1.7357,-0.9341,0.9634,-0.3793
-1.7693,-13.063,1.3623,-0.6696,0.7643,-0.5363
-1.7693,-13.063,1.3623,-0.2945,0.7148,-0.6762
-6.795,-14.5953,-2.1332,-0.2945,0.7148,-0.6762
-3.2704,-15.8358,2.0685,-0.1986,0.6965,-0.6896
-2.8562,-15.8693,2.3558,-0.2805,0.6867,-0.6017
-1.0414,-15.9603,3.7086,-0.4399,0.5474,-0.1948
-0.972,-15.2349,2.9831,-0.3452,0.4729,-0.0726
-1.7118,-12.8092,1.4317,-0.1498,0.2353,0.0146
-2.3367,-12.1796,1.9081,0.1586,-0.1501,0.0769
-3.7181,-13.8363,3.0909,0.4848,-0.3724,0.1056
-4.3215,-14.7752,3.5266,0.9723,-0.3297,0.2095
-4.1946,-14.0566,2.703,1.3852,-0.3535,0.3036
-3.0573,-13.1564,1.9488,1.8831,-0.461,0.4141
-1.0845,-12.5578,1.0175,2.3852,-0.5221,0.5644
1.3168,-12.3807,-0.1101,2.8415,-0.4402,0.7122
6.4071,-13.3383,-2.545,3.2447,-0.3419,0.8765
6.874,-13.8675,-2.8395,3.6155,-0.1806,1.1044
8.0376,-16.0178,-4.0869,3.6851,-0.2063,1.1814
8.2938,-17.6793,-5.7679,3.6155,-0.213,1.0971
7.9251,-15.8669,-3.2225,3.4261,0.0581,0.8998
8.0328,-15.4096,-3.0166,3.1696,0.5853,0.7275
8.1597,-14.624,-1.8818,3.0743,1.0245,0.8142
7.3672,-14.1524,-1.4963,2.9607,1.264,1.072
-0.4955,-15.0984,-0.972,2.7756,1.1705,0.956
-0.4955,-15.0984,-0.972,2.5056,0.8126,0.7586
-1.0486,-15.9723,3.6152,1.9344,-0.8379,0.8014
-0.711,-15.3546,3.4141,1.5868,-3.045,1.0439
-1.877,-14.2721,0.1891,2.2362,-3.5819,1.2052
-2.0877,-12.7709,-0.1244,2.7328,-2.6534,1.1349
-1.8148,-10.9441,-1.3814,3.0236,-1.5581,1.1203
-0.8403,-9.4741,-2.2577,3.2679,-1.0596,1.1129
-0.3303,-7.2212,-3.6679,3.3767,-1.0658,1.0537
0.0718,-6.1557,-3.7014,3.4329,-1.3553,0.9498
0.3878,-5.1598,-3.9671,3.373,-2.0486,0.8827
0.4357,-4.3239,-3.7636,3.3107,-2.3712,0.86
0.4285,-3.4572,-3.5577,3.172,-2.7255,0.7977
0.4285,-3.4572,-3.5577,2.651,-2.7682,0.6939
0.6512,-3.0262,-2.9065,2.651,-2.7682,0.6939
1.0702,-2.8299,-2.3415,2.235,-2.4634,0.6133
1.6759,-1.6543,-1.7262,2.0138,-2.4182,0.5296
1.7262,-1.537,-1.6089,1.7994,-2.3767,0.4245
1.4484,-1.1372,-1.2761,1.5031,-2.3174,0.3213
0.96,-0.972,-1.4341,1.2063,-2.2417,0.2235
0.7493,-1.2545,-2.2194,0.9723,-2.1195,0.1759
0.7565,-1.2665,-2.229,0.5856,-1.88,0.2357
0.474,-1.5801,-2.1475,0.257,-1.5771,0.3543
0.5315,-1.9871,-1.7022,-0.0936,-1.307,0.4978
0.5147,-2.4181,-0.7637,-0.4534,-1.1433,0.6866
0.4548,-2.5067,0.2944,-0.8064,-0.9967,0.8668
0.6727,-2.7676,2.6791,-1.1601,-0.8379,1.0109
1.4604,-3.6415,6.0767,-1.6293,-0.5703,1.1594
4.5585,-7.36,13.6831,-1.8339,-0.3669,1.1948
5.6147,-9.4478,15.7305,-1.8541,-0.2301,1.1362
5.4327,-13.64,15.8933,-1.5902,-0.2612,0.8515
1.5107,-19.0009,17.5884,-1.209,-0.4891,0.3677
-0.814,-27.3211,17.6099,-0.9042,-1.257,-0.2895
-0.6272,-27.3929,16.2763,-0.2286,-1.8519,-0.4508
0.6009,-21.2012,10.4414,0.8434,-2.2069,-0.4489
0.8355,-12.7661,7.9131,1.6143,-2.2899,-0.1765
3.4428,-1.446,7.9921,1.8342,-1.8642,0.0885
3.9624,-0.6631,7.7239,1.7102,-1.2893,0.2528
7.1589,-2.4756,5.2052,1.4182,-1.2417,0.4569
7.8484,-9.3544,3.0262,1.1653,-1.4879,0.5473
7.8484,-9.3544,3.0262,0.0572,-0.6693,0.1692
4.9179,-20.5572,6.8668,-0.3098,0.8773,-0.4373
-0.9816,-24.9939,7.4079,-0.3098,0.8773,-0.4373
-0.6488,-16.0417,1.719,0.5874,1.4069,-0.4923
0.8882,-0.9217,-13.5275,1.5105,1.6971,-0.1618
1.6639,4.0102,-18.3497,1.5972,1.1687,-0.0445
4.8171,2.9113,-10.2379,0.4329,0.9891,0.2474
8.6026,-0.5482,2.2146,-1.2402,1.5389,0.5076
7.8101,-5.8972,8.344,-2.0728,1.6165,0.54
1.9512,-9.024,-4.8722,-1.4607,0.3617,0.2089
-6.5484,-11.8348,-15.6323,-0.9848,0.0948,0.0164
-5.7008,-14.2457,-10.336,-2.0935,1.9879,0.0971
-4.3143,-16.2356,0.6751,-3.3788,4.022,0.2907
-4.6567,-16.3099,1.0558,-3.7184,4.5779,0.1178
-4.5226,-16.1255,1.2808,-3.4515,4.2474,-0.2498
-2.8778,-14.5761,1.4293,-2.8913,2.8846,-0.3701
-0.5027,-11.0064,0.6009,-2.6995,1.9689,-0.3597
-0.0239,-10.5539,0.5027,-2.6287,1.4772,-0.3707
2.3367,-8.9929,0.1197,-2.7062,1.3428,-0.3689
3.5529,-8.2818,-0.3519,-2.8608,1.41,-0.3988
3.2632,-7.7263,-1.8602,-2.986,1.8064,-0.7238
3.0358,-7.6761,-1.8435,-2.9885,2.1424,-1.0219
-0.1221,-7.1733,-1.1994,-3.0098,2.2377,-1.3103
-0.6895,-8.3416,-1.0031,-2.9921,1.9683,-1.5509
0.292,-9.7111,-1.8243,-2.7899,1.4582,-0.992
-0.4836,-9.9649,-2.0302,-2.512,0.7356,-0.3481
-2.4396,-10.3528,-1.4796,-2.2805,0.2451,-0.3909
-3.2848,-10.5539,-0.711,-2.2237,0.3226,-0.5363
-1.4844,-10.0727,0.3806,-2.1962,0.6134,-0.4764
-0.6009,-9.5004,0.5626,-2.1387,0.9359,-0.2645
0.3758,-8.4278,0.7086,-2.0129,1.253,-0.0855
1.0438,-7.6354,0.6153,-1.8632,1.7105,-0.0232
2.4277,-6.7878,-0.3974,-1.8492,1.8926,-0.0317
2.5641,-6.7375,-0.5339,-1.8474,1.9408,-0.0849
2.9592,-6.5268,-1.3766,-1.8119,1.7826,-0.1887
2.4205,-6.4885,-2.4779,-1.7099,1.5114,-0.3543
-0.383,-8.3943,-1.9632,-1.6189,1.1326,-0.5564
-0.6799,-8.7894,-1.5969,-1.716,0.644,-0.7837
-1.4532,-10.3025,-0.1436,-1.87,0.4558,-0.8283
-1.7118,-11.6648,1.5203,-1.9622,0.5071,-0.8032
-1.9129,-12.8116,2.3175,-1.9805,0.7625,-0.7318
-1.9177,-12.7589,2.296,-1.9286,1.0282,-0.645
-1.4413,-11.9234,2.2122,-1.6983,1.3837,-0.4856
-0.2801,-11.5211,2.7222,-1.4766,1.6189,-0.3762
1.2808,-11.6361,2.77,-1.1766,1.7508,-0.2871
0.6368,-11.6983,2.5857,-0.8492,1.6006,-0.273
-2.5761,-12.2226,1.6807,-0.6042,1.2261,-0.3927
-5.4806,-13.5203,-0.5961,-0.4179,0.8956,-0.5552
-7.7215,-15.1319,-2.375,-0.1907,0.7044,-0.6609
-7.2116,-15.5485,-1.4796,-0.1846,0.7466,-0.675
-3.6583,-15.4743,1.5035,-0.3275,0.6433,-0.5687
-0.6631,-14.8087,3.4572,-0.4699,0.4155,-0.339
-1.8626,-14.8973,2.4899,-0.4735,0.3666,-0.1869
-1.8626,-14.8973,2.4899,-0.0233,-0.0059,-0.1123
-1.8818,-13.0822,1.0917,-0.0233,-0.0059,-0.1123
-2.2768,-12.9529,2.296,0.282,-0.2997,-0.0641
-3.4691,-13.5012,3.7158,0.5209,-0.348,-0.0403
-3.6272,-13.5538,3.699,0.7933,-0.3572,0.0158
-3.6487,-12.9912,2.8107,1.1892,-0.4219,0.102
-2.3127,-11.5978,1.98,1.9552,-0.6027,0.2645
0.9313,-12.328,0.3447,2.4469,-0.6088,0.4062
1.1923,-12.4046,0.1939,2.8825,-0.5679,0.5503
4.2951,-13.075,-1.1252,3.2649,-0.5618,0.711
4.2951,-13.075,-1.1252,3.6479,-0.3736,1.0097
7.9586,-16.5876,-5.5763,3.6479,-0.3736,1.0097
8.3752,-17.3848,-6.4167,3.6265,-0.1513,1.0311
7.7311,-16.7049,-4.8003,3.3486,0.2939,0.9321
7.4869,-15.3665,-3.7493,3.0804,0.779,0.8289
7.9945,-14.8326,-1.4125,3.0065,1.0141,0.9083
7.3289,-14.1835,-0.1316,2.9429,0.975,1.0818
5.9642,-14.0614,1.2785,2.8177,0.7991,1.0421
0.9744,-15.0074,-2.2074,2.6766,0.6537,0.744
-0.5626,-16.0752,2.7222,2.5056,0.0349,0.6927
-0.6751,-15.6682,2.9089,1.9985,-1.9717,0.9682
-0.7302,-14.8398,0.9457,2.045,-3.0993,1.24
-2.5953,-12.6345,0.3567,2.4616,-3.0498,1.2467
-1.786,-9.4741,-1.6855,2.9338,-2.0205,1.1478
-1.5658,-9.4071,-1.707,3.2191,-1.1702,1.1856
-0.7733,-8.4829,-2.6312,3.3461,-0.9399,1.2351
-0.5913,-7.3074,-3.9911,3.3889,-1.1354,1.171
0.881,-4.3957,-4.2856,3.3082,-1.7585,1.0903
0.972,-4.2521,-4.3191,3.1183,-2.4262,1.047
0.6081,-3.5936,-4.118,2.9155,-2.8458,0.8686
0.5889,-3.2872,-4.1491,2.7701,-2.7731,0.6914
0.8283,-2.8371,-3.5793,2.5728,-2.7676,0.5925
1.0917,-2.7054,-3.2321,2.3663,-2.607,0.5167
1.6041,-2.3415,-3.2225,2.1867,-2.4249,0.4282
1.8339,-1.5275,-3.2728,1.9454,-2.3302,0.2968
2.1164,-0.7158,-2.5546,1.7139,-2.318,0.2247
2.1308,-0.4237,-2.3463,1.3724,-2.2789,0.1783
2.2553,-0.0478,-2.1571,1.0419,-2.1678,0.1692
2.2888,-0.0885,-1.9608,0.7438,-1.9454,0.2284
1.3862,-0.9696,-1.2808,0.4207,-1.6491,0.3341
1.0678,-1.2497,-1.118,-0.1345,-1.1837,0.5283
0.6751,-2.0901,-0.5889,-0.4943,-0.9619,0.6798
0.5578,-2.9161,0.1173,-0.8364,-0.8593,0.8472
1.4891,-5.2723,5.9403,-1.1662,-0.7652,0.9669
1.7238,-5.7799,7.0991,-1.4796,-0.6223,1.0103
3.2776,-8.1022,11.8875,-1.6922,-0.3627,1.0005
5.1669,-11.2985,17.0904,-1.625,0.1052,0.8558
3.9552,-18.2492,18.886,-1.319,0.3556,0.6194
3.6798,-18.7041,19.0847,-0.9561,0.1211,0.2944
1.3694,-21.7471,19.5109,-0.7179,-0.7359,-0.0445
-0.7015,-22.9202,15.7975,-0.3147,-1.6375,-0.2785
-1.7597,-18.3808,9.2395,0.7102,-2.5355,-0.3591
-1.118,-13.9776,7.8221,1.205,-2.3968,-0.1026
1.4077,-7.5444,8.3201,1.3926,-1.5111,0.2284
4.4196,-3.5769,8.1621,1.3712,-0.9711,0.43
5.72,-7.463,7.1158,1.3248,-1.0743,0.5149
4.4627,-9.7949,6.3664,1.1519,-1.5844,0.6072
3.1364,-13.7956,5.7272,0.5648,-1.5862,0.4966
2.0159,-20.3608,6.8381,0.0175,-0.8397,0.3946
3.0238,-20.7798,4.1228,-0.2933,0.2542,0.1514
3.8474,-17.8038,2.5617,0.1635,1.1485,-0.0592
3.3494,-3.9456,-11.9377,1.2411,1.5535,0.003
2.2361,5.1909,-22.3025,1.7817,1.2499,-0.1844
9.2491,3.2728,-3.4189,0.6986,1.5566,0.0623
10.2307,2.1667,1.0031,-1.1693,2.1235,0.4147
9.9194,-2.2433,16.7887,-2.3189,1.7502,0.4893
3.675,-8.526,3.1435,-2.2047,0.8119,0.2877
-8.2219,-17.1742,-13.4916,-1.1485,-0.4983,0.1618
-7.8293,-17.3034,-12.3112,-2.2835,1.7319,0.3897
-5.2076,-17.2627,-3.0693,-3.7606,4.6115,0.6255
-5.2747,-17.1287,3.1172,-3.9219,5.3855,0.2669
-3.4141,-14.5354,2.2864,-3.2401,4.9017,-0.1747
-2.2146,-11.8875,2.3606,-2.5444,3.8956,-0.405
-0.5698,-9.4286,1.695,-2.1381,2.2554,-0.5784
1.0271,-8.0065,0.9959,-2.1247,1.5267,-0.5772
2.9257,-7.3888,-0.0239,-2.3128,1.0789,-0.5619
3.0406,-7.621,-0.9145,-2.5547,0.939,-0.609
2.8467,-8.6553,-2.284,-2.76,1.1504,-0.7354
1.7932,-8.9163,-2.7892,-2.983,1.4943,-0.8674
-2.6001,-8.4709,-1.3192,-3.2346,1.9402,-1.1038
-3.1364,-8.4853,-1.0199,-3.3061,1.9396,-1.3286
-2.964,-9.4095,-0.7326,-3.256,1.6097,-1.2675
-2.0159,-10.0272,-1.0845,-2.9775,0.9463,-0.6756
-3.517,-9.9865,-0.656,-2.6134,0.2793,-0.2724
-3.711,-10.0128,-0.6129,-2.3666,-0.0419,-0.295
-3.1387,-10.5012,-0.3208,-2.2047,0.2518,-0.43
-0.9528,-10.2163,0.4764,-2.1815,0.6097,-0.353
2.8921,-8.4326,1.7717,-2.0941,0.9085,-0.1918
3.043,-8.2818,1.7453,-1.9921,1.096,-0.0702
4.0605,-7.1422,1.8219,-1.9463,1.2102,-0.047
3.936,-6.5604,1.1492,-1.9023,1.2945,-0.1661
2.5498,-6.7591,-0.9433,-1.7563,1.308,-0.3494
1.2904,-6.8118,-1.8171,-1.5816,1.2512,-0.5424
-0.0023,-7.2643,-2.0685,-1.4802,1.1174,-0.7031
-0.8834,-7.9969,-1.8076,-1.49,0.9818,-0.7898
-0.7278,-9.9936,-0.5698,-1.5877,0.782,-0.8252
-0.6512,-10.8292,-0.1364,-1.7997,0.6562,-0.7935
-0.656,-12.1077,0.3998,-1.8901,0.7747,-0.78
-1.0223,-12.4812,0.7182,-1.9298,0.9225,-0.7757
-0.462,-11.4254,2.1763,-1.9066,1.0752,-0.7709
0.0957,-11.4972,2.4851,-1.771,1.2292,-0.7385
1.3239,-12.1748,3.1483,-1.468,1.2786,-0.6615
0.2011,-12.7877,3.438,-0.8981,0.9078,-0.5797
-5.5356,-13.9656,0.0095,-0.6702,0.5102,-0.6371
-5.7463,-14.2625,-0.5027,-0.5114,0.5273,-0.675
-6.6442,-15.1918,-1.968,-0.3617,0.8535,-0.6065
-5.38,-15.5676,-0.6416,-0.2677,1.1595,-0.5192
-0.8499,-14.8757,3.4979,-0.3507,0.8358,-0.3591
-0.8355,-14.938,3.541,-0.4045,0.3782,-0.229
-1.9249,-16.2069,2.7533,-0.3251,0.2554,-0.1942
-2.3798,-15.8478,1.8339,-0.1345,0.1901,-0.1673
-2.5857,-12.6321,2.4732,0.0823,-0.1177,-0.0299
-3.6008,-11.9377,3.383,0.3382,-0.4396,0.0788
-4.0845,-13.2569,3.5745,0.8446,-0.3443,0.1838
-4.3023,-13.5323,2.2816,1.2991,-0.2735,0.3225
-2.5354,-11.9545,0.8403,1.7866,-0.359,0.4489
-0.9744,-11.4757,0.8619,2.2276,-0.4494,0.6065
1.5921,-11.751,0.8978,2.5868,-0.4402,0.7922
4.7117,-12.6488,0.2226,3.0987,-0.3223,0.9388
7.5587,-14.6983,-2.5929,3.3938,-0.293,1.0048
7.6593,-15.1798,-3.2178,3.5954,-0.249,1.0305
8.186,-17.2867,-5.6506,3.6595,-0.2069,1.0317
8.7798,-17.7895,-5.3537,3.5428,-0.0285,1.0024
7.9418,-15.0984,-2.7796,3.26,0.4192,0.923
8.0017,-14.9643,-2.5091,2.9717,1.0789,0.8796
8.3728,-14.4325,-0.3351,2.8922,1.2756,1.0451
6.965,-14.1572,0.565,2.8043,1.3739,1.0775
-1.8363,-16.0273,0.9121,2.7627,1.4692,0.8546
-1.8722,-16.1231,1.4772,2.5886,1.027,0.6646
-2.0757,-15.9842,3.6966,1.7695,-2.2374,1.0054
-1.9321,-15.1199,1.6136,1.9607,-3.2148,1.2198
-3.1076,-12.9672,0.5099,2.4518,-3.045,1.262
-2.9089,-11.3966,-0.6153,2.8171,-2.0566,1.2681
-2.9089,-11.3966,-0.6153,3.2716,-0.9112,1.2516
-1.0175,-8.7487,-3.2704,3.2716,-0.9112,1.2516
-0.1795,-6.4407,-3.9528,3.2746,-1.2967,1.0366
0.1149,-5.7535,-3.8642,3.2001,-1.8807,0.9169
1.0989,-4.7141,-4.1635,3.1286,-2.2814,0.8387
0.9744,-3.8259,-3.8043,3.0596,-2.651,0.7874
0.893,-2.9855,-3.3925,2.8898,-2.7933,0.6737
0.9409,-2.806,-3.2896,2.6363,-2.7646,0.5839
1.1468,-2.1068,-2.7246,2.1952,-2.5031,0.5564
1.6567,-1.4867,-2.3343,1.9582,-2.3474,0.5137
1.6639,-0.2202,-2.1308,1.7347,-2.2618,0.4544
1.6304,-0.1963,-2.0781,1.5068,-2.238,0.3707
1.1803,-0.3423,-1.9273,1.2038,-2.3144,0.2956
0.9504,-0.7613,-2.2122,0.7615,-2.2514,0.1826
0.2418,-1.6735,-2.4444,0.5086,-2.0847,0.1655
0.2394,-1.7166,-2.4229,0.2215,-1.8855,0.2064
0.1077,-2.2026,-1.9656,-0.0972,-1.6858,0.3182
-0.0478,-2.4588,-1.312,-0.4106,-1.5282,0.4893
0.3375,-3.122,0.4788,-0.7209,-1.3913,0.6792
0.6153,-3.438,2.4899,-1.1864,-1.1525,0.9645
1.3359,-4.6734,6.7543,-1.4515,-0.9002,1.0995
3.5625,-7.1589,12.9218,-1.6311,-0.5801,1.1985
7.7646,-12.3184,16.839,-1.6244,-0.3199,1.1991
7.7503,-14.9045,15.3378,-1.2542,-0.1983,0.9242
3.1555,-19.5133,18.0648,-0.6855,-0.3321,0.0409
0.395,-24.3759,20.5141,-0.5731,-0.7151,-0.4361
0.1771,-22.3097,11.4541,0.0768,-1.1323,-0.5644
0.225,-19.779,9.7279,1.1305,-1.5386,-0.4813
0.5889,-13.5993,7.1589,1.8367,-1.8947,-0.1411
2.7509,-6.9147,6.2563,1.9656,-1.8073,0.1545
4.6686,0.5147,5.8732,1.5618,-1.359,0.4037
4.8123,0.2489,5.8589,1.2496,-1.5037,0.4416
4.9826,-6.0743,7.2188,1.0193,-1.6204,0.5088
2.9831,-12.4381,7.0129,0.6717,-1.7628,0.4862
-0.8307,-21.2946,-0.2466,0.3364,-1.6742,0.3353
-1.0175,-21.4741,-0.644,0.0474,-1.0114,0.1997
0.9145,-18.0792,0.6057,-0.3159,0.9072,0.1612
5.6721,-6.8979,1.9129,-0.2255,2.0502,0.3738
4.1874,-1.7741,-5.9403,0.2283,2.0929,0.4886
3.1411,1.1635,-13.221,0.497,1.7032,0.2712
9.3616,0.5123,-8.8349,0.1886,2.3006,0.1899
11.3129,-1.0965,8.866,-1.3373,1.7533,0.2626
2.794,-6.9195,0.9193,-1.7301,0.4699,0.0018
-2.3846,-10.1301,-9.1892,-1.1229,-0.6357,-0.1288
-8.5499,-13.9249,-14.3104,-1.0844,-0.122,-0.039
-5.7463,-16.0058,-8.763,-2.3923,2.2004,0.2638
-5.6242,-16.4846,0.7038,-3.6005,4.1405,0.4844
-5.5404,-16.3625,1.1156,-3.5278,4.9322,-0.0036
-4.3311,-14.5115,2.1045,-3.0404,4.3342,-0.2309
-1.8722,-12.3112,1.9321,-2.6268,3.2334,-0.2596
2.557,-9.4262,0.1053,-2.3532,2.1888,-0.2565
2.557,-9.4262,0.1053,-2.4973,1.4723,-0.5015
4.3933,-8.7439,-0.1675,-2.4973,1.4723,-0.5015
4.0916,-8.8468,-1.0366,-2.7313,1.4924,-0.7574
2.272,-8.6984,-2.3319,-2.9139,1.7197,-1.0177
1.8986,-8.6457,-2.2864,-3.0654,2.0056,-1.1789
1.8986,-8.6457,-2.2864,-3.2603,1.9158,-1.3548
-1.2713,-9.4621,-2.193,-3.2603,1.9158,-1.3548
-1.4341,-9.941,-2.0925,-2.9946,1.4692,-0.4776
-2.2577,-10.0966,-1.628,-2.7307,0.9885,-0.2296
-3.2369,-10.2594,-0.4309,-2.4283,0.782,-0.339
-3.292,-10.7167,-0.0742,-2.1449,0.782,-0.4721
-1.9967,-10.0032,0.5075,-1.9634,0.928,-0.4886
-0.9433,-9.3855,0.7254,-1.9133,1.0936,-0.375
0.0622,-8.38,0.7493,-1.9653,1.4393,-0.1563
0.2633,-7.4654,0.4548,-1.986,1.8034,-0.1264
0.8834,-6.613,-0.6488,-1.9854,2.0948,-0.1704
0.9361,-6.4909,-0.6847,-1.9561,2.1962,-0.2003
1.0486,-6.1079,-1.0582,-1.9017,2.0941,-0.2926
1.1085,-6.7184,-2.1619,-1.7307,1.5022,-0.5057
0.158,-8.3536,-0.8307,-1.6647,1.049,-0.6432
-0.0239,-8.617,-0.462,-1.7484,0.6629,-0.747
-0.0239,-8.617,-0.462,-1.8767,0.2945,-0.7916
-1.3742,-10.7406,1.0917,-1.8767,0.2945,-0.7916
-0.8331,-11.8922,1.3335,-1.8046,0.4802,-0.766
-0.723,-11.8946,1.4245,-1.7032,1.0129,-0.6365
0.2298,-11.3248,2.5617,-1.6458,1.3373,-0.5064
1.0821,-11.0686,3.2537,-1.5053,1.5279,-0.4288
0.9696,-11.9497,2.6408,-1.2414,1.4894,-0.4269
-0.6512,-12.7182,1.6783,-0.9305,1.2457,-0.5051
-3.7565,-13.1157,-0.0383,-0.5597,0.7881,-0.6988
-6.3329,-14.0518,-2.1619,-0.4082,0.655,-0.7556
-6.443,-15.4815,-2.0997,-0.3287,0.7869,-0.6976
-4.5992,-15.7041,-0.1484,-0.3477,1.0392,-0.5772
-1.0414,-15.1846,3.5314,-0.4436,0.9476,-0.3726
0.0718,-14.7297,5.1717,-0.5053,0.5841,-0.1887
-2.7557,-15.9531,1.8411,-0.3355,0.4491,-0.1172
-3.1603,-15.4312,1.1133,-0.071,0.3575,-0.1069
-3.2225,-12.7661,1.0414,0.2081,0.0789,-0.0012
-4.1036,-12.34,2.8275,0.4335,-0.133,0.1197
-4.8243,-14.4205,3.2656,0.6913,-0.1708,0.182
-4.8267,-14.4181,3.1555,1.0884,-0.2887,0.2669
-3.6343,-13.4389,1.9345,1.8098,-0.6302,0.4196
-1.4628,-12.4094,0.96,2.3064,-0.7157,0.5681
4.2856,-12.6273,-0.1316,2.734,-0.6168,0.7269
4.6255,-12.6105,-0.2466,3.0896,-0.5337,0.8717
7.135,-13.2258,-1.8531,3.3815,-0.4329,0.9798
7.9921,-14.6962,-3.6032,3.621,-0.1653,1.0005
7.6162,-16.9395,-5.4255,3.6216,-0.0297,0.9413
7.3385,-17.3681,-4.9922,3.5117,0.217,0.8277
7.4366,-16.5134,-3.9145,3.329,0.6427,0.7434
7.5755,-15.3258,-2.952,3.2068,1.0435,0.7922
7.056,-14.2457,0.3591,3.0853,1.1595,0.9535
5.72,-14.0183,0.9289,2.7652,0.8107,0.9114
1.1396,-14.3008,-0.6272,2.618,0.509,0.6511
-1.2904,-15.266,1.3024,2.497,0.0392,0.4954
-2.2266,-15.0385,2.3535,2.1946,-1.3614,0.6108
-2.2218,-14.835,1.7334,2.1788,-2.5196,0.7965
-4.2425,-13.2833,0.2968,2.6656,-2.4714,0.8515
-3.881,-11.8396,-0.3567,2.8947,-2.0737,0.8839
-1.7022,-9.9889,-2.3319,3.0517,-1.4982,1.0415
-1.7022,-9.9889,-2.3319,3.2441,-1.4237,1.0433
-1.0941,-8.8588,-3.6942,3.2441,-1.4237,1.0433
-0.4453,-7.4414,-3.9097,3.2282,-1.8507,0.948
0.8834,-4.2161,-4.2305,3.0468,-2.4952,0.8668
0.9241,-4.1204,-4.197,2.8703,-2.6754,0.8271
1.2378,-3.4835,-3.8546,2.6882,-2.5544,0.7397
1.4724,-2.7078,-3.6703,2.4756,-2.5935,0.7122
1.7118,-1.9752,-3.201,2.2771,-2.6369,0.7092
2.0231,-1.4867,-2.9472,1.9967,-2.4188,0.7208
2.0231,-1.4867,-2.9472,1.72,-2.4524,0.6536
1.9919,0.0311,-2.6384,1.72,-2.4524,0.6536
1.0869,-0.2968,-2.5881,1.5453,-2.4915,0.5393
0.7805,-0.5674,-2.533,1.2655,-2.4573,0.3933
0.3447,-1.367,-2.4851,0.9301,-2.3748,0.3231
0.1556,-2.1883,-2.2313,0.4182,-2.1305,0.372
0.0622,-3.0669,-1.2186,0.0749,-1.9246,0.4893
0.1005,-3.0957,-1.0103,-0.2652,-1.7377,0.6517
0.4812,-2.8299,0.0071,-0.5963,-1.5465,0.8381
0.9026,-2.7988,1.731,-0.9176,-1.362,1.006
2.8562,-5.5237,9.7327,-1.1931,-1.1574,1.0958
3.4859,-6.2635,11.0303,-1.4918,-0.698,1.1093
6.3114,-9.8189,15.5461,-1.5236,-0.3529,1.0567
7.5755,-13.4557,15.5581,-1.3281,-0.0817,0.8026
